0.20934097234357454	0.18427192909938278	0.17649268195922213	0.02767141656957101	0.11212628751851628	0.1111643384066615	0.17893237410307666	0.18427192909938278	0.1965924285984199	0.18020322376001402	0.028253174106080317	0.11448360495619443	0.11350143204610538	0.18269420743380815	0.17649268195922213	0.18020322376001402	0.22290170241359591	0.02706043452312057	0.109650550563138	0.10870984118924404	0.17498156559167025	0.02767141656957101	0.028253174106080317	0.02706043452312057	0.8553448305486049	0.017191568670345415	0.017044079490244824	0.027434496092033668	0.11212628751851628	0.11448360495619443	0.109650550563138	0.017191568670345415	0.4663180552989014	0.06906366186952549	0.11116627112338207	0.1111643384066615	0.11350143204610538	0.10870984118924404	0.017044079490244824	0.06906366186952549	0.4703040888545698	0.11021255814365209	0.17893237410307666	0.18269420743380815	0.17498156559167025	0.027434496092033668	0.11116627112338207	0.11021255814365209	0.2145785275123819
0.6132187546650184	0.1081518750910701	0.06460323599722374	0.00622926147462754	0.08721921304739146	0.013359080185942675	0.10721857953872536	0.1081518750910701	0.25481563406953084	0.14770287966258014	0.014242008837037166	0.19940996345070722	0.030542968670978724	0.24513467021809382	0.06460323599722374	0.14770287966258014	0.4953986622308577	0.008507294554060187	0.11911516946105624	0.01824447899257894	0.14642827910164197	0.00622926147462754	0.014242008837037166	0.008507294554060187	0.9436576479060245	0.011485485590835962	0.0017591940768726729	0.014119107560541787	0.08721921304739146	0.19940996345070722	0.11911516946105624	0.011485485590835962	0.3604495965836287	0.024631414752362923	0.19768915711401583	0.013359080185942675	0.030542968670978724	0.01824447899257894	0.0017591940768726729	0.024631414752362923	0.8811834649008425	0.03027939842042112	0.10721857953872536	0.24513467021809382	0.14642827910164197	0.014119107560541787	0.19768915711401583	0.03027939842042112	0.25913080804655825
0.6741691096548328	0.01698281662267945	0.07425680218758854	0.006421599236264583	0.04099995040195317	0.004671361520809178	0.18249836037587097	0.01698281662267945	0.9113527920385119	0.01723037630573496	0.0014900530061332578	0.009513533482865216	0.0010839319024315008	0.04234649664164327	0.07425680218758854	0.01723037630573496	0.6705018969119183	0.006515207328900772	0.041597609491862024	0.004739456278187933	0.18515865149580615	0.006421599236264583	0.0014900530061332578	0.006515207328900772	0.9655537930100295	0.0035972889954049366	0.0004098599444053082	0.016012198478861824	0.04099995040195317	0.009513533482865216	0.041597609491862024	0.0035972889954049366	0.7994417887800477	0.0026168306015527496	0.10223299824631346	0.004671361520809178	0.0010839319024315008	0.004739456278187933	0.0004098599444053082	0.0026168306015527496	0.9748305628774261	0.0116479968751872	0.18249836037587097	0.04234649664164327	0.18515865149580615	0.016012198478861824	0.10223299824631346	0.0116479968751872	0.46010329788631393
0.22703225194938204	0.1963845421946274	0.20429862062714316	0.08905208857904351	0.025445136428856277	0.09219195159179848	0.1655954086291519	0.1963845421946274	0.23830445515074655	0.20030458205286872	0.08731112001149977	0.02494768394428955	0.09038959869404053	0.1623580179519302	0.20429862062714316	0.20030458205286872	0.2156810242980628	0.09082966095204384	0.025953047835145328	0.09403219889848691	0.1689008653362521	0.08905208857904351	0.08731112001149977	0.09082966095204384	0.6068840500062048	0.01131272011341447	0.04098786217882938	0.0736224981589654	0.025445136428856277	0.02494768394428955	0.025953047835145328	0.01131272011341447	0.8795934289921047	0.011711592189572812	0.021036390496617104	0.09219195159179848	0.09038959869404053	0.09403219889848691	0.04098786217882938	0.011711592189572812	0.5944684629455941	0.07621833350167916	0.1655954086291519	0.1623580179519302	0.1689008653362521	0.0736224981589654	0.021036390496617104	0.07621833350167916	0.33226848592540653
0.2321277696652928	0.19059873027903254	0.18900974435252044	0.04442583300040579	0.10372093445526681	0.14878282109506755	0.09133416715242508	0.19059873027903254	0.2073558605471417	0.19712051370031503	0.04633223039692248	0.1081717979744268	0.1551673762879765	0.09525349081419668	0.18900974435252044	0.19712051370031503	0.2123206295088284	0.04594596726737883	0.10726998994886838	0.1538737749254992	0.09445938029660128	0.04442583300040579	0.04633223039692248	0.04594596726737883	0.7797131572644012	0.025213296149088654	0.03616729206951651	0.022202223852289284	0.10372093445526681	0.1081717979744268	0.10726998994886838	0.025213296149088654	0.5193487486577909	0.08443972969809135	0.051835503116473336	0.14878282109506755	0.1551673762879765	0.1538737749254992	0.03616729206951651	0.08443972969809135	0.34721340522420113	0.07435560069965656	0.09133416715242508	0.09525349081419668	0.09445938029660128	0.022202223852289284	0.051835503116473336	0.07435560069965656	0.5705596340683632
0.5101228460540084	0.10455993043702497	0.08389714536346789	0.013375696632555976	0.09758306183339176	0.08608308332539676	0.10437823635415541	0.10455993043702497	0.19927292087664206	0.15158013425592196	0.02416637517934152	0.17630699530630659	0.1555295507504738	0.18858409319429126	0.08389714536346789	0.15158013425592196	0.32755517725238253	0.019390696635461592	0.1414657943247033	0.1247943191343866	0.15131673303367782	0.013375696632555976	0.02416637517934152	0.019390696635461592	0.8764930806054417	0.02255384900848759	0.019895920736950012	0.024124381201761965	0.09758306183339176	0.17630699530630659	0.1414657943247033	0.02255384900848759	0.24093799142568056	0.14515168195281133	0.1760006261486209	0.08608308332539676	0.1555295507504738	0.1247943191343866	0.019895920736950012	0.14515168195281133	0.313286157483816	0.15525928661616717	0.10437823635415541	0.18858409319429126	0.15131673303367782	0.024124381201761965	0.1760006261486209	0.15525928661616717	0.20033664345132746
0.9985278779834971	0.0003326397343071429	0.00010578999862107452	0.00010357504810394839	0.0003110389364235607	0.00028487662801662963	0.00033420167103050656	0.0003326397343071429	0.23650882915087612	0.07085194848201368	0.06936850428147308	0.2083156724325006	0.19079368971598729	0.22382871620284955	0.00010578999862107452	0.07085194848201368	0.70886678376222	0.02206138718685676	0.06625099898328421	0.0606784520616742	0.07118463952533247	0.00010357504810394839	0.06936850428147308	0.02206138718685676	0.7145004050370924	0.0648638859634253	0.05940801279024723	0.06969422969280353	0.0003110389364235607	0.2083156724325006	0.06625099898328421	0.0648638859634253	0.2725605466529755	0.1784040215435959	0.209293835487802	0.00028487662801662963	0.19079368971598729	0.0606784520616742	0.05940801279024723	0.1784040215435959	0.31874137037342914	0.19168957688705593	0.00033420167103050656	0.22382871620284955	0.07118463952533247	0.06969422969280353	0.209293835487802	0.19168957688705593	0.2339748005331335
0.9999732173459729	6.090042245183523e-6	6.242761900927733e-7	5.8061707204831816e-6	3.82970123051681e-6	4.3510030956414846e-6	6.081460545150207e-6	6.090042245183523e-6	0.23545859346244313	0.023065294976002418	0.21452210171442093	0.1414969687354287	0.16075764450916588	0.22469330656029743	6.242761900927733e-7	0.023065294976002418	0.9009276982849989	0.02199016607066859	0.014504528046860496	0.01647889551535389	0.023032792829926086	5.8061707204831816e-6	0.21452210171442093	0.02199016607066859	0.26109631687860635	0.1349014545110126	0.15326434383622822	0.21421981081834615	3.82970123051681e-6	0.1414969687354287	0.014504528046860496	0.1349014545110126	0.4667037704294667	0.10109186836571506	0.14129758021028813	4.3510030956414846e-6	0.16075764450916588	0.01647889551535389	0.15326434383622822	0.10109186836571506	0.40787178170519606	0.16053111506524761	6.081460545150207e-6	0.22469330656029743	0.023032792829926086	0.21421981081834615	0.14129758021028813	0.16053111506524761	0.23621931305535293
0.9999868253539816	3.3806874462045543e-6	6.110260385562569e-8	4.226324065935188e-6	8.149808956626547e-7	4.1831240552168567e-7	4.273238601069441e-6	3.3806874462045543e-6	0.4160381850789855	0.003643203165773312	0.2519918341447471	0.04859270786787568	0.024941606149547768	0.25478908290563046	6.110260385562569e-8	0.003643203165773312	0.9858681081256812	0.0045545048046027985	0.0008782654493707668	0.0004507950244823201	0.00460506232748584	4.226324065935188e-6	0.2519918341447471	0.0045545048046027985	0.3330000524912325	0.06074756509109566	0.03118043652075984	0.31852138062350377	8.149808956626547e-7	0.04859270786787568	0.0008782654493707668	0.06074756509109566	0.8223460874750279	0.006012662466577426	0.06142189666915839	4.1831240552168567e-7	0.024941606149547768	0.0004507950244823201	0.03118043652075984	0.006012662466577426	0.9058875249110709	0.03152655661515702	4.273238601069441e-6	0.25478908290563046	0.00460506232748584	0.31852138062350377	0.06142189666915839	0.03152655661515702	0.32913174762047115
0.9982485286530743	0.0004070697319866674	4.500653511170431e-5	0.0004966267741556345	0.00025173986780505835	4.9782924569730345e-5	0.000501245513296827	0.0004070697319866674	0.3811486677308529	0.020703659611249894	0.22845552674587957	0.1158039942573044	0.02290086811139983	0.23058021381132618	4.500653511170431e-5	0.020703659611249894	0.9131638030957451	0.02525855124568214	0.012803547215806454	0.0025319709223135855	0.025493461374091145	0.0004966267741556345	0.22845552674587957	0.02525855124568214	0.2952599590636599	0.1412813569352446	0.02793915479793187	0.28130882443744554	0.00025173986780505835	0.1158039942573044	0.012803547215806454	0.1412813569352446	0.5731017129964701	0.014162343839344197	0.14259530488802477	4.9782924569730345e-5	0.02290086811139983	0.0025319709223135855	0.02793915479793187	0.014162343839344197	0.9042168842705615	0.02819899513387921	0.000501245513296827	0.23058021381132618	0.025493461374091145	0.28130882443744554	0.14259530488802477	0.02819899513387921	0.2913219548419356
0.6150742130853519	0.06349960950187963	0.062049817048629385	0.07375974589370135	0.07221659806145347	0.035275027143366514	0.07812498926561878	0.06349960950187963	0.3149519087059519	0.11998702125785644	0.1426307541178661	0.1396467370722263	0.0682120533635977	0.15107191598062367	0.062049817048629385	0.11998702125785644	0.3278531104832595	0.13937427754196918	0.13645839013408737	0.06665466866528204	0.14762271486891793	0.07375974589370135	0.1426307541178661	0.13937427754196918	0.22730923020173804	0.16221056983078047	0.0792336167490547	0.1754818056648925	0.07221659806145347	0.1396467370722263	0.13645839013408737	0.16221056983078047	0.2400812535566953	0.07757594856641656	0.17181050277834273	0.035275027143366514	0.0682120533635977	0.06665466866528204	0.0792336167490547	0.07757594856641656	0.5891258712049116	0.08392281430737211	0.07812498926561878	0.15107191598062367	0.14762271486891793	0.1754818056648925	0.17181050277834273	0.08392281430737211	0.19196525713423476
0.3868514832958901	0.09977863876925626	0.1421261499666604	0.04510301415499644	0.1005263625641134	0.07526640453499761	0.15034794671408552	0.09977863876925626	0.43125834746192626	0.12983213563648557	0.04120157094777753	0.09183075980407618	0.06875580633648837	0.13734274104398952	0.1421261499666604	0.12983213563648557	0.2449787398134387	0.05868811925694581	0.13080507511882328	0.09793677447391022	0.19563300573373577	0.04510301415499644	0.04120157094777753	0.05868811925694581	0.7203340837696691	0.04151032836683185	0.031079739558326554	0.06208314394545277	0.1005263625641134	0.09183075980407618	0.13080507511882328	0.04151032836683185	0.427684460035496	0.06927105041143783	0.1383719636992212	0.07526640453499761	0.06875580633648837	0.09793677447391022	0.031079739558326554	0.06927105041143783	0.5540879463327772	0.10360227835206205	0.15034794671408552	0.13734274104398952	0.19563300573373577	0.06208314394545277	0.1383719636992212	0.10360227835206205	0.2126189205114528
0.4078628000935401	0.0974888704923705	0.1267694140289677	0.0426772069066382	0.10310128820192536	0.09386585806598258	0.1282345622105738	0.0974888704923705	0.3535692391663464	0.14068387101791371	0.04736153998855239	0.11441788575173191	0.10416875687476922	0.1423098367083137	0.1267694140289677	0.14068387101791371	0.20166939920556548	0.06158646255244264	0.14878301756830345	0.1354555879296391	0.18505224769716516	0.0426772069066382	0.04736153998855239	0.06158646255244264	0.690386974685174	0.05008813579832069	0.0456014267874786	0.06229825328139281	0.10310128820192536	0.11441788575173191	0.14878301756830345	0.05008813579832069	0.32294134834413557	0.11016573450835482	0.15050258982722595	0.09386585806598258	0.10416875687476922	0.1354555879296391	0.0456014267874786	0.11016573450835482	0.3737215085359543	0.13702112729781943	0.1282345622105738	0.1423098367083137	0.18505224769716516	0.06229825328139281	0.15050258982722595	0.13702112729781943	0.1945813829775064
0.8647542884087053	0.011706698053525243	0.028598717033413254	0.006967349827964879	0.028455334898231602	0.018689720218262807	0.040827891559897245	0.011706698053525243	0.7384242709186325	0.057843538726280154	0.014092106618718759	0.057553535154464444	0.037801680193043224	0.08257817033533628	0.028598717033413254	0.057843538726280154	0.4444517083260604	0.03442611808648019	0.14059961729853301	0.09234709482430699	0.20173320570492753	0.006967349827964879	0.014092106618718759	0.03442611808648019	0.8386157221383388	0.034253519773363966	0.022498020260330546	0.049147163294803176	0.028455334898231602	0.057553535154464444	0.14059961729853301	0.034253519773363966	0.446532089304453	0.09188410469722327	0.20072179887373237	0.018689720218262807	0.037801680193043224	0.09234709482430699	0.022498020260330546	0.09188410469722327	0.6049434946881665	0.13183588511866767	0.040827891559897245	0.08257817033533628	0.20173320570492753	0.049147163294803176	0.20072179887373237	0.13183588511866767	0.293155885112638
0.8206557928102356	0.0033470105856289825	0.041686478890088606	0.0035307560484475805	0.05623172259633926	0.018022133734619687	0.05652610533464091	0.0033470105856289825	0.9423053630231958	0.012872711747664935	0.001090291290440376	0.01736425755616976	0.005565203366187551	0.01745516243071282	0.041686478890088606	0.012872711747664935	0.42887741360291987	0.013579402783528692	0.2162690369625177	0.06931371344917044	0.21740124256411225	0.0035307560484475805	0.001090291290440376	0.013579402783528692	0.9391978760793711	0.01831752718574882	0.005870724021721295	0.018413422590742277	0.05623172259633926	0.01736425755616976	0.2162690369625177	0.01831752718574882	0.3050619344840787	0.09349865017557536	0.2932568710395736	0.018022133734619687	0.005565203366187551	0.06931371344917044	0.005870724021721295	0.09349865017557536	0.7137414435639532	0.09398813168877349	0.05652610533464091	0.01745516243071282	0.21740124256411225	0.018413422590742277	0.2932568710395736	0.09398813168877349	0.30295906435144776
0.8485036529821309	6.826769852416707e-5	0.02207302065840998	8.654881371142532e-5	0.06467215526774725	0.0018540076062703624	0.06274234697320523	6.826769852416707e-5	0.9989509802061296	0.00014296002008782417	5.605494752277371e-7	0.00041886123151329614	1.200782478923673e-5	0.00040636246948054896	0.02207302065840998	0.00014296002008782417	0.7069003923001157	0.00018124267280495194	0.13543055963615164	0.0038824945086080686	0.13138933020382043	8.654881371142532e-5	5.605494752277371e-7	0.00018124267280495194	0.9986702177865626	0.0005310262903377225	1.5223348863814134e-5	0.0005151805382443994	0.06467215526774725	0.00041886123151329614	0.13543055963615164	0.0005310262903377225	0.4026119532081171	0.011375393135928148	0.38496005123020094	0.0018540076062703624	1.200782478923673e-5	0.0038824945086080686	1.5223348863814134e-5	0.011375393135928148	0.971824920619648	0.011035952955892298	0.06274234697320523	0.00040636246948054896	0.13138933020382043	0.0005151805382443994	0.38496005123020094	0.011035952955892298	0.40895077562915255
0.6392419521163063	0.0004353520913466593	0.08127800492848732	0.0004751241760238696	0.13374446312253568	0.011111702429566194	0.133713401135736	0.0004353520913466593	0.9967806577712275	0.0006279847668573381	3.6709900196388547e-6	0.001033360569890511	8.585323748729855e-5	0.0010331205731711564	0.08127800492848732	0.0006279847668573381	0.5155788539105096	0.0006853550283534757	0.19292312397687977	0.01602835956991617	0.19287831781899914	0.0004751241760238696	3.6709900196388547e-6	0.0006853550283534757	0.9964868864735952	0.0011277643982048435	9.369645749020546e-5	0.0011275024763126593	0.13374446312253568	0.001033360569890511	0.19292312397687977	0.0011277643982048435	0.3274114794249347	0.026374962664247707	0.3173848458433113	0.011111702429566194	8.585323748729855e-5	0.01602835956991617	9.369645749020546e-5	0.026374962664247707	0.9199365885296324	0.026368837111660395	0.133713401135736	0.0010331205731711564	0.19287831781899914	0.0011275024763126593	0.3173848458433113	0.026368837111660395	0.32749397504081385
0.5254721218820296	0.03376857872858877	0.10473057714774027	0.028353492276208217	0.11076878724248077	0.0867334346447657	0.11017300807818943	0.03376857872858877	0.7169856535658341	0.059224282141296034	0.016033667263080153	0.0626388404108916	0.049047045708905425	0.06230193218140556	0.10473057714774027	0.059224282141296034	0.24670852652975242	0.04972715137802278	0.19426941124246813	0.15211553455569238	0.19322451700503246	0.028353492276208217	0.016033667263080153	0.04972715137802278	0.7597983366356944	0.05259415541457928	0.04118192367098178	0.05231127336143454	0.11076878724248077	0.0626388404108916	0.19426941124246813	0.05259415541457928	0.21447827676645065	0.1608857101943248	0.20436481872880952	0.0867334346447657	0.049047045708905425	0.15211553455569238	0.04118192367098178	0.1608857101943248	0.35001597824695363	0.16002037297837998	0.11017300807818943	0.06230193218140556	0.19322451700503246	0.05231127336143454	0.20436481872880952	0.16002037297837998	0.21760407766675327
0.4289046032847049	0.09694219762149363	0.0955778601780205	0.1002299694107639	0.08884548405045248	0.08924551306460757	0.10025437238995516	0.09694219762149363	0.19144062013861285	0.1434448774665889	0.15042684209322033	0.13334081291775665	0.1339411832630613	0.15046346649926365	0.0955778601780205	0.1434448774665889	0.2008012560853786	0.14830977668510445	0.1314642115174341	0.13205613241799594	0.14834588564947493	0.1002299694107639	0.15042684209322033	0.14830977668510445	0.16912021019986306	0.13786303516797896	0.13848376693207579	0.15556639951099074	0.08884548405045248	0.13334081291775665	0.1314642115174341	0.13786303516797896	0.24783557990357813	0.12275427577741038	0.13789660066538684	0.08924551306460757	0.1339411832630613	0.13205613241799594	0.13848376693207579	0.12275427577741038	0.24500164498587118	0.13851748355897528	0.10025437238995516	0.15046346649926365	0.14834588564947493	0.15556639951099074	0.13789660066538684	0.13851748355897528	0.1689557917259505
0.1788829477344579	0.1364595441762496	0.1374882717436955	0.1459240341187043	0.11258995741321362	0.14391156256728838	0.14474368224638753	0.1364595441762496	0.20905319130739297	0.13142968829442406	0.1394937188143515	0.10762854765886379	0.13756992920415792	0.13836538054455688	0.1374882717436955	0.13142968829442406	0.20408128958331967	0.14054532011418086	0.10843992699249128	0.13860702763122806	0.13940847564065717	0.1459240341187043	0.1394937188143515	0.14054532011418086	0.16387004743604688	0.1150933923715403	0.1471114326526472	0.14796205449252545	0.11258995741321362	0.10762854765886379	0.10843992699249128	0.1150933923715403	0.328579638628991	0.11350611321425455	0.11416242372064264	0.14391156256728838	0.13756992920415792	0.13860702763122806	0.1471114326526472	0.11350611321425455	0.17337245859192432	0.14592147613849615	0.14474368224638753	0.13836538054455688	0.13940847564065717	0.14796205449252545	0.11416242372064264	0.14592147613849615	0.16943650721673092
0.22113109277776344	0.21082322962670752	0.20114271636911726	0.03865896950629811	0.05596941767287636	0.09359187304934928	0.17868270099789016	0.21082322962670752	0.22807724971538523	0.19868310980952952	0.038186241203225474	0.055285014333150695	0.09244741607356774	0.17649773923843592	0.20114271636911726	0.19868310980952952	0.25439908317378085	0.03643281766028903	0.052746454824572075	0.0882024453532408	0.16839337280947222	0.03865896950629811	0.038186241203225474	0.03643281766028903	0.827267402683835	0.010137695390801348	0.01695222032815001	0.032364653227401605	0.05596941767287636	0.055285014333150695	0.052746454824572075	0.010137695390801348	0.7544617728940818	0.024542969255149927	0.046856675629368176	0.09359187304934928	0.09244741607356774	0.0882024453532408	0.01695222032815001	0.024542969255149927	0.6059094996598379	0.07835357628070515	0.17868270099789016	0.17649773923843592	0.16839337280947222	0.032364653227401605	0.046856675629368176	0.07835357628070515	0.3188512818167284
0.17999317065760811	0.16595968067462463	0.16664749379546986	0.07543163603308244	0.13375395019138156	0.111353125295666	0.16686094335216606	0.16595968067462463	0.19943352466614345	0.16169420215492364	0.07318956875870769	0.12977835891014614	0.10804335752110429	0.1619013073143488	0.16664749379546986	0.16169420215492364	0.19678574461348003	0.07349289993828459	0.1303162200201296	0.10849113880521559	0.16257230067249537	0.07543163603308244	0.07318956875870769	0.07349289993828459	0.5962046488451631	0.058986579719164836	0.049107633777041027	0.07358703292855567	0.13375395019138156	0.12977835891014614	0.1303162200201296	0.058986579719164836	0.3296050289802478	0.08707672732101741	0.13048313485791144	0.111353125295666	0.10804335752110429	0.10849113880521559	0.049107633777041027	0.08707672732101741	0.4272979181762311	0.10863009910372366	0.16686094335216606	0.1619013073143488	0.16257230067249537	0.07358703292855567	0.13048313485791144	0.10863009910372366	0.1959651817707978
0.9304920405192432	0.014255148522709673	0.01084661987767805	0.009366002993668434	0.01226011525738226	0.008643248273679374	0.01413682455563882	0.014255148522709673	0.20843931368401666	0.1525920138915543	0.13176245457438662	0.1724772969611077	0.12159462353425557	0.19887914883196703	0.01084661987767805	0.1525920138915543	0.36122222013825966	0.10025691816829486	0.13123649148138955	0.09252030300100557	0.15132543344181607	0.009366002993668434	0.13176245457438662	0.10025691816829486	0.4347329625821456	0.11332206585600052	0.07989082724894304	0.13066876857655943	0.01226011525738226	0.1724772969611077	0.13123649148138955	0.11332206585600052	0.2950811297132928	0.10457724076554263	0.1710456599652824	0.008643248273679374	0.12159462353425557	0.09252030300100557	0.07989082724894304	0.10457724076554263	0.4721884221957217	0.12058533498085051	0.01413682455563882	0.19887914883196703	0.15132543344181607	0.13066876857655943	0.1710456599652824	0.12058533498085051	0.2133588296478834
0.9995224047041592	0.00010804239577711173	1.699732419548741e-5	8.900246824059753e-5	0.000100275132994553	5.496550555611551e-5	0.00010831246907699826	0.00010804239577711173	0.23565123662846776	0.03515071129350372	0.18405838645856135	0.20737041955962687	0.11366945730301681	0.22399174636104768	1.699732419548741e-5	0.03515071129350372	0.850131213410781	0.028956226331638184	0.03262369576736025	0.017882578436064188	0.03523857743645726	8.900246824059753e-5	0.18405838645856135	0.028956226331638184	0.3379137479981026	0.1708262673013123	0.09363789270656765	0.1845184767355781	0.000100275132994553	0.20737041955962687	0.03262369576736025	0.1708262673013123	0.27569289925048346	0.10549766012216966	0.20788878286605383	5.496550555611551e-5	0.11366945730301681	0.017882578436064188	0.09363789270656765	0.10549766012216966	0.5553038493724446	0.11395359655418137	0.00010831246907699826	0.22399174636104768	0.03523857743645726	0.1845184767355781	0.20788878286605383	0.11395359655418137	0.23430050757760573
0.9946708162083544	0.00026090765500967947	7.411831193209383e-5	0.0009907344503508081	0.0017752326800059496	0.00012259242831442346	0.002105598266032555	0.00026090765500967947	0.8827507714771822	0.0017108335506453968	0.022868596076409668	0.04097675122362335	0.0028297357825359396	0.048602404234592805	7.411831193209383e-5	0.0017108335506453968	0.9654671674230584	0.006496481436612146	0.01164062292094744	0.000803867711001524	0.013806908645802758	0.0009907344503508081	0.022868596076409668	0.006496481436612146	0.6187435137442671	0.15559941734631036	0.010745245190466908	0.1845560117555795	0.0017752326800059496	0.04097675122362335	0.01164062292094744	0.15559941734631036	0.4400603449032855	0.019253706591144837	0.330693924334676	0.00012259242831442346	0.0028297357825359396	0.000803867711001524	0.010745245190466908	0.019253706591144837	0.9434080874771331	0.02283676481940287	0.002105598266032555	0.048602404234592805	0.013806908645802758	0.1845560117555795	0.330693924334676	0.02283676481940287	0.3973983879439058
0.4588648331720141	0.019495025968086888	0.03188013660168804	0.07283494114847815	0.2013584180166291	0.008095894919504396	0.20747075017360014	0.019495025968086888	0.909251914630359	0.00435464430184606	0.009948836336878163	0.027504408108415142	0.0011058529365805027	0.02833931771783429	0.03188013660168804	0.00435464430184606	0.8543665132262415	0.01626929156015064	0.0449778466097062	0.0018083968052812994	0.046343170895086286	0.07283494114847815	0.009948836336878163	0.01626929156015064	0.6881788523475998	0.10275861900258504	0.004131553027247226	0.10587790657706116	0.2013584180166291	0.027504408108415142	0.0449778466097062	0.10275861900258504	0.31927015768487255	0.011422031354736654	0.29270851922305624	0.008095894919504396	0.0011058529365805027	0.0018083968052812994	0.004131553027247226	0.011422031354736654	0.9616675183163811	0.011768752640269017	0.20747075017360014	0.02833931771783429	0.046343170895086286	0.10587790657706116	0.29270851922305624	0.011768752640269017	0.30749158277309374
0.9991555431436343	1.8325345623259882e-5	2.4281397477704444e-5	6.466856866013379e-5	0.00030498808498144166	8.917738412524625e-5	0.00034301607549787626	1.8325345623259882e-5	0.9480075251844831	0.001527607851091429	0.004068473130295503	0.019187618568280055	0.005610388457032141	0.021580061463194845	2.4281397477704444e-5	0.001527607851091429	0.9316055772678089	0.005390796726839149	0.02542392392946918	0.007433860999413381	0.028593951827900813	6.466856866013379e-5	0.004068473130295503	0.005390796726839149	0.8268118465557133	0.0677114557245958	0.019798578351673354	0.07615418094222387	0.00030498808498144166	0.019187618568280055	0.02542392392946918	0.0677114557245958	0.43484230858152156	0.09337349846981122	0.3591562066413456	8.917738412524625e-5	0.005610388457032141	0.007433860999413381	0.019798578351673354	0.09337349846981122	0.768678554477232	0.10501594186071404	0.00034301607549787626	0.021580061463194845	0.028593951827900813	0.07615418094222387	0.3591562066413456	0.10501594186071404	0.4091566411891284
0.9999999999941336	1.9689355766461425e-12	2.886995909058017e-14	1.8885326733848125e-13	9.235706294998937e-17	1.6863144423765896e-12	1.993319071503291e-12	1.9689355766461425e-12	0.3483354342187136	0.004827139209468046	0.03157680302717096	1.544236340752788e-5	0.2819565673352222	0.33328861384405273	2.886995909058017e-14	0.004827139209468046	0.9856884620804464	0.0004630019500986297	2.2642711377921595e-7	0.004134251349225946	0.0048869189836185534	1.8885326733848125e-13	0.03157680302717096	0.0004630019500986297	0.9089465937656283	1.4811763368649664e-6	0.027044266770526754	0.03196785331005007	9.235706294998937e-17	1.544236340752788e-5	2.2642711377921595e-7	1.4811763368649664e-6	0.9999539906643529	1.3225765610319951e-5	1.5633603178496453e-5	1.6863144423765896e-12	0.2819565673352222	0.004134251349225946	0.027044266770526754	1.3225765610319951e-5	0.40140334314813364	0.2854483456295982	1.993319071503291e-12	0.33328861384405273	0.0048869189836185534	0.03196785331005007	1.5633603178496453e-5	0.2854483456295982	0.34439263462751274
0.9999999999999998	1.0042458270352477e-17	6.968504613268503e-20	4.8026780080004146e-20	2.6589030327348743e-27	7.015830746202184e-17	1.213981777326943e-16	1.0042458270352477e-17	0.9217909563724463	2.8433669726074373e-5	1.9596422454847685e-5	1.0849152703793712e-12	0.028626775091992678	0.049534238442294404	6.968504613268503e-20	2.8433669726074373e-5	0.9994290677442778	1.3598041097498292e-7	7.528273320252233e-15	0.00019864241296424045	0.0003437201926135116	4.8026780080004146e-20	1.9596422454847685e-5	1.3598041097498292e-7	0.9996064724857343	5.1884693660887375e-15	0.0001369039128399204	0.00023689119855462067	2.6589030327348743e-27	1.0849152703793712e-12	7.528273320252233e-15	5.1884693660887375e-15	0.9999999999782079	7.579401084914534e-12	1.3114989703990701e-11	7.015830746202184e-17	0.028626775091992678	0.00019864241296424045	0.0001369039128399204	7.579401084914534e-12	0.624983133265602	0.34605454530901597	1.213981777326943e-16	0.049534238442294404	0.0003437201926135116	0.00023689119855462067	1.3114989703990701e-11	0.34605454530901597	0.6038306048443967
0.999999846181522	2.9222722835258085e-8	1.942352285828034e-8	2.43005614983939e-10	2.6439217610147412e-14	3.423072501229581e-8	7.069847520081223e-8	2.9222722835258085e-8	0.6668756901627205	0.05193152104293628	0.0006497096999430401	7.068896799505209e-8	0.09152065921621334	0.18902231996649982	1.942352285828034e-8	0.05193152104293628	0.7611675323368278	0.0004318437840044157	4.6984971024792443e-8	0.06083121091461789	0.12563782551312228	2.43005614983939e-10	0.0006497096999430401	0.0004318437840044157	0.9965855515339817	5.878239422471635e-10	0.0007610527671205971	0.0015718413841207862	2.6439217610147412e-14	7.068896799505209e-8	4.6984971024792443e-8	5.878239422471635e-10	0.9999996279173425	8.280318841207108e-8	1.7101767959621628e-7	3.423072501229581e-8	0.09152065921621334	0.06083121091461789	0.0007610527671205971	8.280318841207108e-8	0.6254712113565666	0.2214157487115729	7.069847520081223e-8	0.18902231996649982	0.12563782551312228	0.0015718413841207862	1.7101767959621628e-7	0.2214157487115729	0.4623520227085389
0.3681034741778626	0.09467186315980461	0.28731922190554166	0.00520674722836199	0.02521111832035267	0.010886237681662646	0.20860133752640633	0.09467186315980461	0.7652030263443772	0.07494190143387364	0.0013580836499246865	0.006575853615609259	0.002839473620714089	0.05440979817569466	0.28731922190554166	0.07494190143387364	0.43991464162497596	0.004121642107331737	0.01995702927080214	0.008617506026555808	0.16512805763091323	0.00520674722836199	0.0013580836499246865	0.004121642107331737	0.9858032834874539	0.0003616576926282006	0.00015616489325560434	0.002992420941043811	0.02521111832035267	0.006575853615609259	0.01995702927080214	0.0003616576926282006	0.9326488593192148	0.0007561518600146968	0.014489329921377858	0.010886237681662646	0.002839473620714089	0.008617506026555808	0.00015616489325560434	0.0007561518600146968	0.9704879291244725	0.0062565367933245745	0.20860133752640633	0.05440979817569466	0.16512805763091323	0.002992420941043811	0.014489329921377858	0.0062565367933245745	0.5481225190112352
0.32432340854872665	0.172117909055637	0.3140101379929389	0.0390339454518721	0.11037219102763746	0.002671611373680965	0.03747079654951429	0.172117909055637	0.5546559193136574	0.17037892673972843	0.021179449093636026	0.05988690546552997	0.0014495910272924056	0.020331299304522855	0.3140101379929389	0.17037892673972843	0.3279774824929907	0.03863956847370998	0.10925705263548385	0.002644618918570964	0.03709221274658446	0.0390339454518721	0.021179449093636026	0.03863956847370998	0.8826259179187464	0.01358151638053704	0.0003287470629716081	0.004610855618527739	0.11037219102763746	0.05988690546552997	0.10925705263548385	0.01358151638053704	0.6929351383887629	0.0009295635686844679	0.013037632533366966	0.002671611373680965	0.0014495910272924056	0.002644618918570964	0.0003287470629716081	0.0009295635686844679	0.9916602859530045	0.0003155820957952557	0.03747079654951429	0.020331299304522855	0.03709221274658446	0.004610855618527739	0.013037632533366966	0.0003155820957952557	0.8871416211516893
0.19476040338237613	0.17142902619560207	0.18162293569074067	0.15091090143250468	0.08526503230760951	0.05184080383752831	0.16417089715363897	0.17142902619560207	0.22799553049160307	0.17209917317347387	0.14299758596359774	0.08079398950876682	0.04912242742446604	0.1555622672424906	0.18162293569074067	0.17209917317347387	0.19232257339555817	0.15150083936056308	0.0855983486950799	0.05204345888838605	0.16481267079619866	0.15091090143250468	0.14299758596359774	0.15150083936056308	0.30328057410314047	0.07112385841347751	0.04324302580311304	0.13694321492360387	0.08526503230760951	0.08079398950876682	0.0855983486950799	0.07112385841347751	0.5754130997079677	0.024432416460187255	0.07737325490691159	0.05184080383752831	0.04912242742446604	0.05204345888838605	0.04324302580311304	0.024432416460187255	0.7322752333276524	0.047042634258666755	0.16417089715363897	0.1555622672424906	0.16481267079619866	0.13694321492360387	0.07737325490691159	0.047042634258666755	0.25409506071849
0.17817370755559123	0.14652276795622288	0.16325257083908506	0.13161658193693088	0.12010527307480495	0.09264706781968196	0.16768203081768954	0.14652276795622288	0.2698613850173947	0.1410873539890046	0.11374666378064047	0.10379827460698163	0.080068139731796	0.14491541491796536	0.16325257083908506	0.1410873539890046	0.20260418245575154	0.12673412839229634	0.11564984346537792	0.08921022879819027	0.1614616920603006	0.13161658193693088	0.11374666378064047	0.12673412839229634	0.3325687254094081	0.09323857517354275	0.0719225757234952	0.13017274958369138	0.12010527307480495	0.10379827460698163	0.11564984346537792	0.09323857517354275	0.38278815378306674	0.06563216025206531	0.11878771964416533	0.09264706781968196	0.080068139731796	0.08921022879819027	0.0719225757234952	0.06563216025206531	0.5088890970975761	0.09163073057719888	0.16768203081768954	0.14491541491796536	0.1614616920603006	0.13017274958369138	0.11878771964416533	0.09163073057719888	0.18534966239899536
0.20095551283465912	0.11674679977742561	0.18617576546285639	0.06422232233409178	0.15462990525760095	0.08843952364181977	0.18883017069155214	0.11674679977742561	0.4621902177265017	0.11489372530983036	0.03963320275691116	0.0954259853057855	0.05457824390072252	0.11653182522282679	0.18617576546285639	0.11489372530983036	0.21068332877770674	0.06320294753329325	0.15217552766518885	0.08703575905470144	0.1858329461964287	0.06422232233409178	0.03963320275691116	0.06320294753329325	0.686320254382768	0.052493759135498586	0.03002344885601431	0.06410406500142489	0.15462990525760095	0.0954259853057855	0.15217552766518885	0.052493759135498586	0.3186413403679904	0.07228830854108623	0.1543451737268542	0.08843952364181977	0.05457824390072252	0.08703575905470144	0.03002344885601431	0.07228830854108623	0.5793580426281719	0.08827667337748636	0.18883017069155214	0.11653182522282679	0.1858329461964287	0.06410406500142489	0.1543451737268542	0.08827667337748636	0.20207914578343286
0.2170411816881262	0.08849276774944201	0.20496945899350566	0.033330520487539365	0.16508572335006325	0.08680605015769408	0.20427429757362583	0.08849276774944201	0.614092841691052	0.08778091698002281	0.014274241958702463	0.07070017283130003	0.03717585400124256	0.08748320478823662	0.20496945899350566	0.08778091698002281	0.22169062571175352	0.03306240415150864	0.1637577459099225	0.08610776762945452	0.20263108062382856	0.033330520487539365	0.014274241958702463	0.03306240415150864	0.8457513980198375	0.026628996006750817	0.014002167577564551	0.03295027179809626	0.16508572335006325	0.07070017283130003	0.1637577459099225	0.026628996006750817	0.3412724151444163	0.06935259123466807	0.16320235552287626	0.08680605015769408	0.03717585400124256	0.08610776762945452	0.014002167577564551	0.06935259123466807	0.6207398394144646	0.08581572998491024	0.20427429757362583	0.08748320478823662	0.20263108062382856	0.03295027179809626	0.16320235552287626	0.08581572998491024	0.2236430597084225
0.2323470928678149	0.06872230122415253	0.21979883937789152	0.0358349783808926	0.15885337347418405	0.071564237661318	0.2128791770137461	0.06872230122415253	0.7185451418212717	0.06689987349425014	0.01090704358192367	0.04834998501191688	0.021781909585170407	0.06479374528131465	0.21979883937789152	0.06689987349425014	0.24687548361187145	0.03488468048430762	0.15464078472713919	0.06966644540378118	0.20723389290075864	0.0358349783808926	0.01090704358192367	0.03488468048430762	0.8480168440880822	0.025211912825317193	0.011358092572208744	0.033786448067267924	0.15885337347418405	0.04834998501191688	0.15464078472713919	0.025211912825317193	0.41282208262533876	0.05034944634679837	0.14977241498930544	0.071564237661318	0.021781909585170407	0.06966644540378118	0.011358092572208744	0.05034944634679837	0.7078066478941378	0.06747322053658548	0.2128791770137461	0.06479374528131465	0.20723389290075864	0.033786448067267924	0.14977241498930544	0.06747322053658548	0.2640611012110216
0.2971572439033157	0.07565792432135993	0.23587954085972707	0.03237969730924475	0.09673838824406204	0.05666001722668744	0.2055271881356112	0.07565792432135993	0.7618140131615885	0.061125593000751294	0.00839084302096986	0.02506869110310698	0.014682821323930145	0.053260114068295394	0.23587954085972707	0.061125593000751294	0.38685127422770155	0.026160223360154167	0.07815693333376017	0.04577679315788821	0.16604964206002412	0.03237969730924475	0.00839084302096986	0.026160223360154167	0.89326258896669	0.010728772129800486	0.006283879902588857	0.02279399531055301	0.09673838824406204	0.02506869110310698	0.07815693333376017	0.010728772129800486	0.7024334326824125	0.018773875737317033	0.06809990676954354	0.05666001722668744	0.014682821323930145	0.04577679315788821	0.006283879902588857	0.018773875737317033	0.8179362556351446	0.039886357016445204	0.2055271881356112	0.053260114068295394	0.16604964206002412	0.02279399531055301	0.06809990676954354	0.039886357016445204	0.4443827966395334
0.23695260485325192	0.15698048719863997	0.21117729303091512	0.062386886189370466	0.048626894071804594	0.15399837194512797	0.12987746271088993	0.15698048719863997	0.4320926070015447	0.1431829233082049	0.04229970283491909	0.032970120720224046	0.10441433718245309	0.08805982175401411	0.21117729303091512	0.1431829233082049	0.2854583977007984	0.056903484631099614	0.044352906331531126	0.1404629165910673	0.11846207840638368	0.062386886189370466	0.04229970283491909	0.056903484631099614	0.7488142901736685	0.013102922571642032	0.0414961469835258	0.03499656661577443	0.048626894071804594	0.032970120720224046	0.044352906331531126	0.013102922571642032	0.8013256026634208	0.03234379638103724	0.02727775726034017	0.15399837194512797	0.10441433718245309	0.1404629165910673	0.0414961469835258	0.03234379638103724	0.44089745744067466	0.08638697347611385	0.12987746271088993	0.08805982175401411	0.11846207840638368	0.03499656661577443	0.02727775726034017	0.08638697347611385	0.5149393397764838
0.22361946705597435	0.15809238498385614	0.1694175342483861	0.11110740624395048	0.0632782218333899	0.10197175821822808	0.1725132274162179	0.15809238498385614	0.24352738160524515	0.16396255374117064	0.10752992096205857	0.061240761731259495	0.09868842656171024	0.16695857041470238	0.1694175342483861	0.16396255374117064	0.2010821688037342	0.11523296374569918	0.06562782166302569	0.10575809763794271	0.17891886016004419	0.11110740624395048	0.10752992096205857	0.11523296374569918	0.4363928307880498	0.04304003758978561	0.06935827492695444	0.11733856574350404	0.0632782218333899	0.061240761731259495	0.06562782166302569	0.04304003758978561	0.6604850149019125	0.039501131879298365	0.06682701040132978	0.10197175821822808	0.09868842656171024	0.10575809763794271	0.06935827492695444	0.039501131879298365	0.47703174126154513	0.1076905695143228	0.1725132274162179	0.16695857041470238	0.17891886016004419	0.11733856574350404	0.06682701040132978	0.1076905695143228	0.1897531963498819
