0.23038169125353186	0.1378123780881159	0.14113835030957678	0.10083138747380618	0.12975427195989908	0.11069344160003654	0.1493884793150372	0.1378123780881159	0.22295222169431012	0.14279801038299705	0.10201707391247279	0.13128006550966925	0.11199509692624728	0.1511451534861913	0.14113835030957678	0.14279801038299705	0.20764519964850997	0.10447916011006136	0.13444838650647806	0.11469799333137536	0.154792899711005	0.10083138747380618	0.10201707391247279	0.10447916011006136	0.4040920038376467	0.0960519754221817	0.08194199367285081	0.1105864055709832	0.12975427195989908	0.13128006550966925	0.13444838650647806	0.0960519754221817	0.2607112737916404	0.10544656776368831	0.14230745904644654	0.11069344160003654	0.11199509692624728	0.11469799333137536	0.08194199367285081	0.10544656776368831	0.3538223342180503	0.12140257248775421	0.1493884793150372	0.1511451534861913	0.154792899711005	0.1105864055709832	0.14230745904644654	0.12140257248775421	0.17037703038258648
0.6448438322324407	0.05130499352063379	0.0641361917055799	0.036880970526205814	0.07125871044121006	0.05252072951453742	0.07905457205939052	0.05130499352063379	0.4404092609438275	0.10728776052182983	0.061694912473014556	0.11920239193506438	0.08785728152451647	0.1322433990811108	0.0641361917055799	0.10728776052182983	0.3272898790091723	0.07712459279498517	0.14901449033096995	0.10983007820323142	0.16531700743422786	0.036880970526205814	0.061694912473014556	0.07712459279498517	0.5803890242894144	0.0856895128900512	0.06315685059223511	0.09506413643409169	0.07125871044121006	0.11920239193506438	0.14901449033096995	0.0856895128900512	0.26913188986218045	0.12202704171065751	0.1836759628298623	0.05252072951453742	0.08785728152451647	0.10983007820323142	0.06315685059223511	0.12202704171065751	0.4292309466220608	0.13537707183275843	0.07905457205939052	0.1322433990811108	0.16531700743422786	0.09506413643409169	0.1836759628298623	0.13537707183275843	0.20926785032855397
0.7387783448206955	0.03680915307100288	0.058109218492383534	0.02080013654965739	0.05337539701914101	0.026197758686011756	0.06592999136110894	0.03680915307100288	0.5177568947049744	0.1153403603210133	0.041285966437119	0.10594424919467439	0.051999648331935586	0.13086372793928244	0.058109218492383534	0.1153403603210133	0.30544414585808355	0.06517659452082572	0.1672501812956581	0.08208987912921914	0.20658962038282003	0.02080013654965739	0.041285966437119	0.06517659452082572	0.7095377299652826	0.05986703485541831	0.029383990002488685	0.07394854766920961	0.05337539701914101	0.10594424919467439	0.1672501812956581	0.05986703485541831	0.34840068497260274	0.07540249212523258	0.18975996053727595	0.026197758686011756	0.051999648331935586	0.08208987912921914	0.029383990002488685	0.07540249212523258	0.6417880832137329	0.09313814851138083	0.06592999136110894	0.13086372793928244	0.20658962038282003	0.07394854766920961	0.18975996053727595	0.09313814851138083	0.2397700035989261
0.3806876168108062	0.0745549677025552	0.12577257508931414	0.04559676285934631	0.1266050577658341	0.11034551639963605	0.13643750337250662	0.0745549677025552	0.5132139839073645	0.09517513486525403	0.03450416795136445	0.09580509454409908	0.08350110823169227	0.1032455427976694	0.12577257508931414	0.09517513486525403	0.24418600386574385	0.058207765200447646	0.1616210672313599	0.14086451552109686	0.17417293822678195	0.04559676285934631	0.03450416795136445	0.058207765200447646	0.6888866561509227	0.058593039622426416	0.051068095766911493	0.06314351244858064	0.1266050577658341	0.09580509454409908	0.1616210672313599	0.058593039622426416	0.24025306920593364	0.14179689103161194	0.17532578059873322	0.11034551639963605	0.08350110823169227	0.14086451552109686	0.051068095766911493	0.14179689103161194	0.3196147030226897	0.15280917002636024	0.13643750337250662	0.1032455427976694	0.17417293822678195	0.06314351244858064	0.17532578059873322	0.15280917002636024	0.19486555252936624
0.5190955084348478	0.01953024178606412	0.11725245118651699	0.00958760411060416	0.13230860195073585	0.047648831793261404	0.1545767607379674	0.01953024178606412	0.8786320089674139	0.02588078057713442	0.002116242993097543	0.029204079410735367	0.010517383201111202	0.03411926306444305	0.11725245118651699	0.02588078057713442	0.40084882136493855	0.012705151373191685	0.17533064531734574	0.06314253422495421	0.2048396159559151	0.00958760411060416	0.002116242993097543	0.012705151373191685	0.9393418012940978	0.014336594235334543	0.005163095650138093	0.01674951034353594	0.13230860195073585	0.029204079410735367	0.17533064531734574	0.014336594235334543	0.3464268815075572	0.07125053968927907	0.23114265788900862	0.047648831793261404	0.010517383201111202	0.06314253422495421	0.005163095650138093	0.07125053968927907	0.7190352754602035	0.08324233998105128	0.1545767607379674	0.03411926306444305	0.2048396159559151	0.01674951034353594	0.23114265788900862	0.08324233998105128	0.2753298520280745
0.7002821665076313	0.0017831516556074225	0.05447878393011885	0.0011464340054584447	0.1114420124459377	0.012971289118121395	0.1178961623371244	0.0017831516556074225	0.9850368596528863	0.0024100240754092238	5.071577143804748e-5	0.004929954628783108	0.0005738218955816925	0.005215472320294213	0.05447878393011885	0.0024100240754092238	0.6140676283635875	0.0015494663874125168	0.15061979286067756	0.017531385491223003	0.15934291889157096	0.0011464340054584447	5.071577143804748e-5	0.0015494663874125168	0.9903617033945781	0.0031695944728150085	0.0003689248371571535	0.0033531611311410055	0.1114420124459377	0.004929954628783108	0.15061979286067756	0.0031695944728150085	0.36802388012862974	0.03586227039526988	0.32595249506788604	0.012971289118121395	0.0005738218955816925	0.017531385491223003	0.0003689248371571535	0.03586227039526988	0.89475307906621	0.03793922919643676	0.1178961623371244	0.005215472320294213	0.15934291889157096	0.0033531611311410055	0.32595249506788604	0.03793922919643676	0.3503005610555456
0.7149548498364526	0.0014215945253978621	0.05413622750988931	0.0007943316890989037	0.10674556322392395	0.013854454180529274	0.10809297903470666	0.0014215945253978621	0.9869957994566217	0.0022108128259515363	3.243888181899646e-5	0.004359270513368548	0.0005657875771501949	0.004414296219691068	0.05413622750988931	0.0022108128259515363	0.5867624966277222	0.0012353161572763644	0.16600687191224503	0.021545950305555433	0.16810232466135758	0.0007943316890989037	3.243888181899646e-5	0.0012353161572763644	0.9927194455921796	0.0024357906901435024	0.000316140076371714	0.002466536913110839	0.10674556322392395	0.004359270513368548	0.16600687191224503	0.0024357906901435024	0.3465049115032757	0.042484205242063665	0.3314633869149746	0.013854454180529274	0.0005657875771501949	0.021545950305555433	0.000316140076371714	0.042484205242063665	0.8782129925599786	0.04302047005835034	0.10809297903470666	0.004414296219691068	0.16810232466135758	0.002466536913110839	0.3314633869149746	0.04302047005835034	0.3424400061978039
0.8097334809310849	0.00478617859794601	0.041577353538294434	0.0024880808738851224	0.05842562573636387	0.013093219386992223	0.06989606093543349	0.00478617859794601	0.9334723013727143	0.01384000589891807	0.0008282165900684185	0.019448351951850216	0.00435838787538266	0.023266557713120355	0.041577353538294434	0.01384000589891807	0.5284639882260672	0.007194686380139079	0.16894710222185835	0.03786115161468634	0.20211571212003662	0.0024880808738851224	0.0008282165900684185	0.007194686380139079	0.9650181008141521	0.010110168588516757	0.002265695124366258	0.012095051628871986	0.05842562573636387	0.019448351951850216	0.16894710222185835	0.010110168588516757	0.40584674883023103	0.053203517923525206	0.28401848474765456	0.013093219386992223	0.00435838787538266	0.03786115161468634	0.002265695124366258	0.053203517923525206	0.8255693074341722	0.0636487206408751	0.06989606093543349	0.023266557713120355	0.20211571212003662	0.012095051628871986	0.28401848474765456	0.0636487206408751	0.3449594122140077
0.8616305898508925	0.017850234881728117	0.016420433754401154	0.01999782213051285	0.03436980734759424	0.011602577323126997	0.0381285347117442	0.017850234881728117	0.5921011211604196	0.05314314427471423	0.06472101544681	0.1112345543294661	0.03755061832493917	0.12339931158192285	0.016420433754401154	0.05314314427471423	0.6205170021035753	0.05953687185090029	0.1023246832699663	0.0345428194489826	0.11351504529746018	0.01999782213051285	0.06472101544681	0.05953687185090029	0.5508129023570965	0.12461734240396602	0.04206838683795575	0.1382456589727587	0.03436980734759424	0.1112345543294661	0.1023246832699663	0.12461734240396602	0.3175519155475236	0.07230199076720804	0.2375997063342756	0.011602577323126997	0.03755061832493917	0.0345428194489826	0.04206838683795575	0.07230199076720804	0.7217245756667544	0.08020903163103309	0.0381285347117442	0.12339931158192285	0.11351504529746018	0.1382456589727587	0.2375997063342756	0.08020903163103309	0.2689027114708054
0.8229338162392825	0.03299142763078765	0.01699491667085097	0.03677694683509049	0.03666257040963201	0.01342147574759444	0.040218846466761736	0.03299142763078765	0.33022149369831455	0.07511477811787426	0.16254814630005218	0.16204262103113662	0.05932074821667876	0.1777607850051547	0.01699491667085097	0.07511477811787426	0.618555328530367	0.0837336362732214	0.08347322438937156	0.030557973546260806	0.09157014247205324	0.03677694683509049	0.16254814630005218	0.0837336362732214	0.272020609205527	0.1806357980434735	0.06612735974319212	0.1981575035994417	0.03666257040963201	0.16204262103113662	0.08347322438937156	0.1806357980434735	0.2737228495768435	0.06592170343718207	0.1975412331123589	0.01342147574759444	0.05932074821667876	0.030557973546260806	0.06612735974319212	0.06592170343718207	0.6923346185422048	0.07231612076688641	0.040218846466761736	0.1777607850051547	0.09157014247205324	0.1981575035994417	0.1975412331123589	0.07231612076688641	0.22243536857734153
0.5418922367234351	0.051295198028045545	0.06783236659107171	0.057427605358442324	0.11644805341591086	0.04319221459719775	0.12191232528589555	0.051295198028045545	0.6227298406823398	0.054353417181693155	0.046016182961894456	0.09330869532339416	0.034609502468865794	0.09768716335376597	0.06783236659107171	0.054353417181693155	0.5186240217788622	0.0608514385710421	0.12339068510566104	0.0457673339660203	0.1291807368056483	0.057427605358442324	0.046016182961894456	0.0608514385710421	0.5831279989716107	0.10446387064561613	0.038747113294062656	0.10936579019733073	0.11644805341591086	0.09330869532339416	0.12339068510566104	0.10446387064561613	0.26205475001928014	0.07856893719347909	0.22176500829665635	0.04319221459719775	0.034609502468865794	0.0457673339660203	0.038747113294062656	0.07856893719347909	0.6768591496935094	0.0822557487868643	0.12191232528589555	0.09768716335376597	0.1291807368056483	0.10936579019733073	0.22176500829665635	0.0822557487868643	0.23783322727383652
0.41322161922317613	0.039886297915872386	0.14115913271022826	0.009235059677713863	0.1469033305574311	0.05159031664272431	0.19800424327285487	0.039886297915872386	0.810521254791366	0.038611530101845724	0.0025260837034921297	0.040182751629138085	0.014111598915129668	0.05416048294315605	0.14115913271022826	0.038611530101845724	0.4274636297488011	0.008939906769249014	0.14220829373142843	0.04994148788177233	0.19167601905667617	0.009235059677713863	0.0025260837034921297	0.008939906769249014	0.9541878988890018	0.00930369898185442	0.0032673239919146376	0.012540027986774114	0.1469033305574311	0.040182751629138085	0.14220829373142843	0.00930369898185442	0.4099522611021114	0.051973760124231334	0.19947590387380632	0.05159031664272431	0.014111598915129668	0.04994148788177233	0.0032673239919146376	0.051973760124231334	0.7590624714110973	0.07005304103313084	0.19800424327285487	0.05416048294315605	0.19167601905667617	0.012540027986774114	0.19947590387380632	0.07005304103313084	0.274090281833603
0.461829731583057	0.04248339818110104	0.13666849444937731	0.006078625434064209	0.13182838931120214	0.05747729301007579	0.16363406803111982	0.04248339818110104	0.758786581207418	0.054792923415426284	0.002437033196433664	0.05285243587857939	0.023043708257089443	0.06560391986395114	0.13666849444937731	0.054792923415426284	0.34549496482989506	0.007839901517762966	0.1700255428889162	0.07413128536944821	0.21104688752917058	0.006078625434064209	0.002437033196433664	0.007839901517762966	0.963398274884351	0.007562251955793383	0.003297148465138835	0.009386764546455787	0.13182838931120214	0.05285243587857939	0.1700255428889162	0.007562251955793383	0.36265277204346114	0.07150593110135757	0.20357267682068733	0.05747729301007579	0.023043708257089443	0.07413128536944821	0.003297148465138835	0.07150593110135757	0.6817867686996641	0.08875786509722479	0.16363406803111982	0.06560391986395114	0.21104688752917058	0.009386764546455787	0.20357267682068733	0.08875786509722479	0.2579978181113868
0.9124505972083997	0.0043108679336937615	0.015879234387623033	0.0015824027424267508	0.025982906529186466	0.009177822106393868	0.030616169092276296	0.0043108679336937615	0.866611618679601	0.024623836697004957	0.00245382275790198	0.0402915425057847	0.014231995527325524	0.04747631589868809	0.015879234387623033	0.024623836697004957	0.5747381192471899	0.009038742851262004	0.14841532079597264	0.05242405850934121	0.1748806875116061	0.0015824027424267508	0.00245382275790198	0.009038742851262004	0.9494836506848995	0.014789932871621796	0.005224179700942098	0.017427268390945716	0.025982906529186466	0.0402915425057847	0.14841532079597264	0.014789932871621796	0.398585616737131	0.0857805470262797	0.28615413353402286	0.009177822106393868	0.014231995527325524	0.05242405850934121	0.005224179700942098	0.0857805470262797	0.732084493757323	0.10107690337239446	0.030616169092276296	0.04747631589868809	0.1748806875116061	0.017427268390945716	0.28615413353402286	0.10107690337239446	0.3423685222000654
0.9879296302855477	0.0003489583060420769	0.0014304045267760808	0.0002984413857631424	0.003644435533471822	0.0012196590452719124	0.0051284709171274595	0.0003489583060420769	0.9342495679120707	0.007981168896461936	0.0016652010399032112	0.02033470600828104	0.006805281061541608	0.028615116775699896	0.0014304045267760808	0.007981168896461936	0.755218576898871	0.006825775642040694	0.08335338354547926	0.027895323503888455	0.11729536698648425	0.0002984413857631424	0.0016652010399032112	0.006825775642040694	0.9435268610782059	0.017390953976793248	0.005820115112174043	0.02447265176512029	0.003644435533471822	0.02033470600828104	0.08335338354547926	0.017390953976793248	0.5053545152044795	0.07107269747278794	0.29884930825871125	0.0012196590452719124	0.006805281061541608	0.027895323503888455	0.005820115112174043	0.07107269747278794	0.7871730098131738	0.10001391399116359	0.0051284709171274595	0.028615116775699896	0.11729536698648425	0.02447265176512029	0.29884930825871125	0.10001391399116359	0.4256251713056992
0.9883558123308811	0.00038291858723342524	0.0015416155813949394	0.0003092570240433761	0.0031691521271085977	0.0018953077597634455	0.004345936589575154	0.00038291858723342524	0.9152103845889358	0.01155488587045729	0.0023179771018044847	0.02375377595867429	0.014205918205394826	0.03257413968750001	0.0015416155813949394	0.01155488587045729	0.6936048950251589	0.00933208712399258	0.09563179316895873	0.057192483163812924	0.1311422400662243	0.0003092570240433761	0.0023179771018044847	0.00933208712399258	0.9310753490990057	0.019184292190795645	0.01147314372944215	0.0263078937309161	0.0031691521271085977	0.02375377595867429	0.09563179316895873	0.019184292190795645	0.47109482403240976	0.11757255301559275	0.2695936095064596	0.0018953077597634455	0.014205918205394826	0.057192483163812924	0.01147314372944215	0.11757255301559275	0.636430448147987	0.16123014597800653	0.004345936589575154	0.03257413968750001	0.1311422400662243	0.0263078937309161	0.2695936095064596	0.16123014597800653	0.37480603444131705
0.998892078639714	1.0134331616370345e-5	5.318416744581118e-5	6.202681934567768e-6	0.00032112585757296887	4.8391038805265775e-5	0.0006688832829110072	1.0134331616370345e-5	0.9850628551050151	0.0007231645196515784	8.434012822205997e-5	0.004366465391717767	0.0006579906015959853	0.009095049922181435	5.318416744581118e-5	0.0007231645196515784	0.9246829953565383	0.0004426102945474509	0.022914863587484444	0.0034530824190243357	0.0477300996553094	6.202681934567768e-6	8.434012822205997e-5	0.0004426102945474509	0.9908250530817212	0.002672479747887245	0.00040272082778918704	0.005566593237898364	0.00032112585757296887	0.004366465391717767	0.022914863587484444	0.002672479747887245	0.6606811520424299	0.020849702201489802	0.2881942111714243	4.8391038805265775e-5	0.0006579906015959853	0.0034530824190243357	0.00040272082778918704	0.020849702201489802	0.931159603722869	0.04342850918842755	0.0006688832829110072	0.009095049922181435	0.0477300996553094	0.005566593237898364	0.2881942111714243	0.04342850918842755	0.6053166535418616
0.9997875681174364	3.634323209786242e-7	2.6664174687710493e-6	2.349313965577619e-7	5.0522522898126994e-5	2.275707530586485e-6	0.00015636887094854185	3.634323209786242e-7	0.9976914077524827	2.9022240827052515e-5	2.5570772951310076e-6	0.0005499051982342147	2.4769614202632184e-5	0.001701974684637256	2.6664174687710493e-6	2.9022240827052515e-5	0.9832463087182957	1.8760674753350202e-5	0.004034525115409199	0.000181728834207078	0.012486987999038744	2.349313965577619e-7	2.5570772951310076e-6	1.8760674753350202e-5	0.9985067663048608	0.00035547195100222104	1.601167458401042e-5	0.0011001973861078376	5.0522522898126994e-5	0.0005499051982342147	0.004034525115409199	0.00035547195100222104	0.7549663172478446	0.00344334647331452	0.23659991149129456	2.275707530586485e-6	2.4769614202632184e-5	0.000181728834207078	1.601167458401042e-5	0.00344334647331452	0.985674597048721	0.010657270647440212	0.00015636887094854185	0.001701974684637256	0.012486987999038744	0.0011001973861078376	0.23659991149129456	0.010657270647440212	0.7372972889205244
0.9938471126517425	2.584076974387381e-5	0.00029670162525505424	1.2467827205796794e-5	0.002034635259125223	0.00012312331517509112	0.003660118551752476	2.584076974387381e-5	0.9930048472221257	0.0003374882454742976	1.4181739398778023e-5	0.0023143300384419353	0.0001400486821725377	0.004163263302642891	0.00029670162525505424	0.0003374882454742976	0.9232197468235658	0.00016283358314272443	0.026572950054829746	0.0016080276256194557	0.04780225204211326	1.2467827205796794e-5	1.4181739398778023e-5	0.00016283358314272443	0.9966175927201443	0.0011166334169793765	6.7571623718396e-5	0.0020087190894107257	0.002034635259125223	0.0023143300384419353	0.026572950054829746	0.0011166334169793765	0.6291298149401712	0.011027070383993542	0.3278045659064604	0.00012312331517509112	0.0001400486821725377	0.0016080276256194557	6.7571623718396e-5	0.011027070383993542	0.9671974900018969	0.019836668367424103	0.003660118551752476	0.004163263302642891	0.04780225204211326	0.0020087190894107257	0.3278045659064604	0.019836668367424103	0.5947244127401984
0.47344511918795157	0.027868180717513586	0.11997941582286029	0.0069663479462214965	0.14198410457619035	0.039300638673065685	0.19045619307619388	0.027868180717513586	0.8606635773878011	0.02681822984809974	0.0015571431077764	0.03173679689291661	0.008784619877358782	0.04257145216853301	0.11997941582286029	0.02681822984809974	0.4887631001955694	0.00670388649755657	0.13663476600422428	0.037819962910209996	0.18328063872147668	0.0069663479462214965	0.0015571431077764	0.00670388649755657	0.9640014841116774	0.007933405201283057	0.0021959351872049616	0.010641797948279798	0.14198410457619035	0.03173679689291661	0.13663476600422428	0.007933405201283057	0.420059620485542	0.04475629033599408	0.2168950165038462	0.039300638673065685	0.008784619877358782	0.037819962910209996	0.0021959351872049616	0.04475629033599408	0.8071068701553975	0.060035682860767964	0.19045619307619388	0.04257145216853301	0.18328063872147668	0.010641797948279798	0.2168950165038462	0.060035682860767964	0.2961192187208978
0.22557755841388363	0.16026397434224102	0.16052291702914517	0.042347279805716696	0.15032223864073152	0.08359933692569088	0.17736669484258813	0.16026397434224102	0.25474965131491456	0.15289819198166127	0.04033581396019613	0.1431820386034388	0.07962842753775203	0.1689419022597934	0.16052291702914517	0.15289819198166127	0.25379257247246245	0.04040098558774491	0.1434133815608599	0.07975708526675945	0.16921486610136413	0.042347279805716696	0.04033581396019613	0.04040098558774491	0.7734014082469314	0.03783364213185259	0.021040582047650157	0.04464028821990758	0.15032223864073152	0.1431820386034388	0.1434133815608599	0.03783364213185259	0.2920980575156996	0.0746887972549251	0.15846184429248997	0.08359933692569088	0.07962842753775203	0.07975708526675945	0.021040582047650157	0.0746887972549251	0.5731597210183831	0.08812604994883788	0.17736669484258813	0.1689419022597934	0.16921486610136413	0.04464028821990758	0.15846184429248997	0.08812604994883788	0.19324835433501583
0.4520080548748311	0.1127084133625171	0.10524733482339195	0.02713716956231872	0.10620160837013272	0.0566434946461848	0.14005392436062208	0.1127084133625171	0.34099888505611187	0.13208827506541365	0.03405788777130768	0.13328591438750245	0.07108913032378877	0.17577149403335626	0.10524733482339195	0.13208827506541365	0.3758794939150261	0.03180332160399666	0.12446264515909376	0.0663831676649241	0.16413576176815184	0.02713716956231872	0.03405788777130768	0.03180332160399666	0.8154725082599347	0.03209168110075836	0.017116360048734396	0.04232107165294901	0.10620160837013272	0.13328591438750245	0.12446264515909376	0.03209168110075836	0.3713491152607568	0.0669850612991695	0.16562397442258456	0.0566434946461848	0.07108913032378877	0.0663831676649241	0.017116360048734396	0.0669850612991695	0.6334458874290975	0.08833689858809993	0.14005392436062208	0.17577149403335626	0.16413576176815184	0.04232107165294901	0.16562397442258456	0.08833689858809993	0.22375687517423365
0.8949512328390703	0.011447099372363132	0.018950553674487426	0.0034530642449495104	0.018098877805609346	0.013350819384177407	0.03974835267934201	0.011447099372363132	0.7434469475700276	0.049624046548473896	0.009042217117747626	0.047393842424236825	0.03496054489809555	0.10408530206905295	0.018950553674487426	0.049624046548473896	0.6078071414577044	0.014969296172963246	0.07846001205065875	0.057876817613746	0.17231213248196245	0.0034530642449495104	0.009042217117747626	0.014969296172963246	0.9162951292393852	0.014296545996710326	0.010545991053683342	0.03139775617455997	0.018098877805609346	0.047393842424236825	0.07846001205065875	0.014296545996710326	0.6219069244625186	0.05527571741499846	0.16456807984526398	0.013350819384177407	0.03496054489809555	0.057876817613746	0.010545991053683342	0.05527571741499846	0.7065948091082075	0.12139530052708888	0.03974835267934201	0.10408530206905295	0.17231213248196245	0.03139775617455997	0.16456807984526398	0.12139530052708888	0.36649307622272165
0.4624446800835018	0.11466947254987142	0.09992717998121886	0.06047672586454096	0.07814610659706946	0.06785542389132684	0.11648041103246883	0.11466947254987142	0.2064448358856944	0.1604194917140828	0.09708715512180963	0.12545294185318312	0.10893265088373516	0.1869934519916207	0.09992717998121886	0.1604194917140828	0.2878428846481078	0.08460530434115493	0.10932429024895228	0.09492790337860925	0.16295294568787164	0.06047672586454096	0.09708715512180963	0.08460530434115493	0.5355953372918257	0.06616393190485342	0.05745112381438945	0.09862042166142436	0.07814610659706946	0.12545294185318312	0.10932429024895228	0.06616393190485342	0.41924202954951556	0.0742365196121351	0.12743418023428907	0.06785542389132684	0.10893265088373516	0.09492790337860925	0.05745112381438945	0.0742365196121351	0.4859433888521083	0.11065298956769402	0.11648041103246883	0.1869934519916207	0.16295294568787164	0.09862042166142436	0.12743418023428907	0.11065298956769402	0.19686559982462828
0.16550895324142684	0.15229346989186882	0.14044079708260482	0.1399081584831852	0.13571532073339362	0.11257866696605019	0.15355463360147203	0.15229346989186882	0.18015504995443798	0.13742567424096203	0.13690447085724045	0.13280164912226305	0.1101617160707104	0.15025796986251896	0.14044079708260482	0.13742567424096203	0.23326627265223165	0.12624949070380104	0.12246598274934195	0.10158806693381539	0.13856371563724457	0.1399081584831852	0.13690447085724045	0.12624949070380104	0.23569538608538698	0.12200151579327792	0.10120278198233827	0.13803819609477147	0.13571532073339362	0.13280164912226305	0.12246598274934195	0.12200151579327792	0.25494424695103046	0.09816988633651023	0.13390139831418427	0.11257866696605019	0.1101617160707104	0.10158806693381539	0.10120278198233827	0.09816988633651023	0.3652249009275665	0.11107398078300988	0.15355463360147203	0.15025796986251896	0.13856371563724457	0.13803819609477147	0.13390139831418427	0.11107398078300988	0.17461010570680033
0.4112910882669188	0.09998000799484294	0.11566968172612452	0.10211029113930789	0.08976960346052053	0.0580645475327977	0.12311477987948502	0.09998000799484294	0.31278270810292197	0.13898410592688434	0.1226916795148863	0.10786359822371246	0.06976805939522449	0.14792984084152452	0.11566968172612452	0.13898410592688434	0.22674951017622186	0.14194545294157798	0.12479042887268964	0.08071662912160626	0.17114419123489166	0.10211029113930789	0.1226916795148863	0.14194545294157798	0.30075430941807135	0.11016185774384739	0.07125461379677386	0.15108179544553232	0.08976960346052053	0.10786359822371246	0.12479042887268964	0.11016185774384739	0.371948892418131	0.06264303385975324	0.1328225854213429	0.0580645475327977	0.06976805939522449	0.08071662912160626	0.07125461379677386	0.06264303385975324	0.5716411480180955	0.08591196827574721	0.12311477987948502	0.14792984084152452	0.17114419123489166	0.15108179544553232	0.1328225854213429	0.08591196827574721	0.1879948389014726
0.9328668485070306	0.004149498643122941	0.013339901660887095	0.007487681146130242	0.013378143203632642	0.0048793327975972306	0.023898594041599212	0.004149498643122941	0.8376751244711316	0.03350145438309144	0.018804352140594036	0.03359749311953771	0.012253819352949809	0.060018257889572414	0.013339901660887095	0.03350145438309144	0.5523541109508552	0.060452654628036256	0.10800997730406657	0.03939385434178644	0.19294804673127736	0.007487681146130242	0.018804352140594036	0.060452654628036256	0.722215947061541	0.06062595446448244	0.022111753739028694	0.10830165682018743	0.013378143203632642	0.03359749311953771	0.10800997730406657	0.06062595446448244	0.5513804754948303	0.03950678484180207	0.19350117157164842	0.0048793327975972306	0.012253819352949809	0.03939385434178644	0.022111753739028694	0.03950678484180207	0.8112798917418147	0.07057456318502113	0.023898594041599212	0.060018257889572414	0.19294804673127736	0.10830165682018743	0.19350117157164842	0.07057456318502113	0.3507577097606944
0.9995613234313203	5.076965247075464e-7	9.274826600046215e-6	3.064705549303956e-6	0.00017690693859441587	6.988525719649713e-5	0.00017903714421466267	5.076965247075464e-7	0.9971868925058521	5.9534980862480955e-5	1.9672301606807506e-5	0.0011355631385719018	0.00044859247824021673	0.0011492368983415896	9.274826600046215e-6	5.9534980862480955e-5	0.9496369739600143	0.00035938238169357724	0.020744973997459566	0.008195087512485332	0.020994772340884503	3.064705549303956e-6	1.9672301606807506e-5	0.00035938238169357724	0.9831177810399685	0.006854816771438484	0.002707924499248341	0.006937358300494944	0.00017690693859441587	0.0011355631385719018	0.020744973997459566	0.006854816771438484	0.414323826755401	0.15631212375872158	0.40045178863981007	6.988525719649713e-5	0.00044859247824021673	0.008195087512485332	0.002707924499248341	0.15631212375872158	0.6740720473333827	0.1581943391607242	0.00017903714421466267	0.0011492368983415896	0.020994772340884503	0.006937358300494944	0.40045178863981007	0.1581943391607242	0.4120934675155272
0.999999989476513	1.7754976194464784e-15	1.0217170045666215e-13	4.025482344333637e-14	9.313858366935278e-9	5.691864951886106e-10	6.402978767499407e-10	1.7754976194464784e-15	0.9999998103241831	1.841547764389213e-12	7.255549216331441e-13	1.6787344222329647e-7	1.0259045440667032e-8	1.1540760486531836e-8	1.0217170045666215e-13	1.841547764389213e-12	0.9999890851355336	4.175233991080732e-11	9.660342467152751e-6	5.903607564745117e-7	6.641175468540571e-7	4.025482344333637e-14	7.255549216331441e-13	4.175233991080732e-11	0.9999956996063957	3.806096782957494e-6	2.325973622200429e-7	2.616569409605881e-7	9.313858366935278e-9	1.6787344222329647e-7	9.660342467152751e-6	3.806096782957494e-6	0.8856295120674996	0.05381662873989913	0.06054021556603996	5.691864951886106e-10	1.0259045440667032e-8	5.903607564745117e-7	2.325973622200429e-7	0.05381662873989913	0.9424828169327623	0.0036997205409873414	6.402978767499407e-10	1.1540760486531836e-8	6.641175468540571e-7	2.616569409605881e-7	0.06054021556603996	0.0036997205409873414	0.9357591259374257
0.9999999610730391	1.626442012161323e-14	9.782597196236994e-13	1.7328088265211832e-13	3.281164601750489e-8	4.816831045807825e-9	1.2973159550063313e-9	1.626442012161323e-14	0.9999995067908223	1.2394670617470733e-11	2.1954900336730307e-12	4.1572757893012003e-7	6.102984006717628e-8	1.6437152247542473e-8	9.782597196236994e-13	1.2394670617470733e-11	0.9999703355702423	1.3205263075586204e-10	2.500485979599006e-5	3.670775458724025e-6	9.886490774869406e-7	1.7328088265211832e-13	2.1954900336730307e-12	1.3205263075586204e-10	0.9999947453781769	4.429155253073611e-6	6.502109805258142e-7	1.7512116807389126e-7	3.281164601750489e-8	4.1572757893012003e-7	2.500485979599006e-5	4.429155253073611e-6	0.8436891365767164	0.12312086713304246	0.03316011373596414	4.816831045807825e-9	6.102984006717628e-8	3.670775458724025e-6	6.502109805258142e-7	0.12312086713304246	0.8720067590623704	0.00486798697147644	1.2973159550063313e-9	1.6437152247542473e-8	9.886490774869406e-7	1.7512116807389126e-7	0.03316011373596414	0.00486798697147644	0.9619707177878455
0.7634300109283793	0.011882299494035612	0.05724213711341275	0.007871456809412146	0.05728141743944643	0.045457938534716476	0.05683473968059544	0.011882299494035612	0.804956691456187	0.046662670365116114	0.006416657604224609	0.04669469091847024	0.03705642221429493	0.046330567947669966	0.05724213711341275	0.046662670365116114	0.23852410346901626	0.03091179401556219	0.22494836974654464	0.17851669219311694	0.22319423309722394	0.007871456809412146	0.006416657604224609	0.03091179401556219	0.8686271807773683	0.03093300610526477	0.02454811268791683	0.030691792000250174	0.05728141743944643	0.04669469091847024	0.22494836974654464	0.03093300610526477	0.2381559310484726	0.17863919275346307	0.22334739198833117	0.045457938534716476	0.03705642221429493	0.17851669219311694	0.02454811268791683	0.17863919275346307	0.35853546876073106	0.17724617285575506	0.05683473968059544	0.046330567947669966	0.22319423309722394	0.030691792000250174	0.22334739198833117	0.17724617285575506	0.24235510243016734
0.20500362180697837	0.1551201174077248	0.18251579069279017	0.07603078731228645	0.09272882177795017	0.19508410391885883	0.09351675708341806	0.1551201174077248	0.3388717352364426	0.14433177595665198	0.06012443371891915	0.07332908280854902	0.15427068021152435	0.0739521746601935	0.18251579069279017	0.14433177595665198	0.2476006093578474	0.07074297482202849	0.0862796892707413	0.18151633488976945	0.08701282501017742	0.07603078731228645	0.06012443371891915	0.07074297482202849	0.64529872340829	0.035941617322062365	0.07561444299873935	0.03624702041767685	0.09272882177795017	0.07332908280854902	0.0862796892707413	0.035941617322062365	0.5752920857697018	0.09222103908867456	0.04420766396232386	0.19508410391885883	0.15427068021152435	0.18151633488976945	0.07561444299873935	0.09222103908867456	0.2082887392291518	0.09300465966328841	0.09351675708341806	0.0739521746601935	0.08701282501017742	0.03624702041767685	0.04420766396232386	0.09300465966328841	0.5720588992029251
0.2765611259823871	0.21898692673009193	0.26504321698953726	0.061010024439702215	0.04801416234388241	0.055969966146851347	0.07441457736754965	0.21898692673009193	0.3721018016623556	0.21484535736835136	0.04945503096695776	0.038920520150193726	0.04536953450572362	0.06032082861632771	0.26504321698953726	0.21484535736835136	0.2852304901177284	0.05985617817247754	0.04710609907881747	0.05491143950129883	0.0730072187717912	0.061010024439702215	0.04945503096695776	0.05985617817247754	0.7893899982536161	0.01084330430599602	0.0126400075581852	0.016805456303065847	0.04801416234388241	0.038920520150193726	0.04710609907881747	0.01084330430599602	0.831942684883638	0.00994753535177517	0.013225693885697512	0.055969966146851347	0.04536953450572362	0.05491143950129883	0.0126400075581852	0.00994753535177517	0.8057443649352751	0.015417152000891348	0.07441457736754965	0.06032082861632771	0.0730072187717912	0.016805456303065847	0.013225693885697512	0.015417152000891348	0.7468090730546771
0.17528602751219072	0.16088778561082517	0.16078734045814932	0.1033032237942034	0.1343410387242683	0.10628223313241422	0.15911235076794747	0.16088778561082517	0.18199507202753387	0.15916232257551302	0.10225917651087107	0.13298330378271864	0.10520807810904875	0.15750426138348803	0.16078734045814932	0.15916232257551302	0.1824063993749592	0.10219533425859477	0.1329002799024341	0.10514239480420198	0.15740592862614602	0.1033032237942034	0.10225917651087107	0.10219533425859477	0.4381730367719964	0.08538624569542462	0.06755226070515219	0.10113072226375659	0.1343410387242683	0.13298330378271864	0.1329002799024341	0.08538624569542462	0.2950247566623367	0.08784857372294264	0.131515801509874	0.10628223313241422	0.10520807810904875	0.10514239480420198	0.06755226070515219	0.08784857372294264	0.42391937749229847	0.10404708203394064	0.15911235076794747	0.15750426138348803	0.15740592862614602	0.10113072226375659	0.131515801509874	0.10404708203394064	0.18928385341484588
0.16628697008295795	0.14793164539700154	0.14435946842424524	0.12490820412196665	0.1488027732391267	0.11744223199620105	0.1502687067385026	0.14793164539700154	0.1798421638662317	0.14150605097502333	0.12243926146733486	0.14586152917465475	0.11512086217050528	0.14729848694925018	0.14435946842424524	0.14150605097502333	0.19622989667997898	0.11948266141599945	0.14233934029931025	0.11234098304575331	0.14374159915969123	0.12490820412196665	0.12243926146733486	0.11948266141599945	0.28843206420312956	0.12316027183227192	0.09720394924358572	0.12437358771571339	0.1488027732391267	0.14586152917465475	0.14233934029931025	0.12316027183227192	0.1758714226143661	0.11579877654086898	0.148165886299403	0.11744223199620105	0.11512086217050528	0.11234098304575331	0.09720394924358572	0.11579877654086898	0.3251536264970061	0.11693957050608098	0.1502687067385026	0.14729848694925018	0.14374159915969123	0.12437358771571339	0.148165886299403	0.11693957050608098	0.16921216263136027
0.3582479896761782	0.11402103310891376	0.10445688283587681	0.10618866366899135	0.11497325333048383	0.08463757895346216	0.11747459842609445	0.11402103310891376	0.18823586905632506	0.138108377500809	0.1403980632980029	0.15201266821652543	0.11190415018630555	0.15531983863311893	0.10445688283587681	0.138108377500809	0.24474250368810524	0.12862139246094062	0.13926175759427722	0.10251756527844916	0.14229152064154243	0.10618866366899135	0.1403980632980029	0.12862139246094062	0.23435356267699237	0.14157056517152938	0.1042171943482323	0.14465055837531168	0.11497325333048383	0.15201266821652543	0.13926175759427722	0.14157056517152938	0.1827261076825691	0.11283869175095905	0.15661695625365638	0.08463757895346216	0.11190415018630555	0.10251756527844916	0.1042171943482323	0.11283869175095905	0.368591221916321	0.11529359756627136	0.11747459842609445	0.15531983863311893	0.14229152064154243	0.14465055837531168	0.15661695625365638	0.11529359756627136	0.16835293010400548
0.5746172779022145	0.06650898056899303	0.06155633827699068	0.06839780498401538	0.08934475954712837	0.053597224651604304	0.0859776140690548	0.06650898056899303	0.3653330459850975	0.09745411926550762	0.10828532091069387	0.14144790116452666	0.08485349307156678	0.1361171390336162	0.06155633827699068	0.09745411926550762	0.40533701210252016	0.10022177136659856	0.13091487462541596	0.07853481257436049	0.1259810717886081	0.06839780498401538	0.10828532091069387	0.10022177136659856	0.35038405004920015	0.14546495640860874	0.08726329319242783	0.13998280308845734	0.08934475954712837	0.14144790116452666	0.13091487462541596	0.14546495640860874	0.19598687374881238	0.11398783848970127	0.1828527960158089	0.053597224651604304	0.08485349307156678	0.07853481257436049	0.08726329319242783	0.11398783848970127	0.47207137135201394	0.1096919666683269	0.0859776140690548	0.1361171390336162	0.1259810717886081	0.13998280308845734	0.1828527960158089	0.1096919666683269	0.21939660933613006
0.3103409161633504	0.10036391139395928	0.12140721903377352	0.10819024908018673	0.13798561591929673	0.08414222476375688	0.13756986364567866	0.10036391139395928	0.36989618042593475	0.10913758006325394	0.09725634163292693	0.12404053337866482	0.0756386553035223	0.12366679780173964	0.12140721903377352	0.10913758006325394	0.26066515608940255	0.11764808492470677	0.15004811984515834	0.09149781693748875	0.1495960231062184	0.10819024908018673	0.09725634163292693	0.11764808492470677	0.32834494712203854	0.13371316458163357	0.08153692740467476	0.13331028525383473	0.13798561591929673	0.12404053337866482	0.15004811984515834	0.13371316458163357	0.18019688353792476	0.10399202556380333	0.17002365717352105	0.08414222476375688	0.0756386553035223	0.09149781693748875	0.08153692740467476	0.10399202556380333	0.4595136536514931	0.10367869637526253	0.13756986364567866	0.12366679780173964	0.1495960231062184	0.13331028525383473	0.17002365717352105	0.10367869637526253	0.1821546766437476
0.1810422466084305	0.16864686708166504	0.16310432181992968	0.13323238283814265	0.08400593194840009	0.1062151380161907	0.16375311168724127	0.16864686708166504	0.18275405811786888	0.16267498277423909	0.13288167561307007	0.08378480337098021	0.10593554820836137	0.16332206483381526	0.16310432181992968	0.16267498277423909	0.20426640062771348	0.12851454615323826	0.08103123271197482	0.10245399778924051	0.15795451812366404	0.13323238283814265	0.13288167561307007	0.12851454615323826	0.3264650439429377	0.06619066924816028	0.08368993601423012	0.12902574619022086	0.08400593194840009	0.08378480337098021	0.08103123271197482	0.06619066924816028	0.550865471758486	0.052768335443781095	0.08135355551821744	0.1062151380161907	0.10593554820836137	0.10245399778924051	0.08368993601423012	0.052768335443781095	0.4460755093120529	0.10286153521614332	0.16375311168724127	0.16332206483381526	0.15795451812366404	0.12902574619022086	0.08135355551821744	0.10286153521614332	0.2017294684306976
0.26163349194631647	0.25137872666926414	0.2136915167034792	0.12658589202809112	0.00010043601325686117	0.1001350075304666	0.0464749291091168	0.25137872666926414	0.26176348591112314	0.21363447501051747	0.12655210185383553	0.00010040920339412597	0.10010827801662169	0.04646252333523511	0.2136915167034792	0.21363447501051747	0.3404128905651504	0.10757915335747396	8.535565140525629e-5	0.08509984137238079	0.039496767339585515	0.12658589202809112	0.12655210185383553	0.10757915335747396	0.5654241525078716	5.056270571454669e-5	0.05041116979163865	0.023396967755369976	0.00010043601325686117	0.00010040920339412597	8.535565140525629e-5	5.056270571454669e-5	0.9996046754368301	3.9997323843666005e-5	1.8563665555457143e-5	0.1001350075304666	0.10010827801662169	0.08509984137238079	0.05041116979163865	3.9997323843666005e-5	0.6456976755294406	0.01850803043560451	0.0464749291091168	0.04646252333523511	0.039496767339585515	0.023396967755369976	1.8563665555457143e-5	0.01850803043560451	0.825642218359531
