0.38184037611607424	0.09509725882484621	0.20098750655139613	0.037024514242130616	0.023226235047805795	0.22323063478035327	0.0385934744373904	0.09509725882484621	0.6268374804220938	0.10684699789289724	0.01968260745701059	0.012347302226858755	0.11867167055932033	0.020516682616971305	0.20098750655139613	0.10684699789289724	0.33029668720542266	0.04159907703018771	0.026095951848450732	0.25081188941457483	0.04336189005706711	0.037024514242130616	0.01968260745701059	0.04159907703018771	0.8426959489561443	0.004807213928134616	0.046202813951278954	0.007987824435112539	0.023226235047805795	0.012347302226858755	0.026095951848450732	0.004807213928134616	0.8995284011258965	0.028983970179447573	0.00501092564340566	0.22323063478035327	0.11867167055932033	0.25081188941457483	0.046202813951278954	0.028983970179447573	0.28393830501479056	0.048160716100230365	0.0385934744373904	0.020516682616971305	0.04336189005706711	0.007987824435112539	0.00501092564340566	0.048160716100230365	0.8363684867098218
0.40111535212005966	0.09696228756968296	0.16226020203697852	0.03408473318398904	0.029036689451656487	0.19619601541140064	0.08034472022623111	0.09696228756968296	0.5722807646089535	0.10692627669636824	0.02246116771580572	0.019134606340171875	0.1292893091913162	0.05294558787770049	0.16226020203697852	0.10692627669636824	0.35624717357489377	0.03758733114597672	0.03202054291905038	0.21635741025115487	0.08860106337557576	0.03408473318398904	0.02246116771580572	0.03758733114597672	0.8350802181818546	0.006726305329963616	0.045448511145751255	0.018611733296658717	0.029036689451656487	0.019134606340171875	0.03202054291905038	0.006726305329963616	0.8585091117915362	0.038717460308570976	0.015855283859050193	0.19619601541140064	0.1292893091913162	0.21635741025115487	0.045448511145751255	0.038717460308570976	0.2668598136537143	0.1071314800380896	0.08034472022623111	0.05294558787770049	0.08860106337557576	0.018611733296658717	0.015855283859050193	0.1071314800380896	0.6365101313266933
0.2382779012669229	0.1301794957789825	0.14553837737039124	0.09780058211636206	0.13619515405433177	0.10553280298027358	0.14647568643273248	0.1301794957789825	0.2478608557467133	0.14332999484975165	0.09631656738460175	0.13412854452464085	0.1039314604226153	0.14425308129269096	0.14553837737039124	0.14332999484975165	0.17603212740895294	0.10768022142934171	0.1499533441296379	0.1161935373703035	0.16127239744161714	0.09780058211636206	0.09631656738460175	0.10768022142934171	0.41098041975609223	0.10076740314927646	0.0780810930992751	0.10837371306504799	0.13619515405433177	0.13412854452464085	0.1499533441296379	0.10076740314927646	0.2193022831676405	0.10873418412514005	0.15091908684932878	0.10553280298027358	0.1039314604226153	0.1161935373703035	0.0780810930992751	0.10873418412514005	0.37058506479005915	0.11694185721233044	0.14647568643273248	0.14425308129269096	0.16127239744161714	0.10837371306504799	0.15091908684932878	0.11694185721233044	0.17176417770624813
0.39035642644709273	0.06664397515465283	0.12143640606270446	0.061873394168293384	0.1357307231780773	0.09387841465604664	0.13008066033313065	0.06664397515465283	0.5580303090195858	0.08393782641320444	0.0427673906671141	0.09381817405875252	0.06488951978105485	0.08991280490563427	0.12143640606270446	0.08393782641320444	0.26366857329395016	0.07792929829353663	0.17095231571378952	0.11823949659455332	0.16383608362825916	0.061873394168293384	0.0427673906671141	0.07792929829353663	0.5866064391073574	0.0871023802259112	0.060244528113569	0.08347656942421701	0.1357307231780773	0.09381817405875252	0.17095231571378952	0.0871023802259112	0.19711762234800473	0.13215750450242794	0.18312127997303418	0.09387841465604664	0.06488951978105485	0.11823949659455332	0.060244528113569	0.13215750450242794	0.4039343523202321	0.1266561840321142	0.13008066033313065	0.08991280490563427	0.16383608362825916	0.08347656942421701	0.18312127997303418	0.1266561840321142	0.22291641770360787
0.17373295750837203	0.09902850038773545	0.1532726869217173	0.11028916818937741	0.15623020562305684	0.1569531360474884	0.15049334532225375	0.09902850038773545	0.4429905288542387	0.09652400125002027	0.06945498263243918	0.09838650881453409	0.09884177673338482	0.09477370132764813	0.1532726869217173	0.09652400125002027	0.1907534493527657	0.10749987898931772	0.15227903587156105	0.15298368288649405	0.1466872647281248	0.11028916818937741	0.06945498263243918	0.10749987898931772	0.3875500333519161	0.10957417486608424	0.11008121192992706	0.1055505500409389	0.15623020562305684	0.09838650881453409	0.15227903587156105	0.10957417486608424	0.17807673734266055	0.1559356250245456	0.14951771245755843	0.1569531360474884	0.09884177673338482	0.15298368288649405	0.11008121192992706	0.1559356250245456	0.17499498549051443	0.15020958188764658	0.15049334532225375	0.09477370132764813	0.1466872647281248	0.1055505500409389	0.14951771245755843	0.15020958188764658	0.20276784423583047
0.3859014452540412	0.08137319953490872	0.15927946816645383	0.05973546449490189	0.05145323040312362	0.18765708926927113	0.07460010287729436	0.08137319953490872	0.6150375522108352	0.09077010044666341	0.03404201542639453	0.029322140171362594	0.10694192439605163	0.042513067813781044	0.15927946816645383	0.09077010044666341	0.33337936287569137	0.06663366001854508	0.057395001286550854	0.2093275542790088	0.08321485292708083	0.05973546449490189	0.03404201542639453	0.06663366001854508	0.7083498882009278	0.021525166432340547	0.0785052764827848	0.031208528944103083	0.05145323040312362	0.029322140171362594	0.057395001286550854	0.021525166432340547	0.7458023136649842	0.06762063562884635	0.026881512412790114	0.18765708926927113	0.10694192439605163	0.2093275542790088	0.0785052764827848	0.06762063562884635	0.2519069045148828	0.0980406154291477	0.07460010287729436	0.042513067813781044	0.08321485292708083	0.031208528944103083	0.026881512412790114	0.0980406154291477	0.6435413195958001
0.3771581453695301	0.10500893204947814	0.2109481887329767	0.040031898558326666	0.01511315230605384	0.22553109546044814	0.026208587523178953	0.10500893204947814	0.5973239648042822	0.12125983790509254	0.023011629345442923	0.008687528486849618	0.12964256409288008	0.01506554331597017	0.2109481887329767	0.12125983790509254	0.31341456607219775	0.04622712978290805	0.017452023966909508	0.2604336940138208	0.03026455952608562	0.040031898558326666	0.023011629345442923	0.04622712978290805	0.8322512832033271	0.003311892163080667	0.049422824071405545	0.005743342875507239	0.01511315230605384	0.008687528486849618	0.017452023966909508	0.003311892163080667	0.9346086445861207	0.018658487218590664	0.002168271272394491	0.22553109546044814	0.12964256409288008	0.2604336940138208	0.049422824071405545	0.018658487218590664	0.283954578232332	0.032356756910513415	0.026208587523178953	0.01506554331597017	0.03026455952608562	0.005743342875507239	0.002168271272394491	0.032356756910513415	0.888192938576349
0.3908310043854052	0.09597274149489007	0.20734337455496762	0.027986888384668878	0.017611019655226965	0.23126507609770566	0.028989895427140637	0.09597274149489007	0.6371411153459882	0.10782828810684365	0.014554495750989747	0.009158556936361984	0.12026869586760605	0.015076106497322836	0.20734337455496762	0.10782828810684365	0.341193343668969	0.03144411857940757	0.019786515125653756	0.2598333325285103	0.03257102743565397	0.027986888384668878	0.014554495750989747	0.03144411857940757	0.8838754552508976	0.0026707532446204555	0.03507190182324419	0.004396386966172274	0.017611019655226965	0.009158556936361984	0.019786515125653756	0.0026707532446204555	0.9259373533557554	0.022069332748462723	0.0027664689339189498	0.23126507609770566	0.12026869586760605	0.2598333325285103	0.03507190182324419	0.022069332748462723	0.29516283608220295	0.036328824852274524	0.028989895427140637	0.015076106497322836	0.03257102743565397	0.004396386966172274	0.0027664689339189498	0.036328824852274524	0.8798712898875176
0.39140258474658984	0.0885792539293487	0.19089108406289595	0.035407056829355944	0.03104138507800326	0.21819908062672946	0.04447955472707618	0.0885792539293487	0.6420774461836861	0.09887199779636131	0.018339077814940097	0.01607787902769261	0.11301616900968409	0.02303817623828676	0.19089108406289595	0.09887199779636131	0.3428658892128628	0.039521290703125024	0.03464833604803548	0.2435534062648735	0.04964799591184527	0.035407056829355944	0.018339077814940097	0.039521290703125024	0.84592201155164	0.0064266783832146	0.04517502396163388	0.009208860756090299	0.03104138507800326	0.01607787902769261	0.03464833604803548	0.0064266783832146	0.8641273415373616	0.03960496692677547	0.008073412998916889	0.21819908062672946	0.11301616900968409	0.2435534062648735	0.04517502396163388	0.03960496692677547	0.2837009443784535	0.05675040883184933	0.04447955472707618	0.02303817623828676	0.04964799591184527	0.009208860756090299	0.008073412998916889	0.05675040883184933	0.8088015905359351
0.4022528766656046	0.09932752730427044	0.17876789284603073	0.03839500340551951	0.010271744349559006	0.24697467565556455	0.02401027977344334	0.09932752730427044	0.6498891124777754	0.08994833514591803	0.019318718698680543	0.0051683011338231905	0.12426706241682019	0.012080942822708284	0.17876789284603073	0.08994833514591803	0.4418157936107849	0.03476948161277596	0.009301815200302488	0.22365361850164595	0.021743063082534684	0.03839500340551951	0.019318718698680543	0.03476948161277596	0.8528137425313986	0.0019978040833133703	0.04803536757813344	0.004669882090176915	0.010271744349559006	0.0051683011338231905	0.009301815200302488	0.0019978040833133703	0.9591601971302728	0.01285081317192309	0.001249324930805602	0.24697467565556455	0.12426706241682019	0.22365361850164595	0.04803536757813344	0.01285081317192309	0.31417959010725593	0.030038872568647138	0.02401027977344334	0.012080942822708284	0.021743063082534684	0.004669882090176915	0.001249324930805602	0.030038872568647138	0.9062076347316832
0.404377983523098	0.09874788354957063	0.19508250593145018	0.022647812556642232	0.003515351942606958	0.2664948659305324	0.009133596566103996	0.09874788354957063	0.6761255520753782	0.08838909377567863	0.010261400007781628	0.0015927556959863106	0.12074501290109418	0.0041383019945123245	0.19508250593145018	0.08838909377567863	0.446395133022764	0.020272025646789135	0.0031465866542205157	0.2385391853350072	0.00817546963409418	0.022647812556642232	0.010261400007781628	0.020272025646789135	0.9178114936155799	0.0003652982844246393	0.027692850935489444	0.0009491189532932664	0.003515351942606958	0.0015927556959863106	0.0031465866542205157	0.0003652982844246393	0.9869342533687306	0.0042984335502126245	0.00014732050381819454	0.2664948659305324	0.12074501290109418	0.2385391853350072	0.027692850935489444	0.0042984335502126245	0.33106145011068805	0.011168201236981468	0.009133596566103996	0.0041383019945123245	0.00817546963409418	0.0009491189532932664	0.00014732050381819454	0.011168201236981468	0.9662879911111967
0.41944947302272517	0.05557414627370111	0.17734025426758085	0.013979696961522771	0.08496057462528069	0.19566984638476162	0.053026008464430785	0.05557414627370111	0.7392244118789782	0.06931831071048848	0.005464348642216065	0.03320917483929347	0.07648293538536992	0.020726672269953696	0.17734025426758085	0.06931831071048848	0.3197306529902807	0.01743704658718045	0.10597236133888766	0.24406138677457292	0.0661399873310121	0.013979696961522771	0.005464348642216065	0.01743704658718045	0.9303120150430417	0.008353780160816332	0.01923931056267383	0.005213802042549184	0.08496057462528069	0.03320917483929347	0.10597236133888766	0.008353780160816332	0.6188921252398931	0.11692548739060439	0.031686496405226056	0.19566984638476162	0.07648293538536992	0.24406138677457292	0.01923931056267383	0.11692548739060439	0.2746449276855593	0.0729761058164618	0.053026008464430785	0.020726672269953696	0.0661399873310121	0.005213802042549184	0.031686496405226056	0.0729761058164618	0.7502309276703675
0.994216340019548	4.218209151292967e-5	0.0008828819218545993	6.157837207042295e-5	0.001660845269906504	0.0016920213505108306	0.0014441509745966932	4.218209151292967e-5	0.9754122630804837	0.0037744335236897116	0.00026325544347834096	0.007100326679278169	0.007233608424953784	0.0061739307566030565	0.0008828819218545993	0.0037744335236897116	0.5605978239159973	0.0055100035000777555	0.14861164630670573	0.15140126719912056	0.12922194363255154	6.157837207042295e-5	0.00026325544347834096	0.0055100035000777555	0.9642273158622989	0.010365217617152122	0.010559785326600403	0.0090128438783221	0.001660845269906504	0.007100326679278169	0.14861164630670573	0.010365217617152122	0.30436381512338107	0.28481054177358234	0.2430876072299883	0.0016920213505108306	0.007233608424953784	0.15140126719912056	0.010559785326600403	0.28481054177358234	0.296652119400862	0.24765065652436452	0.0014441509745966932	0.0061739307566030565	0.12922194363255154	0.0090128438783221	0.2430876072299883	0.24765065652436452	0.363408867003569
0.9999997993108912	2.662775666245372e-11	3.5679803302841145e-11	4.5652219488292695e-10	9.449531893796707e-8	2.1807684318810996e-8	8.386727587130209e-8	2.662775666245372e-11	0.9997197144919648	4.983757197224665e-8	6.376704924994406e-7	0.00013199112166171415	3.046098734238913e-5	0.00011714586433887249	3.5679803302841145e-11	4.983757197224665e-8	0.9996244489992128	8.544451578411456e-7	0.00017686120983867248	4.081613222488518e-5	0.0001569693403141955	4.5652219488292695e-10	6.376704924994406e-7	8.544451578411456e-7	0.9952049124549794	0.0022629347762904103	0.0005222413955531133	0.002008418801004304	9.449531893796707e-8	0.00013199112166171415	0.00017686120983867248	0.0022629347762904103	0.4736079294165114	0.10809850602785234	0.4157216829525254	2.1807684318810996e-8	3.046098734238913e-5	4.081613222488518e-5	0.0005222413955531133	0.10809850602785234	0.7953674633879682	0.0959404902613745	8.386727587130209e-8	0.00011714586433887249	0.0001569693403141955	0.002008418801004304	0.4157216829525254	0.0959404902613745	0.4860552089131658
0.9999974367223892	1.947950393413731e-8	3.7262154847894305e-9	1.8378591457706296e-7	9.206423744203755e-7	5.565438025390661e-7	8.79099799912711e-7	1.947950393413731e-8	0.9791192403247065	3.058660089388747e-5	0.001508604760522696	0.007557083316127175	0.004568383991134343	0.007216081527111657	3.7262154847894305e-9	3.058660089388747e-5	0.9959810039389344	0.0002885795468967457	0.0014455871652382522	0.0008738817592986522	0.0013803572625227245	1.8378591457706296e-7	0.001508604760522696	0.0002885795468967457	0.8157183009975691	0.07129983769019457	0.04310195130166809	0.06808254191723591	9.206423744203755e-7	0.007557083316127175	0.0014455871652382522	0.07129983769019457	0.362737915941267	0.21591144718481856	0.34104720805998817	5.565438025390661e-7	0.004568383991134343	0.0008738817592986522	0.04310195130166809	0.21591144718481856	0.5293750047931236	0.20616877442615902	8.79099799912711e-7	0.007216081527111657	0.0013803572625227245	0.06808254191723591	0.34104720805998817	0.20616877442615902	0.37610415770719025
0.9993001510423553	0.00010107538427046685	2.6522450335817717e-5	8.373711465429324e-5	0.00017768943229366934	0.00014342114106766576	0.0001674034350228634	0.00010107538427046685	0.5160297776051774	0.021432801966026847	0.06766799344961873	0.1435908962251068	0.11589867735914483	0.13527877801065377	2.6522450335817717e-5	0.021432801966026847	0.8571961456227042	0.017756261908334393	0.037678634034327585	0.030412121966505813	0.035497512051765	8.373711465429324e-5	0.06766799344961873	0.017756261908334393	0.5874414307921839	0.11895960057237932	0.09601764964191538	0.11207332652091312	0.00017768943229366934	0.1435908962251068	0.037678634034327585	0.11895960057237932	0.25802592998694407	0.20374862121153406	0.2378186285374126	0.00014342114106766576	0.11589867735914483	0.030412121966505813	0.09601764964191538	0.20374862121153406	0.36182538607555564	0.1919541226042751	0.0001674034350228634	0.13527877801065377	0.035497512051765	0.11207332652091312	0.2378186285374126	0.1919541226042751	0.28721022883995573
0.9743185876781658	0.005294610677003717	0.0037465457939349577	0.001581605318087106	0.005526529075281926	0.004383640534625104	0.005148480922901385	0.005294610677003717	0.2430976375446908	0.1381252886142622	0.058309627867964106	0.2037485901798322	0.1616132959075164	0.18981094920873207	0.0037465457939349577	0.1381252886142622	0.424018788673306	0.04126076577896044	0.14417555324207876	0.11435998810188748	0.13431306979557128	0.001581605318087106	0.058309627867964106	0.04126076577896044	0.7330068538141915	0.06086374871353864	0.04827709984250721	0.05670029866475137	0.005526529075281926	0.2037485901798322	0.14417555324207876	0.06086374871353864	0.21886799259178247	0.16869239936079328	0.19812518683669444	0.004383640534625104	0.1616132959075164	0.11435998810188748	0.04827709984250721	0.16869239936079328	0.34552076150823846	0.15715281474443352	0.005148480922901385	0.18981094920873207	0.13431306979557128	0.05670029866475137	0.19812518683669444	0.15715281474443352	0.25874919982691763
0.9055163570665945	0.01436754507022978	0.01731545464196493	0.0028509892549702614	0.021833874558230375	0.01753798205898496	0.020577797349025196	0.01436754507022978	0.44302370738723007	0.11727377402294546	0.019309124510015582	0.14787604044664465	0.11878090337976119	0.13936890518317321	0.01731545464196493	0.11727377402294546	0.3528062584820033	0.023270939328529347	0.17821700634806473	0.14315217629388513	0.1679643908826069	0.0028509892549702614	0.019309124510015582	0.023270939328529347	0.8740001839683378	0.0293434264740531	0.02357000291810771	0.02765533354598632	0.021833874558230375	0.14787604044664465	0.17821700634806473	0.0293434264740531	0.23042807874184368	0.18050734009394068	0.21179423333722247	0.01753798205898496	0.11878090337976119	0.14315217629388513	0.02357000291810771	0.18050734009394068	0.3463286308424599	0.17012296441286034	0.020577797349025196	0.13936890518317321	0.1679643908826069	0.02765533354598632	0.21179423333722247	0.17012296441286034	0.26251637528912564
0.8285398897209622	0.012678207955234022	0.030940019548198864	0.003468061946465709	0.045723301472783265	0.03558622114353076	0.04306429821282304	0.012678207955234022	0.7437182839797754	0.04746823908287881	0.005320707486064006	0.07014877940162674	0.05459645074450675	0.06606933134991103	0.030940019548198864	0.04746823908287881	0.4429413612974614	0.0129847052683109	0.1711917499407004	0.13323769883423836	0.1612362260282031	0.003468061946465709	0.005320707486064006	0.0129847052683109	0.9260301327259653	0.01918885644507546	0.014934592799524585	0.018072943328592918	0.045723301472783265	0.07014877940162674	0.1711917499407004	0.01918885644507546	0.2585724085551361	0.19689927673922317	0.2382756274454429	0.03558622114353076	0.05459645074450675	0.13323769883423836	0.014934592799524585	0.19689927673922317	0.37929700826518314	0.18544875147378387	0.04306429821282304	0.06606933134991103	0.1612362260282031	0.018072943328592918	0.2382756274454429	0.18544875147378387	0.2878328221612318
0.6459800686518546	0.019052669316101577	0.07992622184370476	0.005214225198891141	0.08801579086715677	0.0769399595047244	0.08487106461756737	0.019052669316101577	0.7954342273603624	0.044265106270990257	0.0028877660825897132	0.0487453084405592	0.0426112407843104	0.047003681745086776	0.07992622184370476	0.044265106270990257	0.28327129247149513	0.012114220255464873	0.20448727008385031	0.1787547680305395	0.1971811210439566	0.005214225198891141	0.0028877660825897132	0.012114220255464873	0.9419181544734776	0.013340336274229267	0.0116615998402806	0.012863697875067047	0.08801579086715677	0.0487453084405592	0.20448727008385031	0.013340336274229267	0.23142582337145437	0.19684706616370962	0.21713840479904212	0.0769399595047244	0.0426112407843104	0.1787547680305395	0.0116615998402806	0.19684706616370962	0.30337147083370064	0.18981389484273622	0.08487106461756737	0.047003681745086776	0.1971811210439566	0.012863697875067047	0.21713840479904212	0.18981389484273622	0.25112813507654536
0.6704999292943853	0.02135872229949897	0.07614791774013586	0.006646790053361946	0.08381805302827261	0.06251421762063467	0.07901436996370759	0.02135872229949897	0.7616974234224572	0.053611184786600465	0.004679606486477896	0.059011267316418425	0.04401251369849499	0.05562928199004987	0.07614791774013586	0.053611184786600465	0.2879287859944329	0.016683689445079034	0.21038642042072003	0.1569130037674687	0.19832899784555505	0.006646790053361946	0.004679606486477896	0.016683689445079034	0.9226174100642458	0.018364183921444302	0.013696602922801015	0.01731171710658947	0.08381805302827261	0.059011267316418425	0.21038642042072003	0.018364183921444302	0.23739568734912972	0.17271834688232096	0.2183060410816853	0.06251421762063467	0.04401251369849499	0.1569130037674687	0.013696602922801015	0.17271834688232096	0.3873256018482152	0.16281971326005806	0.07901436996370759	0.05562928199004987	0.19832899784555505	0.01731171710658947	0.2183060410816853	0.16281971326005806	0.2685898787523465
0.9355774959482064	0.007111217217316096	0.006012601564876974	0.0073392766179336145	0.015644378935571794	0.013460988331475188	0.014854041384620148	0.007111217217316096	0.597149558323782	0.041517516211717106	0.050678318308552336	0.10802574377687667	0.09294924921392012	0.10256839694783643	0.006012601564876974	0.041517516211717106	0.6529720702125048	0.04284899851256936	0.09133679034557554	0.0785894712816384	0.08672255187111817	0.0073392766179336145	0.050678318308552336	0.04284899851256936	0.5858552663741766	0.11149016985530183	0.09593016646279237	0.1058578038686746	0.015644378935571794	0.10802574377687667	0.09133679034557554	0.11149016985530183	0.24337231473390536	0.2044844408547376	0.22564616149803265	0.013460988331475188	0.09294924921392012	0.0785894712816384	0.09593016646279237	0.2044844408547376	0.32043158163915997	0.19415410221627746	0.014854041384620148	0.10256839694783643	0.08672255187111817	0.1058578038686746	0.22564616149803265	0.19415410221627746	0.270196942213442
0.9980239549920585	0.00025315688942376016	3.258767236938923e-5	0.0003749186755586527	0.000499917111160497	0.00034195602875065597	0.00047350863067860323	0.00025315688942376016	0.560931135876766	0.008300006450900307	0.09549093873371783	0.12732775758004647	0.08709542714136137	0.12060157732778376	3.258767236938923e-5	0.008300006450900307	0.9362491842398406	0.012292090619311243	0.0163902916369067	0.011211376672446625	0.015524462708224891	0.0003749186755586527	0.09549093873371783	0.012292090619311243	0.395679216534681	0.18856905037198562	0.12898603022568822	0.17860775483905664	0.000499917111160497	0.12732775758004647	0.0163902916369067	0.18856905037198562	0.2570669797396318	0.17199016163813083	0.23815584192213704	0.00034195602875065597	0.08709542714136137	0.011211376672446625	0.12898603022568822	0.17199016163813083	0.4374703904826245	0.16290465781099708	0.00047350863067860323	0.12060157732778376	0.015524462708224891	0.17860775483905664	0.23815584192213704	0.16290465781099708	0.283732196761121
0.9916414020369867	0.0011637140879099755	0.0005765320931309876	0.0013139085532587282	0.0019199822482015893	0.0015347459525438803	0.0018497150279681456	0.0011637140879099755	0.48119540403148997	0.041478999008375914	0.09453005691624726	0.1381344468384333	0.11041835589404582	0.13307902322349477	0.0005765320931309876	0.041478999008375914	0.7220423604222119	0.046832475557287825	0.06843514450554106	0.054703922986795744	0.06593056542665496	0.0013139085532587282	0.09453005691624726	0.046832475557287825	0.42643651762109114	0.15596273439178393	0.12466947315771984	0.15025483380260782	0.0019199822482015893	0.1381344468384333	0.06843514450554106	0.15596273439178393	0.23380756508422393	0.18217643439629275	0.21956369253551833	0.0015347459525438803	0.11041835589404582	0.054703922986795744	0.12466947315771984	0.18217643439629275	0.35098789883767134	0.1755091687749266	0.0018497150279681456	0.13307902322349477	0.06593056542665496	0.15025483380260782	0.21956369253551833	0.1755091687749266	0.2538130012088245
0.39648987586645623	0.08261325352719831	0.11237721012397103	0.05800787918892373	0.12131743656456462	0.11467113801987486	0.11452320670901332	0.08261325352719831	0.4047867869705816	0.11058725173654031	0.05708392236728048	0.11938507712192693	0.11284464165937197	0.11269906661710218	0.11237721012397103	0.11058725173654031	0.23018543111378068	0.07765015496522451	0.16239721018831857	0.1535003823925723	0.15330235947959533	0.05800787918892373	0.05708392236728048	0.07765015496522451	0.565062191627933	0.08382765276722955	0.07923520816595339	0.07913299091745671	0.12131743656456462	0.11938507712192693	0.16239721018831857	0.08382765276722955	0.1818620324040618	0.1657121838405117	0.16549840711338965	0.11467113801987486	0.11284464165937197	0.1535003823925723	0.07923520816595339	0.1657121838405117	0.21760476370373	0.15643168221798842	0.11452320670901332	0.11269906661710218	0.15330235947959533	0.07913299091745671	0.16549840711338965	0.15643168221798842	0.21841228694545708
0.27296505940224614	0.09601591665013992	0.19638549851760026	0.04408135612956195	0.060834381543809816	0.2039227131727614	0.1257950745838801	0.09601591665013992	0.5811524248295846	0.10047154489756126	0.022552184275050968	0.03112309382684122	0.10432761169650931	0.06435722382431244	0.19638549851760026	0.10047154489756126	0.2483402187914341	0.0461269558843525	0.06365740712412762	0.2133857671413456	0.13163260764357823	0.04408135612956195	0.022552184275050968	0.0461269558843525	0.7955067494097001	0.014288757850782435	0.04789729417569204	0.02954670227485987	0.060834381543809816	0.03112309382684122	0.06365740712412762	0.014288757850782435	0.7232199374658108	0.06610055870867568	0.040775863479952365	0.2039227131727614	0.10432761169650931	0.2133857671413456	0.04789729417569204	0.06610055870867568	0.22768142871811173	0.1366846263869038	0.1257950745838801	0.06435722382431244	0.13163260764357823	0.02954670227485987	0.040775863479952365	0.1366846263869038	0.4712079018065128
0.3894679720884334	0.08632903250135614	0.18072139212663127	0.04415273617434237	0.026953475514718984	0.20367816055442542	0.06869723104009541	0.08632903250135614	0.6258158647227431	0.09923936978594759	0.024245550904104938	0.01480093691258985	0.11184559865729166	0.03772364651596814	0.18072139212663127	0.09923936978594759	0.325190635534232	0.05075569116563558	0.030984314848885433	0.2341378294986071	0.07897076704006398	0.04415273617434237	0.024245550904104938	0.05075569116563558	0.7967793633643606	0.007569896750834077	0.05720311078082805	0.019293650859894977	0.026953475514718984	0.01480093691258985	0.030984314848885433	0.007569896750834077	0.8729931694632546	0.03492020607077974	0.011778000438937956	0.20367816055442542	0.11184559865729166	0.2341378294986071	0.05720311078082805	0.03492020607077974	0.2692127888503534	0.08900230558771816	0.06869723104009541	0.03772364651596814	0.07897076704006398	0.019293650859894977	0.011778000438937956	0.08900230558771816	0.6945343985173227
0.3327012491048279	0.10110611967038959	0.17382066727245385	0.06655750828738073	0.04681201000441349	0.18619022432114873	0.0928122213393843	0.10110611967038959	0.5264998880822946	0.1143246461556002	0.043775942776852345	0.030789011246852512	0.12246030260476665	0.061044089463243516	0.17382066727245385	0.1143246461556002	0.2681843520119191	0.07525917925402971	0.05293217163346772	0.2105325729297186	0.10494641074280948	0.06655750828738073	0.043775942776852345	0.07525917925402971	0.6733394005661435	0.020268208075863815	0.08061482956781836	0.040184931471911	0.04681201000441349	0.030789011246852512	0.05293217163346772	0.020268208075863815	0.7642362894843923	0.05669897063962508	0.02826333891538473	0.18619022432114873	0.12246030260476665	0.2105325729297186	0.08061482956781836	0.05669897063962508	0.2310884137864228	0.1124146861504984	0.0928122213393843	0.061044089463243516	0.10494641074280948	0.040184931471911	0.02826333891538473	0.1124146861504984	0.5603343219167679
0.35642969081524645	0.10726766918950718	0.1596878493256562	0.06834249473244734	0.031410232792134535	0.1839887076299834	0.09287335551502442	0.10726766918950718	0.49888441582937926	0.11727096198013377	0.05018910415063538	0.0230669285804061	0.13511693487240892	0.06820398539752907	0.1596878493256562	0.11727096198013377	0.3113050231610277	0.07471580357765716	0.03433940760888535	0.20114665397577525	0.10153430037086379	0.06834249473244734	0.05018910415063538	0.07471580357765716	0.6625161236375955	0.014696426769701357	0.08608584934821462	0.04345419778374846	0.031410232792134535	0.0230669285804061	0.03433940760888535	0.014696426769701357	0.8369503564831123	0.03956508434059639	0.019971563425163808	0.1839887076299834	0.13511693487240892	0.20114665397577525	0.08608584934821462	0.03956508434059639	0.237111258510536	0.11698551132248465	0.09287335551502442	0.06820398539752907	0.10153430037086379	0.04345419778374846	0.019971563425163808	0.11698551132248465	0.5569770861851854
0.29835040824158826	0.1257394514558793	0.17852020458249263	0.09110052530206747	0.023231110092853266	0.18654637674340982	0.09651192358171096	0.1257394514558793	0.4274752892045895	0.13849416830868114	0.07067486570330274	0.018022460139577097	0.14472079145606204	0.07487297373190935	0.17852020458249263	0.13849416830868114	0.24528538263862668	0.10034155023032637	0.025587619748174785	0.20546920635439458	0.10630186813730585	0.09110052530206747	0.07067486570330274	0.10034155023032637	0.5657257708407939	0.013057600991103065	0.10485285223631174	0.05424683469609573	0.023231110092853266	0.018022460139577097	0.025587619748174785	0.013057600991103065	0.87952995731915	0.026738025338215635	0.013833226370926457	0.18654637674340982	0.14472079145606204	0.20546920635439458	0.10485285223631174	0.026738025338215635	0.22059160504832204	0.11108114282328617	0.09651192358171096	0.07487297373190935	0.10630186813730585	0.05424683469609573	0.013833226370926457	0.11108114282328617	0.5431520306587665
0.2267864093416618	0.13188480863522942	0.1877044302500675	0.09874699105154623	0.045736311397408726	0.19235146569568728	0.11678958362839845	0.13188480863522942	0.4128570834620264	0.1332451718306464	0.0700972255843591	0.03246669598010453	0.1365439487195552	0.08290506578807831	0.1877044302500675	0.1332451718306464	0.22074700934827873	0.0997655448461401	0.04620807152932242	0.19433552934353823	0.11799424285200606	0.09874699105154623	0.0700972255843591	0.0997655448461401	0.5427717109809495	0.024309005491965834	0.10223546003425757	0.06207406201078103	0.045736311397408726	0.03246669598010453	0.04620807152932242	0.024309005491965834	0.7751772274505438	0.04735205383162835	0.028750634319026025	0.19235146569568728	0.1365439487195552	0.19433552934353823	0.10223546003425757	0.04735205383162835	0.20626609287848696	0.1209154494968457	0.11678958362839845	0.08290506578807831	0.11799424285200606	0.06207406201078103	0.028750634319026025	0.1209154494968457	0.4705709619048638
0.4005058638499479	0.07345076359334123	0.1475891885952337	0.02839884079318807	0.0518506871629355	0.19590333563031254	0.1023013203750422	0.07345076359334123	0.6637191116683958	0.0737408488961096	0.014189078805077079	0.025906461873217136	0.09788032855561918	0.05111340660824059	0.1475891885952337	0.0737408488961096	0.39872111748216693	0.02851099873310238	0.05205546545996836	0.19667703321559948	0.10270534761782078	0.02839884079318807	0.014189078805077079	0.02851099873310238	0.8612780562927134	0.010016417124341337	0.03784423376216562	0.019762374489412458	0.0518506871629355	0.025906461873217136	0.05205546545996836	0.010016417124341337	0.7549926533658203	0.06909611346508654	0.036082201548631225	0.19590333563031254	0.09788032855561918	0.19667703321559948	0.03784423376216562	0.06909611346508654	0.2662724373050323	0.13632651806618604	0.1023013203750422	0.05111340660824059	0.10270534761782078	0.019762374489412458	0.036082201548631225	0.13632651806618604	0.5517088312946675
0.18535711439103286	0.12426081962780477	0.15173189628797648	0.07928526834654404	0.15706631901655374	0.15737629393404198	0.14492228839604826	0.12426081962780477	0.32116217728589946	0.12188471349758762	0.06368906244114238	0.1261698018794902	0.12641880162795305	0.11641462364012402	0.15173189628797648	0.12188471349758762	0.19803324891382035	0.07776918135533946	0.1540629085724272	0.1543669561726495	0.14215109520020125	0.07928526834654404	0.06368906244114238	0.07776918135533946	0.5438120414677843	0.08050330449459958	0.08066218009138246	0.07427896180320909	0.15706631901655374	0.1261698018794902	0.1540629085724272	0.08050330449459958	0.17525495991861623	0.1597940194315559	0.14714868668675932	0.15737629393404198	0.12641880162795305	0.1543669561726495	0.08066218009138246	0.1597940194315559	0.1739426598720483	0.14743908887037085	0.14492228839604826	0.11641462364012402	0.14215109520020125	0.07427896180320909	0.14714868668675932	0.14743908887037085	0.22764525540328917
0.1606158746665145	0.14378999282017718	0.14429681924891213	0.1439117815357647	0.12146203222054187	0.14612771604285177	0.1397957834652375	0.14378999282017718	0.18420273004946203	0.1394038679591335	0.13903188646430722	0.11734338421217902	0.1411726809949142	0.13505545749982645	0.14429681924891213	0.1394038679591335	0.18181859993284186	0.13952194166992304	0.11775699246953743	0.14167028200552884	0.13553149671412285	0.1439117815357647	0.13903188646430722	0.13952194166992304	0.18362951639813405	0.11744277290930319	0.1412922528730206	0.13516984814954683	0.12146203222054187	0.11734338421217902	0.11775699246953743	0.11744277290930319	0.2926598662907255	0.1192511411354518	0.1140838107622609	0.14612771604285177	0.1411726809949142	0.14167028200552884	0.1412922528730206	0.1192511411354518	0.1732347514213447	0.13725117552688781	0.1397957834652375	0.13505545749982645	0.13553149671412285	0.13516984814954683	0.1140838107622609	0.13725117552688781	0.20311242788211734
0.19515511229419719	0.1576844605789019	0.16581953089791404	0.09851533147346096	0.06994801406828977	0.1691069207677448	0.14377062991948975	0.1576844605789019	0.22597170680643408	0.15792350847179565	0.09382421178195828	0.06661721772147286	0.16105435885562602	0.13692453578380945	0.16581953089791404	0.15792350847179565	0.19418635694259329	0.09866467962305031	0.07005405448161735	0.16936328498356457	0.14398858459946318	0.09851533147346096	0.09382421178195828	0.09866467962305031	0.48120981310640465	0.04161993681290315	0.10062071741031553	0.085545309791906	0.06994801406828977	0.06661721772147286	0.07005405448161735	0.04161993681290315	0.6195788749212374	0.07144288357669676	0.060739018417782044	0.1691069207677448	0.16105435885562602	0.16936328498356457	0.10062071741031553	0.07144288357669676	0.1815686607734357	0.14684317363261487	0.14377062991948975	0.13692453578380945	0.14398858459946318	0.085545309791906	0.060739018417782044	0.14684317363261487	0.2821887478549332
0.40728225015940084	0.06672837135509754	0.14680761292455263	0.01675162457539463	0.10845244478728362	0.16489079277791144	0.08908690342036289	0.06672837135509754	0.6352958337845747	0.08316729755779032	0.00948988487643502	0.061438889760636925	0.09341151561770955	0.050468207047758104	0.14680761292455263	0.08316729755779032	0.2974296689419282	0.020878485677768756	0.13517034154026017	0.20551260804079105	0.1110339853169135	0.01675162457539463	0.00948988487643502	0.020878485677768756	0.901336407389204	0.01542374247563026	0.023450214786741454	0.01266964021882643	0.10845244478728362	0.061438889760636925	0.13517034154026017	0.01542374247563026	0.44566940641538344	0.15182008843157868	0.0820250865892302	0.16489079277791144	0.09341151561770955	0.20551260804079105	0.023450214786741454	0.15182008843157868	0.23620406882647757	0.12471071151879529	0.08908690342036289	0.050468207047758104	0.1110339853169135	0.01266964021882643	0.0820250865892302	0.12471071151879529	0.5300054658881161
0.5853059713260916	0.018926210696367247	0.09431629463087017	0.020419862166514056	0.09646684483767402	0.10562662433185346	0.07893819201062972	0.018926210696367247	0.829094335078093	0.03621855626317818	0.007841465036966856	0.037044392604255356	0.04056185467448028	0.030313185646659007	0.09431629463087017	0.03621855626317818	0.29258586068886594	0.03907691500582257	0.18460588351979004	0.20213469550918217	0.1510617943822915	0.020419862166514056	0.007841465036966856	0.03907691500582257	0.8162253521742304	0.03996792612936094	0.04376298536241284	0.03270549412469238	0.09646684483767402	0.037044392604255356	0.18460588351979004	0.03996792612936094	0.2806650636833098	0.20674366379966483	0.15450622542594558	0.10562662433185346	0.04056185467448028	0.20213469550918217	0.04376298536241284	0.20674366379966483	0.23199318025229781	0.16917699607010933	0.07893819201062972	0.030313185646659007	0.1510617943822915	0.03270549412469238	0.15450622542594558	0.16917699607010933	0.38329811233967287
0.7031181671811699	0.025715843293417907	0.04928312261213587	0.04102214597463685	0.06247787454188252	0.06219291258222124	0.05618993381453653	0.025715843293417907	0.6251858321609486	0.06344695203991035	0.05281179418582681	0.08043383818861799	0.08006697897131312	0.07233876115996643	0.04928312261213587	0.06344695203991035	0.33983341102109366	0.10121115214966207	0.1541474127208175	0.15344434544895963	0.1386336040074228	0.04102214597463685	0.05281179418582681	0.10121115214966207	0.4335271049331022	0.1283087866816465	0.12772356953777497	0.11539544653735222	0.06247787454188252	0.08043383818861799	0.1541474127208175	0.1283087866816465	0.20435503326148163	0.19452656520105793	0.17575048940449844	0.06219291258222124	0.08006697897131312	0.15344434544895963	0.12772356953777497	0.19452656520105793	0.20709673788806499	0.17494889037061065	0.05618993381453653	0.07233876115996643	0.1386336040074228	0.11539544653735222	0.17575048940449844	0.17494889037061065	0.2667428747056152
0.5550011501634327	0.06680495369264841	0.06145056691368488	0.07314912129862587	0.09270587449073209	0.06849834298671102	0.08238999045416524	0.06680495369264841	0.38093213859261643	0.08973404676937485	0.10681702385218828	0.1353750452625126	0.10002566000453558	0.12031113182612427	0.06145056691368488	0.08973404676937485	0.42335800407252916	0.09825568777352367	0.12452479670325112	0.09200864866209191	0.11066824910554499	0.07314912129862587	0.10681702385218828	0.09825568777352367	0.3322859680600542	0.14823100772247422	0.10952464947898112	0.13173654181415298	0.09270587449073209	0.1353750452625126	0.12452479670325112	0.14823100772247422	0.19339979811366448	0.13880656702339073	0.16695691068397517	0.06849834298671102	0.10002566000453558	0.09200864866209191	0.10952464947898112	0.13880656702339073	0.36777532224234916	0.12336080960194068	0.08238999045416524	0.12031113182612427	0.11066824910554499	0.13173654181415298	0.16695691068397517	0.12336080960194068	0.26457636651409705
0.3800311942631172	0.09464963677905937	0.11056515939129484	0.06436860208637019	0.13498628647399422	0.09786080859960711	0.11753831240656	0.09464963677905937	0.3947040385934403	0.10747693138064693	0.062570703715276	0.131215944774698	0.09512742955031361	0.1142553152065686	0.11056515939129484	0.10747693138064693	0.31099478942143	0.07309209062950754	0.15328016400696443	0.1111232939569145	0.13346757121324518	0.06436860208637019	0.062570703715276	0.07309209062950754	0.5683368481425247	0.08923633754987981	0.06469353574506345	0.07770188213138014	0.13498628647399422	0.131215944774698	0.15328016400696443	0.08923633754987981	0.19266628959619214	0.13566769925158662	0.16294727834668876	0.09786080859960711	0.09512742955031361	0.1111232939569145	0.06469353574506345	0.13566769925158662	0.3773955853444213	0.11813164755209647	0.11753831240656	0.1142553152065686	0.13346757121324518	0.07770188213138014	0.16294727834668876	0.11813164755209647	0.2759579931434642
