0.9943788582308404	0.0012414996966384117	0.00044800898569556153	0.001120975131613488	0.001027989531257002	0.0005428633695408726	0.0012398050544141527	0.0012414996966384117	0.22844090225551048	0.07879849541362151	0.19716379936016157	0.18080893676327064	0.09548205080881565	0.21806431570197465	0.00044800898569556153	0.07879849541362151	0.6712111295420163	0.07114875179301453	0.06524691756537604	0.03445576092432052	0.07869093577595299	0.001120975131613488	0.19716379936016157	0.07114875179301453	0.28420309348083383	0.16325603802715516	0.08621267066109592	0.19689467154611884	0.001027989531257002	0.18080893676327064	0.06524691756537604	0.16325603802715516	0.3300367100609555	0.07906127477935204	0.1805621332726278	0.0005428633695408726	0.09548205080881565	0.03445576092432052	0.08621267066109592	0.07906127477935204	0.6088936612735073	0.09535171818336469	0.0012398050544141527	0.21806431570197465	0.07869093577595299	0.19689467154611884	0.1805621332726278	0.09535171818336469	0.22919642046553973
0.7114019756942028	0.06996245381495568	0.04519453683004594	0.04518822337862002	0.03281317720617602	0.02682561391673202	0.06861401915926812	0.06996245381495568	0.23030726199500717	0.14464245698414321	0.1446222511541835	0.1050166437241162	0.0858537995779301	0.21959513274966622	0.04519453683004594	0.14464245698414321	0.45158585683482305	0.09342347644808718	0.0678389380839985	0.05546007173057017	0.1418546630883333	0.04518822337862002	0.1446222511541835	0.09342347644808718	0.45164941676208514	0.06782946132263705	0.055452324235109235	0.14183484669927907	0.03281317720617602	0.1050166437241162	0.0678389380839985	0.06782946132263705	0.5832427972035393	0.040266396985234515	0.10299258547429938	0.02682561391673202	0.0858537995779301	0.05546007173057017	0.055452324235109235	0.040266396985234515	0.6519427135061946	0.0841990800482302	0.06861401915926812	0.21959513274966622	0.1418546630883333	0.14183484669927907	0.10299258547429938	0.0841990800482302	0.24090967278092573
0.2218573537306065	0.1487637721312607	0.1327503437335439	0.11668129348281349	0.10940821615105074	0.12191064660902813	0.14862837416169608	0.1487637721312607	0.17178135456054888	0.14331251284309496	0.12596494216518764	0.11811318857116895	0.13161036436135137	0.16045386536738693	0.1327503437335439	0.14331251284309496	0.24550693409083654	0.1124056558343398	0.10539909117424645	0.11744338596396074	0.14318207635997704	0.11668129348281349	0.12596494216518764	0.1124056558343398	0.32322978261741697	0.09264083198766535	0.1032271992664799	0.12585029464609648	0.10940821615105074	0.11811318857116895	0.10539909117424645	0.09264083198766535	0.3596402308128514	0.09679275394455711	0.11800568735845952	0.12191064660902813	0.13161036436135137	0.11744338596396074	0.1032271992664799	0.09679275394455711	0.2975250712169916	0.13149057863763053	0.14862837416169608	0.16045386536738693	0.14318207635997704	0.12585029464609648	0.11800568735845952	0.13149057863763053	0.1723891234687529
0.373706540427581	0.12141936669624998	0.12037140966188609	0.06903225154360308	0.10403346900777806	0.08902160208073802	0.12241536058216758	0.12141936669624998	0.1850374421581311	0.16535364511182582	0.09482928259355221	0.14291029208999234	0.12228856037402899	0.16816141097622472	0.12037140966188609	0.16535364511182582	0.19064414435238627	0.09401082161437246	0.14167684927148902	0.12123310142581363	0.1667100285622318	0.06903225154360308	0.09482928259355221	0.09401082161437246	0.4957432697553317	0.08125078807572825	0.069526426387676	0.09560716002973925	0.10403346900777806	0.14291029208999234	0.14167684927148902	0.08125078807572825	0.28126782328750927	0.10477820385526902	0.14408257441223846	0.08902160208073802	0.12228856037402899	0.12123310142581363	0.069526426387676	0.10477820385526902	0.3698604216865023	0.12329168418997591	0.12241536058216758	0.16816141097622472	0.1667100285622318	0.09560716002973925	0.14408257441223846	0.12329168418997591	0.1797317812474275
0.5444695934086501	0.09430622358569465	0.09321760815432951	0.03134708124507818	0.08538124951399571	0.05842001768920201	0.09285822640304986	0.09430622358569465	0.1952111886365795	0.18334732441460375	0.06165577070993909	0.1679341914421318	0.11490483555248278	0.1826404656585684	0.09321760815432951	0.18334732441460375	0.20238474268912016	0.06094405285213982	0.16599565816928147	0.1135784418918646	0.18053217182866055	0.03134708124507818	0.06165577070993909	0.06094405285213982	0.6913292294783168	0.055820777704872	0.03819399270338722	0.060709095306266926	0.08538124951399571	0.1679341914421318	0.16599565816928147	0.055820777704872	0.255481982589794	0.10403044530519583	0.16535569527472907	0.05842001768920201	0.11490483555248278	0.1135784418918646	0.03819399270338722	0.10403044530519583	0.457731703819182	0.11314056303868555	0.09285822640304986	0.1826404656585684	0.18053217182866055	0.060709095306266926	0.16535569527472907	0.11314056303868555	0.2047637824900395
0.6836842826932275	0.006567514419099402	0.08984120029061274	0.00605966913723591	0.08302421723287388	0.04135411095963747	0.08946900526731337	0.006567514419099402	0.9289196817365638	0.018711675087877407	0.0012620775286752734	0.017291868010018245	0.008613027044626643	0.018634156173139238	0.08984120029061274	0.018711675087877407	0.264904399389173	0.017264759968588755	0.23654644331940755	0.11782306645180961	0.2549084554925317	0.00605966913723591	0.0012620775286752734	0.017264759968588755	0.9343185072103294	0.015954742116856033	0.007947008690033354	0.017193235348281134	0.08302421723287388	0.017291868010018245	0.23654644331940755	0.015954742116856033	0.3027333815010773	0.10888287147205988	0.23556647634770794	0.04135411095963747	0.008613027044626643	0.11782306645180961	0.007947008690033354	0.10888287147205988	0.5980449675083751	0.11733494787345825	0.08946900526731337	0.018634156173139238	0.2549084554925317	0.017193235348281134	0.23556647634770794	0.11733494787345825	0.266893723497569
0.5204926956455609	0.01381499838189148	0.14462391905434596	0.0069483456811692814	0.12397493108831559	0.042959337880304524	0.1471857722684137	0.01381499838189148	0.9090444575289683	0.02395652163687175	0.001150972776424663	0.020536078253631504	0.007116086427228328	0.024380884994984326	0.14462391905434596	0.02395652163687175	0.27465642800045215	0.01204909251886613	0.21498432623343375	0.07449557929620929	0.2552341332598232	0.0069483456811692814	0.001150972776424663	0.01204909251886613	0.9536812192559168	0.010328757680407216	0.0035790831838439594	0.012262528903372191	0.12397493108831559	0.020536078253631504	0.21498432623343375	0.010328757680407216	0.3475240559356124	0.06385931435146076	0.21879253645714059	0.042959337880304524	0.007116086427228328	0.07449557929620929	0.0035790831838439594	0.06385931435146076	0.7321754125419109	0.07581518631904287	0.1471857722684137	0.024380884994984326	0.2552341332598232	0.012262528903372191	0.21879253645714059	0.07581518631904287	0.2663289577972255
0.34481225344547134	0.041226437955584186	0.19163183929228242	0.016430604669381038	0.15063233350863822	0.05914779311113974	0.19611873801749746	0.041226437955584186	0.8016671137485487	0.04903663672278949	0.004204424459336986	0.03854528059767278	0.015135318089401013	0.05018478842666544	0.19163183929228242	0.04903663672278949	0.2569932723506	0.019543322980662053	0.17916908137751564	0.07035312744871293	0.23327271982743075	0.016430604669381038	0.004204424459336986	0.019543322980662053	0.9184265820268972	0.015362041902650975	0.0060321104709604246	0.020000913490111023	0.15063233350863822	0.03854528059767278	0.17916908137751564	0.015362041902650975	0.3776259653557623	0.05530112217451876	0.1833641750832363	0.05914779311113974	0.015135318089401013	0.07035312744871293	0.0060321104709604246	0.05530112217451876	0.7220301418082772	0.07200038689698789	0.19611873801749746	0.05018478842666544	0.23327271982743075	0.020000913490111023	0.1833641750832363	0.07200038689698789	0.24505827825806437
0.2404120295770104	0.09080148231674812	0.18927457915426452	0.042514029249050955	0.15618787748291407	0.09033899616062328	0.19047100605938805	0.09080148231674812	0.5731386340775522	0.09510896851432114	0.021362961087179954	0.07848316444932603	0.045394626049879185	0.09571016350499305	0.18927457915426452	0.09510896851432114	0.21335721727106657	0.04453083106242536	0.16359719624424207	0.09462454270827816	0.1995066650454014	0.042514029249050955	0.021362961087179954	0.04453083106242536	0.7887792237785585	0.03674648765443434	0.021254151478519716	0.044812315689830996	0.15618787748291407	0.07848316444932603	0.16359719624424207	0.03674648765443434	0.3222705406543886	0.07808342012665005	0.16463131338804435	0.09033899616062328	0.045394626049879185	0.09462454270827816	0.021254151478519716	0.07808342012665005	0.5750815878896686	0.09522267558638073	0.19047100605938805	0.09571016350499305	0.1995066650454014	0.044812315689830996	0.16463131338804435	0.09522267558638073	0.20964586072596073
0.19414356319618165	0.11179510407900307	0.1599458465638743	0.06482639487093071	0.15024815025614263	0.14910345072789327	0.16993749030597552	0.11179510407900307	0.4221146872040624	0.10741009402683518	0.043533541621080724	0.10089769939681158	0.10012898744459071	0.114119886227617	0.1599458465638743	0.10741009402683518	0.2194785226681305	0.06228366819701525	0.1443548720609971	0.14325507180610533	0.16327192467704346	0.06482639487093071	0.043533541621080724	0.06228366819701525	0.6466130063558048	0.05850733944524007	0.05806158804165929	0.06617446146826968	0.15024815025614263	0.10089769939681158	0.1443548720609971	0.05850733944524007	0.258050018406057	0.13456935591686459	0.15337256451788797	0.14910345072789327	0.10012898744459071	0.14325507180610533	0.05806158804165929	0.13456935591686459	0.26267748513024	0.15220406093264774	0.16993749030597552	0.114119886227617	0.16327192467704346	0.06617446146826968	0.15337256451788797	0.15220406093264774	0.1809196118705596
0.2947766087676381	0.10502544414596002	0.16590945726201486	0.04412474906849034	0.12730204411778506	0.08211483033816605	0.18074686629994569	0.10502544414596002	0.49260163906332277	0.11122575904457684	0.029581247439340347	0.08534333556745732	0.055049811408612453	0.1211727633307307	0.16590945726201486	0.11122575904457684	0.26293750304406954	0.04672971152565328	0.1348174873247752	0.08696258708971612	0.19141749470919447	0.04412474906849034	0.029581247439340347	0.04672971152565328	0.769671586908122	0.0358556281023533	0.02312829176229843	0.05090878519374231	0.12730204411778506	0.08534333556745732	0.1348174873247752	0.0358556281023533	0.40308094202935285	0.06672624503139987	0.14687431782687657	0.08211483033816605	0.055049811408612453	0.08696258708971612	0.02312829176229843	0.06672624503139987	0.591278516928751	0.09473971744105636	0.18074686629994569	0.1211727633307307	0.19141749470919447	0.05090878519374231	0.14687431782687657	0.09473971744105636	0.2141400551984542
0.20123134319885988	0.13568869352018342	0.17332363460130842	0.07485765360233139	0.12926724409027537	0.09618592048100272	0.1894455105060351	0.13568869352018342	0.388104178356224	0.12447661645667835	0.05376085874115376	0.09283643976224096	0.06907827636887068	0.13605493679464614	0.17332363460130842	0.12447661645667835	0.252912419978091	0.06867209930736234	0.11858577708719378	0.08823799258163977	0.1737914599877229	0.07485765360233139	0.05376085874115376	0.06867209930736234	0.6383234805475887	0.05121663322936933	0.038109569410054445	0.07505970516213828	0.12926724409027537	0.09283643976224096	0.11858577708719378	0.05121663322936933	0.41266859478179607	0.06580915609878765	0.12961615495033427	0.09618592048100272	0.06907827636887068	0.08823799258163977	0.038109569410054445	0.06580915609878765	0.546133544962884	0.09644554009675893	0.1894455105060351	0.13605493679464614	0.1737914599877229	0.07505970516213828	0.12961615495033427	0.09644554009675893	0.1995866925023607
0.19307435204967852	0.14641548225165313	0.17063263545941085	0.09487929271496494	0.09097621445161111	0.12666060569282453	0.17736141737985964	0.14641548225165313	0.3366034048336404	0.13355411371460973	0.07426199457272288	0.07120705636106422	0.09913721891662823	0.1388207293496838	0.17063263545941085	0.13355411371460973	0.2489673409968823	0.08654494493032414	0.08298471926153159	0.11553453689266417	0.16178170874457978	0.09487929271496494	0.07426199457272288	0.08654494493032414	0.5439704945149771	0.04614317447823137	0.06424231282024909	0.08995778596853178	0.09097621445161111	0.07120705636106422	0.08298471926153159	0.04614317447823137	0.5608321129273807	0.06159955729813986	0.08625716522204266	0.12666060569282453	0.09913721891662823	0.11553453689266417	0.06424231282024909	0.06159955729813986	0.41273520560738797	0.120090562772108	0.17736141737985964	0.1388207293496838	0.16178170874457978	0.08995778596853178	0.08625716522204266	0.120090562772108	0.22573063056319703
0.19402135634835754	0.14704245506287333	0.1595890797940367	0.11421847194801793	0.08641626459575794	0.11811008597321188	0.18060228627774355	0.14704245506287333	0.31325621011954885	0.13071135093007175	0.09355057870351728	0.07077919555786628	0.09673800310115155	0.14792220652497007	0.1595890797940367	0.13071135093007175	0.2658118829224758	0.10153292641305679	0.07681853980751485	0.1049923227235578	0.16054389740928557	0.11421847194801793	0.09355057870351728	0.10153292641305679	0.44567350374534576	0.0549793021265368	0.07514337875269854	0.11490183831082623	0.08641626459575794	0.07077919555786628	0.07681853980751485	0.0549793021265368	0.5672208681527198	0.056852538737059664	0.0869332910225443	0.11811008597321188	0.09673800310115155	0.1049923227235578	0.07514337875269854	0.056852538737059664	0.4293469349434497	0.11881673576887036	0.18060228627774355	0.14792220652497007	0.16054389740928557	0.11490183831082623	0.0869332910225443	0.11881673576887036	0.1902797446857589
0.39714675023853396	0.10243322029048037	0.11631749125484715	0.07249752608113869	0.07737827293618325	0.10593944568207217	0.12828729351674573	0.10243322029048037	0.3235354854821354	0.13342767298280914	0.08316183660480858	0.08876053623511566	0.12152302772312892	0.1471582206815237	0.11631749125484715	0.13342767298280914	0.24992976821457694	0.09443397537034992	0.10079154856232815	0.13799481920379747	0.16710472441129312	0.07249752608113869	0.08316183660480858	0.09443397537034992	0.49692579274009624	0.06282062862451258	0.08600841452443576	0.10415182605465949	0.07737827293618325	0.08876053623511566	0.10079154856232815	0.06282062862451258	0.4672866259229841	0.09179875415930397	0.1111636335595735	0.10593944568207217	0.12152302772312892	0.13799481920379747	0.08600841452443576	0.09179875415930397	0.3045401837008419	0.15219535500642178	0.12828729351674573	0.1471582206815237	0.16710472441129312	0.10415182605465949	0.1111636335595735	0.15219535500642178	0.18993894676978496
0.19833259016831756	0.11301580629195401	0.17305861604078915	0.06896971585380429	0.15571401753130504	0.10515863409627241	0.18575062001755158	0.11301580629195401	0.48175558790856976	0.10183422406820863	0.04058438498388076	0.09162800740360977	0.06187931090782887	0.1093026784359449	0.17305861604078915	0.10183422406820863	0.26052602261779867	0.06214597522786522	0.14030795047270128	0.09475442647024641	0.16737278510238535	0.06896971585380429	0.04058438498388076	0.06214597522786522	0.6679158909932367	0.055917467142179315	0.0377628460174602	0.06670371978157145	0.15571401753130504	0.09162800740360977	0.14030795047270128	0.055917467142179315	0.3205767407792022	0.08525777428544278	0.15059804238555463	0.10515863409627241	0.06187931090782887	0.09475442647024641	0.0377628460174602	0.08525777428544278	0.5134833550390907	0.10170365318365526	0.18575062001755158	0.1093026784359449	0.16737278510238535	0.06670371978157145	0.15059804238555463	0.10170365318365526	0.218568501093331
0.2003894359148662	0.08479066543791659	0.1691239920449843	0.0353280970509086	0.16758581747530021	0.16364765484668542	0.17913433722933542	0.08479066543791659	0.6036419341840918	0.07371580259968329	0.015398400882912847	0.07304536092212091	0.071328840306529	0.07807899566674406	0.1691239920449843	0.07371580259968329	0.28273991955159583	0.030713746790135117	0.1456967341359189	0.14227295137118784	0.15573685350649194	0.0353280970509086	0.015398400882912847	0.030713746790135117	0.8258744568576744	0.030434406740973217	0.029719217084372185	0.03253167459302325	0.16758581747530021	0.07304536092212091	0.1456967341359189	0.030434406740973217	0.28793826068363076	0.14097898572440457	0.15432043431764864	0.16364765484668542	0.071328840306529	0.14227295137118784	0.029719217084372185	0.14097898572440457	0.30135835071227385	0.15069399995454422	0.17913433722933542	0.07807899566674406	0.15573685350649194	0.03253167459302325	0.15432043431764864	0.15069399995454422	0.24950370473220929
0.1990459554657524	0.12055062118597923	0.1610662921766867	0.07619237631792314	0.15089953957846244	0.11344107858617095	0.17880413668902131	0.12055062118597923	0.41322630307386327	0.11036514450081047	0.05220820885951247	0.10339872648470477	0.07773160269161976	0.12251939320350752	0.1610662921766867	0.11036514450081047	0.2531108928227159	0.06975478466605972	0.13814984383191	0.10385629627885071	0.16369674572296322	0.07619237631792314	0.05220820885951247	0.06975478466605972	0.6099269636294734	0.06535175515157707	0.04912919954960804	0.07743671182584468	0.15089953957846244	0.10339872648470477	0.13814984383191	0.06535175515157707	0.2915354533165317	0.09730072679397875	0.15336395484283213	0.11344107858617095	0.07773160269161976	0.10385629627885071	0.04912919954960804	0.09730072679397875	0.4432473549643601	0.11529374113540929	0.17880413668902131	0.12251939320350752	0.16369674572296322	0.07743671182584468	0.15336395484283213	0.11529374113540929	0.18888531658041804
0.6644170937285306	0.05927514358456638	0.051756779171256775	0.061238935668958376	0.045180071848758545	0.044733023147462504	0.0733989528504693	0.05927514358456638	0.32819397038693154	0.11473664545456563	0.13575709621757773	0.10015711889973342	0.0991660821860344	0.16271394327059668	0.051756779171256775	0.11473664545456563	0.39885176015046564	0.11853788325016722	0.08745335012014263	0.0865880149182405	0.14207556693516663	0.061238935668958376	0.13575709621757773	0.11853788325016722	0.31043460974114945	0.10347533536276388	0.10245146549277015	0.16810467426661915	0.045180071848758545	0.10015711889973342	0.08745335012014263	0.10347533536276388	0.46412670571140235	0.07558532037519154	0.12402209768201204	0.044733023147462504	0.0991660821860344	0.0865880149182405	0.10245146549277015	0.07558532037519154	0.46868117259337194	0.12279492128693335	0.0733989528504693	0.16271394327059668	0.14207556693516663	0.16810467426661915	0.12402209768201204	0.12279492128693335	0.20688984370820987
0.8071591921529302	0.03293439061528455	0.023248497916260272	0.03608489297364366	0.036736706925173335	0.02599120986285147	0.03784510955385629	0.03293439061528455	0.2777333837739278	0.10022073590388665	0.15555648119107796	0.1583663519246635	0.1120441496422641	0.16314450694889474	0.023248497916260272	0.10022073590388665	0.46067496970005717	0.10980784709443484	0.111791344365048	0.07909234483538431	0.11516426018492823	0.03608489297364366	0.15555648119107796	0.10980784709443484	0.2235219171708336	0.17351567018749575	0.12276228807123116	0.17875090331128224	0.036736706925173335	0.1583663519246635	0.111791344365048	0.17351567018749575	0.21263039774482614	0.12497978590737491	0.1819797429454174	0.02599120986285147	0.1120441496422641	0.07909234483538431	0.12276228807123116	0.12497978590737491	0.4063796045034722	0.12875061717742112	0.03784510955385629	0.16314450694889474	0.11516426018492823	0.17875090331128224	0.1819797429454174	0.12875061717742112	0.19436485987819901
0.7141312570092073	0.04845922590880096	0.038346481146737325	0.05095700448571221	0.05650858241245693	0.03977395778751389	0.051823491249571946	0.04845922590880096	0.2837788615883878	0.1078571739794867	0.14332680167594922	0.15894172874094614	0.1118722385119201	0.14576396959451046	0.038346481146737325	0.1078571739794867	0.41073568723635795	0.11341655577892282	0.1257728717347837	0.08852610838262547	0.11534512174108709	0.05095700448571221	0.14332680167594922	0.11341655577892282	0.25424964038652303	0.16713420886379252	0.117638572485807	0.15327721632329458	0.05650858241245693	0.15894172874094614	0.1257728717347837	0.16713420886379252	0.19121154222946551	0.13045486160910275	0.16997620440945402	0.03977395778751389	0.1118722385119201	0.08852610838262547	0.117638572485807	0.13045486160910275	0.39209533045464795	0.119638930768384	0.051823491249571946	0.14576396959451046	0.11534512174108709	0.15327721632329458	0.16997620440945402	0.119638930768384	0.24417506591369947
0.16672943188391925	0.14682051204096094	0.14252209922238865	0.14202447729878465	0.11585976590054896	0.13001851625020552	0.15602519740319826	0.14682051204096094	0.21200785545046924	0.13312130462841307	0.1326565059758301	0.10821762572102754	0.12144246122891063	0.14573373495439407	0.14252209922238865	0.13312130462841307	0.23118028015936026	0.1287727678126337	0.10504937611388175	0.11788703273456182	0.1414671393287664	0.14202447729878465	0.1326565059758301	0.1287727678126337	0.23341503110116368	0.10468259178429071	0.1174754251851543	0.14097320084214832	0.11585976590054896	0.10821762572102754	0.10504937611388175	0.10468259178429071	0.3553551712825944	0.09583330648269814	0.11500216271496284	0.13001851625020552	0.12144246122891063	0.11788703273456182	0.1174754251851543	0.09583330648269814	0.28828714924804105	0.1290561088704334	0.15602519740319826	0.14573373495439407	0.1414671393287664	0.14097320084214832	0.11500216271496284	0.1290561088704334	0.17174245588610282
0.17306404216860158	0.14004688457462405	0.14896387669896094	0.08167030192201667	0.14086870899938692	0.15274003212316345	0.16264615351325218	0.14004688457462405	0.2772376774593736	0.1263720068222712	0.06928417936197567	0.11950455270904771	0.12957547030351266	0.13797922876920027	0.14896387669896094	0.1263720068222712	0.23926462461750436	0.0736956054610881	0.12711358420279123	0.13782573200489312	0.14676457019249653	0.08167030192201667	0.06928417936197567	0.0736956054610881	0.5496308902952782	0.06969075342481379	0.07556375005069328	0.08046451948413752	0.14086870899938692	0.11950455270904771	0.12711358420279123	0.06969075342481379	0.2736976346288499	0.13033584627809436	0.1387889197570212	0.15274003212316345	0.12957547030351266	0.13782573200489312	0.07556375005069328	0.13033584627809436	0.2234741948787431	0.15048497436090533	0.16264615351325218	0.13797922876920027	0.14676457019249653	0.08046451948413752	0.1387889197570212	0.15048497436090533	0.1828716339229928
0.2257418814402219	0.14194626694004073	0.1782335241171907	0.03281828617460399	0.14551710205458823	0.06595495935770601	0.2097879799156441	0.14194626694004073	0.42546907928597894	0.12193522408863329	0.022452033638038063	0.0995528789302739	0.045121885957608736	0.14352263115942346	0.1782335241171907	0.12193522408863329	0.30976715351674244	0.02819168946933692	0.12500265649994027	0.05665688096211568	0.18021287134603686	0.03281828617460399	0.022452033638038063	0.02819168946933692	0.8499061248567549	0.02301684250435065	0.010432278340367772	0.03318274501654706	0.14551710205458823	0.0995528789302739	0.12500265649994027	0.02301684250435065	0.41352041514142013	0.04625698319042358	0.14713312167900017	0.06595495935770601	0.045121885957608736	0.05665688096211568	0.010432278340367772	0.04625698319042358	0.7088895993482299	0.06668741284354687	0.2097879799156441	0.14352263115942346	0.18021287134603686	0.03318274501654706	0.14713312167900017	0.06668741284354687	0.21947323803979712
0.2086050193696927	0.15798302071793988	0.19549757998760336	0.051426737831962624	0.12247350286395488	0.07471333137401157	0.1893008078548339	0.15798302071793988	0.3282017453919561	0.15858499861634587	0.04171667571763354	0.09934885272467776	0.06060644614281942	0.1535582606886264	0.19549757998760336	0.15858499861634587	0.20633441419152654	0.051622694077268445	0.12294017543123091	0.07499801876635949	0.19002211892966428	0.051426737831962624	0.04171667571763354	0.051622694077268445	0.7531787502395774	0.032340104523638155	0.019728650601499774	0.0499863870084199	0.12247350286395488	0.09934885272467776	0.12294017543123091	0.032340104523638155	0.45687001723727444	0.04698406019529815	0.11904328702392507	0.07471333137401157	0.06060644614281942	0.07499801876635949	0.019728650601499774	0.04698406019529815	0.6503487190931225	0.0726207738268888	0.1893008078548339	0.1535582606886264	0.19002211892966428	0.0499863870084199	0.11904328702392507	0.0726207738268888	0.2254683646676405
0.18983218059862286	0.14607926112231703	0.1711928414740853	0.09278292277185055	0.11371636683203241	0.11079881549061477	0.1755976117104797	0.14607926112231703	0.29871578265772003	0.14312415546218515	0.07757028476593436	0.09507149262153249	0.09263230142543812	0.14680672194487507	0.1711928414740853	0.14312415546218515	0.2027583041253192	0.09090597365436359	0.11141594528900725	0.1085574144575272	0.17204536553751482	0.09278292277185055	0.07757028476593436	0.09090597365436359	0.5262749072664802	0.06038510114260558	0.05883583749878485	0.09324497289998221	0.11371636683203241	0.09507149262153249	0.11141594528900725	0.06038510114260558	0.43301820297962645	0.07211022761520001	0.1142826635199974	0.11079881549061477	0.09263230142543812	0.1085574144575272	0.05883583749878485	0.07211022761520001	0.4457148204619646	0.1113505830504723	0.1755976117104797	0.14680672194487507	0.17204536553751482	0.09324497289998221	0.1142826635199974	0.1113505830504723	0.18667208133668117
0.17306591884802497	0.12614961405682754	0.1547173565135354	0.11175916878323856	0.14047794690437088	0.13200330738713306	0.16182668750686388	0.12614961405682754	0.32873469421115653	0.12034921260230191	0.08693354299246861	0.10927287460763949	0.10268074935439621	0.12587931217520518	0.1547173565135354	0.12034921260230191	0.20397466872016312	0.10662044481635546	0.13401872391233044	0.12593375115507355	0.15438584228023455	0.11175916878323856	0.08693354299246861	0.10662044481635546	0.39539200677616404	0.09680763376099992	0.090967501436175	0.11151970143459451	0.14047794690437088	0.10927287460763949	0.13401872391233044	0.09680763376099992	0.26490243699840804	0.11434344023763739	0.14017694357860885	0.13200330738713306	0.10268074935439621	0.12593375115507355	0.090967501436175	0.11434344023763739	0.30235078768397766	0.13172046274560253	0.16182668750686388	0.12587931217520518	0.15438584228023455	0.11151970143459451	0.14017694357860885	0.13172046274560253	0.17449105027888479
0.17619528436765214	0.14163895618258618	0.1583868111901438	0.12072236587496883	0.10980568520856564	0.12712802994492925	0.1661228672311568	0.14163895618258618	0.283879499766599	0.13338444298815572	0.1016655705576014	0.09247215755164291	0.10706005970427146	0.13989931324914553	0.1583868111901438	0.13338444298815572	0.21497487594377074	0.11368684126482415	0.10340636893424097	0.11971919251174724	0.15644146716711996	0.12072236587496883	0.1016655705576014	0.11368684126482415	0.3746193807493188	0.07881629417549811	0.09124992196041104	0.11923962541737963	0.10980568520856564	0.09247215755164291	0.10340636893424097	0.07881629417549811	0.42404409304060686	0.08299837510199609	0.10845702598745106	0.12712802994492925	0.10706005970427146	0.11971919251174724	0.09124992196041104	0.08299837510199609	0.3462778071602229	0.12556661361642402	0.1661228672311568	0.13989931324914553	0.15644146716711996	0.11923962541737963	0.10845702598745106	0.12556661361642402	0.18427308733132555
0.20032574946738685	0.1741803034699637	0.1664183154182416	0.14606857762965025	0.014273261885459373	0.11105902200000378	0.18767477012929823	0.1741803034699637	0.24319503845628015	0.15501255379542797	0.13605751981524922	0.01329501966352365	0.10344740348426913	0.17481216131528973	0.1664183154182416	0.15501255379542797	0.2700126830779915	0.12999439544289434	0.01270255437485525	0.0988374820762206	0.16702201581437215	0.14606857762965025	0.13605751981524922	0.12999439544289434	0.34338020032767347	0.011149277921335195	0.08675157170703524	0.14659845715616526	0.014273261885459373	0.01329501966352365	0.01270255437485525	0.011149277921335195	0.925777815189306	0.008477031282451373	0.014325039683069397	0.11105902200000378	0.10344740348426913	0.0988374820762206	0.08675157170703524	0.008477031282451373	0.47996558886416807	0.11146190058585399	0.18767477012929823	0.17481216131528973	0.16702201581437215	0.14659845715616526	0.014325039683069397	0.11146190058585399	0.19810565531595498
0.21568076904542577	0.20466124540461322	0.19238565227689708	0.1550002005419165	0.008322367317740494	0.07038619188454429	0.15356357352886255	0.20466124540461322	0.22737834237528984	0.18850328486158824	0.1518722763915014	0.008154420865859961	0.06896578940324634	0.15046464069790094	0.19238565227689708	0.18850328486158824	0.2624137955617877	0.1427629686245308	0.00766531823901159	0.06482921743637349	0.1414397629998109	0.1550002005419165	0.1518722763915014	0.1427629686245308	0.37800316051791755	0.0061757508951569805	0.052231242739197214	0.11395440028977934	0.008322367317740494	0.008154420865859961	0.00766531823901159	0.0061757508951569805	0.9607591996190183	0.002804432420202665	0.006118510643009852	0.07038619188454429	0.06896578940324634	0.06482921743637349	0.052231242739197214	0.002804432420202665	0.6890359912298876	0.05174713488654823	0.15356357352886255	0.15046464069790094	0.1414397629998109	0.11395440028977934	0.006118510643009852	0.05174713488654823	0.38271197695408815
0.2853945615295038	0.23735008658607107	0.2735631695080679	0.08110561007097623	0.074311345931202	0.01858430779116323	0.029690918583009956	0.23735008658607107	0.34664669085890404	0.2384533974074365	0.07069631597339975	0.06477404445590695	0.0161991518786584	0.025880312839618256	0.2735631695080679	0.2384533974074365	0.2833443970866553	0.08148262572136787	0.07465677876122709	0.01867069608024498	0.029828935434994704	0.08110561007097623	0.07069631597339975	0.08148262572136787	0.7302022150838041	0.022134133034983162	0.005535460781365872	0.00884363933410143	0.074311345931202	0.06477404445590695	0.07465677876122709	0.022134133034983162	0.7509491432830927	0.0050717520113923945	0.008102802522194084	0.01858430779116323	0.0161991518786584	0.01867069608024498	0.005535460781365872	0.0050717520113923945	0.9339122252044487	0.0020264062527259475	0.029690918583009956	0.025880312839618256	0.029828935434994704	0.00884363933410143	0.008102802522194084	0.0020264062527259475	0.895626985033355
0.20076345781982388	0.16948178875374487	0.18059181606126862	0.12435672063430435	0.05021481184314058	0.0907329492799844	0.18385845560772832	0.16948178875374487	0.24513947026699018	0.1678663151678047	0.11559385643561221	0.04667639771723016	0.08433940248306124	0.17090276917555206	0.18059181606126862	0.1678663151678047	0.20666028143417944	0.1231713720555803	0.049736172204321236	0.08986809716806081	0.18210594590878004	0.12435672063430435	0.11559385643561221	0.1231713720555803	0.415346265882934	0.03424865759218048	0.06188376692370999	0.12539936047567543	0.05021481184314058	0.04667639771723016	0.049736172204321236	0.03424865759218048	0.7434996843210565	0.024988450132558827	0.05063582618951092	0.0907329492799844	0.08433940248306124	0.08986809716806081	0.06188376692370999	0.024988450132558827	0.5566936555387358	0.09149367847388626	0.18385845560772832	0.17090276917555206	0.18210594590878004	0.12539936047567543	0.05063582618951092	0.09149367847388626	0.19560396416886197
0.9999999283329319	2.4364663938852108e-8	2.6390808663054146e-9	2.982779528417518e-9	2.2837974827943013e-15	1.3914178212189728e-8	2.7766363132292648e-8	2.4364663938852108e-8	0.4238492687946947	0.032144419251758385	0.03633072291234554	2.7817011865886015e-8	0.16947687496308336	0.3381986618964374	2.6390808663054146e-9	0.032144419251758385	0.9089310393456148	0.003935195492030744	3.0130250906513875e-9	0.01835704276975882	0.0366322974887308	2.982779528417518e-9	0.03633072291234554	0.003935195492030744	0.8975832406125595	3.405424090541388e-9	0.02074775808312982	0.04140307651173034	2.2837974827943013e-15	2.7817011865886015e-8	3.0130250906513875e-9	3.405424090541388e-9	0.9999999181780764	1.5885745906609435e-8	3.170071438957322e-8	1.3914178212189728e-8	0.16947687496308336	0.01835704276975882	0.02074775808312982	1.5885745906609435e-8	0.5982797202358534	0.1931385741482479	2.7766363132292648e-8	0.3381986618964374	0.0366322974887308	0.04140307651173034	3.170071438957322e-8	0.1931385741482479	0.39062733048777065
0.9999999999996518	1.381357439880353e-13	1.0647499824860934e-15	2.0235099892356368e-15	9.993107893582576e-25	6.81371776737396e-14	1.3880772774222928e-13	1.381357439880353e-13	0.40455891104021136	0.0030185513219686687	0.005736622543784652	2.8330321238716902e-12	0.19316794658408648	0.393517968506983	1.0647499824860934e-15	0.0030185513219686687	0.9924150571825118	4.421787277269156e-5	2.1837004798238143e-14	0.001488938067761053	0.0030332355549629866	2.0235099892356368e-15	0.005736622543784652	4.421787277269156e-5	0.9856249697274164	4.150025646494767e-14	0.0028296605804424596	0.005764529275540484	9.993107893582576e-25	2.8330321238716902e-12	2.1837004798238143e-14	4.150025646494767e-14	0.9999999999928595	1.3974284106825894e-12	2.8468138686061765e-12	6.81371776737396e-14	0.19316794658408648	0.001488938067761053	0.0028296605804424596	1.3974284106825894e-12	0.6084058113434715	0.19410764342277556	1.3880772774222928e-13	0.393517968506983	0.0030332355549629866	0.005764529275540484	2.8468138686061765e-12	0.19410764342277556	0.4035766232367577
0.9999997894764812	7.538386480346425e-8	1.2022326119864064e-8	1.990306764374157e-9	9.79147993589248e-15	3.7500740482784047e-8	8.362627073426041e-8	7.538386480346425e-8	0.424387822036025	0.051207741150870484	0.008477487017466699	4.170570362524763e-8	0.15973017138800494	0.3561966613180713	1.2022326119864064e-8	0.051207741150870484	0.8651594924141951	0.0013520017031047038	6.651285011034381e-9	0.02547399521920143	0.056806750839018136	1.990306764374157e-9	0.008477487017466699	0.0013520017031047038	0.9765488576168267	1.1011261395886878e-9	0.004217242528185953	0.009404408042983075	9.79147993589248e-15	4.170570362524763e-8	6.651285011034381e-9	1.1011261395886878e-9	0.9999998835290307	2.0747075947616367e-8	4.626576883024851e-8	3.7500740482784047e-8	0.15973017138800494	0.02547399521920143	0.004217242528185953	2.0747075947616367e-8	0.6333836038114298	0.1771949288053651	8.362627073426041e-8	0.3561966613180713	0.056806750839018136	0.009404408042983075	4.626576883024851e-8	0.1771949288053651	0.4003971211025305
0.27980293072186513	0.14457012837776514	0.17059761556896358	0.07482980259507081	0.07625571143793487	0.08419399361462018	0.16974981768377959	0.14457012837776514	0.2996157481078909	0.16472572326581245	0.0722541948385445	0.07363102454784928	0.08129607466406258	0.16390710619807447	0.17059761556896358	0.16472572326581245	0.20317919064529577	0.08526238091247904	0.08688708629309641	0.09593210332196495	0.1934158999923871	0.07482980259507081	0.0722541948385445	0.08526238091247904	0.602624366170067	0.038111573210968926	0.04207901927685886	0.08483866299601069	0.07625571143793487	0.07363102454784928	0.08688708629309641	0.038111573210968926	0.5957784600846007	0.042880850146447075	0.0864552942791025	0.08419399361462018	0.08129607466406258	0.09593210332196495	0.04207901927685886	0.042880850146447075	0.5581625975712899	0.09545536140475608	0.16974981768377959	0.16390710619807447	0.1934158999923871	0.08483866299601069	0.0864552942791025	0.09545536140475608	0.20617785744588893
0.2833385248170889	0.10736051986220092	0.14415080691664997	0.11642645424005857	0.1383809658363889	0.053936989620941955	0.15640573870667376	0.10736051986220092	0.4037459368033777	0.11566434969874989	0.09341876334548786	0.11103471958645084	0.043278195680317724	0.12549751502341738	0.14415080691664997	0.11566434969874989	0.2390575249207224	0.1254314913405038	0.14908408085853625	0.05810876136983882	0.16850298489500215	0.11642645424005857	0.09341876334548786	0.1254314913405038	0.3612845940567899	0.12041091749166423	0.04693277263778253	0.13609500688771564	0.1383809658363889	0.11103471958645084	0.14908408085853625	0.12041091749166423	0.2635480274284099	0.0557828755448039	0.161758413253749	0.053936989620941955	0.043278195680317724	0.05810876136983882	0.04693277263778253	0.0557828755448039	0.6789115472052394	0.06304885794107691	0.15640573870667376	0.12549751502341738	0.16850298489500215	0.13609500688771564	0.161758413253749	0.06304885794107691	0.18869148329236868
0.8649923573303577	0.024211948769885208	0.0242127669947668	0.02405806283440185	0.019429279537024256	0.01434439492737728	0.02875118960618624	0.024211948769885208	0.30836863692941907	0.14585468259143156	0.14492276406223245	0.11703955192173454	0.08640884247351609	0.17319357325177734	0.0242127669947668	0.14585468259143156	0.30835019281060805	0.1449276616197398	0.11704350718673297	0.0864117625963684	0.1731994262003489	0.02405806283440185	0.14492276406223245	0.1449276616197398	0.31184339912203707	0.1162956737189841	0.08585964646767416	0.17209279217492723	0.019429279537024256	0.11703955192173454	0.11704350718673297	0.1162956737189841	0.42186972693888997	0.06934020763239038	0.13898205306424097	0.01434439492737728	0.08640884247351609	0.0864117625963684	0.08585964646767416	0.06934020763239038	0.5550264283137272	0.10260871758894438	0.02875118960618624	0.17319357325177734	0.1731994262003489	0.17209279217492723	0.13898205306424097	0.10260871758894438	0.21117224811357083
0.3942917046913818	0.11466384214693626	0.12111773449748803	0.09432954805946173	0.0698997142945918	0.07560685943595104	0.13009059687419117	0.11466384214693626	0.26786367368475106	0.15230162547499063	0.11861634928512661	0.08789662514307155	0.09507317517892723	0.16358470908619885	0.12111773449748803	0.15230162547499063	0.23522748541241006	0.12529270980966453	0.09284391581490553	0.10042440034756982	0.17279212864297375	0.09432954805946173	0.11861634928512661	0.12529270980966453	0.3766642808149776	0.07230918457339862	0.07821305722264134	0.13457487023473128	0.0698997142945918	0.08789662514307155	0.09284391581490553	0.07230918457339862	0.519371278966911	0.05795713502754152	0.09972214617958132	0.07560685943595104	0.09507317517892723	0.10042440034756982	0.07821305722264134	0.05795713502754152	0.48486115095271376	0.10786422183465659	0.13009059687419117	0.16358470908619885	0.17279212864297375	0.13457487023473128	0.09972214617958132	0.10786422183465659	0.19137132714766955
0.20634005676698475	0.15526793908294206	0.17908668752112913	0.07907333038220993	0.10517100458325422	0.095113576539838	0.17994740512363827	0.15526793908294206	0.2829374913854626	0.15759897973459058	0.06958572055213319	0.09255206654055328	0.08370137852830531	0.15835642417600973	0.17908668752112913	0.15759897973459058	0.19711345627919735	0.08026045986090871	0.1067499389627936	0.09654151855251333	0.1826489590888635	0.07907333038220993	0.06958572055213319	0.08026045986090871	0.6006736628101895	0.047134007048345354	0.042626615622685375	0.08064620372352616	0.10517100458325422	0.09255206654055328	0.1067499389627936	0.047134007048345354	0.484434715446889	0.05669527216512272	0.10726299525303969	0.095113576539838	0.08370137852830531	0.09654151855251333	0.042626615622685375	0.05669527216512272	0.528316126955328	0.09700551163620531	0.17994740512363827	0.15835642417600973	0.1826489590888635	0.08064620372352616	0.10726299525303969	0.09700551163620531	0.19413250099871351
