0.45051328684653136	0.38025217665872874	0.0030368043944953246	0.16430832922732624	0.0008159218057008566	3.911993766920671e-5	0.0010343611295441043	0.38025217665872874	0.43048475557068205	0.003396203445383952	0.18375385482141404	0.0009124843380456359	4.374969534955663e-5	0.0011567754703913748	0.0030368043944953246	0.003396203445383952	0.9920826053636175	0.0014675116885075605	7.287365116576607e-6	3.493977819214555e-7	9.238345097184561e-6	0.16430832922732624	0.18375385482141404	0.0014675116885075605	0.6495572652783074	0.0003942877548994027	1.890440025946703e-5	0.0004998468292838849	0.0008159218057008566	0.0009124843380456359	7.287365116576607e-6	0.0003942877548994027	0.9978674427229464	9.387541379022691e-8	2.482137877252102e-6	3.911993766920671e-5	4.374969534955663e-5	3.493977819214555e-7	1.890440025946703e-5	9.387541379022691e-8	0.9998976636857017	1.1900782448272954e-7	0.0010343611295441043	0.0011567754703913748	9.238345097184561e-6	0.0004998468292838849	2.482137877252102e-6	1.1900782448272954e-7	0.9972971770799818
0.36319262059362295	0.14530483691329815	0.1419588034200328	0.11684796447194541	0.05688900929668439	0.04279214739057253	0.13301461791385197	0.14530483691329815	0.20019457071763663	0.18903690804757844	0.15559850733647973	0.07575523433735544	0.05698339966627631	0.1771265429813863	0.1419588034200328	0.18903690804757844	0.21425915364616743	0.15201543448006397	0.07401076693511607	0.05567120409251674	0.1730477293785352	0.11684796447194541	0.15559850733647973	0.15201543448006397	0.32635770880084497	0.06091913468577106	0.04582362432758321	0.1424376258973206	0.05688900929668439	0.07575523433735544	0.07401076693511607	0.06091913468577106	0.6407683229887463	0.022309850258500203	0.06934768149783083	0.04279214739057253	0.05698339966627631	0.05567120409251674	0.04582362432758321	0.022309850258500203	0.7242561622674895	0.05216361199706479	0.13301461791385197	0.1771265429813863	0.1730477293785352	0.1424376258973206	0.06934768149783083	0.05216361199706479	0.25286219033402035
0.37291702069351146	0.12562010188003303	0.1339788188642704	0.065873853786047	0.10781684574344286	0.06417351670147149	0.12961984233122767	0.12562010188003303	0.22994496851543658	0.17217751221466424	0.08465514445506735	0.13855650044015108	0.08247002436197912	0.1665757481326736	0.1339788188642704	0.17217751221466424	0.19016241062842265	0.09028806771471734	0.14777600079218567	0.08795755050634785	0.1776596392793973	0.065873853786047	0.08465514445506735	0.09028806771471734	0.5559283985652032	0.07265756447019425	0.043246409175347486	0.08735056183342627	0.10781684574344286	0.13855650044015108	0.14777600079218567	0.07265756447019425	0.3194428269776189	0.0707821261248856	0.142968135451526	0.06417351670147149	0.08247002436197912	0.08795755050634785	0.043246409175347486	0.0707821261248856	0.5662745055509039	0.08509586757906733	0.12961984233122767	0.1665757481326736	0.1776596392793973	0.08735056183342627	0.142968135451526	0.08509586757906733	0.2107302053926871
0.4984093960610158	0.034795062485207064	0.1265413049938511	0.033561900749144655	0.11350688760666072	0.06858197184733297	0.12460347625678858	0.034795062485207064	0.7434628029241312	0.06011098348505324	0.015942927582079713	0.05391923725375933	0.0325785306014328	0.0591904556683369	0.1265413049938511	0.06011098348505324	0.22553394348267017	0.05798060752201649	0.1960913462726082	0.11848030963703805	0.21526150460676405	0.033561900749144655	0.015942927582079713	0.05798060752201649	0.751989634775109	0.05200830117634102	0.03142392433015781	0.057092703865151515	0.11350688760666072	0.05391923725375933	0.1960913462726082	0.05200830117634102	0.28510956884777394	0.1062762170046146	0.1930884418382435	0.06858197184733297	0.0325785306014328	0.11848030963703805	0.03142392433015781	0.1062762170046146	0.5259931211768614	0.1166659254025632	0.12460347625678858	0.0591904556683369	0.21526150460676405	0.057092703865151515	0.1930884418382435	0.1166659254025632	0.2340974923621536
0.9984702126321728	0.0003344415958646287	0.0001883951405215084	0.0002283927498163419	0.00019851916945381096	0.0002450928447654773	0.000334945867405358	0.0003344415958646287	0.227242686829674	0.12173943209200937	0.14758556712029156	0.12828149856617552	0.1583770348267437	0.21643933896924739	0.0001883951405215084	0.12173943209200937	0.5115340401545216	0.08313679877256709	0.07226257513274933	0.08921576771700811	0.12192299099062615	0.0002283927498163419	0.14758556712029156	0.08313679877256709	0.42547981722966854	0.08760442651382719	0.10815690075369658	0.14780809686013674	0.00019851916945381096	0.12828149856617552	0.07226257513274933	0.08760442651382719	0.48916799028248253	0.09401006873286397	0.12847492160245125	0.0002450928447654773	0.1583770348267437	0.08921576771700811	0.10815690075369658	0.09401006873286397	0.39137929916711633	0.15861583595781037	0.000334945867405358	0.21643933896924739	0.12192299099062615	0.14780809686013674	0.12847492160245125	0.15861583595781037	0.2264038697523288
0.9999984401955337	4.426730472808739e-7	3.905980236129191e-8	3.2526235270915054e-7	9.700879850228313e-9	2.9392414687960685e-7	4.491842371657256e-7	4.426730472808739e-7	0.2989162980711327	0.02451293829931744	0.20412637804208597	0.006088025408274832	0.18445931729238313	0.2818966002137554	3.905980236129191e-8	0.02451293829931744	0.9157890058259798	0.01801134275516738	0.0005371844314407905	0.016275995390719642	0.024873494237572343	3.2526235270915054e-7	0.20412637804208597	0.01801134275516738	0.4307248753686576	0.0044732912469191465	0.13553495495192414	0.20712883237289087	9.700879850228313e-9	0.006088025408274832	0.0005371844314407905	0.0044732912469191465	0.978681615310157	0.0040423009381304695	0.0061775729641980375	2.9392414687960685e-7	0.18445931729238313	0.016275995390719642	0.13553495495192414	0.0040423009381304695	0.4725146447678516	0.1871724927348418	4.491842371657256e-7	0.2818966002137554	0.024873494237572343	0.20712883237289087	0.0061775729641980375	0.1871724927348418	0.29275055829250113
0.9998551976692871	3.8850183314652184e-5	1.2784809275573428e-5	2.0824204616024342e-5	1.3355635712736516e-6	2.350324813902451e-5	4.7504321796523643e-5	3.8850183314652184e-5	0.4046785826045356	0.07183029578685554	0.11699891213495953	0.007503743254897533	0.1320508761130714	0.26689873992236113	1.2784809275573428e-5	0.07183029578685554	0.7558993678541924	0.03850197475209577	0.0024693300824285796	0.04345527155186621	0.08783097516328439	2.0824204616024342e-5	0.11699891213495953	0.03850197475209577	0.6266139907612411	0.004022104185726354	0.07078099070041668	0.14306120326094196	1.3355635712736516e-6	0.007503743254897533	0.0024693300824285796	0.004022104185726354	0.9722886848586435	0.004539549743253692	0.009175252311479021	2.350324813902451e-5	0.1320508761130714	0.04345527155186621	0.07078099070041668	0.004539549743253692	0.587683715637136	0.16146609300611434	4.7504321796523643e-5	0.26689873992236113	0.08783097516328439	0.14306120326094196	0.009175252311479021	0.16146609300611434	0.3315202320140169
0.5353256570348731	0.09770205373625215	0.09880731622623118	0.05008808417011781	0.04991104125617516	0.0724305587450451	0.09573528883130711	0.09770205373625215	0.20509150949209748	0.18772288506529516	0.09516177573611345	0.0948254139376654	0.1376099865254871	0.18188637550709233	0.09880731622623118	0.18772288506529516	0.1982226725691546	0.09623830112302961	0.09589813420417036	0.13916671077576456	0.18394398003635754	0.05008808417011781	0.09516177573611345	0.09623830112302961	0.5461050041632336	0.04861334161508733	0.07054734597845899	0.09324614721396096	0.04991104125617516	0.0948254139376654	0.09589813420417036	0.04861334161508733	0.5475375254149388	0.07029798711576969	0.09291655645619479	0.0724305587450451	0.1376099865254871	0.13916671077576456	0.07054734597845899	0.07029798711576969	0.3751075451422883	0.1348398657171886	0.09573528883130711	0.18188637550709233	0.18394398003635754	0.09324614721396096	0.09291655645619479	0.1348398657171886	0.21743178623790146
0.7075167874729217	0.06761120794280241	0.06734432908059929	0.03381822067675881	0.007212305848294092	0.0519527466387862	0.06454440233983766	0.06761120794280241	0.22288085009704403	0.21248236932381775	0.106702015653216	0.022756004193009896	0.16391941013292316	0.2036481426571876	0.06734432908059929	0.21248236932381775	0.2251096169856119	0.10628083529867477	0.02266618037988622	0.16327237797656396	0.20284429095484693	0.03381822067675881	0.106702015653216	0.10628083529867477	0.5579643128833454	0.011382248519675831	0.08199029352898085	0.10186207343934892	0.007212305848294092	0.022756004193009896	0.02266618037988622	0.011382248519675831	0.8967736434336957	0.017485812727244063	0.021723804898193984	0.0519527466387862	0.16391941013292316	0.16327237797656396	0.08199029352898085	0.017485812727244063	0.36489523926377415	0.15648411973172804	0.06454440233983766	0.2036481426571876	0.20284429095484693	0.10186207343934892	0.021723804898193984	0.15648411973172804	0.2488931659788576
0.9972991606386649	0.0006391186561951503	0.0006386506089942501	0.00034158018031638955	8.357501109829853e-7	0.00044776164557205385	0.0006328925201463655	0.0006391186561951503	0.24614787736747024	0.23331964532955418	0.12479024587251697	0.00030532644411905866	0.1635817563872232	0.23121602994291857	0.0006386506089942501	0.23331964532955418	0.24652908008564728	0.12469885795148834	0.00030510284371849835	0.16346196019217674	0.23104670298841795	0.00034158018031638955	0.12479024587251697	0.12469885795148834	0.5390044701618072	0.00016318325373012555	0.08742709245238803	0.12357457012775142	8.357501109829853e-7	0.00030532644411905866	0.00030510284371849835	0.00016318325373012555	0.9987092903059309	0.00021390937305649382	0.0003023520293340261	0.00044776164557205385	0.1635817563872232	0.16346196019217674	0.08742709245238803	0.00021390937305649382	0.4228793366187754	0.16198818333080617	0.0006328925201463655	0.23121602994291857	0.23104670298841795	0.12357457012775142	0.0003023520293340261	0.16198818333080617	0.25123926906062277
0.9955190639154085	0.0010979352285577979	0.001046052758436603	0.0003873090727148036	6.141779954772854e-7	0.0008433804003719118	0.001105644446514825	0.0010979352285577979	0.2564041123841451	0.2295867084523554	0.08500624317574978	0.0001347992280965257	0.18510436355429002	0.2426658379768034	0.001046052758436603	0.2295867084523554	0.28069340121131947	0.08098930870004845	0.00012842934693945167	0.17635733425637484	0.23119876527452382	0.0003873090727148036	0.08500624317574978	0.08098930870004845	0.68266880918346	4.755195268241478e-5	0.06529765831254761	0.08560311960279614	6.141779954772854e-7	0.0001347992280965257	0.00012842934693945167	4.755195268241478e-5	0.9994493133596913	0.000103546205645671	0.00013574572894903974	0.0008433804003719118	0.18510436355429002	0.17635733425637484	0.06529765831254761	0.000103546205645671	0.385889632342831	0.18640408492793722	0.001105644446514825	0.2426658379768034	0.23119876527452382	0.08560311960279614	0.00013574572894903974	0.18640408492793722	0.2528868020424735
0.6584781322713127	0.08832399717799383	0.08615990395619601	0.01863272918259879	0.0012635796817548066	0.06428274236544904	0.0828589153646933	0.08832399717799383	0.24067023059543619	0.22833443568601958	0.04937904417073308	0.0033486429340089325	0.1703572430840558	0.21958640635174873	0.08615990395619601	0.22833443568601958	0.25368054986564337	0.04816917077049068	0.003266595294553644	0.16618319110699895	0.214206153320094	0.01863272918259879	0.04937904417073308	0.04816917077049068	0.8008505647812558	0.0007064258741921747	0.03593836868911803	0.04632369653161069	0.0012635796817548066	0.0033486429340089325	0.003266595294553644	0.0007064258741921747	0.9858361491755095	0.0024371626950598444	0.003141444344920969	0.06428274236544904	0.1703572430840558	0.16618319110699895	0.03593836868911803	0.0024371626950598444	0.4009849699105575	0.1598163221487581	0.0828589153646933	0.21958640635174873	0.214206153320094	0.04632369653161069	0.003141444344920969	0.1598163221487581	0.2740670619381705
0.4159980683735278	0.14325827987823866	0.13620882199742018	0.05851107946510322	0.030704704668917622	0.08115061889375502	0.1341684267230378	0.14325827987823866	0.21473779797910908	0.19840693701636417	0.08522945788645092	0.04472563756162126	0.11820706981811485	0.19543481986010142	0.13620882199742018	0.19840693701636417	0.24361579006656264	0.08103548407854125	0.042524777000881725	0.1123903326591456	0.18581785718108487	0.05851107946510322	0.08522945788645092	0.08103548407854125	0.6288556787280758	0.018267323436520953	0.04827939621600432	0.07982158018930362	0.030704704668917622	0.04472563756162126	0.042524777000881725	0.018267323436520953	0.7965543462020906	0.02533545126765602	0.041887759862311906	0.08115061889375502	0.11820706981811485	0.1123903326591456	0.04827939621600432	0.02533545126765602	0.503930395042416	0.11070673610290839	0.1341684267230378	0.19543481986010142	0.18581785718108487	0.07982158018930362	0.041887759862311906	0.11070673610290839	0.2521628200812524
0.6121156715818171	0.08113782347874754	0.06611675501750955	0.07294821969406382	0.03505015801955949	0.05230019920168733	0.08033117300661376	0.08113782347874754	0.19835875737097725	0.15529874761781665	0.17134487553778596	0.0823277797405913	0.12284564531386037	0.18868637094021723	0.06611675501750955	0.15529874761781665	0.31801632828811827	0.13962374973497788	0.06708641433634108	0.1001031958703183	0.15375480913491527	0.07294821969406382	0.17134487553778596	0.13962374973497788	0.2619773915922273	0.07401806834286376	0.11044628434187395	0.169641410756204	0.03505015801955949	0.0823277797405913	0.06708641433634108	0.07401806834286376	0.6069410537222651	0.0530672267958158	0.08150929904256188	0.05230019920168733	0.12284564531386037	0.1001031958703183	0.11044628434187395	0.0530672267958158	0.4396131016093901	0.12162434686705204	0.08033117300661376	0.18868637094021723	0.15375480913491527	0.169641410756204	0.08150929904256188	0.12162434686705204	0.20445259025243206
0.8012085198239876	0.042045359696948344	0.03094391911783488	0.04102828105761824	0.011601278323416557	0.0302384371297004	0.04293420485049501	0.042045359696948344	0.22441882078737108	0.1448104297558018	0.19200292598590626	0.05429131627875605	0.14150893618940186	0.20092221130581966	0.03094391911783488	0.1448104297558018	0.39096428608032385	0.14130746067863326	0.03995651629191683	0.10414564431026918	0.1478717437652238	0.04102828105761824	0.19200292598590626	0.14130746067863326	0.2385355980016125	0.052978007545372935	0.13808583035061386	0.1960618963802478	0.011601278323416557	0.05429131627875605	0.03995651629191683	0.052978007545372935	0.7466882802315769	0.03904555855430102	0.055439042774660996	0.0302384371297004	0.14150893618940186	0.10414564431026918	0.13808583035061386	0.03904555855430102	0.40247513733161544	0.1445004561341016	0.04293420485049501	0.20092221130581966	0.1478717437652238	0.1960618963802478	0.055439042774660996	0.1445004561341016	0.21227044478945625
0.6559981496421816	0.07650983907141198	0.07174391685284466	0.06320508232759671	0.009629330222290126	0.04759137562665614	0.0753223062570165	0.07650983907141198	0.21108568439196002	0.1910736970589879	0.16833244242884898	0.025645543294614073	0.12674886579945122	0.20060392795472007	0.07174391685284466	0.1910736970589879	0.24832614812428513	0.15784674101822974	0.024048040723984556	0.11885347295817252	0.18810798326349	0.06320508232759671	0.16833244242884898	0.15784674101822974	0.31900240415611747	0.021185885305014196	0.10470774210237763	0.16571970266181044	0.009629330222290126	0.025645543294614073	0.024048040723984556	0.021185885305014196	0.8782914255165751	0.01595228403165855	0.025247490905862754	0.04759137562665614	0.12674886579945122	0.11885347295817252	0.10470774210237763	0.01595228403165855	0.4613647019284766	0.12478155755320372	0.0753223062570165	0.20060392795472007	0.18810798326349	0.16571970266181044	0.025247490905862754	0.12478155755320372	0.2202170314038908
0.8931005598385535	0.024890964441195075	0.024235146106558525	0.010112581688739969	0.00034691751082194776	0.02043668389442919	0.026877146519701755	0.024890964441195075	0.28778040374083225	0.20311936868759625	0.08475547039771043	0.002907581636809564	0.17128373447606554	0.22526247661979046	0.024235146106558525	0.20311936868759625	0.3011939966210062	0.08252236321623171	0.0028309737033814643	0.1667708111717153	0.21932734049351013	0.010112581688739969	0.08475547039771043	0.08252236321623171	0.6603214130425221	0.0011812783264538405	0.06958833439073024	0.09151855893761167	0.00034691751082194776	0.002907581636809564	0.0028309737033814643	0.0011812783264538405	0.9872063908816021	0.00238726494303212	0.003139592997898833	0.02043668389442919	0.17128373447606554	0.1667708111717153	0.06958833439073024	0.00238726494303212	0.3845817989571937	0.1849513721668341	0.026877146519701755	0.22526247661979046	0.21932734049351013	0.09151855893761167	0.003139592997898833	0.1849513721668341	0.24892351226465265
0.9988931246381183	0.00030037770931656555	0.00018145262574069016	0.0001737959200952862	5.050000534222679e-7	0.00015257322854394755	0.000298170878131798	0.00030037770931656555	0.27688438644349894	0.16262505173163375	0.15576280795535924	0.00045260110994281246	0.13674218867618063	0.2672325863740674	0.00018145262574069016	0.16262505173163375	0.49879295302845517	0.09409343509726305	0.0002734079702489594	0.08260343033201725	0.1614302692146409	0.0001737959200952862	0.15576280795535924	0.09409343509726305	0.5159718121253374	0.00026187105067693124	0.07911783650954624	0.15461844134172156	5.050000534222679e-7	0.00045260110994281246	0.0002734079702489594	0.00026187105067693124	0.9983324456875637	0.00022989326586072593	0.00044927591565341345	0.00015257322854394755	0.13674218867618063	0.08260343033201725	0.07911783650954624	0.00022989326586072593	0.5654165142118684	0.1357375637759823	0.000298170878131798	0.2672325863740674	0.1614302692146409	0.15461844134172156	0.00044927591565341345	0.1357375637759823	0.28023369249980223
0.9999593812625999	1.1351984405675272e-5	2.2443482538300134e-6	1.0259849607465096e-5	6.837726838704655e-8	5.256596975016715e-6	1.1437580889799301e-5	1.1351984405675272e-5	0.290515459643509	0.05440661325707811	0.2487152645390729	0.0016575750177633707	0.12742836954113904	0.27726536601702867	2.2443482538300134e-6	0.05440661325707811	0.8160809641330797	0.04917234288923719	0.000327711478783359	0.02519327268676324	0.05481685120680374	1.0259849607465096e-5	0.2487152645390729	0.04917234288923719	0.3348444634619716	0.001498105510684221	0.115168930866656	0.25059063288276784	6.837726838704655e-8	0.0016575750177633707	0.000327711478783359	0.001498105510684221	0.9940789171539173	0.000767548959975858	0.0016700735016074322	5.256596975016715e-6	0.12742836954113904	0.02519327268676324	0.115168930866656	0.000767548959975858	0.603047413594348	0.12838920775414134	1.1437580889799301e-5	0.27726536601702867	0.05481685120680374	0.25059063288276784	0.0016700735016074322	0.12838920775414134	0.2872564310567578
0.9997714343659159	4.5147113822156e-5	1.5442201634625672e-5	5.620402759244933e-5	1.4624277611444166e-5	3.856868109255971e-5	5.857933233089732e-5	4.5147113822156e-5	0.3850881366524703	0.0517662872698982	0.1884105587348487	0.049024392626195	0.129292277895252	0.19637319970751527	1.5442201634625672e-5	0.0517662872698982	0.755614366791524	0.0644442931509874	0.01676839318967138	0.04422336791945102	0.067167849476834	5.620402759244933e-5	0.1884105587348487	0.0644442931509874	0.2806343244642428	0.06103088509089884	0.16095706101924073	0.2444666735121913	1.4624277611444166e-5	0.049024392626195	0.01676839318967138	0.06103088509089884	0.7676705238801739	0.04188099758501585	0.0636101833504343	3.856868109255971e-5	0.129292277895252	0.04422336791945102	0.16095706101924073	0.04188099758501585	0.4558482695738465	0.16775945732610306	5.857933233089732e-5	0.19637319970751527	0.067167849476834	0.2444666735121913	0.0636101833504343	0.16775945732610306	0.26056405729459364
0.9558274478405423	0.0061781811787214634	0.006502193542478364	0.008250553067242698	0.008150775475820715	0.006259252740154257	0.008831596155039876	0.0061781811787214634	0.40099706231070414	0.10145348387419673	0.1287330724765944	0.1271762464307062	0.09766288757620054	0.1377990661528724	0.006502193542478364	0.10145348387419673	0.37490327031058857	0.13548442953463743	0.13384595633848048	0.10278478059608728	0.14502588580352652	0.008250553067242698	0.1287330724765944	0.13548442953463743	0.24325257076972334	0.16983548065620457	0.1304223384420639	0.18402155505352777	0.008150775475820715	0.1271762464307062	0.13384595633848048	0.16983548065620457	0.25035035683669715	0.12884508335488215	0.18179610090720288	0.006259252740154257	0.09766288757620054	0.10278478059608728	0.1304223384420639	0.12884508335488215	0.3944183590490629	0.1396072982415445	0.008831596155039876	0.1377990661528724	0.14502588580352652	0.18402155505352777	0.18179610090720288	0.1396072982415445	0.20291849768627987
0.36555166202156797	0.12247398187556154	0.12413382187224385	0.04753648681647493	0.12178695875278088	0.09428514947126156	0.12423193919010898	0.12247398187556154	0.19251846058256272	0.16608762746694786	0.06360250731333944	0.16294758938850662	0.12615092764295086	0.1662189057301307	0.12413382187224385	0.16608762746694786	0.18382591011281768	0.06446448619172052	0.16515595170422537	0.12786059978811795	0.1684716028639265	0.04753648681647493	0.06360250731333944	0.06446448619172052	0.6476717138629005	0.0632457262850596	0.048963639598802115	0.0645154399317028	0.12178695875278088	0.16294758938850662	0.16515595170422537	0.0632457262850596	0.19613400178001428	0.1254432785331261	0.1652864935562869	0.09428514947126156	0.12615092764295086	0.12786059978811795	0.048963639598802115	0.1254432785331261	0.3493347421560984	0.1279616628096428	0.12423193919010898	0.1662189057301307	0.1684716028639265	0.0645154399317028	0.1652864935562869	0.1279616628096428	0.18331395591820085
0.5132502354184333	0.0008802266468714826	0.05168391226736142	0.0005986247145611051	0.18653215131694598	0.06108612742026129	0.18596872221556132	0.0008802266468714826	0.9953294433727982	0.00040319276446195443	4.669947435298174e-6	0.0014551610056425513	0.0004765406391343164	0.0014507656236561715	0.05168391226736142	0.00040319276446195443	0.7490317280270725	0.0002742034161280967	0.08544210064285392	0.02798084410690009	0.08518401877522015	0.0005986247145611051	4.669947435298174e-6	0.0002742034161280967	0.9968221529035011	0.0009896261885950462	0.00032408585344746716	0.0009866369763321188	0.18653215131694598	0.0014551610056425513	0.08544210064285392	0.0009896261885950462	0.3171582157237871	0.1009855256298039	0.307437219492365	0.06108612742026129	0.0004765406391343164	0.02798084410690009	0.00032408585344746716	0.1009855256298039	0.708466382231605	0.10068049411884587	0.18596872221556132	0.0014507656236561715	0.08518401877522015	0.0009866369763321188	0.307437219492365	0.10068049411884587	0.31829214279801293
0.7281611310283732	2.7186606764262915e-5	0.012503921638888946	4.4777999856330226e-5	0.12321252836969507	0.012271437805044166	0.12377901655137473	2.7186606764262915e-5	0.9997821831184738	8.769402392439394e-6	3.140425143480386e-8	8.641290886718323e-5	8.606354002694124e-6	8.681020524820498e-5	0.012503921638888946	8.769402392439394e-6	0.9038441343247433	1.4443740716657966e-5	0.03974384337231963	0.003958315834680929	0.039926571686256934	4.4777999856330226e-5	3.140425143480386e-8	1.4443740716657966e-5	0.999641262628701	0.00014232733251308768	1.4175190072000618e-5	0.0001429817038896472	0.12321252836969507	8.641290886718323e-5	0.03974384337231963	0.00014232733251308768	0.404377121303679	0.039004891118317474	0.39343287559459794	0.012271437805044166	8.606354002694124e-6	0.003958315834680929	1.4175190072000618e-5	0.039004891118317474	0.9055583517100608	0.039184221987820705	0.12377901655137473	8.681020524820498e-5	0.039926571686256934	0.0001429817038896472	0.39343287559459794	0.039184221987820705	0.4034475222708011
0.39845714025358053	0.0016957847357294714	0.17448503020062495	0.0018705084957139832	0.17108082844695127	0.08041066365430977	0.17200004421308968	0.0016957847357294714	0.9903858189983593	0.00230332307875871	2.4692005854246765e-5	0.0022583852611420823	0.0010614763751384127	0.0022705195450177305	0.17448503020062495	0.00230332307875871	0.24545776440514397	0.002540644043088953	0.23237290216880813	0.10921889640291156	0.23362143970066335	0.0018705084957139832	2.4692005854246765e-5	0.002540644043088953	0.9893977740311111	0.002491076095070722	0.0011708447044382591	0.0025044606247227367	0.17108082844695127	0.0022583852611420823	0.23237290216880813	0.002491076095070722	0.2556452845524006	0.1070880364761798	0.22906348699944695	0.08041066365430977	0.0010614763751384127	0.10921889640291156	0.0011708447044382591	0.1070880364761798	0.5933866628454963	0.10766341954152561	0.17200004421308968	0.0022705195450177305	0.23362143970066335	0.0025044606247227367	0.22906348699944695	0.10766341954152561	0.2528766293755337
0.25862251139262	0.14916770436821797	0.14937935758542026	0.049451486885360246	0.1351985766591278	0.11210862365161706	0.14607173945763302	0.14916770436821797	0.1821486925368268	0.16866916034924762	0.05583730513907121	0.15265717281230412	0.12658554518428078	0.1649344196100474	0.14937935758542026	0.16866916034924762	0.18122757163757527	0.05591653237745128	0.15287377721666612	0.12676515670275948	0.1651684441308759	0.049451486885360246	0.05583730513907121	0.05591653237745128	0.6915428291735679	0.050608301651200185	0.041965138862124725	0.05467840591122318	0.1351985766591278	0.15265717281230412	0.15287377721666612	0.050608301651200185	0.24444221550570033	0.11473117191834226	0.14948878423665546	0.11210862365161706	0.12658554518428078	0.12676515670275948	0.041965138862124725	0.11473117191834226	0.35388609232732937	0.1239582713535433	0.14607173945763302	0.1649344196100474	0.1651684441308759	0.05467840591122318	0.14948878423665546	0.1239582713535433	0.19569993530001772
0.28441264486960965	0.1415563520701694	0.1425970774236664	0.0874485363743282	0.08893446869243413	0.1066554899610034	0.14839543060878982	0.1415563520701694	0.2118786532154474	0.16061550355155108	0.09849844722187659	0.10017214048283325	0.12013237252912212	0.1671465309290012	0.1425970774236664	0.16061550355155108	0.20726521672199816	0.09922260993025919	0.1009086082201685	0.12101558832296251	0.16837539582939545	0.0874485363743282	0.09849844722187659	0.09922260993025919	0.47547677653154113	0.06188282576231605	0.07421355520407705	0.10325724897560258	0.08893446869243413	0.10017214048283325	0.1009086082201685	0.06188282576231605	0.4676155549821003	0.07547459769479675	0.10501180416535186	0.1066554899610034	0.12013237252912212	0.12101558832296251	0.07421355520407705	0.07547459769479675	0.3765720120085277	0.12593638427951118	0.14839543060878982	0.1671465309290012	0.16837539582939545	0.10325724897560258	0.10501180416535186	0.12593638427951118	0.18187720521234904
0.6580157580708529	0.07284691783144207	0.0718307928820806	0.035973444848588484	0.03497581480496795	0.05289020662789057	0.07346706493418007	0.07284691783144207	0.21134296831068392	0.19104450935522233	0.09567664291549546	0.09302329976620857	0.14066924740075354	0.19539641442020164	0.0718307928820806	0.19104450935522233	0.21967892832205446	0.09434207136694295	0.09172573909270017	0.13870708433130774	0.19267087464969887	0.035973444848588484	0.09567664291549546	0.09434207136694295	0.562114070284059	0.04593699559831018	0.06946563511406811	0.09649113987253943	0.03497581480496795	0.09302329976620857	0.09172573909270017	0.04593699559831018	0.5729837557947626	0.06753918617706298	0.09381520876599116	0.05289020662789057	0.14066924740075354	0.13870708433130774	0.06946563511406811	0.06753918617706298	0.38886187315163095	0.1418667671972913	0.07346706493418007	0.19539641442020164	0.19267087464969887	0.09649113987253943	0.09381520876599116	0.1418667671972913	0.20629253016010513
0.43518689063653127	0.13008058655191967	0.12476420841115131	0.03745203612514329	0.06404142897006997	0.08233894605612664	0.12613590324905294	0.13008058655191967	0.2055209831870463	0.1906761971361929	0.05723766386443378	0.09787403206967432	0.12583798919675665	0.19277254799396862	0.12476420841115131	0.1906761971361929	0.23019833279741705	0.05489836733246383	0.09387393198989498	0.12069500550658964	0.18489395682628273	0.03745203612514329	0.05723766386443378	0.05489836733246383	0.7305001491676676	0.02817931469984427	0.03623053248942142	0.055501936321023494	0.06404142897006997	0.09787403206967432	0.09387393198989498	0.02817931469984427	0.5591725739369234	0.061952708397912684	0.09490600993567672	0.08233894605612664	0.12583798919675665	0.12069500550658964	0.03623053248942142	0.061952708397912684	0.45092285603645055	0.12202196231673759	0.12613590324905294	0.19277254799396862	0.18489395682628273	0.055501936321023494	0.09490600993567672	0.12202196231673759	0.2237676833572503
0.25476759766928647	0.23196940059576762	0.2199241720281047	0.05410755949417497	0.02222598127604951	0.06909226543413954	0.1479130235024812	0.23196940059576762	0.24377750725642863	0.22463323254170453	0.055266121418276304	0.02270188844822556	0.07057168288948631	0.15108016685011508	0.2199241720281047	0.22463323254170453	0.2713807778895432	0.05239637625869212	0.02152307161042643	0.06690718210349775	0.1432351875680352	0.05410755949417497	0.055266121418276304	0.05239637625869212	0.7812336993904325	0.005295283674000664	0.0164610570219174	0.03523990274250694	0.02222598127604951	0.02270188844822556	0.02152307161042643	0.005295283674000664	0.9070163624297208	0.006761775037968715	0.014475637523608623	0.06909226543413954	0.07057168288948631	0.06690718210349775	0.0164610570219174	0.006761775037968715	0.7252066929311928	0.04499934458179867	0.1479130235024812	0.15108016685011508	0.1432351875680352	0.03523990274250694	0.014475637523608623	0.04499934458179867	0.46305673723145685
0.32102315732331443	0.3111029365070437	0.27091728050379893	0.060796609008854835	0.0008699342483924051	0.027609009828780732	0.007681072579811256	0.3111029365070437	0.32267319689156543	0.2697021243726975	0.06052391554297513	0.0008660322974588089	0.027485174030987786	0.00764662035726777	0.27091728050379893	0.2697021243726975	0.37532671826948616	0.052705946104025875	0.0007541655424094189	0.02393487083809721	0.006658894369481687	0.060796609008854835	0.06052391554297513	0.052705946104025875	0.8189387330199682	0.0001692424622178112	0.005371229850363247	0.0014943240115942555	0.0008699342483924051	0.0008660322974588089	0.0007541655424094189	0.0001692424622178112	0.9972423867395661	7.685653655680122e-5	2.138217339871105e-5	0.027609009828780732	0.027485174030987786	0.02393487083809721	0.005371229850363247	7.685653655680122e-5	0.9148442551740501	0.0006786037411639181	0.007681072579811256	0.00764662035726777	0.006658894369481687	0.0014943240115942555	2.138217339871105e-5	0.0006786037411639181	0.9758191027672825
0.20318871953957518	0.1741131595777951	0.1588603638977368	0.11870676664234693	0.07653420992653029	0.13302791803174657	0.13556886238427435	0.1741131595777951	0.18559633999440373	0.16334846450804813	0.122060453482436	0.07869644363828279	0.13678620402239847	0.13939893477664117	0.1588603638977368	0.16334846450804813	0.24263058081482558	0.11136761922397198	0.07180241691179845	0.12480335317491725	0.12718720146870663	0.11870676664234693	0.122060453482436	0.11136761922397198	0.4059142059146458	0.053653614656152704	0.09325801702842737	0.09503932305202288	0.07653420992653029	0.07869644363828279	0.07180241691179845	0.053653614656152704	0.5979117422193697	0.06012655263444285	0.0612750200134256	0.13302791803174657	0.13678620402239847	0.12480335317491725	0.09325801702842737	0.06012655263444285	0.3454927942451778	0.10650516086289404	0.13556886238427435	0.13939893477664117	0.12718720146870663	0.09503932305202288	0.0612750200134256	0.10650516086289404	0.3350254974420394
0.9999758955964523	6.135452928964809e-6	6.217732161217956e-7	3.3438933461850815e-7	5.9738258146806995e-6	5.030424339356302e-6	6.008537913864121e-6	6.135452928964809e-6	0.2601738883905167	0.02559972786884936	0.013767521254570403	0.24595513480879333	0.20711328634511683	0.24738430587922755	6.217732161217956e-7	0.02559972786884936	0.9020198234831026	0.0013952150016614555	0.024925350575142585	0.02098907703201716	0.025070184266011115	3.3438933461850815e-7	0.013767521254570403	0.0013952150016614555	0.9466614394539924	0.013404841472493286	0.011287915466622497	0.01348273296132574	5.9738258146806995e-6	0.24595513480879333	0.024925350575142585	0.013404841472493286	0.2731840021886576	0.20165727141200127	0.24086742571710018	5.030424339356302e-6	0.20711328634511683	0.02098907703201716	0.011287915466622497	0.20165727141200127	0.3561183783546124	0.20282904096529306	6.008537913864121e-6	0.24738430587922755	0.025070184266011115	0.01348273296132574	0.24086742571710018	0.20282904096529306	0.2703603016731315
0.9999998008941341	5.1948075005720454e-8	8.419552771943183e-10	2.377797518921303e-9	5.1361633822521666e-8	4.188705920654865e-8	5.068934510042636e-8	5.1948075005720454e-8	0.26724161887045594	0.004192436827719814	0.011840018296940657	0.25575040741707045	0.20857265745468487	0.2524028091850535	8.419552771943183e-10	0.004192436827719814	0.9839992345379386	0.00019189865815217834	0.004145108459662605	0.0033804688547761775	0.004090851819795532	2.377797518921303e-9	0.011840018296940657	0.00019189865815217834	0.9551616868807888	0.011706356475239104	0.009546909050161333	0.01155312826092012	5.1361633822521666e-8	0.25575040741707045	0.004145108459662605	0.011706356475239104	0.27262655604990677	0.20621808327638907	0.2495534369600984	4.188705920654865e-8	0.20857265745468487	0.0033804688547761775	0.009546909050161333	0.20621808327638907	0.3687630101253256	0.20351882935160379	5.068934510042636e-8	0.2524028091850535	0.004090851819795532	0.01155312826092012	0.2495534369600984	0.20351882935160379	0.27888089373318364
0.9997332351371765	5.5265093990660856e-5	1.730086063505988e-5	5.543869869224952e-5	4.193011815727753e-5	4.1430582486934325e-5	5.5399508861310405e-5	5.5265093990660856e-5	0.22083567848222335	0.06373178220991291	0.20422146305805447	0.15445943498441905	0.1526192780569723	0.20407709811442887	1.730086063505988e-5	0.06373178220991291	0.7123004695683248	0.06393198338995859	0.048353869784191636	0.047777804563823495	0.06388678962315388	5.543869869224952e-5	0.20422146305805447	0.06393198338995859	0.21902960567629803	0.15494463969831235	0.1530987022705317	0.20471816720815417	4.193011815727753e-5	0.15445943498441905	0.048353869784191636	0.15494463969831235	0.3715714135255137	0.11579360315733211	0.15483510873207507	4.1430582486934325e-5	0.1526192780569723	0.047777804563823495	0.1530987022705317	0.11579360315733211	0.3776787051642391	0.15299047620461542	5.5399508861310405e-5	0.20407709811442887	0.06388678962315388	0.20471816720815417	0.15483510873207507	0.15299047620461542	0.21943696060871296
0.9199049711080057	0.027139114015115005	0.010616521201645432	0.025881717177270093	2.912746252772075e-6	0.00474978049390534	0.011704983257804	0.027139114015115005	0.33331499481722726	0.1282151867037441	0.3125721822684129	3.5177088382013593e-5	0.057362857499261455	0.14136048760783707	0.010616521201645432	0.1282151867037441	0.6611413766260351	0.12227478016596273	1.3760887861402058e-5	0.02243971533074729	0.055298659083995845	0.025881717177270093	0.3125721822684129	0.12227478016596273	0.3497215858181299	3.3547279845467406e-5	0.054705148202298104	0.13481103908806175	2.912746252772075e-6	3.5177088382013593e-5	1.3760887861402058e-5	3.3547279845467406e-5	0.99989327371559	6.156555005304003e-6	1.5171727063029398e-5	0.00474978049390534	0.057362857499261455	0.02243971533074729	0.054705148202298104	6.156555005304003e-6	0.8359959879678468	0.024740353950932267	0.011704983257804	0.14136048760783707	0.055298659083995845	0.13481103908806175	1.5171727063029398e-5	0.024740353950932267	0.6320693052842973
0.694676057837922	0.183037035838215	0.04806834307707675	0.06273845645525186	8.222660446579833e-7	0.009300225725300013	0.0021790588001880918	0.183037035838215	0.4917748663499785	0.1278244214372576	0.1668355176170731	2.186588400964307e-6	0.024731369888622134	0.005794602280448454	0.04806834307707675	0.1278244214372576	0.7722764960755802	0.04381357500428235	5.742317719721544e-7	0.006494838419603458	0.0015217517544263781	0.06273845645525186	0.1668355176170731	0.04381357500428235	0.7161485054705291	7.494831882041243e-7	0.008477016499587006	0.0019861794700868764	8.222660446579833e-7	2.186588400964307e-6	5.742317719721544e-7	7.494831882041243e-7	0.9999955302973069	1.111019177302756e-7	2.6031369420350346e-8	0.009300225725300013	0.024731369888622134	0.006494838419603458	0.008477016499587006	1.111019177302756e-7	0.9507020110161561	0.0002944273488133995	0.0021790588001880918	0.005794602280448454	0.0015217517544263781	0.0019861794700868764	2.6031369420350346e-8	0.0002944273488133995	0.9882239543146673
0.3833926074027317	0.176314458733847	0.14431016650039474	0.17440115465117337	0.00018593273548977695	0.08418992358560666	0.037205756390758814	0.176314458733847	0.2407335817409339	0.19106800920614267	0.23090875875582306	0.00024617667956322966	0.11146824568784033	0.049260769195852615	0.14431016650039474	0.19106800920614267	0.34387196336035036	0.1889946046498307	0.00020149111917084153	0.09123472465183095	0.04031904051228175	0.17440115465117337	0.23090875875582306	0.1889946046498307	0.24646713799207162	0.000243505254602113	0.11025863048614575	0.04872620821035599	0.00018593273548977695	0.00024617667956322966	0.00020149111917084153	0.000243505254602113	0.9989533971340512	0.00011754904271505443	5.194803440789584e-5	0.08418992358560666	0.11146824568784033	0.09123472465183095	0.11025863048614575	0.00011754904271505443	0.5792089736433641	0.023521952902498356	0.037205756390758814	0.049260769195852615	0.04031904051228175	0.04872620821035599	5.194803440789584e-5	0.023521952902498356	0.800914324753845
0.49085959794125755	0.11413760703443002	0.10139359577078166	0.11254915702865961	0.003354150197901996	0.07610168127506817	0.10160421075190014	0.11413760703443002	0.2043185304579909	0.1749460605485015	0.1941940365221046	0.005787302039642488	0.1313070045399002	0.17530945885742888	0.10139359577078166	0.1749460605485015	0.2736266161056279	0.1725113409314698	0.005141122009277115	0.11664594769517739	0.1557353169391632	0.11254915702865961	0.1941940365221046	0.1725113409314698	0.21268941487790932	0.005706760312887239	0.12947960849105733	0.1728696818359106	0.003354150197901996	0.005787302039642488	0.005141122009277115	0.005706760312887239	0.9710001587536219	0.0038587055284115884	0.005151801158257683	0.07610168127506817	0.1313070045399002	0.11664594769517739	0.12947960849105733	0.0038587055284115884	0.4257188075779864	0.11688824489239785	0.10160421075190014	0.17530945885742888	0.1557353169391632	0.1728696818359106	0.005151801158257683	0.11688824489239785	0.27244128556494024
0.958850712417629	0.009821816445803624	0.008310912232824826	0.0070792555524720885	0.0007751129471594832	0.005517149819678928	0.009645040584432604	0.009821816445803624	0.2413847908348627	0.1986485324742811	0.1692093102553436	0.01852685302666362	0.13187165071859377	0.2305370462444641	0.008310912232824826	0.1986485324742811	0.3275252736679978	0.14317959760995347	0.015676840460690164	0.1115856441797198	0.19507319937454332	0.0070792555524720885	0.1692093102553436	0.14317959760995347	0.40596550536649734	0.013353571397160388	0.09504892712204227	0.16616383269653986	0.0007751129471594832	0.01852685302666362	0.015676840460690164	0.013353571397160388	0.9230672431315879	0.010406977609416309	0.018193401427323046	0.005517149819678928	0.13187165071859377	0.1115856441797198	0.09504892712204227	0.010406977609416309	0.5160714635160814	0.12949818703447474	0.009645040584432604	0.2305370462444641	0.19507319937454332	0.16616383269653986	0.018193401427323046	0.12949818703447474	0.2508892926382348
