0.20423906429474414	0.03773669855224389	0.1729849825049108	0.019383590479851193	0.1828838749927655	0.1918402755840643	0.19093151359141736	0.03773669855224389	0.8154629479943861	0.033500586563328986	0.003753861412564759	0.03541762409958477	0.03715213693971608	0.036976144438174686	0.1729849825049108	0.033500586563328986	0.2741484305872814	0.01720769637225624	0.16235434789691938	0.17030535274937794	0.16949860332592254	0.019383590479851193	0.003753861412564759	0.01720769637225624	0.9033862047157644	0.018192389574440866	0.01908332831219512	0.018992929132927223	0.1828838749927655	0.03541762409958477	0.16235434789691938	0.018192389574440866	0.24190286607516323	0.18005090610644126	0.17919799125468228	0.1918402755840643	0.03715213693971608	0.17030535274937794	0.01908332831219512	0.18005090610644126	0.21359411782256021	0.18797388248564226	0.19093151359141736	0.036976144438174686	0.16949860332592254	0.018992929132927223	0.17919799125468228	0.18797388248564226	0.2164289357712308
0.18684014893951412	0.1203027219394784	0.16124677937527643	0.041663999741327284	0.15474523774660445	0.16092345558710938	0.17427765667068046	0.1203027219394784	0.41727746652347486	0.10761772116607396	0.027806972171457993	0.10327852693934375	0.10740193162028502	0.11631465963987977	0.16124677937527643	0.10761772116607396	0.2555793901237623	0.03727085002350345	0.13842853743550226	0.14395530951633023	0.155901412359543	0.041663999741327284	0.027806972171457993	0.03727085002350345	0.780011160037521	0.03576807282756429	0.03719611642284182	0.040282828775782	0.15474523774660445	0.10327852693934375	0.13842853743550226	0.03576807282756429	0.2800132591342509	0.13815096761806173	0.14961539829866474	0.16092345558710938	0.10740193162028502	0.14395530951633023	0.03719611642284182	0.13815096761806173	0.25678341240766406	0.15558880682769935	0.17427765667068046	0.11631465963987977	0.155901412359543	0.040282828775782	0.14961539829866474	0.15558880682769935	0.2080192374277416
0.1936175371319186	0.10105611164919931	0.15848040775188013	0.025973576277758502	0.1597485521836992	0.182934362707615	0.17818945229792454	0.10105611164919931	0.513950398160149	0.08650453113200025	0.014177348920293197	0.08719673177079412	0.09985241392569405	0.0972624644418674	0.15848040775188013	0.08650453113200025	0.2869122302328166	0.02223350969141059	0.1367455503694542	0.15659271879454795	0.15253105202788614	0.025973576277758502	0.014177348920293197	0.02223350969141059	0.8645414167778227	0.022411420020611035	0.025664200287265643	0.024998528024837506	0.1597485521836992	0.08719673177079412	0.1367455503694542	0.022411420020611035	0.28230039722002054	0.15784575812742005	0.15375159030799648	0.182934362707615	0.09985241392569405	0.15659271879454795	0.025664200287265643	0.15784575812742005	0.20104354083065445	0.17606700532679811	0.17818945229792454	0.0972624644418674	0.15253105202788614	0.024998528024837506	0.15375159030799648	0.17606700532679811	0.21719990757268537
0.24889107562990934	0.03524779548320413	0.1986262863525517	0.006224107293809499	0.2361772711580455	0.0439604697441255	0.23087299433835715	0.03524779548320413	0.8604996523029952	0.02892641666575909	0.0009064314913161081	0.03439505554855693	0.006402067359725039	0.03362258114844407	0.1986262863525517	0.02892641666575909	0.34797392597822124	0.005107868974072857	0.1938209768538569	0.03607655024119188	0.18946797493434833	0.006224107293809499	0.0009064314913161081	0.005107868974072857	0.9746204520227325	0.006073529228594346	0.001130486420579461	0.005937124568895427	0.2361772711580455	0.03439505554855693	0.1938209768538569	0.006073529228594346	0.2613486712976171	0.04289694654834071	0.22528754936499118	0.0439604697441255	0.006402067359725039	0.03607655024119188	0.001130486420579461	0.04289694654834071	0.8275999504813565	0.04193352920468146	0.23087299433835715	0.03362258114844407	0.18946797493434833	0.005937124568895427	0.22528754936499118	0.04193352920468146	0.2728782464402851
0.19329417296546997	0.10511322974169712	0.1727168011564173	0.02188167201210641	0.17268674569916648	0.15338106872311538	0.1809263097020305	0.10511322974169712	0.4991591936094491	0.09741950161946102	0.012342178454830141	0.0974025490841737	0.0865133395988154	0.10205000789157553	0.1727168011564173	0.09741950161946102	0.2396987902488887	0.020280050258738223	0.16004699640226072	0.1421543920740052	0.16768346824023186	0.02188167201210641	0.012342178454830141	0.020280050258738223	0.8859658957892896	0.02027652120899023	0.01800968847047332	0.02124399380557244	0.17268674569916648	0.0974025490841737	0.16004699640226072	0.02027652120899023	0.2398032439831411	0.14212965495969215	0.16765428866257864	0.15338106872311538	0.0865133395988154	0.1421543920740052	0.01800968847047332	0.14212965495969215	0.3089006362249337	0.1489112199489675	0.1809263097020305	0.10205000789157553	0.16768346824023186	0.02124399380557244	0.16765428866257864	0.1489112199489675	0.2115307117490467
0.19391428019933685	0.16935911282519017	0.18181587151861897	0.06942149157719489	0.08925804544195903	0.12556987613607054	0.17066132230161984	0.16935911282519017	0.23665490383198978	0.16961138116139501	0.06476153577981987	0.08326655005818284	0.11714092914887891	0.15920558719453423	0.18181587151861897	0.16961138116139501	0.1929844010015666	0.0695248981425984	0.08939099948405879	0.1257569183518797	0.17091553033987278	0.06942149157719489	0.06476153577981987	0.0695248981425984	0.6488841491529236	0.03413154454518635	0.048016890798474515	0.06525949000379877	0.08925804544195903	0.08326655005818284	0.08939099948405879	0.03413154454518635	0.5583087938358979	0.061737276504726504	0.08390679012998396	0.12556987613607054	0.11714092914887891	0.1257569183518797	0.048016890798474515	0.061737276504726504	0.40373647828676196	0.11804163077320132	0.17066132230161984	0.15920558719453423	0.17091553033987278	0.06525949000379877	0.08390679012998396	0.11804163077320132	0.2320096492569798
0.2193392166748908	0.1956195226609453	0.2094385829270906	0.09592097162328339	0.02195649516289032	0.09502423052187503	0.16270098042902023	0.1956195226609453	0.26340519342443125	0.1936634293674176	0.08869609435471873	0.020302706839907876	0.08786689681849438	0.1504461565340809	0.2094385829270906	0.1936634293674176	0.22505114102739715	0.09496181188938416	0.02173694165231385	0.09407403773171757	0.16107405540467487	0.09592097162328339	0.08869609435471873	0.09496181188938416	0.5936102872153174	0.0099553221487103	0.04308505614217739	0.07377045662640658	0.02195649516289032	0.020302706839907876	0.02173694165231385	0.0099553221487103	0.8993000822420304	0.009862252339288741	0.016886199614858134	0.09502423052187503	0.08786689681849438	0.09407403773171757	0.04308505614217739	0.009862252339288741	0.5970067313133179	0.07308079513312679	0.16270098042902023	0.1504461565340809	0.16107405540467487	0.07377045662640658	0.016886199614858134	0.07308079513312679	0.3620413562578295
0.19564550760589816	0.17362403279580152	0.17754279289130095	0.12504057917076	0.039140558857869975	0.11819304983899814	0.17081347883937345	0.17362403279580152	0.2036672783911379	0.17528476401783827	0.1234502851716398	0.0386427604928378	0.11668984424651618	0.16864103488423046	0.17754279289130095	0.17528476401783827	0.18964999106973685	0.12623660480446167	0.03951494221423217	0.11932357817044303	0.17244732683198916	0.12504057917076	0.1234502851716398	0.12623660480446167	0.3919531517195177	0.027829748422352293	0.08403770764321855	0.12145192306805136	0.039140558857869975	0.0386427604928378	0.03951494221423217	0.027829748422352293	0.7905490395043563	0.026305723022906825	0.03801722748544485	0.11819304983899814	0.11668984424651618	0.11932357817044303	0.08403770764321855	0.026305723022906825	0.4206491797163559	0.11480091736156275	0.17081347883937345	0.16864103488423046	0.17244732683198916	0.12145192306805136	0.03801722748544485	0.11480091736156275	0.2138280915293499
0.9957242588138895	0.0008859685077659317	0.0007449923230235098	0.0006157821881863271	0.00013718541562205645	0.0008758398022450175	0.0010159729492675324	0.0008859685077659317	0.3122467677886039	0.15095727264085695	0.12477551351424253	0.02779778468637258	0.17747080571331345	0.2058658871488459	0.0007449923230235098	0.15095727264085695	0.3976622715024164	0.10492111046229827	0.023374573708752292	0.14923147567695	0.17310830368570343	0.0006157821881863271	0.12477551351424253	0.10492111046229827	0.4839333192707385	0.01932052948932719	0.12334903568627388	0.14308470938893403	0.00013718541562205645	0.02779778468637258	0.023374573708752292	0.01932052948932719	0.8700131853795298	0.027479990574331255	0.03187675074606504	0.0008758398022450175	0.17747080571331345	0.14923147567695	0.12334903568627388	0.027479990574331255	0.31808049707490704	0.20351235547198038	0.0010159729492675324	0.2058658871488459	0.17310830368570343	0.14308470938893403	0.03187675074606504	0.20351235547198038	0.24153602060920493
0.9999997759928789	5.59281762459875e-8	1.8931464368727243e-9	5.3417512774127444e-8	5.076821558206415e-9	4.321187057566577e-8	6.447959351905389e-8	5.59281762459875e-8	0.35266337062839914	0.007291234059471052	0.2057313586128745	0.01955278975682329	0.1664255106621375	0.24833568035211728	1.8931464368727243e-9	0.007291234059471052	0.9710434848442427	0.006963924351795591	0.0006618541269116959	0.005633437091332893	0.008406063633099497	5.3417512774127444e-8	0.2057313586128745	0.006963924351795591	0.3724874073965274	0.01867504836937839	0.15895452772560628	0.2371876801263043	5.076821558206415e-9	0.01955278975682329	0.0006618541269116959	0.01867504836937839	0.9234607904315963	0.01510710123371256	0.02254241100475608	4.321187057566577e-8	0.1664255106621375	0.005633437091332893	0.15895452772560628	0.01510710123371256	0.4620074114365358	0.19187196863880362	6.447959351905389e-8	0.24833568035211728	0.008406063633099497	0.2371876801263043	0.02254241100475608	0.19187196863880362	0.2916561317653246
0.9999999754817134	7.100881365804718e-9	7.125373891867865e-12	8.029862397191064e-9	6.072846238759087e-10	4.720107562946312e-10	8.301122178552752e-9	7.100881365804718e-9	0.3959214367509446	0.00024712553282833566	0.2784954240378628	0.021062127901115394	0.01637049668132412	0.2879033819950462	7.125373891867865e-12	0.00024712553282833566	0.9991469602799397	0.0002794560169671522	2.113477588521602e-5	1.642696218130626e-5	0.0002888964250729294	8.029862397191064e-9	0.2784954240378628	0.0002794560169671522	0.35332664536026487	0.02381760518524433	0.01851218587564849	0.32556867549415336	6.072846238759087e-10	0.021062127901115394	2.113477588521602e-5	0.02381760518524433	0.9290768902834783	0.0014000446434233717	0.024622196603569055	4.720107562946312e-10	0.01637049668132412	1.642696218130626e-5	0.01851218587564849	0.0014000446434233717	0.944563292423086	0.019137552942325994	8.301122178552752e-9	0.2879033819950462	0.0002888964250729294	0.32556867549415336	0.024622196603569055	0.019137552942325994	0.3424792882387138
0.9955781275652568	0.0010475940014392426	4.8154134633109755e-5	0.0010806914769426077	0.0011040334831730317	4.937063054781281e-5	0.001092028708007304	0.0010475940014392426	0.28261005628061225	0.010222880723551106	0.2294253681831579	0.23438075877132014	0.010481136691215111	0.23183220534870497	4.8154134633109755e-5	0.010222880723551106	0.9572711886269623	0.010545860373927789	0.010773641885862925	0.00048178021890484316	0.010656494036158096	0.0010806914769426077	0.2294253681831579	0.010545860373927789	0.2671934010085013	0.24178573761926728	0.010812275629017659	0.2391566657091864	0.0011040334831730317	0.23438075877132014	0.010773641885862925	0.24178573761926728	0.2565877728065982	0.011045811481277364	0.2443222439525019	4.937063054781281e-5	0.010481136691215111	0.00048178021890484316	0.010812275629017659	0.011045811481277364	0.9562039211700987	0.010925704178938449	0.001092028708007304	0.23183220534870497	0.010656494036158096	0.2391566657091864	0.2443222439525019	0.010925704178938449	0.2620146580665038
0.22351236545737377	0.20551426150855193	0.21002063508776536	0.18355079129874602	0.011339451847061381	0.009833752154340446	0.1562287426461598	0.20551426150855193	0.23395343507083927	0.2061801056081451	0.18019430099627706	0.011132093655409524	0.009653927847894362	0.1533718753128816	0.21002063508776536	0.2061801056081451	0.22167707331544334	0.18414547611752607	0.011376190451232036	0.00986561245347865	0.15673490696640813	0.18355079129874602	0.18019430099627706	0.18414547611752607	0.2965639257092312	0.009942398081104175	0.008622205012026738	0.13698090278508762	0.011339451847061381	0.011132093655409524	0.011376190451232036	0.009942398081104175	0.9472147566662052	0.0005326649798541973	0.008462444319133313	0.009833752154340446	0.009653927847894362	0.00986561245347865	0.008622205012026738	0.0005326649798541973	0.9541530718716087	0.007338765680796917	0.1562287426461598	0.1533718753128816	0.15673490696640813	0.13698090278508762	0.008462444319133313	0.007338765680796917	0.38088236228953165
0.3442417619836842	0.22832541094537942	0.3306953925559276	0.01990292607901098	0.00483778527232225	0.028658139750054722	0.043338583413626015	0.22832541094537942	0.47370711591886405	0.23053089107068944	0.013874518324692097	0.003372465945223268	0.019977860719335994	0.030211737075819523	0.3306953925559276	0.23053089107068944	0.3411018589734533	0.020095175849726487	0.004884515240854646	0.02893495938824306	0.043757206921110736	0.01990292607901098	0.013874518324692097	0.020095175849726487	0.9414584215660068	0.0002939749024597954	0.001741452620045171	0.002633530658058889	0.00483778527232225	0.003372465945223268	0.004884515240854646	0.0002939749024597954	0.9855478356235771	0.000423293228556279	0.0006401297870066508	0.028658139750054722	0.019977860719335994	0.02893495938824306	0.001741452620045171	0.000423293228556279	0.9164722845493137	0.0037920097444513845	0.043338583413626015	0.030211737075819523	0.043757206921110736	0.002633530658058889	0.0006401297870066508	0.0037920097444513845	0.8756268023999275
0.33612785730915473	0.09273588217637595	0.15355648020350676	0.013163575465746966	0.13967080788904543	0.10656237535703159	0.15818302159914321	0.09273588217637595	0.4858685589363355	0.11329698929960036	0.009712344713233123	0.10305186733832376	0.07862381505857081	0.11671054247756393	0.15355648020350676	0.11329698929960036	0.222982279170315	0.01608216187398432	0.1706381786154279	0.13018904891208546	0.193254861925086	0.013163575465746966	0.009712344713233123	0.01608216187398432	0.9186869039341876	0.014627898077403957	0.011160410605249879	0.016566705330194748	0.13967080788904543	0.10305186733832376	0.1706381786154279	0.014627898077403957	0.27781544290408455	0.11841642642341689	0.17577937875230273	0.10656237535703159	0.07862381505857081	0.13018904891208546	0.011160410605249879	0.11841642642341689	0.42093637648693055	0.13411154715671866	0.15818302159914321	0.11671054247756393	0.193254861925086	0.016566705330194748	0.17577937875230273	0.13411154715671866	0.2053939427589967
0.9982025476969367	3.0515640946096824e-5	0.00011770279899094856	1.0244386488881638e-5	0.0006095380727380349	0.0004207535371674892	0.0006086978667318281	3.0515640946096824e-5	0.9512503143362054	0.0032453810026977325	0.0002824651374506948	0.016806595073725738	0.011601300462245185	0.016783428346729672	0.00011770279899094856	0.0032453810026977325	0.8212385931596399	0.0010895048003100299	0.06482522471604946	0.04474772588762885	0.06473586763468543	1.0244386488881638e-5	0.0002824651374506948	0.0010895048003100299	0.9834466349659756	0.005642131384410684	0.003894665228196114	0.005634354097168076	0.0006095380727380349	0.016806595073725738	0.06482522471604946	0.005642131384410684	0.34514258010630977	0.23173146969132533	0.3352424609554536	0.0004207535371674892	0.011601300462245185	0.04474772588762885	0.003894665228196114	0.23173146969132533	0.47619204127939335	0.23141204391405246	0.0006086978667318281	0.016783428346729672	0.06473586763468543	0.005634354097168076	0.3352424609554536	0.23141204391405246	0.34558314718519156
0.976250433797783	0.002854802972071119	0.0053171747649858134	0.001632654440322182	0.004903195079009531	0.0037208155908992012	0.005320923354929258	0.002854802972071119	0.5325199624747631	0.11823505943237496	0.03630442919709808	0.10902962328656261	0.08273770789402446	0.11831841474310677	0.0053171747649858134	0.11823505943237496	0.23128341785638748	0.06761832486253103	0.20307165406747302	0.15410200172508254	0.22037236729116727	0.001632654440322182	0.03630442919709808	0.06761832486253103	0.7171073549496584	0.062353759725953736	0.04731748127516433	0.06766599554927268	0.004903195079009531	0.10902962328656261	0.20307165406747302	0.062353759725953736	0.275322878669495	0.14210407028552105	0.20321481888598694	0.0037208155908992012	0.08273770789402446	0.15410200172508254	0.04731748127516433	0.14210407028552105	0.4158072801223912	0.15421064310691848	0.005320923354929258	0.11831841474310677	0.22037236729116727	0.06766599554927268	0.20321481888598694	0.15421064310691848	0.23089683706862063
0.37271004337939406	0.10497338671169956	0.1255922258550909	0.08135283507900792	0.0741770754399402	0.09803086293488897	0.1431635705999775	0.10497338671169956	0.3752282348049709	0.12498672090945499	0.08096061698074224	0.0738194530972682	0.09755823676772066	0.14247335072814246	0.1255922258550909	0.12498672090945499	0.27706061578074426	0.09686287555090982	0.08831904653465947	0.11672059452370157	0.1704579208454381	0.08135283507900792	0.08096061698074224	0.09686287555090982	0.49759371911678896	0.057208993456008043	0.07560620262886714	0.11041475718767511	0.0741770754399402	0.0738194530972682	0.08831904653465947	0.057208993456008043	0.5368625254643492	0.06893732702348099	0.10067557898429341	0.09803086293488897	0.09755823676772066	0.11672059452370157	0.07560620262886714	0.06893732702348099	0.4100960481738507	0.13305072794748907	0.1431635705999775	0.14247335072814246	0.1704579208454381	0.11041475718767511	0.10067557898429341	0.13305072794748907	0.19976409370698325
0.20015978874497253	0.11007430576830521	0.17721312467553563	0.08969321460180187	0.14514121249089193	0.08759831321284474	0.1901200405056444	0.11007430576830521	0.49644620387256544	0.10109187686375266	0.05116582320096767	0.08279633694089798	0.04997077902101821	0.10845467433249063	0.17721312467553563	0.10109187686375266	0.25096822673794983	0.08237395042150085	0.13329720754150634	0.08044999994299473	0.17460561381675652	0.08969321460180187	0.05116582320096767	0.08237395042150085	0.5802092624218642	0.06746596824434736	0.04071831091976748	0.08837347018974884	0.14514121249089193	0.08279633694089798	0.13329720754150634	0.06746596824434736	0.36240345455753575	0.06589021303020007	0.14300560719461783	0.08759831321284474	0.04997077902101821	0.08044999994299473	0.04071831091976748	0.06589021303020007	0.5890629907294903	0.08630939314368265	0.1901200405056444	0.10845467433249063	0.17460561381675652	0.08837347018974884	0.14300560719461783	0.08630939314368265	0.20913120081705538
0.2893349164310987	0.029014527713788554	0.1625967801061909	0.04536139735247767	0.20170462655947152	0.06977485384857043	0.20221289798839892	0.029014527713788554	0.8625027918555345	0.02587679916609086	0.007219132927581371	0.032100697867091826	0.011104462700329033	0.03218158776958329	0.1625967801061909	0.02587679916609086	0.3486048648799213	0.04045586337858887	0.1798916102939134	0.06222916663312596	0.1803449155421655	0.04536139735247767	0.007219132927581371	0.04045586337858887	0.7891037438559468	0.05018632478201558	0.0173607494116133	0.050312788291775726	0.20170462655947152	0.032100697867091826	0.1798916102939134	0.05018632478201558	0.2351986372840272	0.07719655216200606	0.22372155105147057	0.06977485384857043	0.011104462700329033	0.06222916663312596	0.0173607494116133	0.07719655216200606	0.6849431370442252	0.07739107820012883	0.20221289798839892	0.03218158776958329	0.1803449155421655	0.050312788291775726	0.22372155105147057	0.07739107820012883	0.2338351811564733
0.6946305773764384	0.0019480245572689888	0.04139268808903474	0.010000101522477253	0.11466705431947294	0.015783440065153836	0.12157811407015351	0.0019480245572689888	0.9841536928230277	0.0018960010108612793	0.00045805680835584584	0.00525234916936451	0.0007229638784036249	0.005568911752718073	0.04139268808903474	0.0018960010108612793	0.7016802861947223	0.009733040851350115	0.11160477936017388	0.015361930734771483	0.11833127375908598	0.010000101522477253	0.00045805680835584584	0.009733040851350115	0.9205470119597715	0.02696271190686612	0.0037113044361492867	0.028587772515029784	0.11466705431947294	0.00525234916936451	0.11160477936017388	0.02696271190686612	0.3711528641100687	0.042556002698521514	0.3278042384355315	0.015783440065153836	0.0007229638784036249	0.015361930734771483	0.0037113044361492867	0.042556002698521514	0.8767434768566423	0.045120881330357625	0.12157811407015351	0.005568911752718073	0.11833127375908598	0.028587772515029784	0.3278042384355315	0.045120881330357625	0.35300880813712276
0.4508406124504623	0.01301876727391048	0.10758131898565737	0.04493126822119909	0.1640586810181883	0.05217989192619287	0.16738946012438605	0.01301876727391048	0.9242402041312139	0.012589537810590712	0.005258012315539583	0.01919871393387064	0.0061062713169088585	0.019588493217965422	0.10758131898565737	0.012589537810590712	0.46539946532766885	0.0434498818703185	0.15864965740444686	0.05045951805850365	0.16187062054281062	0.04493126822119909	0.005258012315539583	0.0434498818703185	0.7514213659807482	0.06625992669778373	0.021074385047289933	0.06760515986711968	0.1640586810181883	0.01919871393387064	0.15864965740444686	0.06625992669778373	0.26803514592629946	0.0769494374631642	0.2468484375562417	0.05217989192619287	0.0061062713169088585	0.05045951805850365	0.021074385047289933	0.0769494374631642	0.7147188032138484	0.07851169297409057	0.16738946012438605	0.019588493217965422	0.16187062054281062	0.06760515986711968	0.2468484375562417	0.07851169297409057	0.2581861357173807
0.3956506857846536	0.037431245989840725	0.12662036651349115	0.04502155773590076	0.15296013581426798	0.08901080080678353	0.15330520735506373	0.037431245989840725	0.7708011579587999	0.042831027371270196	0.015229142236593734	0.05174080556050258	0.030109090272518037	0.05185753061047545	0.12662036651349115	0.042831027371270196	0.326734148037807	0.05151630731734005	0.1750259600108491	0.10185137963958671	0.17542081110965785	0.04502155773590076	0.015229142236593734	0.05151630731734005	0.7274123611720551	0.0622328112047465	0.03621461456152256	0.06237320577184174	0.15296013581426798	0.05174080556050258	0.1750259600108491	0.0622328112047465	0.22308949614016674	0.12303866503878598	0.21191212623068326	0.08901080080678353	0.030109090272518037	0.10185137963958671	0.03621461456152256	0.12303866503878598	0.4964592146627792	0.12331623501802515	0.15330520735506373	0.05185753061047545	0.17542081110965785	0.06237320577184174	0.21191212623068326	0.12331623501802515	0.221814883904255
0.9246590980247305	0.0010264739030527046	0.011596580358434699	0.0007437882518332968	0.022051317592677942	0.017726960910059462	0.02219578095921155	0.0010264739030527046	0.9547307488455232	0.006903974571100562	0.00044281115796394605	0.01312815771663057	0.010553670441038866	0.013214163364690272	0.011596580358434699	0.006903974571100562	0.5596646332137076	0.005002655363832235	0.1483152523082646	0.11923000378477253	0.14928690039988915	0.0007437882518332968	0.00044281115796394605	0.005002655363832235	0.9670757206412759	0.009512730376101041	0.007647243699445511	0.009575050509548048	0.022051317592677942	0.01312815771663057	0.1483152523082646	0.009512730376101041	0.2963979227165192	0.22672017084087168	0.2838744484489378	0.017726960910059462	0.010553670441038866	0.11923000378477253	0.007647243699445511	0.22672017084087168	0.3899164823344572	0.22820546798935687	0.02219578095921155	0.013214163364690272	0.14928690039988915	0.009575050509548048	0.2838744484489378	0.22820546798935687	0.2936481883283691
0.9999650888398477	6.993976464302853e-10	6.788252639470777e-8	8.578549000753911e-10	2.46703588473228e-5	4.262832792517644e-6	5.908528733652888e-6	6.993976464302853e-10	0.999971792970362	5.48465106342827e-8	6.931142725313266e-10	1.9932715688919154e-5	3.4442074640465288e-6	4.773867462430249e-6	6.788252639470777e-8	5.48465106342827e-8	0.997267534880217	6.727267119041751e-8	0.0019346406236529043	0.00033428980677917253	0.00046334468764266853	8.578549000753911e-10	6.931142725313266e-10	6.727267119041751e-8	0.9999654024732768	2.4448720856902907e-5	4.224535591432053e-6	5.8554466344840245e-6	2.46703588473228e-5	1.9932715688919154e-5	0.0019346406236529043	2.4448720856902907e-5	0.7081142090277666	0.12149002004273282	0.16839207851045	4.262832792517644e-6	3.4442074640465288e-6	0.00033428980677917253	4.224535591432053e-6	0.12149002004273282	0.8490670081496874	0.029096750424951755	5.908528733652888e-6	4.773867462430249e-6	0.00046334468764266853	5.8554466344840245e-6	0.16839207851045	0.029096750424951755	0.802031288534124
0.9999666035298859	1.5288518717424355e-10	6.713449318468172e-8	2.6469763527689637e-10	1.400468335337249e-5	1.2947416357537299e-5	6.3768183271271995e-6	1.5288518717424355e-10	0.9999891414815587	2.182788190196995e-8	8.606289328289951e-11	4.553435347623209e-6	4.209679134845143e-6	2.0733371289769417e-6	6.713449318468172e-8	2.182788190196995e-8	0.9952414025248657	3.779168426546026e-8	0.0019994911211607485	0.0018485419052786424	0.0009104376946355969	2.6469763527689637e-10	8.606289328289951e-11	3.779168426546026e-8	0.9999812001765229	7.883586311919361e-6	7.288424293179164e-6	3.5896704273024764e-6	1.400468335337249e-5	4.553435347623209e-6	0.0019994911211607485	7.883586311919361e-6	0.42243333032903896	0.38561762844698544	0.18992310839780446	1.2947416357537299e-5	4.209679134845143e-6	0.0018485419052786424	7.288424293179164e-6	0.38561762844698544	0.436924296032983	0.1755850880949696	6.3768183271271995e-6	2.0733371289769417e-6	0.0009104376946355969	3.5896704273024764e-6	0.18992310839780446	0.1755850880949696	0.6335693259867081
0.99814745081662	1.8557373811727666e-7	5.5215494601343875e-5	1.2701630629083975e-7	0.0006573012894223138	0.0006407145236845273	0.0004990052856275023	1.8557373811727666e-7	0.9997194052291213	8.358473698306226e-6	1.9227618317162586e-8	9.950169928144519e-5	9.699080906556943e-5	7.553898747710845e-5	5.5215494601343875e-5	8.358473698306226e-6	0.9189906230106136	5.720973593348939e-6	0.029605673708136025	0.02885858499522968	0.022475823344127357	1.2701630629083975e-7	1.9227618317162586e-8	5.720973593348939e-6	0.9998079402956308	6.8104131762459e-5	6.638554806652246e-5	5.170280702234268e-5	0.0006573012894223138	9.950169928144519e-5	0.029605673708136025	6.8104131762459e-5	0.358469708178862	0.34354098003146805	0.26755873096106414	0.0006407145236845273	9.699080906556943e-5	0.02885858499522968	6.638554806652246e-5	0.34354098003146805	0.3659893631476866	0.2608069809447953	0.0004990052856275023	7.553898747710845e-5	0.022475823344127357	5.170280702234268e-5	0.26755873096106414	0.2608069809447953	0.44853221766988355
0.8890434422532654	0.0007199703312454214	0.01651940412531667	0.00021330273036394395	0.0332646765302337	0.03140371153776178	0.028835492491814343	0.0007199703312454214	0.978613360791485	0.0030969849766934138	3.9989054472759744e-5	0.006236314741572126	0.0058874292381897566	0.005405950866341726	0.01651940412531667	0.0030969849766934138	0.5772549039058241	0.0009175313519962794	0.143089512161554	0.13508448699076916	0.12403717648785086	0.00021330273036394395	3.9989054472759744e-5	0.0009175313519962794	0.9936357242848469	0.0018476080250212498	0.001744245112375769	0.0016015994409232842	0.0332646765302337	0.006236314741572126	0.143089512161554	0.0018476080250212498	0.29377561512620415	0.27201597163628666	0.24977030177913703	0.03140371153776178	0.0058874292381897566	0.13508448699076916	0.001744245112375769	0.27201597163628666	0.31806704798403973	0.2357971075005858	0.028835492491814343	0.005405950866341726	0.12403717648785086	0.0016015994409232842	0.24977030177913703	0.2357971075005858	0.3545523714333548
0.9801948020408879	0.00011446162306555348	0.0011380984102383428	0.00023679737273705738	0.006715332574175493	0.0058727772768992475	0.00572773070199675	0.00011446162306555348	0.9831434362755592	0.00096767126736353	0.00020133760993202264	0.005709729777637703	0.004993344845539946	0.004870018600902415	0.0011380984102383428	0.00096767126736353	0.8410481698369399	0.002001911275131843	0.0567721670266582	0.04964911101449403	0.04842287116917701	0.00023679737273705738	0.00020133760993202264	0.002001911275131843	0.9653424518224561	0.011812247408101287	0.010330195474484983	0.010075059037157252	0.006715332574175493	0.005709729777637703	0.0567721670266582	0.011812247408101287	0.34031826548307553	0.2929538337591242	0.28571842397124414	0.0058727772768992475	0.004993344845539946	0.04964911101449403	0.010330195474484983	0.2929538337591242	0.3863306605550232	0.24987007707444892	0.00572773070199675	0.004870018600902415	0.04842287116917701	0.010075059037157252	0.28571842397124414	0.24987007707444892	0.3953158194450877
0.9999764016001502	2.3969441430885824e-9	1.8009074970013406e-8	2.5130174768343406e-7	9.972448403342545e-6	6.742603575894564e-6	6.6116401037030296e-6	2.3969441430885824e-9	0.9997608940919142	1.8248993590023055e-7	2.546496136127288e-6	0.00010105302315219266	6.832429185921416e-5	6.699721005821664e-5	1.8009074970013406e-8	1.8248993590023055e-7	0.9982047027753466	1.9132711105763533e-5	0.0007592465077427052	0.0005133441669525759	0.0005033733398415573	2.5130174768343406e-7	2.546496136127288e-6	1.9132711105763533e-5	0.9751959603921735	0.010594657117924351	0.00716329331368111	0.00702415866723089	9.972448403342545e-6	0.00010105302315219266	0.0007592465077427052	0.010594657117924351	0.4255320907851232	0.2842621415378346	0.2787408385798067	6.742603575894564e-6	6.832429185921416e-5	0.0005133441669525759	0.00716329331368111	0.2842621415378346	0.5195230105389016	0.18846314354718618	6.6116401037030296e-6	6.699721005821664e-5	0.0005033733398415573	0.00702415866723089	0.2787408385798067	0.18846314354718618	0.5251948770157641
0.9999636476586055	8.984939853793818e-9	6.817274888528028e-8	2.1472841837475685e-6	1.4169000298146506e-5	9.241968493573396e-6	1.0716930730416205e-5	8.984939853793818e-9	0.9993692824597828	1.183081040195829e-6	3.7264321114278045e-5	0.0002458911498416287	0.00016038663362736628	0.00018598336965381003	6.817274888528028e-8	1.183081040195829e-6	0.9952222579994275	0.000282741036338875	0.001865685901524216	0.0012169249740961925	0.0014111388348241243	2.1472841837475685e-6	3.7264321114278045e-5	0.000282741036338875	0.858135107235101	0.05876479815894256	0.03833032688884847	0.04444761507547293	1.4169000298146506e-5	0.0002458911498416287	0.001865685901524216	0.05876479815894256	0.3928935923979827	0.25292526123314163	0.29329060215828096	9.241968493573396e-6	0.00016038663362736628	0.0012169249740961925	0.03833032688884847	0.25292526123314163	0.5160541355569724	0.1913037227448278	1.0716930730416205e-5	0.00018598336965381003	0.0014111388348241243	0.04444761507547293	0.29329060215828096	0.1913037227448278	0.46935022088621897
0.7521189556345077	0.0159647923433041	0.03925612686813712	0.04093004980558329	0.054266126398558434	0.04525092957712903	0.05221301937278005	0.0159647923433041	0.7253741707640124	0.04378317772715475	0.04565013892070166	0.06052414352167792	0.0504693063238111	0.05823427039933769	0.03925612686813712	0.04378317772715475	0.38859350345099686	0.11224998148947199	0.14882394995064493	0.1240999224662866	0.14319333804730708	0.04093004980558329	0.04565013892070166	0.11224998148947199	0.3673089395728414	0.15516996121916687	0.12939167494735515	0.14929925404487895	0.054266126398558434	0.06052414352167792	0.14882394995064493	0.15516996121916687	0.21172012441017865	0.17155085373623327	0.19794484076353858	0.04525092957712903	0.0504693063238111	0.1240999224662866	0.12939167494735515	0.17155085373623327	0.31417692179908213	0.1650603911501015	0.05221301937278005	0.05823427039933769	0.14319333804730708	0.14929925404487895	0.19794484076353858	0.1650603911501015	0.23405488622205473
0.18551601898684955	0.13398405691849158	0.1726076224286896	0.12297508719634095	0.06530911893807553	0.14538474691077097	0.17422334862077485	0.13398405691849158	0.34783460357797275	0.13143579570212757	0.09364203161924234	0.0497310367494181	0.11070635018487743	0.13266612524786492	0.1726076224286896	0.13143579570212757	0.19772395378073895	0.1206362070900903	0.06406699581766545	0.1426196544025706	0.17090977077811056	0.12297508719634095	0.09364203161924234	0.1206362070900903	0.3937263831944691	0.045644823132535595	0.10161002271677769	0.12176544505053906	0.06530911893807553	0.0497310367494181	0.06406699581766545	0.045644823132535595	0.6566186726628236	0.05396264568867932	0.06466670701079995	0.14538474691077097	0.11070635018487743	0.1426196544025706	0.10161002271677769	0.05396264568867932	0.3017619075301112	0.14395467256620695	0.17422334862077485	0.13266612524786492	0.17090977077811056	0.12176544505053906	0.06466670701079995	0.14395467256620695	0.19181393072569677
0.17756995914363854	0.14094225648743278	0.1659244265394257	0.0949001872515773	0.10660098423885156	0.1488372908458866	0.1652248954931838	0.14094225648743278	0.28862451061409894	0.138885551903701	0.0794353499185853	0.08922939701088975	0.12458291834488187	0.13830001572040734	0.1659244265394257	0.138885551903701	0.1871500392407079	0.09351535310047424	0.1050454058170323	0.14666537770967078	0.16281384568898447	0.0949001872515773	0.0794353499185853	0.09351535310047424	0.4950624688205128	0.06008053720520512	0.08388500776083042	0.09312109594281266	0.10660098423885156	0.08922939701088975	0.1050454058170323	0.06008053720520512	0.44021345823781116	0.0942276790927997	0.10460253839740837	0.1488372908458866	0.12458291834488187	0.14666537770967078	0.08388500776083042	0.0942276790927997	0.25575468416806524	0.1460470420778623	0.1652248954931838	0.13830001572040734	0.16281384568898447	0.09312109594281266	0.10460253839740837	0.1460470420778623	0.1898905666793374
0.20871081477535547	0.1470555214279044	0.18374905976247383	0.09115298515982886	0.10763939304890777	0.071700726818729	0.18999149900679865	0.1470555214279044	0.3475766452581677	0.14414158933944043	0.0715047803289792	0.08443751064445391	0.05624549444663509	0.14903845855441772	0.18374905976247383	0.14414158933944043	0.22074933362472468	0.08934677206536358	0.10550649876284204	0.07027996378572919	0.18622678265942444	0.09115298515982886	0.0715047803289792	0.08934677206536358	0.5684103913126088	0.05233894708591551	0.03486400694662055	0.09238211710068266	0.10763939304890777	0.08443751064445391	0.10550649876284204	0.05233894708591551	0.499817123759146	0.041169694447274925	0.10909083225145878	0.071700726818729	0.05624549444663509	0.07027996378572919	0.03486400694662055	0.041169694447274925	0.653072554400941	0.07266755915406946	0.18999149900679865	0.14903845855441772	0.18622678265942444	0.09238211710068266	0.10909083225145878	0.07266755915406946	0.20060275127314633
0.17065079536692385	0.13594599972710097	0.1567749162523312	0.12330016626400336	0.14842453249265566	0.10705602038211633	0.15784756951486625	0.13594599972710097	0.2709382589508209	0.1341004339406203	0.1054671639839426	0.12695777290458515	0.09157242199441594	0.13501794849851204	0.1567749162523312	0.1341004339406203	0.1797814803300255	0.12162627686099756	0.14640956155130605	0.10560265706984062	0.15570467399487625	0.12330016626400336	0.1054671639839426	0.12162627686099756	0.3289456529593825	0.11514803332990098	0.08305426330877252	0.12245844329299845	0.14842453249265566	0.12695777290458515	0.14640956155130605	0.11514803332990098	0.21567091669841756	0.09997788791891803	0.1474112951042142	0.10705602038211633	0.09157242199441594	0.10560265706984062	0.08305426330877252	0.09997788791891803	0.4064115593576808	0.10632518996825414	0.15784756951486625	0.13501794849851204	0.15570467399487625	0.12245844329299845	0.1474112951042142	0.10632518996825414	0.17523487962627624
0.31104050749983925	0.08211765383325227	0.13529692101014368	0.09710922761745856	0.14229673209036225	0.0864339177138267	0.1457050402351186	0.08211765383325227	0.49717582025006274	0.09379758279429515	0.06732311976896888	0.0986503566374782	0.05992222507702245	0.10101324163892096	0.13529692101014368	0.09379758279429515	0.23229082090354305	0.11092146928642808	0.16253617689450714	0.09872776649781774	0.16642926261326643	0.09710922761745856	0.06732311976896888	0.11092146928642808	0.4176698191767467	0.11666017585822844	0.07086175411398374	0.11945443417818628	0.14229673209036225	0.0986503566374782	0.16253617689450714	0.11666017585822844	0.2009811898000773	0.10383561158916939	0.17503975713017866	0.0864339177138267	0.05992222507702245	0.09872776649781774	0.07086175411398374	0.10383561158916939	0.4738960305781321	0.10632269443004859	0.1457050402351186	0.10101324163892096	0.16642926261326643	0.11945443417818628	0.17503975713017866	0.10632269443004859	0.18603556977428184
0.7469851939411782	0.009728103940984613	0.020693562871252017	0.029657775884526328	0.07873857638181708	0.03323443108202301	0.08096235589821846	0.009728103940984613	0.8847744282762109	0.008973439416610388	0.012860629983680712	0.03414375036857231	0.01441159048905739	0.03510805752488364	0.020693562871252017	0.008973439416610388	0.7650076782357315	0.02735705300289683	0.0726303757853221	0.03065624665086197	0.07468164403732508	0.029657775884526328	0.012860629983680712	0.02735705300289683	0.675062472094785	0.10409301775879663	0.043936179491599385	0.10703287178371487	0.07873857638181708	0.03414375036857231	0.0726303757853221	0.10409301775879663	0.3095857962435278	0.11664638097927874	0.28416210248268475	0.03323443108202301	0.01441159048905739	0.03065624665086197	0.043936179491599385	0.11664638097927874	0.6411743971015584	0.11994077420562074	0.08096235589821846	0.03510805752488364	0.07468164403732508	0.10703287178371487	0.28416210248268475	0.11994077420562074	0.29811219406755174
0.22084300500014348	0.14381821987490104	0.13120449025756312	0.12476394171492708	0.14268448557908958	0.09004983133345823	0.14663602623991726	0.14381821987490104	0.18080570399005585	0.13947263612869146	0.1326262219427679	0.15167606915979573	0.09572452386626672	0.15587662503752092	0.13120449025756312	0.13947263612869146	0.24042141360075822	0.12099409838283032	0.13837315853090262	0.0873289029021929	0.14220530019706107	0.12476394171492708	0.1326262219427679	0.12099409838283032	0.2717681638954347	0.13158071535485985	0.08304211334786739	0.1352247453613129	0.14268448557908958	0.15167606915979573	0.13837315853090262	0.13158071535485985	0.1860678210397425	0.09496991728198409	0.15464783305362556	0.09004983133345823	0.09572452386626672	0.0873289029021929	0.08304211334786739	0.09496991728198409	0.45128467279141493	0.09760003847681566	0.14663602623991726	0.15587662503752092	0.14220530019706107	0.1352247453613129	0.15464783305362556	0.09760003847681566	0.16780943163374648
0.1736597270845182	0.15941438133693897	0.16162505214451145	0.12846251498572467	0.10993407777535444	0.11494348162400544	0.15196076504895045	0.15941438133693897	0.18678984808885493	0.15844305468604308	0.12593340584843857	0.10776974773221565	0.11268052881104632	0.1489690334964661	0.16162505214451145	0.15844305468604308	0.17770989874265955	0.1276797809350055	0.1092642392156879	0.11424312030081854	0.15103485397527758	0.12846251498572467	0.12593340584843857	0.1276797809350055	0.32023137207199365	0.08684519374570093	0.09080249849223773	0.12004523392090184	0.10993407777535444	0.10776974773221565	0.1092642392156879	0.08684519374570093	0.40575005136941145	0.07770585008826461	0.10273084007336737	0.11494348162400544	0.11268052881104632	0.11424312030081854	0.09080249849223773	0.07770585008826461	0.3822125091659512	0.1074120115176786	0.15196076504895045	0.1489690334964661	0.15103485397527758	0.12004523392090184	0.10273084007336737	0.1074120115176786	0.2178472619673613
