0.9244453766918246	0.0005703733365011886	0.01543564334371737	0.00015665554704767583	0.02459479265012907	0.0022850608464698055	0.03251209758430917	0.0005703733365011886	0.9826735994862824	0.003449258470450132	3.5006346063128434e-5	0.005495967676135215	0.0005106211192284362	0.007265173565339217	0.01543564334371737	0.003449258470450132	0.6210026548606447	0.0009473540188814015	0.14873380547171766	0.013818607876252822	0.19661267595832993	0.00015665554704767583	3.5006346063128434e-5	0.0009473540188814015	0.9952158361474388	0.0015094917096628892	0.00014024433760791776	0.00199541189329799	0.02459479265012907	0.005495967676135215	0.14873380547171766	0.0015094917096628892	0.48436966246275004	0.022018246202106705	0.31327803382748876	0.0022850608464698055	0.0005106211192284362	0.013818607876252822	0.00014024433760791776	0.022018246202106705	0.9321210840496531	0.02910613556868027	0.03251209758430917	0.007265173565339217	0.19661267595832993	0.00199541189329799	0.31327803382748876	0.02910613556868027	0.419230471602542
0.8711596736026653	0.006072324134947491	0.03742894641294647	0.001989636156735575	0.03014419297832346	0.008787546293740607	0.0444176804206413	0.006072324134947491	0.8701253967713914	0.037744271997630724	0.0020063981349518404	0.030398147101713825	0.008861578251318104	0.044791883608046874	0.03742894641294647	0.037744271997630724	0.39437740760683004	0.012367154092441669	0.18736987579019435	0.054621513959347515	0.27609083014061125	0.001989636156735575	0.0020063981349518404	0.012367154092441669	0.9560967599808954	0.00996014890299652	0.0029035532528792736	0.01467634947909977	0.03014419297832346	0.030398147101713825	0.18736987579019435	0.00996014890299652	0.47578145997310334	0.043990590581765264	0.2223555846719048	0.008787546293740607	0.008861578251318104	0.054621513959347515	0.0029035532528792736	0.043990590581765264	0.8160147729609968	0.06482044469995285	0.0444176804206413	0.044791883608046874	0.27609083014061125	0.01467634947909977	0.2223555846719048	0.06482044469995285	0.3328472269797455
0.9243242029092885	0.0021276596367931734	0.014199297361830192	0.0011029369503855065	0.024947534732418838	0.007245699130117724	0.026052669279165264	0.0021276596367931734	0.9210138515019821	0.01483839803292399	0.0011525793888247753	0.026070406222700078	0.007571823096578917	0.02722528212019624	0.014199297361830192	0.01483839803292399	0.5570607120525615	0.00769193398795034	0.1739852765444041	0.050531845347945206	0.18169253667237942	0.0011029369503855065	0.0011525793888247753	0.00769193398795034	0.9585000276981339	0.013514386341376689	0.00392508431827299	0.014113051315055447	0.024947534732418838	0.026070406222700078	0.1739852765444041	0.013514386341376689	0.3534744723487104	0.08878220765344913	0.31922571615693135	0.007245699130117724	0.007571823096578917	0.050531845347945206	0.00392508431827299	0.08878220765344913	0.7492282277710254	0.09271511268260782	0.026052669279165264	0.02722528212019624	0.18169253667237942	0.014113051315055447	0.31922571615693135	0.09271511268260782	0.3389756317736546
0.9818994663755144	9.023407414794236e-5	0.0024719409408119914	4.434987003821771e-5	0.0033937532697176733	0.0009745392758881933	0.011125716193881766	9.023407414794236e-5	0.991970097194534	0.0010897315804534716	1.955121709088148e-5	0.0014961037511938913	0.00042961634228153446	0.004904665840298358	0.0024719409408119914	0.0010897315804534716	0.8087859329137996	0.0005356009293165129	0.04098540544911116	0.011769237234998987	0.1343621509515098	4.434987003821771e-5	1.955121709088148e-5	0.0005356009293165129	0.9960433767260448	0.0007353320522838448	0.0002111555875803818	0.0024106336176451834	0.0033937532697176733	0.0014961037511938913	0.04098540544911116	0.0007353320522838448	0.752764112098542	0.016158107456742295	0.18446718592241132	0.0009745392758881933	0.00042961634228153446	0.011769237234998987	0.0002111555875803818	0.016158107456742295	0.9174863401706546	0.05297100393185466	0.011125716193881766	0.004904665840298358	0.1343621509515098	0.0024106336176451834	0.18446718592241132	0.05297100393185466	0.6097586435424065
0.8319402890463661	0.008293902622679277	0.04507787652991813	0.00479897976972052	0.036816546441194066	0.017776573756286822	0.05529583183383441	0.008293902622679277	0.8577410491974599	0.03779819952881793	0.004023987127039286	0.030871000931524402	0.014905814858712865	0.04636604573376586	0.04507787652991813	0.03779819952881793	0.3944511211633298	0.021870620276472394	0.1677858098479459	0.08101403070992637	0.2520023419435869	0.00479897976972052	0.004023987127039286	0.021870620276472394	0.9159911343029157	0.01786243650079781	0.008624734001887104	0.02682810802116687	0.036816546441194066	0.030871000931524402	0.1677858098479459	0.01786243650079781	0.4746790620506621	0.0661667552605487	0.2058183889673248	0.017776573756286822	0.014905814858712865	0.08101403070992637	0.008624734001887104	0.0661667552605487	0.7121343353343537	0.09937775607828347	0.05529583183383441	0.04636604573376586	0.2520023419435869	0.02682810802116687	0.2058183889673248	0.09937775607828347	0.31431152742203433
0.9807118798213128	0.003838122116192969	0.002511421606743676	0.004086929242314772	0.0026846057363090004	0.0015438532814439348	0.004623188195682891	0.003838122116192969	0.33784133065359645	0.10701104555416166	0.1741430312423917	0.1143903779324485	0.0657832015882631	0.1969928909129507	0.002511421606743676	0.10701104555416166	0.5297358595424481	0.11394806055826734	0.07484974632023472	0.0430443192863832	0.1288995471317648	0.004086929242314772	0.1741430312423917	0.11394806055826734	0.3062056075725406	0.12180575981133204	0.07004761237009142	0.2097629992030677	0.0026846057363090004	0.1143903779324485	0.07484974632023472	0.12180575981133204	0.5024686346836709	0.046012595480363155	0.13778828003564536	0.0015438532814439348	0.0657832015882631	0.0430443192863832	0.07004761237009142	0.046012595480363155	0.6943296361490822	0.0792387818443751	0.004623188195682891	0.1969928909129507	0.1288995471317648	0.2097629992030677	0.13778828003564536	0.0792387818443751	0.24269431267651972
0.9999894872680145	1.5723737571836212e-6	1.0245855021017971e-7	3.5035285572390295e-6	6.487376918137885e-7	7.339647815752131e-7	3.951668647583967e-6	1.5723737571836212e-6	0.6633797787618085	0.0038577267101797233	0.13191339978374586	0.024426001699970803	0.027634936629550418	0.14878658404098566	1.0245855021017971e-7	0.0038577267101797233	0.9744589027820783	0.008595701647518708	0.001591639844010787	0.0018007395056538534	0.009695187052008405	3.5035285572390295e-6	0.13191339978374586	0.008595701647518708	0.41196337153053963	0.054425478741326465	0.06157555683995954	0.33152298792834883	6.487376918137885e-7	0.024426001699970803	0.001591639844010787	0.054425478741326465	0.846767372995114	0.01140175796026164	0.06138710002162375	7.339647815752131e-7	0.027634936629550418	0.0018007395056538534	0.06157555683995954	0.01140175796026164	0.8281345228315742	0.06945175226821806	3.951668647583967e-6	0.14878658404098566	0.009695187052008405	0.33152298792834883	0.06138710002162375	0.06945175226821806	0.3791524370201637
0.9999943319949587	5.808411285343115e-7	8.729626393525976e-8	1.3922980487325271e-6	9.939267398192224e-7	1.1255061282147816e-6	1.4881367320415237e-6	5.808411285343115e-7	0.6516202247552454	0.0059782233531004685	0.09534736464302551	0.06806609789927442	0.07707691848921826	0.10191059001900665	8.729626393525976e-8	0.0059782233531004685	0.942561274321244	0.014330026405692661	0.010229847294478026	0.011584109129341434	0.01531643219987946	1.3922980487325271e-6	0.09534736464302551	0.014330026405692661	0.29812442266677386	0.16315699876338693	0.1847562748968031	0.24428352032626727	9.939267398192224e-7	0.06806609789927442	0.010229847294478026	0.16315699876338693	0.45226528745944605	0.13189288179818554	0.17438789285848783	1.1255061282147816e-6	0.07707691848921826	0.011584109129341434	0.1847562748968031	0.13189288179818554	0.39721473738739305	0.19747395279292887	1.4881367320415237e-6	0.10191059001900665	0.01531643219987946	0.24428352032626727	0.17438789285848783	0.19747395279292887	0.26662612366669597
0.9949456891589996	0.001001791337309264	0.0005939585731518788	0.0004010897396694134	0.0010456406253781278	0.0009604525918134395	0.001051377973678202	0.001001791337309264	0.24305776506696958	0.11079460736881416	0.07481764256809426	0.19504953337549868	0.17915890537894383	0.19611975490437	0.0005939585731518788	0.11079460736881416	0.5061067286475952	0.044359118083104235	0.11564418479482859	0.10622268714375907	0.11627871538874666	0.0004010897396694134	0.07481764256809426	0.044359118083104235	0.6520784035600269	0.0780924765973177	0.07173030554536931	0.07852096390641798	0.0010456406253781278	0.19504953337549868	0.11564418479482859	0.0780924765973177	0.2184632272457842	0.18700084826613655	0.20470408909505575	0.0009604525918134395	0.17915890537894383	0.10622268714375907	0.07173030554536931	0.18700084826613655	0.26689989378443196	0.18802690728954538	0.001051377973678202	0.19611975490437	0.11627871538874666	0.07852096390641798	0.20470408909505575	0.18802690728954538	0.21529819144218576
0.30099509280339287	0.138876537598813	0.1294850967466413	0.03233981672065513	0.13944057163034793	0.11764590078426788	0.14121698371588057	0.138876537598813	0.19222701520736352	0.15462905626538723	0.038619698057569735	0.16651772704387394	0.14049087554344036	0.1686390902835509	0.1294850967466413	0.15462905626538723	0.23639547360051916	0.03600806461460366	0.1552570676739792	0.13099026607586023	0.15723497502300782	0.03233981672065513	0.038619698057569735	0.03600806461460366	0.7822695842274017	0.03877654833889658	0.03271574338297779	0.039270544657895215	0.13944057163034793	0.16651772704387394	0.1552570676739792	0.03877654833889658	0.18962261712454348	0.1410614660571206	0.16932400213123672	0.11764590078426788	0.14049087554344036	0.13099026607586023	0.03271574338297779	0.1410614660571206	0.2942372205254026	0.1428585276309293	0.14121698371588057	0.1686390902835509	0.15723497502300782	0.039270544657895215	0.16932400213123672	0.1428585276309293	0.18145587655749795
0.22033010010344278	0.16676436657976407	0.13223059893323488	0.07517488263489894	0.17105534302664835	0.06080327169463417	0.17364143702737644	0.16676436657976407	0.21582860602569717	0.1332017685925681	0.07572700571191693	0.17231166161368128	0.061249842254961426	0.1749167492214107	0.13223059893323488	0.1332017685925681	0.3506321869641258	0.0600453653623768	0.1366291533716819	0.0485661505035362	0.13869477627247617	0.07517488263489894	0.07572700571191693	0.0600453653623768	0.6049168582426498	0.07767552028110987	0.027610512949242487	0.07884985481780492	0.17105534302664835	0.17231166161368128	0.1366291533716819	0.07767552028110987	0.20008498072849928	0.06282584818405604	0.17941749279432284	0.06080327169463417	0.061249842254961426	0.0485661505035362	0.027610512949242487	0.06282584818405604	0.6751686959219382	0.06377567849163157	0.17364143702737644	0.1749167492214107	0.13869477627247617	0.07884985481780492	0.17941749279432284	0.06377567849163157	0.19070401137497708
0.21217776683416337	0.12672367371788676	0.15488556732906164	0.08586646121458177	0.18862347767217355	0.035107295781195355	0.19661575745093318	0.12672367371788676	0.44337180501759954	0.10072024015448694	0.055837937284204726	0.12265960152086508	0.02282985641098613	0.12785688589396807	0.15488556732906164	0.10072024015448694	0.34205505066801517	0.06824684244872788	0.14991833343002484	0.02790335190351653	0.1562706140661638	0.08586646121458177	0.055837937284204726	0.06824684244872788	0.6048325122246068	0.08311269400250032	0.015469240454727416	0.08663431237064907	0.18862347767217355	0.12265960152086508	0.14991833343002484	0.08311269400250032	0.23139427888157316	0.03398139262110701	0.1903102218717519	0.035107295781195355	0.02282985641098613	0.02790335190351653	0.015469240454727416	0.03398139262110701	0.8292876240097841	0.03542123881868262	0.19661575745093318	0.12785688589396807	0.1562706140661638	0.08663431237064907	0.1903102218717519	0.03542123881868262	0.2068909695278469
0.22355104803364026	0.15501649850084537	0.17128774994018747	0.05810235368559729	0.1362949674826215	0.0750600144875056	0.18068736786960674	0.15501649850084537	0.2868312768523297	0.1538455839419242	0.052185813254493056	0.12241610312489652	0.06741668194924594	0.16228804237626906	0.17128774994018747	0.1538455839419242	0.2281221231695093	0.05766347851749588	0.13526546569876968	0.07449304990885611	0.17932254882326176	0.05810235368559729	0.052185813254493056	0.05766347851749588	0.7000685391392346	0.045883269131746646	0.025268716148321133	0.060827830123112756	0.1362949674826215	0.12241610312489652	0.13526546569876968	0.045883269131746646	0.35817718910561824	0.05927468729406635	0.14268831816228433	0.0750600144875056	0.06741668194924594	0.07449304990885611	0.025268716148321133	0.05927468729406635	0.619905906056277	0.07858094415572965	0.18068736786960674	0.16228804237626906	0.17932254882326176	0.060827830123112756	0.14268831816228433	0.07858094415572965	0.1956049484897401
0.23304509751408634	0.21978996906203058	0.21979360792099578	0.05829752968886982	0.018196320926633362	0.11137088309168669	0.13950659179569444	0.21978996906203058	0.2358508741881941	0.2186665404856545	0.057998589024058564	0.018103013023126	0.11079979052550543	0.13879122369142777	0.21979360792099578	0.2186665404856545	0.23584184313821288	0.0579995492529832	0.018103312737947005	0.11080162493502292	0.13879352152918065	0.05829752968886982	0.057998589024058564	0.0579995492529832	0.7547006344260494	0.004801679274434193	0.02938875739073519	0.03681326094286874	0.018196320926633362	0.018103013023126	0.018103312737947005	0.004801679274434193	0.92013213686882	0.009173068978579441	0.011490468190459678	0.11137088309168669	0.11079979052550543	0.11080162493502292	0.02938875739073519	0.009173068978579441	0.558138274533934	0.07032760054453474	0.13950659179569444	0.13879122369142777	0.13879352152918065	0.03681326094286874	0.011490468190459678	0.07032760054453474	0.46427733330583193
0.24549308566618416	0.23209441041606121	0.23224998061600474	0.09376267209676477	0.0014255301343093817	0.09480217522708019	0.1001721458435895	0.23209441041606121	0.24819219694937725	0.23105003126850457	0.09327823521154319	0.0014181649498216612	0.0943123676154558	0.09965459358923023	0.23224998061600474	0.23105003126850457	0.2478431390356901	0.09334075853416963	0.0014191155293914195	0.09437558410507652	0.099721390911157	0.09376267209676477	0.09327823521154319	0.09334075853416963	0.6406856641144573	0.0005729174387736633	0.038100786587429054	0.04025896601685992	0.0014255301343093817	0.0014181649498216612	0.0014191155293914195	0.0005729174387736633	0.993972921635725	0.0005792691079155465	0.0006120812040632042	0.09480217522708019	0.0943123676154558	0.09437558410507652	0.038100786587429054	0.0005792691079155465	0.6371245189110599	0.04070529844598055	0.1001721458435895	0.09965459358923023	0.099721390911157	0.04025896601685992	0.0006120812040632042	0.04070529844598055	0.6188755239891169
0.330514979683743	0.1393355982746292	0.1323662397035517	0.11540826753238945	0.0634829718500095	0.07804278450616109	0.14084915844951643	0.1393355982746292	0.19395475826389103	0.16646221765033312	0.1451360723976886	0.07983543463086458	0.09814568283874917	0.17713023594384503	0.1323662397035517	0.16646221765033312	0.2259457461092384	0.13787658277218973	0.07584218540015722	0.09323658233337576	0.16827044603115482	0.11540826753238945	0.1451360723976886	0.13787658277218973	0.3074490302314212	0.06612573751815636	0.08129166819148644	0.14671264135666864	0.0634829718500095	0.07983543463086458	0.07584218540015722	0.06612573751815636	0.5892946562250522	0.04471635172923906	0.0807026626465216	0.07804278450616109	0.09814568283874917	0.09323658233337576	0.08129166819148644	0.04471635172923906	0.5053551208959656	0.09921180950502331	0.14084915844951643	0.17713023594384503	0.16827044603115482	0.14671264135666864	0.0807026626465216	0.09921180950502331	0.18712304606727095
0.9992452987136143	1.6485129955868663e-6	3.964431189423799e-6	3.782144582866341e-5	0.00033317738848101356	3.7554491592940556e-5	0.0003405350162978986	1.6485129955868663e-6	0.9951989943136698	2.526611937368388e-5	0.00024104370073105435	0.0021234066799875636	0.00023934234755709132	0.002170298325685562	3.964431189423799e-6	2.526611937368388e-5	0.9884897829324117	0.0005796746326844312	0.005106480623755541	0.0005755831286410049	0.005219248131943959	3.782144582866341e-5	0.00024104370073105435	0.0005796746326844312	0.8951408212400915	0.04871681990640384	0.005491175172333461	0.04979264390192677	0.00033317738848101356	0.0021234066799875636	0.005106480623755541	0.04871681990640384	0.4567128616897826	0.04837296310399926	0.43863429060758613	3.7554491592940556e-5	0.00023934234755709132	0.0005755831286410049	0.005491175172333461	0.04837296310399926	0.8958421881199615	0.04944119363591431	0.0003405350162978986	0.002170298325685562	0.005219248131943959	0.04979264390192677	0.43863429060758613	0.04944119363591431	0.4544017903806413
0.9999979153818573	7.045839400540337e-12	3.816873792631214e-11	5.373826343550976e-10	1.032109563200882e-6	1.0893406415385451e-8	1.0410325757224022e-6	7.045839400540337e-12	0.9999932810829075	1.230216595928808e-10	1.7320379741763677e-9	3.3265923434981086e-6	3.5110538326618857e-8	3.3553521052456598e-6	3.816873792631214e-11	1.230216595928808e-10	0.9999636028097882	9.38280022529161e-9	1.8020823940000466e-5	1.9020089156980796e-7	1.8176621389610414e-5	5.373826343550976e-10	1.7320379741763677e-9	9.38280022529161e-9	0.9994876819356029	0.0002537175282248725	2.677863134112469e-6	0.0002559110208171304	1.032109563200882e-6	3.3265923434981086e-6	1.8020823940000466e-5	0.0002537175282248725	0.5030720891339292	0.005143166103566792	0.49150864770841607	1.0893406415385451e-8	3.5110538326618857e-8	1.9020089156980796e-7	2.677863134112469e-6	0.005143166103566792	0.9896662889343553	0.005187630894107107	1.0410325757224022e-6	3.3553521052456598e-6	1.8176621389610414e-5	0.0002559110208171304	0.49150864770841607	0.005187630894107107	0.5030252373705726
0.9999972679555895	5.822616406473213e-12	2.9392355695943714e-11	1.8710312409870696e-11	2.6936539201992046e-6	4.5958554948969546e-9	3.374070956627241e-8	5.822616406473213e-12	0.9999978492081535	2.3139009866658748e-11	1.4729615684394196e-11	2.1205678538197274e-6	3.61806813792861e-9	2.6562233379265628e-8	2.9392355695943714e-11	2.3139009866658748e-11	0.999989142974706	7.435456386564513e-11	1.0704549344442575e-5	1.826387627457864e-8	1.3408518732130153e-7	1.8710312409870696e-11	1.4729615684394196e-11	7.435456386564513e-11	0.9999930887087971	6.8142024583976245e-6	1.1626248486090246e-8	8.535470141523252e-8	2.6936539201992046e-6	2.1205678538197274e-6	1.0704549344442575e-5	6.8142024583976245e-6	0.986015681242095	0.0016737876485293543	0.012288198135766062	4.5958554948969546e-9	3.61806813792861e-9	1.826387627457864e-8	1.1626248486090246e-8	0.0016737876485293543	0.9983052083829876	2.0965864434606534e-5	3.374070956627241e-8	2.6562233379265628e-8	1.3408518732130153e-7	8.535470141523252e-8	0.012288198135766062	2.0965864434606534e-5	0.9876905562569673
0.5954526612574444	0.015824145369515746	0.058776204473712214	0.005394560288029319	0.12800781512138037	0.06705089602662559	0.12949371746329266	0.015824145369515746	0.8827785591078069	0.01533159913358452	0.0014071550992206506	0.03339046005062753	0.017490027956596838	0.03377805328264786	0.058776204473712214	0.01533159913358452	0.6062152185204659	0.005226647879344577	0.12402341242312931	0.06496385336602464	0.12546306420373923	0.005394560288029319	0.0014071550992206506	0.005226647879344577	0.959110956158224	0.011383038109290132	0.00596247115076062	0.011515171315130985	0.12800781512138037	0.03339046005062753	0.12402341242312931	0.011383038109290132	0.28846734355096465	0.14148380293882096	0.2732441278057876	0.06705089602662559	0.017490027956596838	0.06496385336602464	0.00596247115076062	0.14148380293882096	0.5599228153167354	0.14312613324443632	0.12949371746329266	0.03377805328264786	0.12546306420373923	0.011515171315130985	0.2732441278057876	0.14312613324443632	0.2833797326849661
0.1954719541475201	0.10959452313795197	0.15505825755946115	0.11078836912102441	0.18486309421952593	0.08363788419740156	0.16058591761711363	0.10959452313795197	0.4871600697571523	0.08997483665819064	0.06428658216715062	0.10726953190578183	0.04853211359099721	0.0931823427827746	0.15505825755946115	0.08997483665819064	0.3117404797958913	0.09095495951694674	0.15176877667137392	0.06866497297155445	0.13183771682658071	0.11078836912102441	0.06428658216715062	0.09095495951694674	0.4822738437171904	0.10843805106262494	0.049060788448112985	0.09419740596694912	0.18486309421952593	0.10726953190578183	0.15176877667137392	0.10843805106262494	0.20861782620552655	0.08186354966070719	0.1571791702744584	0.08363788419740156	0.04853211359099721	0.06866497297155445	0.049060788448112985	0.08186354966070719	0.5971278857486239	0.07111280538260227	0.16058591761711363	0.0931823427827746	0.13183771682658071	0.09419740596694912	0.1571791702744584	0.07111280538260227	0.29190464114952025
0.17506091016810826	0.1341689769961992	0.14980922989240733	0.14929638726340846	0.1588187230226945	0.0701627699475205	0.16268300270966102	0.1341689769961992	0.29781920161709474	0.12318629881424314	0.12276459458823574	0.13059469490378658	0.05769398821820063	0.13377224486223938	0.14980922989240733	0.12318629881424314	0.2303250565359714	0.13707542373106263	0.145818289067855	0.06441945178306833	0.14936625017539143	0.14929638726340846	0.12276459458823574	0.13707542373106263	0.23249063739528344	0.14531910864502398	0.06419892437607998	0.14885492400090491	0.1588187230226945	0.13059469490378658	0.145818289067855	0.14531910864502398	0.19280645874261124	0.06829362301212583	0.15834910260590213	0.0701627699475205	0.05769398821820063	0.06441945178306833	0.06419892437607998	0.06829362301212583	0.6052759411338097	0.06995530152919456	0.16268300270966102	0.13377224486223938	0.14936625017539143	0.14885492400090491	0.15834910260590213	0.06995530152919456	0.1770191741167057
0.28985662808555823	0.1410777749134316	0.1310008517258708	0.12489623348526904	0.11206878228390599	0.05894667366009392	0.14215305584586774	0.1410777749134316	0.18371389154062587	0.1554352736364193	0.14819201533563053	0.13297197392922852	0.06994147159811151	0.1686675990465494	0.1310008517258708	0.1554352736364193	0.2309172380991653	0.1376069351806358	0.12347403303665781	0.06494568230846888	0.15661998601277904	0.12489623348526904	0.14819201533563053	0.1376069351806358	0.26034390822770703	0.11772016331454677	0.06191922414697351	0.1493215203092344	0.11206878228390599	0.13297197392922852	0.12347403303665781	0.11772016331454677	0.324219755801662	0.05555981839063222	0.1339854732433638	0.05894667366009392	0.06994147159811151	0.06494568230846888	0.06191922414697351	0.05555981839063222	0.6182125712763373	0.0704745586193813	0.14215305584586774	0.1686675990465494	0.15661998601277904	0.1493215203092344	0.1339854732433638	0.0704745586193813	0.17877780692282103
0.20049050421971915	0.16302493100404128	0.1530053422712966	0.12061872952187498	0.10089796675885593	0.08143244102225353	0.18053008520195468	0.16302493100404128	0.2530246780645671	0.14037658472570463	0.11066309877083774	0.09257004866053584	0.0747111688186183	0.16562948995569152	0.1530053422712966	0.14037658472570463	0.29030652100240006	0.10386169280951636	0.08688065004624822	0.07011938533682278	0.15544982380800795	0.12061872952187498	0.11066309877083774	0.10386169280951636	0.41854282412293947	0.06849063877803566	0.055277227896956875	0.12254578809983623	0.10089796675885593	0.09257004866053584	0.08688065004624822	0.06849063877803566	0.5024111538889453	0.04623958422524563	0.10250995764213115	0.08143244102225353	0.0747111688186183	0.07011938533682278	0.055277227896956875	0.04623958422524563	0.5894867507087751	0.08273344199132605	0.18053008520195468	0.16562948995569152	0.15544982380800795	0.12254578809983623	0.10250995764213115	0.08273344199132605	0.19060141330104838
0.22242315684692715	0.18666830342726648	0.195171138047045	0.0817008437659974	0.03794049991710792	0.08518492949574574	0.19091112849990474	0.18666830342726648	0.2345506779250407	0.1911655400037281	0.08002405516292263	0.037161827446623066	0.08343663520222168	0.18699296083219197	0.195171138047045	0.1911655400037281	0.20839176431132567	0.08366919091527861	0.03885456728057405	0.08723721568283718	0.19551058375920574	0.0817008437659974	0.08002405516292263	0.08366919091527861	0.6199795254285345	0.016264960909437486	0.03651848424107711	0.08184293957674989	0.03794049991710792	0.037161827446623066	0.03885456728057405	0.016264960909437486	0.8148130867607934	0.01695857085992701	0.0380064868255359	0.08518492949574574	0.08343663520222168	0.08723721568283718	0.03651848424107711	0.01695857085992701	0.6053310796171542	0.0853330849010346	0.19091112849990474	0.18699296083219197	0.19551058375920574	0.08184293957674989	0.0380064868255359	0.0853330849010346	0.22140281560537173
0.24136048382370895	0.18981371453493445	0.23100314279112213	0.027203483256592498	0.03801099664845293	0.06008367744611861	0.2125245014990687	0.18981371453493445	0.3490254621945234	0.18727983013471527	0.02205452125806754	0.0308164335322934	0.048711289249223876	0.17229874909624077	0.23100314279112213	0.18727983013471527	0.2484040716844948	0.026840335198379774	0.0375035756136753	0.05928160108740267	0.20968744349020838	0.027203483256592498	0.02205452125806754	0.026840335198379774	0.8878107106520613	0.004416510870553298	0.006981143300129732	0.024693295464215618	0.03801099664845293	0.0308164335322934	0.0375035756136753	0.004416510870553298	0.8449942913102448	0.009754641053891271	0.03450355097088876	0.06008367744611861	0.048711289249223876	0.05928160108740267	0.006981143300129732	0.009754641053891271	0.76064816165997	0.05453948620326348	0.2125245014990687	0.17229874909624077	0.20968744349020838	0.024693295464215618	0.03450355097088876	0.05453948620326348	0.29175297327611277
0.22064445973505514	0.13641013597412838	0.20259165539918106	0.014500388371691047	0.15447139095599194	0.062127187300628745	0.20925478226332764	0.13641013597412838	0.4446373663212411	0.1320116443436176	0.009448662181057162	0.10065578606367787	0.04048297121537352	0.13635343390090693	0.20259165539918106	0.1320116443436176	0.2392419862476311	0.014032829004224867	0.1494905212030129	0.06012392037755478	0.2025074434247814	0.014500388371691047	0.009448662181057162	0.014032829004224867	0.9325207189963773	0.010699703356779843	0.004303337144786953	0.014494360945082904	0.15447139095599194	0.10065578606367787	0.1494905212030129	0.010699703356779843	0.38443233640811986	0.04584308071400328	0.1544071812984173	0.062127187300628745	0.04048297121537352	0.06012392037755478	0.004303337144786953	0.04584308071400328	0.7250181405699405	0.06210136267771339	0.20925478226332764	0.13635343390090693	0.2025074434247814	0.014494360945082904	0.1544071812984173	0.06210136267771339	0.22088143548977426
0.2177758018752646	0.10631726331425928	0.17609179264800023	0.030278056455163724	0.1913327943643007	0.07791918924159445	0.20028510210141567	0.10631726331425928	0.530571739926835	0.09460010403267552	0.01626598972895537	0.10278788113598608	0.04185977834373688	0.10759724351755089	0.17609179264800023	0.09460010403267552	0.28457727624831597	0.026941130737152347	0.1702461264284421	0.06933176399216011	0.17821180591325272	0.030278056455163724	0.01626598972895537	0.026941130737152347	0.8546780848539737	0.029272924931699536	0.011921231720816093	0.030642581572239015	0.1913327943643007	0.10278788113598608	0.1702461264284421	0.029272924931699536	0.23739144588937464	0.07533252937769354	0.1936362978725021	0.07791918924159445	0.04185977834373688	0.06933176399216011	0.011921231720816093	0.07533252937769354	0.6447782294166813	0.07885727790731725	0.20028510210141567	0.10759724351755089	0.17821180591325272	0.030642581572239015	0.1936362978725021	0.07885727790731725	0.21076969111572105
0.3339825292311204	0.07534316695941592	0.12762440708215173	0.06946997988069627	0.16172718771695238	0.0688350432263983	0.16301768590326945	0.07534316695941592	0.5847958066625973	0.07343228188882515	0.03997150123586135	0.09305427315226325	0.03960617262477567	0.09379679747626386	0.12762440708215173	0.07343228188882515	0.34763748042347975	0.06770805304956412	0.15762539480076895	0.06708921992558524	0.15888316282962947	0.06946997988069627	0.03997150123586135	0.06770805304956412	0.6140461273977353	0.08580046133689435	0.03651877305445137	0.08648510404479959	0.16172718771695238	0.09305427315226325	0.15762539480076895	0.08580046133689435	0.2154377544944182	0.08501626853948707	0.2013386599592214	0.0688350432263983	0.03960617262477567	0.06708921992558524	0.03651877305445137	0.08501626853948707	0.6172398688293896	0.08569465379991509	0.16301768590326945	0.09379679747626386	0.15888316282962947	0.08648510404479959	0.2013386599592214	0.08569465379991509	0.2107839359869068
0.39031443992522574	0.04725141201202768	0.13695403707023526	0.05552680959737212	0.1556592157639935	0.054570103515973606	0.15972398211517339	0.04725141201202768	0.7251452443789034	0.055421949156736455	0.022470341759718508	0.06299147747959628	0.022083186207859772	0.0646363890051585	0.13695403707023526	0.055421949156736455	0.3085714759858591	0.06512829748998826	0.1825752241997247	0.06400616137715184	0.18734285472030598	0.05552680959737212	0.022470341759718508	0.06512829748998826	0.6809437849915018	0.07402351860673213	0.025950735092424678	0.07595651246226319	0.1556592157639935	0.06299147747959628	0.1825752241997247	0.07402351860673213	0.2390723060047953	0.07274812117383282	0.21293013677132713	0.054570103515973606	0.022083186207859772	0.06400616137715184	0.025950735092424678	0.07274812117383282	0.6859938823617675	0.07464781027099038	0.15972398211517339	0.0646363890051585	0.18734285472030598	0.07595651246226319	0.21293013677132713	0.07464781027099038	0.2247623146547832
0.23536304182290457	0.0385392210883792	0.1961251264268097	0.03193826332380044	0.21483665604135413	0.05814754013525052	0.22505015116150087	0.0385392210883792	0.8379223385597774	0.03336877529700365	0.005433983659539639	0.03655235936165928	0.009893236201791639	0.038290085831849244	0.1961251264268097	0.03336877529700365	0.3116349415865149	0.02765340611800234	0.1860140370913008	0.0503464301055047	0.19485728337486372	0.03193826332380044	0.005433983659539639	0.02765340611800234	0.8647521050137327	0.030291709210253617	0.008198732979392066	0.03173179969527902	0.21483665604135413	0.03655235936165928	0.1860140370913008	0.030291709210253617	0.26370759956960843	0.05514978567278486	0.21344785305303846	0.05814754013525052	0.009893236201791639	0.0503464301055047	0.008198732979392066	0.05514978567278486	0.7604926272224173	0.057771647682858716	0.22505015116150087	0.038290085831849244	0.19485728337486372	0.03173179969527902	0.21344785305303846	0.057771647682858716	0.23885117920060941
0.23547277396655714	0.04698611669958779	0.18407058191571504	0.03438691804164373	0.21797813676271582	0.05689224073864105	0.22421323187513156	0.04698611669958779	0.8028841418981292	0.038512732585355494	0.007194708492738762	0.045607144842083	0.01190345372381249	0.04691170175829181	0.18407058191571504	0.038512732585355494	0.3401511865009322	0.02818564869788397	0.17866838718063643	0.04663240564777664	0.18377905747169357	0.03438691804164373	0.007194708492738762	0.02818564869788397	0.85381097861821	0.03337771371541844	0.008711575170816999	0.03433245726328702	0.21797813676271582	0.045607144842083	0.17866838718063643	0.03337771371541844	0.2515131677209065	0.05522253903950783	0.21763291073872418	0.05689224073864105	0.01190345372381249	0.04663240564777664	0.008711575170816999	0.05522253903950783	0.7638356488491933	0.05680213683024975	0.22421323187513156	0.04691170175829181	0.18377905747169357	0.03433245726328702	0.21763291073872418	0.05680213683024975	0.23632850406261413
0.20096561175974545	0.11285208818662594	0.1518083956168572	0.07856031930930597	0.18155292207260595	0.09230779398956074	0.18195286906530075	0.11285208818662594	0.45824478496099474	0.09488891735829434	0.04910468631389833	0.11348094516579814	0.05769764313634093	0.11373093487804894	0.1518083956168572	0.09488891735829434	0.30398746325445625	0.0660555224663125	0.1526543327245757	0.07761475021106354	0.1529906183684422	0.07856031930930597	0.04910468631389833	0.0660555224663125	0.607943902981683	0.07899808883468644	0.040165364602641924	0.07917211549147268	0.18155292207260595	0.11348094516579814	0.1526543327245757	0.07899808883468644	0.19752475802147135	0.09282216994321014	0.18296678323765433	0.09230779398956074	0.05769764313634093	0.07761475021106354	0.040165364602641924	0.09282216994321014	0.5463656281397202	0.09302664997746346	0.18195286906530075	0.11373093487804894	0.1529906183684422	0.07917211549147268	0.18296678323765433	0.09302664997746346	0.1961600289816198
0.42702779233041255	0.11160419661722257	0.10899918289912255	0.052343607041998516	0.10735508523143604	0.07869810532415053	0.11397203055565888	0.11160419661722257	0.19592663777965572	0.1635973267011151	0.07856273739125025	0.16112969367749896	0.11811831341331516	0.17106109441994446	0.10899918289912255	0.1635973267011151	0.21087633419980303	0.07672896218530864	0.1573686786337478	0.11536125018337351	0.1670682651975316	0.052343607041998516	0.07856273739125025	0.07672896218530864	0.5811647262533514	0.07557161490602103	0.0553988001273429	0.08022955209472848	0.10735508523143604	0.16112969367749896	0.1573686786337478	0.07557161490602103	0.22040545977050507	0.11362118977811876	0.16454827800267435	0.07869810532415053	0.11811831341331516	0.11536125018337351	0.0553988001273429	0.11362118977811876	0.39817798802596444	0.12062435314773626	0.11397203055565888	0.17106109441994446	0.1670682651975316	0.08022955209472848	0.16454827800267435	0.12062435314773626	0.18249642658172832
0.756738307092649	0.0285490669889717	0.04422391882426453	0.01323120870073852	0.05971534775688627	0.037323618901236096	0.060218531735254294	0.0285490669889717	0.5813641168852933	0.08034538079431876	0.024038270006199965	0.10848998646767906	0.06780901496220398	0.10940416389533383	0.04422391882426453	0.08034538079431876	0.39562587530957943	0.03723647087453314	0.16805636263509321	0.10503952281173515	0.16947246875047683	0.01323120870073852	0.024038270006199965	0.03723647087453314	0.7930834813326872	0.05028022994407015	0.031426429070449194	0.05070391007132184	0.05971534775688627	0.10848998646767906	0.16805636263509321	0.05028022994407015	0.24278583348108182	0.14183436926622178	0.22883787044896892	0.037323618901236096	0.06780901496220398	0.10503952281173515	0.031426429070449194	0.14183436926622178	0.4735375259844272	0.1430295190037274	0.060218531735254294	0.10940416389533383	0.16947246875047683	0.05070391007132184	0.22883787044896892	0.1430295190037274	0.23833353609491822
0.5185667684829103	0.06828181873341063	0.08662383521561394	0.0662412366166735	0.09801939492845357	0.06286438328379124	0.09940256273914547	0.06828181873341063	0.4050324312768903	0.11042813410735614	0.0844443811837209	0.12495520270303306	0.08013956586613287	0.12671846612945464	0.08662383521561394	0.11042813410735614	0.27487435316976805	0.10712802172277106	0.1585209516832171	0.10166683718461032	0.16075786691666158	0.0662412366166735	0.0844443811837209	0.10712802172277106	0.4202892669323643	0.12122095313618153	0.07774461845578377	0.12293152195250347	0.09801939492845357	0.12495520270303306	0.1585209516832171	0.12122095313618153	0.20033623532897213	0.11504133752933693	0.18190592469080336	0.06286438328379124	0.08013956586613287	0.10166683718461032	0.07774461845578377	0.11504133752933693	0.44587855290735373	0.11666470477298975	0.09940256273914547	0.12671846612945464	0.16075786691666158	0.12293152195250347	0.18190592469080336	0.11666470477298975	0.19161895279843943
0.3006971705834926	0.11325408015901564	0.12300678444415139	0.11189101064009818	0.13292693358246083	0.08611203233210253	0.13211198825868092	0.11325408015901564	0.2742363880532985	0.12856068380327293	0.11694301988571545	0.13892873921106672	0.09000009072939412	0.13807699815823893	0.12300678444415139	0.12856068380327293	0.22280915869235773	0.12701339165117226	0.15089237803387887	0.09775031279015133	0.14996729058501768	0.11189101064009818	0.11694301988571545	0.12701339165117226	0.2815638484888292	0.13725666232470335	0.08891689460788751	0.13641517240159634	0.13292693358246083	0.13892873921106672	0.15089237803387887	0.13725666232470335	0.17229995963601968	0.10563359894852553	0.16206172826334772	0.08611203233210253	0.09000009072939412	0.09775031279015133	0.08891689460788751	0.10563359894852553	0.42660108763196664	0.10498598295997386	0.13211198825868092	0.13807699815823893	0.14996729058501768	0.13641517240159634	0.16206172826334772	0.10498598295997386	0.1763808393731471
0.8814394706528461	0.02687329401353957	0.023679103300630264	0.020454919588185218	0.0016270376310121384	0.018536394223019642	0.027389780590767035	0.02687329401353957	0.24019978291023358	0.18928537064278117	0.16351197875026238	0.01300616907345845	0.14817572297138426	0.21894768163834133	0.023679103300630264	0.18928537064278117	0.3080118353954889	0.14407675641725146	0.011460240820523096	0.13056338568383943	0.19292330773948635	0.020454919588185218	0.16351197875026238	0.14407675641725146	0.3826163090409573	0.009899796519693305	0.11278567103734302	0.16665456864630798	0.0016270376310121384	0.01300616907345845	0.011460240820523096	0.009899796519693305	0.9417793507766117	0.00897126631202728	0.013256138866674263	0.018536394223019642	0.14817572297138426	0.13056338568383943	0.11278567103734302	0.00897126631202728	0.4299439993923418	0.15102356038004494	0.027389780590767035	0.21894768163834133	0.19292330773948635	0.16665456864630798	0.013256138866674263	0.15102356038004494	0.22980496213837875
0.9997262498018731	6.475225822136278e-5	3.2414816408840656e-5	6.057567114892226e-5	1.3412596441762338e-6	4.90640950238902e-5	6.560209767972043e-5	6.475225822136278e-5	0.25192976687767676	0.11601291546688854	0.216800864385994	0.004800380164316707	0.175600831319641	0.2347904895272604	3.2414816408840656e-5	0.11601291546688854	0.5675807926996339	0.1085299634234448	0.0024030581479802414	0.08790533125511996	0.11753552419052289	6.057567114892226e-5	0.216800864385994	0.1085299634234448	0.2861971860904903	0.00449075071991116	0.16427439758365964	0.21964626212535004	1.3412596441762338e-6	0.004800380164316707	0.0024030581479802414	0.00449075071991116	0.9798037419792337	0.0036373450903852606	0.004863382638528607	4.90640950238902e-5	0.175600831319641	0.08790533125511996	0.16427439758365964	0.0036373450903852606	0.39062753044195986	0.17790550021420942	6.560209767972043e-5	0.2347904895272604	0.11753552419052289	0.21964626212535004	0.004863382638528607	0.17790550021420942	0.2451932392064476
0.9999935861046809	1.9367416803500914e-6	2.7160149111261914e-8	1.962886068275337e-6	9.509548581215088e-8	4.2342838284001367e-7	1.9685835525812295e-6	1.9367416803500914e-6	0.3207321582414113	0.0041206902321409365	0.29780563483702843	0.014427720477585422	0.06424181229758386	0.2986700471725753	2.7160149111261914e-8	0.0041206902321409365	0.9864112957866721	0.004176316093370601	0.00020232901655526585	0.0009009034188104417	0.004188438292301552	1.962886068275337e-6	0.29780563483702843	0.004176316093370601	0.31558273846191076	0.014622482600417836	0.06510902287025312	0.3027018422509564	9.509548581215088e-8	0.014427720477585422	0.00020232901655526585	0.014622482600417836	0.9529281251872851	0.003154321720792131	0.014664925901878663	4.2342838284001367e-7	0.06424181229758386	0.0009009034188104417	0.06510902287025312	0.003154321720792131	0.8012955075725016	0.0652980086916774	1.9685835525812295e-6	0.2986700471725753	0.004188438292301552	0.3027018422509564	0.014664925901878663	0.0652980086916774	0.31447476910706373
