0.22354789389886878	0.10219666350847234	0.19114269836304382	0.049018194696812824	0.12511828368339545	0.19986653613021282	0.10910972971919476	0.10219666350847234	0.5456496897235522	0.09983100473433228	0.025601478208450754	0.06534742931704668	0.10438733619189938	0.05698639831624689	0.19114269836304382	0.09983100473433228	0.23709669567445257	0.047883516534179764	0.12222203291121209	0.19524000519836662	0.10658404658441348	0.049018194696812824	0.025601478208450754	0.047883516534179764	0.7687509692704452	0.03134361634940903	0.05006894152578646	0.02733328341491636	0.12511828368339545	0.06534742931704668	0.12222203291121209	0.03134361634940903	0.4584004980357724	0.12780030085355248	0.06976783884961221	0.19986653613021282	0.10438733619189938	0.19524000519836662	0.05006894152578646	0.12780030085355248	0.2111882902246375	0.11144858987554547	0.10910972971919476	0.05698639831624689	0.10658404658441348	0.02733328341491636	0.06976783884961221	0.11144858987554547	0.5187701132400712
0.3357143347088509	0.06702075942876429	0.1853073728312111	0.048381391112359395	0.11757008074628046	0.21651242856497718	0.029493632607553735	0.06702075942876429	0.7164135096451775	0.06719167031123946	0.01754288796583301	0.042630414447488926	0.07850649165305881	0.010694266548437045	0.1853073728312111	0.06719167031123946	0.33449288327576465	0.04850476939575797	0.11786989839120554	0.21706456092737175	0.02956884486744633	0.048381391112359395	0.01754288796583301	0.04850476939575797	0.7904037887082236	0.03077432682418601	0.05667278780335133	0.007720048190287929	0.11757008074628046	0.042630414447488926	0.11786989839120554	0.03077432682418601	0.5346762955601326	0.13771874030415618	0.018760243726548467	0.21651242856497718	0.07850649165305881	0.21706456092737175	0.05667278780335133	0.13771874030415618	0.2589768650341167	0.03454812571296451	0.029493632607553735	0.010694266548437045	0.02956884486744633	0.007720048190287929	0.018760243726548467	0.03454812571296451	0.8692148383467614
0.2384080802262791	0.08476025184588955	0.16064585227336636	0.10652331209087787	0.1621995691865891	0.17690462476743382	0.07055830960956398	0.08476025184588955	0.5673449031225467	0.0825727673953422	0.054753512443593826	0.08337138561958016	0.09092985735619517	0.036267322216852506	0.16064585227336636	0.0825727673953422	0.2539172387014657	0.10377416866875507	0.15801353826107636	0.17233908717780666	0.06873734752218774	0.10652331209087787	0.054753512443593826	0.10377416866875507	0.47031481213527626	0.1047778402776672	0.1142770268208295	0.04557932756300038	0.1621995691865891	0.08337138561958016	0.15801353826107636	0.1047778402776672	0.24822961536697552	0.17400589743632408	0.06940215385178757	0.17690462476743382	0.09092985735619517	0.17233908717780666	0.1142770268208295	0.17400589743632408	0.19584933507725313	0.07569417136415747	0.07055830960956398	0.036267322216852506	0.06873734752218774	0.04557932756300038	0.06940215385178757	0.07569417136415747	0.6337613678724502
0.28480717453634674	0.08042849626352636	0.13843798296882223	0.11393426693636956	0.20180070603416259	0.07393890551914348	0.10665246774163764	0.08042849626352636	0.6391282872125947	0.06116284650364171	0.050336937383026636	0.08915693036551771	0.0326667135126717	0.047119788759024846	0.13843798296882223	0.06116284650364171	0.42296165098478744	0.08664272495287577	0.15346184724196216	0.05622775681516092	0.08110519053275626	0.11393426693636956	0.050336937383026636	0.08664272495287577	0.5097623602835292	0.1262988862829055	0.04627536545121854	0.06674945871008006	0.20180070603416259	0.08915693036551771	0.15346184724196216	0.1262988862829055	0.2290917317380692	0.08196306230907811	0.11822683602831416	0.07393890551914348	0.0326667135126717	0.05622775681516092	0.04627536545121854	0.08196306230907811	0.6656103952278283	0.04331780116490247	0.10665246774163764	0.047119788759024846	0.08110519053275626	0.06674945871008006	0.11822683602831416	0.04331780116490247	0.5368284570632895
0.1876038033335049	0.09664572671677413	0.1552175471163016	0.09108622166907804	0.17027936031923083	0.17156915419274452	0.12759818665237124	0.09664572671677413	0.4984931971748498	0.08779811651513528	0.05152251695507728	0.09631776429393399	0.09704733047308778	0.07217534787114475	0.1552175471163016	0.08779811651513528	0.2477664273996384	0.08274756654747296	0.15469082416073057	0.1558625414899315	0.11591697677079456	0.09108622166907804	0.05152251695507728	0.08274756654747296	0.5243783552016494	0.09077712514757855	0.09146472333711268	0.06802349114203388	0.17027936031923083	0.09631776429393399	0.15469082416073057	0.09077712514757855	0.18978279458898029	0.17098694287926777	0.1271651886102834	0.17156915419274452	0.09704733047308778	0.1558625414899315	0.09146472333711268	0.17098694287926777	0.1849408966934729	0.12812841093438812	0.12759818665237124	0.07217534787114475	0.11591697677079456	0.06802349114203388	0.1271651886102834	0.12812841093438812	0.36099239801898814
0.18707790291950332	0.12319967930352	0.13622745964284785	0.12527306654442924	0.14782431516861272	0.1413110787018423	0.13908649771924425	0.12319967930352	0.27984658485528335	0.11790466550305662	0.10842365442464258	0.12794172686526167	0.12230453030466948	0.1203791587435662	0.13622745964284785	0.11790466550305662	0.21616164294373189	0.11988894038493712	0.141470956188404	0.13523765289331227	0.13310868244370988	0.12527306654442924	0.10842365442464258	0.11988894038493712	0.2695514875958441	0.13009492032779327	0.12436285264830445	0.1224050780740491	0.14782431516861272	0.12794172686526167	0.141470956188404	0.13009492032779327	0.16147779313946978	0.14675024753729246	0.14444004077316588	0.1413110787018423	0.12230453030466948	0.13523765289331227	0.12436285264830445	0.14675024753729246	0.19195772025439678	0.13807591766018196	0.13908649771924425	0.1203791587435662	0.13310868244370988	0.1224050780740491	0.14444004077316588	0.13807591766018196	0.20250462458608243
0.9725059243109405	0.005571208256120132	0.0028472584228067827	0.006086253461534172	0.001769328960915251	0.005213308192986794	0.006006718394696269	0.005571208256120132	0.27438700039147784	0.09351628209550082	0.1998988890697442	0.0581124161064316	0.17122759062577114	0.1972866134549562	0.0028472584228067827	0.09351628209550082	0.5834402019866729	0.1021616441977923	0.0296993145152896	0.0875087013827878	0.10082659739915088	0.006086253461534172	0.1998988890697442	0.1021616441977923	0.22578595738540114	0.06348477339674895	0.18705718189791973	0.2155253005908616	0.001769328960915251	0.0581124161064316	0.0296993145152896	0.06348477339674895	0.7298997960522714	0.0543792156161295	0.0626551553522144	0.005213308192986794	0.17122759062577114	0.0875087013827878	0.18705718189791973	0.0543792156161295	0.310001280769018	0.18461272151538896	0.006006718394696269	0.1972866134549562	0.10082659739915088	0.2155253005908616	0.0626551553522144	0.18461272151538896	0.23308689329273366
0.9927100453091062	0.0020773408655190137	0.000374280756003319	0.002258254057301309	0.00024999336545720357	0.00010878294255373636	0.0022213027040590373	0.0020773408655190137	0.34613455235419854	0.04680027209615115	0.2823733324483329	0.031259308254485654	0.013602279116080697	0.2777529148652179	0.000374280756003319	0.04680027209615115	0.8438229681147218	0.050876053178462444	0.005632083650704359	0.0024507635677127357	0.05004357863624174	0.002258254057301309	0.2823733324483329	0.050876053178462444	0.31378173756203454	0.033981644931674514	0.014786885730840086	0.30194209209133877	0.00024999336545720357	0.031259308254485654	0.005632083650704359	0.033981644931674514	0.8938144209902985	0.0016369386413951172	0.03342561016598287	0.00010878294255373636	0.013602279116080697	0.0024507635677127357	0.014786885730840086	0.0016369386413951172	0.9528694190835113	0.014544930917905381	0.0022213027040590373	0.2777529148652179	0.05004357863624174	0.30194209209133877	0.03342561016598287	0.014544930917905381	0.3200695706192389
0.3752401513750776	0.10439007086213681	0.11487256730566874	0.10887738358304605	0.06359614727127548	0.17006826124245805	0.06295541836033484	0.10439007086213681	0.4739909981536913	0.0930731397104727	0.08821566516025363	0.051527472910715764	0.1377943177400837	0.05100833546264401	0.11487256730566874	0.0930731397104727	0.4305170489779142	0.09707398270586957	0.056701686770998495	0.1516311552258722	0.056130419303201944	0.10887738358304605	0.08821566516025363	0.09707398270586957	0.45517200902363253	0.05374243342141339	0.14371754578042747	0.05320098032535525	0.06359614727127548	0.051527472910715764	0.056701686770998495	0.05374243342141339	0.659410579506751	0.08394656361251474	0.031075116506329863	0.17006826124245805	0.1377943177400837	0.1516311552258722	0.14371754578042747	0.08394656361251474	0.2297413514144153	0.08310080498422517	0.06295541836033484	0.05100833546264401	0.056130419303201944	0.05320098032535525	0.031075116506329863	0.08310080498422517	0.6625289250579078
0.3616637634453487	0.03488873086876753	0.22780503537259353	0.016890685692458204	0.08827297361504631	0.2686668715504671	0.0018119394553213915	0.03488873086876753	0.8759886543949772	0.03364431903552998	0.002494570048622783	0.013036955402070251	0.03967916655546032	0.0002676036945723782	0.22780503537259353	0.03364431903552998	0.3763065971610775	0.016288228434088642	0.08512445172312602	0.25908405710491184	0.0017473111686751026	0.016890685692458204	0.002494570048622783	0.016288228434088642	0.938675498017065	0.006311582869300931	0.019209879927932598	0.0001295550105323248	0.08827297361504631	0.013036955402070251	0.08512445172312602	0.006311582869300931	0.7061835729920847	0.10039339165394262	0.0006770717444303218	0.2686668715504671	0.03967916655546032	0.25908405710491184	0.019209879927932598	0.10039339165394262	0.3109059034058366	0.0020607298014519997	0.0018119394553213915	0.0002676036945723782	0.0017473111686751026	0.0001295550105323248	0.0006770717444303218	0.0020607298014519997	0.9933057891250164
0.3702242220976295	0.029510746998341393	0.23143016018580678	0.011902240581360798	0.083632563722511	0.2713662209377609	0.0019338454765875906	0.029510746998341393	0.8955175661437711	0.02890508126517056	0.001486561781600253	0.010445509992616736	0.033893001078730015	0.0002415327397698225	0.23143016018580678	0.02890508126517056	0.37839969426115183	0.011657964173566356	0.08191612536780594	0.265796818673179	0.001894156073317577	0.011902240581360798	0.001486561781600253	0.011657964173566356	0.9569732614011814	0.004212871091813438	0.013669686263314119	9.7414707163367e-5	0.083632563722511	0.010445509992616736	0.08191612536780594	0.004212871091813438	0.7230566942133803	0.09605173913840047	0.0006844964734714326	0.2713662209377609	0.033893001078730015	0.265796818673179	0.013669686263314119	0.09605173913840047	0.3170015183976279	0.002221015510985342	0.0019338454765875906	0.0002415327397698225	0.001894156073317577	9.7414707163367e-5	0.0006844964734714326	0.002221015510985342	0.9929275390187049
0.3645747696272039	0.05677946477849857	0.20791935778050463	0.031397924721133355	0.08722404784582284	0.24381388572757137	0.008290549519262407	0.05677946477849857	0.7839831320143765	0.05721728314292009	0.008640388119925334	0.024003166880375987	0.06709509053301846	0.002281474530884278	0.20791935778050463	0.05721728314292009	0.3612783327437441	0.031640029645884984	0.0878966200533112	0.245693899868052	0.008354476765580052	0.031397924721133355	0.008640388119925334	0.031640029645884984	0.8766845065553323	0.013273278107127228	0.037102262410037584	0.0012616104405586792	0.08722404784582284	0.024003166880375987	0.0878966200533112	0.013273278107127228	0.6810272993701635	0.10307080930935417	0.003504778433843819	0.24381388572757137	0.06709509053301846	0.245693899868052	0.037102262410037584	0.10307080930935417	0.29342728543826857	0.009796766713694496	0.008290549519262407	0.002281474530884278	0.008354476765580052	0.0012616104405586792	0.003504778433843819	0.009796766713694496	0.9665103435961762
0.35622258141615454	0.04678191654931148	0.2065197844287894	0.024863122247638335	0.10762602581800164	0.2509582754448059	0.007028294095292257	0.04678191654931148	0.8246521761454727	0.0444750477534234	0.0053543952329865455	0.023177792147160158	0.05404509459176349	0.001513577579880777	0.2065197844287894	0.0444750477534234	0.3777842459737172	0.023637093792370376	0.10231886572499246	0.23858324129922376	0.006681721027477387	0.024863122247638335	0.0053543952329865455	0.023637093792370376	0.9042994259682582	0.012318270008834776	0.028723273709913236	0.0008044190399979285	0.10762602581800164	0.023177792147160158	0.10231886572499246	0.012318270008834776	0.6267413011845504	0.12433562314058479	0.0034821219758726296	0.2509582754448059	0.05404509459176349	0.23858324129922376	0.028723273709913236	0.12433562314058479	0.2952350121682188	0.008119479645482658	0.007028294095292257	0.001513577579880777	0.006681721027477387	0.0008044190399979285	0.0034821219758726296	0.008119479645482658	0.9723703866359962
0.36012265888785294	0.07841614182464922	0.1859080950353484	0.035470059985793875	0.0736957517015424	0.25360264871149213	0.012784643853316261	0.07841614182464922	0.7205014311107575	0.06658136129104245	0.012703292336356031	0.026393490120601708	0.0908255747282798	0.004578708588311365	0.1859080950353484	0.06658136129104245	0.42863695035018823	0.030116820644021196	0.06257338547244065	0.21532823708648088	0.0108551501204741	0.035470059985793875	0.012703292336356031	0.030116820644021196	0.86661690573691	0.01193859651888565	0.04108323246838981	0.002071092309642591	0.0736957517015424	0.026393490120601708	0.06257338547244065	0.01193859651888565	0.7357375124344133	0.08535817814516831	0.004303085606946379	0.25360264871149213	0.0908255747282798	0.21532823708648088	0.04108323246838981	0.08535817814516831	0.29899430232530494	0.014807826534878278	0.012784643853316261	0.004578708588311365	0.0108551501204741	0.002071092309642591	0.004303085606946379	0.014807826534878278	0.9505994929864308
0.1844188674480003	0.16244232220995464	0.17216857679449332	0.1595453831626787	0.009780025566863373	0.17115202609496905	0.14049279872303758	0.16244232220995464	0.2319355365462895	0.15964309650894262	0.14793825607444058	0.009068516418616482	0.15870050115006887	0.1302717710916845	0.17216857679449332	0.15964309650894262	0.19550623026039832	0.15679607786495242	0.00961149498597242	0.16820271372546167	0.13807180985977605	0.1595453831626787	0.14793825607444058	0.15679607786495242	0.24299464848187385	0.008906791697148893	0.15587029241906042	0.12794855029984228	0.009780025566863373	0.009068516418616482	0.00961149498597242	0.008906791697148893	0.9452352655874376	0.009554744955662728	0.00784316078829838	0.17115202609496905	0.15870050115006887	0.16820271372546167	0.15587029241906042	0.009554744955662728	0.19926314183006466	0.13725657982470946	0.14049279872303758	0.1302717710916845	0.13807180985977605	0.12794855029984228	0.00784316078829838	0.13725657982470946	0.3181153294126491
0.9948635746262365	0.0011967717187447938	0.0004144337606264228	0.0012405488159691089	2.2338094241928084e-7	0.0011259523931686707	0.001158495304312054	0.0011967717187447938	0.264577086608431	0.07723727202670941	0.23119884397591087	4.16311030962874e-5	0.20984171547424957	0.21590667909285843	0.0004144337606264228	0.07723727202670941	0.6948375971661842	0.08006255901661291	1.4416562778836774e-5	0.0726667332776754	0.07476698818941309	0.0012405488159691089	0.23119884397591087	0.08006255901661291	0.24613291236540968	4.315394059257545e-5	0.21751758300700522	0.22380439887850007	2.2338094241928084e-7	4.16311030962874e-5	1.4416562778836774e-5	4.315394059257545e-5	0.9998211078292313	3.9167570078176505e-5	4.029961328043771e-5	0.0011259523931686707	0.20984171547424957	0.0726667332776754	0.21751758300700522	3.9167570078176505e-5	0.2956785117081434	0.20313033656967985	0.001158495304312054	0.21590667909285843	0.07476698818941309	0.22380439887850007	4.029961328043771e-5	0.20313033656967985	0.28119280235195643
0.9998454023622421	4.500629538368383e-5	1.0491455793005821e-5	4.55311121419408e-5	2.7538824456635445e-8	1.0501632320611863e-5	4.3039603294239915e-5	4.500629538368383e-5	0.30456272709479215	0.06657165671919937	0.28890953051313806	0.00017474268627234828	0.06663623005542164	0.27310010663579914	1.0491455793005821e-5	0.06657165671919937	0.7868329446657716	0.06734794636431049	4.073441620885012e-5	0.015533628259758327	0.06366259811895986	4.55311121419408e-5	0.28890953051313806	0.06734794636431049	0.29982222201467223	0.00017678035432204552	0.06741327268783592	0.2762847169535858	2.7538824456635445e-8	0.00017474268627234828	4.073441620885012e-5	0.00017678035432204552	0.9993998343232828	4.077392787617677e-5	0.0001671067532134235	1.0501632320611863e-5	0.06663623005542164	0.015533628259758327	0.06741327268783592	4.077392787617677e-5	0.7866412437172874	0.0637243497195015	4.3039603294239915e-5	0.27310010663579914	0.06366259811895986	0.2762847169535858	0.0001671067532134235	0.0637243497195015	0.32301808221565215
0.987752565769738	0.002345787336159536	0.0023383908100548484	0.002485410891114002	0.00027854496957411564	0.002341722684352497	0.0024575775390068056	0.002345787336159536	0.2434859764327889	0.17810573248056014	0.1893036550492764	0.02121563924278746	0.1783595078160448	0.1871837016423755	0.0023383908100548484	0.17810573248056014	0.24530976154674317	0.18870675975331272	0.02114874399313374	0.17779712062294975	0.1865934907932383	0.002485410891114002	0.1893036550492764	0.18870675975331272	0.2097250609232168	0.02247841482608441	0.18897564004479828	0.19832505851218984	0.00027854496957411564	0.02121563924278746	0.02114874399313374	0.02247841482608441	0.891473093050883	0.021178877945181147	0.022226685972355276	0.002341722684352497	0.1783595078160448	0.17779712062294975	0.18897564004479828	0.021178877945181147	0.2444877709096246	0.1868593599770417	0.0024575775390068056	0.1871837016423755	0.1865934907932383	0.19832505851218984	0.022226685972355276	0.1868593599770417	0.21635412556378483
0.9900087262406773	0.00222456070745533	0.0022348898070916447	0.001061928641762173	7.371403783332295e-6	0.0021860223668292386	0.002276500832400922	0.00222456070745533	0.24663612323188241	0.21614209125006364	0.10270192143724055	0.0007129079134561283	0.2114159921382246	0.2201664033216779	0.0022348898070916447	0.21614209125006364	0.2441416903621398	0.10317878789263152	0.0007162180936840391	0.21239764071278927	0.2211886818816009	0.001061928641762173	0.10270192143724055	0.10317878789263152	0.5866944775213557	0.00034031767696911605	0.10092271099895589	0.10509985583108528	7.371403783332295e-6	0.0007129079134561283	0.0007162180936840391	0.00034031767696911605	0.996793074197641	0.0007005574804417665	0.0007295532340245967	0.0021860223668292386	0.2114159921382246	0.21239764071278927	0.10092271099895589	0.0007005574804417665	0.2560248407928197	0.21635223550994037	0.002276500832400922	0.2201664033216779	0.2211886818816009	0.10509985583108528	0.0007295532340245967	0.21635223550994037	0.23418676938927083
0.999910330165535	2.12001126747691e-5	2.1237863971868132e-5	4.771355064925118e-6	1.4003646824468779e-9	2.0824822559394593e-5	2.1634279829273394e-5	2.12001126747691e-5	0.2585527374637178	0.2299747311258535	0.05166673539371073	1.5163883324163408e-5	0.22550210205622256	0.23426732996449182	2.1237863971868132e-5	0.2299747311258535	0.25764195213972063	0.051758738974442005	1.519088583463718e-5	0.22590365637726695	0.23468449263290597	4.771355064925118e-6	0.05166673539371073	0.051758738974442005	0.7930893815968668	3.4128248567654663e-6	0.05075211690161156	0.05272484295344605	1.4003646824468779e-9	1.5163883324163408e-5	1.519088583463718e-5	3.4128248567654663e-6	0.9999358611257729	1.4895448169617097e-5	1.5474431677140917e-5	2.0824822559394593e-5	0.22550210205622256	0.22590365637726695	0.05075211690161156	1.4895448169617097e-5	0.2676861379212505	0.23012026647291492	2.1634279829273394e-5	0.23426732996449182	0.23468449263290597	0.05272484295344605	1.5474431677140917e-5	0.23012026647291492	0.24816595926473006
0.9999957586757015	1.0171668645522941e-6	7.311644690461281e-7	4.762937986067055e-7	9.985384426615544e-8	9.009083681237898e-7	1.0159369540841151e-6	1.0171668645522941e-6	0.24737706879860494	0.1706772741128768	0.11118227247709897	0.02330909483508274	0.21030095280402333	0.2371523198054585	7.311644690461281e-7	0.1706772741128768	0.41100592634596866	0.0799205421018516	0.01675514858276523	0.1511694785344075	0.17047089915766817	4.762937986067055e-7	0.11118227247709897	0.0799205421018516	0.5884597247491337	0.010914607728567753	0.09847454056196119	0.11104783608759299	9.985384426615544e-8	0.02330909483508274	0.01675514858276523	0.010914607728567753	0.9050951888910411	0.02064494953791079	0.023280910570788935	9.009083681237898e-7	0.21030095280402333	0.1511694785344075	0.09847454056196119	0.02064494953791079	0.30936251089847244	0.2100466667548651	1.0159369540841151e-6	0.2371523198054585	0.17047089915766817	0.11104783608759299	0.023280910570788935	0.2100466667548651	0.24800035168668194
0.9999957859178958	3.47139907520981e-8	7.638994443711343e-9	1.1324989748306296e-6	1.1447675861031205e-6	7.840354244248008e-7	1.1104271335542431e-6	3.47139907520981e-8	0.9701749450051941	5.45137824736253e-5	0.008081797050702692	0.008169348941346181	0.005595073657095741	0.007924286849196546	7.638994443711343e-9	5.45137824736253e-5	0.9933943235888523	0.0017784415282702478	0.0017977077777469553	0.0012312250954934314	0.0017437805881690125	1.1324989748306296e-6	0.008081797050702692	0.0017784415282702478	0.2825725818415764	0.2665144254712076	0.18253202940603475	0.25851959220322507	1.1447675861031205e-6	0.008169348941346181	0.0017977077777469553	0.2665144254712076	0.27768774190092915	0.1845094391550338	0.2613201919861419	7.840354244248008e-7	0.005595073657095741	0.0012312250954934314	0.18253202940603475	0.1845094391550338	0.44715687763596285	0.17897457101494949	1.1104271335542431e-6	0.007924286849196546	0.0017437805881690125	0.25851959220322507	0.2613201919861419	0.17897457101494949	0.2915164669311765
0.9962850798015472	3.7734250964448484e-5	3.027869037375406e-5	0.0010531634035225385	0.0010406517152412094	0.0005393136361432163	0.0010137785022075489	3.7734250964448484e-5	0.9648118996228492	0.0002894352006283154	0.010067230690306517	0.009947630966434562	0.005155320410225018	0.009690748858591908	3.027869037375406e-5	0.0002894352006283154	0.9717072031231905	0.008078139971034154	0.007982170847085801	0.004136728475828633	0.00777604369185876	0.0010531634035225385	0.010067230690306517	0.008078139971034154	0.2888089907094715	0.2776385013039451	0.14388505537309118	0.2704689185486255	0.0010406517152412094	0.009947630966434562	0.007982170847085801	0.2776385013039451	0.29395963857225627	0.14217568629024174	0.2672557203047917	0.0005393136361432163	0.005155320410225018	0.004136728475828633	0.14388505537309118	0.14217568629024174	0.5656036756352483	0.1385042201792202	0.0010137785022075489	0.009690748858591908	0.00777604369185876	0.2704689185486255	0.2672557203047917	0.1385042201792202	0.305290569914701
0.2043401287567963	0.11453212610382874	0.14388481025382382	0.11535776504810319	0.16874621160924008	0.12085873641692257	0.1322802218112865	0.11453212610382874	0.40609289081650235	0.10126555403602638	0.08118833370490183	0.11876290888485995	0.08505989535492671	0.09309829109895496	0.14388481025382382	0.10126555403602638	0.2798370317896896	0.1019955569441177	0.14919987248467745	0.10685933562657059	0.11695783886509543	0.11535776504810319	0.08118833370490183	0.1019955569441177	0.40239680481079876	0.11961904668694501	0.08567307494557949	0.093769417859555	0.16874621160924008	0.11876290888485995	0.14919987248467745	0.11961904668694501	0.18118212404143652	0.12532322230716408	0.13716661398567812	0.12085873641692257	0.08505989535492671	0.10685933562657059	0.08567307494557949	0.12532322230716408	0.3779848119716332	0.09824092337720419	0.1322802218112865	0.09309829109895496	0.11695783886509543	0.093769417859555	0.13716661398567812	0.09824092337720419	0.328486693002227
0.28721613872952306	0.12103554604165603	0.22105044807366184	0.04983090298791223	0.05781631306841857	0.2500646825855297	0.01298596851329879	0.12103554604165603	0.5799662594089116	0.11169222315877733	0.025178525468876597	0.029213388155194465	0.1263525162462663	0.0065615415203179725	0.22105044807366184	0.11169222315877733	0.32517543417663586	0.04598421305765628	0.05335319046879879	0.2307609726638422	0.011983518400627847	0.04983090298791223	0.025178525468876597	0.04598421305765628	0.8122577272477063	0.012027289161885637	0.05201992460280517	0.0027014174731577836	0.05781631306841857	0.029213388155194465	0.05335319046879879	0.012027289161885637	0.784099373352349	0.060356125743113345	0.003134320050240181	0.2500646825855297	0.1263525162462663	0.2307609726638422	0.05201992460280517	0.060356125743113345	0.2668893490662379	0.013556429092205531	0.01298596851329879	0.0065615415203179725	0.011983518400627847	0.0027014174731577836	0.003134320050240181	0.013556429092205531	0.9490768049501519
0.34260601371934113	0.07811335656225628	0.20835899201586944	0.024837749263296377	0.07645996664187606	0.25618097546351415	0.01344294633384835	0.07811335656225628	0.7234711085379087	0.07136724193956911	0.008507440181765798	0.026189111807598617	0.08774725525081697	0.004604485720085113	0.20835899201586944	0.07136724193956911	0.38138608506979754	0.02269268328643983	0.06985664396169099	0.23405638242735044	0.012281971299284386	0.024837749263296377	0.008507440181765798	0.02269268328643983	0.9062696236001514	0.00832736706157465	0.027901045613437998	0.0014640909933342047	0.07645996664187606	0.026189111807598617	0.06985664396169099	0.00832736706157465	0.7287699368889994	0.0858899489749421	0.004507024663318774	0.25618097546351415	0.08774725525081697	0.23405638242735044	0.027901045613437998	0.0858899489749421	0.2931234966588407	0.015100895611099495	0.01344294633384835	0.004604485720085113	0.012281971299284386	0.0014640909933342047	0.004507024663318774	0.015100895611099495	0.9485985853790299
0.18143230059916782	0.12668276048435137	0.1669411186849089	0.09935557103102853	0.11523266081213583	0.17100383969803123	0.13935174869037126	0.12668276048435137	0.3670745954701242	0.1221485084721113	0.07269709766795833	0.08431414474969307	0.12512114526765025	0.10196174788810763	0.1669411186849089	0.1221485084721113	0.20475543567724527	0.09579941866939484	0.11110823281447042	0.16488323969462865	0.1343640459872356	0.09935557103102853	0.07269709766795833	0.09579941866939484	0.4879234388344194	0.0661264402951919	0.09813081739452056	0.07996721610748356	0.11523266081213583	0.08431414474969307	0.11110823281447042	0.0661264402951919	0.41666029743751054	0.11381219068741502	0.09274603320357995	0.17100383969803123	0.12512114526765025	0.16488323969462865	0.09813081739452056	0.11381219068741502	0.18941480408449796	0.13763396317325136	0.13935174869037126	0.10196174788810763	0.1343640459872356	0.07996721610748356	0.09274603320357995	0.13763396317325136	0.31397524494996676
0.1790503216178303	0.14903923939643338	0.16612925772198284	0.15192631125652936	0.02682159373258204	0.1658092449262975	0.16122403134834432	0.14903923939643338	0.2613859178910481	0.14577185486094932	0.13330933092537192	0.0235348879681892	0.14549105628611697	0.14146771267189093	0.16612925772198284	0.14577185486094932	0.1934059377941395	0.1485956334971486	0.026233584420847913	0.16217421186449138	0.15768951984044013	0.15192631125652936	0.13330933092537192	0.1485956334971486	0.2496604265305069	0.02399078745518763	0.14830939551141323	0.14420811482384216	0.02682159373258204	0.0235348879681892	0.026233584420847913	0.02399078745518763	0.847777098663402	0.02618305098196738	0.0254589967778238	0.1658092449262975	0.14549105628611697	0.16217421186449138	0.14830939551141323	0.02618305098196738	0.1946472760191497	0.15738576441056357	0.16122403134834432	0.14146771267189093	0.15768951984044013	0.14420811482384216	0.0254589967778238	0.15738576441056357	0.21256586012709483
0.6061091397637586	0.07797115920412281	0.07904943968214564	0.08097504713351367	0.016627588365805218	0.05832563036413746	0.08094199548651487	0.07797115920412281	0.2222836722719251	0.1750902628465178	0.17935537991951575	0.0368292150985366	0.1291881383626333	0.17928217229674448	0.07904943968214564	0.1750902628465178	0.2139498225774711	0.18183572530324005	0.037338534493900365	0.13097470982072665	0.18176150527599408	0.08097504713351367	0.17935537991951575	0.18183572530324005	0.199231440563589	0.03824808376501121	0.1341651926146043	0.1861891307005216	0.016627588365805218	0.0368292150985366	0.037338534493900365	0.03824808376501121	0.8051743403175982	0.027549765943776987	0.03823247201537065	0.05832563036413746	0.1291881383626333	0.13097470982072665	0.1341651926146043	0.027549765943776987	0.38568613258892664	0.13411043030519174	0.08094199548651487	0.17928217229674448	0.18176150527599408	0.1861891307005216	0.03823247201537065	0.13411043030519174	0.1994822939196582
0.5633068960348976	0.07493872713888491	0.06325537966565223	0.0810781156357185	0.08584298284245297	0.05244081077120433	0.07913708791118926	0.07493872713888491	0.26843608650892514	0.11481568191416901	0.14716596729377773	0.1558147412077654	0.09518601391143261	0.14364278202504482	0.06325537966565223	0.11481568191416901	0.3645904271032137	0.12422200763803082	0.13152239154444234	0.0803460063802375	0.12124810575425445	0.0810781156357185	0.14716596729377773	0.12422200763803082	0.2205590252691812	0.16857993306958027	0.1029841703677632	0.15541078072594802	0.08584298284245297	0.1558147412077654	0.13152239154444234	0.16857993306958027	0.18465942742503738	0.10903643110853861	0.1645440928021828	0.05244081077120433	0.09518601391143261	0.0803460063802375	0.1029841703677632	0.10903643110853861	0.4594878605329064	0.10051870692791717	0.07913708791118926	0.14364278202504482	0.12124810575425445	0.15541078072594802	0.1645440928021828	0.10051870692791717	0.2354984438534632
0.3351075923594071	0.10975199897435846	0.11693570514931013	0.10738057878043764	0.12684826335231406	0.08484593810552232	0.11912992327865315	0.10975199897435846	0.26403857809180964	0.1319058013050097	0.12112742870574729	0.1430873641226304	0.09570790580168838	0.1343809229987594	0.11693570514931013	0.1319058013050097	0.2245007279178443	0.12905570213749393	0.1524530029338692	0.1019723700513091	0.14317669050516652	0.10738057878043764	0.12112742870574729	0.12905570213749393	0.27732334521235996	0.1399956640356499	0.09363993744888395	0.13147734367943026	0.12684826335231406	0.1430873641226304	0.1524530029338692	0.1399956640356499	0.1716855300429868	0.11061649676984389	0.15531367874270927	0.08484593810552232	0.09570790580168838	0.1019723700513091	0.09363993744888395	0.11061649676984389	0.4093315403399088	0.1038858114828459	0.11912992327865315	0.1343809229987594	0.14317669050516652	0.13147734367943026	0.15531367874270927	0.1038858114828459	0.21263562931243896
0.1801091880115028	0.14183135599621888	0.16308753757980538	0.09619155172803547	0.15843561662269723	0.10003172157960868	0.16031302848213003	0.14183135599621888	0.26528504412857695	0.14260095559555	0.08410824885944668	0.1385333954147852	0.0874660277468469	0.14017497225857398	0.16308753757980538	0.14260095559555	0.17654526850108243	0.0967135024571176	0.1592953135932025	0.10057450968388457	0.16118291258935588	0.09619155172803547	0.08410824885944668	0.0967135024571176	0.47464328198104133	0.09395483937597665	0.05932040114374221	0.0950681744546391	0.15843561662269723	0.1385333954147852	0.1592953135932025	0.09395483937597665	0.19548980074962707	0.09770571494768107	0.15658531929602873	0.10003172157960868	0.0874660277468469	0.10057450968388457	0.05932040114374221	0.09770571494768107	0.45603812818476663	0.09886349671346907	0.16031302848213003	0.14017497225857398	0.16118291258935588	0.0950681744546391	0.15658531929602873	0.09886349671346907	0.18781209620580178
0.1977765344074946	0.15698968763463664	0.18786065073895133	0.09363626805572053	0.11042097080676272	0.0786705717801251	0.1746453165763097	0.15698968763463664	0.310716589699891	0.15497800725913632	0.0772464173491178	0.0910931690481106	0.0649002779265508	0.14407585108255744	0.18786065073895133	0.15497800725913632	0.2056490363322985	0.09243640425752528	0.10900602627529371	0.0776624797980085	0.17240739533878702	0.09363626805572053	0.0772464173491178	0.09243640425752528	0.5577050192996923	0.054332386563409246	0.03870967521742173	0.08593382925711332	0.11042097080676272	0.0910931690481106	0.10900602627529371	0.054332386563409246	0.48816105993091374	0.04564855056567003	0.10133783680984003	0.0786705717801251	0.0649002779265508	0.0776624797980085	0.03870967521742173	0.04564855056567003	0.6222092464390746	0.07219919827314956	0.1746453165763097	0.14407585108255744	0.17240739533878702	0.08593382925711332	0.10133783680984003	0.07219919827314956	0.24940057266224358
0.19171031212078682	0.1492845616776311	0.1745206502489433	0.11807992609291876	0.12279864632448016	0.0690930145337003	0.1745128890015357	0.1492845616776311	0.28531086233842445	0.1497329388364464	0.10130866648882525	0.10535717219179415	0.05927951852369911	0.1497262799431766	0.1745206502489433	0.1497329388364464	0.1898067826650661	0.11843457992436443	0.12316747286304904	0.06930053585541272	0.1750370396067143	0.11807992609291876	0.10130866648882525	0.11843457992436443	0.41352448243838436	0.0833345857465854	0.046888446383475176	0.11842931292544424	0.12279864632448016	0.10535717219179415	0.12316747286304904	0.0833345857465854	0.393417920952108	0.048762206538118885	0.1231619953838619	0.0690930145337003	0.05927951852369911	0.06930053585541272	0.046888446383475176	0.048762206538118885	0.6373788242297318	0.06929745393586058	0.1745128890015357	0.1497262799431766	0.1750370396067143	0.11842931292544424	0.1231619953838619	0.06929745393586058	0.18983502920340303
0.19068208392460811	0.12796955662742057	0.17639678314086438	0.08945706528061678	0.1791876524721283	0.06659435440342777	0.16971250415093628	0.12796955662742057	0.38945842013081966	0.12493484625484755	0.06335889180200471	0.12691150832662912	0.047166140338222876	0.1202006365200572	0.17639678314086438	0.12493484625484755	0.20569137502287482	0.08733565225816314	0.1749383400424746	0.06501511490780867	0.16568788837296905	0.08945706528061678	0.06335889180200471	0.08733565225816314	0.5541332779226801	0.08871743705646408	0.03297147076593871	0.08402620491413346	0.1791876524721283	0.12691150832662912	0.1749383400424746	0.08871743705646408	0.1958919812803035	0.0660437543593564	0.16830932646264626	0.06659435440342777	0.047166140338222876	0.06501511490780867	0.03297147076593871	0.0660437543593564	0.6596576959626023	0.0625514692626441	0.16971250415093628	0.1202006365200572	0.16568788837296905	0.08402620491413346	0.16830932646264626	0.0625514692626441	0.22951197031661583
0.1926941920571952	0.1079894306210487	0.17562207684572065	0.04729191023389519	0.14805249590533176	0.18247626637816206	0.1458736279586436	0.1079894306210487	0.4816478085888509	0.10305601677185118	0.027751157381646355	0.0868780325069142	0.1070780935181207	0.08559946061156641	0.17562207684572065	0.10305601677185118	0.2215521761153098	0.04513141578956735	0.14128883181795715	0.17413997888666743	0.13920950377292365	0.04729191023389519	0.027751157381646355	0.04513141578956735	0.7573994825601746	0.03804657632682788	0.046892807541931474	0.037486650165956155	0.14805249590533176	0.0868780325069142	0.14128883181795715	0.03804657632682788	0.3215749450016606	0.1468030612900767	0.1173560571512297	0.18247626637816206	0.1070780935181207	0.17413997888666743	0.046892807541931474	0.1468030612900767	0.1979672112865637	0.14464258109847508	0.1458736279586436	0.08559946061156641	0.13920950377292365	0.037486650165956155	0.1173560571512297	0.14464258109847508	0.3298321192412031
0.2948732170383196	0.12548587746008918	0.28511177789244363	0.017872852788595864	0.12237014080648541	0.02523902236917759	0.1290471116448817	0.12548587746008918	0.6213917753324198	0.12450495082672874	0.00780486402219747	0.053437597269373034	0.011021583402193244	0.056353351686995304	0.28511177789244363	0.12450495082672874	0.29815648614574947	0.017733140195678457	0.12141356997417538	0.02504172822147734	0.12803834674374	0.017872852788595864	0.00780486402219747	0.017733140195678457	0.9393819109960564	0.0076110740802329754	0.0015697952760244521	0.008026362641214152	0.12237014080648541	0.053437597269373034	0.12141356997417538	0.0076110740802329754	0.6294655607094409	0.010747924309377105	0.054954132850911996	0.02523902236917759	0.011021583402193244	0.02504172822147734	0.0015697952760244521	0.010747924309377105	0.915045575314861	0.011334371106888659	0.1290471116448817	0.056353351686995304	0.12803834674374	0.008026362641214152	0.054954132850911996	0.011334371106888659	0.612246323325365
0.19684259391135284	0.08492817172480664	0.18068613759767854	0.034551832368739724	0.16502818400281716	0.18516791657858717	0.1527951638160261	0.08492817172480664	0.5864386108841999	0.08267481173927878	0.01580954839320987	0.07551035306586387	0.08472549608302579	0.06991300810961891	0.18068613759767854	0.08267481173927878	0.2133583368041038	0.03363508454637206	0.16064956735813957	0.18025494170408068	0.14874112025035446	0.034551832368739724	0.01580954839320987	0.03363508454637206	0.8223707085710361	0.030720325284878502	0.03446937663399568	0.028443124201769622	0.16502818400281716	0.07551035306586387	0.16064956735813957	0.030720325284878502	0.2676057479098882	0.16463435481250943	0.13585146756591043	0.18516791657858717	0.08472549608302579	0.18025494170408068	0.03446937663399568	0.16463435481250943	0.19831738624299666	0.15243052794481288	0.1527951638160261	0.06991300810961891	0.14874112025035446	0.028443124201769622	0.13585146756591043	0.15243052794481288	0.3118255881115143
0.19895511512257852	0.047666706303455236	0.18047103809388174	0.038994004827608134	0.17875738331360325	0.18671901009980296	0.16843674223906918	0.047666706303455236	0.7604742446493219	0.045959655766506666	0.009930407991015628	0.0455232478828037	0.04755079551759255	0.04289494188930404	0.18047103809388174	0.045959655766506666	0.22117924178289458	0.03759754297738128	0.17235568471025567	0.18003218797242077	0.16240464869665824	0.038994004827608134	0.009930407991015628	0.03759754297738128	0.8022478863022052	0.03724053716675142	0.03889918338736162	0.035090437347676494	0.17875738331360325	0.0455232478828037	0.17235568471025567	0.03724053716675142	0.22693790413261938	0.17832270027410957	0.16086254251985604	0.18671901009980296	0.04755079551759255	0.18003218797242077	0.03889918338736162	0.17832270027410957	0.2004489669206853	0.168027155828026	0.16843674223906918	0.04289494188930404	0.16240464869665824	0.035090437347676494	0.16086254251985604	0.168027155828026	0.2622835314794091
0.20733274313421493	0.052333486714928115	0.16288367705490714	0.07059285620737397	0.16935786075107212	0.17784045252651362	0.15965892361099418	0.052333486714928115	0.7237319706949277	0.04926869904807783	0.02135277303601712	0.051226995998857	0.05379279184094772	0.04829328266624577	0.16288367705490714	0.04926869904807783	0.244214538507475	0.06645875147533858	0.1594398156236494	0.16742564434567708	0.1503088739448788	0.07059285620737397	0.02135277303601712	0.06645875147533858	0.6347909857605055	0.06910030631403538	0.07256131891433899	0.06514300829239209	0.16935786075107212	0.051226995998857	0.1594398156236494	0.06910030631403538	0.22051141903245353	0.174080358903584	0.15628324337635238	0.17784045252651362	0.05379279184094772	0.16742564434567708	0.07256131891433899	0.174080358903584	0.19018846394498556	0.16411096952395715	0.15965892361099418	0.04829328266624577	0.1503088739448788	0.06514300829239209	0.15628324337635238	0.16411096952395715	0.2562016985851833
