0.4418479650633527	0.06176101045663458	0.12497556534164832	0.03443263221370702	0.11955846489375514	0.08994915724486478	0.12747520478603896	0.06176101045663458	0.565271497136911	0.09390142230388053	0.02587124234801129	0.08983123918104699	0.06758404154634731	0.09577954702716948	0.12497556534164832	0.09390142230388053	0.21642305649429788	0.05235136398559643	0.1817766551904943	0.1367586724679448	0.19381326421613992	0.03443263221370702	0.02587124234801129	0.05235136398559643	0.7461850829107157	0.0500821796332878	0.037679053967474195	0.05339844494120816	0.11955846489375514	0.08983123918104699	0.1817766551904943	0.0500821796332878	0.24250825644888574	0.1308308299824626	0.18541237467006952	0.08994915724486478	0.06758404154634731	0.1367586724679448	0.037679053967474195	0.1308308299824626	0.3977042586548164	0.1394939861360915	0.12747520478603896	0.09577954702716948	0.19381326421613992	0.05339844494120816	0.18541237467006952	0.1394939861360915	0.20462717822328483
0.9523963934217698	0.000494737458748555	0.009599989164215462	0.00046386051573403373	0.013236927156341274	0.008512861081869705	0.015295231201320859	0.000494737458748555	0.9681529320949702	0.006389073611464242	0.0003087127422522154	0.008809562234372155	0.005665558071562628	0.010179423786629843	0.009599989164215462	0.006389073611464242	0.49961867850196556	0.0059903266430908104	0.1709425888336406	0.10993567423379086	0.19752366901183033	0.00046386051573403373	0.0003087127422522154	0.0059903266430908104	0.970121264950938	0.008259750720641931	0.00531196626114342	0.0095441181661994	0.013236927156341274	0.008809562234372155	0.1709425888336406	0.008259750720641931	0.37481142899265546	0.1515845994014596	0.272355142660886	0.008512861081869705	0.005665558071562628	0.10993567423379086	0.00531196626114342	0.1515845994014596	0.5438337729682012	0.17515556798197068	0.015295231201320859	0.010179423786629843	0.19752366901183033	0.0095441181661994	0.272355142660886	0.17515556798197068	0.3199468471911594
0.9872566060933069	3.2732054459766955e-5	0.0014796329572545734	3.359637281765038e-5	0.0046141552948359525	0.0004627767714268236	0.006120500455898263	3.2732054459766955e-5	0.9946928501680591	0.000613988670662288	1.3941154922406025e-5	0.0019146904384735558	0.00019203390496853748	0.00253976360845438	0.0014796329572545734	0.000613988670662288	0.7872344662293955	0.0006302015753621181	0.08655243682268558	0.008680777891622873	0.11480849585301761	3.359637281765038e-5	1.3941154922406025e-5	0.0006302015753621181	0.9945530783906024	0.0019652495042868767	0.00019710472719890998	0.00260682827480979	0.0046141552948359525	0.0019146904384735558	0.08655243682268558	0.0019652495042868767	0.5198588513927025	0.027070536024181784	0.3580240805228356	0.0004627767714268236	0.00019203390496853748	0.008680777891622873	0.00019710472719890998	0.027070536024181784	0.9274887403932711	0.03590803028733033	0.006120500455898263	0.00253976360845438	0.11480849585301761	0.00260682827480979	0.3580240805228356	0.03590803028733033	0.4799923009976563
0.8284147172956852	0.004186895717294091	0.050944151538942176	0.002782222698905645	0.044791342489640146	0.01586560743068321	0.05301506282884976	0.004186895717294091	0.9232958537897968	0.02206908838724132	0.0012052633482020443	0.019403681610664265	0.006873006657837272	0.022966210488964234	0.050944151538942176	0.02206908838724132	0.31315756806489276	0.01466506997093783	0.2360947496982124	0.08362746921514175	0.27944190312463324	0.002782222698905645	0.0012052633482020443	0.01466506997093783	0.9486251791027429	0.012893887754724843	0.00456716298287047	0.015261214141616276	0.044791342489640146	0.019403681610664265	0.2360947496982124	0.012893887754724843	0.36759687727782736	0.07352731377406369	0.2456921473948683	0.01586560743068321	0.006873006657837272	0.08362746921514175	0.00456716298287047	0.07352731377406369	0.7285124623427821	0.08702697759662202	0.05301506282884976	0.022966210488964234	0.27944190312463324	0.015261214141616276	0.2456921473948683	0.08702697759662202	0.29659648442444747
0.45115717108425996	0.11422591689000938	0.11344786759637754	0.036541099608714225	0.10119168897514298	0.06993494247412761	0.11350131337136668	0.11422591689000938	0.19385797263454013	0.1806105678749386	0.05817393390402788	0.16109856269002545	0.11133739172155817	0.18069565428489784	0.11344786759637754	0.1806105678749386	0.1981187772177045	0.05777768242788171	0.16000124059081416	0.1105790176034744	0.17946484668880658	0.036541099608714225	0.05817393390402788	0.05777768242788171	0.7025495748104398	0.051535752886495645	0.03561705462158323	0.05780490174085656	0.10119168897514298	0.16109856269002545	0.16000124059081416	0.051535752886495645	0.26746336589805486	0.09863277110080237	0.1600766178586622	0.06993494247412761	0.11133739172155817	0.1105790176034744	0.03561705462158323	0.09863277110080237	0.4632677106274745	0.11063111185097828	0.11350131337136668	0.18069565428489784	0.17946484668880658	0.05780490174085656	0.1600766178586622	0.11063111185097828	0.19782555420442924
0.39220136016290036	0.08835922116026163	0.13231539740540146	0.0411709133639612	0.11012180592529767	0.09952814245805959	0.13630315952411498	0.08835922116026163	0.4365746936544699	0.12101229824882374	0.03765387056134685	0.10071460376981947	0.0910259085145177	0.12465940409075822	0.13231539740540146	0.12101229824882374	0.21648692124450597	0.05638559034081694	0.15081722821165428	0.1363086851732325	0.18667387937556107	0.0411709133639612	0.03765387056134685	0.05638559034081694	0.7173633200875524	0.04692789469898311	0.04241345435277001	0.058084956594568075	0.11012180592529767	0.10071460376981947	0.15081722821165428	0.04692789469898311	0.32261057361962686	0.11344528958023173	0.15536260419438366	0.09952814245805959	0.0910259085145177	0.1363086851732325	0.04241345435277001	0.11344528958023173	0.37686172169501764	0.1404167982261679	0.13630315952411498	0.12465940409075822	0.18667387937556107	0.058084956594568075	0.15536260419438366	0.1404167982261679	0.198499197994442
0.3395826771243555	0.12718842796774502	0.14212895233934597	0.08094618388865557	0.08155428477393527	0.08109975527878738	0.14749971862717287	0.12718842796774502	0.28351507067122117	0.1570734353586601	0.08945746080086432	0.0901295018841439	0.08962717981605282	0.16300892350131008	0.14212895233934597	0.1570734353586601	0.2178023231126631	0.09996581753325352	0.10071680169605604	0.1001554730404898	0.1821571969195285	0.08094618388865557	0.08945746080086432	0.09996581753325352	0.5114851596742442	0.05736087276082235	0.057041181298755204	0.10374332404340332	0.08155428477393527	0.0901295018841439	0.10071680169605604	0.05736087276082235	0.5082461544886661	0.05746969801416809	0.10452268638220649	0.08109975527878738	0.08962717981605282	0.1001554730404898	0.057041181298755204	0.05746969801416809	0.5106665663022183	0.10394014624952679	0.14749971862717287	0.16300892350131008	0.1821571969195285	0.10374332404340332	0.10452268638220649	0.10394014624952679	0.19512800427684887
0.2828631618236599	0.1344584330603253	0.14421252301859247	0.11368001927434385	0.06787211101573559	0.1096832924693422	0.14723045933799966	0.1344584330603253	0.23797665830589987	0.1553219031928762	0.1224373346995498	0.07310062424553178	0.11813272091913071	0.15857232557668538	0.14421252301859247	0.1553219031928762	0.19396439165769336	0.1313193716958761	0.07840360189198775	0.1267024860177846	0.17007572252518818	0.11368001927434385	0.1224373346995498	0.1313193716958761	0.3368145102916803	0.06180408460858881	0.09987718646841838	0.13406749296154194	0.06787211101573559	0.07310062424553178	0.07840360189198775	0.06180408460858881	0.5791440279069069	0.05963119580024318	0.08004435453100556	0.1096832924693422	0.11813272091913071	0.1267024860177846	0.09987718646841838	0.05963119580024318	0.35661912863543355	0.12935398968964643	0.14723045933799966	0.15857232557668538	0.17007572252518818	0.13406749296154194	0.08004435453100556	0.12935398968964643	0.18065565537793168
0.4511072938814387	0.1030405103888274	0.11625043531804238	0.06841801746511027	0.061371996176459595	0.07409410193692365	0.12571764483319905	0.1030405103888274	0.31862120314667824	0.15079454179326907	0.0887486018080652	0.07960883773938997	0.09611134892178844	0.16307495620198276	0.11625043531804238	0.15079454179326907	0.25059962453145135	0.10012628581829938	0.08981479233211316	0.10843294650813032	0.18398137369869566	0.06841801746511027	0.0887486018080652	0.10012628581829938	0.5177500181817435	0.05285958726599332	0.06381711352469419	0.10828037593609514	0.061371996176459595	0.07960883773938997	0.08981479233211316	0.05285958726599332	0.5619707362506382	0.0572449157742327	0.09712913446117388	0.07409410193692365	0.09611134892178844	0.10843294650813032	0.06381711352469419	0.0572449157742327	0.4830360584060366	0.11726351492819474	0.12571764483319905	0.16307495620198276	0.18398137369869566	0.10828037593609514	0.09712913446117388	0.11726351492819474	0.20455299994066012
0.7152768583990762	0.04102482019145688	0.06353619596796346	0.02275536745902557	0.045711355824154296	0.03797440114885738	0.07372100100946839	0.04102482019145688	0.5203011638186409	0.1143695946889901	0.04096125230097259	0.08228363625875268	0.06835657693674087	0.13270295580445002	0.06353619596796346	0.1143695946889901	0.31983559690085017	0.0634377467382476	0.12743478737736	0.10586559179743488	0.20552048652916008	0.02275536745902557	0.04096125230097259	0.0634377467382476	0.7156827770283197	0.04564052615452118	0.0379155598775935	0.07360677044132226	0.045711355824154296	0.08228363625875268	0.12743478737736	0.04564052615452118	0.4749018059001703	0.0761653993044735	0.14786248918057274	0.03797440114885738	0.06835657693674087	0.10586559179743488	0.0379155598775935	0.0761653993044735	0.550886703371767	0.12283576756313673	0.07372100100946839	0.13270295580445002	0.20552048652916008	0.07360677044132226	0.14786248918057274	0.12283576756313673	0.24375052947189713
0.5699714739319375	0.06375598342749392	0.0969928114602012	0.037589908375907116	0.07622173374462833	0.057980625523353764	0.09748746353647758	0.06375598342749392	0.43821738661410514	0.13188267587154998	0.051111599176761675	0.10363990954046264	0.07883718316448439	0.13255526220514147	0.0969928114602012	0.13188267587154998	0.2141049264763773	0.07775674432218362	0.1576687499023891	0.11993603786885784	0.20165805409844015	0.037589908375907116	0.051111599176761675	0.07775674432218362	0.6478017325235722	0.061105083700007286	0.0464816372119454	0.07815329468962237	0.07622173374462833	0.10363990954046264	0.1576687499023891	0.061105083700007286	0.3486400285572117	0.09425165233587281	0.15847284221942767	0.057980625523353764	0.07883718316448439	0.11993603786885784	0.0464816372119454	0.09425165233587281	0.4819651661596842	0.12054769773580104	0.09748746353647758	0.13255526220514147	0.20165805409844015	0.07815329468962237	0.15847284221942767	0.12054769773580104	0.21112538551508878
0.32760994876723504	0.08337581835368087	0.16314689552174652	0.03892774938744942	0.13300309375932406	0.0869470472178503	0.16698944699271037	0.08337581835368087	0.5550804042513938	0.10014145938184178	0.023894304710138748	0.08163884374731042	0.053369107450633925	0.10250006210499854	0.16314689552174652	0.10014145938184178	0.22520869966067272	0.04675554268712832	0.15974804414942975	0.10443080942728811	0.20056854917188902	0.03892774938744942	0.023894304710138748	0.04675554268712832	0.7795311088096573	0.03811676469783207	0.02491776729623449	0.047856762411558736	0.13300309375932406	0.08163884374731042	0.15974804414942975	0.03811676469783207	0.3388470372497067	0.08513567293573353	0.16351054346066035	0.0869470472178503	0.053369107450633925	0.10443080942728811	0.02491776729623449	0.08513567293573353	0.5383091577053304	0.10689043796692699	0.16698944699271037	0.10250006210499854	0.20056854917188902	0.047856762411558736	0.16351054346066035	0.10689043796692699	0.21168419789125198
0.19110454133686733	0.10547139554948204	0.17485868210554795	0.0576072124816459	0.14442870911230876	0.1457579821825227	0.1807714772316253	0.10547139554948204	0.48957212550073825	0.1006649614825885	0.03316408287970382	0.08314663169538576	0.08391188521783974	0.10406891767426178	0.17485868210554795	0.1006649614825885	0.2199982138499994	0.054981995785421796	0.13784695238008482	0.13911564918376132	0.17253354521259628	0.0576072124816459	0.03316408287970382	0.054981995785421796	0.7061601527541644	0.04541369396181054	0.045831666266440294	0.05684119587081311	0.14442870911230876	0.08314663169538576	0.13784695238008482	0.04541369396181054	0.331749909641126	0.11490589650448914	0.14250820670479486	0.1457579821825227	0.08391188521783974	0.13911564918376132	0.045831666266440294	0.11490589650448914	0.32665711652561114	0.14381980411933562	0.1807714772316253	0.10406891767426178	0.17253354521259628	0.05684119587081311	0.14250820670479486	0.14381980411933562	0.19945685318657305
0.1905102461302941	0.13959043129435494	0.15825144410627043	0.12404651744308859	0.08038234253199227	0.13689023520370014	0.17032878329030107	0.13959043129435494	0.3027953484331179	0.13172614546478179	0.10325447387472166	0.06690906490596492	0.11394539327579069	0.14177914275126965	0.15825144410627043	0.13172614546478179	0.2271998971590813	0.11705794909861186	0.07585373902055799	0.12917807379738366	0.16073275135331455	0.12404651744308859	0.10325447387472166	0.11705794909861186	0.36893391042755047	0.05945849160288518	0.10125714981666199	0.12599150773648157	0.08038234253199227	0.06690906490596492	0.07585373902055799	0.05945849160288518	0.5701388668641996	0.06561479570847617	0.0816426993659247	0.13689023520370014	0.11394539327579069	0.12917807379738366	0.10125714981666199	0.06561479570847617	0.3140777433256072	0.1390366088723816	0.17032878329030107	0.14177914275126965	0.16073275135331455	0.12599150773648157	0.0816426993659247	0.1390366088723816	0.1804885066303286
0.8547353995594188	0.02904933572631855	0.029835516601153488	0.02934167413701432	0.007226927927369457	0.01923506172398661	0.030576084324737948	0.02904933572631855	0.2399227398449874	0.1876741048503789	0.1845676916572237	0.04545948534153519	0.12099415066442681	0.1923324919151238	0.029835516601153488	0.1876741048503789	0.2244314247376347	0.1895627659219298	0.0466897846603239	0.12426869326035574	0.19753770996821762	0.02934167413701432	0.1845676916572237	0.1895627659219298	0.23413109096943577	0.04591696753049113	0.12221177705154855	0.194268032732351	0.007226927927369457	0.04545948534153519	0.0466897846603239	0.04591696753049113	0.7767570636752765	0.030101067188702618	0.04784870367629991	0.01923506172398661	0.12099415066442681	0.12426869326035574	0.12221177705154855	0.030101067188702618	0.4558359987881305	0.12735325132284558	0.030576084324737948	0.1923324919151238	0.19753770996821762	0.194268032732351	0.04784870367629991	0.12735325132284558	0.21008372606041834
0.8874438703660413	0.02047907328781089	0.013705232533561007	0.021582759305568477	0.022050989588211743	0.012477205579044762	0.022260869339761746	0.02047907328781089	0.2505857331459674	0.1084985416145889	0.1708615963237829	0.17456837785282137	0.09877677050985607	0.17622990726517138	0.013705232533561007	0.1084985416145889	0.46258072914271475	0.11434589230493411	0.11682658574709384	0.06610448577072692	0.11793853288637975	0.021582759305568477	0.1708615963237829	0.11434589230493411	0.21940558724646497	0.18397645384683903	0.10410018231462095	0.18572752865778844	0.022050989588211743	0.17456837785282137	0.11682658574709384	0.18397645384683903	0.20646217294184188	0.1063585987246031	0.1897568212985878	0.012477205579044762	0.09877677050985607	0.06610448577072692	0.10410018231462095	0.1063585987246031	0.5048118447936899	0.10737091230745743	0.022260869339761746	0.17622990726517138	0.11793853288637975	0.18572752865778844	0.1897568212985878	0.10737091230745743	0.20071542824485225
0.6598940777599084	0.09884676607394655	0.04008318006235301	0.09451491712468828	0.005485173718179641	0.008064638509215433	0.09311124675171123	0.09884676607394655	0.26621302290330284	0.10548997688496721	0.24874215087870122	0.01443575204962998	0.021224327226516255	0.2450480039829429	0.04008318006235301	0.10548997688496721	0.6397304001450416	0.10086699665327636	0.005853816687416262	0.008606639991502818	0.09936898957544552	0.09451491712468828	0.24874215087870122	0.10086699665327636	0.2874695698218305	0.013803121364462578	0.02029419482819259	0.23430904932885496	0.005485173718179641	0.01443575204962998	0.005853816687416262	0.013803121364462578	0.9456462355510902	0.0011777737048254996	0.013598126924396126	0.008064638509215433	0.021224327226516255	0.008606639991502818	0.02029419482819259	0.0011777737048254996	0.920639626298552	0.01999279944119587	0.09311124675171123	0.2450480039829429	0.09936898957544552	0.23430904932885496	0.013598126924396126	0.01999279944119587	0.2945717839954597
0.2891106934338009	0.18146560598603942	0.12987870437260549	0.15954678950025902	0.028419355880652652	0.03155123056602168	0.1800276202606218	0.18146560598603942	0.21503346876526672	0.1480513965904351	0.18187065478623426	0.03239580613816691	0.035965894270435915	0.20521717346342255	0.12987870437260549	0.1480513965904351	0.39609520885903504	0.13016860621428583	0.02318635151531092	0.025741537764493505	0.14687819468383484	0.15954678950025902	0.18187065478623426	0.13016860621428583	0.28788004356039626	0.028482790634248085	0.03162165596711076	0.18042945933746657	0.028419355880652652	0.03239580613816691	0.02318635151531092	0.028482790634248085	0.8497439792737005	0.005632624117851175	0.032139092440069954	0.03155123056602168	0.035965894270435915	0.025741537764493505	0.03162165596711076	0.005632624117851175	0.8338061671483228	0.03568089016576417	0.1800276202606218	0.20521717346342255	0.14687819468383484	0.18042945933746657	0.032139092440069954	0.03568089016576417	0.21962756964882105
0.3214605446415199	0.13859071350723717	0.09816002567313613	0.09165175770220854	0.12518312887599753	0.0877776355733288	0.13717619402657139	0.13859071350723717	0.18220239831079202	0.12347647177161339	0.11528965681426703	0.15746910183591756	0.11041636008878217	0.17255529767139016	0.09816002567313613	0.12347647177161339	0.3847547926950861	0.0816565221893063	0.11153107367567007	0.07820489891974702	0.12221621507544086	0.09165175770220854	0.11528965681426703	0.0816565221893063	0.420133126443196	0.1041362700416162	0.073019708356494	0.11411295845291153	0.12518312887599753	0.15746910183591756	0.11153107367567007	0.1041362700416162	0.24608409732333222	0.0997344272586545	0.1558619009888116	0.0877776355733288	0.11041636008878217	0.07820489891974702	0.073019708356494	0.0997344272586545	0.44155756900590726	0.10928940079708596	0.13717619402657139	0.17255529767139016	0.12221621507544086	0.11411295845291153	0.1558619009888116	0.10928940079708596	0.18878803298778796
0.9962065229983378	6.532198584417364e-6	5.73336839033683e-5	4.31552849676208e-6	0.001342250620523626	0.001025676079966503	0.0013573688901874817	6.532198584417364e-6	0.9952295661840723	7.212463969729029e-5	5.428849443146768e-6	0.0016885247170214258	0.0012902802101186293	0.0017075432010628467	5.73336839033683e-5	7.212463969729029e-5	0.9586904007628705	4.764949104193779e-5	0.014820330572874907	0.011324903362580706	0.014987257487031074	4.31552849676208e-6	5.428849443146768e-6	4.764949104193779e-5	0.9968465476398922	0.0011155319973241507	0.0008524298432779147	0.001128096650524033	0.001342250620523626	0.0016885247170214258	0.014820330572874907	0.0011155319973241507	0.36503397354373585	0.26512963289458213	0.35086975565393563	0.001025676079966503	0.0012902802101186293	0.011324903362580706	0.0008524298432779147	0.26512963289458213	0.45226119071381876	0.26811588689565363	0.0013573688901874817	0.0017075432010628467	0.014987257487031074	0.001128096650524033	0.35086975565393563	0.26811588689565363	0.3618340912216031
0.9997779594500343	3.3667090264055754e-8	3.229040340267829e-6	2.8564523196166413e-8	7.388010347888376e-5	7.04216659811269e-5	7.444750855194109e-5	3.3667090264055754e-8	0.9995515415309356	6.522238213504086e-6	5.769659251922125e-8	0.00014922812456645996	0.00014224253416500517	0.0001503742084366056	3.229040340267829e-6	6.522238213504086e-6	0.9576069838280692	5.533731108906262e-6	0.014312601129123049	0.013642606988555225	0.0144225230445902	2.8564523196166413e-8	5.769659251922125e-8	5.533731108906262e-6	0.999619500923829	0.0001266111859464731	0.00012068432807143097	0.00012758356992847937	7.388010347888376e-5	0.00014922812456645996	0.014312601129123049	0.0001266111859464731	0.34321045511099396	0.3121414134927166	0.3299858108531805	7.04216659811269e-5	0.00014224253416500517	0.013642606988555225	0.00012068432807143097	0.3121414134927166	0.3593439466063525	0.314538684384164	7.444750855194109e-5	0.0001503742084366056	0.0144225230445902	0.00012758356992847937	0.3299858108531805	0.314538684384164	0.34070057643115426
0.9970493691743431	1.0071142083491754e-5	0.00030443464575213896	1.853129307910524e-5	0.0009108661448831556	0.0008451130075019242	0.0008616145923572503	1.0071142083491754e-5	0.9890451794144959	0.0011331043332555254	6.897338651087068e-5	0.003390239547909955	0.0031455066768934317	0.00320692549885096	0.00030443464575213896	0.0011331043332555254	0.7019719970402482	0.0020849560372285126	0.10248156239148384	0.09508367600738196	0.09694026954465346	1.853129307910524e-5	6.897338651087068e-5	0.0020849560372285126	0.9799006444396968	0.0062381726074219445	0.005787854607606212	0.005900867628456547	0.0009108661448831556	0.003390239547909955	0.10248156239148384	0.0062381726074219445	0.3124449745472252	0.28448963550842676	0.29004454925266043	0.0008451130075019242	0.0031455066768934317	0.09508367600738196	0.005787854607606212	0.28448963550842676	0.34154125187349477	0.2691069623187054	0.0008616145923572503	0.00320692549885096	0.09694026954465346	0.005900867628456547	0.29004454925266043	0.2691069623187054	0.3339388111643265
0.8476531874958818	0.015112453965127323	0.02171479496419282	0.025991417613336273	0.03052744496679344	0.02871131479112581	0.03028938620354218	0.015112453965127323	0.5563797735061526	0.06780341687085897	0.08115696815961781	0.09532049832839129	0.08964971803340838	0.09457717113644207	0.02171479496419282	0.06780341687085897	0.3921926245469241	0.11661288944656037	0.13696419402580207	0.12881595869111126	0.1358961214545484	0.025991417613336273	0.08115696815961781	0.11661288944656037	0.2954542732314373	0.1639386220716714	0.15418563164533217	0.16266019783204208	0.03052744496679344	0.09532049832839129	0.13696419402580207	0.1639386220716714	0.20110741416977	0.1810941386401349	0.19104768779743414	0.02871131479112581	0.08964971803340838	0.12881595869111126	0.15418563164533217	0.1810941386401349	0.2378613057464482	0.17968193245243666	0.03028938620354218	0.09457717113644207	0.1358961214545484	0.16266019783204208	0.19104768779743414	0.17968193245243666	0.20584750312355155
0.7180710140229106	0.03663588619289039	0.03668717297451148	0.05898454849447671	0.06560733384607216	0.01930488292041831	0.06470916154872011	0.03663588619289039	0.5128375461561084	0.06738284171697656	0.10833613420450736	0.12050011580598181	0.035457021207250236	0.11885045471628451	0.03668717297451148	0.06738284171697656	0.5122498943334453	0.10848779456362538	0.12066880459085573	0.03550665768919627	0.11901683413138883	0.05898454849447671	0.10833613420450736	0.10848779456362538	0.2817455113136062	0.19400772474632563	0.057086551035159694	0.19135173564229832	0.06560733384607216	0.12050011580598181	0.12066880459085573	0.19400772474632563	0.22288308246635086	0.06349622922408685	0.21283670932032606	0.01930488292041831	0.035457021207250236	0.03550665768919627	0.057086551035159694	0.06349622922408685	0.72652169972077	0.06262695820311844	0.06470916154872011	0.11885045471628451	0.11901683413138883	0.19135173564229832	0.21283670932032606	0.06262695820311844	0.2306081464378626
0.8227961072275839	0.016005964183099013	0.026445101811979437	0.03308698520689237	0.03500308458701559	0.01281810451084426	0.05384465247258509	0.016005964183099013	0.7295315753267723	0.04174548478307316	0.05223017280449282	0.05525487273132599	0.020234294827441164	0.0849976353437951	0.026445101811979437	0.04174548478307316	0.5803577910372477	0.0862948474500874	0.09129226569998274	0.033431162326997464	0.14043334689063128	0.03308698520689237	0.05223017280449282	0.0862948474500874	0.49663512961924344	0.1142209951088452	0.041827646617775965	0.17570422319266188	0.03500308458701559	0.05525487273132599	0.09129226569998274	0.1142209951088452	0.4740994306571048	0.04424992617135821	0.18587942504436641	0.01281810451084426	0.020234294827441164	0.033431162326997464	0.041827646617775965	0.04424992617135821	0.7793699531984073	0.0680689123471754	0.05384465247258509	0.0849976353437951	0.14043334689063128	0.17570422319266188	0.18587942504436641	0.0680689123471754	0.29107180470878313
0.8403505649381288	0.01670433291231284	0.03005549426714482	0.018131839417384037	0.035245178229351505	0.02448553812907126	0.035027052106606414	0.01670433291231284	0.5773862254903637	0.08534611337815613	0.0514874920677052	0.10008283179304732	0.06952956736343832	0.09946343699497573	0.03005549426714482	0.08534611337815613	0.30782053931955744	0.09263955829866886	0.1800753728380446	0.1251020034298119	0.1789609184686146	0.018131839417384037	0.0514874920677052	0.09263955829866886	0.5456707906286555	0.1086356362767997	0.07547137361377557	0.1079633096970104	0.035245178229351505	0.10008283179304732	0.1800753728380446	0.1086356362767997	0.21939549636288927	0.14670337371735154	0.20986211078251413	0.02448553812907126	0.06952956736343832	0.1251020034298119	0.07547137361377557	0.14670337371735154	0.4129126910473405	0.1457954526992095	0.035027052106606414	0.09946343699497573	0.1789609184686146	0.1079633096970104	0.20986211078251413	0.1457954526992095	0.22292771925106714
0.9882546104263004	0.0009155987717137251	0.0020697813704334553	0.000991830467506793	0.002916239974988249	0.00189704006046058	0.0029548989285968995	0.0009155987717137251	0.7161870082922572	0.0540671342918101	0.02590874178665947	0.07617845082923642	0.049554760309967395	0.07718830571835548	0.0020697813704334553	0.0540671342918101	0.42657470326360614	0.05856870142041358	0.1722072410164102	0.11202234305523395	0.1744900955820925	0.000991830467506793	0.02590874178665947	0.05856870142041358	0.6947141984424529	0.08252098062395447	0.05368063239472044	0.08361491486429237	0.002916239974988249	0.07617845082923642	0.1722072410164102	0.08252098062395447	0.26249240915357536	0.15783504459753933	0.2458496338042958	0.00189704006046058	0.049554760309967395	0.11202234305523395	0.05368063239472044	0.15783504459753933	0.46508280454560086	0.15992737503647725	0.0029548989285968995	0.07718830571835548	0.1744900955820925	0.08361491486429237	0.2458496338042958	0.15992737503647725	0.2559747760658895
0.999746104631897	1.574720912834983e-6	6.075561953177173e-6	3.4854033644255685e-6	0.00011573316627203615	1.8168589272277322e-5	0.00010885792632835185	1.574720912834983e-6	0.9865509122923997	0.00032379909918812873	0.0001857557339396554	0.0061680376685943105	0.0009683010205839538	0.0058016194643814405	6.075561953177173e-6	0.00032379909918812873	0.9490364313748098	0.0007166796735279888	0.02379742002512048	0.0037358828424341748	0.022383711422966093	3.4854033644255685e-6	0.0001857557339396554	0.0007166796735279888	0.9704578919704238	0.01365200593120913	0.0021431858860908423	0.012840995401444137	0.00011573316627203615	0.0061680376685943105	0.02379742002512048	0.01365200593120913	0.45871556936863184	0.07116470106113869	0.4263865327790306	1.8168589272277322e-5	0.0009683010205839538	0.0037358828424341748	0.0021431858860908423	0.07116470106113869	0.8550326669839159	0.06693709361656372	0.00010885792632835185	0.0058016194643814405	0.022383711422966093	0.012840995401444137	0.4263865327790306	0.06693709361656372	0.46554118938928296
0.9998299759297881	2.2056378146716632e-7	8.938761953764593e-7	6.761297055625523e-7	7.912532189018097e-5	9.7336670399735e-6	7.937451159933737e-5	2.2056378146716632e-7	0.9972488074122134	1.4481611470209836e-5	1.0953919290020421e-5	0.0012819025442178896	0.0001576943037328768	0.0012859396452941272	8.938761953764593e-7	1.4481611470209836e-5	0.988894482593431	4.439281750744666e-5	0.0051951510871220095	0.0006390858159741299	0.0052115121982997965	6.761297055625523e-7	1.0953919290020421e-5	4.439281750744666e-5	0.991588950871164	0.00392962246120609	0.00048340576336951155	0.0039419980377574425	7.912532189018097e-5	0.0012819025442178896	0.0051951510871220095	0.00392962246120609	0.47162318244264356	0.056571448222877393	0.4613195679200385	9.7336670399735e-6	0.0001576943037328768	0.0006390858159741299	0.00048340576336951155	0.056571448222877393	0.8853890233042097	0.05674960892279568	7.937451159933737e-5	0.0012859396452941272	0.0052115121982997965	0.0039419980377574425	0.4613195679200385	0.05674960892279568	0.47141199876421075
0.9798120974190445	0.0004751435662727913	0.0008544826267304923	0.0007156253555558746	0.007407523139212524	0.003455288656396603	0.007279839236787219	0.0004751435662727913	0.9377534630940915	0.002677584725625688	0.0022424651612152945	0.02321202350030941	0.010827403436387616	0.022811916516097885	0.0008544826267304923	0.002677584725625688	0.8901955627950797	0.004032775896215662	0.04174374277623486	0.01947164769917889	0.04102420348093481	0.0007156253555558746	0.0022424651612152945	0.004032775896215662	0.907383933626129	0.03496019676933477	0.01630741734480998	0.034357585846739695	0.007407523139212524	0.02321202350030941	0.04174374277623486	0.03496019676933477	0.3682370419935714	0.16880001579687454	0.35563945602446423	0.003455288656396603	0.010827403436387616	0.01947164769917889	0.01630741734480998	0.16880001579687454	0.6152478268510088	0.16589040021534435	0.007279839236787219	0.022811916516097885	0.04102420348093481	0.034357585846739695	0.35563945602446423	0.16589040021534435	0.37299659867963336
0.22604652729576738	0.1259669997223152	0.14495245225270345	0.11636799874756137	0.13384070137119963	0.10814117245932264	0.14468414815112554	0.1259669997223152	0.2599634441309764	0.13736534901351008	0.11027706336485484	0.12683520954868788	0.10248084573076265	0.13711108848888817	0.14495245225270345	0.13736534901351008	0.1691302448453687	0.1268977652655065	0.1459515166400433	0.11792651988498133	0.1577761520978812	0.11636799874756137	0.11027706336485484	0.1268977652655065	0.30795269525018903	0.11717004880996403	0.09467154853203831	0.12666288002988144	0.13384070137119963	0.12683520954868788	0.1459515166400433	0.11717004880996403	0.2216346400611494	0.1088865202787644	0.1456813632901864	0.10814117245932264	0.10248084573076265	0.11792651988498133	0.09467154853203831	0.1088865202787644	0.3501851528682838	0.11770824024584291	0.14468414815112554	0.13711108848888817	0.1577761520978812	0.12666288002988144	0.1456813632901864	0.11770824024584291	0.1703761276961888
0.20434588488237448	0.1721558558101089	0.17977180576766866	0.09471266505506243	0.10180367246297486	0.07167645532359578	0.1755336606982116	0.1721558558101089	0.21892619586107812	0.17556789854873456	0.09249783912810902	0.09942302555478172	0.0700003239264851	0.17142886117069941	0.17977180576766866	0.17556789854873456	0.1921394063308493	0.09658982258500126	0.10382137020411861	0.07309704672762597	0.17901264983599816	0.09471266505506243	0.09249783912810902	0.09658982258500126	0.5286776101056893	0.054698224895223205	0.0385111340104979	0.09431270422041522	0.10180367246297486	0.09942302555478172	0.10382137020411861	0.054698224895223205	0.497485529948232	0.041394409825794516	0.10137376710887289	0.07167645532359578	0.0700003239264851	0.07309704672762597	0.0385111340104979	0.041394409825794516	0.6339468563979629	0.0713737737880365	0.1755336606982116	0.17142886117069941	0.17901264983599816	0.09431270422041522	0.10137376710887289	0.0713737737880365	0.20696458317776276
0.24985324150576205	0.06518939719270365	0.20955512167157173	0.03599487451359758	0.17904323737700784	0.04640538239599763	0.21395874534336293	0.06518939719270365	0.718157322930563	0.06628267245547192	0.011385245363746535	0.0566317070361419	0.014678108256144367	0.06767554676522972	0.20955512167157173	0.06628267245547192	0.24078711282151366	0.036598535654623884	0.18204592724406704	0.0471836355908059	0.2175469945619493	0.03599487451359758	0.011385245363746535	0.036598535654623884	0.8392794066388062	0.031269673843293384	0.008104641054052442	0.03736762293188063	0.17904323737700784	0.0566317070361419	0.18204592724406704	0.031269673843293384	0.32482443607894484	0.040313549962453336	0.18587146845809457	0.04640538239599763	0.014678108256144367	0.0471836355908059	0.008104641054052442	0.040313549962453336	0.7951395229486076	0.04817515979193941	0.21395874534336293	0.06767554676522972	0.2175469945619493	0.03736762293188063	0.18587146845809457	0.04817515979193941	0.2294044621475471
0.7173882652307537	0.004334394045212761	0.05685922534793085	0.004922282243855387	0.09439182622478291	0.023303210626715865	0.0988007962807453	0.004334394045212761	0.9569779347610647	0.00790488729289676	0.0006843231880738202	0.013122879235722106	0.0032397425824853675	0.013735838894543901	0.05685922534793085	0.00790488729289676	0.5314227526058029	0.008977053298714061	0.1721478803944276	0.04249942475125856	0.18018877630896335	0.004922282243855387	0.0006843231880738202	0.008977053298714061	0.9512355267914047	0.01490277874518507	0.0036791595831124164	0.015598876149653999	0.09439182622478291	0.013122879235722106	0.1721478803944276	0.01490277874518507	0.33575063340790867	0.07055316514121349	0.29913083685075037	0.023303210626715865	0.0032397425824853675	0.04249942475125856	0.0036791595831124164	0.07055316514121349	0.7828766477565213	0.0738486495586906	0.0988007962807453	0.013735838894543901	0.18018877630896335	0.015598876149653999	0.29913083685075037	0.0738486495586906	0.3186962259566423
0.9663534819854758	0.0002488507357827276	0.00371266210870909	0.00018587466496902073	0.011745755549783963	0.006770735868634765	0.01098263908664467	0.0002488507357827276	0.97908218548275	0.002297671810946516	0.00011503308557668451	0.00726914829165292	0.004190235601627585	0.006796874991663866	0.00371266210870909	0.002297671810946516	0.7199040807094573	0.001716205406124781	0.10845011705559279	0.06251510125455034	0.10140416165462002	0.00018587466496902073	0.00011503308557668451	0.001716205406124781	0.9843466964854697	0.005429562018658484	0.0031298225265197297	0.005076805812681567	0.011745755549783963	0.00726914829165292	0.10845011705559279	0.005429562018658484	0.34851376083974994	0.19777913421839943	0.320812522026165	0.006770735868634765	0.004190235601627585	0.06251510125455034	0.0031298225265197297	0.19777913421839943	0.5406854578409233	0.18492951268934657	0.01098263908664467	0.006796874991663866	0.10140416165462002	0.005076805812681567	0.320812522026165	0.18492951268934657	0.3699974837388808
0.9691842229141614	0.00010567287634071228	0.003861344141670584	4.730398545729085e-5	0.011134769622830873	0.004571204240883665	0.01109548221865535	0.00010567287634071228	0.9906227938802817	0.0011657590065274927	1.4281308546516708e-5	0.003361642344525116	0.0013800693020284078	0.0033497812817499945	0.003861344141670584	0.0011657590065274927	0.698783515555412	0.0005218467500939668	0.1228362321810188	0.0504284798428804	0.12240282252239425	4.730398545729085e-5	1.4281308546516708e-5	0.0005218467500939668	0.9957944477197298	0.0015048240010550784	0.0006177817852020936	0.0014995144499152634	0.011134769622830873	0.003361642344525116	0.1228362321810188	0.0015048240010550784	0.3627773413975401	0.14541814582657495	0.3529670446264479	0.004571204240883665	0.0013800693020284078	0.0504284798428804	0.0006177817852020936	0.14541814582657495	0.6526792598101582	0.1449050591922696	0.01109548221865535	0.0033497812817499945	0.12240282252239425	0.0014995144499152634	0.3529670446264479	0.1449050591922696	0.36378029570856063
0.9373739720045593	0.00015069001491047095	0.008881330549235929	0.00011592987883653953	0.024257998663253403	0.004760650784224086	0.024459428104979974	0.00015069001491047095	0.9938989147367149	0.0008458926163134486	1.1041614538981224e-5	0.0023104265562498283	0.0004534229781109128	0.002329611483161405	0.008881330549235929	0.0008458926163134486	0.6894248726669809	0.0006507679263035722	0.13617134465066486	0.026723730498099254	0.13730206109240042	0.00011592987883653953	1.1041614538981224e-5	0.0006507679263035722	0.99530372411345	0.0017774732512031498	0.00034883048452368594	0.00179223273114393	0.024257998663253403	0.0023104265562498283	0.13617134465066486	0.0017774732512031498	0.38747134562856866	0.07299179048749704	0.37501962076255885	0.004760650784224086	0.0004534229781109128	0.026723730498099254	0.00034883048452368594	0.07299179048749704	0.8211236874699755	0.07359788729756865	0.024459428104979974	0.002329611483161405	0.13730206109240042	0.00179223273114393	0.37501962076255885	0.07359788729756865	0.38549915852818245
0.7656906389860612	0.0011420871211440275	0.03387081837995352	0.0020052010096224685	0.08935507300395419	0.013045083244798627	0.09489109825446729	0.0011420871211440275	0.9880823724026914	0.001565298458572802	9.266791295920801e-5	0.00412943544704932	0.0006028625723174864	0.004385276085265991	0.03387081837995352	0.001565298458572802	0.6914162144435346	0.0027482474772560295	0.12246645238293614	0.017879063967189322	0.13005390489055918	0.0020052010096224685	9.266791295920801e-5	0.0027482474772560295	0.979145850183584	0.007250189564610174	0.0010584662205661748	0.007699377631401998	0.08935507300395419	0.00412943544704932	0.12246645238293614	0.007250189564610174	0.38653484464906107	0.04716700518154889	0.3430969997708446	0.013045083244798627	0.0006028625723174864	0.017879063967189322	0.0010584662205661748	0.04716700518154889	0.8701582650914857	0.05008925372209433	0.09489109825446729	0.004385276085265991	0.13005390489055918	0.007699377631401998	0.3430969997708446	0.05008925372209433	0.36978408964537113
0.3607266828133846	0.008924929045949326	0.13210094763463015	0.017757164819730026	0.20582964154306932	0.07429832434220164	0.2003623098010344	0.008924929045949326	0.9573813110281105	0.0070611390452181904	0.0009491666190598978	0.011002129391099277	0.003971438573310232	0.010709886297252438	0.13210094763463015	0.0070611390452181904	0.4666393221353885	0.014048941923843991	0.1628463051168645	0.058782629677612296	0.15852071446644186	0.017757164819730026	0.0009491666190598978	0.014048941923843991	0.9161445634745765	0.021889991949506304	0.007901630248781658	0.021308540964501396	0.20582964154306932	0.011002129391099277	0.1628463051168645	0.021889991949506304	0.25984640152325283	0.09159061923587695	0.2469949112403302	0.07429832434220164	0.003971438573310232	0.058782629677612296	0.007901630248781658	0.09159061923587695	0.6742976064505106	0.08915775147170626	0.2003623098010344	0.010709886297252438	0.15852071446644186	0.021308540964501396	0.2469949112403302	0.08915775147170626	0.27294588575873285
0.3976383075647808	0.03820307669602474	0.12795777819967358	0.04773028239873508	0.14692890206893167	0.09368662754703655	0.1478550255248142	0.03820307669602474	0.757582977052442	0.04631811357785549	0.017277391592388305	0.05318527462456162	0.033912653974644845	0.05352051248208166	0.12795777819967358	0.04631811357785549	0.2968661814991616	0.05786907318587176	0.17813930611003728	0.11358739218774551	0.1792621552396506	0.04773028239873508	0.017277391592388305	0.05786907318587176	0.7014369342397103	0.06644878886282883	0.04236990030880982	0.06686762941165414	0.14692890206893167	0.05318527462456162	0.17813930611003728	0.06644878886282883	0.21903006973341313	0.13042795098376578	0.20583970761645692	0.09368662754703655	0.033912653974644845	0.11358739218774551	0.04236990030880982	0.13042795098376578	0.4547654094880337	0.13125006550996082	0.1478550255248142	0.05352051248208166	0.1792621552396506	0.06686762941165414	0.20583970761645692	0.13125006550996082	0.21540490421537686
