0.5007534495799085	0.10499103919097796	0.09298104694957592	0.03551189612870935	0.08952808725109504	0.07559327180072489	0.10064120909900955	0.10499103919097796	0.19307374822933498	0.16554409284719943	0.06322562310036428	0.15939641974955246	0.13458677887751896	0.1791822980050542	0.09298104694957592	0.16554409284719943	0.2664418643257268	0.05599320356490325	0.14116296116822347	0.11919131101121758	0.1586855201331555	0.03551189612870935	0.06322562310036428	0.05599320356490325	0.6852270098128544	0.053913830599751564	0.04552228217402702	0.06060615461939081	0.08952808725109504	0.15939641974955246	0.14116296116822347	0.053913830599751564	0.2884411505270667	0.114765002566293	0.15279254813801965	0.07559327180072489	0.13458677887751896	0.11919131101121758	0.04552228217402702	0.114765002566293	0.3813305707515425	0.12901078281867784	0.10064120909900955	0.1791822980050542	0.1586855201331555	0.06060615461939081	0.15279254813801965	0.12901078281867784	0.21908148718669462
0.3863449151305391	0.1626767698022876	0.13069345694225867	0.021762611510695723	0.08769043237522697	0.07399783265344267	0.13683398158554333	0.1626767698022876	0.2259208717385182	0.17718432381339677	0.02950410598320827	0.1188840690943963	0.10032067594745603	0.18550918362072882	0.13069345694225867	0.17718432381339677	0.34327427934792104	0.023703406513558907	0.09551068652391262	0.0805969774190387	0.14903686943990663	0.021762611510695723	0.02950410598320827	0.023703406513558907	0.8708879600130405	0.01590410120422536	0.013420723191075932	0.024817091584194133	0.08769043237522697	0.1188840690943963	0.09551068652391262	0.01590410120422536	0.5279349690614363	0.054077564121166516	0.09999817761963165	0.07399783265344267	0.10032067594745603	0.0805969774190387	0.013420723191075932	0.054077564121166516	0.593202466516154	0.08438376015166256	0.13683398158554333	0.18550918362072882	0.14903686943990663	0.024817091584194133	0.09999817761963165	0.08438376015166256	0.31942093599832616
0.27987330310228875	0.17563229878782366	0.15249803889154248	0.02486305278625675	0.1093295668890319	0.09823915416340923	0.15956458537964963	0.17563229878782366	0.20539304935159053	0.1733579277582663	0.028264017951308246	0.12428453045268949	0.1116770832876461	0.18139109241067844	0.15249803889154248	0.1733579277582663	0.2872238769103294	0.02454108577134151	0.10791379085397093	0.09696699472724882	0.1574982850873029	0.02486305278625675	0.028264017951308246	0.02454108577134151	0.8632501003542263	0.017594103490573828	0.01580935417892758	0.02567828546736611	0.1093295668890319	0.12428453045268949	0.10791379085397093	0.017594103490573828	0.4584456371656224	0.06951800569449228	0.1129143654536208	0.09823915416340923	0.1116770832876461	0.09696699472724882	0.01580935417892758	0.06951800569449228	0.5063290978903349	0.10146031005794287	0.15956458537964963	0.18139109241067844	0.1574982850873029	0.02567828546736611	0.1129143654536208	0.10146031005794287	0.26149307614344186
0.32614874163515606	0.1631171105417653	0.14261356850101678	0.027716977960419924	0.11303427280769973	0.07568705082976289	0.15168227772417292	0.1631171105417653	0.20694599511263992	0.17589884838519448	0.034185979323004746	0.13941589586400768	0.09335202266207966	0.1870841481113	0.14261356850101678	0.17589884838519448	0.28452134361519277	0.029888860143261076	0.1218915560047359	0.08161783294474294	0.16356799040584882	0.027716977960419924	0.034185979323004746	0.029888860143261076	0.8368666143038969	0.02368965033870861	0.01586244352963194	0.03178947440107542	0.11303427280769973	0.13941589586400768	0.1218915560047359	0.02368965033870861	0.40763647597201064	0.06468958383145401	0.1296425651813776	0.07568705082976289	0.09335202266207966	0.08161783294474294	0.01586244352963194	0.06468958383145401	0.581983205392914	0.08680786080941087	0.15168227772417292	0.1870841481113	0.16356799040584882	0.03178947440107542	0.1296425651813776	0.08680786080941087	0.2494256833668066
0.3444033705188311	0.13777465883410653	0.133794403841465	0.04855858822745286	0.1150098766600453	0.08722565948360132	0.13323344243449778	0.13777465883410653	0.1868873713425514	0.1744932547978049	0.0633296002292785	0.14999467194520935	0.1137587880223553	0.17376165482869374	0.133794403841465	0.1744932547978049	0.2053368305733893	0.06150003331452321	0.1456613856432747	0.11047234196751125	0.1687417498620312	0.04855858822745286	0.0633296002292785	0.06150003331452321	0.6724098627062446	0.052865523841139336	0.04009421029656125	0.06124218138480034	0.1150098766600453	0.14999467194520935	0.1456613856432747	0.052865523841139336	0.29645567634150893	0.0949621961699134	0.14505066939890873	0.08722565948360132	0.1137587880223553	0.11047234196751125	0.04009421029656125	0.0949621961699134	0.44347764081005425	0.1100091632500031	0.13323344243449778	0.17376165482869374	0.1687417498620312	0.06124218138480034	0.14505066939890873	0.1100091632500031	0.2079611388410648
0.3382412392753309	0.13553838662557005	0.13735787069125815	0.04955709573960927	0.12526756041896256	0.08031013000358816	0.13372771724568117	0.13553838662557005	0.19451668143014525	0.17487390048287438	0.06309243572993342	0.15948141001455024	0.10224492860392012	0.1702522571130067	0.13735787069125815	0.17487390048287438	0.18605130260686176	0.06393939639055565	0.16162230818752732	0.10361747717133205	0.17253774446959083	0.04955709573960927	0.06309243572993342	0.06393939639055565	0.6654661152970399	0.05831141790563353	0.037383960676112056	0.06224957826111619	0.12526756041896256	0.15948141001455024	0.16162230818752732	0.05831141790563353	0.24346940616810187	0.09449701365271956	0.15735088365250502	0.08031013000358816	0.10224492860392012	0.10361747717133205	0.037383960676112056	0.09449701365271956	0.4810674603970013	0.1008790294953268	0.13372771724568117	0.1702522571130067	0.17253774446959083	0.06224957826111619	0.15735088365250502	0.1008790294953268	0.20300278976277344
0.3840181891975521	0.13418844379340122	0.1331030937232834	0.026719738904321257	0.12281275030437469	0.06734622189254474	0.13181156218452855	0.13418844379340122	0.19661092777365058	0.18487733552446015	0.037113142875626864	0.1705842697533922	0.09354245429499546	0.18308342598448196	0.1331030937232834	0.18487733552446015	0.20161360712383075	0.036812962390007926	0.169204541038281	0.09278585926745064	0.18160260093269434	0.026719738904321257	0.037113142875626864	0.036812962390007926	0.8103052175873606	0.033966912650186684	0.018626268287900014	0.036455757304598435	0.12281275030437469	0.1705842697533922	0.169204541038281	0.033966912650186684	0.2502563332036398	0.0856124846330068	0.1675627084171264	0.06734622189254474	0.09354245429499546	0.09278585926745064	0.018626268287900014	0.0856124846330068	0.5502011760098651	0.09188553561424152	0.13181156218452855	0.18308342598448196	0.18160260093269434	0.036455757304598435	0.1675627084171264	0.09188553561424152	0.20759840956233705
0.6271037382700065	0.0046072737562362145	0.11362888174747728	0.004162804068960617	0.10867262671632429	0.0254706221930998	0.11635405324789795	0.0046072737562362145	0.9610901155447744	0.010583447841299463	0.0003877255417799796	0.010121819901257269	0.002372345809626002	0.010837271605027019	0.11362888174747728	0.010583447841299463	0.29080355744039554	0.009562448872885052	0.24963376119607722	0.05850900461498334	0.2672788982868882	0.004162804068960617	0.0003877255417799796	0.009562448872885052	0.9648063982818843	0.009145354780190332	0.002143482526065567	0.009791785928234494	0.10867262671632429	0.010121819901257269	0.24963376119607722	0.009145354780190332	0.3108487239210441	0.05595696376030685	0.2556207497248055	0.0254706221930998	0.002372345809626002	0.05850900461498334	0.002143482526065567	0.05595696376030685	0.7956353498589488	0.05991223123697089	0.11635405324789795	0.010837271605027019	0.2672788982868882	0.009791785928234494	0.2556207497248055	0.05991223123697089	0.280205009970182
0.4769819193710483	0.11046728005512059	0.11393394529793839	0.01820767555059071	0.1019590511731419	0.0662903705430836	0.11215975800908021	0.11046728005512059	0.21811560104480213	0.18542492510124373	0.0296325811101103	0.16593605512154427	0.10788608224477406	0.18253747532241069	0.11393394529793839	0.18542492510124373	0.19939761210068083	0.030562505689932858	0.17114343195324613	0.11127174478045992	0.18826583507650405	0.01820767555059071	0.0296325811101103	0.030562505689932858	0.8463781523411787	0.027350269258828965	0.017782231815221886	0.030086584234137227	0.1019590511731419	0.16593605512154427	0.17114343195324613	0.027350269258828965	0.2655561597894138	0.09957665812877795	0.1684783745750522	0.0662903705430836	0.10788608224477406	0.11127174478045992	0.017782231815221886	0.09957665812877795	0.4876538990252044	0.10953901346248161	0.11215975800908021	0.18253747532241069	0.18826583507650405	0.030086584234137227	0.1684783745750522	0.10953901346248161	0.2089329593203399
0.42461603006458276	0.11835298471765976	0.11817123099232597	0.03326707765252384	0.10716816769391807	0.08147638430975238	0.11694812456923828	0.11835298471765976	0.19149046806090197	0.17844883913879966	0.05023618133434437	0.16183325634353254	0.12303642836932288	0.17660184203544052	0.11817123099232597	0.17844883913879966	0.19245804719188916	0.05015903403530632	0.16158473031528323	0.12284748231729695	0.1763306360091006	0.03326707765252384	0.05023618133434437	0.05015903403530632	0.7366256498515337	0.04548866695997887	0.03458351664232017	0.04963987352399335	0.10716816769391807	0.16183325634353254	0.16158473031528323	0.04548866695997887	0.25260388935218525	0.11140900771872865	0.15991228161637483	0.08147638430975238	0.12303642836932288	0.12284748231729695	0.03458351664232017	0.11140900771872865	0.4050712053022408	0.1215759753403391	0.11694812456923828	0.17660184203544052	0.1763306360091006	0.04963987352399335	0.15991228161637483	0.1215759753403391	0.19899126690551514
0.4193752885525337	0.12009165400336608	0.1310294929194971	0.03273855537784679	0.10618285145253072	0.06309901955004059	0.12748313814419118	0.12009165400336608	0.25293997016323005	0.17838317365954376	0.04457017484542251	0.1445570276453683	0.0859028231839168	0.17355517649916086	0.1310294929194971	0.17838317365954376	0.20114539792739455	0.04862958594246146	0.1577231506012185	0.0937267744003788	0.189362424549515	0.03273855537784679	0.04457017484542251	0.04862958594246146	0.7639219038850016	0.03940813617815747	0.023418232992620906	0.04731341077849167	0.10618285145253072	0.1445570276453683	0.1577231506012185	0.03940813617815747	0.32272080017437155	0.07595371043216032	0.1534543235162005	0.06309901955004059	0.0859028231839168	0.0937267744003788	0.023418232992620906	0.07595371043216032	0.5667094099104056	0.0911900295304813	0.12748313814419118	0.17355517649916086	0.189362424549515	0.04731341077849167	0.1534543235162005	0.0911900295304813	0.21764149698196836
0.2671456059005195	0.13171318844971108	0.16766366582225503	0.05229287743293721	0.1327267905433092	0.0824469611093176	0.16601091074195096	0.13171318844971108	0.3369682917865931	0.14818949342616852	0.0462190479886017	0.11731054404802005	0.07287072808171328	0.14672870621919287	0.16766366582225503	0.14818949342616852	0.19644460079565026	0.0588343134639277	0.14932988933149852	0.09276044065990866	0.1867775965005921	0.05229287743293721	0.0462190479886017	0.0588343134639277	0.7088934869073643	0.046574727813505835	0.028931195857283855	0.05825435053637969	0.1327267905433092	0.11731054404802005	0.14932988933149852	0.046574727813505835	0.3327686810943804	0.07343150656878063	0.14785786060050604	0.0824469611093176	0.07287072808171328	0.09276044065990866	0.028931195857283855	0.07343150656878063	0.5577131189129858	0.09184604881001056	0.16601091074195096	0.14672870621919287	0.1867775965005921	0.05825435053637969	0.14785786060050604	0.09184604881001056	0.20252452659136866
0.20497546716974113	0.1435666054205596	0.1724885475067667	0.0638107507039879	0.13478991993111597	0.11047511228765054	0.16989359698017548	0.1435666054205596	0.29765627625742097	0.147949160589103	0.0547326019012663	0.11561379464279326	0.09475817592065697	0.14572338526819736	0.1724885475067667	0.147949160589103	0.18597175602053945	0.06575865589048432	0.13890455549369135	0.11384750709306758	0.17507981740634476	0.0638107507039879	0.0547326019012663	0.06575865589048432	0.6574250288521317	0.05138662299830933	0.042116969493880364	0.06476937015993893	0.13478991993111597	0.11561379464279326	0.13890455549369135	0.05138662299830933	0.3335249522623145	0.08896530573909397	0.13681484893267962	0.11047511228765054	0.09475817592065697	0.11384750709306758	0.042116969493880364	0.08896530573909397	0.4377021659300667	0.11213476353558205	0.16989359698017548	0.14572338526819736	0.17507981740634476	0.06476937015993893	0.13681484893267962	0.11213476353558205	0.19558421771707915
0.19432659601728375	0.16140193234148048	0.15790878822563814	0.06298702903778408	0.14758494330708108	0.11093709466098164	0.16485361640975155	0.16140193234148048	0.19188597227514098	0.15850697696221946	0.06322563596868702	0.14814402334162058	0.11135734562510423	0.1654781134857477	0.15790878822563814	0.15850697696221946	0.2059451041210987	0.06185727404729973	0.14493781375090684	0.10894729234393799	0.16189675054889968	0.06298702903778408	0.06322563596868702	0.06185727404729973	0.6460820155519373	0.05781313621605695	0.04345715234449132	0.06457775683374395	0.14758494330708108	0.14814402334162058	0.14493781375090684	0.05781313621605695	0.24838342668171512	0.10182447819854455	0.15131217850407547	0.11093709466098164	0.11135734562510423	0.10894729234393799	0.04345715234449132	0.10182447819854455	0.4097378427879109	0.11373879403902971	0.16485361640975155	0.1654781134857477	0.16189675054889968	0.06457775683374395	0.15131217850407547	0.11373879403902971	0.17814279017875265
0.46924505534675365	0.04909134208376605	0.12968828147693842	0.015053001605923159	0.1344324541816612	0.051526750609719674	0.15096311469523513	0.04909134208376605	0.7019566700506646	0.06703050698520654	0.007780273728691387	0.06948257357134212	0.026632045527444106	0.07802658805288365	0.12968828147693842	0.06703050698520654	0.32268558677664294	0.020553732826706035	0.18355732755658677	0.07035587274791504	0.20612869163000083	0.015053001605923159	0.007780273728691387	0.020553732826706035	0.9032156358153174	0.021305616166867054	0.008166251055218255	0.023925488801276172	0.1344324541816612	0.06948257357134212	0.18355732755658677	0.021305616166867054	0.3046232849101455	0.07292958571030754	0.21366915790308624	0.051526750609719674	0.026632045527444106	0.07035587274791504	0.008166251055218255	0.07292958571030754	0.6884920278538145	0.08189746649557962	0.15096311469523513	0.07802658805288365	0.20612869163000083	0.023925488801276172	0.21366915790308624	0.08189746649557962	0.24538949242193434
0.690152414619173	0.02064579885044353	0.08238159476363846	0.012256139051165753	0.07386354811659307	0.037600870771030075	0.08309963382795253	0.02064579885044353	0.7685137837378843	0.06005969062428298	0.008935247269407165	0.05384967189603953	0.027412635943635265	0.06058317167830461	0.08238159476363846	0.06005969062428298	0.2559081404518667	0.03565373880630416	0.2148728601121248	0.10938286680358683	0.24174110843818525	0.012256139051165753	0.008935247269407165	0.03565373880630416	0.8589499509878781	0.03196723320799643	0.016273193414211747	0.03596449726303503	0.07386354811659307	0.05384967189603953	0.2148728601121248	0.03196723320799643	0.3106280343387513	0.09807295753934238	0.21674569478914293	0.037600870771030075	0.027412635943635265	0.10938286680358683	0.016273193414211747	0.09807295753934238	0.6009212262177814	0.11033624931040745	0.08309963382795253	0.06058317167830461	0.24174110843818525	0.03596449726303503	0.21674569478914293	0.11033624931040745	0.2515296446929614
0.6668160534556976	0.02027171016592194	0.08271348894890046	0.015984914320368207	0.07773068550809195	0.045145094525384795	0.0913380530756366	0.02027171016592194	0.7914651242939331	0.049764443355164646	0.009617299104920643	0.046766547332023546	0.02716147665660681	0.054953399091430336	0.08271348894890046	0.049764443355164646	0.3024137254238555	0.039240910447228966	0.19081884381063693	0.11082540549779465	0.22422318251642284	0.015984914320368207	0.009617299104920643	0.039240910447228966	0.8335296089379021	0.036876970223189975	0.02141772320227898	0.04333257376411213	0.07773068550809195	0.046766547332023546	0.19081884381063693	0.036876970223189975	0.33294227076508803	0.10414909164789087	0.21071559071308232	0.045145094525384795	0.02716147665660681	0.11082540549779465	0.02141772320227898	0.10414909164789087	0.5689199995750839	0.12238120889496198	0.0913380530756366	0.054953399091430336	0.22422318251642284	0.04333257376411213	0.21071559071308232	0.12238120889496198	0.25305599194435807
0.767767416209346	0.010551542586640724	0.05768003779614461	0.010208049838762924	0.05275761554617378	0.03112436513068194	0.0699109728922487	0.010551542586640724	0.8562043233910361	0.0346693007429948	0.00613567472182216	0.03171061791460637	0.01870768495270504	0.04202085569019397	0.05768003779614461	0.0346693007429948	0.36879105277207214	0.03354068345491308	0.1733461837295123	0.10226561342003083	0.2297071280843284	0.010208049838762924	0.00613567472182216	0.03354068345491308	0.8606856787883924	0.03067831697898944	0.018098678823215242	0.04065291739390391	0.05275761554617378	0.03171061791460637	0.1733461837295123	0.03067831697898944	0.4078651231193071	0.0935382520981677	0.21010389061323959	0.03112436513068194	0.01870768495270504	0.10226561342003083	0.018098678823215242	0.0935382520981677	0.6123145761238539	0.12395082945134336	0.0699109728922487	0.04202085569019397	0.2297071280843284	0.04065291739390391	0.21010389061323959	0.12395082945134336	0.2836534058747372
0.8261904148582362	0.008488043785046001	0.04445331853483546	0.010515614021264922	0.03858642249874744	0.027202425814111746	0.04456376048775744	0.008488043785046001	0.8201015587208169	0.04609055140339102	0.010902908141841479	0.040007575323264134	0.028204301649599868	0.04620506097603974	0.04445331853483546	0.04609055140339102	0.2531349354393905	0.05710037092871849	0.2095264273712562	0.147710690122866	0.24198370619953852	0.010515614021264922	0.010902908141841479	0.05710037092871849	0.7797329741893737	0.049564331980392666	0.03494156691427933	0.057242233824128526	0.03858642249874744	0.040007575323264134	0.2095264273712562	0.049564331980392666	0.3240522488024573	0.12821600916467024	0.2100469848592087	0.027202425814111746	0.028204301649599868	0.147710690122866	0.03494156691427933	0.12821600916467024	0.48564733670091076	0.14807766963355962	0.04456376048775744	0.04620506097603974	0.24198370619953852	0.057242233824128526	0.2100469848592087	0.14807766963355962	0.2518805840197635
0.6934191778240442	0.020179585421718806	0.07614197292329179	0.020589844000169437	0.06445204815259749	0.049201299471293175	0.07601607220688221	0.020179585421718806	0.7534715641127194	0.06017658386774424	0.016272581688265515	0.050937793337848244	0.03888480965707389	0.0600770819146275	0.07614197292329179	0.06017658386774424	0.23667727243570028	0.06139999650173348	0.19219939359746865	0.1467208598274607	0.22668392084659209	0.020589844000169437	0.016272581688265515	0.06139999650173348	0.7487903758003991	0.051973377877742	0.03967535249528624	0.06129847163640195	0.06445204815259749	0.050937793337848244	0.19219939359746865	0.051973377877742	0.3243606952908765	0.12419509975288913	0.19188159199057067	0.049201299471293175	0.03888480965707389	0.1467208598274607	0.03967535249528624	0.12419509975288913	0.45484432184123424	0.14647825695475716	0.07601607220688221	0.0600770819146275	0.22668392084659209	0.06129847163640195	0.19188159199057067	0.14647825695475716	0.23756460445015973
0.35206121695076353	0.06759809581067695	0.15794878864223552	0.03457122199395701	0.13378704004668282	0.08053445852101426	0.17349917803466972	0.06759809581067695	0.6458992033872962	0.07797618800386992	0.01706712744616438	0.0660480113639304	0.03975826679271701	0.08565310719534508	0.15794878864223552	0.07797618800386992	0.2768348178234856	0.03987881719737039	0.15432688246691223	0.0928986238904173	0.2001358819757089	0.03457122199395701	0.01706712744616438	0.03987881719737039	0.8105660971815338	0.033778473132096455	0.02033329268971644	0.04380497035916162	0.13378704004668282	0.0660480113639304	0.15432688246691223	0.033778473132096455	0.3638511736135667	0.0786877317740034	0.16952068760280797	0.08053445852101426	0.03975826679271701	0.0928986238904173	0.02033329268971644	0.0786877317740034	0.5857429381512853	0.10204468818084635	0.17349917803466972	0.08565310719534508	0.2001358819757089	0.04380497035916162	0.16952068760280797	0.10204468818084635	0.2253414866514602
0.26191762904805765	0.10590242641935636	0.1794947071366393	0.03509104001047048	0.14857762394478063	0.07959850675655794	0.18941806668413794	0.10590242641935636	0.508787369043907	0.10940103829332284	0.021387796181731377	0.09055724587098936	0.04851485274792241	0.11544927144277102	0.1794947071366393	0.10940103829332284	0.24346402510949644	0.036250314008257054	0.15348606142741733	0.08222813754316281	0.19567571648170462	0.03509104001047048	0.021387796181731377	0.036250314008257054	0.8229345424803177	0.03000637516569768	0.016075520613078847	0.03825441154044681	0.14857762394478063	0.09055724587098936	0.15348606142741733	0.03000637516569768	0.3473364157822102	0.06806474403876116	0.16197153377014376	0.07959850675655794	0.04851485274792241	0.08222813754316281	0.016075520613078847	0.06806474403876116	0.6187441206180021	0.08677411768251489	0.18941806668413794	0.11544927144277102	0.19567571648170462	0.03825441154044681	0.16197153377014376	0.08677411768251489	0.21245688239828134
0.3093711122877579	0.11157132805455595	0.15271231141922734	0.052617100629990074	0.1353677494228923	0.08773251774544742	0.1506278804401239	0.11157132805455595	0.37388360197086473	0.13569871536024444	0.04675505789359289	0.12028650163945566	0.07795828537160189	0.1338465097096801	0.15271231141922734	0.13569871536024444	0.1930462302533228	0.06399558995998522	0.1646411315361577	0.10670474360183005	0.1832012778692262	0.052617100629990074	0.04675505789359289	0.06399558995998522	0.6800178104894781	0.05672718136059021	0.03676517092575343	0.0631220887406081	0.1353677494228923	0.12028650163945566	0.1646411315361577	0.05672718136059021	0.26599798686637394	0.09458556982006279	0.16239387935446226	0.08773251774544742	0.07795828537160189	0.10670474360183005	0.03676517092575343	0.09458556982006279	0.49100542435028627	0.1052482881850146	0.1506278804401239	0.1338465097096801	0.1832012778692262	0.0631220887406081	0.16239387935446226	0.1052482881850146	0.20156007570087872
0.7711906182990733	0.025723770898037568	0.04636192604428251	0.019223345259642907	0.04649530518760236	0.03646465703555081	0.054540377275810174	0.025723770898037568	0.5807462801579231	0.08983800633153612	0.03725011362771201	0.09009646229625635	0.07065953400012166	0.10568583268841267	0.04636192604428251	0.08983800633153612	0.31645638930213976	0.06713584178596668	0.16238076207361907	0.12734960603645482	0.19047746842599977	0.019223345259642907	0.03725011362771201	0.06713584178596668	0.6772790181315967	0.06732898563971677	0.05280379083431502	0.07897890472104935	0.04649530518760236	0.09009646229625635	0.16238076207361907	0.06732898563971677	0.31495705007681846	0.12771597954171082	0.19102545518427483	0.03646465703555081	0.07065953400012166	0.12734960603645482	0.05280379083431502	0.12771597954171082	0.4351917860999305	0.14981464645191553	0.054540377275810174	0.10568583268841267	0.19047746842599977	0.07897890472104935	0.19102545518427483	0.14981464645191553	0.22947731525253612
0.9418108923484155	0.00485576586572987	0.011842804381767462	0.005781699449868967	0.011671587633170173	0.008144214017165913	0.015893036303882127	0.00485576586572987	0.7210187011902682	0.0608702727786805	0.029717084846870297	0.05999024387206097	0.04186006226329784	0.08168786918309268	0.011842804381767462	0.0608702727786805	0.4071752866206144	0.07247746954227823	0.1463111572173289	0.10209316974930537	0.19922983971002586	0.005781699449868967	0.029717084846870297	0.07247746954227823	0.6734871452186015	0.07142963017234885	0.049842250563868866	0.09726472020616347	0.011671587633170173	0.05999024387206097	0.1463111572173289	0.07142963017234885	0.41363073389696886	0.10061716288345031	0.19634948432467256	0.008144214017165913	0.04186006226329784	0.10209316974930537	0.049842250563868866	0.10061716288345031	0.5604341685853081	0.13700897193760392	0.015893036303882127	0.08168786918309268	0.19922983971002586	0.09726472020616347	0.19634948432467256	0.13700897193760392	0.2725660783345602
0.6306026238301068	0.049100184417633745	0.07626387388513542	0.05355384020386996	0.05665195704127588	0.05668971565631909	0.0771378049656593	0.049100184417633745	0.44558116204044723	0.12031812659579925	0.08448951511491906	0.08937727644753918	0.08943684653745743	0.12169688884620432	0.07626387388513542	0.12031812659579925	0.20542367463044708	0.13123163999820583	0.13882345697960424	0.13891598302362493	0.18902324488718375	0.05355384020386996	0.08448951511491906	0.13123163999820583	0.40295599733623044	0.09748428519159716	0.0975492586151036	0.13273546354007432	0.05665195704127588	0.08937727644753918	0.13882345697960424	0.09748428519159716	0.37405621412556816	0.10319253273777013	0.14041427747664553	0.05668971565631909	0.08943684653745743	0.13891598302362493	0.0975492586151036	0.10319253273777013	0.37370779962479167	0.14050786380493333	0.0771378049656593	0.12169688884620432	0.18902324488718375	0.13273546354007432	0.14041427747664553	0.14050786380493333	0.1984844564792999
0.37265905757544426	0.09214842936067946	0.12178194247902595	0.08888189683878218	0.09795359135070018	0.093295895425679	0.1332791869696866	0.09214842936067946	0.3999365350248934	0.11557500925661517	0.08435179995307567	0.0929611319759138	0.08854082762954868	0.126486266799272	0.12178194247902595	0.11557500925661517	0.24413252286939496	0.11147803734863376	0.12285599771607868	0.11701419169308286	0.16716229863716575	0.08888189683878218	0.08435179995307567	0.11147803734863376	0.41821778992423164	0.0896657902866578	0.08540217952697957	0.12200250612163746	0.09795359135070018	0.0929611319759138	0.12285599771607868	0.0896657902866578	0.3679901284610293	0.09411871811217648	0.13445464209744148	0.093295895425679	0.08854082762954868	0.11701419169308286	0.08540217952697957	0.09411871811217648	0.3935668673929501	0.128061320219581	0.1332791869696866	0.126486266799272	0.16716229863716575	0.12200250612163746	0.13445464209744148	0.128061320219581	0.18855377915521263
0.6341328813240771	0.04043007569951531	0.07187716260854651	0.022282834524116855	0.08390562273477571	0.05923807118891518	0.08813335192005217	0.04043007569951531	0.5898306687115275	0.08166190410799994	0.02531622882880042	0.09532781580716643	0.06730223499942198	0.10013107184556753	0.07187716260854651	0.08166190410799994	0.3343129276717691	0.045007551053996064	0.1694751444151121	0.11965086894531979	0.17801444119725437	0.022282834524116855	0.02531622882880042	0.045007551053996064	0.7625739037067496	0.052539450110454425	0.03709329106235942	0.05518674071352248	0.08390562273477571	0.09532781580716643	0.1694751444151121	0.052539450110454425	0.25127312514689076	0.1396741371705227	0.20780470461507522	0.05923807118891518	0.06730223499942198	0.11965086894531979	0.03709329106235942	0.1396741371705227	0.4303295377120272	0.14671185892143207	0.08813335192005217	0.10013107184556753	0.17801444119725437	0.05518674071352248	0.20780470461507522	0.14671185892143207	0.22401783078709347
0.9950125548068536	0.00014005358801695518	0.0006626081018964844	3.9751644383310436e-5	0.0015022289965703384	0.0010926565273707179	0.0015501463349086144	0.00014005358801695518	0.9126996742558502	0.01191426383481016	0.0007147687716083793	0.02701137000017732	0.019646904574004077	0.027872964975533165	0.0006626081018964844	0.01191426383481016	0.6314264309772976	0.0033816454526889627	0.12779360285488986	0.09295155041901668	0.1318698983594004	3.9751644383310436e-5	0.0007147687716083793	0.0033816454526889627	0.9747095076197495	0.007666682373200456	0.005576413820716226	0.007911230317653306	0.0015022289965703384	0.02701137000017732	0.12779360285488986	0.007666682373200456	0.3263231730564614	0.21073469206905493	0.2989682506496464	0.0010926565273707179	0.019646904574004077	0.09295155041901668	0.005576413820716226	0.21073469206905493	0.45254118223480316	0.21745660035503478	0.0015501463349086144	0.027872964975533165	0.1318698983594004	0.007911230317653306	0.2989682506496464	0.21745660035503478	0.314370909007824
0.9997575667253177	2.69887572610603e-5	1.493132413416882e-5	1.2646980530982005e-5	6.383247568078974e-5	4.999777114855154e-5	7.403596592681576e-5	2.69887572610603e-5	0.6777399449384784	0.022332275693640716	0.018915660350823878	0.09547207148553188	0.07477997258139117	0.11073308619287295	1.493132413416882e-5	0.022332275693640716	0.8117349676675545	0.010464944835288825	0.052819195464319374	0.04137144954680815	0.06126223546825451	1.2646980530982005e-5	0.018915660350823878	0.010464944835288825	0.8389366069107035	0.044738385604443626	0.035042030583184655	0.05188972473502462	6.383247568078974e-5	0.09547207148553188	0.052819195464319374	0.044738385604443626	0.3681401909732336	0.17686589771581962	0.26190042628097143	4.999777114855154e-5	0.07477997258139117	0.04137144954680815	0.035042030583184655	0.17686589771581962	0.4667531032850263	0.20513754851662205	7.403596592681576e-5	0.11073308619287295	0.06126223546825451	0.05188972473502462	0.26190042628097143	0.20513754851662205	0.30900294284032825
0.9995827726404501	0.00010360119391281158	1.3046145309668425e-5	0.00010634025362737992	4.39708868317188e-5	4.238694546182757e-5	0.00010788193440643792	0.00010360119391281158	0.28353243275203677	0.029799134829099877	0.24289531354940194	0.10043536647429711	0.09681743325935754	0.2464167179418959	1.3046145309668425e-5	0.029799134829099877	0.8837310494230441	0.030586979125644075	0.01264748344846484	0.012191889447468093	0.031030417580969635	0.00010634025362737992	0.24289531354940194	0.030586979125644075	0.2710118947828055	0.10309072647390458	0.09937714054740088	0.25293160526721786	4.39708868317188e-5	0.10043536647429711	0.01264748344846484	0.10309072647390458	0.6381054633957741	0.04109169248346131	0.10458529683726717	4.238694546182757e-5	0.09681743325935754	0.012191889447468093	0.09937714054740088	0.04109169248346131	0.6496615845703667	0.10081787274648439	0.00010788193440643792	0.2464167179418959	0.031030417580969635	0.25293160526721786	0.10458529683726717	0.10081787274648439	0.2641102076917608
0.9983515678686752	0.00048031855438681486	2.089838880449949e-5	0.000531986203155666	6.161739260060073e-5	2.0388269781995878e-5	0.0005332233225951248	0.00048031855438681486	0.36752470946798477	0.011306842851274822	0.2878252698998695	0.03333741091515606	0.011030848578374105	0.2884945997329524	2.089838880449949e-5	0.011306842851274822	0.9616664691014731	0.012523114802022306	0.00145049190516847	0.0004799459865312059	0.012552236964725502	0.000531986203155666	0.2878252698998695	0.012523114802022306	0.3304508632641209	0.03692350106781753	0.01221743195052264	0.31952783281248986	6.161739260060073e-5	0.03333741091515606	0.00145049190516847	0.03692350106781753	0.8898025269176165	0.0014150861368226045	0.03700936566481819	2.0388269781995878e-5	0.011030848578374105	0.0004799459865312059	0.01221743195052264	0.0014150861368226045	0.9625904558218947	0.01224584325607267	0.0005332233225951248	0.2884945997329524	0.012552236964725502	0.31952783281248986	0.03700936566481819	0.01224584325607267	0.3296368982463446
0.9468158145174977	0.011662941152644846	0.005115805798025328	0.01250460427067132	0.008879262749622344	0.0021972909966260627	0.012824280514912299	0.011662941152644846	0.2919743343093449	0.08579840323230745	0.20971771052951527	0.14891624034903073	0.036851293108118154	0.2150790773190373	0.005115805798025328	0.08579840323230745	0.6412692553186421	0.09199009627448834	0.06532027863528597	0.016164366816211653	0.0943417939250383	0.01250460427067132	0.20971771052951527	0.09199009627448834	0.2560136429374942	0.15966286982580916	0.039510688697510496	0.23060038746451003	0.008879262749622344	0.14891624034903073	0.06532027863528597	0.15966286982580916	0.4254210191446582	0.028055728815550532	0.1637446004800421	0.0021972909966260627	0.036851293108118154	0.016164366816211653	0.039510688697510496	0.028055728815550532	0.8366998646367431	0.04052076692923983	0.012824280514912299	0.2150790773190373	0.0943417939250383	0.23060038746451003	0.1637446004800421	0.04052076692923983	0.24288909336721873
0.9328157512473088	0.013595876076498587	0.012888298137623244	0.006121717523138915	0.01271787628957476	0.00693236606927755	0.014928114656578482	0.013595876076498587	0.27489941920517685	0.17112079174602882	0.08127940075711587	0.16885806308647475	0.09204256122731524	0.19820388790139282	0.012888298137623244	0.17112079174602882	0.3037305055660855	0.07704933051102443	0.16007008652880808	0.08725233767749865	0.18788864983293396	0.006121717523138915	0.08127940075711587	0.07704933051102443	0.6288318581695815	0.07603050792045635	0.04144334331745045	0.08924384180123368	0.01271787628957476	0.16885806308647475	0.16007008652880808	0.07603050792045635	0.31082066541821785	0.08609860081676125	0.18540419993970958	0.00693236606927755	0.09204256122731524	0.08725233767749865	0.04144334331745045	0.08609860081676125	0.5851691234010982	0.10106166749060025	0.014928114656578482	0.19820388790139282	0.18788864983293396	0.08924384180123368	0.18540419993970958	0.10106166749060025	0.2232696383775543
0.9625951991280036	0.0035463819389649977	0.008643939998151894	0.003356997437589047	0.007473140974956264	0.00564011271692767	0.008744227805406667	0.0035463819389649977	0.6351976028928034	0.09222744054475773	0.035817842517456504	0.07973547538480497	0.06017778471129987	0.09329747200991494	0.008643939998151894	0.09222744054475773	0.24339923191336785	0.08730229482121318	0.19434699274143075	0.14667714003133847	0.22740295994974621	0.003356997437589047	0.035817842517456504	0.08730229482121318	0.6527660929493342	0.07547742774424746	0.056964160249072616	0.08831518428108923	0.007473140974956264	0.07973547538480497	0.19434699274143075	0.07547742774424746	0.31955503252084094	0.12681010574945586	0.1966018248842689	0.00564011271692767	0.06017778471129987	0.14667714003133847	0.056964160249072616	0.12681010574945586	0.4553517944956462	0.14837890204626325	0.008744227805406667	0.09329747200991494	0.22740295994974621	0.08831518428108923	0.1966018248842689	0.14837890204626325	0.23725942902331684
0.7774927815485622	0.036014937109521875	0.04078764907419691	0.04024368497847145	0.03557879939020912	0.028049304992265635	0.04183284290677342	0.036014937109521875	0.27793243232547515	0.15004628470714976	0.14804519385169954	0.13088439231029636	0.10318550096013432	0.15389125873572512	0.04078764907419691	0.15004628470714976	0.2021279733876486	0.16766419431975343	0.14822923740245725	0.11685967935771971	0.17428498175107673	0.04024368497847145	0.14804519385169954	0.16766419431975343	0.21053273417659554	0.14625237958118334	0.11530118135032164	0.17196063174197737	0.03557879939020912	0.13088439231029636	0.14822923740245725	0.14625237958118334	0.2850916085588069	0.10193593362316963	0.15202764913387962	0.028049304992265635	0.10318550096013432	0.11685967935771971	0.11530118135032164	0.10193593362316963	0.4148141614930847	0.11985423822330599	0.04183284290677342	0.15389125873572512	0.17428498175107673	0.17196063174197737	0.15202764913387962	0.11985423822330599	0.18614839750726417
0.5121341340472176	0.0640253061577856	0.08802994890429833	0.08748603184674608	0.08955009481487677	0.06312396681205679	0.0956505174170195	0.0640253061577856	0.41369006798685404	0.1084763783574322	0.10780612745686377	0.1103496036064174	0.07778556494189122	0.1178669514927565	0.08802994890429833	0.1084763783574322	0.234538659955559	0.14822526374509135	0.15172235089579886	0.10694926300628085	0.1620581351355404	0.08748603184674608	0.10780612745686377	0.14822526374509135	0.23835242146075786	0.1507848929545945	0.10628844780457038	0.16105681473137712	0.08955009481487677	0.1103496036064174	0.15172235089579886	0.1507848929545945	0.22394030307668442	0.10879611725102342	0.1648566374006057	0.06312396681205679	0.07778556494189122	0.10694926300628085	0.10628844780457038	0.10879611725102342	0.4208490032237055	0.11620763696047275	0.0956505174170195	0.1178669514927565	0.1620581351355404	0.16105681473137712	0.1648566374006057	0.11620763696047275	0.18230330686222931
0.6235453355134074	0.020559632056895226	0.09145028337331852	0.01628149504695469	0.09546211840110337	0.055997784418204605	0.09670335119011532	0.020559632056895226	0.7993863197531428	0.046266433158877594	0.008237117202157345	0.048296096603437304	0.02833034140806168	0.04892405981742756	0.09145028337331852	0.046266433158877594	0.26718920432401877	0.036639113979857967	0.214823480692022	0.12601479163928908	0.2176166928326142	0.01628149504695469	0.008237117202157345	0.036639113979857967	0.8394168656271712	0.038246436291275554	0.022435241644278143	0.03874373020830473	0.09546211840110337	0.048296096603437304	0.214823480692022	0.038246436291275554	0.24446560437936093	0.13154293804266054	0.22716332559013824	0.055997784418204605	0.02833034140806168	0.12601479163928908	0.022435241644278143	0.13154293804266054	0.502425596225179	0.13325330662232562	0.09670335119011532	0.04892405981742756	0.2176166928326142	0.03874373020830473	0.22716332559013824	0.13325330662232562	0.23759553373907227
0.33349908726331684	0.07696092073485003	0.11891158433163199	0.12683263405987652	0.12467578449339561	0.09178820460439169	0.1273317845125407	0.07696092073485003	0.46265550507578346	0.09286043516950546	0.09904614137212994	0.09736181439537384	0.07167924530565742	0.09943593794670239	0.11891158433163199	0.09286043516950546	0.22037148499313108	0.15303524801986276	0.15043281047849538	0.11075091801925059	0.15363751898812658	0.12683263405987652	0.09904614137212994	0.15303524801986276	0.17863226795145737	0.1604535816191484	0.11812836180666679	0.16387176517086233	0.12467578449339561	0.09736181439537384	0.15043281047849538	0.1604535816191484	0.18987142898758141	0.11611953255037676	0.16108504747563276	0.09178820460439169	0.07167924530565742	0.11075091801925059	0.11812836180666679	0.11611953255037676	0.3729404811604212	0.11859325655323841	0.1273317845125407	0.09943593794670239	0.15363751898812658	0.16387176517086233	0.16108504747563276	0.11859325655323841	0.17604468935290096
0.1683698792301695	0.140270669939213	0.13930488968667026	0.15481129557139856	0.11599499852469022	0.13205028401001176	0.14919798303784498	0.140270669939213	0.2320434637528542	0.12647503445401126	0.14055331428281007	0.10531196333381082	0.11988857144492818	0.13545698279237098	0.13930488968667026	0.12647503445401126	0.23646014021894463	0.13958558799033138	0.10458687793578444	0.11906312436566885	0.13452434534858754	0.15481129557139856	0.14055331428281007	0.13958558799033138	0.1670060943942859	0.11622872757319878	0.13231636433786637	0.1494986158501072	0.11599499852469022	0.10531196333381082	0.10458687793578444	0.11622872757319878	0.3467227614537344	0.09914028837181785	0.11201438280696223	0.13205028401001176	0.11988857144492818	0.11906312436566885	0.13231636433786637	0.09914028837181785	0.2700226705345349	0.12751869693517065	0.14919798303784498	0.13545698279237098	0.13452434534858754	0.1494986158501072	0.11201438280696223	0.12751869693517065	0.19178899322895457
