0.22644067932612263	0.15296762325591665	0.21686401163439803	0.057787345947616454	0.11090851547054911	0.06065812155550308	0.17437370280989756	0.15296762325591665	0.4112081659723526	0.152297536542289	0.04058243857434507	0.07788795181103154	0.04259850407895218	0.12245777976511575	0.21686401163439803	0.152297536542289	0.22887932694439755	0.057534203930298705	0.11042267198901284	0.06039240387967862	0.17360984507992885	0.057787345947616454	0.04058243857434507	0.057534203930298705	0.7523177496321921	0.029424122050489318	0.01609265045546915	0.0462614894095902	0.11090851547054911	0.07788795181103154	0.11042267198901284	0.029424122050489318	0.5516833919890465	0.03088586164902694	0.0887874850408458	0.06065812155550308	0.04259850407895218	0.06039240387967862	0.01609265045546915	0.03088586164902694	0.7408127780235073	0.048559680357863615	0.17437370280989756	0.12245777976511575	0.17360984507992885	0.0462614894095902	0.0887874850408458	0.048559680357863615	0.34595001753676097
0.18422475635796626	0.11182024592004094	0.17260484254992742	0.06846565446733541	0.15865854309163707	0.13251601512769987	0.17170994248539678	0.11182024592004094	0.43870836299228694	0.11020724185556949	0.04371494350454802	0.1013026064196001	0.08461074621756529	0.10963585309039178	0.17260484254992742	0.11020724185556949	0.19350247223645886	0.06747803922803892	0.15636989783992722	0.13060447514448975	0.169233031145592	0.06846565446733541	0.04371494350454802	0.06747803922803892	0.63938155868815	0.06202588082952655	0.05180573577791599	0.06712818750448657	0.15865854309163707	0.1013026064196001	0.15636989783992722	0.06202588082952655	0.24603213756378395	0.12005176356323143	0.15555917069229735	0.13251601512769987	0.08461074621756529	0.13060447514448975	0.05180573577791599	0.12005176356323143	0.35048393082149293	0.12992733334760775	0.17170994248539678	0.10963585309039178	0.169233031145592	0.06712818750448657	0.15555917069229735	0.12992733334760775	0.19680648173423151
0.18909545174587156	0.11708366852261311	0.16311230851670902	0.06754760345514818	0.15275196166021066	0.14421833319447244	0.16619067290497425	0.11708366852261311	0.3859079966106577	0.11684309195700243	0.04838672760968568	0.10942161057728012	0.10330867192405149	0.11904823279870899	0.16311230851670902	0.11684309195700243	0.19042649675182133	0.06740881065287675	0.15243809600507527	0.14392200193208704	0.16584919418442762	0.06754760345514818	0.04838672760968568	0.06740881065287675	0.6252480660125406	0.0631272290487743	0.05960056848796187	0.06868099473301238	0.15275196166021066	0.10942161057728012	0.15243809600507527	0.0631272290487743	0.23216553418336755	0.1347805589971089	0.15531500952818264	0.14421833319447244	0.10330867192405149	0.14392200193208704	0.05960056848796187	0.1347805589971089	0.2675316714222392	0.14663819404207845	0.16619067290497425	0.11904823279870899	0.16584919418442762	0.06868099473301238	0.15531500952818264	0.14663819404207845	0.17827770180861516
0.19173057111110844	0.14717044573643356	0.1807222702497882	0.06798978030149097	0.12777013856961184	0.11160559768232173	0.1730111963492424	0.14717044573643356	0.3152663150641108	0.1469517446959248	0.055284923230475125	0.10389447164919366	0.09075050504058096	0.14068159458327842	0.1807222702497882	0.1469517446959248	0.1926631307420582	0.06788874482781629	0.1275802671446033	0.11143974739752043	0.17275409494228597	0.06798978030149097	0.055284923230475125	0.06788874482781629	0.6539224328711715	0.04799715232648408	0.041924904617116183	0.06499206182544456	0.12777013856961184	0.10389447164919366	0.1275802671446033	0.04799715232648408	0.39183372026499996	0.0787875890860795	0.12213666095902544	0.11160559768232173	0.09075050504058096	0.11143974739752043	0.041924904617116183	0.0787875890860795	0.45880682983232246	0.10668482634405692	0.1730111963492424	0.14068159458327842	0.17275409494228597	0.06499206182544456	0.12213666095902544	0.10668482634405692	0.2197395649966636
0.22652233278374828	0.15834877404663789	0.2170192272926774	0.07563892912568973	0.091949445137336	0.07286095151095236	0.15766034010296026	0.15834877404663789	0.39490072130016257	0.15761485176362444	0.05493438876559463	0.06678024959292508	0.05291682315441952	0.11450419137663737	0.2170192272926774	0.15761485176362444	0.2291014323131863	0.07528835428933345	0.09152327356067994	0.07252325217480404	0.15692960860569613	0.07563892912568973	0.05493438876559463	0.07528835428933345	0.682266714509618	0.03189912013128326	0.02527693605606907	0.0546955571224126	0.091949445137336	0.06678024959292508	0.09152327356067994	0.03189912013128326	0.6206304276841119	0.030727566770086527	0.06648991712357807	0.07286095151095236	0.05291682315441952	0.07252325217480404	0.02527693605606907	0.030727566770086527	0.6930077072947789	0.05268676303889024	0.15766034010296026	0.11450419137663737	0.15692960860569613	0.0546955571224126	0.06648991712357807	0.05268676303889024	0.39703362262982655
0.20776397833466256	0.14530523124593536	0.1981641490398835	0.10201678088314374	0.13540863149313004	0.062186651676032656	0.14915457732721712	0.14530523124593536	0.38621853197084544	0.14350096823706443	0.0738756576509364	0.09805643362366813	0.04503258924567477	0.10801058802587905	0.1981641490398835	0.14350096823706443	0.21514060129034004	0.10075003293158506	0.13372725510502614	0.06141447661872379	0.14730251677738196	0.10201678088314374	0.0738756576509364	0.10075003293158506	0.5470639858663262	0.06884405755658646	0.03161675426468948	0.07583273084673506	0.13540863149313004	0.09805643362366813	0.13372725510502614	0.06884405755658646	0.4213440687753275	0.04196546284027637	0.10065409060598887	0.062186651676032656	0.04503258924567477	0.06141447661872379	0.03161675426468948	0.04196546284027637	0.7115584975805144	0.04622556777409	0.14915457732721712	0.10801058802587905	0.14730251677738196	0.07583273084673506	0.10065409060598887	0.04622556777409	0.37281992864271163
0.19695528688705477	0.11802751474601164	0.17231987005152918	0.10373689081003805	0.1580193245875583	0.07782896543257734	0.17311214748522175	0.11802751474601164	0.45915416262597086	0.10636229073425058	0.06403030211724882	0.09753545739319477	0.04803895828386081	0.10685131409945735	0.17231987005152918	0.10636229073425058	0.25929284097287386	0.09348407753860052	0.14240151865927286	0.0701367563885391	0.15600264565492605	0.10373689081003805	0.06403030211724882	0.09348407753860052	0.5168863915545211	0.0857259861438103	0.0422224612696866	0.09391389056608976	0.1580193245875583	0.09753545739319477	0.14240151865927286	0.0857259861438103	0.30894525197383466	0.0643162211645407	0.14305624007778112	0.07782896543257734	0.04803895828386081	0.0701367563885391	0.0422224612696866	0.0643162211645407	0.6269974123439371	0.07045922511685473	0.17311214748522175	0.10685131409945735	0.15600264565492605	0.09391389056608976	0.14305624007778112	0.07045922511685473	0.25660453699966135
0.2139750726179389	0.11837458829022449	0.162179500640457	0.09966391591682544	0.14758861144294103	0.08462160246758552	0.17359670862402543	0.11837458829022449	0.40665516839145355	0.11537541789497414	0.07090147584956145	0.10499537644722827	0.06020028862516136	0.1234976845013953	0.162179500640457	0.11537541789497414	0.22978098807766992	0.09713880414740063	0.14384926670257728	0.08247760679600448	0.16919841574091452	0.09966391591682544	0.07090147584956145	0.09713880414740063	0.4892342641624061	0.0883994658062616	0.05068483523673784	0.1039772388808057	0.14758861144294103	0.10499537644722827	0.14384926670257728	0.0883994658062616	0.2861339273399446	0.07505730017719997	0.1539760520838453	0.08462160246758552	0.06020028862516136	0.08247760679600448	0.05068483523673784	0.07505730017719997	0.5586744527721164	0.08828391392519325	0.17359670862402543	0.1234976845013953	0.16919841574091452	0.1039772388808057	0.1539760520838453	0.08828391392519325	0.1874699862438182
0.17760332824224906	0.1287159603694844	0.16576491972097102	0.10723081951839833	0.14016766425919566	0.11533392520949869	0.16518338268020216	0.1287159603694844	0.3382234565425635	0.1273824445617748	0.08240177683920422	0.10771217306958113	0.08862862756981876	0.12693556104757256	0.16576491972097102	0.1273824445617748	0.18440612735645034	0.10611989285094414	0.13871550715697759	0.11413904920507335	0.16347205914780819	0.10723081951839833	0.08240177683920422	0.10611989285094414	0.43493211979322394	0.0897329636294039	0.07383482467769936	0.10574760269112547	0.14016766425919566	0.10771217306958113	0.13871550715697759	0.0897329636294039	0.2889290171637368	0.09651380976608731	0.13822886495501704	0.11533392520949869	0.08862862756981876	0.11413904920507335	0.07383482467769936	0.09651380976608731	0.3978111373574671	0.1137386262143548	0.16518338268020216	0.12693556104757256	0.16347205914780819	0.10574760269112547	0.13822886495501704	0.1137386262143548	0.18669390326391896
0.18837945739985493	0.13409116747348993	0.17809045103207877	0.10368522682996181	0.13710147852907004	0.09260281178068834	0.16604940695486267	0.13409116747348993	0.3650307491137784	0.13165717541085428	0.07665152183711192	0.10135520070381479	0.06845860945094884	0.12275557601000649	0.17809045103207877	0.13165717541085428	0.1998791500594953	0.10180315641569236	0.13461284399181506	0.09092190681805164	0.16303531627201887	0.10368522682996181	0.07665152183711192	0.10180315641569236	0.4916324936548785	0.07837232812108223	0.052935227451045314	0.09492004569023144	0.13710147852907004	0.10135520070381479	0.13461284399181506	0.07837232812108223	0.35305125557260564	0.069995487030306	0.12551140605131092	0.09260281178068834	0.06845860945094884	0.09092190681805164	0.052935227451045314	0.069995487030306	0.540311458786699	0.08477449868226399	0.16604940695486267	0.12275557601000649	0.16303531627201887	0.09492004569023144	0.12551140605131092	0.08477449868226399	0.24295375033931133
0.25859151868578384	0.16397598030206953	0.2209576780070534	0.07270943658916527	0.09667166960221296	0.0992261982616903	0.08786751855202965	0.16397598030206953	0.46223766426283147	0.1430313760013333	0.047066618627744736	0.06257796537447954	0.06423157502722136	0.05687882040432328	0.2209576780070534	0.1430313760013333	0.3250685485116651	0.06342228138823786	0.08432382534368221	0.08655206480001479	0.07664422594801751	0.07270943658916527	0.047066618627744736	0.06342228138823786	0.735351458324637	0.027748018928704498	0.028481254528014678	0.025220931613497234	0.09667166960221296	0.06257796537447954	0.08432382534368221	0.027748018928704498	0.6572781600945401	0.03786758028598246	0.0335327803704001	0.0992261982616903	0.06423157502722136	0.08655206480001479	0.028481254528014678	0.03786758028598246	0.6492224500156085	0.03441887708146988	0.08786751855202965	0.05687882040432328	0.07664422594801751	0.025220931613497234	0.0335327803704001	0.03441887708146988	0.6854368460302641
0.2507332733958131	0.20110627827350067	0.23918770693240887	0.06974412595532781	0.06798334428174979	0.09895489177824751	0.07229037938294354	0.20110627827350067	0.34787315053186924	0.19680109451878836	0.057384723070836786	0.055935970687142164	0.08141902968052857	0.059479753237326904	0.23918770693240887	0.19680109451878836	0.2616527928059629	0.0682510781965645	0.06652799046631715	0.096836514389981	0.07074282268996863	0.06974412595532781	0.057384723070836786	0.0682510781965645	0.7363573215311687	0.019398724985263786	0.028236309228878025	0.020627717031957857	0.06798334428174979	0.055935970687142164	0.06652799046631715	0.019398724985263786	0.7425235795677462	0.02752344667395067	0.020106943337827848	0.09895489177824751	0.08141902968052857	0.096836514389981	0.028236309228878025	0.02752344667395067	0.6377626337219549	0.029267174526455917	0.07229037938294354	0.059479753237326904	0.07074282268996863	0.020627717031957857	0.020106943337827848	0.029267174526455917	0.7274852097935166
0.3142044621707079	0.19274421701859115	0.2763317670614944	0.050505664247442246	0.04618515515643806	0.04647367812543219	0.07355505621991287	0.19274421701859115	0.49963228768750645	0.17240830813398053	0.03151138291728368	0.028815740390987565	0.028995755007008895	0.04589230884465367	0.2763317670614944	0.17240830813398053	0.3574058513624774	0.04517695139587247	0.041312287261302524	0.0415703689703754	0.0657944658145142	0.050505664247442246	0.03151138291728368	0.04517695139587247	0.8456320109598015	0.007550722567662312	0.007597892635314868	0.012025375276626005	0.04618515515643806	0.028815740390987565	0.041312287261302524	0.007550722567662312	0.8581914999589607	0.006947930602491705	0.010996664062159978	0.04647367812543219	0.028995755007008895	0.0415703689703754	0.007597892635314868	0.006947930602491705	0.8573490134118689	0.01106536124751096	0.07355505621991287	0.04589230884465367	0.0657944658145142	0.012025375276626005	0.010996664062159978	0.01106536124751096	0.7806707685346269
0.2697643206028697	0.14958116941569088	0.23774724049153378	0.07558200104702188	0.06674728137905934	0.09486177057843143	0.10571621648539754	0.14958116941569088	0.5219874480705988	0.1344752405108331	0.04275089691083183	0.037753778754007816	0.05365597256752302	0.05979549377051707	0.23774724049153378	0.1344752405108331	0.31949982791059606	0.06794911290499725	0.06000659542879397	0.08528185374969986	0.09504012900354998	0.07558200104702188	0.04275089691083183	0.06794911290499725	0.7373153574589445	0.01907664017109309	0.027111873711237956	0.030214117795874938	0.06674728137905934	0.037753778754007816	0.06000659542879397	0.01907664017109309	0.7657905020700538	0.023942788471446885	0.02668241372554626	0.09486177057843143	0.05365597256752302	0.08528185374969986	0.027111873711237956	0.023942788471446885	0.6772244809539771	0.03792125996768545	0.10571621648539754	0.05979549377051707	0.09504012900354998	0.030214117795874938	0.02668241372554626	0.03792125996768545	0.6446303692514306
0.2560540596899513	0.14638258307483568	0.24090205176775079	0.08559704004212328	0.07952100182125817	0.07142039091502467	0.12012287268904955	0.14638258307483568	0.5041611093253624	0.14088002633474345	0.05005732897176066	0.04650404904622632	0.041766794757923664	0.07024810848914398	0.24090205176775079	0.14088002633474345	0.2749636012577858	0.08237942658209207	0.07653178810908623	0.06873568112814668	0.1156074248203885	0.08559704004212328	0.05005732897176066	0.08237942658209207	0.6892724370044692	0.027193186953776316	0.024423083185363785	0.04107749726041257	0.07952100182125817	0.04650404904622632	0.07653178810908623	0.027193186953776316	0.709398900547029	0.022689429932487157	0.03816164359013469	0.07142039091502467	0.041766794757923664	0.06873568112814668	0.024423083185363785	0.022689429932487157	0.7366904102403172	0.03427420984073489	0.12012287268904955	0.07024810848914398	0.1156074248203885	0.04107749726041257	0.03816164359013469	0.03427420984073489	0.5805082433101327
0.22149360829012887	0.11773112658167213	0.20684607689317142	0.06145457404627784	0.1293633050036124	0.08089977601045605	0.18221153317467645	0.11773112658167213	0.521493034868375	0.11293562392566818	0.03355350397381254	0.07063090479214104	0.04417036482594887	0.09948544103237965	0.20684607689317142	0.11293562392566818	0.2447788569548802	0.05895136540792275	0.12409399270917922	0.07760451245533209	0.1747895716538415	0.06145457404627784	0.03355350397381254	0.05895136540792275	0.73418484849238	0.03686868795477878	0.02305652748480501	0.05193049264002164	0.1293633050036124	0.07063090479214104	0.12409399270917922	0.03686868795477878	0.4811936913925815	0.04853452560089229	0.10931489254681209	0.08089977601045605	0.04417036482594887	0.07760451245533209	0.02305652748480501	0.04853452560089229	0.657372169437524	0.06836212418504008	0.18221153317467645	0.09948544103237965	0.1747895716538415	0.05193049264002164	0.10931489254681209	0.06836212418504008	0.3139059447672245
0.2314032528252674	0.08516008329423339	0.1911760686054702	0.03251000699802056	0.17774187024874216	0.0624513060874315	0.21955741194082753	0.08516008329423339	0.6562626990038654	0.07233117349969087	0.012300111482587025	0.06724836507467256	0.0236283562521332	0.08306921139281492	0.1911760686054702	0.07233117349969087	0.3183885810720074	0.027612548810285395	0.1509660108093374	0.053043351781199906	0.18648226542200275	0.03251000699802056	0.012300111482587025	0.027612548810285395	0.8611731763104588	0.025672178027696786	0.009020165286294277	0.03171181308465597	0.17774187024874216	0.06724836507467256	0.1509660108093374	0.025672178027696786	0.3556777445209356	0.0493159244178675	0.17337790690074217	0.0624513060874315	0.0236283562521332	0.053043351781199906	0.009020165286294277	0.0493159244178675	0.7416229103481891	0.06091798582688244	0.21955741194082753	0.08306921139281492	0.18648226542200275	0.03171181308465597	0.17337790690074217	0.06091798582688244	0.2448834054320672
0.2168209308838709	0.11038108500562231	0.17345113098641787	0.04674491977316991	0.17377473896097506	0.07286553304228156	0.20596166134767208	0.11038108500562231	0.5287250571062552	0.09304048064220247	0.0250743236930377	0.09321406637393696	0.03908561551573295	0.11047937166321786	0.17345113098641787	0.09304048064220247	0.31260773116665946	0.039401404715811564	0.14647514323290864	0.06141853213491106	0.17360557712109717	0.04674491977316991	0.0250743236930377	0.039401404715811564	0.7859656552470732	0.03947491596190307	0.016552237745034313	0.04678654286397252	0.17377473896097506	0.09321406637393696	0.14647514323290864	0.03947491596190307	0.3115985414633502	0.06153312076094897	0.17392947324598548	0.07286553304228156	0.03908561551573295	0.06141853213491106	0.016552237745034313	0.06153312076094897	0.6756145460836938	0.0729304147174008	0.20596166134767208	0.11047937166321786	0.17360557712109717	0.04678654286397252	0.17392947324598548	0.0729304147174008	0.21630695904066397
0.20634791507721686	0.14477439426962907	0.17205512277638385	0.08969319322358016	0.134797883065744	0.05626912993012897	0.19606236165731175	0.14477439426962907	0.37667326263316503	0.12689199109871677	0.06614942753511674	0.09941448706723446	0.041498920921443826	0.1445975164746901	0.17205512277638385	0.12689199109871677	0.2831270136394552	0.07861437054224724	0.11814776959969989	0.04931881753156345	0.1718449148119287	0.08969319322358016	0.06614942753511674	0.07861437054224724	0.5886582312180121	0.06159102127644094	0.02571014544080863	0.08958361076379191	0.134797883065744	0.09941448706723446	0.11814776959969989	0.06159102127644094	0.41277644552911386	0.03863919941053312	0.1346331940512301	0.05626912993012897	0.041498920921443826	0.04931881753156345	0.02571014544080863	0.03863919941053312	0.7323634035200202	0.0562003832455002	0.19606236165731175	0.1445975164746901	0.1718449148119287	0.08958361076379191	0.1346331940512301	0.0562003832455002	0.20707801899554182
0.17572208214944807	0.1415605767904107	0.1602228521318384	0.11362961250512854	0.1262540967234418	0.11748461692682144	0.16512616277291084	0.1415605767904107	0.2836364964649352	0.1348970632469167	0.09566863166444048	0.10629761388138541	0.09891429087204433	0.1390253270798671	0.1602228521318384	0.1348970632469167	0.20698036057956387	0.10828086019684327	0.1203110870062389	0.11195440255645224	0.15735337428214632	0.11362961250512854	0.09566863166444048	0.10828086019684327	0.4061042533174953	0.08532429684462683	0.07939775888064436	0.11159458659082097	0.1262540967234418	0.10629761388138541	0.1203110870062389	0.08532429684462683	0.3496009167240241	0.08821901358581989	0.12399297523446287	0.11748461692682144	0.09891429087204433	0.11195440255645224	0.07939775888064436	0.08821901358581989	0.38864936656569254	0.1153805506125252	0.16512616277291084	0.1390253270798671	0.15735337428214632	0.11159458659082097	0.12399297523446287	0.1153805506125252	0.18752702342726657
0.41425651130597557	0.08947150618866043	0.11239254065099781	0.07137872166906112	0.10655932970642677	0.08187337341437112	0.12406801706450567	0.08947150618866043	0.378785751674083	0.12042573400945247	0.07648047548230937	0.1141755976074892	0.08772522653324416	0.13293570850475944	0.11239254065099781	0.12042573400945247	0.25049249626842857	0.09607343517306885	0.1434253880603396	0.1101988947013529	0.16699151113635755	0.07137872166906112	0.07648047548230937	0.09607343517306885	0.4889409417725468	0.09108719133261424	0.06998557188551471	0.10605366268488356	0.10655932970642677	0.1141755976074892	0.1434253880603396	0.09108719133261424	0.2819483634457741	0.10447953472489653	0.1583245951224574	0.08187337341437112	0.08772522653324416	0.1101988947013529	0.06998557188551471	0.10447953472489653	0.42409090628564367	0.12164649245497536	0.12406801706450567	0.13293570850475944	0.16699151113635755	0.10605366268488356	0.1583245951224574	0.12164649245497536	0.18998001303205872
0.183238605570118	0.1233956832347196	0.15567673735717424	0.10412481365473801	0.15810329039114804	0.10264026379187693	0.17282060600022695	0.1233956832347196	0.3830731740896931	0.1108092264087569	0.07411505563972282	0.1125364238635542	0.0730583671154031	0.12301206964815158	0.15567673735717424	0.1108092264087569	0.25066976099169447	0.09350400069579635	0.14197663031369961	0.09217087608757199	0.1551927681453081	0.10412481365473801	0.07411505563972282	0.09350400069579635	0.46784481728782484	0.09496145940432843	0.0616487438003858	0.1038011095172048	0.15810329039114804	0.1125364238635542	0.14197663031369961	0.09496145940432843	0.24120286332353807	0.09360755521388987	0.15761177748984354	0.10264026379187693	0.0730583671154031	0.09217087608757199	0.0616487438003858	0.09360755521388987	0.4745530191548444	0.10232117483602915	0.17282060600022695	0.12301206964815158	0.1551927681453081	0.1038011095172048	0.15761177748984354	0.10232117483602915	0.18524049436323786
0.19985576269071362	0.11537606397357378	0.161950060513644	0.07840500159230833	0.16736895889600825	0.0885276980280262	0.1885164543057164	0.11537606397357378	0.4648842924370043	0.09926988917745175	0.0480596042652954	0.10259148992384881	0.05426447353279431	0.1155541866900259	0.161950060513644	0.09926988917745175	0.28894587905741625	0.06745988336722149	0.14400472185597965	0.07616947978386523	0.16220008624441323	0.07840500159230833	0.0480596042652954	0.06745988336722149	0.6209563662973132	0.06971711162446145	0.03687598612064807	0.07852604673274795	0.16736895889600825	0.10259148992384881	0.14400472185597965	0.06971711162446145	0.2699722333441308	0.0787181337916329	0.16762735056392947	0.0885276980280262	0.05426447353279431	0.07616947978386523	0.03687598612064807	0.0787181337916329	0.5767798577040598	0.08866437103896904	0.1885164543057164	0.1155541866900259	0.16220008624441323	0.07852604673274795	0.16762735056392947	0.08866437103896904	0.19891150442418826
0.4551133640074776	0.03528873896280558	0.12585547422868068	0.012385171708146188	0.13627568821794486	0.07024840200139379	0.1648331608735518	0.03528873896280558	0.7985500373922846	0.04103686401011291	0.004038351213913827	0.04443451442662743	0.02290543289853972	0.05374606109571621	0.12585547422868068	0.04103686401011291	0.3868580625336635	0.014402572097143747	0.1584734124724229	0.08169104945624134	0.19168256520173566	0.012385171708146188	0.004038351213913827	0.014402572097143747	0.926676750085935	0.01559503419835795	0.008039043837662851	0.018863076858840498	0.13627568821794486	0.04443451442662743	0.1584734124724229	0.01559503419835795	0.3492137458787427	0.08845466638715757	0.2075529384187474	0.07024840200139379	0.02290543289853972	0.08169104945624134	0.008039043837662851	0.08845466638715757	0.6216704780916555	0.10699092732734966	0.1648331608735518	0.05374606109571621	0.19168256520173566	0.018863076858840498	0.2075529384187474	0.10699092732734966	0.2563312702240597
0.4171077030061423	0.014481250723199774	0.14490838952803806	0.006139051883036432	0.16540951990899938	0.057766392319251764	0.19418769263132882	0.014481250723199774	0.9273054113988883	0.014840670490634707	0.0006287258206221797	0.016940276466936847	0.005916096346353164	0.01988756875336466	0.14490838952803806	0.014840670490634707	0.4062370898822766	0.00629142108389123	0.169514928503436	0.05920013472795669	0.19900736578376327	0.006139051883036432	0.0006287258206221797	0.00629142108389123	0.968820317009882	0.007181509258512942	0.0025080169599659592	0.008430957984089282	0.16540951990899938	0.016940276466936847	0.169514928503436	0.007181509258512942	0.3462159743812218	0.06757556202089121	0.22716222945999773	0.057766392319251764	0.005916096346353164	0.05920013472795669	0.0025080169599659592	0.06757556202089121	0.7277013476292227	0.07933244999635707	0.19418769263132882	0.01988756875336466	0.19900736578376327	0.008430957984089282	0.22716222945999773	0.07933244999635707	0.2719917353910944
0.23205000862058553	0.0370807145129258	0.18831831323837792	0.023853756435737315	0.19805939594353986	0.11085067540319993	0.2097871358456371	0.0370807145129258	0.8431893807658971	0.03085002258947407	0.0039076864710167756	0.03244579209448119	0.0181593907753325	0.03436701279087305	0.18831831323837792	0.03085002258947407	0.32944582375007037	0.01984559722088927	0.16477937168082046	0.09222437822914933	0.17453649329122142	0.023853756435737315	0.0039076864710167756	0.01984559722088927	0.8977309587290596	0.02087214424405269	0.011681805225871783	0.02210805167337296	0.19805939594353986	0.03244579209448119	0.16477937168082046	0.02087214424405269	0.3032837680435794	0.09699483990286403	0.18356468809066512	0.11085067540319993	0.0181593907753325	0.09222437822914933	0.011681805225871783	0.09699483990286403	0.5673506911628013	0.10273821930078274	0.2097871358456371	0.03436701279087305	0.17453649329122142	0.02210805167337296	0.18356468809066512	0.10273821930078274	0.2728983990074509
0.22146663879758843	0.08483408455806933	0.20313379997513414	0.05497983482129026	0.17286225255371113	0.05806010705838549	0.20466328223581173	0.08483408455806933	0.6418503148920942	0.08003415658834384	0.021661903188081286	0.06810725044670606	0.022875521948664636	0.08063676837803689	0.20313379997513414	0.08003415658834384	0.25402285086836374	0.051869065744163514	0.16308167479107427	0.054775055616543875	0.19308339641636785	0.05497983482129026	0.021661903188081286	0.051869065744163514	0.7602648687490765	0.044139397498054	0.014825319619350463	0.05225961037998152	0.17286225255371113	0.06810725044670606	0.16308167479107427	0.044139397498054	0.34088750852451516	0.04661232891222254	0.16430958727370917	0.05806010705838549	0.022875521948664636	0.054775055616543875	0.014825319619350463	0.04661232891222254	0.7476641861375168	0.055187480707313524	0.20466328223581173	0.08063676837803689	0.19308339641636785	0.05225961037998152	0.16430958727370917	0.055187480707313524	0.24985987460877043
0.22217475284632407	0.11686620939118791	0.21197032970933932	0.06139228305952049	0.14706953430643846	0.05237713256932443	0.1881497581178631	0.11686620939118791	0.5243612050740585	0.11505878413270401	0.03332410462183663	0.07983023767272203	0.02843062610718955	0.10212883300030018	0.21197032970933932	0.11505878413270401	0.2309261316730541	0.06044280447494225	0.14479499154130823	0.051567080178082106	0.185239878290568	0.06139228305952049	0.03332410462183663	0.06044280447494225	0.7343186656023739	0.04193650648415825	0.01493520714520227	0.05365042861196539	0.14706953430643846	0.07983023767272203	0.14479499154130823	0.04193650648415825	0.4220670130981788	0.03577833972203877	0.12852337717515402	0.05237713256932443	0.02843062610718955	0.051567080178082106	0.01493520714520227	0.03577833972203877	0.7711394834537457	0.04577213082441659	0.1881497581178631	0.10212883300030018	0.185239878290568	0.05365042861196539	0.12852337717515402	0.04577213082441659	0.29653559397973095
0.232645137188793	0.11824940781360982	0.20348592792839806	0.053123471331283964	0.14656866754482314	0.05838418161775209	0.18754320657534232	0.11824940781360982	0.543919145399016	0.10590566587239136	0.027648479981240794	0.07628268200357147	0.030386453223529022	0.09760816570664291	0.20348592792839806	0.10590566587239136	0.2915059192388325	0.047578053106706486	0.1312687532171904	0.052289611804136354	0.16796606883234713	0.053123471331283964	0.027648479981240794	0.047578053106706486	0.779878547922519	0.034269946424406304	0.01365109480483806	0.043850406429005936	0.14656866754482314	0.07628268200357147	0.1312687532171904	0.034269946424406304	0.4529622155158674	0.037663630141859784	0.12098410515228288	0.05838418161775209	0.030386453223529022	0.052289611804136354	0.01365109480483806	0.037663630141859784	0.759432204618231	0.0481928237896544	0.18754320657534232	0.09760816570664291	0.16796606883234713	0.043850406429005936	0.12098410515228288	0.0481928237896544	0.3338552235147263
0.18819550063482343	0.1312828257910027	0.1730171145422732	0.0971001746725565	0.14423024756991465	0.08974217175928123	0.17643196503014094	0.1312828257910027	0.3633870025666467	0.12847609647686206	0.0721029907483719	0.10710003603225386	0.06663921050522137	0.1310118378796362	0.1730171145422732	0.12847609647686206	0.20185230050703154	0.09502424505251991	0.14114671199394602	0.08782355077688092	0.172659980650479	0.0971001746725565	0.0721029907483719	0.09502424505251991	0.5103708025810038	0.07921395767885471	0.049288084264725786	0.09689974500196324	0.14423024756991465	0.10710003603225386	0.14114671199394602	0.07921395767885471	0.31116518598589304	0.07321132654725686	0.14393253419187485	0.08974217175928123	0.06663921050522137	0.08782355077688092	0.049288084264725786	0.07321132654725686	0.5437387260100819	0.08955693013654789	0.17643196503014094	0.1310118378796362	0.172659980650479	0.09689974500196324	0.14393253419187485	0.08955693013654789	0.18950700710935045
0.17674057703355062	0.13834782004560198	0.16464783327873575	0.11849684771996565	0.1350620364713893	0.10245661397797481	0.164248271472781	0.13834782004560198	0.2918530402191593	0.13697562336717578	0.0985811915059307	0.11236228421900576	0.08523682509665734	0.13664321554646847	0.16464783327873575	0.13697562336717578	0.18327298669092412	0.11732154202456899	0.1337224296906939	0.10144040262504544	0.1626191823228551	0.11849684771996565	0.0985811915059307	0.11732154202456899	0.37931718090957234	0.09623987192699021	0.07300653584771129	0.1170368300652602	0.1350620364713893	0.11236228421900576	0.1337224296906939	0.09623987192699021	0.30600302465753676	0.083212436423758	0.13339791661062553	0.10245661397797481	0.08523682509665734	0.10144040262504544	0.07300653584771129	0.083212436423758	0.45345295554991144	0.1011942304789412	0.164248271472781	0.13664321554646847	0.1626191823228551	0.1170368300652602	0.13339791661062553	0.1011942304789412	0.18486035350306765
0.18643574745695965	0.13637256963671596	0.15809496876050377	0.12238866923503526	0.12482611331175993	0.10051903046055718	0.17136290113846722	0.13637256963671596	0.320274571190745	0.12684939207780505	0.09820001491125448	0.10015572736548543	0.08065264825402539	0.13749507656396784	0.15809496876050377	0.12684939207780505	0.23220851826051478	0.11384201625761525	0.11610924859165297	0.09349957942523893	0.15939627662666842	0.12238866923503526	0.09820001491125448	0.11384201625761525	0.37990528351550845	0.08988557025201446	0.07238237364293215	0.12339607218563918	0.12482611331175993	0.10015572736548543	0.11610924859165297	0.08988557025201446	0.36934584896174466	0.07382391221834085	0.12585357929900096	0.10051903046055718	0.08065264825402539	0.09349957942523893	0.07238237364293215	0.07382391221834085	0.4777760354824647	0.1013464205164401	0.17136290113846722	0.13749507656396784	0.15939627662666842	0.12339607218563918	0.12585357929900096	0.1013464205164401	0.1811496736698153
0.6380355275577304	0.05460183957565637	0.07782740927591893	0.04265921426562677	0.047590989428018766	0.04189970062708475	0.0973853192699611	0.05460183957565637	0.5181458571875919	0.10818471835031464	0.059298839872863864	0.06615430007479484	0.058243070834251974	0.13537137410452255	0.07782740927591893	0.10818471835031464	0.3592009328013691	0.08452233690731067	0.09429385213567908	0.08301748341322575	0.19295326711617594	0.04265921426562677	0.059298839872863864	0.08452233690731067	0.6105680117338812	0.05168489712829089	0.045504028023886686	0.1057626720681366	0.047590989428018766	0.06615430007479484	0.09429385213567908	0.05168489712829089	0.5715215186392855	0.0507646883304648	0.11798975426346267	0.04189970062708475	0.058243070834251974	0.08301748341322575	0.045504028023886686	0.0507646883304648	0.6166913775993044	0.10387965117177839	0.0973853192699611	0.13537137410452255	0.19295326711617594	0.1057626720681366	0.11798975426346267	0.10387965117177839	0.24665796200595533
0.46978463697212935	0.06511037943085247	0.1180409805513048	0.04922582219830414	0.08710741167816267	0.062298118841194655	0.14843265032805314	0.06511037943085247	0.6092310292366829	0.08265028499274764	0.03446708265799124	0.06099112669647471	0.04362008221796226	0.10393001476728955	0.1180409805513048	0.08265028499274764	0.3587501167179634	0.062486630691700316	0.11057303709659055	0.07908043727813038	0.18841851267156445	0.04922582219830414	0.03446708265799124	0.062486630691700316	0.6961556913742261	0.0461115168530603	0.03297837349907	0.07857488272564864	0.08710741167816267	0.06099112669647471	0.11057303709659055	0.0461115168530603	0.4978181649008106	0.05835678569851631	0.13904195707638634	0.062298118841194655	0.04362008221796226	0.07908043727813038	0.03297837349907	0.05835678569851631	0.6242251537761724	0.09944104868895477	0.14843265032805314	0.10393001476728955	0.18841851267156445	0.07857488272564864	0.13904195707638634	0.09944104868895477	0.24216093374210523
0.33867896839136236	0.09165606285368202	0.14959481798698596	0.0649006475017922	0.1256104430424516	0.07075791563210451	0.1588011445916216	0.09165606285368202	0.4929564868992358	0.10908132573010682	0.047324157116550095	0.09159243506555607	0.0515951511349843	0.11579438119988499	0.14959481798698596	0.10908132573010682	0.24139174575176767	0.07723928401266084	0.14949096902067363	0.08421011117802935	0.18899174631977542	0.0649006475017922	0.047324157116550095	0.07723928401266084	0.6271536358024828	0.06485559336658381	0.03653395762764636	0.08199272457228389	0.1256104430424516	0.09159243506555607	0.14949096902067363	0.06485559336658381	0.3390508595545306	0.07070879537181951	0.1586909045783847	0.07075791563210451	0.0515951511349843	0.08421011117802935	0.03653395762764636	0.07070879537181951	0.5968015204283499	0.08939254862706625	0.1588011445916216	0.11579438119988499	0.18899174631977542	0.08199272457228389	0.1586909045783847	0.08939254862706625	0.20633655011098304
0.19030702542415895	0.1182162865407236	0.16201737711920056	0.09203329115922858	0.1667202340181948	0.09199557314455148	0.17871021259393988	0.1182162865407236	0.4367837624458849	0.10426631313664894	0.0592280416189215	0.10729283756746118	0.05920376818357067	0.11500899050678806	0.16201737711920056	0.10426631313664894	0.2667352200779968	0.0811730112305537	0.14704660952421494	0.08113974408569326	0.15762172482568987	0.09203329115922858	0.0592280416189215	0.0811730112305537	0.5484089960972005	0.08352920945240792	0.046091091121230894	0.08953635932045573	0.1667202340181948	0.10729283756746118	0.14704660952421494	0.08352920945240792	0.24971914306211823	0.08349497666654959	0.1621969897090517	0.09199557314455148	0.05920376818357067	0.08113974408569326	0.046091091121230894	0.08349497666654959	0.5485751821747517	0.08949966462365148	0.17871021259393988	0.11500899050678806	0.15762172482568987	0.08953635932045573	0.1621969897090517	0.08949966462365148	0.2074260584204214
0.6935415736262148	0.037785310292454674	0.06299183177697615	0.02665887234058726	0.06984585882470816	0.03363390126120463	0.07554265187785378	0.037785310292454674	0.5592512708904532	0.09447690286480907	0.0399837188657147	0.10475676343330319	0.05044506141161064	0.11330097224165345	0.06299183177697615	0.09447690286480907	0.32825387639597386	0.06665679527607203	0.17463983671476785	0.08409688309623191	0.18888387387516756	0.02665887234058726	0.0399837188657147	0.06665679527607203	0.6772623970462158	0.0739096003596721	0.03559077435057499	0.07993784176116235	0.06984585882470816	0.10475676343330319	0.17463983671476785	0.0739096003596721	0.27416464228702153	0.09324731252670625	0.2094359858538192	0.03363390126120463	0.05044506141161064	0.08409688309623191	0.03559077435057499	0.09324731252670625	0.6021332839921107	0.1008527833615601	0.07554265187785378	0.11330097224165345	0.18888387387516756	0.07993784176116235	0.2094359858538192	0.1008527833615601	0.23204589102878156
0.1806342881856505	0.12576938934575727	0.16742028486494515	0.09769826831870299	0.15164274452170162	0.10806807041809827	0.16876695434514494	0.12576938934575727	0.37064594978551024	0.12155526874218364	0.07093369403059997	0.11010000716464718	0.07846267465569016	0.12253301627561204	0.16742028486494515	0.12155526874218364	0.2024788456761873	0.09442471910615605	0.14656169246765574	0.10444706307675415	0.16311212606611872	0.09769826831870299	0.07093369403059997	0.09442471910615605	0.4952826796285303	0.0855262166558789	0.06095018415363969	0.0951842381064927	0.15164274452170162	0.11010000716464718	0.14656169246765574	0.0855262166558789	0.2638246926238058	0.09460406374870894	0.14774058281760247	0.10806807041809827	0.07846267465569016	0.10444706307675415	0.06095018415363969	0.09460406374870894	0.4481807456844939	0.10528719826261547	0.16876695434514494	0.12253301627561204	0.16311212606611872	0.0951842381064927	0.14774058281760247	0.10528719826261547	0.19737588412641444
0.17069598189722798	0.15645132905628817	0.15370136559614683	0.09734503007029949	0.12534337127258144	0.15402916029181993	0.14243376181563788	0.15645132905628817	0.200357314522181	0.14692575571292338	0.09305377380677321	0.1198178654848024	0.14723910025084375	0.1361548611661896	0.15370136559614683	0.14692575571292338	0.21183019696745142	0.09141815665132663	0.11771181273381051	0.14465106122275578	0.13376165111558705	0.09734503007029949	0.09305377380677321	0.09141815665132663	0.46730202969546886	0.07455145180889336	0.0916131216519451	0.08471643631529421	0.12534337127258144	0.1198178654848024	0.11771181273381051	0.07455145180889336	0.3355300991077958	0.11796285349511115	0.1090825460970065	0.15402916029181993	0.14723910025084375	0.14465106122275578	0.0916131216519451	0.11796285349511115	0.2104577821595978	0.13404692092792803	0.14243376181563788	0.1361548611661896	0.13376165111558705	0.08471643631529421	0.1090825460970065	0.13404692092792803	0.25980382256235807
0.1972046458972859	0.13995664696196639	0.18670581552818039	0.08194562596114235	0.13768712314834344	0.12118024139089258	0.13531990111218187	0.13995664696196639	0.3736603572666798	0.13700246063820676	0.06013070542797372	0.10103313930610636	0.08892058988263454	0.09929610051642722	0.18670581552818039	0.13700246063820676	0.21020898208692668	0.08021592856726212	0.13478084163194515	0.11862238494321593	0.13246358660425606	0.08194562596114235	0.06013070542797372	0.08021592856726212	0.6083498790998286	0.05915563156859626	0.0520636465429661	0.05813858283222775	0.13768712314834344	0.10103313930610636	0.13478084163194515	0.05915563156859626	0.3821786780814322	0.08747866196680729	0.09768592429676422	0.12118024139089258	0.08892058988263454	0.11862238494321593	0.0520636465429661	0.08747866196680729	0.4457598131838328	0.08597466208964631	0.13531990111218187	0.09929610051642722	0.13246358660425606	0.05813858283222775	0.09768592429676422	0.08597466208964631	0.3911212425484915
0.17595534597376333	0.14349407370823422	0.16522979742881952	0.1080696517373737	0.14205283577386546	0.1122984415582873	0.15289985381965857	0.14349407370823422	0.26699759716385885	0.1431257934698867	0.09361238042786627	0.1230493842585549	0.09727545396517043	0.13244531700643064	0.16522979742881952	0.1431257934698867	0.17764620669117487	0.10779228894411368	0.14168825449977662	0.11201022549643631	0.1525074334697945	0.1080696517373737	0.09361238042786627	0.10779228894411368	0.424843990205866	0.09267214847045784	0.0732610355322824	0.09974850468204156	0.14205283577386546	0.1230493842585549	0.14168825449977662	0.09267214847045784	0.27312389496723855	0.0962984305194314	0.13111505151067718	0.1122984415582873	0.09727545396517043	0.11201022549643631	0.0732610355322824	0.0962984305194314	0.40520472678449393	0.10365168614389958	0.15289985381965857	0.13244531700643064	0.1525074334697945	0.09974850468204156	0.13111505151067718	0.10365168614389958	0.22763215336749984
