0.49511223772110413	0.03534587605738127	0.06054270316224397	0.09579384856832798	0.10688574667412191	0.10477521452226064	0.10154437329455981	0.03534587605738127	0.6922459569437442	0.035124293013133474	0.0555755034087741	0.0620105493976471	0.06078610869969947	0.05891171247962046	0.06054270316224397	0.035124293013133474	0.4978978337192259	0.09519331761666834	0.10621568069255445	0.10411837945166094	0.10090779234451305	0.09579384856832798	0.0555755034087741	0.09519331761666834	0.2609741048126854	0.1680600353204863	0.1647415750110099	0.15966161526204792	0.10688574667412191	0.0620105493976471	0.10621568069255445	0.1680600353204863	0.1948623947793151	0.18381687881307762	0.17814871432279733	0.10477521452226064	0.06078610869969947	0.10411837945166094	0.1647415750110099	0.18381687881307762	0.20713079735406698	0.17463104614822453	0.10154437329455981	0.05891171247962046	0.10090779234451305	0.15966161526204792	0.17814871432279733	0.17463104614822453	0.2261947461482369
0.3936152709623494	0.020285905838099087	0.1170320754896269	0.03393318832032713	0.15109483162143209	0.14950707460914064	0.1345316531590249	0.020285905838099087	0.8705391176139423	0.02180003369941709	0.006320870973337261	0.028145039788232427	0.027849281926726265	0.025059750160245437	0.1170320754896269	0.02180003369941709	0.3570902820039865	0.036465941171948	0.16237245935395833	0.16066619310927172	0.14457301517179155	0.03393318832032713	0.006320870973337261	0.036465941171948	0.7876970432187251	0.04707953113059924	0.04658480305230672	0.04191862213275658	0.15109483162143209	0.028145039788232427	0.16237245935395833	0.04707953113059924	0.21722757013726135	0.20742887190147785	0.18665169606703888	0.14950707460914064	0.027849281926726265	0.16066619310927172	0.04658480305230672	0.20742887190147785	0.22327348023773708	0.18469029516333982	0.1345316531590249	0.025059750160245437	0.14457301517179155	0.04191862213275658	0.18665169606703888	0.18469029516333982	0.2825749681458032
0.2973773434191704	0.028028851561198706	0.1491349915840134	0.012183937900419984	0.1828869615448481	0.1778881830273139	0.152499730963036	0.028028851561198706	0.8526830425615451	0.026371470555617966	0.0021544800196096046	0.03233981556011568	0.03145588390136109	0.026966455840551826	0.1491349915840134	0.026371470555617966	0.3301057604499583	0.011463486432572981	0.1720726270520137	0.1673694325525395	0.14348223137328472	0.012183937900419984	0.0021544800196096046	0.011463486432572981	0.9347444469135677	0.014057882594124884	0.01367364393151089	0.011722122208194031	0.1828869615448481	0.03233981556011568	0.1720726270520137	0.014057882594124884	0.21743964545961886	0.20524818924052268	0.17595487854875666	0.1778881830273139	0.03145588390136109	0.1673694325525395	0.01367364393151089	0.20524818924052268	0.23321909537466584	0.1711455719720865	0.152499730963036	0.026966455840551826	0.14348223137328472	0.011722122208194031	0.17595487854875666	0.1711455719720865	0.31822900909409074
0.25481694778884206	0.11849591673360665	0.12594427619917045	0.08927239843069379	0.14033815390806856	0.13937307673828575	0.1317592302013341	0.11849591673360665	0.27782146004516306	0.1213210974526824	0.08599537570661135	0.13518660284080836	0.13425695184833752	0.12692259537279196	0.12594427619917045	0.1213210974526824	0.2400530512874452	0.0914008317619371	0.1436840974435162	0.1426960108951181	0.13490063496013194	0.08927239843069379	0.08599537570661135	0.0914008317619371	0.4347172490047865	0.10184681973833679	0.10114643970762296	0.09562088565001259	0.14033815390806856	0.13518660284080836	0.1436840974435162	0.10184681973833679	0.1696218067291329	0.15900440530856308	0.15031811403157572	0.13937307673828575	0.13425695184833752	0.1426960108951181	0.10114643970762296	0.15900440530856308	0.1742387088124926	0.14928440668958154	0.1317592302013341	0.12692259537279196	0.13490063496013194	0.09562088565001259	0.15031811403157572	0.14928440668958154	0.21119413309457366
0.8485941525755208	0.030208899567518262	0.02176848951559591	0.03423448681334009	0.0038471354181184294	0.029817202246681454	0.031529633863223605	0.030208899567518262	0.2916935958563306	0.12179480325147389	0.19154211792502457	0.02152474111700827	0.16682738958723559	0.17640845269540067	0.02176848951559591	0.12179480325147389	0.45556578195417863	0.13802497428040128	0.015510697444779658	0.12021557663916974	0.12711967691439496	0.03423448681334009	0.19154211792502457	0.13802497428040128	0.22283045454764194	0.024393091985485924	0.18905852747675447	0.19991634697134267	0.0038471354181184294	0.02152474111700827	0.015510697444779658	0.024393091985485924	0.891012885272234	0.02124564510398092	0.022465803658391906	0.029817202246681454	0.16682738958723559	0.12021557663916974	0.18905852747675447	0.02124564510398092	0.2987145692227078	0.174121089723462	0.031529633863223605	0.17640845269540067	0.12711967691439496	0.19991634697134267	0.022465803658391906	0.174121089723462	0.26843899617377576
0.9990255368686755	0.0002156497968832445	0.00010075466869719928	0.00022758567169646048	7.751249770614039e-8	0.0002169062441087066	0.00021348923744133488	0.0002156497968832445	0.26695665130150464	0.09730431538780972	0.21979197850426246	7.485807477529644e-5	0.20947826894026123	0.20617827799449745	0.00010075466869719928	0.09730431538780972	0.6056693177671738	0.10268995517991848	3.497476293649679e-5	0.09787124259507571	0.09632943963838571	0.00022758567169646048	0.21979197850426246	0.10268995517991848	0.23854900060630496	7.90013506892545e-5	0.2210725594533835	0.21758991923373838	7.751249770614039e-8	7.485807477529644e-5	3.497476293649679e-5	7.90013506892545e-5	0.999661685992183	7.529422274164845e-5	7.410808417666624e-5	0.0002169062441087066	0.20947826894026123	0.09787124259507571	0.2210725594533835	7.529422274164845e-5	0.26390618753423656	0.20737954101018669	0.00021348923744133488	0.20617827799449745	0.09632943963838571	0.21758991923373838	7.410808417666624e-5	0.20737954101018669	0.2722352248015677
0.9999692362275769	7.024341265619814e-6	2.543221518653832e-6	7.4046728484984825e-6	4.630140380034187e-11	7.230188838273242e-6	6.5613016506420205e-6	7.024341265619814e-6	0.2730512288287513	0.07787776720858768	0.22674367298384202	1.417827711878781e-6	0.22140067591092694	0.2009182128989263	2.543221518653832e-6	0.07787776720858768	0.687120645882262	0.08209444367026084	5.133363841877162e-7	0.08015996688217401	0.07274411979881697	7.4046728484984825e-6	0.22674367298384202	0.08209444367026084	0.24596772169780787	1.494595715812103e-6	0.23338837217103742	0.21179689020850026	4.630140380034187e-11	1.417827711878781e-6	5.133363841877162e-7	1.494595715812103e-6	0.9999937904513743	1.459377001968015e-6	1.324365510515296e-6	7.230188838273242e-6	0.22140067591092694	0.08015996688217401	0.23338837217103742	1.459377001968015e-6	0.2582361957411301	0.2068060997289036	6.5613016506420205e-6	0.2009182128989263	0.07274411979881697	0.21179689020850026	1.324365510515296e-6	0.2068060997289036	0.30772679169770295
0.9999976724267781	6.260723010217463e-7	1.405191365172261e-7	6.650952765928403e-7	3.6217055852794845e-13	4.0705516354155567e-7	4.888309821956869e-7	6.260723010217463e-7	0.3156773152269191	0.05651501189361597	0.26749287249160053	1.456603985053337e-7	0.16371241653686563	0.1966016121182935	1.405191365172261e-7	0.05651501189361597	0.8025763551131361	0.060037582569439654	3.2692826993497025e-8	0.036744521952760456	0.044126355259083136	6.650952765928403e-7	0.26749287249160053	0.060037582569439654	0.28969638689736665	1.547393853304544e-7	0.17391658244674024	0.20885575576018472	3.6217055852794845e-13	1.456603985053337e-7	3.2692826993497025e-8	1.547393853304544e-7	0.9999994584724214	9.470442509332048e-8	1.1373018028776235e-7	4.0705516354155567e-7	0.16371241653686563	0.036744521952760456	0.17391658244674024	9.470442509332048e-8	0.4978009621376767	0.1278250151663645	4.888309821956869e-7	0.1966016121182935	0.044126355259083136	0.20885575576018472	1.1373018028776235e-7	0.1278250151663645	0.4225906591349071
0.9999987679305794	3.0752215609733105e-7	1.5378335718878071e-7	1.6942205007043538e-7	2.7981695943674753e-14	3.0432526415264036e-7	2.9701656506875613e-7	3.0752215609733105e-7	0.25574829194916704	0.12379408102225678	0.13638307406457403	2.2524988387001738e-8	0.2449788266839849	0.23909539623287973	1.5378335718878071e-7	0.12379408102225678	0.5659321550033531	0.06820141761342949	1.1264126067375376e-8	0.12250716138874856	0.11956501992473224	1.6942205007043538e-7	0.13638307406457403	0.06820141761342949	0.528726095790258	1.2409608981574467e-8	0.13496528369654867	0.13172394700353462	2.7981695943674753e-14	2.2524988387001738e-8	1.1264126067375376e-8	1.2409608981574467e-8	0.9999999097549336	2.2290826546949256e-8	2.175548833237041e-8	3.0432526415264036e-7	0.2449788266839849	0.12250716138874856	0.13496528369654867	2.2290826546949256e-8	0.26093855684877654	0.2366098447658576	2.9701656506875613e-7	0.23909539623287973	0.11956501992473224	0.13172394700353462	2.175548833237041e-8	0.2366098447658576	0.27300547330094915
0.9999981867582212	4.826501466844417e-7	2.8719483355375126e-7	9.198332761596332e-8	4.077279249367443e-15	4.735659052956403e-7	4.778475614769736e-7	4.826501466844417e-7	0.27278345031300016	0.15696228076623403	0.050272188800942086	2.2283793979942e-9	0.2588207582585853	0.26116083698271436	2.8719483355375126e-7	0.15696228076623403	0.5037151665088591	0.029913826804467705	1.3259688300063297e-9	0.1540080016528589	0.15540043574677895	9.198332761596332e-8	0.050272188800942086	0.029913826804467705	0.8207159475273953	4.2468391157949054e-10	0.04932598646090689	0.04977195799827687	4.077279249367443e-15	2.2283793979942e-9	1.3259688300063297e-9	4.2468391157949054e-10	0.9999999916283201	2.1864377628444517e-9	2.206206024574652e-9	4.735659052956403e-7	0.2588207582585853	0.1540080016528589	0.04932598646090689	2.1864377628444517e-9	0.2815994021241912	0.2562453757511165	4.778475614769736e-7	0.26116083698271436	0.15540043574677895	0.04977195799827687	2.206206024574652e-9	0.2562453757511165	0.2774209134673478
0.9998822961215389	3.0345540271053056e-5	2.2474915330339426e-5	9.155261222079076e-6	3.829842846810313e-12	2.9857687028343533e-5	2.587047077938162e-5	3.0345540271053056e-5	0.2628115064315513	0.18965066535459799	0.07725508001885872	3.231746297707428e-8	0.25194890070311926	0.21830346963413064	2.2474915330339426e-5	0.18965066535459799	0.40482462757657034	0.057217678998410335	2.3935386801927532e-8	0.18660172665557223	0.16168280256412615	9.155261222079076e-6	0.07725508001885872	0.057217678998410335	0.7236427541848632	9.750191064227735e-9	0.0760130806684983	0.06586224111795379	3.829842846810313e-12	3.231746297707428e-8	2.3935386801927532e-8	9.750191064227735e-9	0.9999998746436283	3.179790791334223e-8	2.7551593220756794e-8	2.9857687028343533e-5	0.25194890070311926	0.18660172665557223	0.0760130806684983	3.179790791334223e-8	0.2706125113487785	0.21479389113908756	2.587047077938162e-5	0.21830346963413064	0.16168280256412615	0.06586224111795379	2.7551593220756794e-8	0.21479389113908756	0.33933169752232256
0.9652834960207236	0.007994460455647832	0.006595164444908004	0.008503618197388745	2.074253458733914e-7	0.006873479907280731	0.00474957354870546	0.007994460455647832	0.2786152668650317	0.17606910031254305	0.22701850998902426	5.537571403264002e-6	0.18349920360600513	0.12679792120035416	0.006595164444908004	0.17606910031254305	0.3740636081052974	0.18728273330289147	4.568312549991414e-6	0.15138075045906152	0.10460407506275629	0.008503618197388745	0.22701850998902426	0.18728273330289147	0.24712966615858917	5.890252783834605e-6	0.19518605109716816	0.13487353100216445	2.074253458733914e-7	5.537571403264002e-6	4.568312549991414e-6	5.890252783834605e-6	0.999975745426996	4.761095009054378e-6	3.289915912014999e-6	0.006873479907280731	0.18349920360600513	0.15138075045906152	0.19518605109716816	4.761095009054378e-6	0.35403739437385384	0.10901835946162973	0.00474957354870546	0.12679792120035416	0.10460407506275629	0.13487353100216445	3.289915912014999e-6	0.10901835946162973	0.5199532498084832
0.46716268744601785	0.11039383805278477	0.09906371432285371	0.11783966436587635	5.251312148044978e-5	0.11202547190188752	0.09346211078910428	0.11039383805278477	0.23907241624599398	0.15255127142776848	0.18146493644533973	8.086657665969799e-5	0.1725114820067489	0.14392518924471207	0.09906371432285371	0.15255127142776848	0.3015123043285116	0.1628405257097813	7.256694386015495e-5	0.1548059970770949	0.12915362019013657	0.11783966436587635	0.18146493644533973	0.1628405257097813	0.19998891029232307	8.632085286716634e-5	0.18414700944825424	0.15363263288556597	5.251312148044978e-5	8.086657665969799e-5	7.256694386015495e-5	8.632085286716634e-5	0.9995572070985392	8.206179412895506e-5	6.846361246440631e-5	0.11202547190188752	0.1725114820067489	0.1548059970770949	0.18414700944825424	8.206179412895506e-5	0.23037555738228777	0.14605242038960536	0.09346211078910428	0.14392518924471207	0.12915362019013657	0.15363263288556597	6.846361246440631e-5	0.14605242038960536	0.3337055628884175
0.9832165567767491	0.004952181668109136	0.0011114349357893517	0.005499453294950149	7.995445596429752e-7	0.0010553432796269482	0.004164230500215729	0.004952181668109136	0.36713232351894587	0.05898671197538272	0.29187013750013685	4.243388716015942e-5	0.05600978344836635	0.22100642800190298	0.0011114349357893517	0.05898671197538272	0.8122152358361094	0.06550540534898347	9.523581284357891e-6	0.012570465754799264	0.04960122256765236	0.005499453294950149	0.29187013750013685	0.06550540534898347	0.32944827022408285	4.712330770562894e-5	0.062199492825184166	0.24543011749896157	7.995445596429752e-7	4.243388716015942e-5	9.523581284357891e-6	4.712330770562894e-5	0.9998553945824254	9.042947259247352e-6	3.568214960549268e-5	0.0010553432796269482	0.05600978344836635	0.012570465754799264	0.062199492825184166	9.042947259247352e-6	0.8210579128697585	0.047097958875006535	0.004164230500215729	0.22100642800190298	0.04960122256765236	0.24543011749896157	3.568214960549268e-5	0.047097958875006535	0.4326643604066589
0.9999981426262569	5.691954291552452e-7	1.5936023342709502e-9	7.113528396884586e-7	1.0434276866992432e-10	1.379588507901788e-8	5.613316438992515e-7	5.691954291552452e-7	0.4479348776339075	0.0006829577483155243	0.30485894956582205	4.4717368198648083e-5	0.005912395085626064	0.2405655334027035	1.5936023342709502e-9	0.0006829577483155243	0.9977733125244197	0.000853527468364434	1.251972498260925e-7	1.6553201461173348e-5	0.0006735222665871471	7.113528396884586e-7	0.30485894956582205	0.000853527468364434	0.3861947659023921	5.588559784942815e-5	0.007389024609284204	0.300647135503451	1.0434276866992432e-10	4.4717368198648083e-5	1.251972498260925e-7	5.588559784942815e-5	0.9998540883240655	1.083838065284986e-6	4.409957022853922e-5	1.379588507901788e-8	0.005912395085626064	1.6553201461173348e-5	0.007389024609284204	1.083838065284986e-6	0.9808502177618876	0.005830711707790519	5.613316438992515e-7	0.2405655334027035	0.0006735222665871471	0.300647135503451	4.409957022853922e-5	0.005830711707790519	0.4522384362175975
0.9999999540659312	1.4114128120804995e-8	3.605043496301927e-11	1.683243229834843e-8	1.3027525757299052e-11	1.4923577447331172e-9	1.3446072763720102e-8	1.4114128120804995e-8	0.4221808964618134	0.0006546407378902032	0.30566055337699133	0.0002365671616276005	0.027099761104419855	0.24416756704313233	3.605043496301927e-11	0.0006546407378902032	0.9978711605194698	0.0007807209773046352	6.042420050070703e-7	6.921845733907984e-5	0.0006236550299406701	1.683243229834843e-8	0.30566055337699133	0.0007807209773046352	0.3697646425122108	0.00028212870805950467	0.0323190274445055	0.2911929101484994	1.3027525757299052e-11	0.0002365671616276005	6.042420050070703e-7	0.00028212870805950467	0.9992303165661374	2.501343567117521e-5	0.00022536987347186055	1.4923577447331172e-9	0.027099761104419855	6.921845733907984e-5	0.0323190274445055	2.501343567117521e-5	0.9146699133082787	0.025817064757428218	1.3446072763720102e-8	0.24416756704313233	0.0006236550299406701	0.2911929101484994	0.00022536987347186055	0.025817064757428218	0.4379734197014575
0.9999893942544854	2.605136988750953e-6	2.880444084496085e-7	2.847417910644872e-6	9.793472106233632e-9	2.6787652225933016e-6	2.1765875119102235e-6	2.605136988750953e-6	0.3138292854245852	0.0247039817715339	0.24420734476023004	0.0008399321399594077	0.22974293299201803	0.1866739177746798	2.880444084496085e-7	0.0247039817715339	0.9021590605243951	0.027001482249974187	9.286949493908178e-5	0.025402183269023562	0.020640134645725092	2.847417910644872e-6	0.24420734476023004	0.027001482249974187	0.27272615221334257	0.0009180468548770545	0.251109306370566	0.20403482013309418	9.793472106233632e-9	0.0008399321399594077	9.286949493908178e-5	0.0009180468548770545	0.996583708946745	0.0008636708992951639	0.0007017618707123	2.6787652225933016e-6	0.22974293299201803	0.025402183269023562	0.251109306370566	0.0008636708992951639	0.3009293989388925	0.19194982876497718	2.1765875119102235e-6	0.1866739177746798	0.020640134645725092	0.20403482013309418	0.0007017618707123	0.19194982876497718	0.3959973602232957
0.9978192836138374	0.0005420709162994017	0.0002090025291458098	0.0005849798282955638	1.2856108014880986e-5	0.0004871139623922029	0.00034469304201473384	0.0005420709162994017	0.3073953795709915	0.08826974829847248	0.2470593174846673	0.005429625293097897	0.20572682554972505	0.14557703288675897	0.0002090025291458098	0.08826974829847248	0.678721040307998	0.09525695006077947	0.002093463021994586	0.07932066738899272	0.05612912839262199	0.0005849798282955638	0.2470593174846673	0.09525695006077947	0.2721271819616168	0.0058594201905334065	0.22201162148201092	0.15710052899211027	1.2856108014880986e-5	0.005429625293097897	0.002093463021994586	0.0058594201905334065	0.9782728835540783	0.004879151807076506	0.0034526000252047117	0.0004871139623922029	0.20572682554972505	0.07932066738899272	0.22201162148201092	0.004879151807076506	0.35675667110510617	0.13081794870470806	0.00034469304201473384	0.14557703288675897	0.05612912839262199	0.15710052899211027	0.0034526000252047117	0.13081794870470806	0.5065780679565893
0.9822030149769668	0.002994919039202017	0.0019706981125086403	0.003599661993363398	0.0030992899531126377	0.0031197177562943103	0.0030126981685519604	0.002994919039202017	0.3114196985371851	0.09127657048560464	0.16672508060777158	0.1435494133094278	0.1444955652365763	0.13953875278422656	0.0019706981125086403	0.09127657048560464	0.5156893208044682	0.10970740689842853	0.09445749756760953	0.09508007860989198	0.0918184275214847	0.003599661993363398	0.16672508060777158	0.10970740689842853	0.206045141237464	0.17253533751524758	0.17367253925176313	0.1677148324959545	0.0030992899531126377	0.1435494133094278	0.09445749756760953	0.17253533751524758	0.29242573871340194	0.14953113848659355	0.14440158445460063	0.0031197177562943103	0.1444955652365763	0.09508007860989198	0.17367253925176313	0.14953113848659355	0.28874760751177136	0.14535335314710313	0.0030126981685519604	0.13953875278422656	0.0918184275214847	0.1677148324959545	0.14440158445460063	0.14535335314710313	0.3081603514280724
0.9593791613438112	0.008991012537692144	0.005368871661584618	0.0010044021803762772	0.009050462915730757	0.008546902790299179	0.007659186570505994	0.008991012537692144	0.23124462857797243	0.128963002218679	0.02412624640352848	0.2173966789768573	0.205300911063846	0.18397752022142896	0.005368871661584618	0.128963002218679	0.48899291699354763	0.014406688909985704	0.12981573145276176	0.12259289361319403	0.10985989515024987	0.0010044021803762772	0.02412624640352848	0.014406688909985704	0.89268989487034	0.02428577398324539	0.022934533996177994	0.020552459656346556	0.009050462915730757	0.2173966789768573	0.12981573145276176	0.02428577398324539	0.22759893432904046	0.20665840186071124	0.1851940164816575	0.008546902790299179	0.205300911063846	0.12259289361319403	0.022934533996177994	0.20665840186071124	0.2590763791186455	0.17488997755713018	0.007659186570505994	0.18397752022142896	0.10985989515024987	0.020552459656346556	0.1851940164816575	0.17488997755713018	0.31786694436268453
0.20512129553320962	0.18873569238826826	0.15758641414029262	0.09175607742998587	0.02330866833485812	0.1836627506356259	0.14982910153775214	0.18873569238826826	0.19960794458295694	0.15901978743476972	0.09259067165380663	0.02352067914114036	0.1853333088711661	0.1511919159278843	0.15758641414029262	0.15901978743476972	0.30546117765778846	0.07730934061347475	0.019638783936912	0.15474556612047474	0.12623893009628145	0.09175607742998587	0.09259067165380663	0.07730934061347475	0.5633033579713623	0.01143485489771875	0.09010196865230172	0.07350372878134626	0.02330866833485812	0.02352067914114036	0.019638783936912	0.01143485489771875	0.8805364866269103	0.022888477389814327	0.01867204967264509	0.1836627506356259	0.1853333088711661	0.15474556612047474	0.09010196865230172	0.022888477389814327	0.2161398318809972	0.1471280964496125	0.14982910153775214	0.1511919159278843	0.12623893009628145	0.07350372878134626	0.01867204967264509	0.1471280964496125	0.33343617753447213
0.31206666697371743	0.21606776433502906	0.15759445086894458	0.22726288453367366	1.3296584287970404e-5	0.05906136649002861	0.027933570214319085	0.21606776433502906	0.2838039168475772	0.16703369136815888	0.2408749692982727	1.4092993401490527e-5	0.06259889233207255	0.02960667282548853	0.15759445086894458	0.16703369136815888	0.43242092493025863	0.17568820888883044	1.0279078709602278e-5	0.04565807441215702	0.02159437045294099	0.22726288453367366	0.2408749692982727	0.17568820888883044	0.2591761015002596	1.4823193741989969e-5	0.0658423290664524	0.03114068351876969	1.3296584287970404e-5	1.4092993401490527e-5	1.0279078709602278e-5	1.4823193741989969e-5	0.999941833915793	3.852270378178045e-6	1.8219636877440924e-6	0.05906136649002861	0.06259889233207255	0.04565807441215702	0.0658423290664524	3.852270378178045e-6	0.7587426051250026	0.008092880303908727	0.027933570214319085	0.02960667282548853	0.02159437045294099	0.03114068351876969	1.8219636877440924e-6	0.008092880303908727	0.8816300007208853
0.27459470495421806	0.2591621691706648	0.21067808411075545	0.08388156343808982	0.00023286579078292006	0.06736578101462068	0.10408483152086262	0.2591621691706648	0.2692369047437457	0.21309907655170968	0.08484548254660174	0.00023554175170036368	0.06813991016670484	0.10528091506886725	0.21067808411075545	0.21309907655170968	0.36608154219851885	0.06897258101200489	0.0001914765767516229	0.05539228881799815	0.08558495073225662	0.08388156343808982	0.08484548254660174	0.06897258101200489	0.7060939922244828	7.62364756044389e-5	0.022054461944058943	0.03407568235915564	0.00023286579078292006	0.00023554175170036368	0.0001914765767516229	7.62364756044389e-5	0.9991080550511049	6.122596564006121e-5	9.459838841569734e-5	0.06736578101462068	0.06813991016670484	0.05539228881799815	0.022054461944058943	6.122596564006121e-5	0.7596199495196149	0.027366382571360977	0.10408483152086262	0.10528091506886725	0.08558495073225662	0.03407568235915564	9.459838841569734e-5	0.027366382571360977	0.6435126393590789
0.17391394561318071	0.15955114375383586	0.15280078853844514	0.14228417990882825	0.07880386490146102	0.13792587959926403	0.15472019768498002	0.15955114375383586	0.1725494950363256	0.15311358404358563	0.14257544707016806	0.07896518275174601	0.13820822496929686	0.15503692237503702	0.15280078853844514	0.15311358404358563	0.20107961800483626	0.1365433065911147	0.07562429141946614	0.13236085471370784	0.14847755668883963	0.14228417990882825	0.14257544707016806	0.1365433065911147	0.24666812925458004	0.07041940286255584	0.12325103715176886	0.13825849716097985	0.07880386490146102	0.07896518275174601	0.07562429141946614	0.07041940286255584	0.5513506217947992	0.06826238930355115	0.07657424696641815	0.13792587959926403	0.13820822496929686	0.13236085471370784	0.12325103715176886	0.06826238930355115	0.26596810690396655	0.1340235073584404	0.15472019768498002	0.15503692237503702	0.14847755668883963	0.13825849716097985	0.07657424696641815	0.1340235073584404	0.19290907176529998
0.42402800805439417	0.11912258739938018	0.12017613370049067	0.12828288343176442	0.015345281743311338	0.08205443606881142	0.11099066960185094	0.11912258739938018	0.243298333179576	0.16771782545989133	0.17903160627984496	0.021415876895089694	0.11451518003647124	0.15489859074975132	0.12017613370049067	0.16771782545989133	0.23808923085040293	0.1806150010893081	0.02160528360947052	0.1155279774158963	0.15626854787454492	0.12828288343176442	0.17903160627984496	0.1806150010893081	0.19887662543194393	0.023062716310140376	0.12332117537486086	0.16680999208214245	0.015345281743311338	0.021415876895089694	0.02160528360947052	0.023062716310140376	0.8838651629598572	0.014751759006493979	0.019953919475637426	0.08205443606881142	0.11451518003647124	0.1155279774158963	0.12332117537486086	0.014751759006493979	0.44313168463914737	0.106697787458322	0.11099066960185094	0.15489859074975132	0.15626854787454492	0.16680999208214245	0.019953919475637426	0.106697787458322	0.2843804927577554
0.22647245784141964	0.1718925391332914	0.1680852798790792	0.18364182454844036	0.004933555532090185	0.13399983267451743	0.11097451039116511	0.1718925391332914	0.23851211005411047	0.1647216319835264	0.17996686599691097	0.0048348274120843995	0.13131828759511296	0.10875373782496668	0.1680852798790792	0.1647216319835264	0.25172992549673967	0.1759807679412706	0.00472774049894675	0.12840971013029293	0.1063449440701476	0.18364182454844036	0.17996686599691097	0.1759807679412706	0.1987636921196465	0.0051652999706025835	0.14029422133233693	0.11618732809079543	0.004933555532090185	0.0048348274120843995	0.00472774049894675	0.0051652999706025835	0.973448174739382	0.0037690179428154368	0.0031213839040785635	0.13399983267451743	0.13131828759511296	0.12840971013029293	0.14029422133233693	0.0037690179428154368	0.3774293189191434	0.08477961140578348	0.11097451039116511	0.10875373782496668	0.1063449440701476	0.11618732809079543	0.0031213839040785635	0.08477961140578348	0.46983848431306513
0.21621203708939768	0.13307219300200915	0.13183619445498093	0.14491632742344587	0.14346510007164892	0.12213312649467617	0.10836502146384405	0.13307219300200915	0.2219713939534734	0.13066933831504973	0.14363370160790725	0.14219531878300884	0.12105215029441142	0.10740590404414302	0.13183619445498093	0.13066933831504973	0.22798418367513443	0.14229960586268287	0.14087458299707828	0.11992779607356924	0.10640829862150744	0.14491632742344587	0.14363370160790725	0.14229960586268287	0.16550686627914513	0.15485146002312183	0.1318264368508021	0.11696560195289815	0.14346510007164892	0.14219531878300884	0.14087458299707828	0.15485146002312183	0.17231296331339574	0.1305062948471422	0.11579427996460728	0.12213312649467617	0.12105215029441142	0.11992779607356924	0.1318264368508021	0.1305062948471422	0.2759774862940108	0.09857670914539085	0.10836502146384405	0.10740590404414302	0.10640829862150744	0.11696560195289815	0.11579427996460728	0.09857670914539085	0.34648418480761156
0.6464635843599073	0.08425766580043044	0.05340114990239148	0.0011953871521299857	0.08649860678294702	0.06857513564451717	0.059608470357676614	0.08425766580043044	0.2425721195731805	0.13349758776915577	0.002988349530886176	0.21623795315312183	0.17143104982231333	0.14901527435091222	0.05340114990239148	0.13349758776915577	0.47106545382076825	0.0018939677445797302	0.1370481278020067	0.10865023499664675	0.09444347796445128	0.0011953871521299857	0.002988349530886176	0.0018939677445797302	0.9863082051063138	0.003067828529861873	0.002432140416981524	0.002114121519246922	0.08649860678294702	0.21623795315312183	0.1370481278020067	0.003067828529861873	0.2281784774537165	0.17599047906323945	0.15297852721510685	0.06857513564451717	0.17143104982231333	0.10865023499664675	0.002432140416981524	0.17599047906323945	0.3516412811731664	0.12127967888313543	0.059608470357676614	0.14901527435091222	0.09444347796445128	0.002114121519246922	0.15297852721510685	0.12127967888313543	0.4205604497094711
0.9976748716456164	1.5137419177090355e-6	3.10036835593601e-5	4.7106312020161414e-7	0.0014619557538226823	0.0006694919100787664	0.0001606922018849625	1.5137419177090355e-6	0.9989704499373974	1.371695314836319e-5	2.0841235646583548e-7	0.0006468127744166546	0.00029620316392973023	7.109501683382697e-5	3.10036835593601e-5	1.371695314836319e-5	0.9791805116625796	4.268594714947523e-6	0.013247686640345997	0.006066680889472341	0.001456131576179971	4.7106312020161414e-7	2.0841235646583548e-7	4.268594714947523e-6	0.9996794695539826	0.00020128242479015376	9.217580948375958e-5	2.2124141551959157e-5	0.0014619557538226823	0.0006468127744166546	0.013247686640345997	0.00020128242479015376	0.6297096078808628	0.28606984766790905	0.06866280685788091	0.0006694919100787664	0.00029620316392973023	0.006066680889472341	9.217580948375958e-5	0.28606984766790905	0.6753619719852559	0.031443628573883387	0.0001606922018849625	7.109501683382697e-5	0.001456131576179971	2.2124141551959157e-5	0.06866280685788091	0.031443628573883387	0.8981835216317879
0.8280738296249929	0.014833715969661413	0.025393728650456915	0.03496749813245127	0.03547819409374598	0.028528123080316038	0.03272491044837462	0.014833715969661413	0.6194842936296087	0.059111873143406234	0.08139782629797307	0.0825866314275561	0.06640815989473756	0.0761774996370548	0.025393728650456915	0.059111873143406234	0.3906792820280074	0.13934433677813868	0.14137944348644058	0.11368363773393816	0.13040769817960887	0.03496749813245127	0.08139782629797307	0.13934433677813868	0.21349200884467678	0.19468135200342698	0.1565438634424497	0.17957311450087865	0.03547819409374598	0.0825866314275561	0.14137944348644058	0.19468135200342698	0.20484845438571486	0.15883016709856787	0.18219575750454275	0.028528123080316038	0.06640815989473756	0.11368363773393816	0.1565438634424497	0.15883016709856787	0.3295018895735968	0.14650415917638968	0.03272491044837462	0.0761774996370548	0.13040769817960887	0.17957311450087865	0.18219575750454275	0.14650415917638968	0.2524168605531462
0.6982955002777218	0.0423945206097652	0.04444267128922617	0.05784384610667624	0.05801031075406061	0.04351875921100288	0.05549439175154542	0.0423945206097652	0.372356658677932	0.10030474357501894	0.13055048184130072	0.13092618369012823	0.09821952319101121	0.12524788841483994	0.04444267128922617	0.10030474357501894	0.3468800430269736	0.13685759545507342	0.13725144809286807	0.10296467374977622	0.13129882481105945	0.05784384610667624	0.13055048184130072	0.13685759545507342	0.19120708373640785	0.1786380388733955	0.13401248327415483	0.170890470712986	0.05801031075406061	0.13092618369012823	0.13725144809286807	0.1786380388733955	0.1893936063049654	0.13439814816808657	0.17138226411649035	0.04351875921100288	0.09821952319101121	0.10296467374977622	0.13401248327415483	0.13439814816808657	0.3583171393203175	0.12856927308564667	0.05549439175154542	0.12524788841483994	0.13129882481105945	0.170890470712986	0.17138226411649035	0.12856927308564667	0.21711688710742721
0.7606279629062925	0.031031387848356275	0.03095830047320325	0.049016265769595994	0.04942959587734161	0.03173386776770505	0.047202619357505096	0.031031387848356275	0.45419766257377703	0.07649219578432	0.12111006549308335	0.1221313272239267	0.0784084781521553	0.11662888292438042	0.03095830047320325	0.07649219578432	0.4553030158552006	0.12082481828355617	0.12184367466470594	0.07822380481798512	0.1163541901210283	0.049016265769595994	0.12111006549308335	0.12082481828355617	0.20805853717800335	0.19291504534878823	0.12385172144014127	0.18422354648683045	0.04942959587734161	0.1221313272239267	0.12184367466470594	0.19291504534878823	0.2030072414542428	0.12489610220974054	0.18577701322125295	0.03173386776770505	0.0784084781521553	0.07822380481798512	0.12385172144014127	0.12489610220974054	0.44361693050431694	0.11926909510795493	0.047202619357505096	0.11662888292438042	0.1163541901210283	0.18422354648683045	0.18577701322125295	0.11926909510795493	0.23054465278104694
0.8703058332363576	0.014933793807380384	0.011273122813638431	0.03172321713816557	0.03189216123872366	0.009035085981197866	0.03083678578453682	0.014933793807380384	0.5877923880359165	0.03902493889968836	0.10981842662271957	0.11040327195002907	0.031277373998188265	0.10674980668607889	0.011273122813638431	0.03902493889968836	0.679269410169353	0.08289900252316539	0.08334048666890764	0.023610455783541314	0.08058258314170628	0.03172321713816557	0.10981842662271957	0.08289900252316539	0.24782920729088945	0.23452493144132158	0.06644118297426732	0.22676403200947332	0.03189216123872366	0.11040327195002907	0.08334048666890764	0.23452493144132158	0.24507244986434543	0.0667950199085453	0.2279716789281295	0.009035085981197866	0.031277373998188265	0.023610455783541314	0.06644118297426732	0.0667950199085453	0.7382562423586213	0.06458463899563915	0.03083678578453682	0.10674980668607889	0.08058258314170628	0.22676403200947332	0.2279716789281295	0.06458463899563915	0.26251047445443815
0.9092196932432322	0.011907069801865764	0.004532206752026548	0.023560839815762593	0.02341128343242671	0.00485177054209446	0.022517136412592214	0.011907069801865764	0.5631757748789987	0.024416550844622176	0.12693031778533392	0.12612460629915215	0.026138150488063953	0.12130752990196565	0.004532206752026548	0.024416550844622176	0.818608065870895	0.0483136869839651	0.0480070077506506	0.009949005431120171	0.046173476366721415	0.023560839815762593	0.12693031778533392	0.0483136869839651	0.2598742586460266	0.24956615651777014	0.051720262581569296	0.2400344776695771	0.02341128343242671	0.12612460629915215	0.0480070077506506	0.24956615651777014	0.2629881679078591	0.05139195953815627	0.23851081855398976	0.00485177054209446	0.026138150488063953	0.009949005431120171	0.051720262581569296	0.05139195953815627	0.8065197047098395	0.04942914670915734	0.022517136412592214	0.12130752990196565	0.046173476366721415	0.2400344776695771	0.23851081855398976	0.04942914670915734	0.28202741438600115
0.9510858843956308	0.0059823531929086285	0.001827102594184317	0.01287305267141443	0.012180712969315543	0.003789258332107056	0.012261635844439525	0.0059823531929086285	0.5938588331500884	0.017030076694993936	0.11998728204463852	0.11353411501216705	0.03531895812437234	0.11428838178083534	0.001827102594184317	0.017030076694993936	0.8641294170154944	0.03664595974586629	0.034675063370221054	0.01078695254727224	0.03490542803196895	0.01287305267141443	0.11998728204463852	0.03664595974586629	0.2642560228149446	0.24430698011720903	0.07600066287852658	0.24593003972740957	0.012180712969315543	0.11353411501216705	0.034675063370221054	0.24430698011720903	0.2906865325654296	0.07191318824141274	0.2327034077242536	0.003789258332107056	0.03531895812437234	0.01078695254727224	0.07600066287852658	0.07191318824141274	0.7298000345474044	0.07239094532890729	0.012261635844439525	0.11428838178083534	0.03490542803196895	0.24593003972740957	0.2327034077242536	0.07239094532890729	0.28752016156219445
0.8980698765284816	0.022798810354462774	0.008397056593612935	0.020657168700815395	0.019152111473145994	0.010715888281815803	0.02020908806766505	0.022798810354462774	0.222961793782595	0.08003646903754559	0.1968936167923102	0.18254817742803092	0.10213839231829314	0.19262274028675713	0.008397056593612935	0.08003646903754559	0.6632500032848949	0.07251811903433528	0.06723453342924178	0.03761871112320842	0.07094510749715911	0.020657168700815395	0.1968936167923102	0.07251811903433528	0.277458576664415	0.16540023091244635	0.09254386383086194	0.17452842406481137	0.019152111473145994	0.18254817742803092	0.06723453342924178	0.16540023091244635	0.3180512343821055	0.08580122580759822	0.16181248656742697	0.010715888281815803	0.10213839231829314	0.03761871112320842	0.09254386383086194	0.08580122580759822	0.5806454505787774	0.09053646805944263	0.02020908806766505	0.19262274028675713	0.07094510749715911	0.17452842406481137	0.16181248656742697	0.09053646805944263	0.2893456854567332
0.42315803713857153	0.12686945806622948	0.09457554229494111	0.08670074644531854	0.08668047476043023	0.06716911636855628	0.11484662492595611	0.12686945806622948	0.19634890794267804	0.14224644698923578	0.13040235174861764	0.1303718620989696	0.10102578234272235	0.172735190811552	0.09457554229494111	0.14224644698923578	0.3647057861396154	0.09720915751624845	0.09718642883754358	0.07531023066123524	0.12876640756118413	0.08670074644531854	0.13040235174861764	0.09720915751624845	0.40950922966868725	0.08909423853254053	0.06903955351305952	0.11804472257553153	0.08668047476043023	0.1303718620989696	0.09718642883754358	0.08909423853254053	0.40962646225218224	0.06902341122904204	0.11801712228929535	0.06716911636855628	0.10102578234272235	0.07531023066123524	0.06903955351305952	0.06902341122904204	0.5269798707824306	0.09145203510295671	0.11484662492595611	0.172735190811552	0.12876640756118413	0.11804472257553153	0.11801712228929535	0.09145203510295671	0.25613789673352877
0.2923889492023522	0.19962867834586961	0.17429796555091315	0.051604835965499515	0.03457718639127917	0.08664350012243455	0.1608588844216493	0.19962867834586961	0.22977857376392785	0.19578072096351787	0.05796528925966366	0.03883892998508444	0.09732257555133587	0.1806852321305979	0.17429796555091315	0.19578072096351787	0.30266886509662316	0.05061012312582197	0.033910691272753396	0.08497339691536286	0.15775823707500541	0.051604835965499515	0.05796528925966366	0.05061012312582197	0.7579135643266633	0.010040023445345183	0.025158286818716173	0.046707877058289556	0.03457718639127917	0.03883892998508444	0.033910691272753396	0.010040023445345183	0.8344801286504973	0.01685700102210548	0.031296039232934655	0.08664350012243455	0.09732257555133587	0.08497339691536286	0.025158286818716173	0.01685700102210548	0.610623636712433	0.07842160285761107	0.1608588844216493	0.1806852321305979	0.15775823707500541	0.046707877058289556	0.031296039232934655	0.07842160285761107	0.3442721272239101
0.2853244012936811	0.22660978920161193	0.19181674879520202	0.04238001028790201	0.01738913499357317	0.09047841781875259	0.1460014976092735	0.22660978920161193	0.24903189070189732	0.20608021747455085	0.045531382382198976	0.018682188826982752	0.09720638128816102	0.1568581501245933	0.19181674879520202	0.20608021747455085	0.3326924708735395	0.038540619835863744	0.015813777214988865	0.08228158230292891	0.13277458350292298	0.04238001028790201	0.045531382382198976	0.038540619835863744	0.8225395608480539	0.0034938974060985764	0.018179300433384303	0.02933522880649789	0.01738913499357317	0.018682188826982752	0.015813777214988865	0.0034938974060985764	0.9251250987141738	0.007459231538107589	0.012036671306074873	0.09047841781875259	0.09720638128816102	0.08228158230292891	0.018179300433384303	0.007459231538107589	0.6417663833519093	0.06262870326675463	0.1460014976092735	0.1568581501245933	0.13277458350292298	0.02933522880649789	0.012036671306074873	0.06262870326675463	0.46036516538388017
0.24631495557086028	0.19954994645475807	0.17010206257718616	0.08791610841325255	0.039925820801796165	0.10257188367689986	0.15361922250524757	0.19954994645475807	0.21619195000540692	0.17934887873526423	0.09269526323074409	0.04209620438986732	0.10814773229965055	0.16197002488430948	0.17010206257718616	0.17934887873526423	0.30539289342943154	0.07901608467862764	0.03588400458433945	0.09218820978930561	0.1380678662058457	0.08791610841325255	0.09269526323074409	0.07901608467862764	0.6028198307776067	0.018546406725120763	0.04764685697201693	0.07135944920263161	0.039925820801796165	0.04209620438986732	0.03588400458433945	0.018546406725120763	0.8095025819776461	0.021638126477249754	0.032406855043980456	0.10257188367689986	0.10814773229965055	0.09218820978930561	0.04764685697201693	0.021638126477249754	0.5445519915390857	0.08325519924579179	0.15361922250524757	0.16197002488430948	0.1380678662058457	0.07135944920263161	0.032406855043980456	0.08325519924579179	0.3593213829121938
