0.21266841023740318	0.005589355937717188	0.19190319494665065	0.001500229723271586	0.1933567641357853	0.19592558208944982	0.1990564629297217	0.005589355937717188	0.972600710259706	0.005353933556603826	4.185511481594227e-5	0.005394486882778082	0.005466154687197672	0.005553503561181347	0.19190319494665065	0.005353933556603826	0.2377477166999165	0.0014370403938380612	0.1852126218903349	0.18767324182511547	0.1906722506875401	0.001500229723271586	4.185511481594227e-5	0.0014370403938380612	0.9926151813961985	0.0014479252446119402	0.001467161480698883	0.001490606646565012	0.1933567641357853	0.005394486882778082	0.1852126218903349	0.0014479252446119402	0.23337693447835367	0.18909477126873853	0.1921164960993969	0.19592558208944982	0.005466154687197672	0.18767324182511547	0.001467161480698883	0.18909477126873853	0.2257042520270465	0.1946688366217522	0.1990564629297217	0.005553503561181347	0.1906722506875401	0.001490606646565012	0.1921164960993969	0.1946688366217522	0.21644184345384207
0.19618199873068437	0.07306501341772581	0.17072107426098682	0.036925043724151195	0.17519954518948522	0.17172970275375382	0.17617762192320838	0.07306501341772581	0.6223613087043981	0.07115557013567893	0.015390147641996593	0.07302217127811439	0.07157596073929129	0.07342982808279289	0.17072107426098682	0.07115557013567893	0.21272702647534922	0.03596006372373334	0.17062097086325956	0.16724180749564507	0.1715734870453428	0.036925043724151195	0.015390147641996593	0.03596006372373334	0.8015394238760949	0.036903392487746926	0.03617251754661654	0.03710941099965963	0.17519954518948522	0.07302217127811439	0.17062097086325956	0.036903392487746926	0.19655059319741947	0.17162900794023558	0.17607431904373458	0.17172970275375382	0.07157596073929129	0.16724180749564507	0.03617251754661654	0.17162900794023558	0.20906385188974197	0.17258715163471136	0.17617762192320838	0.07342982808279289	0.1715734870453428	0.03710941099965963	0.17607431904373458	0.17258715163471136	0.19304818127054588
0.2355996289218248	0.13375685575580742	0.13515766157788908	0.08749245179768841	0.1345069138940483	0.13581468301865884	0.1376718050340828	0.13375685575580742	0.18589932788480118	0.1458092837775521	0.09438763281067258	0.14510725140592773	0.1465180843337819	0.14852156403145664	0.13515766157788908	0.1458092837775521	0.17890046070643778	0.09537613351089148	0.1466269273989608	0.14805253566650248	0.1500769973617658	0.08749245179768841	0.09438763281067258	0.09537613351089148	0.43483680922855283	0.09491692315425083	0.09583977104296189	0.09715027845498171	0.1345069138940483	0.14510725140592773	0.1466269273989608	0.09491692315425083	0.1821478644043148	0.14733970264211488	0.14935441710038222	0.13581468301865884	0.1465180843337819	0.14805253566650248	0.09583977104296189	0.14733970264211488	0.17562867938922427	0.15080654390675546	0.1376718050340828	0.14852156403145664	0.1500769973617658	0.09715027845498171	0.14935441710038222	0.15080654390675546	0.16641839411057485
0.19532260479196117	0.13172882123439555	0.14256090368697802	0.09773159892206193	0.13947019219627307	0.1458128835497567	0.14737299561857373	0.13172882123439555	0.2391449315437017	0.13327735551552616	0.09136732945546167	0.13038791076953138	0.1363175668574277	0.13777608462395605	0.14256090368697802	0.13327735551552616	0.18753911386253225	0.09888047985686685	0.141109729935911	0.14752698261092972	0.14910543453125633	0.09773159892206193	0.09136732945546167	0.09888047985686685	0.4119296212183559	0.09673675722747703	0.10113605849729458	0.1022181548224823	0.13947019219627307	0.13038791076953138	0.141109729935911	0.09673675722747703	0.20209396501110655	0.1443286068392259	0.14587283802047535	0.1458128835497567	0.1363175668574277	0.14752698261092972	0.10113605849729458	0.1443286068392259	0.17237119889830743	0.1525067027470582	0.14737299561857373	0.13777608462395605	0.14910543453125633	0.1022181548224823	0.14587283802047535	0.1525067027470582	0.16514778963619853
0.17071620891560096	0.14172462601229158	0.15099856227405345	0.09583938652030675	0.12989969841870497	0.15752022055762183	0.15330129730141756	0.14172462601229158	0.24053811956222906	0.13566459734644953	0.08610685814749866	0.11670833162910862	0.1415239785997999	0.13773348870261978	0.15099856227405345	0.13566459734644953	0.1997191284918461	0.0917413730277229	0.12434529394962339	0.15078478523570285	0.146746259674599	0.09583938652030675	0.08610685814749866	0.0917413730277229	0.4585457963525721	0.07892245137533263	0.09570370138596448	0.09314043319060049	0.12989969841870497	0.11670833162910862	0.12434529394962339	0.07892245137533263	0.29416686700746186	0.12971579221196783	0.12624156540779802	0.15752022055762183	0.1415239785997999	0.15078478523570285	0.09570370138596448	0.12971579221196783	0.17166726185555126	0.15308426015338886	0.15330129730141756	0.13773348870261978	0.146746259674599	0.09314043319060049	0.12624156540779802	0.15308426015338886	0.18975269556957333
0.17081308884275886	0.15194311699025695	0.1594682168195727	0.08622029005685126	0.12761203749670522	0.1541435754684161	0.14979967432543523	0.15194311699025695	0.21435868105796466	0.1492146892114645	0.0806764761100428	0.11940680653786247	0.14423241299228354	0.1401678171001217	0.1594682168195727	0.1492146892114645	0.18283916232211672	0.08467204069125649	0.12532052054673606	0.15137563427067566	0.14710973613817405	0.08622029005685126	0.0806764761100428	0.08467204069125649	0.5192904428734969	0.0677575246473125	0.08184484253137747	0.07953838308966052	0.12761203749670522	0.11940680653786247	0.12532052054673606	0.0677575246473125	0.3210446909526613	0.12113607025839668	0.11772234956032272	0.1541435754684161	0.14423241299228354	0.15137563427067566	0.08184484253137747	0.12113607025839668	0.20506972020852782	0.14219774427031914	0.14979967432543523	0.1401678171001217	0.14710973613817405	0.07953838308966052	0.11772234956032272	0.14219774427031914	0.22346429551596317
0.17402586722089208	0.14438524341845893	0.16061582674540859	0.06851609238878886	0.13597551604417177	0.1621826139799325	0.154298840202344	0.14438524341845893	0.2587941479498804	0.14064025539499425	0.05999483940957112	0.1190644265351959	0.14201218343769167	0.13510890385420501	0.16061582674540859	0.14064025539499425	0.19128357880148156	0.06673895824865407	0.13244865507823492	0.15797600717864912	0.15029671855257437	0.06851609238878886	0.05999483940957112	0.06673895824865407	0.6167455561233063	0.056500436301932425	0.06738998841142353	0.06411412911632232	0.13597551604417177	0.1190644265351959	0.13244865507823492	0.056500436301932425	0.2950308135048729	0.13374067508779086	0.1272394774477986	0.1621826139799325	0.14201218343769167	0.15797600717864912	0.06738998841142353	0.13374067508779086	0.18493568772290642	0.1517628441816026	0.154298840202344	0.13510890385420501	0.15029671855257437	0.06411412911632232	0.1272394774477986	0.1517628441816026	0.21717908664515004
0.17569967504845832	0.12138720338793905	0.15962512594237538	0.07813479455219766	0.14279497263398508	0.16193408046197252	0.16042414797306942	0.12138720338793905	0.3558015132389156	0.11872564957514735	0.0581149376256668	0.1062077525824816	0.12044299904353621	0.11931994454631152	0.15962512594237538	0.11872564957514735	0.1902734419762389	0.07642159946615978	0.1396640288997691	0.15838348981283246	0.15690666432747447	0.07813479455219766	0.0581149376256668	0.07642159946615978	0.5646334540992165	0.06836405070937959	0.07752702692590652	0.07680413662147191	0.14279497263398508	0.1062077525824816	0.1396640288997691	0.06836405070937959	0.26092181280625243	0.1416842490176826	0.1403631333504474	0.16193408046197252	0.12044299904353621	0.15838348981283246	0.07752702692590652	0.1416842490176826	0.18085185804779896	0.15917629669026814	0.16042414797306942	0.11931994454631152	0.15690666432747447	0.07680413662147191	0.1403631333504474	0.15917629669026814	0.18700567649095445
0.168972221491133	0.1307237387258034	0.15051809391981014	0.1068654720915491	0.13314397717798201	0.15623357229685997	0.15354292429686123	0.1307237387258034	0.2862864220378432	0.1253034601994518	0.08896347993918273	0.11083983732883448	0.13006148761455472	0.1278215741543285	0.15051809391981014	0.1253034601994518	0.19718861176810615	0.10243444350231007	0.127623346820824	0.14975556390090888	0.14717647988858765	0.1068654720915491	0.08896347993918273	0.10243444350231007	0.40030897497043055	0.09061056284154721	0.10632408780789435	0.10449297884708521	0.13314397717798201	0.11083983732883448	0.127623346820824	0.09061056284154721	0.2751247292717726	0.1324694650526278	0.13018808150641084	0.15623357229685997	0.13006148761455472	0.14975556390090888	0.10632408780789435	0.1324694650526278	0.17239075294749995	0.152765070379653	0.15354292429686123	0.1278215741543285	0.14717647988858765	0.10449297884708521	0.13018808150641084	0.152765070379653	0.1840128909270723
0.16474084384402005	0.14296631090010417	0.14626471214751213	0.11895226390778561	0.12691705356397912	0.153643599734998	0.14651521590159775	0.14296631090010417	0.22377874647772616	0.1337914331100547	0.10880815766319321	0.11609371962052684	0.14054105802362973	0.13402057420476224	0.14626471214751213	0.1337914331100547	0.20895713355592144	0.11131849006741404	0.11877213852356577	0.14378350582954036	0.13711258676598864	0.11895226390778561	0.10880815766319321	0.11131849006741404	0.33588410435079624	0.09659346098667022	0.11693438068488368	0.11150914233925462	0.12691705356397912	0.11609371962052684	0.11877213852356577	0.09659346098667022	0.2978840136525475	0.12476405718817715	0.11897555646453106	0.153643599734998	0.14054105802362973	0.14378350582954036	0.11693438068488368	0.12476405718817715	0.17630363845242808	0.14402976008633991	0.14651521590159775	0.13402057420476224	0.13711258676598864	0.11150914233925462	0.11897555646453106	0.14402976008633991	0.20783716423752277
0.17084527914900496	0.13709205109918338	0.1524643754835777	0.10243770245661607	0.12890685086553935	0.16021752865066277	0.14803621229541614	0.13709205109918338	0.2750821032634476	0.12950055589669066	0.08700878071245213	0.10949120929418192	0.1360859476769354	0.12573935205710943	0.1524643754835777	0.12950055589669066	0.20831711992490332	0.09676519759204769	0.12176861249162962	0.1513454562704284	0.13983868234072325	0.10243770245661607	0.08700878071245213	0.09676519759204769	0.43633379314426757	0.08181384572893954	0.10168592347174804	0.09395475689392906	0.12890685086553935	0.10949120929418192	0.12176861249162962	0.08181384572893954	0.3118266892949133	0.12796081772381335	0.11823197460098334	0.16021752865066277	0.1360859476769354	0.1513454562704284	0.10168592347174804	0.12796081772381335	0.17575453532356447	0.14694979088284796	0.14803621229541614	0.12573935205710943	0.13983868234072325	0.09395475689392906	0.11823197460098334	0.14694979088284796	0.2272492309289913
0.18544865580450393	0.12357166222420639	0.1634144873545089	0.05835105600080499	0.1413326963794405	0.1751416274704018	0.1527398147661356	0.12357166222420639	0.3910937641789299	0.11478007618615624	0.04098497484366565	0.09927013155715454	0.12301705723807382	0.10728233377181481	0.1634144873545089	0.11478007618615624	0.23177420970922197	0.054199632284327164	0.13127749004940806	0.16268106281475747	0.14187304160162215	0.05835105600080499	0.04098497484366565	0.054199632284327164	0.6908402291969354	0.04687577152752835	0.05808916920555068	0.05065916694118843	0.1413326963794405	0.09927013155715454	0.13127749004940806	0.04687577152752835	0.3178434405072402	0.1406983776634441	0.12270209231578598	0.1751416274704018	0.12301705723807382	0.16268106281475747	0.05808916920555068	0.1406983776634441	0.1883184061234235	0.15205429948435062	0.1527398147661356	0.10728233377181481	0.14187304160162215	0.05065916694118843	0.12270209231578598	0.15205429948435062	0.27268925111910397
0.19322703365206356	0.09395679046091168	0.17002376757549667	0.03273541083309779	0.15746922942934638	0.18138164527404368	0.17120612277504238	0.09395679046091168	0.5369245420197287	0.0880436621068422	0.01695142680000987	0.08154252682317484	0.09392512891940227	0.08865592286993138	0.17002376757549667	0.0880436621068422	0.23330055812242867	0.030675222473855863	0.14755897429116652	0.16996647299840154	0.16043134243181034	0.03273541083309779	0.01695142680000987	0.030675222473855863	0.8276148533851438	0.02841016708671026	0.03272437966053608	0.03088853976064684	0.15746922942934638	0.08154252682317484	0.14755897429116652	0.02841016708671026	0.27901782888392623	0.15741616547814524	0.14858510800753247	0.18138164527404368	0.09392512891940227	0.16996647299840154	0.03272437966053608	0.15741616547814524	0.19343777790135802	0.1711484297681153	0.17120612277504238	0.08865592286993138	0.16043134243181034	0.03088853976064684	0.14858510800753247	0.1711484297681153	0.2290845343869233
0.19972978388948934	0.08209285065009703	0.17213085493090757	0.02969210111602033	0.1635067140503146	0.17973771903703345	0.17310997632613745	0.08209285065009703	0.5855316269838927	0.07966288771338607	0.01374162998336048	0.0756715988368458	0.08318337659598955	0.08011602923642841	0.17213085493090757	0.07966288771338607	0.21832282036792167	0.0288132096577065	0.1586668863198935	0.17441745068077263	0.16798589032941214	0.02969210111602033	0.01374162998336048	0.0288132096577065	0.8413198171487868	0.027369603400072655	0.030086532621305704	0.028977106072747425	0.1635067140503146	0.0756715988368458	0.1586668863198935	0.027369603400072655	0.24953702970732503	0.16567874623810525	0.15956942144744324	0.17973771903703345	0.08318337659598955	0.17441745068077263	0.030086532621305704	0.16567874623810525	0.19148659604829216	0.1754095787785012	0.17310997632613745	0.08011602923642841	0.16798589032941214	0.028977106072747425	0.15956942144744324	0.1754095787785012	0.21483199780932982
0.18387536784951716	0.11394717775009529	0.1642189711068163	0.044268847487421256	0.15633917676458134	0.17315926889825495	0.1641911901433155	0.11394717775009529	0.4287576184473301	0.10694810462786514	0.0288302216298761	0.10181636458541139	0.11277050076857123	0.1069300121908518	0.1642189711068163	0.10694810462786514	0.22391791634025054	0.041549684918245164	0.14673622431195996	0.16252316181126059	0.15410593688360416	0.044268847487421256	0.0288302216298761	0.041549684918245164	0.7604408980497439	0.03955598729650403	0.043811704670323234	0.04154265594788683	0.15633917676458134	0.10181636458541139	0.14673622431195996	0.03955598729650403	0.25411610786692884	0.15472473826560637	0.14671140090900972	0.17315926889825495	0.11277050076857123	0.16252316181126059	0.043811704670323234	0.15472473826560637	0.19051495785775263	0.16249566772823298	0.1641911901433155	0.1069300121908518	0.15410593688360416	0.04154265594788683	0.14671140090900972	0.16249566772823298	0.22402313619710088
0.18122106150265713	0.12933578000249807	0.16155791753258658	0.06310082336276568	0.14085783120007644	0.16666525481326083	0.15726133158615763	0.12933578000249807	0.33344263730178636	0.12588768063687883	0.04916884558018461	0.10975794897666946	0.12986737320975855	0.12253973429222599	0.16155791753258658	0.12588768063687883	0.19874261188427955	0.06141855176705565	0.13710255328398777	0.16222194949294444	0.1530687354022695	0.06310082336276568	0.04916884558018461	0.06141855176705565	0.6496173389998895	0.05354911804685833	0.06336017904200264	0.05978514320124442	0.14085783120007644	0.10975794897666946	0.13710255328398777	0.05354911804685833	0.28383941573728694	0.1414367821002369	0.1334563506548861	0.16666525481326083	0.12986737320975855	0.16222194949294444	0.06336017904200264	0.1414367821002369	0.17854075753262355	0.15790770380917532	0.15726133158615763	0.12253973429222599	0.1530687354022695	0.05978514320124442	0.1334563506548861	0.15790770380917532	0.2159810010540432
0.18745187132137153	0.11812673834246402	0.1636638151585314	0.04809954340831655	0.1502770278881126	0.16936242162546533	0.1630185822557393	0.11812673834246402	0.39281013358291544	0.11526421637920763	0.033875271536270825	0.10583624634768084	0.11927759837344	0.11480979543802176	0.1636638151585314	0.11526421637920763	0.20317604711025056	0.04693396479875788	0.14663541973962133	0.165258324124291	0.159068212689341	0.04809954340831655	0.033875271536270825	0.04693396479875788	0.7326791036201449	0.04309502824512991	0.04856815739693225	0.046748930994448046	0.1502770278881126	0.10583624634768084	0.14663541973962133	0.04309502824512991	0.25635784279621476	0.15174111491359954	0.14605732006964184	0.16936242162546533	0.11927759837344	0.165258324124291	0.04856815739693225	0.15174111491359954	0.18118557858249523	0.16460680498377736	0.1630185822557393	0.11480979543802176	0.159068212689341	0.046748930994448046	0.14605732006964184	0.16460680498377736	0.20569035356903131
0.20145565340257618	0.0706636507851805	0.17148853043908513	0.022171679830526248	0.17051397865174417	0.18449571512299573	0.1792107917678873	0.0706636507851805	0.6481556259034621	0.06624611602682458	0.008564932423188383	0.06586964612173507	0.07127079880617089	0.06922922993343657	0.17148853043908513	0.06624611602682458	0.24065601784071883	0.020785618323454644	0.1598543054094212	0.1729619742920664	0.1680074376684249	0.022171679830526248	0.008564932423188383	0.020785618323454644	0.8837264820648457	0.020667495779420685	0.022362180765328775	0.02172161081323501	0.17051397865174417	0.06586964612173507	0.1598543054094212	0.020667495779420685	0.2440628563883065	0.17197904907393802	0.1670526685754301	0.18449571512299573	0.07127079880617089	0.1729619742920664	0.022362180765328775	0.17197904907393802	0.1961796960008715	0.18075058593862395	0.1792107917678873	0.06922922993343657	0.1680074376684249	0.02172161081323501	0.1670526685754301	0.18075058593862395	0.2140276753029576
0.20725844799143567	0.05843860350359671	0.16713116494294267	0.020602899765655366	0.1743282101997018	0.1906684745688593	0.18157219902780805	0.05843860350359671	0.7143027892331744	0.051725239361417624	0.006376368658003655	0.053952644936720785	0.05900977528109469	0.056194579025992224	0.16713116494294267	0.051725239361417624	0.2791278987944932	0.018236060720585645	0.1543015722384968	0.1687646845486925	0.16071337939337124	0.020602899765655366	0.006376368658003655	0.018236060720585645	0.8951472994756415	0.01902134666265318	0.02080426999312902	0.01981175472433149	0.1743282101997018	0.053952644936720785	0.1543015722384968	0.01902134666265318	0.2547300927987435	0.17603207284730382	0.16763406031637965	0.1906684745688593	0.05900977528109469	0.1687646845486925	0.02080426999312902	0.17603207284730382	0.20137385922292173	0.18334686353799856	0.18157219902780805	0.056194579025992224	0.16071337939337124	0.01981175472433149	0.16763406031637965	0.18334686353799856	0.2307271639741184
0.18563810512086862	0.10178914192351332	0.16486046829697446	0.050546028031396836	0.15835068207943426	0.17204214440116827	0.1667734301466368	0.10178914192351332	0.47631770660199646	0.09760898411407952	0.029926801119228512	0.09375473314622881	0.10186104111724154	0.09874159197770742	0.16486046829697446	0.09760898411407952	0.212311072485167	0.04847026268139446	0.15184772088126533	0.16497691819059	0.1599245733505222	0.050546028031396836	0.029926801119228512	0.04847026268139446	0.7248861535657353	0.04655633479302096	0.050581731433478286	0.04903268837574341	0.15835068207943426	0.09375473314622881	0.15184772088126533	0.04655633479302096	0.23741830629473704	0.15846253375784194	0.153609689047465	0.17204214440116827	0.10186104111724154	0.16497691819059	0.050581731433478286	0.15846253375784194	0.18518439983067386	0.16689123126899857	0.1667734301466368	0.09874159197770742	0.1599245733505222	0.04903268837574341	0.153609689047465	0.16689123126899857	0.20502679583291947
0.18917724766735736	0.09066903912364496	0.16279071931436456	0.05648122243336904	0.1584016282644886	0.17325799533651232	0.16922214786025902	0.09066903912364496	0.5302489225393496	0.08569148026058612	0.02973117618515088	0.08338110464060952	0.09120135441318981	0.08907692283746682	0.16279071931436456	0.08569148026058612	0.22475298135410585	0.05338051008396136	0.14970567828738948	0.1637464588890265	0.15993217181056218	0.05648122243336904	0.02973117618515088	0.05338051008396136	0.6961635486375217	0.051941288486845066	0.05681282204624754	0.05548943212690305	0.1584016282644886	0.08338110464060952	0.14970567828738948	0.051941288486845066	0.2416185490588164	0.15933159961335225	0.15562015164849496	0.17325799533651232	0.09120135441318981	0.1637464588890265	0.05681282204624754	0.15933159961335225	0.18543412353695637	0.17021564616471105	0.16922214786025902	0.08907692283746682	0.15993217181056218	0.05548943212690305	0.15562015164849496	0.17021564616471105	0.20044352755159878
0.1962111786026025	0.07471218289923694	0.1654752636956404	0.04270389063310391	0.16587711623911125	0.17959870072310366	0.1754216672072029	0.07471218289923694	0.6197161363820896	0.06935423764091722	0.01789811790001128	0.06952266267420645	0.07527367348911054	0.07352298901442861	0.1654752636956404	0.06935423764091722	0.2419875027186022	0.03964140337265231	0.15398132529942268	0.16671887350352493	0.16284139376924164	0.04270389063310391	0.01789811790001128	0.03964140337265231	0.7749699171163897	0.03973767153029885	0.04302482668142976	0.04202417276611425	0.16587711623911125	0.06952266267420645	0.15398132529942268	0.03973767153029885	0.24052062810921593	0.1671237461223425	0.16323685002540367	0.17959870072310366	0.07527367348911054	0.16671887350352493	0.04302482668142976	0.1671237461223425	0.19152015144410844	0.17674002803638153	0.1754216672072029	0.07352298901442861	0.16284139376924164	0.04202417276611425	0.16323685002540367	0.17674002803638153	0.20621289918122862
0.19290546565449798	0.08550546631593017	0.16634783639843528	0.04301583065167847	0.1625975816897541	0.176441674466724	0.1731861448229839	0.08550546631593017	0.5626937181746322	0.08110059741204638	0.020971776005974885	0.0792722123611408	0.08602170919349406	0.08443452053678344	0.16634783639843528	0.08110059741204638	0.22591394250000024	0.04079984256370978	0.1542212630484924	0.1673521685123794	0.16426434956494027	0.04301583065167847	0.020971776005974885	0.04079984256370978	0.7695799235706788	0.039880024157887446	0.043275540552731744	0.042477062497339756	0.1625975816897541	0.0792722123611408	0.1542212630484924	0.039880024157887446	0.23988858091110327	0.16357927148191667	0.16056106634970893	0.176441674466724	0.08602170919349406	0.1673521685123794	0.043275540552731744	0.16357927148191667	0.1890978722788326	0.1742317635139255	0.1731861448229839	0.08443452053678344	0.16426434956494027	0.042477062497339756	0.16056106634970893	0.1742317635139255	0.20084509271432216
0.18990397692510283	0.10671689408711538	0.1637762327120165	0.05519365646871621	0.1511600087622766	0.1690983320407523	0.16415089900401977	0.10671689408711538	0.4434747807497961	0.10473428895128899	0.03529613710822992	0.09666626086964608	0.10813775158865115	0.10497388664527174	0.1637762327120165	0.10473428895128899	0.20191141910865829	0.05416825905890606	0.14835173166362894	0.1659567936326911	0.16110127487280942	0.05519365646871621	0.03529613710822992	0.05416825905890606	0.6951257501914139	0.049995499214952555	0.05592851969259103	0.05429217826519016	0.1511600087622766	0.09666626086964608	0.14835173166362894	0.049995499214952555	0.2519627938564778	0.15317259387562113	0.14869111175739638	0.1690983320407523	0.10813775158865115	0.1659567936326911	0.05592851969259103	0.15317259387562113	0.18136956083696668	0.16633644833272598	0.16415089900401977	0.10497388664527174	0.16110127487280942	0.05429217826519016	0.14869111175739638	0.16633644833272598	0.20045420112258572
0.18844483520248673	0.11066208015030558	0.16628647307407032	0.05837222047712649	0.14567574142330444	0.17039492376641382	0.1601637259062935	0.11066208015030558	0.42960241086706963	0.10907197975011125	0.03828798297390171	0.0955528205323561	0.1117668282392004	0.10505589748705589	0.16628647307407032	0.10907197975011125	0.19771668336898318	0.05753347163908872	0.1435825306828125	0.16794652377154612	0.15786233771338856	0.05837222047712649	0.03828798297390171	0.05753347163908872	0.681033945490444	0.05040236275832004	0.058954954860296074	0.05541506180082312	0.14567574142330444	0.0955528205323561	0.1435825306828125	0.05040236275832004	0.27936075751613065	0.14713003359562893	0.13829575349144813	0.17039492376641382	0.1117668282392004	0.16794652377154612	0.058954954860296074	0.14713003359562893	0.18204408302077832	0.1617626527461371	0.1601637259062935	0.10505589748705589	0.15786233771338856	0.05541506180082312	0.13829575349144813	0.1617626527461371	0.2214445708548544
0.19520627836349805	0.0942705880000272	0.16834269991445172	0.05785007500721625	0.1469859601424046	0.1725633284290582	0.16478107014334367	0.0942705880000272	0.5111091364691875	0.09349652316574056	0.03212958376455084	0.0816351183299109	0.0958406348610527	0.09151841540953003	0.16834269991445172	0.09349652316574056	0.20043223870927124	0.05737506249616754	0.14577904433447453	0.17114639439843188	0.16342803698146238	0.05785007500721625	0.03212958376455084	0.05737506249616754	0.6875743572476481	0.05009619456926435	0.058813549730373206	0.056161177184779636	0.1469859601424046	0.0816351183299109	0.14577904433447453	0.05009619456926435	0.2833749234887769	0.14943396487253668	0.1426947942626318	0.1725633284290582	0.0958406348610527	0.17114639439843188	0.058813549730373206	0.14943396487253668	0.1846766808998653	0.16752544680868178	0.16478107014334367	0.09151841540953003	0.16342803698146238	0.056161177184779636	0.1426947942626318	0.16752544680868178	0.2138910592095704
0.19528647533856028	0.09586718737428224	0.1673863497953621	0.0591157746734826	0.1458069592367606	0.1710713355938584	0.1654659179876942	0.09586718737428224	0.4997320270586238	0.09549484534196125	0.03372587888209548	0.08318368277412484	0.09759715027509909	0.09439922829381343	0.1673863497953621	0.09549484534196125	0.19776181337697119	0.058886172780624094	0.14524065432038907	0.170406905453458	0.16482325893123453	0.0591157746734826	0.03372587888209548	0.058886172780624094	0.6785844739769487	0.05129458766936559	0.060182543187707375	0.05821056882977629	0.1458069592367606	0.08318368277412484	0.14524065432038907	0.05129458766936559	0.28246170893553313	0.14843810589985937	0.1435743011639676	0.1710713355938584	0.09759715027509909	0.170406905453458	0.060182543187707375	0.14843810589985937	0.1838521409275628	0.16845181866245523	0.1654659179876942	0.09439922829381343	0.16482325893123453	0.05821056882977629	0.1435743011639676	0.16845181866245523	0.20507490613105883
0.20073062979106226	0.1086686285275486	0.1675169847719102	0.039232635424608725	0.15124445259335909	0.16895768599145966	0.16364898290004723	0.1086686285275486	0.4356445074990737	0.11053461840648496	0.025887311615860928	0.09979733026037571	0.11148525251536343	0.10798235117528993	0.1675169847719102	0.11053461840648496	0.1898825720471427	0.039906313758625446	0.15384152795548106	0.1718589219442871	0.16645906111606434	0.039232635424608725	0.025887311615860928	0.039906313758625446	0.7797095187236283	0.03602983057306205	0.040249521195041854	0.03898486870917159	0.15124445259335909	0.09979733026037571	0.15384152795548106	0.03602983057306205	0.2536329476598347	0.15516461574412882	0.15028929521375467	0.16895768599145966	0.11148525251536343	0.1718589219442871	0.040249521195041854	0.15516461574412882	0.18439333876583455	0.1678906638438803	0.16364898290004723	0.10798235117528993	0.16645906111606434	0.03898486870917159	0.15028929521375467	0.1678906638438803	0.2047447770417879
0.23732119443267102	0.033791709492913595	0.18153602176326655	0.005309555267994915	0.17030174129191683	0.18699018523067673	0.18474959252055895	0.033791709492913595	0.8274525608046783	0.03455838812718205	0.0010107617758274637	0.032419756790615636	0.0355966784685979	0.03517014454018474	0.18153602176326655	0.03455838812718205	0.2241360149171066	0.0054300203951673925	0.17416560933489372	0.19123268677870658	0.1889412586836757	0.005309555267994915	0.0010107617758274637	0.0054300203951673925	0.9720363707038708	0.005093985863332105	0.005593162776381604	0.005526143217425593	0.17030174129191683	0.032419756790615636	0.17416560933489372	0.005093985863332105	0.2613718662189686	0.17939833226495974	0.17724870823531194	0.18699018523067673	0.0355966784685979	0.19123268677870658	0.005593162776381604	0.17939833226495974	0.2065710455069389	0.19461790897373688	0.18474959252055895	0.03517014454018474	0.1889412586836757	0.005526143217425593	0.17724870823531194	0.19461790897373688	0.2137462438291046
0.5505742500394791	0.00019528504664117702	0.039626961465675285	3.920029717915249e-5	0.21005001546223714	0.0008631942225127912	0.19865109346627757	0.00019528504664117702	0.9990757005486316	6.430691589357637e-5	6.361452204420237e-8	0.0003408706642691943	1.4007977451168719e-6	0.00032237241229732516	0.039626961465675285	6.430691589357637e-5	0.8254272417194298	1.2908567537866069e-5	0.06916898610569974	0.0002842478685474868	0.06541534735721687	3.920029717915249e-5	6.361452204420237e-8	1.2908567537866069e-5	0.9998144110721415	6.842424224912482e-5	2.8118736606272053e-7	6.47110190041085e-5	0.21005001546223714	0.0003408706642691943	0.06916898610569974	6.842424224912482e-5	0.37211888568110696	0.0015067082353822378	0.3467461096090594	0.0008631942225127912	1.4007977451168719e-6	0.0002842478685474868	2.8118736606272053e-7	0.0015067082353822378	0.995919224977375	0.0014249427110712928	0.19865109346627757	0.00032237241229732516	0.06541534735721687	6.47110190041085e-5	0.3467461096090594	0.0014249427110712928	0.387375423425077
0.2533650927739078	0.004233960914056754	0.17578489296744107	0.0015239434437646507	0.18352885105479622	0.19075787752491488	0.19080538132111616	0.004233960914056754	0.9781858592206321	0.004162615970957019	3.608723827607266e-5	0.0043459942070994	0.0045171787755285	0.004518303673450104	0.17578489296744107	0.004162615970957019	0.26298427977456074	0.0014982640243062341	0.18043627280444144	0.18754348556568415	0.18759018889260717	0.0015239434437646507	3.608723827607266e-5	0.0014982640243062341	0.9921252664951236	0.0015642679545197853	0.0016258829779048861	0.00162628786610469	0.18352885105479622	0.0043459942070994	0.18043627280444144	0.0015642679545197853	0.23846494912929406	0.1958054520365239	0.1958542128133229	0.19075787752491488	0.0045171787755285	0.18754348556568415	0.0016258829779048861	0.1958054520365239	0.2161813995870977	0.20356872353234354	0.19080538132111616	0.004518303673450104	0.18759018889260717	0.00162628786610469	0.1958542128133229	0.20356872353234354	0.21603690190105299
0.21667109675084328	0.055977066963146804	0.1790137714737217	0.021064975867122422	0.16624656930127832	0.1829266283163159	0.17809989132757814	0.055977066963146804	0.714514346684894	0.05648600248025088	0.0066468421355580995	0.05245743971861796	0.05772066526343283	0.05619763675410174	0.1790137714737217	0.05648600248025088	0.2111767496767737	0.021256495626326255	0.1677580594222207	0.18458977115721467	0.17971915016349851	0.021064975867122422	0.0066468421355580995	0.021256495626326255	0.8884221004337028	0.01974048948386697	0.021721116999734134	0.02114797945369013	0.16624656930127832	0.05245743971861796	0.1677580594222207	0.01974048948386697	0.2554709108981312	0.17142489055653326	0.16690164061935758	0.1829266283163159	0.05772066526343283	0.18458977115721467	0.021721116999734134	0.17142489055653326	0.19796950263641802	0.1836474250703578	0.17809989132757814	0.05619763675410174	0.17971915016349851	0.02114797945369013	0.16690164061935758	0.1836474250703578	0.2142862766114226
0.18759947935045035	0.13848552043449486	0.1620711426141232	0.06838365843870622	0.13374019234899903	0.16335580456239668	0.14636420225083474	0.13848552043449486	0.2807179990963752	0.1396768868267585	0.05893471451166614	0.11526057883972862	0.14078404001063444	0.12614026028034636	0.1620711426141232	0.1396768868267585	0.182004810951456	0.06897195093447257	0.13489073552462896	0.16476112560192643	0.14762334754663914	0.06838365843870622	0.05893471451166614	0.06897195093447257	0.6149881393587214	0.05691526471572032	0.06951865924685031	0.06228761279386507	0.13374019234899903	0.11526057883972862	0.13489073552462896	0.05691526471572032	0.3014153240540175	0.13595995113147946	0.1218179533854301	0.16335580456239668	0.14078404001063444	0.16476112560192643	0.06951865924685031	0.13595995113147946	0.17682693084837103	0.14879348859834662	0.14636420225083474	0.12614026028034636	0.14762334754663914	0.06228761279386507	0.1218179533854301	0.14879348859834662	0.2469731351445425
0.18620001933151398	0.15570370896105837	0.1532542444408513	0.07779349069021162	0.12735091329932954	0.157504112944744	0.1421935103322922	0.15570370896105837	0.17986072452584934	0.15473050844278732	0.07854285805886042	0.12857765628190337	0.15902131498339245	0.14356322874614985	0.1532542444408513	0.15473050844278732	0.19032865221462184	0.07730725522438363	0.12655492728427456	0.1565196592963985	0.14130475309668405	0.07779349069021162	0.07854285805886042	0.07730725522438363	0.5509369123394199	0.06424063224747663	0.07945105013394192	0.07172780130570638	0.12735091329932954	0.12857765628190337	0.12655492728427456	0.06424063224747663	0.30579032124056865	0.13006440137055636	0.11742114827589184	0.157504112944744	0.15902131498339245	0.1565196592963985	0.07945105013394192	0.13006440137055636	0.17221620906956442	0.14522325220140345	0.1421935103322922	0.14356322874614985	0.14130475309668405	0.07172780130570638	0.11742114827589184	0.14522325220140345	0.2385663060418733
0.19862937861794897	0.14858618225645634	0.15638180050255604	0.06208205657881906	0.12798926895179114	0.157513981592213	0.1488173315002174	0.14858618225645634	0.2123818446298688	0.15308724372792618	0.06077414952424235	0.12529286878406093	0.15419557271416032	0.14568213836328736	0.15638180050255604	0.15308724372792618	0.17909099162191797	0.06396268335509786	0.13186639641069703	0.16228548929902545	0.15332539508278165	0.06208205657881906	0.06077414952424235	0.06396268335509786	0.6355369743660193	0.052349679160268184	0.0644257637155083	0.06086869330004582	0.12798926895179114	0.12529286878406093	0.13186639641069703	0.052349679160268184	0.3041929154854026	0.13282108960323993	0.12548778160454177	0.157513981592213	0.15419557271416032	0.16228548929902545	0.0644257637155083	0.13282108960323993	0.17432265482627896	0.15443544824957625	0.1488173315002174	0.14568213836328736	0.15332539508278165	0.06086869330004582	0.12548778160454177	0.15443544824957625	0.21138321189955198
0.18124520420157555	0.1704898555739323	0.15596830125379468	0.060923344571725296	0.12048409499084534	0.15699965471781085	0.1538895446903152	0.1704898555739323	0.18373655277928197	0.1553688990936819	0.06068920991715747	0.12002106227063106	0.1563962889606774	0.15329813140463705	0.15596830125379468	0.1553688990936819	0.24002855941041978	0.055519977674620545	0.10979821135990465	0.14307516086208766	0.14024089034548984	0.060923344571725296	0.06068920991715747	0.055519977674620545	0.6693116780899198	0.04288867808564303	0.05588710818022017	0.054780003480713345	0.12048409499084534	0.12002106227063106	0.10979821135990465	0.04288867808564303	0.3879488790341636	0.11052426123490167	0.10833481302391003	0.15699965471781085	0.1563962889606774	0.14307516086208766	0.05588710818022017	0.11052426123490167	0.23594928105756827	0.14116824498673305	0.1538895446903152	0.15329813140463705	0.14024089034548984	0.054780003480713345	0.10833481302391003	0.14116824498673305	0.24828837206820065
0.20594692217369726	0.19336982536035166	0.19397607781627127	0.09365181932080165	0.06299783535805037	0.07430850400739808	0.17574901596342715	0.19336982536035166	0.2144641503737332	0.1912256456819864	0.0923239082907717	0.062104574329629694	0.073254866365203	0.17325702959832184	0.19397607781627127	0.1912256456819864	0.2126008709295495	0.0926133619117649	0.062299284391765894	0.07348453478714631	0.17380022448151303	0.09365181932080165	0.0923239082907717	0.0926133619117649	0.5719434645529897	0.03007814876636035	0.03547839739948444	0.08391089975782617	0.06299783535805037	0.062104574329629694	0.062299284391765894	0.03007814876636035	0.7022091996055122	0.023865657435698722	0.05644530011298185	0.07430850400739808	0.073254866365203	0.07348453478714631	0.03547839739948444	0.023865657435698722	0.6530285172991616	0.06657952270590689	0.17574901596342715	0.17325702959832184	0.17380022448151303	0.08391089975782617	0.05644530011298185	0.06657952270590689	0.27025800738002087
0.2714987313431514	0.16722182247259293	0.1522214877854535	0.11374789115419	0.03942382607875998	0.08887746094256053	0.167008780223288	0.16722182247259293	0.19919716021218375	0.1718299961703636	0.12840039856238472	0.04450223146998935	0.1003262679636693	0.1885221231488122	0.1522214877854535	0.1718299961703636	0.25561804490221846	0.11688247031642544	0.0405102383407206	0.09132667942244692	0.1716110830623679	0.11374789115419	0.12840039856238472	0.11688247031642544	0.4142169550497161	0.030271377901030638	0.06824409182663899	0.12823681518961133	0.03942382607875998	0.04450223146998935	0.0405102383407206	0.030271377901030638	0.7771941045422011	0.023652686478638392	0.04444553518865916	0.08887746094256053	0.1003262679636693	0.09132667942244692	0.06824409182663899	0.023652686478638392	0.527374362056178	0.10019845130986595	0.167008780223288	0.1885221231488122	0.1716110830623679	0.12823681518961133	0.04444553518865916	0.10019845130986595	0.19997721187739143
0.9100895852025517	0.020363108873234764	0.016957266574797687	0.012764221638292663	0.007010898383113786	0.012404313670959625	0.020410605657049892	0.020363108873234764	0.23089242371387375	0.18256148619417403	0.1374192746289562	0.07547914769941952	0.13354451491343128	0.21974004397691083	0.016957266574797687	0.18256148619417403	0.32899549314468207	0.11443514283133001	0.06285484384262707	0.1112084580545371	0.1829873093578527	0.012764221638292663	0.1374192746289562	0.11443514283133001	0.4666191097423614	0.0473126464285202	0.08370980077476428	0.1377398039557754	0.007010898383113786	0.07547914769941952	0.06285484384262707	0.0473126464285202	0.6857086719634138	0.04597858949283122	0.0756552021900745	0.012404313670959625	0.13354451491343128	0.1112084580545371	0.08370980077476428	0.04597858949283122	0.47929831669836526	0.1338560063951115	0.020410605657049892	0.21974004397691083	0.1829873093578527	0.1377398039557754	0.0756552021900745	0.1338560063951115	0.22961102846722573
0.9815918783860668	0.0040930657651484705	0.0030805772072076926	0.0025624136939904653	0.001892484467829582	0.0025939880486888158	0.004185592431068138	0.0040930657651484705	0.24341742441570308	0.1619345433995318	0.13469660509277345	0.09948090490043926	0.13635635207111552	0.22002110435528469	0.0030805772072076926	0.1619345433995318	0.39051360198401874	0.10137713766297182	0.07487263234275761	0.10262631835162535	0.165595189051884	0.0025624136939904653	0.13469660509277345	0.10137713766297182	0.4759792993951116	0.062278802158020605	0.08536422424107751	0.13774151775605203	0.001892484467829582	0.09948090490043926	0.07487263234275761	0.062278802158020605	0.5966992258605526	0.06304620868341401	0.10172974158698474	0.0025939880486888158	0.13635635207111552	0.10262631835162535	0.08536422424107751	0.06304620868341401	0.4705741241074825	0.13943878449659378	0.004185592431068138	0.22002110435528469	0.165595189051884	0.13774151775605203	0.10172974158698474	0.13943878449659378	0.2312880703221287
0.921417202558117	0.021145948839725228	0.010245311889035756	0.014498957122017913	0.004007826275128349	0.006911538292293196	0.02177321502368243	0.021145948839725228	0.28867152633646614	0.12311147633048301	0.17422485873311871	0.04815953042241538	0.08305161346913009	0.2616350458686599	0.010245311889035756	0.12311147633048301	0.5918946157684551	0.08441276530427803	0.023333519500445498	0.040238898208264894	0.12676341299903698	0.014498957122017913	0.17422485873311871	0.08441276530427803	0.4575040203074259	0.033021122480886095	0.05694527078118901	0.17939300527108348	0.004007826275128349	0.04815953042241538	0.023333519500445498	0.033021122480886095	0.8261489749222238	0.015740908160530104	0.04958811823837038	0.006911538292293196	0.08305161346913009	0.040238898208264894	0.05694527078118901	0.015740908160530104	0.7115965430024438	0.08551522808614845	0.02177321502368243	0.2616350458686599	0.12676341299903698	0.17939300527108348	0.04958811823837038	0.08551522808614845	0.27533197451301694
