0.6167174809398119	0.054077382264352346	0.0676738566998944	0.04920489653143839	0.07335559183355064	0.06707695997431816	0.07189383175663536	0.054077382264352346	0.36377912043651545	0.11966974755752095	0.08701052125082093	0.12971693331417966	0.11861423684849806	0.1271320583281145	0.0676738566998944	0.11966974755752095	0.2339045968022769	0.10888725193328644	0.16233117782478673	0.1484369718159235	0.1590963973663135	0.04920489653143839	0.08701052125082093	0.10888725193328644	0.413264127350599	0.11802916514890491	0.10792684495627321	0.11567719282867886	0.07335559183355064	0.12971693331417966	0.16233117782478673	0.11802916514890491	0.18321399663508525	0.16089938491054162	0.17245375033295374	0.06707695997431816	0.11861423684849806	0.1484369718159235	0.10792684495627321	0.16089938491054162	0.2393524656425483	0.15769313585189954	0.07189383175663536	0.1271320583281145	0.1590963973663135	0.11567719282867886	0.17245375033295374	0.15769313585189954	0.19605363353540703
0.8585931553363239	0.023328218861002614	0.014922572119205285	0.02728244628318269	0.01986549897897601	0.027720872600135046	0.028287235821174653	0.023328218861002614	0.3126536240421513	0.0839174640658387	0.15342353096425085	0.11171413905064484	0.1558890325148191	0.15907399050129356	0.014922572119205285	0.0839174640658387	0.5300817224912149	0.09814181353658474	0.07146119070003129	0.099718943145904	0.10175629394122149	0.02728244628318269	0.15342353096425085	0.09814181353658474	0.22215154295393624	0.13065013732429584	0.18231285384726037	0.18603767509049043	0.01986549897897601	0.11171413905064484	0.07146119070003129	0.13065013732429584	0.3980974894032615	0.13274967260503487	0.13546187193775627	0.027720872600135046	0.1558890325148191	0.099718943145904	0.18231285384726037	0.13274967260503487	0.2125813424515936	0.18902728283525413	0.028287235821174653	0.15907399050129356	0.10175629394122149	0.18603767509049043	0.13546187193775627	0.18902728283525413	0.20035564987281063
0.7675619223876737	0.03788729225260258	0.03048162800229598	0.04084355534212193	0.04208236869695832	0.03993188659064376	0.04121134672770251	0.03788729225260258	0.24684673048605343	0.11206570768278469	0.15016133434051185	0.15471583173435735	0.14680958410594483	0.15151351939774094	0.03048162800229598	0.11206570768278469	0.372157328200862	0.1208099513467199	0.12447420094183548	0.11811335315423063	0.12189783067126805	0.04084355534212193	0.15016133434051185	0.1208099513467199	0.1997965800201379	0.16678797190397185	0.15826481695252753	0.16333579009400448	0.04208236869695832	0.15471583173435735	0.12447420094183548	0.16678797190397185	0.18058465026369863	0.1630650985930274	0.16828987786614635	0.03993188659064376	0.14680958410594483	0.11811335315423063	0.15826481695252753	0.1630650985930274	0.21412528769128458	0.15968997291233686	0.04121134672770251	0.15151351939774094	0.12189783067126805	0.16333579009400448	0.16828987786614635	0.15968997291233686	0.1940616623307964
0.9726369226084897	0.0015780069546128342	0.0032300177722339317	0.004119749231602701	0.006429651239483352	0.0063227291594399205	0.005682923034137668	0.0015780069546128342	0.7702011430481643	0.028588535497289937	0.03646345173703174	0.05690814282053784	0.05596178713573564	0.05029893280662879	0.0032300177722339317	0.028588535497289937	0.5595546521133488	0.07463693160750588	0.11648510937029623	0.11454801671564711	0.10295673692368021	0.004119749231602701	0.03646345173703174	0.07463693160750588	0.45879011178689716	0.14857176451061296	0.14610108585239165	0.13131690527396075	0.006429651239483352	0.05690814282053784	0.11648510937029623	0.14857176451061296	0.23864186020070965	0.22801849698391674	0.2049449748744475	0.0063227291594399205	0.05596178713573564	0.11454801671564711	0.14610108585239165	0.22801849698391674	0.24751104794595696	0.201536836206916	0.005682923034137668	0.05029893280662879	0.10295673692368021	0.13131690527396075	0.2049449748744475	0.201536836206916	0.30326269088023294
0.9997424856312432	1.063360688584079e-7	1.7816251517295635e-6	2.0451972901063713e-6	9.20625417289911e-5	8.998872987333283e-5	7.152993864389171e-5	1.063360688584079e-7	0.998852539037969	7.941305631455595e-6	9.116135760427782e-6	0.00041035387290576776	0.0004011101923526891	0.0003188331193118643	1.7816251517295635e-6	7.941305631455595e-6	0.9808997892271283	0.0001527377956673	0.006875341442723885	0.006720466676854485	0.005341941926843159	2.0451972901063713e-6	9.116135760427782e-6	0.0001527377956673	0.9780967158844608	0.007892473719044876	0.0077146869095387005	0.006132224358237851	9.20625417289911e-5	0.00041035387290576776	0.006875341442723885	0.007892473719044876	0.36142469532671484	0.34726903314964214	0.27603603994724896	8.998872987333283e-5	0.0004011101923526891	0.006720466676854485	0.0077146869095387005	0.34726903314964214	0.36798669533418477	0.26981801900756325	7.152993864389171e-5	0.0003188331193118643	0.005341941926843159	0.006132224358237851	0.27603603994724896	0.26981801900756325	0.44228141170215873
0.9982050101388695	3.421029159887493e-6	1.0207120215894101e-5	6.435333172239627e-5	0.0006810769785183141	0.0004959267483817193	0.0005400046531323193	3.421029159887493e-6	0.995012504192837	2.8395811266778553e-5	0.00017902846477031416	0.0018947296525457606	0.0013796489167695112	0.001502271932650533	1.0207120215894101e-5	2.8395811266778553e-5	0.985175433956026	0.0005341565290947868	0.005653191608805187	0.004116376005885197	0.004482238968706083	6.435333172239627e-5	0.00017902846477031416	0.0005341565290947868	0.9093683973246467	0.03564195455689946	0.02595271780853014	0.028259391984336222	0.0006810769785183141	0.0018947296525457606	0.005653191608805187	0.03564195455689946	0.3823806654395139	0.27466796444387676	0.29908041731984003	0.0004959267483817193	0.0013796489167695112	0.004116376005885197	0.02595271780853014	0.27466796444387676	0.475611720232894	0.21777564584366224	0.0005400046531323193	0.001502271932650533	0.004482238968706083	0.028259391984336222	0.29908041731984003	0.21777564584366224	0.44836002929767216
0.1621481203753568	0.14023646420661462	0.13363472135128443	0.13934254164677903	0.14623669143506762	0.13795813368959736	0.1404433272953017	0.14023646420661462	0.19002326809192074	0.1282949775391487	0.13377472613444846	0.14039340115615165	0.13244563601493714	0.13483152685678018	0.13363472135128443	0.1282949775391487	0.22211397771565738	0.12747717472741446	0.1337842703693644	0.12621065258015066	0.12848422571698134	0.13934254164677903	0.13377472613444846	0.12747717472741446	0.1943336465044607	0.13949847821827277	0.131601375268238	0.13397205750038815	0.14623669143506762	0.14039340115615165	0.1337842703693644	0.13949847821827277	0.16137414209159145	0.13811252098670698	0.14060049574284675	0.13795813368959736	0.13244563601493714	0.12621065258015066	0.131601375268238	0.13811252098670698	0.20103067462298674	0.13264100683738467	0.1404433272953017	0.13483152685678018	0.12848422571698134	0.13397205750038815	0.14060049574284675	0.13264100683738467	0.1890273600503187
0.19717858120709955	0.18564747931329634	0.1845475720318096	0.11588264367242578	0.012780962885663808	0.1580950993080431	0.14586766158166153	0.18564747931329634	0.2046894732303936	0.18230166241375162	0.11447237345795214	0.01262542094513908	0.15617111136176676	0.14409247927770027	0.1845475720318096	0.18230166241375162	0.20832137233300968	0.1137941579628579	0.012550619000718612	0.15524584298117758	0.14323877327667484	0.11588264367242578	0.11447237345795214	0.1137941579628579	0.46054299755249556	0.00788088888689342	0.0974832586836323	0.08994367978374279	0.012780962885663808	0.01262542094513908	0.012550619000718612	0.00788088888689342	0.9334903608273533	0.010751652462564047	0.009920094991667726	0.1580950993080431	0.15617111136176676	0.15524584298117758	0.0974832586836323	0.010751652462564047	0.2995456604234018	0.12270737477941407	0.14586766158166153	0.14409247927770027	0.14323877327667484	0.08994367978374279	0.009920094991667726	0.12270737477941407	0.34422993630913873
0.19134037671193316	0.1724201113347385	0.180161631906137	0.09270489832493303	0.022345788094518485	0.1719433090097789	0.1690838846179677	0.1724201113347385	0.22526016380577052	0.17055668898460588	0.087762529366923	0.021154468850161843	0.1627765088908805	0.1600695287669259	0.180161631906137	0.17055668898460588	0.19813283958119096	0.09170299443931224	0.022104287026897596	0.1700850396786419	0.1672565183832211	0.09270489832493303	0.087762529366923	0.09170299443931224	0.5428712703217878	0.011374095914280381	0.08751983506796596	0.08606437656480082	0.022345788094518485	0.021154468850161843	0.022104287026897596	0.011374095914280381	0.8811802483737002	0.021095969294321396	0.020745142446120798	0.1719433090097789	0.1627765088908805	0.1700850396786419	0.08751983506796596	0.021095969294321396	0.22695245790643842	0.15962688015197934	0.1690838846179677	0.1600695287669259	0.1672565183832211	0.08606437656480082	0.020745142446120798	0.15962688015197934	0.23715366906899057
0.1739942123263409	0.15991981517467052	0.15993417298318868	0.13530848281382704	0.058623917641215745	0.1522698876064957	0.15994951145426342	0.15991981517467052	0.19098585724962475	0.15585430222981755	0.13185680571806854	0.05712843982949395	0.1483855303770364	0.15586924942129038	0.15993417298318868	0.15585430222981755	0.19092721571160304	0.13186864399318315	0.05713356889495165	0.14839885262249852	0.1558832435647592	0.13530848281382704	0.13185680571806854	0.13186864399318315	0.2951989859609278	0.048336489824021334	0.12554930084750332	0.13188129084247013	0.058623917641215745	0.05712843982949395	0.05713356889495165	0.048336489824021334	0.6672428929193768	0.05439564260670375	0.05713904828423754	0.1522698876064957	0.1483855303770364	0.14839885262249852	0.12554930084750332	0.05439564260670375	0.22258770113995166	0.1484130847998126	0.15994951145426342	0.15586924942129038	0.1558832435647592	0.13188129084247013	0.05713904828423754	0.1484130847998126	0.1908645716331688
0.17974966482757326	0.1636421672883419	0.165971945507407	0.1503519669814385	0.03234704219941951	0.14238764272616475	0.1655495704696522	0.1636421672883419	0.1975647885939902	0.16146878685725524	0.14627261032504751	0.03146940072548354	0.13852437449094102	0.1610578717189374	0.165971945507407	0.16146878685725524	0.18843933126345735	0.14835509766451563	0.03191743148425537	0.14049654997508718	0.16335085724801926	0.1503519669814385	0.14627261032504751	0.14835509766451563	0.25085504101957024	0.028913613020454264	0.12727411598556945	0.14797755500340143	0.03234704219941951	0.03146940072548354	0.03191743148425537	0.028913613020454264	0.8161342822027046	0.02738202421513567	0.031836206152546544	0.14238764272616475	0.13852437449094102	0.14049654997508718	0.12727411598556945	0.02738202421513567	0.2837962864049597	0.14013900620213973	0.1655495704696522	0.1610578717189374	0.16335085724801926	0.14797755500340143	0.031836206152546544	0.14013900620213973	0.19008893320530035
0.17887257220217478	0.1618760518995394	0.1667441141087306	0.1306884382035875	0.0502508136231882	0.15485225610555703	0.15671575385722195	0.1618760518995394	0.21584948056331915	0.1573915635452108	0.12335822308385341	0.04743228369917292	0.14616671081453733	0.1479256863943666	0.1667441141087306	0.1573915635452108	0.1970010990291506	0.12706794726442688	0.048858704130497	0.1505623495319902	0.15237422238999362	0.1306884382035875	0.12335822308385341	0.12706794726442688	0.34316006560713164	0.03829381186613947	0.11800571443120093	0.11942579954365969	0.0502508136231882	0.04743228369917292	0.048858704130497	0.03829381186613947	0.7238699545106848	0.04537419869625979	0.045920233474057534	0.15485225610555703	0.14616671081453733	0.1505623495319902	0.11800571443120093	0.04537419869625979	0.2435315739863169	0.1415071964341376	0.15671575385722195	0.1479256863943666	0.15237422238999362	0.11942579954365969	0.045920233474057534	0.1415071964341376	0.2361311079065627
0.1983644033330548	0.13316571205170635	0.14684599026481288	0.040464423490696136	0.16532573735172798	0.16039376846957487	0.15543996503842983	0.13316571205170635	0.31164057132526096	0.12196207036796788	0.03360748806468491	0.13731031522322185	0.13321409758205197	0.12909974538510838	0.14684599026481288	0.12196207036796788	0.2534538705490388	0.03706002685777925	0.15141637364352797	0.14689934650050315	0.14236232181637276	0.040464423490696136	0.03360748806468491	0.03706002685777925	0.7674361935407343	0.0417238240927668	0.04047912616873963	0.03922891778459974	0.16532573735172798	0.13731031522322185	0.15141637364352797	0.0417238240927668	0.1785601172270307	0.165385808171448	0.16027782429027979	0.16039376846957487	0.13321409758205197	0.14689934650050315	0.04047912616873963	0.165385808171448	0.1981314092277476	0.15549644387993797	0.15543996503842983	0.12909974538510838	0.14236232181637276	0.03922891778459974	0.16027782429027979	0.15549644387993797	0.2180947818052744
0.9990837161861694	0.00016171203154019027	3.9525534357630205e-5	1.1174089188772209e-5	0.00024616322380963243	0.00021399975955543245	0.0002437091753789114	0.00016171203154019027	0.4629932321317635	0.028120701300001327	0.007949879223236313	0.17513444410802093	0.15225153598887928	0.17338849521656155	3.9525534357630205e-5	0.028120701300001327	0.8474977451650464	0.0019431035612148839	0.04280623044473752	0.037213207078131416	0.04237948691651159	1.1174089188772209e-5	0.007949879223236313	0.0019431035612148839	0.9554929839740868	0.01210156028497299	0.010520381359778301	0.011980917507522285	0.00024616322380963243	0.17513444410802093	0.04280623044473752	0.01210156028497299	0.27401193680205543	0.231762155060653	0.26393751007575517	0.00021399975955543245	0.15225153598887928	0.037213207078131416	0.010520381359778301	0.231762155060653	0.3385870471043413	0.22945167364866534	0.0002437091753789114	0.17338849521656155	0.04237948691651159	0.011980917507522285	0.26393751007575517	0.22945167364866534	0.2786182074596098
0.9999113313430074	1.718801272243796e-5	2.5957254703907374e-6	1.367747044503458e-5	1.8528046599526568e-5	1.799757785223346e-5	1.8681823902964722e-5	1.718801272243796e-5	0.26509842664777655	0.026686358752012116	0.1406165202290408	0.19048474277001823	0.18503105382699478	0.19206570976143503	2.5957254703907374e-6	0.026686358752012116	0.8663593178632852	0.02123583971052958	0.02876691485592708	0.02794330135705446	0.02900567173572101	1.367747044503458e-5	0.1406165202290408	0.02123583971052958	0.38647736890875994	0.1515794456019808	0.14723963793839684	0.1528375101408469	1.8528046599526568e-5	0.19048474277001823	0.02876691485592708	0.1515794456019808	0.22265390394358986	0.19945668199271624	0.20703978278916813	1.799757785223346e-5	0.18503105382699478	0.02794330135705446	0.14723963793839684	0.19945668199271624	0.23919921388253143	0.20111211342445412	1.8681823902964722e-5	0.19206570976143503	0.02900567173572101	0.1528375101408469	0.20703978278916813	0.20111211342445412	0.21792053032447167
0.9882617267888569	0.002298884701902532	0.0015319925176029104	0.002288053359003978	0.0009144706396685907	0.0023323505796744885	0.002372521413290529	0.002298884701902532	0.22721525249809593	0.1250482036599002	0.18676133149079066	0.07464325672373627	0.19037707230435602	0.19365599862121977	0.0015319925176029104	0.1250482036599002	0.4432957251492828	0.12445903101824154	0.049742777745939104	0.12686858547192478	0.12905368443710966	0.002288053359003978	0.18676133149079066	0.12445903101824154	0.22997633945480395	0.07429157022637932	0.18948009850291014	0.19274357594787195	0.0009144706396685907	0.07464325672373627	0.049742777745939104	0.07429157022637932	0.647643861406748	0.07572987150870135	0.07703419174882782	0.0023323505796744885	0.19037707230435602	0.12686858547192478	0.18948009850291014	0.07572987150870135	0.21873688729105445	0.19647513434138028	0.002372521413290529	0.19365599862121977	0.12905368443710966	0.19274357594787195	0.07703419174882782	0.19647513434138028	0.20866489349030146
0.9970287411032158	0.0006488354606136527	0.0005321931524915952	0.0004955378663231199	2.0099607219157862e-8	0.0006355152835891925	0.0006591570341591978	0.0006488354606136527	0.23643161318333994	0.1748262417654445	0.16278492576641418	6.602750852083652e-6	0.20876771543232853	0.21653406564100647	0.0005321931524915952	0.1748262417654445	0.3422708387746115	0.13352078929194602	5.415762553673574e-6	0.17123717083730136	0.17760735041565087	0.0004955378663231199	0.16278492576641418	0.13352078929194602	0.3783761659385765	5.042746994762276e-6	0.1594430553543508	0.16537448303539423	2.0099607219157862e-8	6.602750852083652e-6	5.415762553673574e-6	5.042746994762276e-6	0.9999697436530071	6.4672006000752624e-6	6.707786385219026e-6	0.0006355152835891925	0.20876771543232853	0.17123717083730136	0.1594430553543508	6.4672006000752624e-6	0.24782131612765695	0.21208875976417224	0.0006591570341591978	0.21653406564100647	0.17760735041565087	0.16537448303539423	6.707786385219026e-6	0.21208875976417224	0.2277294763232309
0.9999994578997181	1.516460905245834e-7	7.284287167012948e-8	1.6429699852895046e-8	7.956214319002726e-17	1.480063082932705e-7	1.5317531143848647e-7	1.516460905245834e-7	0.29278387696236	0.13193773659104757	0.02975853864298081	1.4410811724120444e-10	0.2680786310270983	0.27744106498632204	7.284287167012948e-8	0.13193773659104757	0.5917285344379768	0.01429444968849912	6.922202250326603e-11	0.12877099073151038	0.13326821563887614	1.6429699852895046e-8	0.02975853864298081	0.01429444968849912	0.8968440876682643	1.5613017813043968e-11	0.02904427954267779	0.030058628012265685	7.956214319002726e-17	1.4410811724120444e-10	6.922202250326603e-11	1.5613017813043968e-11	0.9999999994848461	1.406492600909276e-10	1.4556132415201977e-10	1.480063082932705e-7	0.2680786310270983	0.12877099073151038	0.02904427954267779	1.406492600909276e-10	0.3033239761828153	0.27078197436894785	1.5317531143848647e-7	0.27744106498632204	0.13326821563887614	0.030058628012265685	1.4556132415201977e-10	0.27078197436894785	0.2884499636727231
0.9999981996881848	4.970901472818424e-7	1.6559239756360035e-7	1.5915450965824155e-7	1.5628228480083696e-16	4.787283543714337e-7	4.997464061143794e-7	4.970901472818424e-7	0.2864364146397157	0.09066809239997739	0.08714310560075204	8.557045400202965e-11	0.26212185648177017	0.2736300337020739	1.6559239756360035e-7	0.09066809239997739	0.7018307960312686	0.0290294142148523	2.850552704833194e-11	0.0873189438696078	0.09115258786339313	1.5915450965824155e-7	0.08714310560075204	0.0290294142148523	0.712294391116555	2.7397291461913494e-11	0.08392416499740178	0.08760876488853402	1.5628228480083696e-16	8.557045400202965e-11	2.850552704833194e-11	2.7397291461913494e-11	0.9999999996900892	8.240960487994058e-11	8.602770964366722e-11	4.787283543714337e-7	0.26212185648177017	0.0873189438696078	0.08392416499740178	8.240960487994058e-11	0.30311202082927924	0.26352253501118367	4.997464061143794e-7	0.2736300337020739	0.09115258786339313	0.08760876488853402	8.602770964366722e-11	0.26352253501118367	0.2840855787023884
0.20795768083129137	0.1955859848209863	0.1848832836807337	0.17373929201054097	3.36874752769488e-6	0.14075964682003364	0.09707074308888873	0.1955859848209863	0.20630261746276948	0.18539630287870512	0.17422138855528477	3.37809522057668e-6	0.14115023054226486	0.09734009764477139	0.1848832836807337	0.18539630287870512	0.2395895866944196	0.16468778390741756	3.193241773116019e-6	0.13342631957413337	0.09201353002281973	0.17373929201054097	0.17422138855528477	0.16468778390741756	0.2754972571316375	3.000766504329863e-6	0.12538393864971042	0.08646733897890664	3.36874752769488e-6	3.37809522057668e-6	3.193241773116019e-6	3.000766504329863e-6	0.9999829514226248	2.4311531861959678e-6	1.6765731633916989e-6	0.14075964682003364	0.14115023054226486	0.13342631957413337	0.12538393864971042	2.4311531861959678e-6	0.38922354990882563	0.0700538833518476	0.09707074308888873	0.09734009764477139	0.09201353002281973	0.08646733897890664	1.6765731633916989e-6	0.0700538833518476	0.5570527303396037
0.18257708399000222	0.17142331940123834	0.15494439140849126	0.15647302684997147	0.061674469205348505	0.16842929705292198	0.10447841209202316	0.17142331940123834	0.1915042438284179	0.15280319293804182	0.15431070395004498	0.0608221809880866	0.16610174876317585	0.10303461013099158	0.15494439140849126	0.15280319293804182	0.2545359863745675	0.13947681210974655	0.05497534320449116	0.15013438348931235	0.09312989047534644	0.15647302684997147	0.15431070395004498	0.13947681210974655	0.24855749625369514	0.05551771364633807	0.15161556481830601	0.09404868237189509	0.061674469205348505	0.0608221809880866	0.05497534320449116	0.05551771364633807	0.6701807476136201	0.05975988112253891	0.03706966421957539	0.16842929705292198	0.16610174876317585	0.15013438348931235	0.15161556481830601	0.05975988112253891	0.20272408265386638	0.10123504209987559	0.10447841209202316	0.10303461013099158	0.09312989047534644	0.09404868237189509	0.03706966421957539	0.10123504209987559	0.46700369861029095
0.22964625735789077	0.11365832236745523	0.12482734117877305	0.11725083216506071	0.14279402532057667	0.13214407212057638	0.139679149489668	0.11365832236745523	0.30985360360605263	0.10958120200061966	0.10293007127195913	0.12535347453027848	0.11600428338444616	0.12261904283918922	0.12482734117877305	0.10958120200061966	0.2528024045182139	0.11304484226576345	0.13767175695720285	0.1274038359761648	0.13466861710326297	0.11725083216506071	0.10293007127195913	0.11304484226576345	0.2912928826894236	0.12931564444475244	0.11967094426718812	0.12649478289585336	0.14279402532057667	0.12535347453027848	0.13767175695720285	0.12931564444475244	0.16507195929984345	0.14574136089516196	0.1540517785521849	0.13214407212057638	0.11600428338444616	0.1274038359761648	0.11967094426718812	0.14574136089516196	0.21647331078852577	0.14256219256793742	0.139679149489668	0.12261904283918922	0.13466861710326297	0.12649478289585336	0.1540517785521849	0.14256219256793742	0.1799244365519049
0.9721750355944888	0.0015263681616704459	0.0024440298100472596	0.00139545586830922	0.007639249133134511	0.007224760846363632	0.007595100585986036	0.0015263681616704459	0.8127056365990695	0.017264135085681764	0.009857219628647601	0.053962119629408806	0.051034257724931094	0.05365026317059044	0.0024440298100472596	0.017264135085681764	0.7104824485715503	0.01578343889866803	0.0864044680041528	0.08171635804881014	0.08590512158108947	0.00139545586830922	0.009857219628647601	0.01578343889866803	0.8279239201049795	0.049333940784543756	0.04665719333998813	0.049048831374863745	0.007639249133134511	0.053962119629408806	0.0864044680041528	0.049333940784543756	0.27872952500253084	0.2554189866347052	0.2685117108115235	0.007224760846363632	0.051034257724931094	0.08171635804881014	0.04665719333998813	0.2554189866347052	0.3040055674428327	0.2539428759623686	0.007595100585986036	0.05365026317059044	0.08590512158108947	0.049048831374863745	0.2685117108115235	0.2539428759623686	0.28134609651357756
0.5567852976168763	0.06795358039843039	0.0715271727117391	0.04273571045802655	0.08984162115674102	0.08234228537294039	0.08881433228524567	0.06795358039843039	0.35410941680328134	0.11015849336330703	0.06581696575424821	0.1383644460242915	0.1268147719654785	0.13678232569096194	0.0715271727117391	0.11015849336330703	0.32593594798830017	0.06927819622254179	0.14564085615380173	0.13348379943471098	0.14397553412559802	0.04273571045802655	0.06581696575424821	0.06927819622254179	0.5693772651602704	0.08701679688265475	0.07975325721972605	0.08602180830253145	0.08984162115674102	0.1383644460242915	0.14564085615380173	0.08701679688265475	0.19063381020235765	0.16766216928084315	0.1808403002993087	0.08234228537294039	0.1268147719654785	0.13348379943471098	0.07975325721972605	0.16766216928084315	0.2441986709173546	0.16574504580894495	0.08881433228524567	0.13678232569096194	0.14397553412559802	0.08602180830253145	0.1808403002993087	0.16574504580894495	0.1978206534874078
0.165882501103432	0.14788688074668324	0.15333981779324238	0.13397948764471806	0.09893803858577688	0.1488410624309217	0.15113221169521945	0.14788688074668324	0.20487717679412243	0.14462636737705728	0.12636617729142002	0.09331593921264351	0.14038325130235457	0.142544207275713	0.15333981779324238	0.14462636737705728	0.18089184283660759	0.13102559539602357	0.09675671732222234	0.14555951188664712	0.14780014738819366	0.13397948764471806	0.12636617729142002	0.13102559539602357	0.2677675529879059	0.08454043835173684	0.12718150513706739	0.1291392431911229	0.09893803858577688	0.09331593921264351	0.09675671732222234	0.08454043835173684	0.4371671150129512	0.09391802345158778	0.09536372806307744	0.1488410624309217	0.14038325130235457	0.14555951188664712	0.12718150513706739	0.09391802345158778	0.2006527283217352	0.14346391746968046	0.15113221169521945	0.142544207275713	0.14780014738819366	0.1291392431911229	0.09536372806307744	0.14346391746968046	0.19055654491698704
0.1663942600954374	0.13477821971081935	0.14700820587010854	0.13779796091108287	0.10637387494673484	0.15348334221674462	0.15416413624907518	0.13477821971081935	0.26800126394806484	0.1256337423457316	0.11776263382308425	0.09090749675010158	0.13116741719477734	0.13174922622742347	0.14700820587010854	0.1256337423457316	0.2129787573708462	0.1284485991432075	0.09915658498865267	0.14306975349424594	0.1437043567872101	0.13779796091108287	0.11776263382308425	0.1284485991432075	0.25423914371402795	0.09294430294874487	0.1341062574219674	0.1347011020378876	0.10637387494673484	0.09090749675010158	0.09915658498865267	0.09294430294874487	0.4031104575954839	0.10352404463941273	0.1039832381308713	0.15348334221674462	0.13116741719477734	0.14306975349424594	0.1341062574219674	0.10352404463941273	0.18461521352587176	0.15003397150698283	0.15416413624907518	0.13174922622742347	0.1437043567872101	0.1347011020378876	0.1039832381308713	0.15003397150698283	0.18166396906055216
0.738725366657514	0.003508156066246958	0.0338355947745761	0.011823771176880566	0.07302295904777217	0.06731272970415271	0.07177142257285789	0.003508156066246958	0.9528791648704737	0.005724797698334322	0.0020005174571335904	0.012355085544302655	0.011388945950153216	0.012143332413355645	0.0338355947745761	0.005724797698334322	0.5950171529602553	0.01929466555672686	0.11916279093292183	0.10984453165767652	0.11712046641950993	0.011823771176880566	0.0020005174571335904	0.01929466555672686	0.8459274818928885	0.041641164642626786	0.03838492025941494	0.04092747901432919	0.07302295904777217	0.012355085544302655	0.11916279093292183	0.041641164642626786	0.2639889937136078	0.2370631516986749	0.2527658544200956	0.06731272970415271	0.011388945950153216	0.10984453165767652	0.03838492025941494	0.2370631516986749	0.30300558133694483	0.2330001393929844	0.07177142257285789	0.012143332413355645	0.11712046641950993	0.04092747901432919	0.2527658544200956	0.2330001393929844	0.2722713057668689
0.9999597937330574	7.053746068907483e-10	7.787559519639154e-8	2.4676891810723775e-9	1.4827695861120133e-5	1.4184628154461438e-5	1.1112894267915847e-5	7.053746068907483e-10	0.9999526973244534	9.162088371492487e-8	2.9032441156107747e-9	1.7444831013181257e-5	1.668825982519848e-5	1.3074355205751945e-5	7.787559519639154e-8	9.162088371492487e-8	0.9947876581140757	3.2052736417633563e-7	0.0019259647072358747	0.001842436847008089	0.0014434503078371692	2.4676891810723775e-9	2.9032441156107747e-9	3.2052736417633563e-7	0.9998345231269847	6.102916143610315e-5	5.8382365652617645e-5	4.5739447629036224e-5	1.4827695861120133e-5	1.7444831013181257e-5	0.0019259647072358747	6.102916143610315e-5	0.37234011739939443	0.35080429423187165	0.27483632197319646	1.4184628154461438e-5	1.668825982519848e-5	0.001842436847008089	5.8382365652617645e-5	0.35080429423187165	0.3843471675813961	0.2629168460861005	1.1112894267915847e-5	1.3074355205751945e-5	0.0014434503078371692	4.5739447629036224e-5	0.27483632197319646	0.2629168460861005	0.4607334549357699
0.9999353908273013	2.136343129651837e-7	1.2208459336320415e-6	1.2316062141690554e-7	2.1460304956241338e-5	2.123785170310416e-5	2.0353375171334635e-5	2.136343129651837e-7	0.9901547153173758	0.00018664825633809415	1.882933350041363e-5	0.003280945113729197	0.0032469354891967494	0.003111712855546643	1.2208459336320415e-6	0.00018664825633809415	0.9446175976450059	0.0001076031041920119	0.018749462317034206	0.018555109119560927	0.017782358711934922	1.2316062141690554e-7	1.882933350041363e-5	0.0001076031041920119	0.994316198919565	0.0018914716153649981	0.0018718649967772133	0.0017939088699789319	2.1460304956241338e-5	0.003280945113729197	0.018749462317034206	0.0018914716153649981	0.33730846194577696	0.3261658897592953	0.31258230894383743	2.123785170310416e-5	0.0032469354891967494	0.018555109119560927	0.0018718649967772133	0.3261658897592953	0.3407968198875653	0.3093421428958958	2.0353375171334635e-5	0.003111712855546643	0.017782358711934922	0.0017939088699789319	0.31258230894383743	0.3093421428958958	0.3553672143476295
0.9303972101393801	0.014271189359771761	0.012791922837173729	0.010712671177588777	0.004064505213912664	0.013393458312628588	0.014369042959544316	0.014271189359771761	0.2144680232188584	0.17830513469207876	0.14932268600628484	0.056654668641159145	0.18668986819448471	0.200288429887362	0.012791922837173729	0.17830513469207876	0.27740954242098576	0.13384478539793304	0.05078218299493886	0.16733870795364286	0.17952772370324643	0.010712671177588777	0.14932268600628484	0.13384478539793304	0.37310668127477475	0.04252783846725544	0.14013878729634408	0.15034655037981837	0.004064505213912664	0.056654668641159145	0.05078218299493886	0.04252783846725544	0.7357574741345172	0.053170196507944495	0.05704313404027198	0.013393458312628588	0.18668986819448471	0.16733870795364286	0.14013878729634408	0.053170196507944495	0.2512990327298691	0.1879699490050855	0.014369042959544316	0.200288429887362	0.17952772370324643	0.15034655037981837	0.05704313404027198	0.1879699490050855	0.21045517002467087
0.22306563336757038	0.21267573950777136	0.18385389598543733	0.16227780184240131	0.0006515589684930798	0.0865593875916825	0.13091598273662355	0.21267573950777136	0.22337641791481594	0.18375263222609645	0.16218842184757412	0.0006512001003264401	0.08651171207767287	0.13084387632572236	0.18385389598543733	0.18375263222609645	0.3037223651550829	0.1402086260963325	0.0005629493791262862	0.07478763375015499	0.11311189740775184	0.16227780184240131	0.16218842184757412	0.1402086260963325	0.36897960225891085	0.0004968846991439023	0.0660109634605243	0.09983769979509755	0.0006515589684930798	0.0006512001003264401	0.0005629493791262862	0.0004968846991439023	0.9969715105767102	0.00026503954806673724	0.0004008567281333401	0.0865593875916825	0.08651171207767287	0.07478763375015499	0.0660109634605243	0.00026503954806673724	0.6326115834338107	0.0532536801380795	0.13091598273662355	0.13084387632572236	0.11311189740775184	0.09983769979509755	0.0004008567281333401	0.0532536801380795	0.47163600686857937
0.20125596357325007	0.19044073089115768	0.16815124983553115	0.12282967520860194	0.021624282624217395	0.13996901646662818	0.1557290814006195	0.19044073089115768	0.2012111596531887	0.16816363483342167	0.12283872209507966	0.021625875337295333	0.13997932573269295	0.1557405514571699	0.16815124983553115	0.16816363483342167	0.275020520212327	0.1084614859007883	0.019094749057815344	0.12359592647509693	0.13751243368502478	0.12282967520860194	0.12283872209507966	0.1084614859007883	0.4411897654371993	0.013948167660099204	0.0902832867486337	0.10044889694960175	0.021624282624217395	0.021625875337295333	0.019094749057815344	0.013948167660099204	0.8901283406762661	0.015894459588695495	0.017684125055611632	0.13996901646662818	0.13997932573269295	0.12359592647509693	0.0902832867486337	0.015894459588695495	0.3758127037985464	0.11446528118971058	0.1557290814006195	0.1557405514571699	0.13751243368502478	0.10044889694960175	0.017684125055611632	0.11446528118971058	0.31841963026226666
0.1679842361585535	0.1553195942992552	0.14847852212641743	0.0940436222934822	0.13386876669143474	0.146638749106255	0.1536665093246008	0.1553195942992552	0.17526035296208978	0.14688201971006834	0.09303242641084852	0.13242935440179338	0.14506202868955242	0.15201422352639102	0.14847852212641743	0.14688201971006834	0.20511668224481824	0.08893480082560139	0.1265964858873453	0.13867275235722137	0.14531873684852684	0.0940436222934822	0.09303242641084852	0.08893480082560139	0.4639301204170568	0.08018393456485917	0.08783282429209878	0.09204227119605247	0.13386876669143474	0.13242935440179338	0.1265964858873453	0.08018393456485917	0.2708737158829606	0.12502784959000515	0.13101989298160063	0.146638749106255	0.14506202868955242	0.13867275235722137	0.08783282429209878	0.12502784959000515	0.21324767975526493	0.14351811620960117	0.1536665093246008	0.15201422352639102	0.14531873684852684	0.09204227119605247	0.13101989298160063	0.14351811620960117	0.18242024991322578
0.45330464966277506	0.10725655624428125	0.1031316741423688	0.04579088707526469	0.08943308974858324	0.09017087383161065	0.11091226929511755	0.10725655624428125	0.20672550186612032	0.16100121288748237	0.07148520005729854	0.1396160398009248	0.1407678113900538	0.17314767775384085	0.1031316741423688	0.16100121288748237	0.2310415236474862	0.06873601592727291	0.1342466738257289	0.13535415048147717	0.16648874908818553	0.04579088707526469	0.07148520005729854	0.06873601592727291	0.6203623345112792	0.05960607478259101	0.06009779896823599	0.07392168867805865	0.08943308974858324	0.1396160398009248	0.1342466738257289	0.05960607478259101	0.31534785596438764	0.11737557824517195	0.14437468763261418	0.09017087383161065	0.1407678113900538	0.13535415048147717	0.06009779896823599	0.11737557824517195	0.31066807108732253	0.14556571599612977	0.11091226929511755	0.17314767775384085	0.16648874908818553	0.07392168867805865	0.14437468763261418	0.14556571599612977	0.18558921155605534
0.29697355957028654	0.14621728694749164	0.14595127679566047	0.05021516017415152	0.11572282243410438	0.09031170463062355	0.15460818944767976	0.14621728694749164	0.22525246905722623	0.16475086848357354	0.0566832399919039	0.1306287681613206	0.10194451257153779	0.17452285478694393	0.14595127679566047	0.16475086848357354	0.22636222364360123	0.05658011732021908	0.13039111788632546	0.1017590469823886	0.17420534888822922	0.05021516017415152	0.0566832399919039	0.05658011732021908	0.6967131323646341	0.04486162104025654	0.03501063475137468	0.0599360943574594	0.11572282243410438	0.1306287681613206	0.13039111788632546	0.04486162104025654	0.35958717847567984	0.0806833923179271	0.13812509968438422	0.09031170463062355	0.10194451257153779	0.1017590469823886	0.03501063475137468	0.0806833923179271	0.48249595450158317	0.10779475424456351	0.15460818944767976	0.17452285478694393	0.17420534888822922	0.0599360943574594	0.13812509968438422	0.10779475424456351	0.19080765859073745
0.19359654698607667	0.17198453535631003	0.1812037175766476	0.04698531421375391	0.1420930506148926	0.08279738994435942	0.18133944530795995	0.17198453535631003	0.2372115705957707	0.1687463267260565	0.04375516843514437	0.1323244393946852	0.07710523604299482	0.1688727234490384	0.1812037175766476	0.1687463267260565	0.20536811223018886	0.04610065182438888	0.1394176534238201	0.08123844034389205	0.1779250978750059	0.04698531421375391	0.04375516843514437	0.04610065182438888	0.7598085436929236	0.03615037451034409	0.02106476454699947	0.046135182776445634	0.1420930506148926	0.1323244393946852	0.1394176534238201	0.03615037451034409	0.34678831072731875	0.06370408935333693	0.13952208197560245	0.08279738994435942	0.07710523604299482	0.08123844034389205	0.02106476454699947	0.06370408935333693	0.5927907890769126	0.08129929069150463	0.18133944530795995	0.1688727234490384	0.1779250978750059	0.046135182776445634	0.13952208197560245	0.08129929069150463	0.2049061779244432
0.19867334762920072	0.18629800607057306	0.1820918601699081	0.033002951776748383	0.12241795048592038	0.09325884733286356	0.18425703653478595	0.18629800607057306	0.21253684402751777	0.17798728737835706	0.03225902495993563	0.11965850045727495	0.0911566790812091	0.18010365802513256	0.1820918601699081	0.17798728737835706	0.22629729418107586	0.031530696361811605	0.11695690894916498	0.08909858785348865	0.17603736510619383	0.033002951776748383	0.03225902495993563	0.031530696361811605	0.8339555092527032	0.021197670353881756	0.016148532919380905	0.03190561437553849	0.12241795048592038	0.11965850045727495	0.11695690894916498	0.021197670353881756	0.44152157346064497	0.059899802803026675	0.11834759349008633	0.09325884733286356	0.0911566790812091	0.08909858785348865	0.016148532919380905	0.059899802803026675	0.5602795289870183	0.09015802102301287	0.18425703653478595	0.18010365802513256	0.17603736510619383	0.03190561437553849	0.11834759349008633	0.09015802102301287	0.21919071144525004
0.2089305591862581	0.18693034546630255	0.1945098897415787	0.03546248863653893	0.11228704395248489	0.06636470262708308	0.19551497038975724	0.18693034546630255	0.2380118718565386	0.18514680934403632	0.03375543850843498	0.10688190685880654	0.06317011932295433	0.18610350864293018	0.1945098897415787	0.18514680934403632	0.21462244139920741	0.03512413463996899	0.1112156930252067	0.06573150503637838	0.19364952681362685	0.03546248863653893	0.03375543850843498	0.03512413463996899	0.8280917997421693	0.020276528125901885	0.011983980626959819	0.03530562972002663	0.11228704395248489	0.10688190685880654	0.1112156930252067	0.020276528125901885	0.4996028461681075	0.03794560988589709	0.11179037198359752	0.06636470262708308	0.06317011932295433	0.06573150503637838	0.011983980626959819	0.03794560988589709	0.6887329265408135	0.0660711559599149	0.19551497038975724	0.18610350864293018	0.19364952681362685	0.03530562972002663	0.11179037198359752	0.0660711559599149	0.21156483649014995
0.19918673598735348	0.17891380827960396	0.1866701238115989	0.03679040666551982	0.13982087411833732	0.07188942091749274	0.1867286302200904	0.17891380827960396	0.23586348056628112	0.17566118597053776	0.03462067917052523	0.13157488766575876	0.06764971640479138	0.17571624194249857	0.1866701238115989	0.17566118597053776	0.21035175280738636	0.03612156339047825	0.13727895463876472	0.07058248359101951	0.1833339357902112	0.03679040666551982	0.03462067917052523	0.03612156339047825	0.8153675096098657	0.02705600909589038	0.013910947406864238	0.03613288466085578	0.13982087411833732	0.13157488766575876	0.13727895463876472	0.02705600909589038	0.37407914128824526	0.05286815239432726	0.1373219807986739	0.07188942091749274	0.06764971640479138	0.07058248359101951	0.013910947406864238	0.05286815239432726	0.6524946736348154	0.07060460565068821	0.1867286302200904	0.17571624194249857	0.1833339357902112	0.03613288466085578	0.1373219807986739	0.07060460565068821	0.21016172093697855
0.20862898833532187	0.0701213250091768	0.1815209639151349	0.0211677933971562	0.16795431698544577	0.1546544486145262	0.19595216374323537	0.0701213250091768	0.6798557539096938	0.06292467431906397	0.0073378659788960535	0.058221763860459685	0.05361133282441804	0.06792728409829091	0.1815209639151349	0.06292467431906397	0.2712187606539097	0.01899531284377428	0.15071692805871695	0.13878204397577915	0.17584131623361826	0.0211677933971562	0.0073378659788960535	0.01899531284377428	0.898234071992269	0.017575627221176122	0.01618385871665921	0.020505469850068875	0.16795431698544577	0.058221763860459685	0.15071692805871695	0.017575627221176122	0.3144225551068537	0.12840964978950625	0.16269915897783907	0.1546544486145262	0.05361133282441804	0.13878204397577915	0.01618385871665921	0.12840964978950625	0.35854323308880764	0.14981543299030112	0.19595216374323537	0.06792728409829091	0.17584131623361826	0.020505469850068875	0.16269915897783907	0.14981543299030112	0.22725917410664342
