0.18846678030836414	0.17397567800766534	0.17574241024431125	0.16859413790766994	0.0025432204031721824	0.17077283509267868	0.11990493803613714	0.17397567800766534	0.20593831623906564	0.1709263903019833	0.1639740082008213	0.002473526354010199	0.16609300067894278	0.1166190802175101	0.17574241024431125	0.1709263903019833	0.199610344287163	0.16563917295015862	0.0024986451453140636	0.16777968390927225	0.11780335316179594	0.16859413790766994	0.1639740082008213	0.16563917295015862	0.2254286388598529	0.0023970134677554038	0.16095529319179097	0.1130117354219493	0.0025432204031721824	0.002473526354010199	0.0024986451453140636	0.0023970134677554038	0.9859548380249574	0.002427989435006926	0.0017047671697837982	0.17077283509267868	0.16609300067894278	0.16777968390927225	0.16095529319179097	0.002427989435006926	0.21749904168342366	0.1144721560088833	0.11990493803613714	0.1166190802175101	0.11780335316179594	0.1130117354219493	0.0017047671697837982	0.1144721560088833	0.41648396998393955
0.9442165448129495	0.0112855043125681	0.0036243088781916094	0.011800461999420387	0.0050146707417464366	0.011965797155668721	0.012092712099455404	0.0112855043125681	0.26018729596576723	0.059337734571266544	0.19319895336550436	0.08210094984633787	0.19590584561627125	0.19798371632228542	0.0036243088781916094	0.059337734571266544	0.722129588030768	0.062045316057354416	0.026366495744870662	0.0629146271085085	0.06358192960904051	0.011800461999420387	0.19319895336550436	0.062045316057354416	0.23524530446499325	0.08584721709769697	0.20484503152283706	0.20701771549219433	0.0050146707417464366	0.08210094984633787	0.026366495744870662	0.08584721709769697	0.6256473439932461	0.08705001433165521	0.08797330824444716	0.011965797155668721	0.19590584561627125	0.0629146271085085	0.20484503152283706	0.08705001433165521	0.22740046315378445	0.20991822111127567	0.012092712099455404	0.19798371632228542	0.06358192960904051	0.20701771549219433	0.08797330824444716	0.20991822111127567	0.22143239712130233
0.980574938792583	0.003194378828433205	0.0008357323825686254	0.003705781594519421	0.003942114862406288	0.0038804793231485704	0.003866574216341046	0.003194378828433205	0.3286647519412725	0.03440317218309478	0.15254960191604922	0.1622783312046235	0.15974108589271643	0.15916867803381157	0.0008357323825686254	0.03440317218309478	0.7989588709885316	0.039910933898759715	0.04245622190133933	0.04179241269661792	0.04164265594908831	0.003705781594519421	0.15254960191604922	0.039910933898759715	0.24560997707184323	0.18825821396467946	0.18531476940702263	0.18465072214712755	0.003942114862406288	0.1622783312046235	0.04245622190133933	0.18825821396467946	0.20950537213103507	0.1971330711403018	0.19642667479561593	0.0038804793231485704	0.15974108589271643	0.04179241269661792	0.18531476940702263	0.1971330711403018	0.2187826663754363	0.1933555151647578	0.003866574216341046	0.15916867803381157	0.04164265594908831	0.18465072214712755	0.19642667479561593	0.1933555151647578	0.2208891796932592
0.34463196390943285	0.09987696674183294	0.09524897252662758	0.0989921862243115	0.12397673704964583	0.12167154788701798	0.11560162566112786	0.09987696674183294	0.30696943969101964	0.10170689225298597	0.10570389738733332	0.13238241109068216	0.1299209291495452	0.12343946368659729	0.09524897252662758	0.10170689225298597	0.33436957612238505	0.10080590096641934	0.1262482136604952	0.12390078928994769	0.11771965518113583	0.0989921862243115	0.10570389738733332	0.10080590096641934	0.31217239294166443	0.1312096744526311	0.12876999805221886	0.12234594997541794	0.12397673704964583	0.13238241109068216	0.1262482136604952	0.1312096744526311	0.17168808243287828	0.16127014461756198	0.15322473669610084	0.12167154788701798	0.1299209291495452	0.12390078928994769	0.12876999805221886	0.16127014461756198	0.18409087268705038	0.15037571831665345	0.11560162566112786	0.12343946368659729	0.11771965518113583	0.12234594997541794	0.15322473669610084	0.15037571831665345	0.21729285048296246
0.2011629255477232	0.18715998575219317	0.18571473857144047	0.12094022042356742	0.014184796997820753	0.18863264331120544	0.1022046893960465	0.18715998575219317	0.21628165973135274	0.18112445422318926	0.11795095847723679	0.01383419342083448	0.18397023753328387	0.09967851086190675	0.18571473857144047	0.18112445422318926	0.22093488254201848	0.11704014258076623	0.013727365944015153	0.18254962155028517	0.09890879458828225	0.12094022042356742	0.11795095847723679	0.11704014258076623	0.45183927429568355	0.008939466387399975	0.11887904879470583	0.06441088904063834	0.014184796997820753	0.01383419342083448	0.013727365944015153	0.008939466387399975	0.9278165269989888	0.013943046974291173	0.00755460327664964	0.18863264331120544	0.18397023753328387	0.18254962155028517	0.11887904879470583	0.013943046974291173	0.2115625763575917	0.10046282547863386	0.1022046893960465	0.09967851086190675	0.09890879458828225	0.06441088904063834	0.00755460327664964	0.10046282547863386	0.526779687357841
0.18652911084311902	0.17346111800448405	0.1692148006163278	0.15500095398796346	0.0003373606652722089	0.17307609987243777	0.14238055601039937	0.17346111800448405	0.19615461724200006	0.16666987361750238	0.1526697978998972	0.00033228688766962427	0.17047310038413965	0.1402392059643108	0.1692148006163278	0.16666987361750238	0.21175263410535633	0.14893245073572248	0.00032415252531107326	0.1662999294816244	0.13680615891815903	0.15500095398796346	0.1526697978998972	0.14893245073572248	0.26545434411060914	0.00029692408984214875	0.15233092864156703	0.12531460053440188	0.0003373606652722089	0.00033228688766962427	0.00032415252531107326	0.00029692408984214875	0.9981049783871296	0.0003315493363482341	0.0002727481084270609	0.17307609987243777	0.17047310038413965	0.1662999294816244	0.15233092864156703	0.0003315493363482341	0.19756046436125566	0.13992792792263095	0.14238055601039937	0.1402392059643108	0.13680615891815903	0.12531460053440188	0.0002727481084270609	0.13992792792263095	0.31505880254167384
0.9828269824176276	0.0036303329905317152	0.0024907100195702644	0.003570585351695024	6.794511821877516e-6	0.003707953870810839	0.0037666408379426236	0.0036303329905317152	0.24551388513236888	0.13809403936796377	0.19796626273207052	0.0003767124938849107	0.20558247398815693	0.20883629329502323	0.0024907100195702644	0.13809403936796377	0.43900979038130883	0.1358213021807207	0.0002584560660037481	0.14104665581526976	0.1432790461691629	0.003570585351695024	0.19796626273207052	0.1358213021807207	0.25467303037264444	0.0003705125992502843	0.2021990192364762	0.20539928752714273	6.794511821877516e-6	0.0003767124938849107	0.0002584560660037481	0.0003705125992502843	0.9982119003791544	0.0003847670595304738	0.0003908568903543725	0.003707953870810839	0.20558247398815693	0.14104665581526976	0.2021990192364762	0.0003847670595304738	0.23377766591925445	0.2133014641105012	0.0037666408379426236	0.20883629329502323	0.1432790461691629	0.20539928752714273	0.0003908568903543725	0.2133014641105012	0.22502641116987282
0.9757916021313627	0.005070444068567145	0.003351275512417972	0.00516284427371299	0.00013992114510207965	0.005200866625663881	0.005283046243173336	0.005070444068567145	0.24717924270484104	0.13093966786093697	0.20172054249576293	0.005466941825134922	0.20320613629946344	0.20641702474529672	0.003351275512417972	0.13093966786093697	0.45803225679226955	0.13332582023900638	0.003613338007210415	0.13430771335692973	0.13642992823123118	0.00516284427371299	0.20172054249576293	0.13332582023900638	0.23713638014393446	0.005566567526421005	0.20690922195173664	0.21017862336942866	0.00013992114510207965	0.005466941825134922	0.003613338007210415	0.005566567526421005	0.9739094993222528	0.005607563144035434	0.005696169029843575	0.005200866625663881	0.20320613629946344	0.13430771335692973	0.20690922195173664	0.005607563144035434	0.23304199095358175	0.21172650766859208	0.005283046243173336	0.20641702474529672	0.13642992823123118	0.21017862336942866	0.005696169029843575	0.21172650766859208	0.22426870071243754
0.18018678224573792	0.16557882751514305	0.15208411354479948	0.16507037207714118	0.019916961923095697	0.1669481812442199	0.15021476144986584	0.16557882751514305	0.19660221573537012	0.14826816212437371	0.16092858168157545	0.019417224262339862	0.16275927462861392	0.14644571405258666	0.15208411354479948	0.14826816212437371	0.249995436335833	0.14781286385679918	0.017834715849575994	0.14949435489162122	0.1345103533970002	0.16507037207714118	0.16092858168157545	0.14781286385679918	0.19857509454303174	0.019357598322144183	0.1622594774050674	0.14599601211424376	0.019916961923095697	0.019417224262339862	0.017834715849575994	0.019357598322144183	0.8862801937207363	0.019577806680098103	0.017615499242010134	0.1669481812442199	0.16275927462861392	0.14949435489162122	0.1622594774050674	0.019577806680098103	0.1913040701612925	0.14765683498908982	0.15021476144986584	0.14644571405258666	0.1345103533970002	0.14599601211424376	0.017615499242010134	0.14765683498908982	0.25756082475520614
0.18359801639846662	0.1715521816686691	0.16409028079354798	0.15828857374987204	0.014418192808988168	0.16959705974037684	0.1384556948400747	0.1715521816686691	0.19446760898455953	0.16132437392001353	0.15562046048917513	0.01417515965430364	0.16673833056398316	0.13612188471929138	0.16409028079354798	0.16132437392001353	0.22248833317335798	0.14885153199747178	0.013558591358869672	0.15948581484165558	0.13020107391507926	0.15828857374987204	0.15562046048917513	0.14885153199747178	0.24471574307648042	0.01307920297213122	0.1538469069742396	0.12559758074062558	0.014418192808988168	0.01417515965430364	0.013558591358869672	0.01307920297213122	0.9193148080536633	0.014013610175844083	0.01144043497619968	0.16959705974037684	0.16673833056398316	0.15948581484165558	0.1538469069742396	0.014013610175844083	0.20174772785628353	0.1345705498476127	0.1384556948400747	0.13612188471929138	0.13020107391507926	0.12559758074062558	0.01144043497619968	0.1345705498476127	0.323612780961113
0.16374517957641538	0.14058849672837875	0.14495005360510677	0.1203744317036462	0.13908791589595304	0.14650752586187432	0.14474639662862557	0.14058849672837875	0.19487406831677226	0.13846399277695737	0.11498805296997008	0.13286416736655002	0.1399517730291737	0.1382694488121977	0.14495005360510677	0.13846399277695737	0.17419183590264245	0.11855539272282128	0.13698608798120682	0.1442935764645216	0.14255906054674367	0.1203744317036462	0.11498805296997008	0.11855539272282128	0.2941033244862408	0.11376072020619453	0.11982925727453105	0.11838882063659599	0.13908791589595304	0.13286416736655002	0.13698608798120682	0.11376072020619453	0.20204949974524317	0.1384579883102339	0.13679362049461835	0.14650752586187432	0.1399517730291737	0.1442935764645216	0.11982925727453105	0.1384579883102339	0.1668690372114999	0.14409084184816554	0.14474639662862557	0.1382694488121977	0.14255906054674367	0.11838882063659599	0.13679362049461835	0.14409084184816554	0.1751518110330529
0.9750120066286132	0.00031660868599528273	0.0028416972389154593	0.00018367098092161803	0.007605020192206811	0.007459373497036222	0.006581622776311264	0.00031660868599528273	0.9591572343990059	0.004667880205256475	0.00030170495448391673	0.012492296058015797	0.01225305124472693	0.010811224452515472	0.0028416972389154593	0.004667880205256475	0.670647180643446	0.002707929927534693	0.11212365543346742	0.10997633176415425	0.09703532478722413	0.00018367098092161803	0.00030170495448391673	0.002707929927534693	0.9761796213453945	0.007247028816427385	0.0071082381531231255	0.006271805822114701	0.007605020192206811	0.012492296058015797	0.11212365543346742	0.007247028816427385	0.3065223018671143	0.2943213697355148	0.2596883278972492	0.007459373497036222	0.01225305124472693	0.10997633176415425	0.0071082381531231255	0.2943213697355148	0.314166699727764	0.25471493587767646	0.006581622776311264	0.010811224452515472	0.09703532478722413	0.006271805822114701	0.2596883278972492	0.25471493587767646	0.3648967583869051
0.9979365397840313	1.6056876448707473e-6	3.742594337992323e-5	2.8275476595520497e-6	0.0007474824620641704	0.000736858349376434	0.0005372602258437305	1.6056876448707473e-6	0.9978678238035437	3.867324786222101e-5	2.921782100989318e-6	0.0007723940111441	0.0007614158257950193	0.0005551656419090657	3.742594337992323e-5	3.867324786222101e-5	0.9511652093565341	6.81019448766461e-5	0.018003236569960557	0.017747353089383563	0.012939999848002787	2.8275476595520497e-6	2.921782100989318e-6	6.81019448766461e-5	0.9962475517423524	0.00136015300699304	0.0013408208894488333	0.0009776230865686522	0.0007474824620641704	0.0007723940111441	0.018003236569960557	0.00136015300699304	0.36621947455370435	0.3544555990936199	0.2584416603025106	0.000736858349376434	0.0007614158257950193	0.017747353089383563	0.0013408208894488333	0.3544555990936199	0.3701895737127797	0.2547683790395933	0.0005372602258437305	0.0005551656419090657	0.012939999848002787	0.0009776230865686522	0.2584416603025106	0.2547683790395933	0.4717799118555695
0.988714133478618	0.000210372692908556	0.0009021432231833804	0.0002551936762922013	0.0034940331058857244	0.0034423050350093267	0.002981818788102766	0.000210372692908556	0.941307663517215	0.004763589608605724	0.001347499946048276	0.018449553649130868	0.018176413758958527	0.015744906827132855	0.0009021432231833804	0.004763589608605724	0.763973251401171	0.005778496856033647	0.07911739667921837	0.07794608828603666	0.06751903394575004	0.0002551936762922013	0.001347499946048276	0.005778496856033647	0.9290900513831717	0.022380325871088458	0.022048992123578626	0.019099440143786825	0.0034940331058857244	0.018449553649130868	0.07911739667921837	0.022380325871088458	0.3131670475849604	0.30188799954033824	0.2615036435693738	0.0034423050350093267	0.018176413758958527	0.07794608828603666	0.022048992123578626	0.30188799954033824	0.31886603760662674	0.2576321636494479	0.002981818788102766	0.015744906827132855	0.06751903394575004	0.019099440143786825	0.2615036435693738	0.2576321636494479	0.37551899307640246
0.9317328152501143	0.00933205504480984	0.010793577170279633	0.006935594622083556	0.013839791409472266	0.013665342228893795	0.013700824274346117	0.00933205504480984	0.42239242747501193	0.10407588279855151	0.06687570965942627	0.13344866914508927	0.13176656207476775	0.1321086938023397	0.010793577170279633	0.10407588279855151	0.3482311587809107	0.07734932226184069	0.15434847970487797	0.15240293262173193	0.15279864666180315	0.006935594622083556	0.06687570965942627	0.07734932226184069	0.5535477507243431	0.09917921268173883	0.09792906866794211	0.09818334138262265	0.013839791409472266	0.13344866914508927	0.15434847970487797	0.09917921268173883	0.2078468390874166	0.19541480682460172	0.19592220114679781	0.013665342228893795	0.13176656207476775	0.15240293262173193	0.09792906866794211	0.19541480682460172	0.21536866610130823	0.19345262148074904	0.013700824274346117	0.1321086938023397	0.15279864666180315	0.09818334138262265	0.19592220114679781	0.19345262148074904	0.21383367125133598
0.7821614210953369	0.03609973395152783	0.033330654747780936	0.028415470409871108	0.04081614900100704	0.03961370262907397	0.03956286816540151	0.03609973395152783	0.26163031064026643	0.12879534603340514	0.10980223376454948	0.15772057507168283	0.1530741167968107	0.1528776837417549	0.033330654747780936	0.12879534603340514	0.3083885399255316	0.1013797040458921	0.1456224037937332	0.14133235842199499	0.14115099303165976	0.028415470409871108	0.10980223376454948	0.1013797040458921	0.39542847073162585	0.1241478493995267	0.12049044577994292	0.12033582586858974	0.04081614900100704	0.15772057507168283	0.1456224037937332	0.1241478493995267	0.18576874820404174	0.17307318574052133	0.17285108878948435	0.03961370262907397	0.1530741167968107	0.14133235842199499	0.12049044577994292	0.17307318574052133	0.20465730602327548	0.1677588846083778	0.03956286816540151	0.1528776837417549	0.14115099303165976	0.12033582586858974	0.17285108878948435	0.1677588846083778	0.20546265579472917
0.42773108289068534	0.10051230338716488	0.07638674078365527	0.09583545766972482	0.10486286607872503	0.0974757848960808	0.09719576429396255	0.10051230338716488	0.19773042232156313	0.11362840381057918	0.14255916631276472	0.15598780585854805	0.1449992202088428	0.14458267810053516	0.07638674078365527	0.11362840381057918	0.36302218454004687	0.10834126486507056	0.11854668224675881	0.11019564247036645	0.10987908128352138	0.09583545766972482	0.14255916631276472	0.10834126486507056	0.22842680185095876	0.14872968046277107	0.13825239460428232	0.13785523423442583	0.10486286607872503	0.15598780585854805	0.11854668224675881	0.14872968046277107	0.16975683829290342	0.1512753493640569	0.15084077769623466	0.0974757848960808	0.1449992202088428	0.11019564247036645	0.13825239460428232	0.1512753493640569	0.2175868331970572	0.14021477525931153	0.09719576429396255	0.14458267810053516	0.10987908128352138	0.13785523423442583	0.15084077769623466	0.14021477525931153	0.2194316891320069
0.44295151330812477	0.1151374415412971	0.09093504832687524	0.11554665213047426	0.011082833249369796	0.10756459001437729	0.11678192142948202	0.1151374415412971	0.202120205793685	0.14049254825310556	0.17851690738176879	0.01712272125782806	0.16618480586933565	0.1804253699029806	0.09093504832687524	0.14049254825310556	0.34030587682927704	0.14099187356098147	0.013523450445177118	0.13125203366187435	0.14249916892270947	0.11554665213047426	0.17851690738176879	0.14099187356098147	0.19991892488593568	0.01718357721189856	0.16677544416572068	0.18106662066322113	0.011082833249369796	0.01712272125782806	0.013523450445177118	0.01718357721189856	0.9077236160246406	0.01599652091772534	0.017367280893360648	0.10756459001437729	0.16618480586933565	0.13125203366187435	0.16677544416572068	0.01599652091772534	0.24366822260678606	0.16855838276418106	0.11678192142948202	0.1804253699029806	0.14249916892270947	0.18106662066322113	0.017367280893360648	0.16855838276418106	0.19330125542406584
0.860193218226438	0.030787425010807553	0.025374707962425233	0.031202897591445893	0.00028923968804296364	0.020999662032033697	0.031152849488806082	0.030787425010807553	0.23310274026327066	0.17133262054634285	0.210685152353203	0.0019529759235767474	0.1417918634517358	0.21034722245105994	0.025374707962425233	0.17133262054634285	0.3378085698293305	0.17364473355939702	0.0016096245041932401	0.11686352870605006	0.17336621489225806	0.031202897591445893	0.210685152353203	0.17364473355939702	0.22559672507831113	0.0019793310976976147	0.14370532751705248	0.21318583280288936	0.00028923968804296364	0.0019529759235767474	0.0016096245041932401	0.0019793310976976147	0.9908605755201476	0.0013320969303997933	0.0019761563359420625	0.020999662032033697	0.1417918634517358	0.11686352870605006	0.14370532751705248	0.0013320969303997933	0.43183269099615046	0.1434748303665752	0.031152849488806082	0.21034722245105994	0.17336621489225806	0.21318583280288936	0.0019761563359420625	0.1434748303665752	0.2264968936624656
0.6400477584643807	0.07288910101637976	0.06766011629544931	0.05698398937789122	0.01207862837902775	0.07418684967460297	0.07615355679226829	0.07288910101637976	0.2273689481657429	0.1649275545564827	0.1389035451244161	0.029442731553264618	0.1808370479833863	0.18563107160032744	0.06766011629544931	0.1649275545564827	0.2709649351900219	0.12893875608173846	0.02733054205870795	0.16786399511680206	0.17231410070079708	0.05698398937789122	0.1389035451244161	0.12893875608173846	0.36565446139131996	0.02301804081395247	0.14137664311566656	0.14512456409501495	0.01207862837902775	0.029442731553264618	0.02733054205870795	0.02301804081395247	0.8474017429822259	0.029966942509839445	0.030761371702981807	0.07418684967460297	0.1808370479833863	0.16786399511680206	0.14137664311566656	0.029966942509839445	0.21683239518686298	0.1889361264128395	0.07615355679226829	0.18563107160032744	0.17231410070079708	0.14512456409501495	0.030761371702981807	0.1889361264128395	0.20107920869577064
0.1732061391681331	0.161149962780339	0.1570098012348972	0.10870423707863726	0.09560682905490342	0.14559883865159073	0.15872419203150276	0.161149962780339	0.18178770539917322	0.15498561080490336	0.10730280815723402	0.0943742535921432	0.1437217598100231	0.15667789945618765	0.1570098012348972	0.15498561080490336	0.19882690022607896	0.10454605319194707	0.09194965076344408	0.1400293524836884	0.15265263129504442	0.10870423707863726	0.10730280815723402	0.10454605319194707	0.4131508610679076	0.0636604629601031	0.09694798548010461	0.10568759206406861	0.09560682905490342	0.0943742535921432	0.09194965076344408	0.0636604629601031	0.4761881054914635	0.08526704868282597	0.09295364945511879	0.14559883865159073	0.1437217598100231	0.1400293524836884	0.09694798548010461	0.08526704868282597	0.24687668121541403	0.14155833367635623	0.15872419203150276	0.15667789945618765	0.15265263129504442	0.10568759206406861	0.09295364945511879	0.14155833367635623	0.1917457020217249
0.18571702277595584	0.17500156188843538	0.16443998449662428	0.13993686808465494	0.018245979726419344	0.16707520113192176	0.14958338189598128	0.17500156188843538	0.1914016275782839	0.162977754713089	0.1386925243993013	0.01808373320792555	0.16558953853025535	0.1482532596827022	0.16443998449662428	0.162977754713089	0.230365691933467	0.13032224578977267	0.016992355818218997	0.15559598928652627	0.13930597796229485	0.13993686808465494	0.1386925243993013	0.13032224578977267	0.3256292492337004	0.014460333731243117	0.13241071199284257	0.11854806676847925	0.018245979726419344	0.01808373320792555	0.016992355818218997	0.014460333731243117	0.8994957790839261	0.017264665128282116	0.015457153303983872	0.16707520113192176	0.16558953853025535	0.15559598928652627	0.13241071199284257	0.017264665128282116	0.22052548185735635	0.1415384120728087	0.14958338189598128	0.1482532596827022	0.13930597796229485	0.11854806676847925	0.015457153303983872	0.1415384120728087	0.2873137483137437
0.18868483682937337	0.17768146334072496	0.16257349175155944	0.16492217410379306	0.017133252445805373	0.16635954929312757	0.12264523223561236	0.17768146334072496	0.19135120966034194	0.1618893716652092	0.16422817060560052	0.01706115457784177	0.16565949722435902	0.12212913292591865	0.16257349175155944	0.1618893716652092	0.24634413204314193	0.15026411105206042	0.01561047180095519	0.15157373425007686	0.11174468743699359	0.16492217410379306	0.16422817060560052	0.15026411105206042	0.23762699399279333	0.015835994665931066	0.1537635042480008	0.11335905133181723	0.017133252445805373	0.01706115457784177	0.01561047180095519	0.015835994665931066	0.9066085938501202	0.015974012891527084	0.011776519767819172	0.16635954929312757	0.16565949722435902	0.15157373425007686	0.1537635042480008	0.015974012891527084	0.23232267271170629	0.11434702938119892	0.12264523223561236	0.12212913292591865	0.11174468743699359	0.11335905133181723	0.011776519767819172	0.11434702938119892	0.4039983469206375
0.2771372925845361	0.10445656591275035	0.12414737058289882	0.08942801115121292	0.14511976731111517	0.13656716533247426	0.12314382712501853	0.10445656591275035	0.3728586361737224	0.1049309490150552	0.07558570136900115	0.12265708756699903	0.11542831874206791	0.10408274122040911	0.12414737058289882	0.1049309490150552	0.27441826351822196	0.08983414299167855	0.14577881985435412	0.13718737675716836	0.12370307728062918	0.08942801115121292	0.07558570136900115	0.08983414299167855	0.45221300135741865	0.10500995604124082	0.09882121708130367	0.0891079700081486	0.14511976731111517	0.12265708756699903	0.14577881985435412	0.10500995604124082	0.1764713095505776	0.16036264078367	0.14460041889205055	0.13656716533247426	0.11542831874206791	0.13718737675716836	0.09882121708130367	0.16036264078367	0.21555485670359442	0.13607842459972833	0.12314382712501853	0.10408274122040911	0.12370307728062918	0.0891079700081486	0.14460041889205055	0.13607842459972833	0.27928354087402196
0.8649855890358983	0.0016637191018939162	0.022553031812083353	0.005310487272535665	0.03708256737494862	0.03557840890919466	0.03282619649344518	0.0016637191018939162	0.9559275726916958	0.007172403321887785	0.0016888619176234426	0.011793143008014928	0.011314784653966974	0.01043951530491714	0.022553031812083353	0.007172403321887785	0.4926185085664617	0.02289386261840628	0.15986540583770262	0.1533808789941158	0.14151590884934126	0.005310487272535665	0.0016888619176234426	0.02289386261840628	0.8630254493410056	0.03764297457182742	0.03611608463710769	0.03332227964149366	0.03708256737494862	0.011793143008014928	0.15986540583770262	0.03764297457182742	0.2687352024813279	0.2521947748187355	0.2326859319074413	0.03557840890919466	0.011314784653966974	0.1533808789941158	0.03611608463710769	0.2521947748187355	0.288167439280009	0.2232476287068687	0.03282619649344518	0.01043951530491714	0.14151590884934126	0.03332227964149366	0.2326859319074413	0.2232476287068687	0.3259625390964911
0.8543046280511347	0.005439038239152519	0.02103890413236808	0.022664882840123107	0.033233652431151534	0.03183506318348617	0.03148383112258337	0.005439038239152519	0.8432310673725024	0.022699974084502236	0.024454327557276827	0.035857525856579926	0.034348514765644655	0.03396955212434084	0.02103890413236808	0.022699974084502236	0.45870393559788225	0.09459250523291768	0.13870155269179382	0.13286450241177702	0.13139862584875764	0.022664882840123107	0.024454327557276827	0.09459250523291768	0.42418072700689574	0.14942101649991352	0.14313285339521295	0.14155368746765867	0.033233652431151534	0.035857525856579926	0.13870155269179382	0.14942101649991352	0.22534868544367986	0.20987655373159822	0.20756101334528088	0.03183506318348617	0.034348514765644655	0.13286450241177702	0.14313285339521295	0.20987655373159822	0.24911639829072874	0.19882611422155014	0.03148383112258337	0.03396955212434084	0.13139862584875764	0.14155368746765867	0.20756101334528088	0.19882611422155014	0.2552071758698264
0.5927088929632456	0.054472273511417854	0.05655237500501425	0.07029322021751822	0.077478650911914	0.07441901180029334	0.074075575590596	0.054472273511417854	0.387863973814736	0.08938641215038803	0.11110512605675646	0.12246238328017744	0.11762633240453303	0.11708349878199016	0.05655237500501425	0.08938641215038803	0.36790203386187226	0.11534783383741176	0.1271387841342207	0.12211806175505573	0.1215544992560361	0.07029322021751822	0.11110512605675646	0.11534783383741176	0.24234437901792436	0.15803040191577952	0.1517897666848388	0.15108927226976943	0.077478650911914	0.12246238328017744	0.1271387841342207	0.15803040191577952	0.1810501967215356	0.16730584128289225	0.16653374175347876	0.07441901180029334	0.11762633240453303	0.12211806175505573	0.1517897666848388	0.16730584128289225	0.20678367722882868	0.1599573088435567	0.074075575590596	0.11708349878199016	0.1215544992560361	0.15108927226976943	0.16653374175347876	0.1599573088435567	0.20970610350457133
0.20051603355313552	0.13746712120486776	0.12992617533189485	0.14141639562644448	0.12843469751567824	0.12167042418693638	0.14056915258104194	0.13746712120486776	0.1811346096652377	0.13372993696777932	0.1455565487479755	0.1321947941542394	0.12523248772464793	0.14468450153525148	0.12992617533189485	0.13372993696777932	0.2187186466641316	0.13757184632644576	0.12494306895137963	0.11836268930890953	0.1367476364494584	0.14141639562644448	0.1455565487479755	0.13757184632644576	0.16179121058483303	0.13599260060165083	0.1288302750077925	0.1488411231048571	0.12843469751567824	0.1321947941542394	0.12494306895137963	0.13599260060165083	0.22625303293073656	0.11700395366598756	0.135177852180327	0.12167042418693638	0.12523248772464793	0.11836268930890953	0.1288302750077925	0.11700395366598756	0.260841733144392	0.12805843696133312	0.14056915258104194	0.14468450153525148	0.1367476364494584	0.1488411231048571	0.135177852180327	0.12805843696133312	0.16592129718773013
0.2926149418507831	0.11752169705377169	0.11141171079958773	0.12033498845094154	0.12034620771857138	0.116439552138878	0.12133090198746896	0.11752169705377169	0.18519344394581144	0.1317011772211353	0.14224949537297088	0.14226275780960168	0.13764465137222132	0.14342677722449065	0.11141171079958773	0.1317011772211353	0.2207082857108975	0.13485390389341811	0.13486647681221905	0.13048846703409508	0.13596997852865003	0.12033498845094154	0.14224949537297088	0.13485390389341811	0.1690934467507863	0.1456683127217324	0.14093965581208007	0.1468601969980737	0.12034620771857138	0.14226275780960168	0.13486647681221905	0.1456683127217324	0.1690295595031152	0.1409527961276156	0.14687388930714773	0.116439552138878	0.13764465137222132	0.13048846703409508	0.14093965581208007	0.1409527961276156	0.19142878031417623	0.1421060972009367	0.12133090198746896	0.14342677722449065	0.13596997852865003	0.1468601969980737	0.14687388930714773	0.1421060972009367	0.1634321587532352
0.9168831788211511	0.015100273417147347	0.011331203407822066	0.01573072290611777	0.010153441413161705	0.015035624419692823	0.015765555614907528	0.015100273417147347	0.22233977695917873	0.12703852495009701	0.17636324779170237	0.11383417752476961	0.16857022853043724	0.17675377082667076	0.011331203407822066	0.12703852495009701	0.3847367522950931	0.13234249335661583	0.08542085197149812	0.12649463325693078	0.13263554076194572	0.01573072290611777	0.17636324779170237	0.13234249335661583	0.19723510764009275	0.11858685299396766	0.1756081815195506	0.1841333937919562	0.010153441413161705	0.11383417752476961	0.08542085197149812	0.11858685299396766	0.43980841718320435	0.11334681777639051	0.11884944113701011	0.015035624419692823	0.16857022853043724	0.12649463325693078	0.1756081815195506	0.11334681777639051	0.22494748189384317	0.17599703260315785	0.015765555614907528	0.17675377082667076	0.13263554076194572	0.1841333937919562	0.11884944113701011	0.17599703260315785	0.19586526526435502
0.9952474428187593	0.001004335841622822	0.0004638177467918364	0.0010321667156735505	0.0005442652136386752	0.0006818072524982709	0.0010261644110154914	0.001004335841622822	0.23967876743884775	0.09396047357580249	0.20909694397138678	0.11025756900862362	0.1381209166213858	0.2078809935423261	0.0004638177467918364	0.09396047357580249	0.5983038736930526	0.09656418639522114	0.05091864205671813	0.06378636475687291	0.09600264177553874	0.0010321667156735505	0.20909694397138678	0.09656418639522114	0.22440394290937993	0.11331288615359404	0.14194834732230524	0.2136415265324347	0.0005442652136386752	0.11025756900862362	0.05091864205671813	0.11331288615359404	0.5374628208656742	0.07484987299810006	0.11265394370364883	0.0006818072524982709	0.1381209166213858	0.06378636475687291	0.14194834732230524	0.07484987299810006	0.43948980846337715	0.1411228825854575	0.0010261644110154914	0.2078809935423261	0.09600264177553874	0.2136415265324347	0.11265394370364883	0.1411228825854575	0.22767184744957406
0.9677065847282175	0.006359283271302682	0.0042962713478226985	0.003353365358044348	0.006243045706125553	0.005966195064423928	0.006075254524063306	0.006359283271302682	0.20195901980682832	0.1311506932646962	0.10236694935486704	0.1905791571699724	0.18212783958540102	0.18545705754693093	0.0042962713478226985	0.1311506932646962	0.41830456613513395	0.06915813822321545	0.12875346757022613	0.1230438377203034	0.12529302573860152	0.003353365358044348	0.10236694935486704	0.06915813822321545	0.53079152213018	0.10049584463441597	0.09603931165595544	0.09779486864332117	0.006243045706125553	0.1905791571699724	0.12875346757022613	0.10049584463441597	0.21306245398861978	0.17879883288429826	0.18206719804634075	0.005966195064423928	0.18212783958540102	0.1230438377203034	0.09603931165595544	0.17879883288429826	0.24003063601035923	0.17399334707925754	0.006075254524063306	0.18545705754693093	0.12529302573860152	0.09779486864332117	0.18206719804634075	0.17399334707925754	0.2293192484214836
0.4719639004470333	0.11140379601700279	0.09273352907546366	0.012189702808769508	0.10972528976018	0.10060321328266245	0.10138056860888722	0.11140379601700279	0.1934387474550131	0.15472733069388261	0.020338708084945162	0.18307834677994086	0.16785802077894113	0.16915505019027252	0.09273352907546366	0.15472733069388261	0.3026802074197441	0.01693012486993505	0.15239607447141484	0.13972653721851613	0.14080619625104204	0.012189702808769508	0.020338708084945162	0.01693012486993505	0.8936335307330232	0.02003226746086569	0.018366873127476386	0.018508792914984792	0.10972528976018	0.18307834677994086	0.15239607447141484	0.02003226746086569	0.2028326819147414	0.16532892618603928	0.16660641342681598	0.10060321328266245	0.16785802077894113	0.13972653721851613	0.018366873127476386	0.16532892618603928	0.25536093811651317	0.15275549128984967	0.10138056860888722	0.16915505019027252	0.14080619625104204	0.018508792914984792	0.16660641342681598	0.15275549128984967	0.25078748731814604
0.28602410389853894	0.15828846163434257	0.12716550534663743	0.14766565237533963	0.04977401170982275	0.11259511275156722	0.11848715228375653	0.15828846163434257	0.1911367451583229	0.14887986881209606	0.17288055352563	0.058273258250422955	0.13182148389724269	0.13871962872194865	0.12716550534663743	0.14887986881209606	0.3209038416473934	0.1388884744137494	0.04681546751479945	0.10590251141653352	0.11144433084879533	0.14766565237533963	0.17288055352563	0.1388884744137494	0.23381782790023783	0.05436251389860244	0.12297488531879441	0.12941009256765165	0.04977401170982275	0.058273258250422955	0.04681546751479945	0.05436251389860244	0.7057027454717383	0.04145143629144994	0.04362056686316607	0.11259511275156722	0.13182148389724269	0.10590251141653352	0.12297488531879441	0.04145143629144994	0.3865793284556524	0.09867524186876418	0.11848715228375653	0.13871962872194865	0.11144433084879533	0.12941009256765165	0.04362056686316607	0.09867524186876418	0.35964298684592194
0.3719386606186945	0.15612356107705758	0.11768141994278407	0.15323995486014869	0.008014032929615791	0.08229018895086382	0.11071218162083209	0.15612356107705758	0.21473149213832027	0.15688227154324252	0.2042857081545453	0.010683587016809819	0.10970186945917927	0.14759151061084028	0.11768141994278407	0.15688227154324252	0.36945837779695234	0.15398465192437155	0.0080529785609997	0.0826900928935528	0.11125020733809353	0.15323995486014869	0.2042857081545453	0.15398465192437155	0.2254622594971672	0.010486260887889697	0.10767567308883844	0.1448654915870343	0.008014032929615791	0.010683587016809819	0.0080529785609997	0.010486260887889697	0.9495559244341825	0.005631144897164838	0.00757607127333727	0.08229018895086382	0.10970186945917927	0.0826900928935528	0.10767567308883844	0.005631144897164838	0.5342179467458653	0.07779308396453322	0.11071218162083209	0.14759151061084028	0.11125020733809353	0.1448654915870343	0.00757607127333727	0.07779308396453322	0.4002114536053259
0.4442994302215031	0.11465383563776241	0.08148960206924821	0.11440001845653698	0.07586833642678706	0.0694479826443716	0.0998407945437911	0.11465383563776241	0.1903621495161639	0.12840809472182507	0.18026702834629585	0.11955032645759538	0.10943338667993574	0.15732517864042234	0.08148960206924821	0.12840809472182507	0.3874114903275076	0.12812382877932493	0.08496975679956668	0.07777919582047547	0.11181803148205262	0.11440001845653698	0.18026702834629585	0.12812382877932493	0.19175543153880104	0.11928566957361714	0.1091911263701559	0.15697689693526895	0.07586833642678706	0.11955032645759538	0.08496975679956668	0.11928566957361714	0.4238073628379958	0.0724138791412707	0.10410466876316776	0.0694479826443716	0.10943338667993574	0.07777919582047547	0.1091911263701559	0.0724138791412707	0.4664396124284453	0.09529481691534575	0.0998407945437911	0.15732517864042234	0.11181803148205262	0.15697689693526895	0.10410466876316776	0.09529481691534575	0.2746396127199521
0.5569957993749017	0.07703480404471219	0.05803746658029915	0.09469928576981271	0.0787002489548817	0.05176589706432601	0.08276649821106671	0.07703480404471219	0.318311983987871	0.09588927628958539	0.15646179119559303	0.13002824486924577	0.08552741355640697	0.13674648605658596	0.05803746658029915	0.09588927628958539	0.4627741719915921	0.11787718668483177	0.09796234325089856	0.06443573742458449	0.10302381777820879	0.09469928576981271	0.15646179119559303	0.11787718668483177	0.19787487552933303	0.1598443985380023	0.10513929486768253	0.16810316741474515	0.0787002489548817	0.13002824486924577	0.09796234325089856	0.1598443985380023	0.30638544027313774	0.08737646344176536	0.1397028606720691	0.05176589706432601	0.08552741355640697	0.06443573742458449	0.10513929486768253	0.08737646344176536	0.5138642021785091	0.09189099146672552	0.08276649821106671	0.13674648605658596	0.10302381777820879	0.16810316741474515	0.1397028606720691	0.09189099146672552	0.27776617840059925
0.4458770182570375	0.14182818948050152	0.10004646047040275	0.01211521799251612	0.10490348153092899	0.06346025342814611	0.13176937884046158	0.14182818948050152	0.2237832375158949	0.15393920195692706	0.01864140900670714	0.16141258924549173	0.09764484143447708	0.20275053135999255	0.10004646047040275	0.15393920195692706	0.4071024528160828	0.013149762371876966	0.11386141421197912	0.06887926021262646	0.14302144796009925	0.01211521799251612	0.01864140900670714	0.013149762371876966	0.916645147306571	0.01378815250063136	0.008340997259828922	0.017319313561867656	0.10490348153092899	0.16141258924549173	0.11386141421197912	0.01378815250063136	0.38384637183472625	0.07222318678347366	0.1499648038927628	0.06346025342814611	0.09764484143447708	0.06887926021262646	0.008340997259828922	0.07222318678347366	0.5987318363136828	0.0907196245677613	0.13176937884046158	0.20275053135999255	0.14302144796009925	0.017319313561867656	0.1499648038927628	0.0907196245677613	0.2644548998170474
0.3301359118217067	0.1388266914116098	0.11195905637510008	0.13583966331902167	0.08660020325155651	0.07114598836093414	0.12549248546007258	0.1388266914116098	0.18388460080702304	0.14279334201020275	0.17325083053466844	0.11045048825369333	0.09074007746760712	0.16005396951519743	0.11195905637510008	0.14279334201020275	0.3141950700004551	0.13972096652043178	0.08907460312792874	0.07317881990398842	0.1290781420618943	0.13583966331902167	0.17325083053466844	0.13972096652043178	0.19771662768014436	0.1080740092934934	0.08878769239119738	0.15661021026104469	0.08660020325155651	0.11045048825369333	0.08907460312792874	0.1080740092934934	0.4493551651588397	0.05660373428088196	0.09984179663360747	0.07114598836093414	0.09074007746760712	0.07317881990398842	0.08878769239119738	0.05660373428088196	0.5375191306714829	0.08202455692390904	0.12549248546007258	0.16005396951519743	0.1290781420618943	0.15661021026104469	0.09984179663360747	0.08202455692390904	0.2468988391442761
0.39478499323211047	0.14967828397478006	0.11679230702872231	0.04068186780901864	0.08921969555469234	0.07234226075746872	0.13650059164320816	0.14967828397478006	0.2144422919296825	0.16302928219892904	0.056787436400112884	0.12454093333999613	0.10098188094732509	0.19053989120917533	0.11679230702872231	0.16302928219892904	0.35121868271808554	0.044310607599787416	0.09717791076987023	0.07879504314684077	0.14867616653776555	0.04068186780901864	0.056787436400112884	0.044310607599787416	0.7451361622147312	0.03384965174910218	0.02744640987798427	0.05178786434926361	0.08921969555469234	0.12454093333999613	0.09717791076987023	0.03384965174910218	0.4814425544990214	0.06019291800658666	0.11357633608073171	0.07234226075746872	0.10098188094732509	0.07879504314684077	0.02744640987798427	0.06019291800658666	0.5681500620515951	0.09209142521219998	0.13650059164320816	0.19053989120917533	0.14867616653776555	0.05178786434926361	0.11357633608073171	0.09209142521219998	0.26682772496765667
