0.9910395419443115	2.1148894885939844e-5	0.0003051154957948231	0.00016954767440157965	0.0036155996114903177	0.0011799895362226333	0.003669056842893306	2.1148894885939844e-5	0.9942870658518648	0.0001942713746961289	0.0001079534151378404	0.00230210368386977	0.000751316116318036	0.002336140663227551	0.0003051154957948231	0.0001942713746961289	0.9201878792140918	0.0015574459072291514	0.03321249222066854	0.01083925143915771	0.03370354434836206	0.00016954767440157965	0.0001079534151378404	0.0015574459072291514	0.9549577153363223	0.018455636946350225	0.006023194164477914	0.01872850655608113	0.0036155996114903177	0.00230210368386977	0.03321249222066854	0.018455636946350225	0.4145848131991368	0.12844445409163455	0.3993849002468531	0.0011799895362226333	0.000751316116318036	0.01083925143915771	0.006023194164477914	0.12844445409163455	0.7224182683062644	0.13034352634592566	0.003669056842893306	0.002336140663227551	0.03370354434836206	0.01872850655608113	0.3993849002468531	0.13034352634592566	0.41183432499666056
0.46749391459724604	0.02106215402703343	0.14132486504682143	0.013404053577889003	0.14111158800540652	0.07337308386802763	0.14223034087758035	0.02106215402703343	0.8585332570085651	0.03327082646310939	0.0031555943134593915	0.033220616590762225	0.017273557201894694	0.03348399439517668	0.14132486504682143	0.03327082646310939	0.24074581578739723	0.021173709959568597	0.22290688551777424	0.1159037740063548	0.2246741232189812	0.013404053577889003	0.0031555943134593915	0.021173709959568597	0.9088225421620681	0.021141756161385538	0.010992972794603498	0.021309371031026456	0.14111158800540652	0.033220616590762225	0.22290688551777424	0.021141756161385538	0.24155523149070324	0.11572886059673852	0.22433506163723646	0.07337308386802763	0.017273557201894694	0.1159037740063548	0.010992972794603498	0.11572886059673852	0.5500813759603268	0.11664637557205754	0.14223034087758035	0.03348399439517668	0.2246741232189812	0.021309371031026456	0.22433506163723646	0.11664637557205754	0.23732073326794811
0.4161154296617181	0.04097332944627394	0.14939335079977756	0.03958798664001981	0.1450048487389332	0.0568332941562653	0.15209176055700785	0.04097332944627394	0.7484274151353466	0.05795077735210892	0.01535647060135066	0.05624844519023038	0.02204605197088562	0.058997510303802264	0.14939335079977756	0.05795077735210892	0.23608241440651084	0.055991412721347146	0.20508813459410777	0.08038237605648503	0.21511153406965666	0.03958798664001981	0.01535647060135066	0.055991412721347146	0.7564140810723937	0.05434663784480969	0.02130065637045685	0.05700275474962044	0.1450048487389332	0.05624844519023038	0.20508813459410777	0.05434663784480969	0.25249830028257053	0.07802110481455249	0.20879252853478988	0.0568332941562653	0.02204605197088562	0.08038237605648503	0.02130065637045685	0.07802110481455249	0.6595822380189708	0.08183427861238174	0.15209176055700785	0.058997510303802264	0.21511153406965666	0.05700275474962044	0.20879252853478988	0.08183427861238174	0.22616963317273497
0.4782658712464804	0.05953906853130605	0.09386388916947341	0.09619756822013385	0.11441297752278412	0.04228456211427703	0.11543606319554656	0.05953906853130605	0.53984147616836	0.08135893995354752	0.08338171628887206	0.09917039077057664	0.03665123169791214	0.10005717658942682	0.09386388916947341	0.08135893995354752	0.3214600319307617	0.13145204265975238	0.1563430332016077	0.057781003883334535	0.1577410592015248	0.09619756822013385	0.08338171628887206	0.13145204265975238	0.3078581277086571	0.16023009205382027	0.0592175767707546	0.16166287629801165	0.11441297752278412	0.09917039077057664	0.1563430332016077	0.16023009205382027	0.20713842169949884	0.07043067101781526	0.19227441373389947	0.04228456211427703	0.03665123169791214	0.057781003883334535	0.0592175767707546	0.07043067101781526	0.6625744894659683	0.07106046504993914	0.11543606319554656	0.10005717658942682	0.1577410592015248	0.16166287629801165	0.19227441373389947	0.07106046504993914	0.20176794593165392
0.3972423485175363	0.09704476430557141	0.13129174703924668	0.10170273445760565	0.09935614952992541	0.050231675716548345	0.1231305804335629	0.09704476430557141	0.3677878657128002	0.13893863641784093	0.10762625651771944	0.10514299829743627	0.05315734375104439	0.13030213499758359	0.13129174703924668	0.13893863641784093	0.19371223076850821	0.14560743535851173	0.1422478382445041	0.07191650759297814	0.17628560457840545	0.10170273445760565	0.10762625651771944	0.14560743535851173	0.342608708667966	0.11018966878264376	0.055708798456773144	0.1365563977587765	0.09935614952992541	0.10514299829743627	0.1422478382445041	0.11018966878264376	0.3552342795213419	0.05442343059036311	0.1334056350337819	0.050231675716548345	0.05315734375104439	0.07191650759297814	0.055708798456773144	0.05442343059036311	0.6471161056363114	0.0674461382559796	0.1231305804335629	0.13030213499758359	0.17628560457840545	0.1365563977587765	0.1334056350337819	0.0674461382559796	0.23287350894190553
0.2382914009706979	0.12654520677690836	0.17347538624976377	0.09408404352734082	0.11409615788233322	0.08114809205084932	0.17235971254210294	0.12654520677690836	0.3759469377895178	0.13587900127174807	0.07369371613155958	0.08936871285978323	0.06356130366011681	0.13500512151036317	0.17347538624976377	0.13587900127174807	0.19490415570898778	0.10102354878316533	0.12251172823421491	0.0871334599216866	0.1850727198304296	0.09408404352734082	0.07369371613155958	0.10102354878316533	0.5171241900460071	0.06644400119797006	0.04725666512802435	0.10037383518593088	0.11409615788233322	0.08936871285978323	0.12251172823421491	0.06644400119797006	0.4285472043485318	0.05730837794904893	0.12172381752811502	0.08114809205084932	0.06356130366011681	0.0871334599216866	0.04725666512802435	0.05730837794904893	0.5770190235207381	0.08657307776953403	0.17235971254210294	0.13500512151036317	0.1850727198304296	0.10037383518593088	0.12172381752811502	0.08657307776953403	0.19889171563352043
0.2176898922625195	0.11975518795347931	0.19584304548692438	0.040556195120234145	0.13681325169366546	0.09108366432633	0.19825876315683824	0.11975518795347931	0.47495782644113116	0.11979782382877922	0.024808355620183565	0.08368910819932308	0.05571617182277667	0.12127552613432131	0.19584304548692438	0.11979782382877922	0.2174810951576847	0.040570634151288545	0.13686196067102396	0.09111609241416856	0.19832934829012164	0.040556195120234145	0.024808355620183565	0.040570634151288545	0.8057828640776051	0.028342085713135273	0.01886879369831403	0.04107107161923746	0.13681325169366546	0.08368910819932308	0.13686196067102396	0.028342085713135273	0.4120909991287789	0.06365244603814753	0.1385501485559194	0.09108366432633	0.05571617182277667	0.09111609241416856	0.01886879369831403	0.06365244603814753	0.5873228252154574	0.09224000648480175	0.19825876315683824	0.12127552613432131	0.19832934829012164	0.04107107161923746	0.1385501485559194	0.09224000648480175	0.21027513575875095
0.3169278189340311	0.056136992507761795	0.1908841291756839	0.014239883410070497	0.1604972110979619	0.07134094312714222	0.1899730217473508	0.056136992507761795	0.7278142020398869	0.06578078378892899	0.004907221442780528	0.05530911546996243	0.024584878666500633	0.06546680608417961	0.1908841291756839	0.06578078378892899	0.23237468148446236	0.01668615737916294	0.18806907656304125	0.08359662578104736	0.2226085458276759	0.014239883410070497	0.004907221442780528	0.01668615737916294	0.9272940669128401	0.014029881556221497	0.006236276476929072	0.0166065128219955	0.1604972110979619	0.05530911546996243	0.18806907656304125	0.014029881556221497	0.3246344629639084	0.07028884671029652	0.18717140563861034	0.07134094312714222	0.024584878666500633	0.08359662578104736	0.006236276476929072	0.07028884671029652	0.6607548178070606	0.0831976114310246	0.1899730217473508	0.06546680608417961	0.2226085458276759	0.0166065128219955	0.18717140563861034	0.0831976114310246	0.23497609644916603
0.8364097298070297	0.0019985064745429012	0.02421307339837756	0.0011203754247455563	0.05802137277663975	0.010074264637652533	0.0681626774810113	0.0019985064745429012	0.9711637876633812	0.004021389004793747	0.00018607573438466515	0.00963638554627488	0.001673167894826312	0.011320687681796246	0.02421307339837756	0.004021389004793747	0.6953325303570743	0.0022544162211650563	0.11675044014074804	0.02027140645341387	0.137156744424426	0.0011203754247455563	0.00018607573438466515	0.0022544162211650563	0.9837524756920808	0.005402218950473507	0.0009379885503075047	0.006346449426842719	0.05802137277663975	0.00963638554627488	0.11675044014074804	0.005402218950473507	0.4329472029285846	0.04857602383591331	0.3286663558213624	0.010074264637652533	0.001673167894826312	0.02027140645341387	0.0009379885503075047	0.04857602383591331	0.8614007317614036	0.05706641686648204	0.0681626774810113	0.011320687681796246	0.137156744424426	0.006346449426842719	0.3286663558213624	0.05706641686648204	0.39128066829807495
0.614585998951716	0.07848395212084865	0.07832285749284279	0.032184941466891895	0.07426067765082964	0.043015783615035115	0.07914578870183352	0.07848395212084865	0.20319438693775935	0.18330236899429836	0.07532380974944922	0.1737954739172139	0.10067169780549168	0.18522831047493352	0.07832285749284279	0.18330236899429836	0.2044536517200848	0.07516920156798447	0.17343874472018414	0.10046506104382961	0.18484811446077046	0.032184941466891895	0.07532380974944922	0.07516920156798447	0.6288087042032807	0.07127058467472833	0.04128376073943489	0.0759589975982284	0.07426067765082964	0.1737954739172139	0.17343874472018414	0.07127058467472833	0.23671898329298335	0.09525448575504936	0.1752610499890063	0.043015783615035115	0.10067169780549168	0.10046506104382961	0.04128376073943489	0.09525448575504936	0.5177885726500157	0.10152063839114076	0.07914578870183352	0.18522831047493352	0.18484811446077046	0.0759589975982284	0.1752610499890063	0.10152063839114076	0.19803710038408165
0.49777777875840856	0.07363160266811543	0.10476683195517011	0.061310631899132835	0.09646368611732101	0.06035908061689012	0.10569038798496352	0.07363160266811543	0.39942089898704225	0.1288096790173371	0.07538075427017511	0.11860105162784866	0.07421083233069461	0.12994518109878897	0.10476683195517011	0.1288096790173371	0.19993251910399068	0.10725561483258611	0.1687516772058779	0.10559098971520704	0.18489268816983384	0.061310631899132835	0.07538075427017511	0.10725561483258611	0.4873037270615952	0.0987552240575343	0.061792937530690546	0.10820111034828733	0.09646368611732101	0.11860105162784866	0.1687516772058779	0.0987552240575343	0.24996655268077278	0.09722252642958107	0.17023928188106682	0.06035908061689012	0.07421083233069461	0.10559098971520704	0.061792937530690546	0.09722252642958107	0.49430182239489107	0.10652181098204712	0.10569038798496352	0.12994518109878897	0.18489268816983384	0.10820111034828733	0.17023928188106682	0.10652181098204712	0.1945095395350151
0.30077974472038754	0.11623097389360504	0.14941902596902562	0.08813447720916766	0.1093770750925553	0.08670049977578935	0.14935820333947358	0.11623097389360504	0.338886439773308	0.1396523536827541	0.0823736274750632	0.10222771749815265	0.08103338099439916	0.13959550668272158	0.14941902596902562	0.1396523536827541	0.18999083046753368	0.10589421021393075	0.13141734482576758	0.10417127598228139	0.17945495885871152	0.08813447720916766	0.0823736274750632	0.10589421021393075	0.478785160888664	0.07751622597805553	0.06144519340404159	0.1058511048310802	0.1093770750925553	0.10222771749815265	0.13141734482576758	0.07751622597805553	0.37184277558537127	0.0762550110450007	0.1313638499751004	0.08670049977578935	0.08103338099439916	0.10417127598228139	0.06144519340404159	0.0762550110450007	0.486265766860058	0.1041288719384326	0.14935820333947358	0.13959550668272158	0.17945495885871152	0.1058511048310802	0.1313638499751004	0.1041288719384326	0.19024750437448476
0.20658447220361176	0.12650061289649178	0.166481991228875	0.0865276198402793	0.13668916257615701	0.1090929859962482	0.16812315525833368	0.12650061289649178	0.35286080283177657	0.12996702620326087	0.06754927275964062	0.10670874274812235	0.08516531346669291	0.1312482290940124	0.166481991228875	0.12996702620326087	0.18940502378943186	0.08889867944188636	0.1404347660257847	0.11208238952302793	0.17273012378773012	0.0865276198402793	0.06754927275964062	0.08889867944188636	0.5360057180488434	0.07298979281387938	0.05825388271639427	0.08977503437907487	0.13668916257615701	0.10670874274812235	0.1404347660257847	0.07298979281387938	0.3093337209687926	0.09202465594236664	0.1418191589248948	0.1090929859962482	0.08516531346669291	0.11208238952302793	0.05825388271639427	0.09202465594236664	0.4301934850312034	0.11318728732406447	0.16812315525833368	0.1312482290940124	0.17273012378773012	0.08977503437907487	0.1418191589248948	0.11318728732406447	0.18311701123188648
0.24766748000349606	0.10969074503166272	0.1618218805492813	0.07358556972574937	0.13976122453055453	0.10361288004491105	0.1638602201143462	0.10969074503166272	0.41653229169039097	0.11930049079482805	0.05424973776043495	0.10303663895132856	0.07638687302400425	0.120803222747351	0.1618218805492813	0.11930049079482805	0.195934244771171	0.08003222679511296	0.15200537361441396	0.11269015848561752	0.17821562498957652	0.07358556972574937	0.05424973776043495	0.08003222679511296	0.5907266377694715	0.06912169096555296	0.05124380885021167	0.08104032813346719	0.13976122453055453	0.10303663895132856	0.15200537361441396	0.06912169096555296	0.2848275374050714	0.09732747196505197	0.15392006256802787	0.10361288004491105	0.07638687302400425	0.11269015848561752	0.05124380885021167	0.09732747196505197	0.44462918221060377	0.11410962541960064	0.1638602201143462	0.120803222747351	0.17821562498957652	0.08104032813346719	0.15392006256802787	0.11410962541960064	0.18805091602763196
0.3460220620768521	0.09974506226593359	0.14135896644562373	0.07215798600793866	0.11375940820988283	0.08408553517129623	0.14287097982247188	0.09974506226593359	0.39754559525709243	0.12821771532559775	0.0654499133735055	0.1031839138628251	0.07626863355527574	0.12958916635976886	0.14135896644562373	0.12821771532559775	0.19969279228535536	0.09275579059510199	0.1462325160374865	0.10808810949307485	0.18365410981775843	0.07215798600793866	0.0654499133735055	0.09275579059510199	0.5460680736409983	0.07464573427110882	0.055174570729660956	0.09374793138168497	0.11375940820988283	0.1031839138628251	0.1462325160374865	0.07464573427110882	0.3273972669103315	0.08698450250191314	0.14779665820645102	0.08408553517129623	0.07626863355527574	0.10808810949307485	0.055174570729660956	0.08698450250191314	0.4801543996784775	0.10924424887030085	0.14287097982247188	0.12958916635976886	0.18365410981775843	0.09374793138168497	0.14779665820645102	0.10924424887030085	0.19309690554156259
0.483954964143721	0.07049816329728331	0.1110155686266	0.050440900072577205	0.08684808013041513	0.06254227725638749	0.13470004647301914	0.07049816329728331	0.5408793879377525	0.09683188186893078	0.04399641723782545	0.07575210522064368	0.05455168566018005	0.11749035877738712	0.1110155686266	0.09683188186893078	0.3326612069110173	0.06928247558158097	0.11928910828880937	0.08590417281605699	0.18501558590700912	0.050440900072577205	0.04399641723782545	0.06928247558158097	0.6589853761948744	0.05420005559022964	0.03903131651206892	0.0840634588108454	0.08684808013041513	0.07575210522064368	0.11928910828880937	0.05420005559022964	0.45196865735785813	0.06720329929002714	0.1447386941220205	0.06254227725638749	0.05455168566018005	0.08590417281605699	0.03903131651206892	0.06720329929002714	0.5865359571815425	0.10423129128373973	0.13470004647301914	0.11749035877738712	0.18501558590700912	0.0840634588108454	0.1447386941220205	0.10423129128373973	0.22976056462598465
0.4177562505591327	0.08281166087140843	0.1289719828746796	0.051232187799400995	0.10359939288285526	0.06527430004150127	0.1503542249710185	0.08281166087140843	0.5183027666454987	0.1030071242931189	0.040918036761435024	0.0827425872000841	0.052133167124014876	0.12008465710443733	0.1289719828746796	0.1030071242931189	0.30721585944204	0.06372629507643822	0.12886440661957987	0.08119288837790582	0.18702144331623347	0.051232187799400995	0.040918036761435024	0.06372629507643822	0.6863899010301889	0.051189454743886274	0.03225265838856326	0.07429146620008575	0.10359939288285526	0.0827425872000841	0.12886440661957987	0.051189454743886274	0.418155490504549	0.06521985438131828	0.15022881366772387	0.06527430004150127	0.052133167124014876	0.08119288837790582	0.03225265838856326	0.06521985438131828	0.6092732887890434	0.09465384289765089	0.1503542249710185	0.12008465710443733	0.18702144331623347	0.07429146620008575	0.15022881366772387	0.09465384289765089	0.2233655518428454
0.3417119329443205	0.08669800631977032	0.15105654589297932	0.04240529260480791	0.13538238969222682	0.06690447299131105	0.17584135955458371	0.08669800631977032	0.5627846193938351	0.09263272312154994	0.026004286709511257	0.0830208273713525	0.04102797058916052	0.10783156649482022	0.15105654589297932	0.09263272312154994	0.30699054131354153	0.04530805142463496	0.14464968633349135	0.07148426803886108	0.1878781838749417	0.04240529260480791	0.026004286709511257	0.04530805142463496	0.7728662121723718	0.04060672934035671	0.020067394530363804	0.052742033217953316	0.13538238969222682	0.0830208273713525	0.14464968633349135	0.04060672934035671	0.3638902716447179	0.0640668100497754	0.16838328556807922	0.06690447299131105	0.04102797058916052	0.07148426803886108	0.020067394530363804	0.0640668100497754	0.6532359346820308	0.08321314911849723	0.17584135955458371	0.10783156649482022	0.1878781838749417	0.052742033217953316	0.16838328556807922	0.08321314911849723	0.22411042217112428
0.20579481900799734	0.10078576345919558	0.18493007753864726	0.04891438736618575	0.17794710287175905	0.08619802356820565	0.1954298261880063	0.10078576345919558	0.5465979052065595	0.09404029343027451	0.024873851793615967	0.09048932435358062	0.043833255992496635	0.09937960576427547	0.18493007753864726	0.09404029343027451	0.2465728694850997	0.04564060620268614	0.1660373171246802	0.08042889343935594	0.18234994277925312	0.04891438736618575	0.024873851793615967	0.04564060620268614	0.7671483966271068	0.04391721322553146	0.021273608390199088	0.04823193639467417	0.17794710287175905	0.09048932435358062	0.1660373171246802	0.04391721322553146	0.268752756289262	0.0773918919258758	0.1754643942093082	0.08619802356820565	0.043833255992496635	0.08042889343935594	0.021273608390199088	0.0773918919258758	0.6058789334273945	0.08499539325647107	0.1954298261880063	0.09937960576427547	0.18234994277925312	0.04823193639467417	0.1754643942093082	0.08499539325647107	0.21414890140800857
0.2141858180593873	0.08809019401358612	0.1849861741143234	0.033350653772813335	0.17436523816710858	0.10736087402931596	0.19766104784347405	0.08809019401358612	0.6167893836031191	0.07824469100150623	0.014106522347660924	0.07375229120289736	0.04541106087681946	0.08360585695441468	0.1849861741143234	0.07824469100150623	0.28133805931660777	0.029623179156008372	0.15487710447868097	0.09536156104707715	0.17556923088580398	0.033350653772813335	0.014106522347660924	0.029623179156008372	0.8461518981881718	0.027922371569305215	0.017192476253660834	0.03165289871238111	0.17436523816710858	0.07375229120289736	0.15487710447868097	0.027922371569305215	0.31370762781009204	0.08988640034084255	0.1654889664310806	0.10736087402931596	0.04541106087681946	0.09536156104707715	0.017192476253660834	0.08988640034084255	0.5428920875785591	0.1018955398737294	0.19766104784347405	0.08360585695441468	0.17556923088580398	0.03165289871238111	0.1654889664310806	0.1018955398737294	0.24412645929912458
0.20804936621220033	0.11933913478110958	0.1881365031554968	0.04502522573053658	0.15817563844915855	0.0842451299300606	0.19702900174144233	0.11933913478110958	0.4816509430048673	0.11160726749476294	0.026710087238980655	0.0938337350565047	0.04997631290863409	0.1168825195151438	0.1881365031554968	0.11160726749476294	0.24716990058035093	0.04210808484020882	0.1479275915979287	0.07878696932469843	0.18426368300655793	0.04502522573053658	0.026710087238980655	0.04210808484020882	0.7878004198817465	0.03540234399895492	0.018855464085762472	0.044098374223811056	0.15817563844915855	0.0938337350565047	0.1479275915979287	0.03540234399895492	0.34350103193125175	0.06624009145162182	0.15491956751458366	0.0842451299300606	0.04997631290863409	0.07878696932469843	0.018855464085762472	0.06624009145162182	0.6193851019060475	0.08251093039317728	0.19702900174144233	0.1168825195151438	0.18426368300655793	0.044098374223811056	0.15491956751458366	0.08251093039317728	0.22029592360528885
0.23433028779394918	0.13885998698708069	0.1814967476872319	0.055728916793517186	0.1215830335311729	0.07946164592654387	0.18853938128050343	0.13885998698708069	0.37576788618782286	0.14054259034671962	0.04315386596830298	0.09414821308054326	0.06153138110758541	0.14599607632194428	0.1814967476872319	0.14054259034671962	0.22725170875878742	0.05640419888636755	0.12305628745502412	0.08042450380446431	0.19082396306140434	0.055728916793517186	0.04315386596830298	0.05640419888636755	0.723641003977732	0.03778466386801602	0.02469449473773794	0.05859285576832582	0.1215830335311729	0.09414821308054326	0.12305628745502412	0.03778466386801602	0.4417209017351926	0.05387564938428932	0.1278312509457611	0.07946164592654387	0.06153138110758541	0.08042450380446431	0.02469449473773794	0.05387564938428932	0.6164671024372883	0.08354522260209025	0.18853938128050343	0.14599607632194428	0.19082396306140434	0.05859285576832582	0.1278312509457611	0.08354522260209025	0.2046712500199697
0.2061771074495542	0.13755391712790366	0.18493672412050138	0.06691020032118444	0.13083590042123794	0.08471942801412524	0.18886672254549064	0.13755391712790366	0.37951608353899596	0.13608976715481003	0.04923734658595183	0.09627848286214095	0.06234265955970225	0.13898174317049347	0.18493672412050138	0.13608976715481003	0.21265820726654336	0.0661979954632969	0.1294432582916553	0.08381765836017892	0.18685638934301166	0.06691020032118444	0.04923734658595183	0.0661979954632969	0.672891813955594	0.046832636317695756	0.03032527118668942	0.06760473616958673	0.13083590042123794	0.09627848286214095	0.1294432582916553	0.046832636317695756	0.40511783254166206	0.05929789691531593	0.1321939926502904	0.08471942801412524	0.06234265955970225	0.08381765836017892	0.03032527118668942	0.05929789691531593	0.5938982601969109	0.0855988257670762	0.18886672254549064	0.13898174317049347	0.18685638934301166	0.06760473616958673	0.1321939926502904	0.0855988257670762	0.19989759035404858
0.2015749718366005	0.13412393990311516	0.18499957805285533	0.05749943650416838	0.14625777525289246	0.08421935965689441	0.19132493879346266	0.13412393990311516	0.40571457472359296	0.12814924156330593	0.03982987018608995	0.10131278767587079	0.0583387658424539	0.13253082010556372	0.18499957805285533	0.12814924156330593	0.22890068282465872	0.054938060898369875	0.13974256187921077	0.08046771570216622	0.1828021590794225	0.05749943650416838	0.03982987018608995	0.054938060898369875	0.7224729520593021	0.04343317237949497	0.02501004790578639	0.05681646006678506	0.14625777525289246	0.10131278767587079	0.13974256187921077	0.04343317237949497	0.36111665416659766	0.06361651849237515	0.1445205301535498	0.08421935965689441	0.0583387658424539	0.08046771570216622	0.02501004790578639	0.06361651849237515	0.605128587559302	0.0832190048410172	0.19132493879346266	0.13253082010556372	0.1828021590794225	0.05681646006678506	0.1445205301535498	0.0832190048410172	0.20878608696018805
0.18992898361052485	0.11500825726969052	0.17789730036374024	0.05814198817015916	0.15583771467812227	0.12503933652805108	0.17814641937971346	0.11500825726969052	0.44280296196850805	0.11317566553022818	0.036989084111754354	0.09914167914490259	0.07954820056338949	0.11333415141152799	0.17789730036374024	0.11317566553022818	0.2000023153642382	0.05721552836834951	0.15335452855396317	0.12304690519599623	0.17530775662348635	0.05814198817015916	0.036989084111754354	0.05721552836834951	0.7000217582323879	0.05012069979023824	0.04021529102269899	0.05729565030441244	0.15583771467812227	0.09914167914490259	0.15335452855396317	0.05012069979023824	0.2801872314952777	0.10778886731137838	0.15356927902611925	0.12503933652805108	0.07954820056338949	0.12304690519599623	0.04021529102269899	0.10778886731137838	0.401142185081238	0.12321921429724901	0.17814641937971346	0.11333415141152799	0.17530775662348635	0.05729565030441244	0.15356927902611925	0.12321921429724901	0.19912752895749333
0.24414035165440776	0.10464583582036226	0.17090488011085628	0.06246119550588637	0.14586148624857864	0.09279581864973337	0.17919043201017662	0.10464583582036226	0.4854627091410679	0.10757211937840634	0.03931475318386988	0.09180913500694807	0.0584081793049511	0.11278726816439501	0.17090488011085628	0.10757211937840634	0.22778285871581397	0.0642078409217481	0.14994031141744443	0.09539073201863323	0.18420125743709886	0.06246119550588637	0.03931475318386988	0.0642078409217481	0.6770335601357346	0.054799202337485316	0.0348627795660411	0.06732066834923507	0.14586148624857864	0.09180913500694807	0.14994031141744443	0.054799202337485316	0.3189676378257723	0.08141273635692911	0.15720949080684313	0.09279581864973337	0.0584081793049511	0.09539073201863323	0.0348627795660411	0.08141273635692911	0.5371144328963925	0.1000153212073204	0.17919043201017662	0.11278726816439501	0.18420125743709886	0.06732066834923507	0.15720949080684313	0.1000153212073204	0.19927556202493224
0.3769827674660239	0.08930096988523467	0.13447108077092274	0.07020258041857957	0.10263128210286868	0.07955836472369875	0.14685295463266845	0.08930096988523467	0.46913929645878893	0.11125202427777277	0.05808073480419992	0.0849099882495794	0.06582106035734882	0.12149592596707279	0.13447108077092274	0.11125202427777277	0.25689333098624023	0.0874590633352289	0.12785905800173364	0.09911459119778597	0.1829508514303115	0.07020258041857957	0.05808073480419992	0.0874590633352289	0.5702505832295434	0.06675067791640345	0.05174421161283468	0.09551214868320802	0.10263128210286868	0.0849099882495794	0.12785905800173364	0.06675067791640345	0.40257045318469636	0.07564643276021077	0.13963210778450466	0.07955836472369875	0.06582106035734882	0.09911459119778597	0.05174421161283468	0.07564643276021077	0.519874441147862	0.10824089820025672	0.14685295463266845	0.12149592596707279	0.1829508514303115	0.09551214868320802	0.13963210778450466	0.10824089820025672	0.2053151133019734
0.606052092619048	0.0626788466309692	0.08242919705549451	0.048114040185477935	0.05697900353730232	0.04922720553009613	0.09451961444161085	0.0626788466309692	0.43538348060681487	0.12489641877216916	0.07290221822469961	0.08633437836625697	0.07458888229532618	0.14321577510376216	0.08242919705549451	0.12489641877216916	0.2968259521458243	0.09587399313849669	0.11353867962687775	0.09809213167353804	0.18834362758759737	0.048114040185477935	0.07290221822469961	0.09587399313849669	0.5496440965553613	0.06627268964534413	0.057256517518208754	0.10993644473241057	0.05697900353730232	0.08633437836625697	0.11353867962687775	0.06627268964534413	0.4788771519949796	0.06780597309282523	0.1301921237364124	0.04922720553009613	0.07458888229532618	0.09809213167353804	0.057256517518208754	0.06780597309282523	0.5405493580607945	0.11247993182920997	0.09451961444161085	0.14321577510376216	0.18834362758759737	0.10993644473241057	0.1301921237364124	0.11247993182920997	0.2213124825689943
0.5570837433582764	0.06529855172668411	0.09591764323023191	0.045445358854090186	0.07485196183823924	0.053248026890417986	0.10815471410206136	0.06529855172668411	0.47839737353458955	0.11590455340312375	0.05491506927025739	0.09044929499971624	0.0643436240558733	0.13069153300975705	0.09591764323023191	0.11590455340312375	0.28816181557150367	0.08066525034544586	0.13286180135391093	0.09451494119140433	0.1919739949043816	0.045445358854090186	0.05491506927025739	0.08066525034544586	0.620287780583983	0.06294933900780257	0.04478076477761905	0.09095643716080293	0.07485196183823924	0.09044929499971624	0.13286180135391093	0.06294933900780257	0.41531810933137103	0.07375732485650352	0.1498121686124581	0.053248026890417986	0.0643436240558733	0.09451494119140433	0.04478076477761905	0.07375732485650352	0.5627822613986592	0.10657305682952363	0.10815471410206136	0.13069153300975705	0.1919739949043816	0.09095643716080293	0.1498121686124581	0.10657305682952363	0.2218380953810175
0.3987485642120773	0.09139075819102703	0.1316215825675098	0.046952230288807614	0.10779810471008426	0.06696071171711243	0.15652804831338252	0.09139075819102703	0.4936323926823291	0.10712712709747554	0.038214534755948396	0.08773714036010057	0.0544994865942846	0.12739856031883579	0.1316215825675098	0.10712712709747554	0.3178840570557807	0.05503682911947739	0.12635961767606818	0.07849052592016702	0.1834802605635225	0.046952230288807614	0.038214534755948396	0.05503682911947739	0.7212706549020033	0.04507517500246907	0.02799924736205843	0.06545132856923619	0.10779810471008426	0.08773714036010057	0.12635961767606818	0.04507517500246907	0.41847583122290144	0.06428375777621397	0.15027037325216341	0.06696071171711243	0.0544994865942846	0.07849052592016702	0.02799924736205843	0.06428375777621397	0.6144231532347088	0.09334311739545549	0.15652804831338252	0.12739856031883579	0.1834802605635225	0.06545132856923619	0.15027037325216341	0.09334311739545549	0.22352831158740558
0.28207758692739887	0.10495328257968377	0.1626471557602883	0.04977248110212035	0.12936313881081635	0.07809246722296374	0.1930938875967316	0.10495328257968377	0.523124531220955	0.09868700190632754	0.03019971000689877	0.07849175269469169	0.047383007871718986	0.11716071371972615	0.1626471557602883	0.09868700190632754	0.31523053391261885	0.04680079380726695	0.12163945721982404	0.07342992303124271	0.18156513436243457	0.04977248110212035	0.03019971000689877	0.04680079380726695	0.7579711769266986	0.037223507275274945	0.022470663193085036	0.05556166768865604	0.12936313881081635	0.07849175269469169	0.12163945721982404	0.037223507275274945	0.4304691230677107	0.05840326737688642	0.1444097535547984	0.07809246722296374	0.047383007871718986	0.07342992303124271	0.022470663193085036	0.05840326737688642	0.6330450349534236	0.08717563635068079	0.1930938875967316	0.11716071371972615	0.18156513436243457	0.05556166768865604	0.1444097535547984	0.08717563635068079	0.2210332067269759
0.21153616215533652	0.10922744737998426	0.17685779585094233	0.05837698375753854	0.15630720244969776	0.09077980487032042	0.19691460353619	0.10922744737998426	0.5299456601780651	0.09395116306617682	0.03101127374073194	0.08303418797634654	0.04822444048593373	0.10460582717276679	0.17685779585094233	0.09395116306617682	0.297073891083813	0.05021252122862574	0.13444645844997122	0.07808356283212098	0.16937460748835836	0.05837698375753854	0.03101127374073194	0.05021252122862574	0.7343406542566354	0.04437790646111758	0.025773717563591238	0.05590694299176226	0.15630720244969776	0.08303418797634654	0.13444645844997122	0.04437790646111758	0.3631303184943357	0.06901037754581402	0.14969354862272452	0.09077980487032042	0.04822444048593373	0.07808356283212098	0.025773717563591238	0.06901037754581402	0.6011893573393339	0.08693873936288998	0.19691460353619	0.10460582717276679	0.16937460748835836	0.05590694299176226	0.14969354862272452	0.08693873936288998	0.23656573082531754
0.20189521295660462	0.09602427441508911	0.16792274209254193	0.060205948536829666	0.16754390745102188	0.11435607501574797	0.19205183953216817	0.09602427441508911	0.5545469212788808	0.08357594596312548	0.02996478641826722	0.08338739816349992	0.056915561447919906	0.09558511231321903	0.16792274209254193	0.08357594596312548	0.28359031690675346	0.052401011434064046	0.14582396629260178	0.09953126128042304	0.16715475603049298	0.060205948536829666	0.02996478641826722	0.052401011434064046	0.7095295560653047	0.05228279446038593	0.03568530337095442	0.05993059971419527	0.16754390745102188	0.08338739816349992	0.14582396629260178	0.05228279446038593	0.28487756146211896	0.09930671820056773	0.16677765396980673	0.11435607501574797	0.056915561447919906	0.09953126128042304	0.03568530337095442	0.09930671820056773	0.4803720073218317	0.11383307336255728	0.19205183953216817	0.09558511231321903	0.16715475603049298	0.05993059971419527	0.16677765396980673	0.11383307336255728	0.20466696507756374
0.21091381526037545	0.08548733745676518	0.18435354249668112	0.048727970451971636	0.18164542218725924	0.08870556139508148	0.20016635075185713	0.08548733745676518	0.61957325678789	0.07727858634624062	0.02042612591573901	0.07614337784233333	0.03718420754396386	0.0839071081070642	0.18435354249668112	0.07727858634624062	0.268982061345274	0.0440489642568901	0.16420328273759544	0.08018778674828256	0.1809457760690282	0.048727970451971636	0.02042612591573901	0.0440489642568901	0.7743727300998559	0.04340189291181286	0.021195080118135833	0.04782723624559271	0.18164542218725924	0.07614337784233333	0.16420328273759544	0.04340189291181286	0.2773084664719605	0.07900984261485465	0.17828771523417625	0.08870556139508148	0.03718420754396386	0.08018778674828256	0.021195080118135833	0.07900984261485465	0.6066516782500828	0.08706584332959487	0.20016635075185713	0.0839071081070642	0.1809457760690282	0.04782723624559271	0.17828771523417625	0.08706584332959487	0.221799970262678
0.21462383292233778	0.09581998180980858	0.18236258426297522	0.04705183715649761	0.1699089759972837	0.08931470326793732	0.2009180845831692	0.09581998180980858	0.58735984124255	0.08378743813657798	0.02161821138308355	0.07806556302521139	0.04103610510343304	0.09231285929933979	0.18236258426297522	0.08378743813657798	0.2903469455103871	0.04114332752418481	0.148572745958969	0.07809905651623779	0.17568790209067628	0.04705183715649761	0.02161821138308355	0.04114332752418481	0.786372766647013	0.03833363448433205	0.02015053748075335	0.0453296853241376	0.1699089759972837	0.07806556302521139	0.148572745958969	0.03833363448433205	0.3286633271095738	0.07276564308768727	0.16369011033695047	0.08931470326793732	0.04103610510343304	0.07809905651623779	0.02015053748075335	0.07276564308768727	0.6125882730440304	0.08604568149992486	0.2009180845831692	0.09231285929933979	0.17568790209067628	0.0453296853241376	0.16369011033695047	0.08604568149992486	0.2360156768658108
0.19486917845216753	0.12336188204354347	0.17301819940065732	0.07723954221954869	0.1357373730575173	0.11443162208626274	0.1813422027403063	0.12336188204354347	0.41042641543555447	0.1183144385667249	0.05281844976143028	0.09282081966783684	0.07825138146342528	0.12400661306148714	0.17301819940065732	0.1183144385667249	0.22073253817413796	0.07407922870073497	0.13018357712922704	0.10974956686083095	0.17392245116769015	0.07723954221954869	0.05281844976143028	0.07407922870073497	0.6111075522628967	0.058117122573214136	0.04899488222908952	0.07764322225308722	0.1357373730575173	0.09282081966783684	0.13018357712922704	0.058117122573214136	0.3605928746666587	0.0861014503184857	0.13644678258706294	0.11443162208626274	0.07825138146342528	0.10974956686083095	0.04899488222908952	0.0861014503184857	0.4474414165037923	0.11502968053811567	0.1813422027403063	0.12400661306148714	0.17392245116769015	0.07764322225308722	0.13644678258706294	0.11502968053811567	0.19160904765225414
0.2077744441958423	0.13045058713064453	0.17300302678607113	0.07529722813999055	0.11512650325874609	0.13638827464982417	0.16195993583888058	0.13045058713064453	0.4429397164183339	0.11152547653812112	0.04853995566618709	0.07421568498900363	0.08792197227475584	0.10440660698295334	0.17300302678607113	0.11152547653812112	0.29760811302642454	0.06437348757887938	0.09842453315476904	0.11660175441985864	0.13846360849587563	0.07529722813999055	0.04853995566618709	0.06437348757887938	0.6579376310806819	0.042837947203611546	0.05074933697508076	0.060264413355568515	0.11512650325874609	0.07421568498900363	0.09842453315476904	0.042837947203611546	0.49965966907379394	0.07759374219962584	0.09214192012044961	0.13638827464982417	0.08792197227475584	0.11660175441985864	0.05074933697508076	0.07759374219962584	0.42158606246332114	0.10915885701753325	0.16195993583888058	0.10440660698295334	0.13846360849587563	0.060264413355568515	0.09214192012044961	0.10915885701753325	0.3336046581887386
0.23347043331708023	0.12483813178015593	0.18444335763535896	0.06604146489269093	0.12800067532600837	0.08775926418883716	0.17544667285986487	0.12483813178015593	0.524096293481214	0.10090786604435799	0.03613089339839298	0.07002840961570134	0.04801257246913688	0.09598583321103878	0.18444335763535896	0.10090786604435799	0.3450507450777659	0.053381953075848115	0.10346418049679082	0.07093665972600108	0.14181523794387424	0.06604146489269093	0.03613089339839298	0.053381953075848115	0.7312219147195909	0.03704620286428756	0.025399455870680612	0.050778115178507895	0.12800067532600837	0.07002840961570134	0.10346418049679082	0.03704620286428756	0.5138141923127807	0.04922888233389391	0.09841745705053534	0.08775926418883716	0.04801257246913688	0.07093665972600108	0.025399455870680612	0.04922888233389391	0.6511866181815728	0.0674765472298763	0.17544667285986487	0.09598583321103878	0.14181523794387424	0.050778115178507895	0.09841745705053534	0.0674765472298763	0.37008013652629973
0.20817220654727742	0.1200140760893348	0.18516936905620054	0.0658493147348359	0.1461716747111385	0.09034514316863895	0.1842782156925862	0.1200140760893348	0.4817567174416566	0.10976234779935502	0.03903332080847863	0.08664578963483227	0.05355364700437537	0.10923410122197476	0.18516936905620054	0.10976234779935502	0.25999360562309026	0.0602243971856611	0.13368553690414947	0.08262776625532772	0.16853697717622715	0.0658493147348359	0.03903332080847863	0.0602243971856611	0.6980337914538658	0.0475408056957036	0.02938381123031284	0.059934558891146204	0.1461716747111385	0.08664578963483227	0.13368553690414947	0.0475408056957036	0.38768813520579953	0.06522590119922059	0.13304215664916486	0.09034514316863895	0.05355364700437537	0.08262776625532772	0.02938381123031284	0.06522590119922059	0.5966336225134481	0.082230108628682	0.1842782156925862	0.10923410122197476	0.16853697717622715	0.059934558891146204	0.13304215664916486	0.082230108628682	0.26274388174023
0.21451921695944032	0.11518110748541942	0.1845761489933783	0.05587021831365467	0.14702163603376944	0.08738846018605703	0.19544321202828283	0.11518110748541942	0.5150495314290131	0.1018210319561785	0.03082068466233623	0.08110416639682481	0.048207654378599925	0.10781582369162919	0.1845761489933783	0.1018210319561785	0.28421928732694823	0.04938972552450438	0.12996831709348772	0.07725210662983187	0.17277338247567287	0.05587021831365467	0.03082068466233623	0.04938972552450438	0.7488972680156151	0.039340718123509866	0.02338380167826167	0.05229758368211865	0.14702163603376944	0.08110416639682481	0.12996831709348772	0.039340718123509866	0.40341073931938015	0.06153412109698175	0.13762030193604752	0.08738846018605703	0.048207654378599925	0.07725210662983187	0.02338380167826167	0.06153412109698175	0.6204334720801873	0.08180038395008121	0.19544321202828283	0.10781582369162919	0.17277338247567287	0.05229758368211865	0.13762030193604752	0.08180038395008121	0.25224931223616953
0.21176051391268993	0.10205445301087357	0.18510124004300807	0.05427661346295978	0.1616834348871138	0.09052846632961815	0.1945952783537301	0.10205445301087357	0.5578226953754325	0.09174954067184637	0.02690340893066329	0.08014198544370811	0.04487244494709651	0.0964554716203763	0.18510124004300807	0.09174954067184637	0.27266218523063757	0.0487960515933521	0.14535750716882997	0.08138738642383597	0.1749460888684842	0.05427661346295978	0.02690340893066329	0.0487960515933521	0.7522374315436472	0.04262269247201622	0.02386494932535676	0.05129885267200296	0.1616834348871138	0.08014198544370811	0.14535750716882997	0.04262269247201622	0.34629054906434303	0.07109078356489225	0.1528130473990914	0.09052846632961815	0.04487244494709651	0.08138738642383597	0.02386494932535676	0.07109078356489225	0.6026941378841947	0.08556183152500281	0.1945952783537301	0.0964554716203763	0.1749460888684842	0.05129885267200296	0.1528130473990914	0.08556183152500281	0.2443294295613063
