0.19838516276303814	0.15033227002932256	0.16911262340556157	0.06790677190487729	0.06557238663562959	0.18265885102360557	0.1660319342379667	0.15033227002932256	0.3406519001537117	0.13217151305673128	0.05307315686269929	0.05124869676693291	0.14275869078736114	0.1297637723432423	0.16911262340556157	0.13217151305673128	0.274794033511664	0.059703354361078334	0.05765097244045919	0.16059291001383147	0.14597459321067532	0.06790677190487729	0.05307315686269929	0.059703354361078334	0.6730656538078323	0.023149610932473308	0.06448570124594909	0.05861575088509085	0.06557238663562959	0.05124869676693291	0.05765097244045919	0.023149610932473308	0.6835086566353841	0.06226891981395112	0.056600756775170236	0.18265885102360557	0.14275869078736114	0.16059291001383147	0.06448570124594909	0.06226891981395112	0.22956750443830784	0.15766742267699513	0.1660319342379667	0.1297637723432423	0.14597459321067532	0.05861575088509085	0.056600756775170236	0.15766742267699513	0.28534576987086074
0.2488157161999748	0.21088365147650856	0.23743076213602443	0.0666748723879272	0.012359966349641921	0.10023420326125983	0.12360082818867806	0.21088365147650856	0.3189927108478353	0.20659204693407657	0.05801480078558141	0.010754591044718728	0.08721527504800139	0.10754692386329073	0.23743076213602443	0.20659204693407657	0.25927089815375093	0.065318000087952	0.012108433870196313	0.09819437912595465	0.12108547969205943	0.0666748723879272	0.05801480078558141	0.065318000087952	0.7450142895699301	0.0034002682544163137	0.027574765959281756	0.03400300295491523	0.012359966349641921	0.010754591044718728	0.012108433870196313	0.0034002682544163137	0.9499616582407903	0.005111718510280743	0.006303363729956327	0.10023420326125983	0.08721527504800139	0.09819437912595465	0.027574765959281756	0.005111718510280743	0.6305519913099619	0.051117666785265935	0.12360082818867806	0.10754692386329073	0.12108547969205943	0.03400300295491523	0.006303363729956327	0.051117666785265935	0.5563427347858418
0.21616765116472686	0.1987303376708331	0.20528095226898171	0.1591698008416773	0.009740997338761248	0.07400977442695697	0.13690048628805837	0.1987303376708331	0.2363610355668607	0.19819617542578835	0.15367643915042206	0.009404810315014223	0.07145550560544928	0.1321756962656277	0.20528095226898171	0.19819617542578835	0.21772272482124877	0.15874197236235504	0.009714814758545107	0.07381084542735632	0.1365325149357203	0.1591698008416773	0.15367643915042206	0.15874197236235504	0.3577840916974265	0.007532628396546371	0.05723111392835907	0.10586395362321027	0.009740997338761248	0.009404810315014223	0.009714814758545107	0.007532628396546371	0.9536255303255943	0.003502474247768951	0.006478744617769346	0.07400977442695697	0.07145550560544928	0.07381084542735632	0.05723111392835907	0.003502474247768951	0.6707663300220824	0.04922395634202557	0.13690048628805837	0.1321756962656277	0.1365325149357203	0.10586395362321027	0.006478744617769346	0.04922395634202557	0.43282464792758535
0.40492387821341164	0.13552097094852827	0.10720182816181897	0.13559350815715232	0.004144788633383322	0.07785028713235122	0.1347647387533528	0.13552097094852827	0.20780582540315776	0.15318415604220773	0.1937539449467459	0.005922622399869591	0.11124279069207263	0.192569689567416	0.10720182816181897	0.15318415604220773	0.3413365685119828	0.1532661474196821	0.004685001474932651	0.08799693839665686	0.15232935999271738	0.13559350815715232	0.1937539449467459	0.1532661474196821	0.2074855119971712	0.005925792466418064	0.11130233307477451	0.19267276193805388	0.004144788633383322	0.005922622399869591	0.004685001474932651	0.005925792466418064	0.970029959923818	0.0034022620350134805	0.005889573066564931	0.07785028713235122	0.11124279069207263	0.08799693839665686	0.11130233307477451	0.0034022620350134805	0.4975833534159665	0.11062203525316372	0.1347647387533528	0.192569689567416	0.15232935999271738	0.19267276193805388	0.005889573066564931	0.11062203525316372	0.21115184142872942
0.9820547998905366	0.004407217619208962	0.00228076039099714	0.0044263599902354175	2.6182142805894888e-5	0.0024520614412831656	0.004352618524933087	0.004407217619208962	0.2556721416892094	0.12465533110161749	0.2419234270885057	0.0014309892846708736	0.13401781793966874	0.2378930752771251	0.00228076039099714	0.12465533110161749	0.5546605825742195	0.1251967608208972	0.0007405451607820672	0.06935498930491317	0.12311103064657686	0.0044263599902354175	0.2419234270885057	0.1251967608208972	0.25348999121271015	0.0014372046636670598	0.13459991281603148	0.23892634340795926	2.6182142805894888e-5	0.0014309892846708736	0.0007405451607820672	0.0014372046636670598	0.9941556520851317	0.0007961652795490108	0.0014132613833934382	0.0024520614412831656	0.13401781793966874	0.06935498930491317	0.13459991281603148	0.0007961652795490108	0.5264215234943934	0.13235752972416462	0.004352618524933087	0.2378930752771251	0.12311103064657686	0.23892634340795926	0.0014132613833934382	0.13235752972416462	0.26194614103585395
0.9932808183851528	0.0016619606425350441	0.0012506579468668645	0.001002157882900173	1.1157259539218286e-5	0.0011312220699456748	0.001662025813060072	0.0016619606425350441	0.2546876562538128	0.18390579854254901	0.14736455014113145	0.0016406442147085636	0.1663430825538589	0.24439630765139944	0.0012506579468668645	0.18390579854254901	0.3936247763626286	0.11089471134487497	0.0012346169172674291	0.12517642883828273	0.18391301004752694	0.001002157882900173	0.14736455014113145	0.11089471134487497	0.49207450780789785	0.0009893041331573418	0.10030443993727055	0.14737032875276485	1.1157259539218286e-5	0.0016406442147085636	0.0012346169172674291	0.0009893041331573418	0.9933668559924034	0.0011167129335723019	0.0016407085493517072	0.0011312220699456748	0.1663430825538589	0.12517642883828273	0.10030443993727055	0.0011167129335723019	0.43957850829567074	0.16634960537139581	0.001662025813060072	0.24439630765139944	0.18391301004752694	0.14737032875276485	0.0016407085493517072	0.16634960537139581	0.2546680138144962
0.9270114550639821	0.01708969681153414	0.01754697369635905	0.0056628636722205585	0.0005060787114499679	0.014412493846372656	0.017770438198081547	0.01708969681153414	0.2653026328484356	0.22526122341055466	0.07269764125059795	0.006496841658052493	0.18502199025377522	0.2281299737670497	0.01754697369635905	0.22526122341055466	0.251671415431525	0.07464284550388561	0.006670680641116832	0.18997270882183373	0.2342341524947249	0.0056628636722205585	0.07269764125059795	0.07464284550388561	0.7079412875632586	0.002152801715284026	0.06130912202391455	0.07559343827083868	0.0005060787114499679	0.006496841658052493	0.006670680641116832	0.002152801715284026	0.9719388914223483	0.00547907265120951	0.006755633200538879	0.014412493846372656	0.18502199025377522	0.18997270882183373	0.06130912202391455	0.00547907265120951	0.3514125600832952	0.19239205231959888	0.017770438198081547	0.2281299737670497	0.2342341524947249	0.07559343827083868	0.006755633200538879	0.19239205231959888	0.24512431174916727
0.8151388719718683	0.03823895589956637	0.04070670871548968	0.023286812331905448	0.002769051350225763	0.03858573453627993	0.041273865194664534	0.03823895589956637	0.2629808733105912	0.1940023153084943	0.1109815961815892	0.013196900218746858	0.1838940576168168	0.19670530146419563	0.04070670871548968	0.1940023153084943	0.22793725787039687	0.11814379870647265	0.014048562794519248	0.19576166926676275	0.2093996873378648	0.023286812331905448	0.1109815961815892	0.11814379870647265	0.5077732013093527	0.008036666575415699	0.11198805793554582	0.1197898669597188	0.002769051350225763	0.013196900218746858	0.014048562794519248	0.008036666575415699	0.934387941825679	0.01331657929886405	0.0142442979365494	0.03858573453627993	0.1838940576168168	0.19576166926676275	0.11198805793554582	0.01331657929886405	0.25796473328080377	0.19848916806492722	0.041273865194664534	0.19670530146419563	0.2093996873378648	0.1197898669597188	0.0142442979365494	0.19848916806492722	0.22009781304208006
0.9130795383900113	0.018952757614898216	0.016804659079999413	0.0157137036538881	0.00271121917788497	0.013097745211418044	0.01964037687189929	0.018952757614898216	0.24587149865399124	0.18176835483774345	0.16996798613870948	0.02932602483767304	0.14167235335329836	0.21244102456367867	0.016804659079999413	0.18176835483774345	0.3107425858662506	0.15070387748376304	0.026002224034211447	0.12561526124789074	0.1883630374501348	0.0157137036538881	0.16996798613870948	0.15070387748376304	0.3457053839963843	0.024314164355878125	0.11746034122193916	0.1761345431494316	0.00271121917788497	0.02932602483767304	0.026002224034211447	0.024314164355878125	0.8669899406583867	0.020266433475919356	0.030389993460045155	0.013097745211418044	0.14167235335329836	0.12561526124789074	0.11746034122193916	0.020266433475919356	0.4350755404060056	0.14681232508352365	0.01964037687189929	0.21244102456367867	0.1883630374501348	0.1761345431494316	0.030389993460045155	0.14681232508352365	0.22621869942127903
0.7620892401383306	0.033962929189254976	0.03510342264419885	0.03589297744512292	0.04674723322318918	0.040757292238172184	0.045446905121731364	0.033962929189254976	0.3763342471453946	0.10149942456045052	0.10378237453843446	0.13516679897682288	0.11784724671285703	0.1314069788767859	0.03510342264419885	0.10149942456045052	0.35879962059734155	0.10726744257364576	0.13970577288863584	0.12180462073116431	0.13581969600456342	0.03589297744512292	0.10378237453843446	0.10726744257364576	0.3467902698876464	0.14284806943387768	0.12454428016687805	0.13887458595439492	0.04674723322318918	0.13516679897682288	0.13970577288863584	0.14284806943387768	0.1924537840724928	0.1622072317760967	0.18087110962888528	0.040757292238172184	0.11784724671285703	0.12180462073116431	0.12454428016687805	0.1622072317760967	0.275144077462525	0.15769525091230704	0.045446905121731364	0.1314069788767859	0.13581969600456342	0.13887458595439492	0.18087110962888528	0.15769525091230704	0.2098854735013322
0.708695163910574	0.02292196447885476	0.05223274057235642	0.035545214829471226	0.07127492956196488	0.0388916127698537	0.07043837387692478	0.02292196447885476	0.7039925923642127	0.053147956204896686	0.036168033695903656	0.07252380007935527	0.03957306680790796	0.07167258636886888	0.05223274057235642	0.053147956204896686	0.39344333688272415	0.0824168243866316	0.1652614390167517	0.09017594168845243	0.16332176124818681	0.035545214829471226	0.036168033695903656	0.0824168243866316	0.5608976376880386	0.11246305073233852	0.06136616965992193	0.1111430690076944	0.07127492956196488	0.07252380007935527	0.1652614390167517	0.11246305073233852	0.23256288210564663	0.12305086467987987	0.22286303382406275	0.0388916127698537	0.03957306680790796	0.09017594168845243	0.06136616965992193	0.12305086467987987	0.5253357308839008	0.12160661351008305	0.07043837387692478	0.07167258636886888	0.16332176124818681	0.1111430690076944	0.22286303382406275	0.12160661351008305	0.2389545621641789
0.7707977744812026	0.016677017630566688	0.042543730016720155	0.022473282909638733	0.05433970546638283	0.03954865332591606	0.05361983616957275	0.016677017630566688	0.7161941679008129	0.05347439146332373	0.02824729113558555	0.06830107940627357	0.049709796695451	0.06739625576798607	0.042543730016720155	0.05347439146332373	0.3589410150651279	0.0720599542674471	0.17423874858686764	0.12681165281741405	0.1719305077830986	0.022473282909638733	0.02824729113558555	0.0720599542674471	0.627372225598453	0.092039806788807	0.06698693670923068	0.09082050259083735	0.05433970546638283	0.06830107940627357	0.17423874858686764	0.092039806788807	0.2295071350268086	0.16197234847756112	0.2196011762472978	0.03954865332591606	0.049709796695451	0.12681165281741405	0.06698693670923068	0.16197234847756112	0.39514400425126317	0.1598266077231628	0.05361983616957275	0.06739625576798607	0.1719305077830986	0.09082050259083735	0.2196011762472978	0.1598266077231628	0.23680511371804325
0.17136886535377957	0.13755943372950596	0.14561818351839825	0.11455639781809931	0.1209722800830699	0.15002424315244212	0.1599005963447072	0.13755943372950596	0.26870587456165057	0.12510795505561825	0.0984212021004198	0.10393341143207008	0.1288934239946583	0.13737869912607897	0.14561818351839825	0.12510795505561825	0.23319320530912097	0.10418708685397965	0.11002222217175396	0.13644448629002276	0.1454268608011086	0.11455639781809931	0.0984212021004198	0.10418708685397965	0.37453648310810533	0.08655340389097989	0.10733954011691943	0.11440588611149843	0.1209722800830699	0.10393341143207008	0.11002222217175396	0.08655340389097989	0.34435411091178264	0.1133512327406677	0.12081333876967755	0.15002424315244212	0.1288934239946583	0.13644448629002276	0.10733954011691943	0.1133512327406677	0.21411994224017994	0.14982713146511203	0.1599005963447072	0.13737869912607897	0.1454268608011086	0.11440588611149843	0.12081333876967755	0.14982713146511203	0.17224748738181964
0.22553970135699272	0.20872076229451456	0.20968144612445094	0.09037037166375336	0.002334511117355771	0.12815060854840776	0.1352025988945212	0.20872076229451456	0.2257242287995819	0.2096130542611891	0.09034089553119139	0.002333749669130034	0.12810880962409302	0.1351584998202962	0.20968144612445094	0.2096130542611891	0.22312524278799362	0.09075670963882831	0.002344491272148372	0.12869845897437954	0.13578059694100625	0.09037037166375336	0.09034089553119139	0.09075670963882831	0.6135340413530568	0.001010449668020331	0.05546760471674732	0.058519927428400925	0.002334511117355771	0.002333749669130034	0.002344491272148372	0.001010449668020331	0.9890321920253717	0.0014328782484832805	0.0015117279994904561	0.12815060854840776	0.12810880962409302	0.12869845897437954	0.05546760471674732	0.0014328782484832805	0.4751568720475863	0.08298476784030046	0.1352025988945212	0.1351584998202962	0.13578059694100625	0.058519927428400925	0.0015117279994904561	0.08298476784030046	0.450841881075982
0.3853283491060055	0.37529962774906117	0.20076894410753005	0.01092255245608376	0.000138609509618452	0.01610592081405477	0.011435996257641072	0.37529962774906117	0.38529504142125115	0.20079688032418108	0.010924072286718683	0.00013862879659188207	0.01610816189020938	0.011437587531981309	0.20076894410753005	0.20079688032418108	0.5777803372255522	0.00584390256796445	7.416036429766843e-5	0.008617164566901392	0.006118610843570392	0.01092255245608376	0.010924072286718683	0.00584390256796445	0.9715037589316086	4.0345904731646394e-6	0.0004688047368236202	0.00033287443032756355	0.000138609509618452	0.00013862879659188207	7.416036429766843e-5	4.0345904731646394e-6	0.9996343932601843	5.949231641523108e-6	4.224247192928411e-6	0.01610592081405477	0.01610816189020938	0.008617164566901392	0.0004688047368236202	5.949231641523108e-6	0.958203156602601	0.0004908421577680925	0.011435996257641072	0.011437587531981309	0.006118610843570392	0.00033287443032756355	4.224247192928411e-6	0.0004908421577680925	0.9701798645315185
0.25013142665883203	0.22173599370633626	0.22829879114600632	0.052207275479366023	0.010431285692443622	0.08317875075369088	0.15401647656332798	0.22173599370633626	0.2555210072479937	0.2259690073365311	0.05167450145748846	0.010324834666591613	0.08232991355299633	0.1524447420320655	0.22829879114600632	0.2259690073365311	0.2401744866049142	0.05320392967612297	0.010630422394512163	0.08476666068115743	0.15695670216075888	0.052207275479366023	0.05167450145748846	0.05320392967612297	0.7852061315611762	0.0024309607056017327	0.01938440577557366	0.03589279534467166	0.010431285692443622	0.010324834666591613	0.010630422394512163	0.0024309607056017327	0.9551378237080035	0.003873105285932429	0.007171567546915151	0.08317875075369088	0.08232991355299633	0.08476666068115743	0.01938440577557366	0.003873105285932429	0.6692813052668802	0.05718585868377007	0.15401647656332798	0.1524447420320655	0.15695670216075888	0.03589279534467166	0.007171567546915151	0.05718585868377007	0.43633185766849275
0.28392643537798523	0.14216748452758723	0.16155268148097993	0.0822982647804034	0.0634393852383844	0.10570430737240782	0.16091144122225648	0.14216748452758723	0.2729734332317191	0.16463591570408667	0.08386892782447747	0.06465012641498856	0.10772167492726811	0.16398243736987725	0.16155268148097993	0.16463591570408667	0.1962888553772757	0.09530484574586323	0.07346547148338285	0.1224100257238894	0.18634220448452718	0.0822982647804034	0.08386892782447747	0.09530484574586323	0.5438183887147336	0.03742482494831534	0.062358189393388073	0.09492655859282166	0.0634393852383844	0.06465012641498856	0.07346547148338285	0.03742482494831534	0.6397776876380327	0.04806863437827018	0.07317386989862804	0.10570430737240782	0.10772167492726811	0.1224100257238894	0.062358189393388073	0.04806863437827018	0.4318130164128236	0.12192415179195613	0.16091144122225648	0.16398243736987725	0.18634220448452718	0.09492655859282166	0.07317386989862804	0.12192415179195613	0.1987393366399382
0.3488402198150691	0.127106867765929	0.1376451467277647	0.0798874244218586	0.03197334356409086	0.12809634828502361	0.14645064942025937	0.127106867765929	0.28084465692677946	0.1555045250630433	0.09025277162732719	0.036121866435618745	0.14471677553419152	0.16545253664710544	0.1376451467277647	0.1555045250630433	0.2341130391813351	0.09773552138904043	0.039116687343500135	0.15671507096733148	0.179170009327979	0.0798874244218586	0.09025277162732719	0.09773552138904043	0.5144782116141344	0.02270280847582549	0.09095535647493738	0.10398790599687326	0.03197334356409086	0.036121866435618745	0.039116687343500135	0.02270280847582549	0.7920631530038786	0.036403061966431456	0.041619079210653304	0.12809634828502361	0.14471677553419152	0.15671507096733148	0.09095535647493738	0.036403061966431456	0.2763728625856333	0.16674052418644578	0.14645064942025937	0.16545253664710544	0.179170009327979	0.10398790599687326	0.041619079210653304	0.16674052418644578	0.19657929521067757
0.4934257067236244	0.11848158595860889	0.11054661062512129	0.04448491742776051	0.005966545371333669	0.09230798941985412	0.13478664447369426	0.11848158595860889	0.3025019750204008	0.1649304499236269	0.06636944728279752	0.008901810801969268	0.1377192673793496	0.20109546363324282	0.11054661062512129	0.1649304499236269	0.3381692100366567	0.061924537782090956	0.008305636733522246	0.1284959017334603	0.1876276531655177	0.04448491742776051	0.06636944728279752	0.061924537782090956	0.6966679695614508	0.0033422604473026664	0.05170786825661065	0.07550299924198496	0.005966545371333669	0.008901810801969268	0.008305636733522246	0.0033422604473026664	0.9564215723956971	0.006935324596454872	0.010126849653719901	0.09230798941985412	0.1377192673793496	0.1284959017334603	0.05170786825661065	0.006935324596454872	0.4261618942715893	0.15667175434267783	0.13478664447369426	0.20109546363324282	0.1876276531655177	0.07550299924198496	0.010126849653719901	0.15667175434267783	0.23418863548915772
0.4139875399326408	0.1380102702361629	0.13255801391220334	0.059963187409147564	0.012577384835706208	0.10211708101930218	0.1407865226548387	0.1380102702361629	0.2233063820783896	0.1889780853970387	0.08548504927351902	0.017930640595805528	0.14558071509839843	0.20070885732068827	0.13255801391220334	0.1889780853970387	0.24652476809714763	0.08210786292566265	0.017222269773736736	0.13982937954066388	0.1927796203535493	0.059963187409147564	0.08548504927351902	0.08210786292566265	0.6141962217671797	0.00779056776406939	0.06325242090798826	0.08720468995243451	0.012577384835706208	0.017930640595805528	0.017222269773736736	0.00779056776406939	0.9129204913628345	0.013267307391809435	0.018291338276038512	0.10211708101930218	0.14558071509839843	0.13982937954066388	0.06325242090798826	0.013267307391809435	0.3874438393811872	0.1485092566606522	0.1407865226548387	0.20070885732068827	0.1927796203535493	0.08720468995243451	0.018291338276038512	0.1485092566606522	0.211719714781801
0.5546449366519896	0.10653461437906833	0.10372866625948361	0.0497969190362402	0.0038109683486323613	0.07158718200465537	0.1098967133199332	0.10653461437906833	0.24175859926961052	0.19951769719387097	0.09578226513205475	0.0073302362443934425	0.137694913250285	0.21138167453072226	0.10372866625948361	0.19951769719387097	0.25647447104934384	0.09325951636815949	0.0071371697680566335	0.1340682536414534	0.20581422571963723	0.0497969190362402	0.09578226513205475	0.09325951636815949	0.5945679169896969	0.0034263340878088596	0.0643620149825573	0.09880503340348513	0.0038109683486323613	0.0073302362443934425	0.0071371697680566335	0.0034263340878088596	0.9658080841299744	0.004925638105727416	0.007561569315407089	0.07158718200465537	0.137694913250285	0.1340682536414534	0.0643620149825573	0.004925638105727416	0.4453216058359662	0.14204039217935896	0.1098967133199332	0.21138167453072226	0.20581422571963723	0.09880503340348513	0.007561569315407089	0.14204039217935896	0.22450039153146165
0.890124855562954	0.02740965111189475	0.023345525224070324	0.013848649071371753	2.78867767593983e-5	0.01749924120446157	0.02774419104848796	0.02740965111189475	0.25694336668673134	0.20259570398297028	0.12018049630063085	0.00024200531430156418	0.1518608408659983	0.24076793573746966	0.023345525224070324	0.20259570398297028	0.33707941968799393	0.1023609091693294	0.00020612233064631967	0.12934389702783114	0.20506842257715574	0.013848649071371753	0.12018049630063085	0.1023609091693294	0.5651130887506456	0.00012227250385230134	0.07672726238839242	0.12164732181577599	2.78867767593983e-5	0.00024200531430156418	0.00020612233064631967	0.00012227250385230134	0.9990022497249157	0.0001545043149376978	0.00024495903458684467	0.01749924120446157	0.1518608408659983	0.12934389702783114	0.07672726238839242	0.0001545043149376978	0.4706999232654342	0.15371433093294246	0.02774419104848796	0.24076793573746966	0.20506842257715574	0.12164732181577599	0.00024495903458684467	0.15371433093294246	0.2508128388535781
0.9244150624834623	0.018459021864299468	0.015332217175953587	0.010422951280980334	1.975770611692097e-6	0.012731863139109423	0.018636908285583374	0.018459021864299468	0.2525054834281263	0.19566829531243254	0.1330167115342282	2.5214596368000535e-5	0.1624828247598701	0.23784244850467592	0.015332217175953587	0.19566829531243254	0.3459802530270136	0.11048478756170298	2.094345357843078e-5	0.1349595864230957	0.1975539170462238	0.010422951280980334	0.1330167115342282	0.11048478756170298	0.5200162458870957	1.4237510061220519e-5	0.09174649550329586	0.13429857072263623	1.975770611692097e-6	2.5214596368000535e-5	2.094345357843078e-5	1.4237510061220519e-5	0.9998947796540943	1.7391430186566474e-5	2.5457585099743497e-5	0.012731863139109423	0.1624828247598701	0.1349595864230957	0.09174649550329586	1.7391430186566474e-5	0.4340131949271429	0.1640486438172999	0.018636908285583374	0.23784244850467592	0.1975539170462238	0.13429857072263623	2.5457585099743497e-5	0.1640486438172999	0.24759405403848164
0.5776630764837676	0.09627920944195062	0.08506435761443334	0.07259987247892129	0.00012911172384416587	0.07095793331707156	0.09730643894001312	0.09627920944195062	0.21993030209329603	0.1783923401697607	0.1522525004684625	0.0002707660788354038	0.14880911503990962	0.20406576670778873	0.08506435761443334	0.1783923401697607	0.29001523999528706	0.13451773464498215	0.00023922654427069832	0.1314754436748288	0.18029565735644015	0.07259987247892129	0.1522525004684625	0.13451773464498215	0.37433845579015546	0.0002041726651995409	0.11221033947222331	0.1538769244800584	0.00012911172384416587	0.0002707660788354038	0.00023922654427069832	0.0002041726651995409	0.9986835129921741	0.00019955503870346553	0.00027365495697292253	0.07095793331707156	0.14880911503990962	0.1314754436748288	0.11221033947222331	0.00019955503870346553	0.3859508128366831	0.15039680062058255	0.09730643894001312	0.20406576670778873	0.18029565735644015	0.1538769244800584	0.00027365495697292253	0.15039680062058255	0.21378475693814755
0.3787762766208022	0.14101489087068123	0.1252049996735398	0.1080517107585942	0.007896443764949372	0.09724337369513639	0.14181230461629454	0.14101489087068123	0.2059739863195706	0.1702597950793884	0.1469339257993185	0.010737964943745957	0.13223622795680823	0.192843209030484	0.1252049996735398	0.1702597950793884	0.27590756558658924	0.1304604217196223	0.009534077493341675	0.11741055696980042	0.17122258347771518	0.1080517107585942	0.1469339257993185	0.1304604217196223	0.35723611835563024	0.00822789334568633	0.10132511940245947	0.14776481061868663	0.007896443764949372	0.010737964943745957	0.009534077493341675	0.00822789334568633	0.9454000713273433	0.007404862928324003	0.010798686196609312	0.09724337369513639	0.13223622795680823	0.11741055696980042	0.10132511940245947	0.007404862928324003	0.41139585909871235	0.13298399994875706	0.14181230461629454	0.192843209030484	0.17122258347771518	0.14776481061868663	0.010798686196609312	0.13298399994875706	0.20257440611145003
0.46806451193348375	0.11740318020350929	0.10808487167140642	0.0823152255920968	0.022575288348011854	0.08337953498421885	0.11817738726727302	0.11740318020350929	0.2064575113357145	0.1762961028628143	0.13426350287279967	0.03682231652972089	0.13599948678220228	0.19275789941323898	0.10808487167140642	0.1762961028628143	0.25544845223913276	0.12360698792830731	0.03389972358380652	0.1252051865268986	0.1774586751876339	0.0823152255920968	0.13426350287279967	0.12360698792830731	0.4034943470467308	0.025817335499034207	0.0953537069053922	0.13514889415563885	0.022575288348011854	0.03682231652972089	0.03389972358380652	0.025817335499034207	0.8176690519742446	0.026151145343489352	0.0370651387216925	0.08337953498421885	0.13599948678220228	0.1252051865268986	0.0953537069053922	0.026151145343489352	0.39701461356823575	0.136896325889563	0.11817738726727302	0.19275789941323898	0.1774586751876339	0.13514889415563885	0.0370651387216925	0.136896325889563	0.20249567936495957
0.46682418076340854	0.1235616964401155	0.11323475843321049	0.05182250663231013	0.030211219062236252	0.08923988679198812	0.12510575187672893	0.1235616964401155	0.21816763248408266	0.1819740001005089	0.08328139661002548	0.048550961354419914	0.14341302434652287	0.2010512886643215	0.11323475843321049	0.1819740001005089	0.2683021025641729	0.07632097242762505	0.04449320897218606	0.1314269683560479	0.1842479891462458	0.05182250663231013	0.08328139661002548	0.07632097242762505	0.6237421926920039	0.02036256048017163	0.06014827102150776	0.08432210013635487	0.030211219062236252	0.048550961354419914	0.04449320897218606	0.02036256048017163	0.7721594542997848	0.03506493047390677	0.04915766535729376	0.08923988679198812	0.14341302434652287	0.1314269683560479	0.06014827102150776	0.03506493047390677	0.3955017724581322	0.1452051465518921	0.12510575187672893	0.2010512886643215	0.1842479891462458	0.08432210013635487	0.04915766535729376	0.1452051465518921	0.21091005826715983
0.33283144788198593	0.13276285115101816	0.1539238973296516	0.025550235130342696	0.11969554072560085	0.08092556595668798	0.15431046182471267	0.13276285115101816	0.2910445585840321	0.16595969868129365	0.02754808965359424	0.12905491750752693	0.08725339453315605	0.16637648988937895	0.1539238973296516	0.16595969868129365	0.20449656803402877	0.031938974545255225	0.14962495683163013	0.1011606968767791	0.19289520770136143	0.025550235130342696	0.02754808965359424	0.031938974545255225	0.8413149401312309	0.024836642618449856	0.016791931831192805	0.032019186089934426	0.11969554072560085	0.12905491750752693	0.14962495683163013	0.024836642618449856	0.34812182150868864	0.07866539584111819	0.15000072496698524	0.08092556595668798	0.08725339453315605	0.1011606968767791	0.016791931831192805	0.07866539584111819	0.5337882630974614	0.1014147518636045	0.15431046182471267	0.16637648988937895	0.19289520770136143	0.032019186089934426	0.15000072496698524	0.1014147518636045	0.20298317766402266
0.6186051077490969	0.004504433798541726	0.04489649063643281	0.0006829357556656818	0.12455911854494825	0.0019228369753757696	0.20482907653994276	0.004504433798541726	0.9783255256959489	0.0020453544139807716	3.1112580126308966e-5	0.005674553607776287	8.759889780246637e-5	0.009331421005823723	0.04489649063643281	0.0020453544139807716	0.8023077259595689	0.0003101046046604821	0.05655928232310639	0.0008731137521043166	0.09300792831014815	0.0006829357556656818	3.1112580126308966e-5	0.0003101046046604821	0.9966874482301448	0.0008603424380322191	1.328122959329003e-5	0.0014147751617772624	0.12455911854494825	0.005674553607776287	0.05655928232310639	0.0008603424380322191	0.5518867053983475	0.002422333634765959	0.2580376640530285	0.0019228369753757696	8.759889780246637e-5	0.0008731137521043166	1.328122959329003e-5	0.002422333634765959	0.9906974710864868	0.003983364423871617	0.20482907653994276	0.009331421005823723	0.09300792831014815	0.0014147751617772624	0.2580376640530285	0.003983364423871617	0.4293957705054161
0.8189905994399224	0.0008531783174908266	0.01484906939885323	0.00015753046979848372	0.05268743528263543	0.00043683388937097343	0.11202535320192955	0.0008531783174908266	0.9924540846680061	0.0005516374353299335	5.85219868072448e-6	0.001957318731076134	1.6228217400372154e-5	0.004161700432015954	0.01484906939885323	0.0005516374353299335	0.8777170483092005	0.0001018540937626318	0.034065987235707446	0.00028244262829662755	0.0724319608988502	0.00015753046979848372	5.85219868072448e-6	0.0001018540937626318	0.9986019538562195	0.0003613984707893268	2.996370932856063e-6	0.0007684145398163791	0.05268743528263543	0.001957318731076134	0.034065987235707446	0.0003613984707893268	0.6529227740992508	0.0010021623106283867	0.2570029238699143	0.00043683388937097343	1.6228217400372154e-5	0.00028244262829662755	2.996370932856063e-6	0.0010021623106283867	0.9961285138129786	0.0021308227703922358	0.11202535320192955	0.004161700432015954	0.0724319608988502	0.0007684145398163791	0.2570029238699143	0.0021308227703922358	0.5514788242870855
0.9967215909326734	1.897495594975357e-5	0.00021299580381650105	1.6098109540640378e-6	6.0183005532278096e-5	1.3255161308746267e-5	0.002971390329765131	1.897495594975357e-5	0.9936827284983811	0.00041157780448361714	3.110683150726109e-6	0.00011629332052729124	2.561332238371229e-5	0.005741701415123557	0.00021299580381650105	0.00041157780448361714	0.9332964118506043	3.4917733662299144e-5	0.0013054043102809993	0.00028751213989515635	0.0644511803572575	1.6098109540640378e-6	3.110683150726109e-6	3.4917733662299144e-5	0.9994612040020477	9.866176330793801e-6	2.1730014579458955e-6	0.0004871185923965705	6.0183005532278096e-5	0.00011629332052729124	0.0013054043102809993	9.866176330793801e-6	0.9802160191672388	8.123796054129961e-5	0.01821099605954857	1.3255161308746267e-5	2.561332238371229e-5	0.00028751213989515635	2.1730014579458955e-6	8.123796054129961e-5	0.995579280608011	0.0040109278064019895	0.002971390329765131	0.005741701415123557	0.0644511803572575	0.0004871185923965705	0.01821099605954857	0.0040109278064019895	0.9041266854395106
0.9999285610494582	1.3730723143933303e-7	1.4050673820565021e-6	7.377651943699624e-9	9.591671380915836e-8	1.370698406243363e-7	6.965621172187923e-5	1.3730723143933303e-7	0.9980424138296632	3.857341039985788e-5	2.0253918057304307e-7	2.633208067609671e-6	3.7629876569385903e-6	0.0019122767178004214	1.4050673820565021e-6	3.857341039985788e-5	0.9803241343182965	2.072587097041369e-6	2.6945665768529398e-5	3.850672073438258e-5	0.019568362230321355	7.377651943699624e-9	2.0253918057304307e-7	2.072587097041369e-6	0.9998946253223998	1.4148484689788152e-7	2.0218901007844496e-7	0.00010274849981375711	9.591671380915836e-8	2.633208067609671e-6	2.6945665768529398e-5	1.4148484689788152e-7	0.9986317237604131	2.6286555076121147e-6	0.001335831308682533	1.370698406243363e-7	3.7629876569385903e-6	3.850672073438258e-5	2.0218901007844496e-7	2.6286555076121147e-6	0.9980457917994381	0.0019089705778121678	6.965621172187923e-5	0.0019122767178004214	0.019568362230321355	0.00010274849981375711	0.001335831308682533	0.0019089705778121678	0.9751021544538303
0.9997425135719452	1.5537900136247955e-7	3.4177365174473995e-6	9.634481541704107e-9	1.3415835830119273e-6	1.300365086764789e-7	0.00025243205796255427	1.5537900136247955e-7	0.9993879194339851	8.12727055400608e-6	2.291049580249335e-8	3.1902438044270965e-6	3.0922275093968483e-7	0.0006002755394083119	3.4177365174473995e-6	8.12727055400608e-6	0.9867072382895973	5.039422151667595e-7	7.017301343387145e-5	6.801703438977733e-6	0.013203738044242788	9.634481541704107e-9	2.291049580249335e-8	5.039422151667595e-7	0.9999620256408989	1.9781530823193245e-7	1.9173767755484933e-8	3.722088283264254e-5	1.3415835830119273e-6	3.1902438044270965e-6	7.017301343387145e-5	1.9781530823193245e-7	0.9947394889279668	2.6699113941830456e-6	0.005182938504509442	1.300365086764789e-7	3.0922275093968483e-7	6.801703438977733e-6	1.9173767755484933e-8	2.6699113941830456e-6	0.9994877000391905	0.000502369912948843	0.00025243205796255427	0.0006002755394083119	0.013203738044242788	3.722088283264254e-5	0.005182938504509442	0.000502369912948843	0.980221025058076
0.991151086936717	3.6664585138898104e-6	0.00013547353340289097	2.687925965287724e-7	0.00037277792312157026	1.9721154904136835e-6	0.008334754240157768	3.6664585138898104e-6	0.9995624801226323	6.64488603397097e-6	1.3184096744543302e-8	1.8284507334407256e-5	9.67309433102012e-8	0.00040881411044544887	0.00013547353340289097	6.64488603397097e-6	0.9840727719927346	4.871447921591052e-7	0.0006756020300623182	3.574152722575039e-6	0.015105446260251657	2.687925965287724e-7	1.3184096744543302e-8	4.871447921591052e-7	0.9999679126605193	1.3404597881159645e-6	7.091464779576086e-9	2.9970666742292503e-5	0.00037277792312157026	1.8284507334407256e-5	0.0006756020300623182	1.3404597881159645e-6	0.9573570164955026	9.834874719613658e-6	0.04156514370947188	1.9721154904136835e-6	9.67309433102012e-8	3.574152722575039e-6	7.091464779576086e-9	9.834874719613658e-6	0.9997646220134088	0.00021989302125058495	0.008334754240157768	0.00040881411044544887	0.015105446260251657	2.9970666742292503e-5	0.04156514370947188	0.00021989302125058495	0.9343359779916921
0.915444171019679	6.856912804177393e-5	0.003912367741450827	7.702627343855253e-6	0.010573153245078274	3.868072849672749e-5	0.06995535550991062	6.856912804177393e-5	0.9990254603731604	4.1952949597361926e-5	8.259651394737958e-8	0.00011337762564504255	4.147796833665426e-7	0.0007501425473579046	0.003912367741450827	4.1952949597361926e-5	0.9467471905564177	4.712732186519155e-6	0.0064690186071159625	2.366619934300199e-5	0.042801091213889225	7.702627343855253e-6	8.259651394737958e-8	4.712732186519155e-6	0.9998904529902499	1.2736133948543886e-5	4.659375759931424e-8	8.426632599948035e-5	0.010573153245078274	0.00011337762564504255	0.0064690186071159625	1.2736133948543886e-5	0.8670980327058531	6.395777925756517e-5	0.11566972390310307	3.868072849672749e-5	4.147796833665426e-7	2.366619934300199e-5	4.659375759931424e-8	6.395777925756517e-5	0.9994500688444952	0.00042316507496664366	0.06995535550991062	0.0007501425473579046	0.042801091213889225	8.426632599948035e-5	0.11566972390310307	0.00042316507496664366	0.7703162554247837
0.3595396157025614	0.009005131447619387	0.15556360847103531	0.0027185987674427504	0.23094664214879576	0.00807998409220027	0.23414641937034147	0.009005131447619387	0.9622163378528802	0.007089800998414506	0.00012389995607033492	0.010525377690707617	0.00036824473183084386	0.010671207322476816	0.15556360847103531	0.007089800998414506	0.46267387474850874	0.002140371228095671	0.18182585602566265	0.006361426217626049	0.1843450623106543	0.0027185987674427504	0.00012389995607033492	0.002140371228095671	0.9885068286823395	0.0031775525969020345	0.00011117102286577657	0.003221577746283855	0.23094664214879576	0.010525377690707617	0.18182585602566265	0.0031775525969020345	0.29040550793125736	0.009444046963667562	0.27367501664300264	0.00807998409220027	0.00036824473183084386	0.006361426217626049	0.00011117102286577657	0.009444046963667562	0.9660602322674152	0.009574894704394106	0.23414641937034147	0.010671207322476816	0.1843450623106543	0.003221577746283855	0.27367501664300264	0.009574894704394106	0.28436582190284243
0.3245276144942402	0.02763445774581385	0.17834864391801955	0.014699807016617222	0.19075684090449585	0.03840590260777256	0.22562673331303792	0.02763445774581385	0.882040961719198	0.024866198412588643	0.002049515543667306	0.02659620701500915	0.005354729778031905	0.03145792978569078	0.17834864391801955	0.024866198412588643	0.3743265810625843	0.013227265802142903	0.17164792948428104	0.03455862254449685	0.20302475877588433	0.014699807016617222	0.002049515543667306	0.013227265802142903	0.9362938515925235	0.014147522418957519	0.0028483820846865126	0.016733655541404602	0.19075684090449585	0.02659620701500915	0.17164792948428104	0.014147522418957519	0.34273880115994937	0.03696295927895785	0.21714973973834675	0.03840590260777256	0.005354729778031905	0.03455862254449685	0.0028483820846865126	0.03696295927895785	0.8381497042386596	0.04371969946739428	0.22562673331303792	0.03145792978569078	0.20302475877588433	0.016733655541404602	0.21714973973834675	0.04371969946739428	0.26228748337823826
0.24792787412576492	0.08560544074667462	0.15648709969645386	0.047697932468278095	0.17727808508439483	0.12200795423126848	0.16299561364716195	0.08560544074667462	0.5648810650546411	0.08206614708949345	0.02501411010491837	0.09296951272341437	0.06398433313323373	0.08547939114762289	0.15648709969645386	0.08206614708949345	0.27255189670046315	0.04572589671478903	0.16994865372321355	0.11696362556746034	0.15625668050812355	0.047697932468278095	0.02501411010491837	0.04572589671478903	0.7464822799663607	0.05180107129653905	0.03565100972785243	0.047627699721261296	0.17727808508439483	0.09296951272341437	0.16994865372321355	0.05180107129653905	0.1984821303592756	0.13250349457142768	0.1770170522417316	0.12200795423126848	0.06398433313323373	0.11696362556746034	0.03565100972785243	0.13250349457142768	0.4070612789613128	0.12182830380744224	0.16299561364716195	0.08547939114762289	0.15625668050812355	0.047627699721261296	0.1770170522417316	0.12182830380744224	0.24879525892665336
0.3423642678803547	0.08816257747051229	0.12872262114188882	0.06551271783763891	0.13932754078048135	0.10464082046863965	0.1312694544204846	0.08816257747051229	0.44355400925034577	0.10584988581542665	0.05387175650291136	0.11457041623089612	0.0860471826939333	0.10794417203597476	0.12872262114188882	0.10584988581542665	0.23625292733271164	0.07865597741730873	0.16727964070119034	0.12563401860548745	0.15760492898598683	0.06551271783763891	0.05387175650291136	0.07865597741730873	0.5726704233501365	0.08513611519111969	0.06394078941756084	0.08021222028332423	0.13932754078048135	0.11457041623089612	0.16727964070119034	0.08513611519111969	0.18711246447602659	0.13598448116883144	0.17058934145145493	0.10464082046863965	0.0860471826939333	0.12563401860548745	0.06394078941756084	0.13598448116883144	0.3556329651115872	0.12811974253396058	0.1312694544204846	0.10794417203597476	0.15760492898598683	0.08021222028332423	0.17058934145145493	0.12811974253396058	0.22426014028881455
0.7133109069477168	0.02623681490648406	0.0463817340305826	0.049678112838983636	0.06660282786549075	0.033776175656264	0.06401342775447749	0.02623681490648406	0.6418097404314844	0.05911476947124721	0.06331609306169435	0.08488709828756245	0.04304864574972248	0.08158683809180435	0.0463817340305826	0.05911476947124721	0.4121762433212594	0.1119308955263986	0.15006435916230898	0.0761018761102343	0.1442301223779674	0.049678112838983636	0.06331609306169435	0.1119308955263986	0.37835424042810445	0.1607295269008146	0.0815104839799601	0.15448064726404287	0.06660282786549075	0.08488709828756245	0.15006435916230898	0.1607295269008146	0.2213258139592198	0.10928009184539693	0.20711028197920456	0.033776175656264	0.04304864574972248	0.0761018761102343	0.0815104839799601	0.10928009184539693	0.5512512514412474	0.10503147521717374	0.06401342775447749	0.08158683809180435	0.1442301223779674	0.15448064726404287	0.20711028197920456	0.10503147521717374	0.24354720731532778
