0.8671491989225432	0.02148798720454769	0.027130599133301278	0.020199714327114645	0.018335237235193848	0.01894400183489455	0.026753261342404452	0.02148798720454769	0.3372830743151427	0.1562184420235244	0.1163102917852202	0.1055746016127571	0.10907987832474787	0.15404572473405817	0.027130599133301278	0.1562184420235244	0.20427971952916343	0.1468526517380964	0.13329783603033316	0.13772357662758142	0.1944971749179975	0.020199714327114645	0.1163102917852202	0.1468526517380964	0.37004188228545914	0.09924506993029548	0.1025401942034855	0.144810195730327	0.018335237235193848	0.1055746016127571	0.13329783603033316	0.09924506993029548	0.4190278384209355	0.09307551366407425	0.13144390310640908	0.01894400183489455	0.10907987832474787	0.13772357662758142	0.1025401942034855	0.09307551366407425	0.4028287457256321	0.13580808961958268	0.026753261342404452	0.15404572473405817	0.1944971749179975	0.144810195730327	0.13144390310640908	0.13580808961958268	0.2126416505492188
0.5726881870516913	0.06111149041057631	0.0905592657102466	0.052712270306213	0.06407790471416472	0.06304931701867875	0.09580156478842984	0.06111149041057631	0.4476865664806287	0.12147145850423272	0.07070548005161839	0.08595074708787237	0.08457105339678216	0.12850320406829002	0.0905592657102466	0.12147145850423272	0.2400768750024414	0.1047763082220116	0.12736780744882234	0.12532328117838196	0.1904250039338645	0.052712270306213	0.07070548005161839	0.1047763082220116	0.5138792117264	0.0741375964336287	0.07294752912720383	0.11084160413292517	0.06407790471416472	0.08595074708787237	0.12736780744882234	0.0741375964336287	0.42504884427166595	0.08867621890297861	0.1347408811408679	0.06304931701867875	0.08457105339678216	0.12532328117838196	0.07294752912720383	0.08867621890297861	0.4328545991394779	0.13257800123649738	0.09580156478842984	0.12850320406829002	0.1904250039338645	0.11084160413292517	0.1347408811408679	0.13257800123649738	0.20710974069912622
0.4450276594759578	0.06655688796498778	0.10443742352540214	0.06808952851888443	0.09951461424557413	0.09417112603242976	0.12220276023676382	0.06655688796498778	0.5153172934192376	0.08940745624832827	0.058290518250297095	0.08519310625339535	0.08061861875166221	0.10461611911209145	0.10443742352540214	0.08940745624832827	0.2903482686618585	0.09146628888694283	0.13368035662831596	0.12650232136799125	0.16415788468116096	0.06808952851888443	0.058290518250297095	0.09146628888694283	0.5054985356665643	0.08715489283249542	0.08247506619498211	0.10702516964983325	0.09951461424557413	0.08519310625339535	0.13368035662831596	0.08715489283249542	0.3174975139479332	0.12053945115797826	0.15642006493430752	0.09417112603242976	0.08061861875166221	0.12650232136799125	0.08247506619498211	0.12053945115797826	0.34767240711256153	0.1480210093823947	0.12220276023676382	0.10461611911209145	0.16415788468116096	0.10702516964983325	0.15642006493430752	0.1480210093823947	0.19755699200344803
0.47552451434620263	0.05988933379425913	0.09552885718575294	0.07229527265228697	0.10725912089915228	0.07905133127258546	0.11045156984976066	0.05988933379425913	0.5158682023964754	0.08723333137493132	0.06601730264453025	0.0979449635641093	0.07218667928919145	0.10086018693650306	0.09552885718575294	0.08723333137493132	0.27967802836989625	0.10530351694649329	0.1562309988039385	0.11514422585198211	0.16088104146700563	0.07229527265228697	0.06601730264453025	0.10530351694649329	0.42925673869350645	0.11823403930508178	0.08713998521011354	0.12175314454798782	0.10725912089915228	0.0979449635641093	0.1562309988039385	0.11823403930508178	0.21041167195643593	0.1292831172206146	0.18063608825066763	0.07905133127258546	0.07218667928919145	0.11514422585198211	0.08713998521011354	0.1292831172206146	0.3840635751240185	0.13313108603149446	0.11045156984976066	0.10086018693650306	0.16088104146700563	0.12175314454798782	0.18063608825066763	0.13313108603149446	0.19228688291658075
0.6899755363345987	0.035157326328108855	0.059418178473214296	0.040517061451163135	0.06233564661292411	0.0380443386628985	0.07455191213709075	0.035157326328108855	0.5801377344226597	0.08316187581125067	0.05670781096322902	0.08724517370681308	0.053246980107802946	0.10434309866013337	0.059418178473214296	0.08316187581125067	0.34779246740548264	0.09583990549203085	0.14745004366538964	0.08999087523545801	0.17634665391716975	0.040517061451163135	0.05670781096322902	0.09583990549203085	0.5247748303347942	0.10054570223589851	0.0613644833222664	0.12025020620061504	0.06233564661292411	0.08724517370681308	0.14745004366538964	0.10054570223589851	0.3230085724751709	0.09440948109161709	0.1850053802121824	0.0380443386628985	0.053246980107802946	0.08999087523545801	0.0613644833222664	0.09440948109161709	0.5500324061222321	0.11291143545772231	0.07455191213709075	0.10434309866013337	0.17634665391716975	0.12025020620061504	0.1850053802121824	0.11291143545772231	0.22659131341508132
0.5151970492843799	0.08176230765436382	0.08807344045666582	0.07678503526404887	0.06561835603456483	0.08096267600085898	0.09160113530511516	0.08176230765436382	0.2489437307131746	0.14625577567095008	0.12751011921681735	0.10896660230742124	0.13444755782791998	0.15211390660934837	0.08807344045666582	0.14625577567095008	0.20225991828650958	0.13735246979499047	0.11737760143289737	0.14482540083088588	0.16385539352709594	0.07678503526404887	0.12751011921681735	0.13735246979499047	0.2869020409158466	0.10233327117122247	0.12626307604505463	0.14285398759201565	0.06561835603456483	0.10896660230742124	0.11737760143289737	0.10233327117122247	0.3757242095997083	0.10790091388839781	0.12207904556578446	0.08096267600085898	0.13444755782791998	0.14482540083088588	0.12626307604505463	0.10790091388839781	0.25497413589197265	0.1506262395149055	0.09160113530511516	0.15211390660934837	0.16385539352709594	0.14285398759201565	0.12207904556578446	0.1506262395149055	0.17687029188572986
0.8095418074319891	0.04537027044889883	0.031244939766927583	0.04008140636712181	0.0056313990627093755	0.015464747571728292	0.052665429350624175	0.04537027044889883	0.3364082455260674	0.1331350862901239	0.17078738301696572	0.02399546312908958	0.06589548636596679	0.22440806522288423	0.031244939766927583	0.1331350862901239	0.5015577096226574	0.11761537770259861	0.016524847498812566	0.04537994775093965	0.15454209136793784	0.04008140636712181	0.17078738301696572	0.11761537770259861	0.39385501218083213	0.021198284672505646	0.05821397449610208	0.19824856156387105	0.0056313990627093755	0.02399546312908958	0.016524847498812566	0.021198284672505646	0.8966172658682277	0.008179007453262608	0.027853732315392142	0.015464747571728292	0.06589548636596679	0.04537994775093965	0.05821397449610208	0.008179007453262608	0.7303759085496864	0.0764909278123131	0.052665429350624175	0.22440806522288423	0.15454209136793784	0.19824856156387105	0.027853732315392142	0.0764909278123131	0.2657911923669735
0.392116287352288	0.11406396727012898	0.11140761879784485	0.10418629823735481	0.03666464884529402	0.11727121376655994	0.12428996573053012	0.11406396727012898	0.23777003517232628	0.14622872222009328	0.13675033564566833	0.04812439947239478	0.1539250181210695	0.1631375220983198	0.11140761879784485	0.14622872222009328	0.25211561685677364	0.13356566169586223	0.04700366714931728	0.1503403761301076	0.15933833715000198	0.10418629823735481	0.13675033564566833	0.13356566169586223	0.29193508756937825	0.04395694061780685	0.140595476625612	0.14901019960831832	0.03666464884529402	0.04812439947239478	0.04700366714931728	0.04395694061780685	0.7223339633319112	0.04947755959205951	0.052438820991216654	0.11727121376655994	0.1539250181210695	0.1503403761301076	0.140595476625612	0.04947755959205951	0.22066573873429338	0.16772461703029914	0.12428996573053012	0.1631375220983198	0.15933833715000198	0.14901019960831832	0.052438820991216654	0.16772461703029914	0.1840605373913151
0.20018464096844296	0.1587522504977727	0.17341035576248626	0.12227195767831531	0.06975219697074002	0.1079709086866335	0.16765768943560996	0.1587522504977727	0.24035450939204844	0.16254423184810013	0.11461023391594144	0.06538143138265226	0.10120530770635094	0.15715203525713495	0.17341035576248626	0.16254423184810013	0.1852222320406942	0.12519256498769457	0.07141830897373884	0.11054991887914331	0.17166238750814372	0.12227195767831531	0.11461023391594144	0.12519256498769457	0.38857965246382176	0.050357179730686694	0.07794894914491582	0.12103946207862494	0.06975219697074002	0.06538143138265226	0.07141830897373884	0.050357179730686694	0.6295744306164944	0.044467354229518696	0.06904909809616937	0.1079709086866335	0.10120530770635094	0.11054991887914331	0.07794894914491582	0.044467354229518696	0.4509749943632791	0.10688256699015924	0.16765768943560996	0.15715203525713495	0.17166238750814372	0.12103946207862494	0.06904909809616937	0.10688256699015924	0.20655676063415876
0.25448677225019006	0.20966433444242635	0.23128013519728816	0.07463056846133063	0.03145889787554789	0.12438293753652703	0.07409635423668826	0.20966433444242635	0.29366884803463106	0.21436858438899428	0.06917346921971602	0.029158576019797378	0.11528787035300317	0.06867831754143046	0.23128013519728816	0.21436858438899428	0.24294889669974476	0.0763050585391505	0.03216474285888134	0.12717372419471687	0.07575885812122249	0.07463056846133063	0.06917346921971602	0.0763050585391505	0.7040285863932769	0.010379071431807885	0.041037019119260186	0.02444622683545726	0.03145889787554789	0.029158576019797378	0.03216474285888134	0.010379071431807885	0.8692356693942063	0.017298265579453888	0.010304776840305157	0.12438293753652703	0.11528787035300317	0.12717372419471687	0.041037019119260186	0.017298265579453888	0.5340769118180808	0.04074327139895723	0.07409635423668826	0.06867831754143046	0.07575885812122249	0.02444622683545726	0.010304776840305157	0.04074327139895723	0.7059721950259388
0.23488900433603294	0.21442769640917425	0.21149098137240652	0.09321529873296501	0.029241355449096243	0.13813448008326792	0.07860118361705654	0.21442769640917425	0.22658746491568568	0.2146792035706952	0.09462051744589554	0.02968216828161461	0.14021685453201593	0.07978609484491828	0.21149098137240652	0.2146792035706952	0.2342396507278595	0.09332463309409118	0.029275653305348884	0.13829650118210773	0.07869337674749052	0.09321529873296501	0.09462051744589554	0.09332463309409118	0.6102972624803635	0.012903333989715268	0.06095460708423368	0.03468434717273554	0.029241355449096243	0.02968216828161461	0.029275653305348884	0.012903333989715268	0.8688958401652737	0.019121274685994696	0.010880374122956542	0.13813448008326792	0.14021685453201593	0.13829650118210773	0.06095460708423368	0.019121274685994696	0.4518780213222745	0.05139826111010512	0.07860118361705654	0.07978609484491828	0.07869337674749052	0.03468434717273554	0.010880374122956542	0.05139826111010512	0.6659563623847372
0.2889989487884788	0.16227884055826558	0.1493888511811156	0.10111631807112577	0.03638671297855214	0.1463256767179283	0.11550465170452878	0.16227884055826558	0.1957260168253914	0.174782275908122	0.11830427815857675	0.04257180142242693	0.17119841673826716	0.1351383703889443	0.1493888511811156	0.174782275908122	0.24572724552381592	0.10890723733988836	0.03919027573359756	0.1575999354726284	0.12440417884082676	0.10111631807112577	0.11830427815857675	0.10890723733988836	0.45426642396784767	0.02652658719203345	0.10667412646422214	0.08420502880630233	0.03638671297855214	0.04257180142242693	0.03919027573359756	0.02652658719203345	0.786636747472755	0.038386690654233876	0.030301184546399754	0.1463256767179283	0.17119841673826716	0.1575999354726284	0.10667412646422214	0.038386690654233876	0.2579618462158969	0.12185330773681777	0.11550465170452878	0.1351383703889443	0.12440417884082676	0.08420502880630233	0.030301184546399754	0.12185330773681777	0.38859327797617593
0.3618036557121981	0.12250672516196785	0.1239929948153269	0.10521462466619397	0.05707246834175797	0.11509912417765988	0.11431040712489624	0.12250672516196785	0.18475908855139217	0.16656179062561255	0.14133650300570655	0.07666636761685616	0.15461451069089754	0.1535550143475684	0.1239929948153269	0.16656179062561255	0.17688921780942113	0.1430512183003285	0.07759649529328821	0.15649031673260683	0.15541796642341701	0.10521462466619397	0.14133650300570655	0.1430512183003285	0.2798822153832686	0.06584473695352838	0.13279032386819792	0.13188037782277715	0.05707246834175797	0.07666636761685616	0.07759649529328821	0.06584473695352838	0.5792523403958193	0.07203059060566683	0.07153700079308375	0.11509912417765988	0.15461451069089754	0.15649031673260683	0.13279032386819792	0.07203059060566683	0.2247051141270711	0.144270019797901	0.11431040712489624	0.1535550143475684	0.15541796642341701	0.13188037782277715	0.07153700079308375	0.144270019797901	0.22902921369035756
0.39035065605320524	0.11880365723874307	0.1194016789922615	0.10632933389828961	0.052498633631227615	0.10385063490207187	0.10876540528419867	0.11880365723874307	0.18333247138293143	0.169760314100861	0.15117460050020598	0.07464036193059588	0.14765048992059945	0.15463810492605953	0.1194016789922615	0.169760314100861	0.18007613571296738	0.15193556781198586	0.07501607898478795	0.14839371792335979	0.15541650647377292	0.10632933389828961	0.15117460050020598	0.15193556781198586	0.25320888898708316	0.06680316204457176	0.1321472638797998	0.1384011828780608	0.052498633631227615	0.07464036193059588	0.07501607898478795	0.06680316204457176	0.5974622208206428	0.06524587841800034	0.06833366417017234	0.10385063490207187	0.14765048992059945	0.14839371792335979	0.1321472638797998	0.06524587841800034	0.2675371748049705	0.13517484015119527	0.10876540528419867	0.15463810492605953	0.15541650647377292	0.1384011828780608	0.06833366417017234	0.13517484015119527	0.23927029611653727
0.26873915275139126	0.13695832325342622	0.13676470430621937	0.12985935207710225	0.07525715858339295	0.12131924742854189	0.1311020615999243	0.13695832325342622	0.17158456854374657	0.15912253965887546	0.1510883235977201	0.08755994656697147	0.14115211127214206	0.1525341871071162	0.13676470430621937	0.15912253965887546	0.17253075262372428	0.15087472896940304	0.0874361624531691	0.14095256353724486	0.15231854845136186	0.12985935207710225	0.1510883235977201	0.15087472896940304	0.20669251599381377	0.08302144520309873	0.13383576316276824	0.14462787099609198	0.07525715858339295	0.08755994656697147	0.0874361624531691	0.08302144520309873	0.5053477541901319	0.07756160100421335	0.08381593199902146	0.12131924742854189	0.14115211127214206	0.14095256353724486	0.13383576316276824	0.07756160100421335	0.25006218801732016	0.13511652557776763	0.1311020615999243	0.1525341871071162	0.15231854845136186	0.14462787099609198	0.08381593199902146	0.13511652557776763	0.20048487426871472
0.2936087983270321	0.13204380489706674	0.13303984664443122	0.12469667071375054	0.0824733011221009	0.11405874856228858	0.12007882973332677	0.13204380489706674	0.17580878719469367	0.1603266342293213	0.15027225315863246	0.09938877047887232	0.13745246798332514	0.14470728205808464	0.13303984664443122	0.1603266342293213	0.1708010790680332	0.1514057969680766	0.10013848656508594	0.13848930872338405	0.14579884780166388	0.12469667071375054	0.15027225315863246	0.1514057969680766	0.21330674500547306	0.0938586160457103	0.1298043869022876	0.13665553120606602	0.0824733011221009	0.09938877047887232	0.10013848656508594	0.0938586160457103	0.4479065371152965	0.08585150049865409	0.09038278817427746	0.11405874856228858	0.13745246798332514	0.13848930872338405	0.1298043869022876	0.08585150049865409	0.26934619337990834	0.12499739395014886	0.12007882973332677	0.14470728205808464	0.14579884780166388	0.13665553120606602	0.09038278817427746	0.12499739395014886	0.23737932707642895
0.20877633563112197	0.14488746637467748	0.15907360680822785	0.12327825115198884	0.10673463080304879	0.12857669723067627	0.12867301200026107	0.14488746637467748	0.23406652016600737	0.15284929060360464	0.11845455455191123	0.10255826172817892	0.12354568023063654	0.12363822634498618	0.15907360680822785	0.15284929060360464	0.17403856451440824	0.13005261053227835	0.1125998887915882	0.1356422156561234	0.13574382309377167	0.12327825115198884	0.11845455455191123	0.13005261053227835	0.33063464851186225	0.08726222815120985	0.10511948188002554	0.10519822522072578	0.10673463080304879	0.10255826172817892	0.1125998887915882	0.08726222815120985	0.40875137215474944	0.09101272109091965	0.09108089728030667	0.12857669723067627	0.12354568023063654	0.1356422156561234	0.10511948188002554	0.09101272109091965	0.3063836043308836	0.10971959958073703	0.12867301200026107	0.12363822634498618	0.13574382309377167	0.10519822522072578	0.09108089728030667	0.10971959958073703	0.30594621647921344
0.20095273840675051	0.12848815550477058	0.17481375618394862	0.08310052481340427	0.1338212834994179	0.14142237768686675	0.13740116390483337	0.12848815550477058	0.36654377237151187	0.1316444212589164	0.06257928857647481	0.10077482346337127	0.10649886753795934	0.10347067128698967	0.17481375618394862	0.1316444212589164	0.18561866478748512	0.085141859593172	0.1371085556423305	0.14489636799989883	0.14077637453424038	0.08310052481340427	0.06257928857647481	0.085141859593172	0.5682024511666042	0.06517675255656843	0.06887881415738009	0.0669203091363922	0.1338212834994179	0.10077482346337127	0.1371085556423305	0.06517675255656843	0.34443388918717793	0.11091929126988723	0.10776540438124056	0.14142237768686675	0.10649886753795934	0.14489636799989883	0.06887881415738009	0.11091929126988723	0.313497765530448	0.11388651581755317	0.13740116390483337	0.10347067128698967	0.14077637453424038	0.0669203091363922	0.10776540438124056	0.11388651581755317	0.32977956093874405
0.2804639271500868	0.1099671899153598	0.15055692885846192	0.10052079885717222	0.1276599203127512	0.09547092673562452	0.13536030817054154	0.1099671899153598	0.3679690602109739	0.12894410631808848	0.08609078753993132	0.10933402044113838	0.08176583715292031	0.11592899842158641	0.15055692885846192	0.12894410631808848	0.1822758252377571	0.11786756199730787	0.1496900516420933	0.11194623902602183	0.1587192869202674	0.10052079885717222	0.08609078753993132	0.11786756199730787	0.41486635909149266	0.09994201984672649	0.07474199600956594	0.10597047665780208	0.1276599203127512	0.10933402044113838	0.1496900516420933	0.09994201984672649	0.2838718337501792	0.09492122389670363	0.13458093011040598	0.09547092673562452	0.08176583715292031	0.11194623902602183	0.07474199600956594	0.09492122389670363	0.4405069485809199	0.10064682859824259	0.13536030817054154	0.11592899842158641	0.1587192869202674	0.10597047665780208	0.13458093011040598	0.10064682859824259	0.248793171121152
0.9836605998057452	0.0028176969642916684	0.0019393528152051314	0.00310182192478952	0.002585203655514344	0.0025131604585242116	0.0033821643759301074	0.0028176969642916684	0.313961350613773	0.09799109290836033	0.15672801670442266	0.13062446895086682	0.12698428983836807	0.17089308401991732	0.0019393528152051314	0.09799109290836033	0.4972699665375626	0.10787211125581354	0.08990566934802441	0.08740022192087353	0.11762158521416045	0.00310182192478952	0.15672801670442266	0.10787211125581354	0.2605878457593869	0.1437961025761484	0.13978886278975497	0.18812523898968397	0.002585203655514344	0.13062446895086682	0.08990566934802441	0.1437961025761484	0.35978958629266705	0.11650658479009555	0.15679238438668341	0.0025131604585242116	0.12698428983836807	0.08740022192087353	0.13978886278975497	0.11650658479009555	0.3743839096569765	0.15242297054540713	0.0033821643759301074	0.17089308401991732	0.11762158521416045	0.18812523898968397	0.15679238438668341	0.15242297054540713	0.2107625724682177
0.9998847563960876	2.414144328589347e-5	2.3250936056778152e-6	3.44036804406279e-5	9.634404487534458e-6	4.211095570614432e-6	4.0527886521957976e-5	2.414144328589347e-5	0.5315476949640942	0.011955142670599111	0.17689649442801827	0.04953808307479177	0.021652568405540414	0.20838587501366906	2.3250936056778152e-6	0.011955142670599111	0.9440790255994544	0.0170371300170666	0.004771076808901401	0.002085386849080439	0.020069912961292385	3.44036804406279e-5	0.17689649442801827	0.0170371300170666	0.4076108268627867	0.07059612631951795	0.030856814786145402	0.2969682039060228	9.634404487534458e-6	0.04953808307479177	0.004771076808901401	0.07059612631951795	0.7832809819596295	0.008641140454716801	0.08316295697795453	4.211095570614432e-6	0.021652568405540414	0.002085386849080439	0.030856814786145402	0.008641140454716801	0.9004102358106743	0.03634964259827173	4.0527886521957976e-5	0.20838587501366906	0.020069912961292385	0.2969682039060228	0.08316295697795453	0.03634964259827173	0.35502288065626547
0.9965106995275816	0.0005702127550958156	0.0003101394905737983	0.0006261665216218823	0.0005864602106855002	0.0002266482878139675	0.0011696732066274504	0.0005702127550958156	0.5941523007216627	0.04305884762059617	0.08693510391002499	0.08142239738876739	0.03146717649659783	0.16239396110725565	0.0003101394905737983	0.04305884762059617	0.7596198041046207	0.04728412088064359	0.044285752329771035	0.017115039958744454	0.08832629561505062	0.0006261665216218823	0.08693510391002499	0.04728412088064359	0.5628580851082957	0.0894122043034131	0.03455498368994852	0.17832933558605296	0.0005864602106855002	0.08142239738876739	0.044285752329771035	0.0894122043034131	0.5849082323673253	0.03236379192319476	0.1670211614768436	0.0002266482878139675	0.03146717649659783	0.017115039958744454	0.03455498368994852	0.03236379192319476	0.8197239732609674	0.0645483863827332	0.0011696732066274504	0.16239396110725565	0.08832629561505062	0.17832933558605296	0.1670211614768436	0.0645483863827332	0.3382111866254375
0.7373743938796258	0.00786561458449925	0.06110199705869361	0.00248432712142014	0.07469737444565303	0.020491145621817305	0.0959851472882908	0.00786561458449925	0.9206821899260911	0.017137195728067503	0.0006967759186565893	0.0209502731149402	0.005747124318638835	0.02692082640910651	0.06110199705869361	0.017137195728067503	0.49982874837568336	0.005412723910503414	0.16274679015808904	0.04464505213686017	0.20912749263210284	0.00248432712142014	0.0006967759186565893	0.005412723910503414	0.9744710427727258	0.0066170711953233395	0.0018152093090226934	0.00850284977234804	0.07469737444565303	0.0209502731149402	0.16274679015808904	0.0066170711953233395	0.4247507948872181	0.05457870997914068	0.25565898621963506	0.020491145621817305	0.005747124318638835	0.04464505213686017	0.0018152093090226934	0.05457870997914068	0.802589831539951	0.07013292709456927	0.0959851472882908	0.02692082640910651	0.20912749263210284	0.00850284977234804	0.25565898621963506	0.07013292709456927	0.3336717705839473
0.3485894772390141	0.016645646631684042	0.2000601437197028	0.004882522983883177	0.1757034404999007	0.05796481176542752	0.196153957160395	0.016645646631684042	0.919035212695943	0.02027159505943042	0.0004947338683126921	0.0178035911108462	0.005873429709473571	0.019875790924310834	0.2000601437197028	0.02027159505943042	0.25027108604282283	0.005946090950245542	0.21397720828598216	0.07059138150681599	0.238882494435009	0.004882522983883177	0.0004947338683126921	0.005946090950245542	0.9759016841196508	0.0052221727829368444	0.001722802134712007	0.005829993160258883	0.1757034404999007	0.0178035911108462	0.21397720828598216	0.0052221727829368444	0.3154971978105858	0.06199709932112339	0.20979929018863255	0.05796481176542752	0.005873429709473571	0.07059138150681599	0.001722802134712007	0.06199709932112339	0.7326373951030992	0.06921308045935085	0.196153957160395	0.019875790924310834	0.238882494435009	0.005829993160258883	0.20979929018863255	0.06921308045935085	0.2602453936720516
0.3049957689788625	0.06689039447524521	0.16868509661918887	0.04250225472695804	0.16416749400527575	0.06241710491971748	0.19034188627475432	0.06689039447524521	0.6777353568708918	0.06858283849488518	0.01728027745206178	0.06674610237139986	0.025377121700864758	0.07738790863465225	0.16868509661918887	0.06858283849488518	0.2916789739677296	0.04357763613856677	0.16832121885064696	0.06399636688660137	0.19515786904238347	0.04250225472695804	0.01728027745206178	0.04357763613856677	0.7889322094163972	0.04241057131260781	0.01612466033768617	0.04917239061572282	0.16416749400527575	0.06674610237139986	0.16832121885064696	0.04241057131260781	0.30614085939406055	0.0622824623382907	0.18993129172772047	0.06241710491971748	0.025377121700864758	0.06399636688660137	0.01612466033768617	0.0622824623382907	0.697589685122207	0.07221259869463331	0.19034188627475432	0.07738790863465225	0.19515786904238347	0.04917239061572282	0.18993129172772047	0.07221259869463331	0.2257960550101359
0.2869885675936565	0.11502743903809669	0.15242379802293513	0.10199001411873253	0.1236840842222746	0.06996199745030418	0.1499240995539985	0.11502743903809669	0.352966616284978	0.13560624959487816	0.09073703378450736	0.11003750735456663	0.06224280074017466	0.1333823532027967	0.15242379802293513	0.13560624959487816	0.18669748204988734	0.12023638382655275	0.1458115988342987	0.08247844312399256	0.17674604454745307	0.10199001411873253	0.09073703378450736	0.12023638382655275	0.41601828426772214	0.09756565061807083	0.05518808537654555	0.11826454800786722	0.1236840842222746	0.11003750735456663	0.1458115988342987	0.09756565061807083	0.31255379995269816	0.06692702083394485	0.14342033818414446	0.06996199745030418	0.06224280074017466	0.08247844312399256	0.05518808537654555	0.06692702083394485	0.5820758277785574	0.08112582469647968	0.1499240995539985	0.1333823532027967	0.17674604454745307	0.11826454800786722	0.14342033818414446	0.08112582469647968	0.19713679180725824
0.228757532109354	0.11474686919687348	0.16487350758698183	0.08076133208681772	0.15111568564518463	0.07559063629438202	0.18415443708040857	0.11474686919687348	0.45571495725583777	0.10787500396980042	0.05284129116301843	0.09887340560322112	0.049458159225697566	0.12049031358555269	0.16487350758698183	0.10787500396980042	0.26507125293025047	0.07592476448768515	0.1420657949360206	0.07106372703159018	0.17312594905767345	0.08076133208681772	0.05284129116301843	0.07592476448768515	0.6012699512505765	0.0695892445725564	0.034809723782320875	0.08480369265702604	0.15111568564518463	0.09887340560322112	0.1420657949360206	0.0695892445725564	0.3145425297334141	0.06513383497476412	0.15867950453484106	0.07559063629438202	0.049458159225697566	0.07106372703159018	0.034809723782320875	0.06513383497476412	0.624569731534864	0.07937418715638227	0.18415443708040857	0.12049031358555269	0.17312594905767345	0.08480369265702604	0.15867950453484106	0.07937418715638227	0.19937191592811826
0.2057962460330381	0.07491452391153744	0.18033866230366366	0.02589545339724924	0.1887018675963991	0.12968539714477806	0.1946678496133267	0.07491452391153744	0.6533197879860746	0.06813651394258037	0.009783958131396583	0.07129634471183385	0.048998427502058316	0.0735504438145159	0.18033866230366366	0.06813651394258037	0.26133666054333826	0.02355252131795737	0.17162876784287812	0.11795190584323233	0.17705496820634284	0.02589545339724924	0.009783958131396583	0.02355252131795737	0.8737622384322408	0.024644769471666803	0.016937122865738927	0.025423936383749318	0.1887018675963991	0.07129634471183385	0.17162876784287812	0.024644769471666803	0.23504043282429707	0.12342192536447788	0.18526589218843953	0.12968539714477806	0.048998427502058316	0.11795190584323233	0.016937122865738927	0.12342192536447788	0.43568119893761215	0.12732402234209736	0.1946678496133267	0.0735504438145159	0.17705496820634284	0.025423936383749318	0.18526589218843953	0.12732402234209736	0.21671288745152073
0.2470225680712679	0.03802089981737193	0.20732132022059524	0.009328781011712922	0.2129743406295973	0.05306747013445291	0.2322646201149942	0.03802089981737193	0.8439117302900898	0.03423688280573924	0.001540547696100832	0.03517041823294722	0.008763521059277168	0.03835600009847251	0.20732132022059524	0.03423688280573924	0.30132880540712215	0.008400337281667667	0.19177814243716437	0.047785948373588925	0.20914856347411556	0.009328781011712922	0.001540547696100832	0.008400337281667667	0.9605397328482546	0.008629388871949072	0.0021502113113108863	0.00941100097900371	0.2129743406295973	0.03517041823294722	0.19177814243716437	0.008629388871949072	0.28750737707563834	0.049088925516180854	0.21485140723651597	0.05306747013445291	0.008763521059277168	0.047785948373588925	0.0021502113113108863	0.049088925516180854	0.7856087390230291	0.05353518458215851	0.2322646201149942	0.03835600009847251	0.20914856347411556	0.00941100097900371	0.21485140723651597	0.05353518458215851	0.24243322351473193
0.2341842850250852	0.06088034230809934	0.20347097993444238	0.018653413374149413	0.19971962038765792	0.06435503269362008	0.21873632627695014	0.06088034230809934	0.7410686923491905	0.05716499066119362	0.005240659880225676	0.056111049536381595	0.01808048913961547	0.06145377612529521	0.20347097993444238	0.05716499066119362	0.2685025617996792	0.01751504937236161	0.18753130816084	0.060427630717217205	0.20538747935427018	0.018653413374149413	0.005240659880225676	0.01751504937236161	0.9170298737171044	0.017192127412205042	0.0055397657953575275	0.018829110448596517	0.19971962038765792	0.056111049536381595	0.18753130816084	0.017192127412205042	0.2785315720089406	0.059313536857475466	0.20160078563650327	0.06435503269362008	0.01808048913961547	0.060427630717217205	0.0055397657953575275	0.059313536857475466	0.7273223500702588	0.06496119472645671	0.21873632627695014	0.06145377612529521	0.20538747935427018	0.018829110448596517	0.20160078563650327	0.06496119472645671	0.22903132743193236
0.22377327262746965	0.0738418877675944	0.20754535425431758	0.0253951270899484	0.19074922904284838	0.07061683507072271	0.20807829414710308	0.0738418877675944	0.6874473314391192	0.07053585267007415	0.008630725314908584	0.06482756294419288	0.02399966355533011	0.07071697630878235	0.20754535425431758	0.07053585267007415	0.24923416800371018	0.024258141240810868	0.18220904047094497	0.06745519142539241	0.19876225193475386	0.0253951270899484	0.008630725314908584	0.024258141240810868	0.8868468063748668	0.022294990684432234	0.008253777422671466	0.024320431872362235	0.19074922904284838	0.06482756294419288	0.18220904047094497	0.022294990684432234	0.2952460437915403	0.061996211890942315	0.1826769211751025	0.07061683507072271	0.02399966355533011	0.06745519142539241	0.008253777422671466	0.061996211890942315	0.700049916165995	0.06762840446894733	0.20807829414710308	0.07071697630878235	0.19876225193475386	0.024320431872362235	0.1826769211751025	0.06762840446894733	0.24781672009295264
0.23337092060641615	0.04931140134186203	0.1947652820233644	0.02325065865128943	0.19449208891711198	0.0844889536672203	0.22032069479273425	0.04931140134186203	0.7892128943359128	0.04384370001539526	0.005233966200121847	0.04378220139268196	0.019019346264987105	0.04959649044903858	0.1947652820233644	0.04384370001539526	0.2967797947887252	0.020672600561487	0.17292659648287825	0.07512072742608368	0.1958912987020648	0.02325065865128943	0.005233966200121847	0.020672600561487	0.8978463407811302	0.020643603545678863	0.008967750170232604	0.02338508009005992	0.19449208891711198	0.04378220139268196	0.17292659648287825	0.020643603545678863	0.29752362632116913	0.07501535718424043	0.195616526156238	0.0844889536672203	0.019019346264987105	0.07512072742608368	0.008967750170232604	0.07501535718424043	0.6524104468895102	0.0849774183977251	0.22032069479273425	0.04959649044903858	0.1958912987020648	0.02338508009005992	0.195616526156238	0.0849774183977251	0.23021249141213776
0.7424696547310369	0.0038224347633227227	0.06175029732271879	0.0029028876945375566	0.07726392709409337	0.015980856582181686	0.09580994181211075	0.0038224347633227227	0.9608425493104716	0.00860023534543156	0.0004042979295128846	0.010760886757333792	0.0022257241436436904	0.013343871750283853	0.06175029732271879	0.00860023534543156	0.4977570343828086	0.0065313128673721264	0.17383892672215298	0.035955911909109996	0.21556628145040962	0.0029028876945375566	0.0004042979295128846	0.0065313128673721264	0.9701652324255863	0.008172185448371791	0.0016902910391077657	0.010133792595511703	0.07726392709409337	0.010760886757333792	0.17383892672215298	0.008172185448371791	0.4152515421709144	0.04498917538531461	0.26972335642182366	0.015980856582181686	0.0022257241436436904	0.035955911909109996	0.0016902910391077657	0.04498917538531461	0.8433699074874661	0.055788133453177235	0.09580994181211075	0.013343871750283853	0.21556628145040962	0.010133792595511703	0.26972335642182366	0.055788133453177235	0.3396346225166892
0.2285866299031386	0.06906326588934647	0.17338491432012487	0.04373831097484741	0.19717239634306694	0.08149019893866324	0.20656428363080695	0.06906326588934647	0.6916147097659288	0.05907997797302094	0.014903594462665384	0.06718543466433545	0.027767347448834565	0.07038566979586657	0.17338491432012487	0.05907997797302094	0.3150333129450372	0.03741581600139382	0.16867057592527038	0.0697105631527336	0.1767048396824144	0.04373831097484741	0.014903594462665384	0.03741581600139382	0.7992321329782893	0.04254906564999693	0.017585280134444197	0.04457579979836178	0.19717239634306694	0.06718543466433545	0.16867057592527038	0.04254906564999693	0.24420025050606925	0.07927447921952112	0.20094779769173418	0.08149019893866324	0.027767347448834565	0.0697105631527336	0.017585280134444197	0.07927447921952112	0.6411215808569024	0.0830505502488988	0.20656428363080695	0.07038566979586657	0.1767048396824144	0.04457579979836178	0.20094779769173418	0.0830505502488988	0.2177710591519115
0.202020500864034	0.12953322008208856	0.18976029648969217	0.047696060857117015	0.1620805024506764	0.08751868085930785	0.1813907383970831	0.12953322008208856	0.4275848864919438	0.12572648250115256	0.031601225712945546	0.10738711854958505	0.057985870074667774	0.12018119658761613	0.18976029648969217	0.12572648250115256	0.21989491867510375	0.04629436338358603	0.15731726148882147	0.08494667152263008	0.17606000593901322	0.047696060857117015	0.031601225712945546	0.04629436338358603	0.7692630461062611	0.03954153643648742	0.021351260982947387	0.04425250652065515	0.1620805024506764	0.10738711854958505	0.15731726148882147	0.03954153643648742	0.31073920434477037	0.07255574246348387	0.1503786342661749	0.08751868085930785	0.057985870074667774	0.08494667152263008	0.021351260982947387	0.07255574246348387	0.5944417561959509	0.08120001790101197	0.1813907383970831	0.12018119658761613	0.17606000593901322	0.04425250652065515	0.1503786342661749	0.08120001790101197	0.24653690038844472
0.2259156072449508	0.14044252334436386	0.21079350938006017	0.03381655690443719	0.15454638864352704	0.06063413657892262	0.17385127790374066	0.14044252334436386	0.45523280806027033	0.13450660370883272	0.021578227108223238	0.0986155119910562	0.0386904312378219	0.11093389454943339	0.21079350938006017	0.13450660370883272	0.24972356323661754	0.03238727210269014	0.14801435745308666	0.05807138454818773	0.16650330957052714	0.03381655690443719	0.021578227108223238	0.03238727210269014	0.8524453308592129	0.023745209025679268	0.009316104114726628	0.026711299885030855	0.15454638864352704	0.0986155119910562	0.14801435745308666	0.023745209025679268	0.41042826420027123	0.04257589710350393	0.12207437158287723	0.06063413657892262	0.0386904312378219	0.05807138454818773	0.009316104114726628	0.04257589710350393	0.7428178563014332	0.04789419011540485	0.17385127790374066	0.11093389454943339	0.16650330957052714	0.026711299885030855	0.12207437158287723	0.04789419011540485	0.35203165639298784
0.3176981258666717	0.06422332935887132	0.1640267896235239	0.02339329740324968	0.1662568562395473	0.07340606732788435	0.19099553418025123	0.06422332935887132	0.6910328196496371	0.06495056089170934	0.009263168479581876	0.0658336122388036	0.029066991171037948	0.0756295182103586	0.1640267896235239	0.06495056089170934	0.3118294487379336	0.023658190919336925	0.16813946228963705	0.07423727940292596	0.19315826813493264	0.02339329740324968	0.009263168479581876	0.023658190919336925	0.8815698799993693	0.023979841680690096	0.010587628761538148	0.027547992756233822	0.1662568562395473	0.0658336122388036	0.16813946228963705	0.023979841680690096	0.3047592379908141	0.07524659061873924	0.19578439894176786	0.07340606732788435	0.029066991171037948	0.07423727940292596	0.010587628761538148	0.07524659061873924	0.6510123143228469	0.08644312839502728	0.19099553418025123	0.0756295182103586	0.19315826813493264	0.027547992756233822	0.19578439894176786	0.08644312839502728	0.23044115938142787
0.8893005607104774	0.000829729702204695	0.024656391383022173	0.0006961597315216653	0.03845929862061308	0.007493715771546105	0.03856414408061549	0.000829729702204695	0.9788292559287531	0.004564825130553293	0.00012888534205851077	0.0071202622524768455	0.0013873685546187317	0.00713967308933487	0.024656391383022173	0.004564825130553293	0.5019708146223164	0.0038299791231836055	0.2115869449777964	0.041227283998974185	0.2121637607641564	0.0006961597315216653	0.00012888534205851077	0.0038299791231836055	0.9822165764574823	0.005974041720908856	0.0011640298255427598	0.005990327799302564	0.03845929862061308	0.0071202622524768455	0.2115869449777964	0.005974041720908856	0.3416174355836543	0.0643067512192867	0.3309352656252676	0.007493715771546105	0.0013873685546187317	0.041227283998974185	0.0011640298255427598	0.0643067512192867	0.8199387901577255	0.06448206047230653	0.03856414408061549	0.00713967308933487	0.2121637607641564	0.005990327799302564	0.3309352656252676	0.06448206047230653	0.3407247681690203
0.8983884902475744	6.394583565834307e-5	0.009280576431763618	6.600458770277131e-5	0.0431222300083155	0.0007461961359828617	0.04833255675300136	6.394583565834307e-5	0.9986846498793078	0.00011436761913668722	8.133964094976044e-7	0.0005314095319592609	9.195622287993808e-6	0.0005956181152401906	0.009280576431763618	0.00011436761913668722	0.8255848388398156	0.00011804971301019694	0.07712444019444442	0.0013345775311675218	0.08644314967066004	6.600458770277131e-5	8.133964094976044e-7	0.00011804971301019694	0.998642328043324	0.0005485183936871009	9.491677629053802e-6	0.0006147941882373576	0.0431222300083155	0.0005314095319592609	0.07712444019444442	0.0005485183936871009	0.47081389337712437	0.0062011190453607765	0.4016583894490994	0.0007461961359828617	9.195622287993808e-6	0.0013345775311675218	9.491677629053802e-6	0.0062011190453607765	0.984749038754175	0.006950381233396822	0.04833255675300136	0.0005956181152401906	0.08644314967066004	0.0006147941882373576	0.4016583894490994	0.006950381233396822	0.45540511059035443
0.673243125769653	0.0005349258764989655	0.03837126057939477	0.0004381266474921407	0.1324199835281368	0.00275994636702901	0.15223263123179145	0.0005349258764989655	0.9965092212444175	0.0003476767937595741	3.969806197675388e-6	0.001199839531138083	2.500750012764283e-5	0.0013793592478604907	0.03837126057939477	0.0003476767937595741	0.7741915823760175	0.00028476182355891927	0.08606679415862445	0.0017938360172764737	0.09894408825136584	0.0004381266474921407	3.969806197675388e-6	0.00028476182355891927	0.9971401879499423	0.0009827187174914819	2.0482187672042113e-5	0.0011297528676453292	0.1324199835281368	0.001199839531138083	0.08606679415862445	0.0009827187174914819	0.4316820835674645	0.006190563778024199	0.34145801671911186	0.00275994636702901	2.500750012764283e-5	0.0017938360172764737	2.0482187672042113e-5	0.006190563778024199	0.9820933696327	0.0071167945171704385	0.15223263123179145	0.0013793592478604907	0.09894408825136584	0.0011297528676453292	0.34145801671911186	0.0071167945171704385	0.39773935716504477
