0.9948971318533937	0.00018820325159921305	2.2907242222124522e-5	0.0012340871803406903	0.0013203099804916004	0.0010343389652044586	0.0013030215267481914	0.00018820325159921305	0.8637195239477252	0.0006343257829789531	0.03417318022585153	0.036560780823340265	0.02864194072804055	0.036082045240464586	2.2907242222124522e-5	0.0006343257829789531	0.9828554428883162	0.00415940378437739	0.004450011649818714	0.003486166516220285	0.004391742136066439	0.0012340871803406903	0.03417318022585153	0.00415940378437739	0.2962884152678023	0.23973651110669028	0.18781105837546822	0.2365973440594708	0.0013203099804916004	0.036560780823340265	0.004450011649818714	0.23973651110669028	0.26387155632500736	0.20093298007630658	0.2531278500383467	0.0010343389652044586	0.02864194072804055	0.003486166516220285	0.18781105837546822	0.20093298007630658	0.37979159962075104	0.19830191571801015	0.0013030215267481914	0.036082045240464586	0.004391742136066439	0.2365973440594708	0.2531278500383467	0.19830191571801015	0.2701960812808946
0.9973790054899171	9.007697825675522e-5	0.00010475551939232759	0.0006942866388236612	0.0007059820935209906	0.00034314788197990786	0.0006827453981093274	9.007697825675522e-5	0.8777103259996656	0.0050578820110129125	0.033522051356942716	0.034086739788324515	0.01656811506879393	0.03296480879700488	0.00010475551939232759	0.0050578820110129125	0.8586067579802416	0.03898465478030692	0.03964136231056649	0.01926798093111208	0.0383366064673694	0.0006942866388236612	0.033522051356942716	0.03898465478030692	0.2822834346377473	0.26273048290580037	0.12770211818127825	0.2540829714991109	0.0007059820935209906	0.034086739788324515	0.03964136231056649	0.26273048290580037	0.2746190654597651	0.12985329646186947	0.2583630709801632	0.00034314788197990786	0.01656811506879393	0.01926798093111208	0.12770211818127825	0.12985329646186947	0.5806860365573293	0.1255793049176418	0.0006827453981093274	0.03296480879700488	0.0383366064673694	0.2540829714991109	0.2583630709801632	0.1255793049176418	0.2899904919406103
0.9992134547159865	5.6399164622318734e-5	0.00011165959687925136	0.0002070802596559373	0.00020608871170415215	7.095671551171908e-5	0.00013436083564009207	5.6399164622318734e-5	0.7492688878231096	0.03833511766947757	0.0710950634142174	0.07075464388496083	0.024360951629826745	0.046128936413788714	0.00011165959687925136	0.03833511766947757	0.5411612935933183	0.14075467560728477	0.14008070981965023	0.048230041292224426	0.09132650242117193	0.0002070802596559373	0.0710950634142174	0.14075467560728477	0.26933701797480053	0.2597891320851745	0.08944586719949275	0.16937116345938638	0.00020608871170415215	0.07075464388496083	0.14008070981965023	0.2597891320851745	0.27159167036046467	0.08901757979747453	0.16856017534058332	7.095671551171908e-5	0.024360951629826745	0.048230041292224426	0.08944586719949275	0.08901757979747453	0.6908390306776454	0.05803557268782851	0.00013436083564009207	0.046128936413788714	0.09132650242117193	0.16937116345938638	0.16856017534058332	0.05803557268782851	0.46644328884160907
0.9999933662874235	3.4215560335303277e-7	1.7944277843832658e-6	3.843519581393985e-6	8.153290664237529e-8	5.104401341516797e-7	6.163656659329929e-8	3.4215560335303277e-7	0.9159947284078833	0.02395921709824623	0.05131871055130198	0.0010886281565056714	0.006815401598343682	0.0008229720321160337	1.7944277843832658e-6	0.02395921709824623	0.6611305272447128	0.26913988597452176	0.005709287212462061	0.03574322872386073	0.004316059318413844	3.843519581393985e-6	0.05131871055130198	0.26913988597452176	0.5815049633045505	0.012228832716409453	0.07655911299301424	0.009244650940624549	8.153290664237529e-8	0.0010886281565056714	0.005709287212462061	0.012228832716409453	0.9791530078649877	0.0016240549527832989	0.00019610756394531422	5.104401341516797e-7	0.006815401598343682	0.03574322872386073	0.07655911299301424	0.0016240549527832989	0.8780299517769777	0.0012277395148866126	6.163656659329929e-8	0.0008229720321160337	0.004316059318413844	0.009244650940624549	0.00019610756394531422	0.0012277395148866126	0.9841924089934471
0.9999996997742112	5.88472066033545e-9	4.171913883781835e-8	2.081128811455885e-7	1.528970970703995e-10	4.423249540121922e-8	1.2365553505300548e-10	5.88472066033545e-9	0.9724166602879952	0.003909590127208698	0.019502705188492286	1.4328315440764337e-5	0.00414512217029871	1.1588025843421754e-5	4.171913883781835e-8	0.003909590127208698	0.8282577288082752	0.13826247878779854	0.0001015791599445655	0.029386429246847735	8.215215078541746e-5	2.081128811455885e-7	0.019502705188492286	0.13826247878779854	0.6947260187834602	0.0005067202303142643	0.14659205888494034	0.00040981001210796105	1.528970970703995e-10	1.4328315440764337e-5	0.0001015791599445655	0.0005067202303142643	0.9992693722958649	0.00010769876489000573	3.010806484287661e-7	4.423249540121922e-8	0.00414512217029871	0.029386429246847735	0.14659205888494034	0.00010769876489000573	0.8196815453189297	8.71013815971248e-5	1.2365553505300548e-10	1.1588025843421754e-5	8.215215078541746e-5	0.00040981001210796105	3.010806484287661e-7	8.71013815971248e-5	0.999409047225362
0.999999221107107	7.072394705898716e-9	3.147685267404125e-8	5.638987867875749e-7	9.897921834774097e-10	1.7514229949751409e-7	3.1276721378865717e-10	7.072394705898716e-9	0.9876342266932947	0.0005043081944414771	0.009034536646896296	1.5858012047482562e-5	0.002806052363130999	5.0110177945563456e-6	3.147685267404125e-8	0.0005043081944414771	0.9467042957702657	0.04020968721887027	7.057868369612576e-5	0.012488796299257999	2.2302356616874605e-5	5.638987867875749e-7	0.009034536646896296	0.04020968721887027	0.7253580716443467	0.0012643968735200604	0.22373320339604905	0.0003995403215497146	9.897921834774097e-10	1.5858012047482562e-5	7.057868369612576e-5	0.0012643968735200604	0.9982557529297084	0.00039271121182460106	7.012994113834334e-7	1.7514229949751409e-7	0.002806052363130999	0.012488796299257999	0.22373320339604905	0.00039271121182460106	0.7604549676679359	0.00012409391950785287	3.1276721378865717e-10	5.0110177945563456e-6	2.2302356616874605e-5	0.0003995403215497146	7.012994113834334e-7	0.00012409391950785287	0.9994483507723523
0.9999882585962313	9.001372185570487e-8	1.5678329301639944e-7	8.789266019222462e-6	2.0476819989222462e-7	2.4791806091998513e-6	2.1391925401663123e-8	9.001372185570487e-8	0.9898881160866743	0.00013606619806944196	0.0076278663883622266	0.00017771045567938277	0.0021515856270860573	1.8565230406819962e-5	1.5678329301639944e-7	0.00013606619806944196	0.9824883435065261	0.01328599669474443	0.0003095309234021267	0.003747569513479988	3.233638048491545e-5	8.789266019222462e-6	0.0076278663883622266	0.01328599669474443	0.7498236601876201	0.017352292930040036	0.21008861815434876	0.00181277637886447	2.0476819989222462e-7	0.00017771045567938277	0.0003095309234021267	0.017352292930040036	0.9772234815581309	0.004894546150182018	4.223321436572708e-5	2.4791806091998513e-6	0.0021515856270860573	0.003747569513479988	0.21008861815434876	0.004894546150182018	0.7786038731203226	0.0005113282539710746	2.1391925401663123e-8	1.8565230406819962e-5	3.233638048491545e-5	0.00181277637886447	4.223321436572708e-5	0.0005113282539710746	0.9975827391499815
0.9994065448006528	5.3797202100798025e-5	4.192986098390624e-5	0.00016535180599570672	0.00015506195994517154	0.00015815373057472785	1.9160639746972116e-5	5.3797202100798025e-5	0.7059203067213455	0.022844959235408822	0.0900898590845086	0.0844835654301286	0.0861680779073953	0.010439434419111042	4.192986098390624e-5	0.022844959235408822	0.7657530672728996	0.07021657483962562	0.06584699604400975	0.06715991514090086	0.00813655760617036	0.00016535180599570672	0.0900898590845086	0.07021657483962562	0.28292423511377607	0.2596698262235649	0.2648473664944597	0.03208678643806546	0.00015506195994517154	0.0844835654301286	0.06584699604400975	0.2596698262235649	0.3113886154275991	0.24836590981059134	0.03009002510415741	0.00015815373057472785	0.0861680779073953	0.06715991514090086	0.2648473664944597	0.24836590981059134	0.30261058870109	0.03068998821498446	1.9160639746972116e-5	0.010439434419111042	0.00813655760617036	0.03208678643806546	0.03009002510415741	0.03068998821498446	0.8885380475777639
0.9991304692652827	0.00015654964968758538	9.964761475136677e-5	0.00018428937963028876	0.00018600408242313803	0.00018867979053498367	5.436021768996606e-5	0.00015654964968758538	0.3253358178440241	0.0942704906512898	0.17434486799224513	0.175967043033829	0.1784983662087258	0.05142686462019639	9.964761475136677e-5	0.0942704906512898	0.5362949747419621	0.11097469891653705	0.11200725232004591	0.11361850036209967	0.032734435393312854	0.00018428937963028876	0.17434486799224513	0.11097469891653705	0.23668200937037204	0.20714742741869155	0.21012728702538155	0.060539419897139596	0.00018600408242313803	0.175967043033829	0.11200725232004591	0.20714742741869155	0.23150717390263395	0.21208239614039992	0.06110270310197404	0.00018867979053498367	0.1784983662087258	0.11361850036209967	0.21012728702538155	0.21208239614039992	0.2235030920483199	0.061981678424535606	5.436021768996606e-5	0.05142686462019639	0.032734435393312854	0.060539419897139596	0.06110270310197404	0.061981678424535606	0.7321605383451507
0.9996862926840105	6.994517788705597e-5	1.5820099746028597e-5	2.719678654318969e-6	0.00010956723801673463	9.671909077168216e-5	1.8936030913782442e-5	6.994517788705597e-5	0.5065439322702704	0.03202063180457051	0.005504758516997285	0.22176928355071437	0.19576402448728716	0.03832742419227831	1.5820099746028597e-5	0.03202063180457051	0.8636125648901922	0.0012450583649571871	0.05015945762612558	0.044277625529436225	0.008668841684973427	2.719678654318969e-6	0.005504758516997285	0.0012450583649571871	0.9755222286163295	0.00862305601152965	0.007611893410884861	0.0014902854006474413	0.00010956723801673463	0.22176928355071437	0.05015945762612558	0.00862305601152965	0.3526406836923282	0.30665907377843504	0.06003887810285855	9.671909077168216e-5	0.19576402448728716	0.044277625529436225	0.007611893410884861	0.30665907377843504	0.3925921049536012	0.05299855874959105	1.8936030913782442e-5	0.03832742419227831	0.008668841684973427	0.0014902854006474413	0.06003887810285855	0.05299855874959105	0.8384570758387387
0.998902526969527	0.0002531606263440514	1.77866976911036e-5	1.1284550250278406e-7	0.00037873828275606205	0.00032573488522833394	0.00012193969295103856	0.0002531606263440514	0.48838545414448054	0.010772588825528267	6.83453567595429e-5	0.2293844458074089	0.1972827134994591	0.07385329174002515	1.77866976911036e-5	0.010772588825528267	0.9540389831421974	4.801845440295807e-6	0.016116217800286655	0.013860796741459538	0.005188824947397167	1.1284550250278406e-7	6.83453567595429e-5	4.801845440295807e-6	0.999703634635223	0.000102247349547482	8.793810973474215e-5	3.2919857792426724e-5	0.00037873828275606205	0.2293844458074089	0.016116217800286655	0.000102247349547482	0.34838819215002337	0.29514272107502637	0.11048743753495946	0.00032573488522833394	0.1972827134994591	0.013860796741459538	8.793810973474215e-5	0.29514272107502637	0.3982750759769964	0.09502501971210274	0.00012193969295103856	0.07385329174002515	0.005188824947397167	3.2919857792426724e-5	0.11048743753495946	0.09502501971210274	0.7152905665147746
0.9964676314480679	0.000751023426073044	9.986177612503306e-5	6.920511470459712e-7	0.0009531576223198292	0.0008802971020581777	0.0008473365742089487	0.000751023426073044	0.38292931180951284	0.022128421177199372	0.00015335196160363824	0.21121067673123292	0.19506547741572097	0.18776173747865693	9.986177612503306e-5	0.022128421177199372	0.8987635384964763	2.039084098624076e-5	0.02808417498404334	0.025937386716771794	0.024966226008397815	6.920511470459712e-7	0.00015335196160363824	2.039084098624076e-5	0.9992781726282457	0.00019462587454094845	0.00017974843754273268	0.0001730182059338467	0.0009531576223198292	0.21121067673123292	0.02808417498404334	0.00019462587454094845	0.2736941210592203	0.24756637435723303	0.23829686937140954	0.0008802971020581777	0.19506547741572097	0.025937386716771794	0.00017974843754273268	0.24756637435723303	0.31028954720591284	0.22008116876476025	0.0008473365742089487	0.18776173747865693	0.024966226008397815	0.0001730182059338467	0.23829686937140954	0.22008116876476025	0.32787364359663257
0.9986309425438678	0.00020897268485283276	0.0001778629923673441	0.00021103356957514053	0.00026696685941525645	0.0002504268396960426	0.00025379451022555707	0.00020897268485283276	0.3408275461509579	0.10103159658876534	0.11987349467261812	0.15164530678369456	0.14225007184695992	0.14416301127215003	0.0001778629923673441	0.10103159658876534	0.42391778564892085	0.10202796831087237	0.12906992156418282	0.12107335205549956	0.12270151283939049	0.00021103356957514053	0.11987349467261812	0.10202796831087237	0.3355089898692797	0.153140829972193	0.14365293940366014	0.14558474420180006	0.00026696685941525645	0.15164530678369456	0.12906992156418282	0.153140829972193	0.1999784299958725	0.18172736288152586	0.1841711819431141	0.0002504268396960426	0.14225007184695992	0.12107335205549956	0.14365293940366014	0.18172736288152586	0.23828505127644306	0.17276079569621375	0.00025379451022555707	0.14416301127215003	0.12270151283939049	0.14558474420180006	0.1841711819431141	0.17276079569621375	0.2303649595371044
0.9999999778555668	2.9963077621237937e-12	2.777442003292568e-10	2.1810384815904978e-8	3.296976986243441e-11	5.411452561845174e-12	1.492661585455268e-11	2.9963077621237937e-12	0.999863325580964	1.7144563217750878e-6	0.00013463090168452672	2.0351543002918365e-7	3.340375440294716e-8	9.21388489272098e-8	2.777442003292568e-10	1.7144563217750878e-6	0.9874881063843952	0.012479676687641533	1.8864961431083154e-5	3.096377205279269e-6	8.540855261278995e-6	2.1810384815904978e-8	0.00013463090168452672	0.012479676687641533	0.9849904285544029	0.0014814065167206582	0.00024314883371922378	0.0006706866954723567	3.296976986243441e-11	2.0351543002918365e-7	1.8864961431083154e-5	0.0014814065167206582	0.9984981435697117	3.6755706777792167e-7	1.013846669197465e-6	5.411452561845174e-12	3.340375440294716e-8	3.096377205279269e-6	0.00024314883371922378	3.6755706777792167e-7	0.9997531874163679	1.664064741197352e-7	1.492661585455268e-11	9.21388489272098e-8	8.540855261278995e-6	0.0006706866954723567	1.013846669197465e-6	1.664064741197352e-7	0.9993195000423474
0.9999999997899138	9.586006898463956e-17	3.1331369673667325e-14	2.1004926265728344e-10	3.113692158086856e-15	4.209671492987527e-17	2.3868009994482654e-15	9.586006898463956e-17	0.9999995459125945	6.772070061699649e-11	4.5400770471869894e-7	6.7300413817692005e-12	9.09892883208716e-14	5.158913817030858e-12	3.1331369673667325e-14	6.772070061699649e-11	0.9998516059374389	0.00014839007922594016	2.1996793522553975e-9	2.9739380108123424e-11	1.6861644022171965e-9	2.1004926265728344e-10	4.5400770471869894e-7	0.00014839007922594016	0.9998249051637158	1.4746914381212734e-5	1.993763735406091e-7	1.130424852451798e-5	3.113692158086856e-15	6.7300413817692005e-12	2.1996793522553975e-9	1.4746914381212734e-5	0.9999852507086807	2.9554812187752483e-12	1.6756997638827967e-10	4.209671492987527e-17	9.09892883208716e-14	2.9739380108123424e-11	1.993763735406091e-7	2.9554812187752483e-12	0.9999998005885751	2.265524389911947e-12	2.3868009994482654e-15	5.158913817030858e-12	1.6861644022171965e-9	1.130424852451798e-5	1.6756997638827967e-10	2.265524389911947e-12	0.9999886938903142
0.9999984700395957	7.551901117465179e-10	4.341048182548704e-9	1.4592821252241046e-6	5.664973384674192e-8	1.8463593365984174e-9	7.085947476258276e-9	7.551901117465179e-10	0.999485334391258	1.461010534480381e-6	0.0004911317423985803	1.906586945022261e-5	6.214053214269363e-7	2.3848258471781796e-6	4.341048182548704e-9	1.461010534480381e-6	0.9970484925658277	0.0028231653521000512	0.00010959605619595341	3.5720150452816534e-6	1.3708659248259476e-5	1.4592821252241046e-6	0.0004911317423985803	0.0028231653521000512	0.9540334972772452	0.03684169331378228	0.0012007647663451395	0.0046082882659984675	5.664973384674192e-8	1.906586945022261e-5	0.00010959605619595341	0.03684169331378228	0.9628040790728691	4.661401880431516e-5	0.00017889501916415628	1.8463593365984174e-9	6.214053214269363e-7	3.5720150452816534e-6	0.0012007647663451395	4.661401880431516e-5	0.998742595303098	5.830645026475964e-6	7.085947476258276e-9	2.3848258471781796e-6	1.3708659248259476e-5	0.0046082882659984675	0.00017889501916415628	5.830645026475964e-6	0.9951908854987679
0.9960122334225316	0.00043318853411850836	9.118019561094035e-5	0.0010278149954582162	0.0009958095679997332	0.0010176289992840642	0.0004221442849968395	0.00043318853411850836	0.6274031394943028	0.009546549828365884	0.1076120423161957	0.10426107990639477	0.10654557037701488	0.04419842954360444	9.118019561094035e-5	0.009546549828365884	0.9140363806119961	0.02265084667684025	0.021945515432022566	0.022426369082515277	0.009303158172648485	0.0010278149954582162	0.1076120423161957	0.02265084667684025	0.2636654771635101	0.24737751101496971	0.2527978612268301	0.10486844660618905	0.0009958095679997332	0.10426107990639477	0.021945515432022566	0.24737751101496971	0.27889125051895086	0.24492591574548608	0.10160291781416957	0.0010176289992840642	0.10654557037701488	0.022426369082515277	0.2527978612268301	0.24492591574548608	0.2684574899352466	0.10382916463361604	0.0004221442849968395	0.04419842954360444	0.009303158172648485	0.10486844660618905	0.10160291781416957	0.10382916463361604	0.6357757389447728
0.9991013475325087	9.47564918828606e-5	4.45088742893156e-5	0.00023204282526929793	0.0002344796689387782	0.000223356289931371	6.950831717966853e-5	9.47564918828606e-5	0.6413244726567974	0.019853347866691008	0.1035035597641939	0.10459052288872632	0.09962889857417664	0.031004441757528745	4.45088742893156e-5	0.019853347866691008	0.8209956167467852	0.04861753362224723	0.04912810027689653	0.0467975337004122	0.014563358912676903	0.00023204282526929793	0.1035035597641939	0.04861753362224723	0.2716229027080954	0.2561247250214321	0.24397453561492452	0.07592470044382965	0.0002344796689387782	0.10459052288872632	0.04912810027689653	0.2561247250214321	0.2666634509240174	0.24653668250284333	0.07672203871713766	0.000223356289931371	0.09962889857417664	0.0467975337004122	0.24397453561492452	0.24653668250284333	0.2897565380183278	0.07308245529937654	6.950831717966853e-5	0.031004441757528745	0.014563358912676903	0.07592470044382965	0.07672203871713766	0.07308245529937654	0.7286334965522685
0.9999292736380045	5.179027513295008e-6	1.0499813518123889e-5	1.6843342916532644e-5	1.6929031116686078e-5	1.590761224209214e-5	5.367534688825036e-6	5.179027513295008e-6	0.7189873772600914	0.04501366500240238	0.0722089582121321	0.07257631139699652	0.06819739486017047	0.023011114240695168	1.0499813518123889e-5	0.04501366500240238	0.4765287403325149	0.14639439424082473	0.14713915567073874	0.13826146445746104	0.04665208048254319	1.6843342916532644e-5	0.0722089582121321	0.14639439424082473	0.24871534372647255	0.23603421633474475	0.22179301127389117	0.07483723286902316	1.6929031116686078e-5	0.07257631139699652	0.14713915567073874	0.23603421633474475	0.24609407768413102	0.22292135284105213	0.07521795704122508	1.590761224209214e-5	0.06819739486017047	0.13826146445746104	0.22179301127389117	0.22292135284105213	0.27813121304299643	0.07067965591219136	5.367534688825036e-6	0.023011114240695168	0.04665208048254319	0.07483723286902316	0.07521795704122508	0.07067965591219136	0.7095965919196346
0.9999871636495946	5.231549868892961e-7	2.4255117022225437e-6	3.9267816225129e-6	9.774038492933587e-7	3.719899980858105e-6	1.263598263665203e-6	5.231549868892961e-7	0.8729076724673014	0.0250351471162608	0.04053064576969825	0.010088365740159899	0.038395297451347336	0.013042348300246443	2.4255117022225437e-6	0.0250351471162608	0.5017955405394235	0.18791287109309815	0.04677284891147711	0.17801272206598517	0.06046844476205699	3.9267816225129e-6	0.04053064576969825	0.18791287109309815	0.30974063199853247	0.07572289318161744	0.28819365618466575	0.09789537499077207	9.774038492933587e-7	0.010088365740159899	0.04677284891147711	0.07572289318161744	0.7713146113802704	0.07173344890937938	0.024366854473248236	3.719899980858105e-6	0.038395297451347336	0.17801272206598517	0.28819365618466575	0.07173344890937938	0.3309233771852979	0.09273777830334991	1.263598263665203e-6	0.013042348300246443	0.06046844476205699	0.09789537499077207	0.024366854473248236	0.09273777830334991	0.7114879355720648
0.9999940804985653	1.0136638089772599e-7	7.260014886700607e-7	2.537132775105622e-6	1.2235388804471474e-7	2.295655582492575e-6	1.3699131945750593e-7	1.0136638089772599e-7	0.9609372313457684	0.004874337625425906	0.017034182352784158	0.0008214778749366172	0.015412916578533232	0.0009197528561706901	7.260014886700607e-7	0.004874337625425906	0.7502629021340776	0.1220014134555731	0.0058835498992041175	0.11038966057249866	0.006587410311730298	2.537132775105622e-6	0.017034182352784158	0.1220014134555731	0.43160502327264677	0.020561042251559407	0.3857750021757235	0.02302079935893237	1.2235388804471474e-7	0.0008214778749366172	0.0058835498992041175	0.020561042251559407	0.9530195237544288	0.018604099828671	0.001110184037311722	2.295655582492575e-6	0.015412916578533232	0.11038966057249866	0.3857750021757235	0.018604099828671	0.4489862810461812	0.020829744142804873	1.3699131945750593e-7	0.0009197528561706901	0.006587410311730298	0.02302079935893237	0.001110184037311722	0.020829744142804873	0.9475319723017304
0.999999990597602	3.392364233696044e-13	5.931168959793106e-12	9.300347433589736e-9	8.687916397752703e-14	9.556361980156875e-11	1.2976314704843524e-13	3.392364233696044e-13	0.9999637080257708	2.2894329010665292e-8	3.5899367477389714e-5	3.353538194168098e-10	3.688758435341492e-7	5.008861157261399e-10	5.931168959793106e-12	2.2894329010665292e-8	0.9993658528605002	0.0006276602374919926	5.863285977714571e-9	6.449381028886526e-6	8.757432802990714e-9	9.300347433589736e-9	3.5899367477389714e-5	0.0006276602374919926	0.989200577189292	9.193903775950188e-6	0.010112927941668255	1.3732059944043529e-5	8.687916397752703e-14	3.353538194168098e-10	5.863285977714571e-9	9.193903775950188e-6	0.9999907052993372	9.446988203514772e-8	1.282779913489e-10	9.556361980156875e-11	3.688758435341492e-7	6.449381028886526e-6	0.010112927941668255	9.446988203514772e-8	0.9898800181353329	1.411006809106284e-7	1.2976314704843524e-13	5.008861157261399e-10	8.757432802990714e-9	1.3732059944043529e-5	1.282779913489e-10	1.411006809106284e-7	0.9999861174526485
0.9999999999595108	3.3722571518156194e-18	1.095892428669707e-16	4.0488565832075214e-11	4.337223854678455e-19	4.2809285582200066e-16	7.068974175312076e-19	3.3722571518156194e-18	0.9999999171273293	2.2430610208014182e-13	8.287156789314032e-8	8.877383867619966e-16	8.762159250826426e-13	1.4468701502885625e-15	1.095892428669707e-16	2.2430610208014182e-13	0.9999973068692546	2.6931019705061215e-6	2.884909818244858e-14	2.8474649320882897e-11	4.7019369270689925e-14	4.0488565832075214e-11	8.287156789314032e-8	2.6931019705061215e-6	0.9999866757834669	1.0658515200930493e-8	1.0520172267029112e-5	1.7371657822382467e-8	4.337223854678455e-19	8.877383867619966e-16	2.884909818244858e-14	1.0658515200930493e-8	0.9999999893413424	1.1269438957439788e-13	1.8608900353506818e-16	4.2809285582200066e-16	8.762159250826426e-13	2.8474649320882897e-11	1.0520172267029112e-5	1.1269438957439788e-13	0.9999894797980854	1.8367364846632662e-13	7.068974175312076e-19	1.4468701502885625e-15	4.7019369270689925e-14	1.7371657822382467e-8	1.8608900353506818e-16	1.8367364846632662e-13	0.9999999826281097
0.9999999969265692	1.6386859494633778e-14	2.9621212995963513e-13	3.0724111050894468e-9	6.326298396657412e-15	6.929974855153032e-13	7.78558962719994e-15	1.6386859494633778e-14	0.999994693145686	5.11468483160973e-10	5.30512186581005e-6	1.092359804915144e-11	1.19659641487059e-9	1.3443351282340793e-11	2.9621212995963513e-13	5.11468483160973e-10	0.9999040809803457	9.589643751333989e-5	1.9745712996573026e-10	2.162991468053727e-8	2.430046903399505e-10	3.0724111050894468e-9	5.30512186581005e-6	9.589643751333989e-5	0.9996698740547562	2.048091274886247e-6	0.00022435269641279013	2.5205257775602463e-6	6.326298396657412e-15	1.092359804915144e-11	1.9745712996573026e-10	2.048091274886247e-6	0.9999979512331908	4.619570933235123e-10	5.189929875887765e-12	6.929974855153032e-13	1.19659641487059e-9	2.162991468053727e-8	0.00022435269641279013	4.619570933235123e-10	0.999775623445909	5.685170266219643e-10	7.78558962719994e-15	1.3443351282340793e-11	2.430046903399505e-10	2.5205257775602463e-6	5.189929875887765e-12	5.685170266219643e-10	0.9999974786440596
0.9999787430773334	8.021074944667614e-7	3.747014845104417e-6	8.113454376080608e-6	5.449304713065299e-7	7.045531841975401e-6	1.0038836377331287e-6	8.021074944667614e-7	0.9053632253201812	0.017335888450917533	0.03753759881659144	0.0025211679842738026	0.03259676279357506	0.0046445545269671465	3.747014845104417e-6	0.017335888450917533	0.621555943083486	0.17535547415480565	0.011777540952109113	0.1522745454099911	0.021696860933848303	8.113454376080608e-6	0.03753759881659144	0.17535547415480565	0.38489447983381464	0.02550204499515278	0.32972182601212763	0.04698046273313827	5.449304713065299e-7	0.0025211679842738026	0.011777540952109113	0.02550204499515278	0.9348979419011652	0.022145372577498205	0.0031553866593300667	7.045531841975401e-6	0.03259676279357506	0.1522745454099911	0.32972182601212763	0.022145372577498205	0.42245772524403075	0.040796722430941026	1.0038836377331287e-6	0.0046445545269671465	0.021696860933848303	0.04698046273313827	0.0031553866593300667	0.040796722430941026	0.8827250088321382
0.9999233602955092	9.541726860991918e-6	1.459034977355528e-5	1.6661183990980463e-5	8.09530429429425e-6	1.666273881288038e-5	1.1088400758075745e-5	9.541726860991918e-6	0.5038989509484962	0.10787431853003593	0.12318511185990604	0.05985294715984533	0.12319660749609651	0.08198252227875712	1.459034977355528e-5	0.10787431853003593	0.29848431316494384	0.18836358398376124	0.09152173885948811	0.18838116207579136	0.12536029303620283	1.6661183990980463e-5	0.12318511185990604	0.18836358398376124	0.22565172519956253	0.10451158155757016	0.21511843447839876	0.14315290173680698	8.09530429429425e-6	0.05985294715984533	0.09152173885948811	0.10451158155757016	0.5700294437248868	0.10452133457967759	0.06955485881423604	1.666273881288038e-5	0.12319660749609651	0.18838116207579136	0.21511843447839876	0.10452133457967759	0.22559953786381923	0.14316626076740027	1.1088400758075745e-5	0.08198252227875712	0.12536029303620283	0.14315290173680698	0.06955485881423604	0.14316626076740027	0.4367720749658364
0.9999859196826645	8.583826882633848e-7	1.8192666826299674e-6	4.303051908655961e-6	3.467427078805193e-6	3.1231329845124304e-6	5.090559926803198e-7	8.583826882633848e-7	0.813653085731969	0.025640209239829053	0.06064594727161591	0.04886889683259124	0.04401651718864466	0.007174485352660681	1.8192666826299674e-6	0.025640209239829053	0.6337560505746052	0.12853375634939504	0.10357333278037262	0.09328914049829903	0.015205691290814267	4.303051908655961e-6	0.06064594727161591	0.12853375634939504	0.3092181082953399	0.24497861229567267	0.22065374906870036	0.03596552366736223	3.467427078805193e-6	0.04886889683259124	0.10357333278037262	0.24497861229567267	0.39579021976666207	0.17780421914540037	0.028981251752218058	3.1231329845124304e-6	0.04401651718864466	0.09328914049829903	0.22065374906870036	0.17780421914540037	0.4381296585261805	0.0261035924397867	5.090559926803198e-7	0.007174485352660681	0.015205691290814267	0.03596552366736223	0.028981251752218058	0.0261035924397867	0.886568946441165
0.9999994030776829	1.6226535006005967e-9	1.3018017533545047e-10	3.0239066772803025e-7	2.924847563862508e-7	1.412445331063971e-10	1.528147581939524e-10	1.6226535006005967e-9	0.9946791052845763	1.16357330288305e-6	0.0027028209718004494	0.0026142801940029093	1.2624684786088909e-6	1.365885185381146e-6	1.3018017533545047e-10	1.16357330288305e-6	0.9995720518219973	0.00021683847345048258	0.00020973513686398725	1.012837108106901e-7	1.0958049445257301e-7	3.0239066772803025e-7	0.0027028209718004494	0.00021683847345048258	0.5094043126815374	0.4871859168948281	0.00023526814941750147	0.00025454043829711826	2.924847563862508e-7	0.0026142801940029093	0.00020973513686398725	0.4871859168948281	0.5095160121720214	0.00022756108144749926	0.000246202036078513	1.412445331063971e-10	1.2624684786088909e-6	1.012837108106901e-7	0.00023526814941750147	0.00022756108144749926	0.9995356879816703	1.188940308049114e-7	1.528147581939524e-10	1.365885185381146e-6	1.0958049445257301e-7	0.00025454043829711826	0.000246202036078513	1.188940308049114e-7	0.999497663013099
0.999999944409629	6.4356229864228344e-12	8.163406629476717e-15	2.7232647105471576e-8	2.835113287031562e-8	1.2312455402779098e-14	1.34825539398201e-13	6.4356229864228344e-12	0.9997742994295542	3.314780559038532e-11	0.00011057914090720798	0.00011512079249599332	4.999516703699626e-11	5.474639413958585e-10	8.163406629476717e-15	3.314780559038532e-11	0.999999713672073	1.4026652802194337e-7	1.4602748523880974e-7	6.341746228650132e-14	6.944426014418442e-13	2.7232647105471576e-8	0.00011057914090720798	1.4026652802194337e-7	0.5127475743720978	0.4871391508109745	2.1155694542237296e-7	2.316619906178022e-6	2.835113287031562e-8	0.00011512079249599332	1.4602748523880974e-7	0.4871391508109745	0.5127429220050416	2.2024590727732492e-7	2.411766969097728e-6	1.2312455402779098e-14	4.999516703699626e-11	6.341746228650132e-14	2.1155694542237296e-7	2.2024590727732492e-7	0.9999995681460292	1.0473928285244185e-12	1.34825539398201e-13	5.474639413958585e-10	6.944426014418442e-13	2.316619906178022e-6	2.411766969097728e-6	1.0473928285244185e-12	0.9999952710637842
0.9999999921387014	4.4341317297213885e-14	1.0201283258640539e-17	3.4293368311196305e-9	4.4319169530341055e-9	5.4311358032933804e-17	3.9867154125315613e-16	4.4341317297213885e-14	0.9999900459346848	1.2917053209141557e-14	4.342289611664438e-6	5.611775072743843e-6	6.877004429594025e-14	5.048052662370394e-13	1.0201283258640539e-17	1.2917053209141557e-14	0.9999999977099279	9.989988800451013e-10	1.2910601351131961e-9	1.5821422193431855e-17	1.1613686343190936e-16	3.4293368311196305e-9	4.342289611664438e-6	9.989988800451013e-10	0.5659835380598544	0.4340120708621507	5.3186432013515006e-9	3.90414042155352e-8	4.4319169530341055e-9	5.611775072743843e-6	1.2910601351131961e-9	0.4340120708621507	0.5659822543109174	6.873569477721279e-9	5.04553124216137e-8	5.4311358032933804e-17	6.877004429594025e-14	1.5821422193431855e-17	5.3186432013515006e-9	6.873569477721279e-9	0.9999999878077178	6.183095411383503e-16	3.9867154125315613e-16	5.048052662370394e-13	1.1613686343190936e-16	3.90414042155352e-8	5.04553124216137e-8	6.183095411383503e-16	0.9999999105027773
0.9999999957103516	3.5843163834104876e-15	8.5945065327161665e-19	2.1853529917214567e-9	2.104291747159534e-9	2.5233471128479598e-17	1.0109494369747663e-17	3.5843163834104876e-15	0.9999983690882441	3.267608961710269e-16	8.308655061307645e-7	8.000462324273076e-7	9.593699891972641e-15	3.843603384929548e-15	8.5945065327161665e-19	3.267608961710269e-16	0.9999999996089382	1.992256892639263e-10	1.9183581569127318e-10	2.300386114800024e-18	9.21622727107453e-19	2.1853529917214567e-9	8.308655061307645e-7	1.992256892639263e-10	0.5122120213383565	0.48778713721887035	5.849266224833472e-9	2.3434399360288147e-9	2.104291747159534e-9	8.000462324273076e-7	1.9183581569127318e-10	0.48778713721887035	0.5122120525499724	5.632299537183838e-9	2.2565147763451284e-9	2.5233471128479598e-17	9.593699891972641e-15	2.300386114800024e-18	5.849266224833472e-9	5.632299537183838e-9	0.9999999885184244	2.7058843212568843e-17	1.0109494369747663e-17	3.843603384929548e-15	9.21622727107453e-19	2.3434399360288147e-9	2.2565147763451284e-9	2.7058843212568843e-17	0.9999999954000414
0.9999999999934339	1.353138590736907e-20	1.9231181039108494e-24	6.545073687554322e-12	2.111095086065605e-14	1.6222490934729227e-22	9.854122425975227e-24	1.353138590736907e-20	0.9999999979429219	6.024814084400394e-22	2.0504644023695227e-9	6.613715185859501e-12	5.082240745841639e-20	3.0871351822172596e-21	1.9231181039108494e-24	6.024814084400394e-22	0.9999999999997076	2.9141768926079425e-13	9.399595499755785e-16	7.223021539455718e-24	4.387522164236655e-25	6.545073687554322e-12	2.0504644023695227e-9	2.9141768926079425e-13	0.9968009720713488	0.0031990258452664205	2.4582581863480433e-11	1.4932341291108738e-12	2.111095086065605e-14	6.613715185859501e-12	9.399595499755785e-16	0.0031990258452664205	0.9968009741480136	7.929042552031358e-14	4.816384631857906e-15	1.6222490934729227e-22	5.082240745841639e-20	7.223021539455718e-24	2.4582581863480433e-11	7.929042552031358e-14	0.9999999999753382	3.7011007483372035e-23	9.854122425975227e-24	3.0871351822172596e-21	4.387522164236655e-25	1.4932341291108738e-12	4.816384631857906e-15	3.7011007483372035e-23	0.9999999999985019
0.9999999999088847	3.5323227847716e-18	1.971776704722658e-22	4.4984378955251465e-11	4.613088138143951e-11	5.6174005696453964e-21	1.9943442864776475e-21	3.5323227847716e-18	0.9999999238830302	1.6472067061327377e-19	3.7579595351152606e-8	3.853737443460113e-8	4.692732126914568e-18	1.6660594859221438e-18	1.971776704722658e-22	1.6472067061327377e-19	0.9999999999957512	2.0977293186726085e-12	2.1511934724344378e-12	2.619528410383384e-22	9.300105010748344e-23	4.4984378955251465e-11	3.7579595351152606e-8	2.0977293186726085e-12	0.5092237900296577	0.49077617226269704	5.976227349400001e-11	2.1217384662528568e-11	4.613088138143951e-11	3.853737443460113e-8	2.1511934724344378e-12	0.49077617226269704	0.5092237890686152	6.128541537450799e-11	2.1758145334519895e-11	5.6174005696453964e-21	4.692732126914568e-18	2.619528410383384e-22	5.976227349400001e-11	6.128541537450799e-11	0.9999999998789524	2.6495097066525064e-21	1.9943442864776475e-21	1.6660594859221438e-18	9.300105010748344e-23	2.1217384662528568e-11	2.1758145334519895e-11	2.6495097066525064e-21	0.9999999999570244
0.9999999999396585	2.578790693013547e-18	1.0498733857148488e-22	3.0449908018477917e-11	2.9891652338698514e-11	6.050126830502589e-22	3.3502457027148924e-21	2.578790693013547e-18	0.9999999158392983	1.4642989052748982e-19	4.2469661183780914e-8	4.169104045495096e-8	8.438345247362462e-19	4.672716902473972e-18	1.0498733857148488e-22	1.4642989052748982e-19	0.9999999999965736	1.7290184541915568e-12	1.6973193642662242e-12	3.4354064169226827e-23	1.90234947263383e-22	3.0449908018477917e-11	4.2469661183780914e-8	1.7290184541915568e-12	0.5077194670127645	0.4922804904202551	9.963850005604061e-12	5.5174621291365136e-11	2.9891652338698514e-11	4.169104045495096e-8	1.6973193642662242e-12	0.4922804904202551	0.5077194677931695	9.781177011822828e-12	5.4163073220451724e-11	6.050126830502589e-22	8.438345247362462e-19	3.4354064169226827e-23	9.963850005604061e-12	9.781177011822828e-12	0.9999999999802549	1.096270821032167e-21	3.3502457027148924e-21	4.672716902473972e-18	1.90234947263383e-22	5.5174621291365136e-11	5.4163073220451724e-11	1.096270821032167e-21	0.9999999998906623
0.9999999990194712	1.852950010448403e-16	6.700571517647374e-21	4.901962578958154e-10	4.90332281549203e-10	7.971599719879833e-20	7.619027864780342e-19	1.852950010448403e-16	0.9999996258122503	2.5570614960410226e-18	1.8706791999272406e-7	1.8711982912401419e-7	3.042109266630598e-17	2.9075613533834596e-16	6.700571517647374e-21	2.5570614960410226e-18	0.9999999999864688	6.764683178179503e-12	6.7665602976088846e-12	1.100076666430054e-21	1.0514219315381776e-20	4.901962578958154e-10	1.8706791999272406e-7	6.764683178179503e-12	0.5049759874268125	0.4950238241586407	8.047872690594786e-11	7.691927396822519e-10	4.90332281549203e-10	1.8711982912401419e-7	6.7665602976088846e-12	0.4950238241586407	0.5049759873745298	8.050105879909761e-11	7.694061815535954e-10	7.971599719879833e-20	3.042109266630598e-17	1.100076666430054e-21	8.047872690594786e-11	8.050105879909761e-11	0.9999999998390201	1.250865654198415e-19	7.619027864780342e-19	2.9075613533834596e-16	1.0514219315381776e-20	7.691927396822519e-10	7.694061815535954e-10	1.250865654198415e-19	0.9999999984614008
0.9999999063553436	3.3470400424710545e-13	2.3980000715512085e-17	3.863174024296522e-8	5.501257254621174e-8	1.5538448441696755e-15	7.171251496250023e-15	3.3470400424710545e-13	0.9999939466625811	1.5501103027630924e-15	2.49722505327328e-6	3.5561114654271944e-6	1.0044332068283219e-13	4.635625728255955e-13	2.3980000715512085e-17	1.5501103027630924e-15	0.9999999995663047	1.7891467626445591e-10	2.547790119129485e-10	7.196301422388959e-18	3.3212123807863096e-17	3.863174024296522e-8	2.49722505327328e-6	1.7891467626445591e-10	0.5895488453259672	0.41044855354042825	1.1593229314625348e-8	5.350467479480095e-8	5.501257254621174e-8	3.5561114654271944e-6	2.547790119129485e-10	0.41044855354042825	0.5895477423797082	1.6509050969606088e-8	7.619200650031414e-8	1.5538448441696755e-15	1.0044332068283219e-13	7.196301422388959e-18	1.1593229314625348e-8	1.6509050969606088e-8	0.9999999718976155	2.1520636281461834e-15	7.171251496250023e-15	4.635625728255955e-13	3.3212123807863096e-17	5.350467479480095e-8	7.619200650031414e-8	2.1520636281461834e-15	0.9999998703028459
0.9999307355009752	1.517081388913243e-7	2.4649151519871553e-10	1.9774929322185436e-5	4.928619329167463e-5	1.344707341920649e-8	3.797470712855933e-8	1.517081388913243e-7	0.996944043661457	1.0898560220825709e-8	0.0008743435160705817	0.002179176614706336	5.945589621409019e-7	1.6790421048577333e-6	2.4649151519871553e-10	1.0898560220825709e-8	0.9999950238792218	1.4206110473400246e-6	3.540670590055534e-6	9.660242392009698e-10	2.7280647929198944e-9	1.9774929322185436e-5	0.0008743435160705817	1.4206110473400246e-6	0.7147556834024466	0.2840524170377353	7.749987271698465e-5	0.00021886063065027766	4.928619329167463e-5	0.002179176614706336	3.540670590055534e-6	0.2840524170377353	0.7129769431621242	0.00019315738855886608	0.0005454789329671941	1.344707341920649e-8	5.945589621409019e-7	9.660242392009698e-10	7.749987271698465e-5	0.00019315738855886608	0.999728584940091	1.4882657333325257e-7	3.797470712855933e-8	1.6790421048577333e-6	2.7280647929198944e-9	0.00021886063065027766	0.0005454789329671941	1.4882657333325257e-7	0.9992337918649324
0.9799911745056221	0.0031802730733309333	0.0007043343080227327	0.003098523371565918	0.004974387062346903	0.003624308723483867	0.0044269989556275455	0.0031802730733309333	0.46467156054363673	0.02227227875323345	0.0979807109618995	0.15729879123748783	0.11460696044157917	0.13998942498883316	0.0007043343080227327	0.02227227875323345	0.8641012974795909	0.02169976434842572	0.034836925233916724	0.025381975797651456	0.031003424079159247	0.003098523371565918	0.0979807109618995	0.02169976434842572	0.4759136915014611	0.15325538710986877	0.1116609603276704	0.13639096237910925	0.004974387062346903	0.15729879123748783	0.034836925233916724	0.15325538710986877	0.25141054034391164	0.17926114145864458	0.21896282755382493	0.003624308723483867	0.11460696044157917	0.025381975797651456	0.1116609603276704	0.17926114145864458	0.405929643997468	0.1595350092535035	0.0044269989556275455	0.13998942498883316	0.031003424079159247	0.13639096237910925	0.21896282755382493	0.1595350092535035	0.30969135278994364
0.9659998919563962	0.006383297907952055	0.004827908414785772	0.0018621079230404431	0.007179252247922905	0.007077424916549016	0.006670116633353534	0.006383297907952055	0.2820303139902035	0.12439792626625323	0.04797985881438258	0.18498364406599352	0.1823599180604743	0.17186504089474122	0.004827908414785772	0.12439792626625323	0.42666327517398256	0.03628882240034892	0.13990951145666852	0.13792509696704267	0.1299874593209185	0.0018621079230404431	0.04797985881438258	0.03628882240034892	0.7565736206616611	0.05396262468324813	0.053197242735982565	0.05013572278133618	0.007179252247922905	0.18498364406599352	0.13990951145666852	0.05396262468324813	0.21557053734393966	0.20509897400147012	0.19329545620075744	0.007077424916549016	0.1823599180604743	0.13792509696704267	0.053197242735982565	0.20509897400147012	0.22378750418199672	0.190553839136485	0.006670116633353534	0.17186504089474122	0.1299874593209185	0.05013572278133618	0.19329545620075744	0.190553839136485	0.25749236503240824
