0.34912879772309363	0.0006504167870407651	7.401134766918221e-7	0.2129607916809336	0.06420262109378688	0.25633007090307036	0.1167265616985751	0.0006504167870407651	0.9981201630107244	1.3993869167158516e-9	0.0004026606122399249	0.00012139261181825641	0.00048466209423175436	0.000220703484557987	7.401134766918221e-7	1.3993869167158516e-9	0.9999978595235138	4.581901199193222e-7	1.381334396153577e-7	5.515001376496164e-7	2.5113992524300243e-7	0.2129607916809336	0.0004026606122399249	4.581901199193222e-7	0.5159372356300378	0.03974661668043918	0.15868905191536004	0.07226318529085533	0.06420262109378688	0.00012139261181825641	1.381334396153577e-7	0.03974661668043918	0.8263026168390308	0.04784098045201946	0.021785634189461323	0.25633007090307036	0.00048466209423175436	5.515001376496164e-7	0.15868905191536004	0.04784098045201946	0.4496751632757574	0.08697951985940633	0.1167265616985751	0.000220703484557987	2.5113992524300243e-7	0.07226318529085533	0.021785634189461323	0.08697951985940633	0.7020241443372108
0.2772451003929779	0.009837498041647437	0.00011635376922696411	0.21186840311988991	0.1573165426127651	0.20365860629117657	0.1399574957723125	0.009837498041647437	0.9643796439095668	4.207966741775368e-6	0.007662280301573132	0.005689396945571346	0.007365370693560602	0.005061602141338934	0.00011635376922696411	4.207966741775368e-6	0.9995745392856598	9.062621310695096e-5	6.72917825694168e-5	8.711449174591949e-5	5.986649094909822e-5	0.21186840311988991	0.007662280301573132	9.062621310695096e-5	0.3902097348578115	0.12253150551799424	0.15862664679823338	0.10901080319138816	0.1573165426127651	0.005689396945571346	6.72917825694168e-5	0.12253150551799424	0.515669083653924	0.11778346970611406	0.08094270978105947	0.20365860629117657	0.007365370693560602	8.711449174591949e-5	0.15862664679823338	0.11778346970611406	0.4076921040481576	0.10478668797100901	0.1399574957723125	0.005061602141338934	5.986649094909822e-5	0.10901080319138816	0.08094270978105947	0.10478668797100901	0.5601808346519409
0.946337870020013	0.0093404730967392	0.004634673263631808	0.010205503260483306	0.010117850913808474	0.00949751753075823	0.00986611191456624	0.0093404730967392	0.24986983913546065	0.07746366903465789	0.17057420921247596	0.169109192805341	0.15874097542682003	0.16490164128850865	0.004634673263631808	0.07746366903465789	0.5887642219151783	0.08463765365141807	0.08391072340895522	0.0787660910784441	0.08182296764771609	0.010205503260483306	0.17057420921247596	0.08463765365141807	0.19619660710918616	0.18477055719534244	0.17344212927033345	0.18017334030076407	0.010117850913808474	0.169109192805341	0.08391072340895522	0.18477055719534244	0.20151331509825537	0.17195248106242095	0.17862587951587994	0.00949751753075823	0.15874097542682003	0.0787660910784441	0.17344212927033345	0.17195248106242095	0.23992661902764134	0.16767418660358518	0.00986611191456624	0.16490164128850865	0.08182296764771609	0.18017334030076407	0.17862587951587994	0.16767418660358518	0.21693587272898335
0.9986304616908579	0.0003791016947135578	0.00011717033865336503	0.0003679808329484742	0.0004076389984763717	4.5568485016315306e-5	5.207795933411733e-5	0.0003791016947135578	0.33110563647363744	0.0790864942618715	0.2483761194849325	0.2751442018896201	0.030757372302444044	0.035151073892789875	0.00011717033865336503	0.0790864942618715	0.7386194438918557	0.07676650998737254	0.08503981850641847	0.009506292847063112	0.010864270166767873	0.0003679808329484742	0.2483761194849325	0.07676650998737254	0.34344144326873505	0.2670729094703374	0.02985511179978093	0.034119925155901946	0.0004076389984763717	0.2751442018896201	0.08503981850641847	0.2670729094703374	0.30146565299169875	0.03307266787769596	0.03779711026576257	4.5568485016315306e-5	0.030757372302444044	0.009506292847063112	0.02985511179978093	0.03307266787769596	0.8925377848323316	0.0042252018556690005	5.207795933411733e-5	0.035151073892789875	0.010864270166767873	0.034119925155901946	0.03779711026576257	0.0042252018556690005	0.8777903407037759
0.23191246959769743	0.13069219233378146	0.0004959197799310699	0.17576942999202608	0.20848211491208288	0.1372443156012211	0.11540355778326052	0.13069219233378146	0.4609020206940111	0.00031775649412744755	0.11262280737584043	0.13358318946654443	0.0879381592128198	0.0739438744228757	0.0004959197799310699	0.00031775649412744755	0.9976378079144512	0.0004273543572243634	0.0005068898511821477	0.0003336869003848866	0.00028058470269891263	0.17576942999202608	0.11262280737584043	0.0004273543572243634	0.3138058373861509	0.1796575652284183	0.11826903997378327	0.09944796568655707	0.20848211491208288	0.13358318946654443	0.0005068898511821477	0.1796575652284183	0.219533630259468	0.14028025000407973	0.11795636027822497	0.1372443156012211	0.0879381592128198	0.0003336869003848866	0.11826903997378327	0.14028025000407973	0.43828357117702144	0.07765097713069008	0.11540355778326052	0.0739438744228757	0.00028058470269891263	0.09944796568655707	0.11795636027822497	0.07765097713069008	0.5153166799956932
0.3210172820356972	0.004185602203466711	2.188752337990171e-6	0.18239445237145255	0.16803407425860384	0.22804127304325747	0.09632512733520691	0.004185602203466711	0.9868728302666295	2.9002608901651358e-8	0.002416863194680855	0.002226577421887928	0.003021717779902602	0.0012763801308237912	2.188752337990171e-6	2.9002608901651358e-8	0.9999931064989107	1.2638360529289575e-6	1.1643310331394922e-6	1.5801291030548574e-6	6.67449953364158e-7	0.18239445237145255	0.002416863194680855	1.2638360529289575e-6	0.5308640362093038	0.09702674783368703	0.13167628763907205	0.055620348915763826	0.16803407425860384	0.002226577421887928	1.1643310331394922e-6	0.09702674783368703	0.560161139114253	0.12130907934732878	0.05124121769321819	0.22804127304325747	0.003021717779902602	1.5801291030548574e-6	0.13167628763907205	0.12130907934732878	0.44640992523728873	0.06954013682406354	0.09632512733520691	0.0012763801308237912	6.67449953364158e-7	0.055620348915763826	0.05124121769321819	0.06954013682406354	0.7259961216509773
0.37239812500445946	0.0002685992488371935	2.816136828145385e-7	0.2143178253683822	0.022740165983492565	0.28185883827145247	0.10841616450969115	0.0002685992488371935	0.9992726036058167	2.059567996164902e-10	0.0001567403010126717	1.6630909982425456e-5	0.00020613609286960878	7.928963552462069e-5	2.816136828145385e-7	2.059567996164902e-10	0.9999992371533422	1.6433483565098355e-7	1.7436727127806368e-8	2.1612400081281185e-7	8.313145463279104e-8	0.2143178253683822	0.0001567403010126717	1.6433483565098355e-7	0.544511484010808	0.013269956921924153	0.16447789539622842	0.06326593366680798	0.022740165983492565	1.6630909982425456e-5	1.7436727127806368e-8	0.013269956921924153	0.939808498326091	0.017451906464134706	0.006712823957647757	0.28185883827145247	0.00020613609286960878	2.1612400081281185e-7	0.16447789539622842	0.017451906464134706	0.4528011839150716	0.08320382373624062	0.10841616450969115	7.928963552462069e-5	8.313145463279104e-8	0.06326593366680798	0.006712823957647757	0.08320382373624062	0.7383218813626327
0.356995839782642	0.00040489608970933015	6.253417153907066e-7	0.21999851036460863	0.03830912268188251	0.26306007910763024	0.12123092663182002	0.00040489608970933015	0.9988556506121051	7.195946521449892e-10	0.00025315719012816246	4.4083161464808684e-5	0.0003027090972180195	0.00013950312977974676	6.253417153907066e-7	7.195946521449892e-10	0.999998231891247	3.909885908058162e-7	6.808423324127184e-8	4.675190275474931e-7	2.1545559143696761e-7	0.21999851036460863	0.00025315719012816246	3.909885908058162e-7	0.5155214799570176	0.02395239198625669	0.16447565722254295	0.07579841229086029	0.03830912268188251	4.4083161464808684e-5	6.808423324127184e-8	0.02395239198625669	0.8958545562121727	0.02864073088621826	0.013199046987772745	0.26306007910763024	0.0003027090972180195	4.675190275474931e-7	0.16447565722254295	0.02864073088621826	0.4528854864111137	0.09063486975625529	0.12123092663182002	0.00013950312977974676	2.1545559143696761e-7	0.07579841229086029	0.013199046987772745	0.09063486975625529	0.6989970257479233
0.3465319609839549	0.0008371834250949867	7.860052081736748e-7	0.2101189127292696	0.0779881933464367	0.25054333885565916	0.11397962465438444	0.0008371834250949867	0.9975624386564628	1.927437797593495e-9	0.0005152524820091989	0.0001912422335867495	0.0006143810450922227	0.00027950023031633373	7.860052081736748e-7	1.927437797593495e-9	0.9999977095246301	4.837543628359494e-7	1.795513230626808e-7	5.768230554622862e-7	2.624139825623687e-7	0.2101189127292696	0.0005152524820091989	4.837543628359494e-7	0.5170176610867344	0.04799857353196593	0.1541992750054784	0.0701498414101846	0.0779881933464367	0.0001912422335867495	1.795513230626808e-7	0.04799857353196593	0.7905519045926417	0.05723293880024171	0.026036967943805934	0.25054333885565916	0.0006143810450922227	5.768230554622862e-7	0.1541992750054784	0.05723293880024171	0.4537636374202729	0.08364585205020598	0.11397962465438444	0.00027950023031633373	2.624139825623687e-7	0.0701498414101846	0.026036967943805934	0.08364585205020598	0.7059079512971227
0.38172305146704066	0.00020369604057517035	9.994566555575493e-8	0.22672179713247068	0.03411846173124833	0.28196307649027025	0.07526981719272542	0.00020369604057517035	0.9994620004642344	5.405861714558884e-11	0.0001226292982451241	1.8453995479144383e-5	0.0001525082044971407	4.0711942910321745e-5	9.994566555575493e-8	5.405861714558884e-11	0.9999997359706765	6.016939158530745e-8	9.054652486705241e-9	7.482980011854931e-8	1.9975755143548905e-8	0.22672179713247068	0.0001226292982451241	6.016939158530745e-8	0.5375537709889149	0.020540031153733214	0.16974769908832912	0.045314012168913155	0.03411846173124833	1.8453995479144383e-5	9.054652486705241e-9	0.020540031153733214	0.9129592622927275	0.025544656264032236	0.006819125508126817	0.28196307649027025	0.0001525082044971407	7.482980011854931e-8	0.16974769908832912	0.025544656264032236	0.466237111260636	0.056354873862432056	0.07526981719272542	4.0711942910321745e-5	1.9975755143548905e-8	0.045314012168913155	0.006819125508126817	0.056354873862432056	0.8162014393491364
0.3945732220830801	4.902587275137738e-5	3.207701500082521e-8	0.24177401463692128	0.009971068444391764	0.2887075236211996	0.06492511326463687	4.902587275137738e-5	0.99987476703412	4.037968130157042e-12	3.043536830901799e-5	1.255193371360543e-6	3.6343524461019034e-5	8.173002949392127e-6	3.207701500082521e-8	4.037968130157042e-12	0.9999999180576021	1.9913480597376652e-8	8.212573146071595e-10	2.377911322927367e-8	5.347493547722195e-9	0.24177401463692128	3.043536830901799e-5	1.9913480597376652e-8	0.5324695599110107	0.006190060951662801	0.17923025785907817	0.04030565135953478	0.009971068444391764	1.255193371360543e-6	8.212573146071595e-10	0.006190060951662801	0.9747836739493027	0.007391684218432726	0.0016622564215812987	0.2887075236211996	3.6343524461019034e-5	2.377911322927367e-8	0.17923025785907817	0.007391684218432726	0.4765043263718464	0.04812984062586564	0.06492511326463687	8.173002949392127e-6	5.347493547722195e-9	0.04030565135953478	0.0016622564215812987	0.04812984062586564	0.8449689599779376
0.3159690139839822	0.004204940922408487	1.2917817921037249e-5	0.1767037002776915	0.10796336671362253	0.21576158870956458	0.17938447157478146	0.004204940922408487	0.9865982903059866	1.7475379960930374e-7	0.0023904689799243324	0.001460541452677731	0.0029188488076869173	0.002426734777515975	1.2917817921037249e-5	1.7475379960930374e-7	0.9999586549678507	7.343656807159866e-6	4.4868664982364615e-6	8.96686972123729e-6	7.455067402146703e-6	0.1767037002776915	0.0023904689799243324	7.343656807159866e-6	0.5348855558843084	0.06137614864498173	0.12265841408634703	0.10197836846992364	0.10796336671362253	0.001460541452677731	4.4868664982364615e-6	0.06137614864498173	0.6919456800335537	0.07494249028008329	0.06230728600857301	0.21576158870956458	0.0029188488076869173	8.96686972123729e-6	0.12265841408634703	0.07494249028008329	0.45919042673484334	0.12451926451173434	0.17938447157478146	0.002426734777515975	7.455067402146703e-6	0.10197836846992364	0.06230728600857301	0.12451926451173434	0.5293764195900532
0.19937187529276823	0.16383341473997498	0.13435300866858615	0.014758937158813358	0.18070699785500924	0.11850754579591001	0.18846822048893178	0.16383341473997498	0.2840190189428785	0.11649388037089807	0.01279707746643422	0.15668617769650062	0.10275470568025608	0.16341572510305213	0.13435300866858615	0.11649388037089807	0.39189153805528887	0.010494354051700624	0.1284918551183022	0.08426488506577515	0.1340104786694444	0.014758937158813358	0.01279707746643422	0.010494354051700624	0.9238565834448296	0.014115078135602489	0.0092566601649256	0.014721309577693742	0.18070699785500924	0.15668617769650062	0.1284918551183022	0.014115078135602489	0.22641595081852528	0.11333765098179002	0.18024628939426407	0.11850754579591001	0.10275470568025608	0.08426488506577515	0.0092566601649256	0.11333765098179002	0.4536731388603768	0.11820541345096268	0.18846822048893178	0.16341572510305213	0.1340104786694444	0.014721309577693742	0.18024628939426407	0.11820541345096268	0.20093256331564494
0.9999990992548816	2.965868821608561e-7	2.6489010567847995e-7	5.421302767691393e-13	2.9865149746456133e-7	5.45755614371209e-9	3.515853466659862e-8	2.965868821608561e-7	0.3391938607404216	0.2897269606605199	5.929619642381747e-7	0.3266539172367053	0.005969272238771695	0.03845509957474678	2.6489010567847995e-7	0.2897269606605199	0.3788517636645936	5.295910467313964e-7	0.2917438223386815	0.005331325319014866	0.034345333536047906	5.421302767691393e-13	5.929619642381747e-7	5.295910467313964e-7	0.9999981991535499	5.970897204523461e-7	1.0911214910578892e-8	7.029196174743623e-8	2.9865149746456133e-7	0.3266539172367053	0.2917438223386815	5.970897204523461e-7	0.33686774373103406	0.006010825832532684	0.03872279511983993	5.45755614371209e-9	0.005969272238771695	0.005331325319014866	1.0911214910578892e-8	0.006010825832532684	0.9819809400541634	0.0007076201867464738	3.515853466659862e-8	0.03845509957474678	0.034345333536047906	7.029196174743623e-8	0.03872279511983993	0.0007076201867464738	0.8877690461321239
0.9999998352136759	4.8067635234007466e-8	4.673574613875775e-8	6.498951448617804e-14	4.8444325817229016e-8	2.0034329155717132e-8	1.5042227279712146e-9	4.8067635234007466e-8	0.3032198300954474	0.27900021166583794	3.8797044651581705e-7	0.28919998659884394	0.11959971834905042	0.00897981725274084	4.673574613875775e-8	0.27900021166583794	0.31479594712061676	3.772203107024373e-7	0.28118664650790376	0.11628577207546016	0.008730998674126867	6.498951448617804e-14	3.8797044651581705e-7	3.772203107024373e-7	0.9999986699532579	3.910108460083091e-7	1.6170397379335367e-7	1.21410999436341e-8	4.8444325817229016e-8	0.28919998659884394	0.28118664650790376	3.910108460083091e-7	0.30002575540857057	0.12053698283977711	0.009050189189735252	2.0034329155717132e-8	0.11959971834905042	0.11628577207546016	1.6170397379335367e-7	0.12053698283977711	0.6398346059647169	0.003742739032693593	1.5042227279712146e-9	0.00897981725274084	0.008730998674126867	1.21410999436341e-8	0.009050189189735252	0.003742739032693593	0.969496242205381
0.9999997345359626	6.343563288676565e-8	6.312271738895108e-8	8.404405871165481e-12	6.46129976889979e-8	6.236117163757808e-8	1.1923113470646826e-8	6.343563288676565e-8	0.25953620240529574	0.2313540173842018	3.080338018467263e-5	0.23681611326198027	0.22856284051017112	0.04369995962253478	6.312271738895108e-8	0.2313540173842018	0.26204754079772885	3.0651433169939386e-5	0.23564794596231514	0.22743538498138627	0.04348439631848181	8.404405871165481e-12	3.080338018467263e-5	3.0651433169939386e-5	0.9998710987665962	3.1375090656671064e-5	3.0281638115644926e-5	5.7896828723521475e-6	6.46129976889979e-8	0.23681611326198027	0.23564794596231514	3.1375090656671064e-5	0.25018850570433243	0.23280496486944494	0.04451103049827403	6.236117163757808e-8	0.22856284051017112	0.22743538498138627	3.0281638115644926e-5	0.23280496486944494	0.2682066880106205	0.0429597776290913	1.1923113470646826e-8	0.04369995962253478	0.04348439631848181	5.7896828723521475e-6	0.04451103049827403	0.0429597776290913	0.8253390343256324
0.9999993787352706	1.2355573366189678e-7	1.2530465040257917e-7	3.0000916938322823e-9	1.2403532966396614e-7	1.2451745136834202e-7	1.2085147269579947e-7	1.2355573366189678e-7	0.222296393547789	0.19579686897114157	0.004687843255549267	0.19381347070505892	0.19456681800602935	0.18883848195870226	1.2530465040257917e-7	0.19579686897114157	0.2140595727663156	0.004754199120261788	0.1965568773721537	0.19732088821472732	0.19151146825075385	3.0000916938322823e-9	0.004687843255549267	0.004754199120261788	0.9765423424943579	0.00470603966632727	0.004724331905086476	0.004585240558325562	1.2403532966396614e-7	0.19381347070505892	0.1965568773721537	0.00470603966632727	0.22002995583217183	0.19532205182064455	0.18957148056831818	1.2451745136834202e-7	0.19456681800602935	0.19732088821472732	0.004724331905086476	0.19532205182064455	0.21775744615856513	0.1903083393774999	1.2085147269579947e-7	0.18883848195870226	0.19151146825075385	0.004585240558325562	0.18957148056831818	0.1903083393774999	0.23518486843493153
0.9999955239213557	9.436519953563336e-7	9.343203800745275e-7	3.460420762361659e-7	9.475957939809758e-7	3.7813183101373134e-7	9.263365675698935e-7	9.436519953563336e-7	0.22427565143111577	0.20517742010168014	0.07599108610164537	0.2080927104391228	0.08303801907813813	0.20342416919630474	9.343203800745275e-7	0.20517742010168014	0.22991769369126216	0.07523962307943304	0.2060349167542454	0.08221687012533178	0.2014125419276694	3.460420762361659e-7	0.07599108610164537	0.07523962307943304	0.6674131008791327	0.07630867515176924	0.030450471857993315	0.07459669688795083	9.475957939809758e-7	0.2080927104391228	0.2060349167542454	0.07630867515176924	0.22190335223101262	0.08338505932925286	0.20427433849880533	3.7813183101373134e-7	0.08303801907813813	0.08221687012533178	0.030450471857993315	0.08338505932925286	0.6393948784545903	0.08151432302286343	9.263365675698935e-7	0.20342416919630474	0.2014125419276694	0.07459669688795083	0.20427433849880533	0.08151432302286343	0.23477700412984084
0.9999391565568696	1.4991473590061638e-5	1.3613573561622196e-5	6.666257555801868e-6	1.5327420781266998e-5	1.2864905727823706e-6	8.958227068816794e-6	1.4991473590061638e-5	0.26763946383552767	0.21743536962823662	0.10647315850769781	0.2448088584482719	0.020547768148456977	0.14308038995822267	1.3613573561622196e-5	0.21743536962823662	0.3149673930982537	0.09668697122901342	0.22230792610218658	0.018659176600332214	0.12992954976841906	6.666257555801868e-6	0.10647315850769781	0.09668697122901342	0.6152135432484612	0.10885913866665542	0.009136974684418138	0.06362354740619984	1.5327420781266998e-5	0.2448088584482719	0.22230792610218658	0.10885913866665542	0.2567138122835147	0.02100822755250044	0.14628670952609343	1.2864905727823706e-6	0.020547768148456977	0.018659176600332214	0.009136974684418138	0.02100822755250044	0.9183681489468577	0.012278417576862235	8.958227068816794e-6	0.14308038995822267	0.12992954976841906	0.06362354740619984	0.14628670952609343	0.012278417576862235	0.504792427537136
0.9988945685399979	0.00022645807412183805	0.00021777273566467583	0.00015726917917007266	0.00022913748410625267	5.490356525515365e-5	0.00021989042168421626	0.00022645807412183805	0.22101971080884789	0.19294253379679024	0.13933752461987914	0.20301148643031602	0.04864352262680903	0.1948187636432358	0.00021777273566467583	0.19294253379679024	0.24349599598443067	0.13399351749714916	0.19522539411642378	0.0467778993347238	0.1873468865348178	0.00015726917917007266	0.13933752461987914	0.13399351749714916	0.41644739081626536	0.1409861404006053	0.03378164768522769	0.13529650980170316	0.00022913748410625267	0.20301148643031602	0.19522539411642378	0.1409861404006053	0.21420495462577424	0.04921906377591042	0.1971238231668638	5.490356525515365e-5	0.04864352262680903	0.0467778993347238	0.03378164768522769	0.04921906377591042	0.7742901816502576	0.04723278136181624	0.00021989042168421626	0.1948187636432358	0.1873468865348178	0.13529650980170316	0.1971238231668638	0.04723278136181624	0.23796134506987893
0.9992333408789122	0.00016192072660687655	0.0001510022969701719	0.00012195928887776924	0.00016283709098937268	2.421526003503008e-5	0.00014472445760858754	0.00016192072660687655	0.2226895850341645	0.19405284795545466	0.15672971746931816	0.20926172577037783	0.031118997975956013	0.18598520506812197	0.0001510022969701719	0.19405284795545466	0.2620190571711051	0.1461613212668726	0.19515105892519696	0.02902062183297989	0.17344409055142038	0.00012195928887776924	0.15672971746931816	0.1461613212668726	0.37584661081198634	0.1576167041681629	0.023438944125730957	0.14008474286905123	0.00016283709098937268	0.20926172577037783	0.19515105892519696	0.1576167041681629	0.21947480458443158	0.03129511095396513	0.18703775850687632	2.421526003503008e-5	0.031118997975956013	0.02902062183297989	0.023438944125730957	0.03129511095396513	0.8572880047780069	0.02781410507332607	0.00014472445760858754	0.18598520506812197	0.17344409055142038	0.14008474286905123	0.18703775850687632	0.02781410507332607	0.2854893734735955
0.9999404766332691	1.554430169964827e-5	1.39245781839083e-5	7.580498799401374e-6	1.596128860605328e-5	5.446622578754415e-7	5.968037183941587e-6	1.554430169964827e-5	0.2848904567815419	0.22641186868571195	0.12325794548848101	0.25952852087862455	0.008856138978103348	0.0970395248858281	1.39245781839083e-5	0.22641186868571195	0.33581298330108555	0.11041440985291072	0.23248552747855228	0.007933325149688019	0.08692796095385898	7.580498799401374e-6	0.12325794548848101	0.11041440985291072	0.5881134359536717	0.1265644272058451	0.004318878531054452	0.04732332246923287	1.596128860605328e-5	0.25952852087862455	0.23248552747855228	0.1265644272058451	0.2726691730730162	0.009093711180864678	0.09964267889448127	5.446622578754415e-7	0.008856138978103348	0.007933325149688019	0.004318878531054452	0.009093711180864678	0.9663971994337167	0.0034002020643147434	5.968037183941587e-6	0.0970395248858281	0.08692796095385898	0.04732332246923287	0.09964267889448127	0.0034002020643147434	0.6656603426950964
0.9999938145647442	1.864501142959801e-6	1.8190406847977118e-6	2.5415233768726934e-7	1.9006234130497356e-6	9.963722071469228e-8	2.474804564322498e-7	1.864501142959801e-6	0.319507659904512	0.28647506035569387	0.04002566126584348	0.29932327051135604	0.0156915560253614	0.03897492743608843	1.8190406847977118e-6	0.28647506035569387	0.3291146296445879	0.03904975148629925	0.29202513981972217	0.015308962896425781	0.03802463675658469	2.5415233768726934e-7	0.04002566126584348	0.03904975148629925	0.8726715745336707	0.040801106082400604	0.002138934406586384	0.005312718072861557	1.9006234130497356e-6	0.29932327051135604	0.29202513981972217	0.040801106082400604	0.31212300791143816	0.015995559392170632	0.03973001565949765	9.963722071469228e-8	0.0156915560253614	0.015308962896425781	0.002138934406586384	0.015995559392170632	0.9487821034820042	0.0020827841602306723	2.474804564322498e-7	0.03897492743608843	0.03802463675658469	0.005312718072861557	0.03973001565949765	0.0020827841602306723	0.8758746704342804
0.999979198165486	5.402006723303296e-6	5.313413314391238e-6	7.434668832259065e-7	5.453644958750906e-6	2.2316760393275343e-6	1.6576265950452555e-6	5.402006723303296e-6	0.2730237566768287	0.25082725598707367	0.03509641490371836	0.25744709082318984	0.10534945129913327	0.07825062830333075	5.313413314391238e-6	0.25082725598707367	0.2808326440216289	0.03452083045960812	0.2532249347691945	0.1036217105732021	0.07696731077597617	7.434668832259065e-7	0.03509641490371836	0.03452083045960812	0.8696816118649453	0.035431904478055096	0.014499024569712395	0.010769470257077257	5.453644958750906e-6	0.25744709082318984	0.2532249347691945	0.035431904478055096	0.2685354881188278	0.10635649554196874	0.07899863262380297	2.2316760393275343e-6	0.10534945129913327	0.1036217105732021	0.014499024569712395	0.10635649554196874	0.637844200945013	0.03232688539493023	1.6576265950452555e-6	0.07825062830333075	0.07696731077597617	0.010769470257077257	0.07899863262380297	0.03232688539493023	0.722685415018287
0.9868935155894216	0.0022566702066775584	0.0019298314382459945	0.0020333286167479054	0.002332379778300306	0.002228388599038209	0.0023258857715685393	0.0022566702066775584	0.20823260872851462	0.1404284517420886	0.14795965278310166	0.16972077179909506	0.16215362370045952	0.16924822104006423	0.0019298314382459945	0.1404284517420886	0.3025675346726696	0.12653031386149272	0.14513971965069994	0.13866853912312505	0.14473560951167908	0.0020333286167479054	0.14795965278310166	0.12653031386149272	0.2719499580769189	0.15292358676712478	0.14610535575995504	0.1524978041346603	0.002332379778300306	0.16972077179909506	0.14513971965069994	0.15292358676712478	0.1873634170538615	0.16759375462925508	0.17492637032166472	0.002228388599038209	0.16215362370045952	0.13866853912312505	0.14610535575995504	0.16759375462925508	0.21612321209895186	0.16712712608921623	0.0023258857715685393	0.16924822104006423	0.14473560951167908	0.1524978041346603	0.17492637032166472	0.16712712608921623	0.18913898313114824
0.2177978408610822	0.03716154031934349	0.0005668540126734436	0.1684736407817385	0.19281523084097252	0.17564511658819132	0.2075397765960069	0.03716154031934349	0.8311735647862334	0.0001001754429407897	0.029772959548370875	0.03407464836339147	0.031040315427289977	0.03667679611243147	0.0005668540126734436	0.0001001754429407897	0.997326111073372	0.00045415021670598763	0.0005197672375590666	0.000473482186244307	0.0005594598305042707	0.1684736407817385	0.029772959548370875	0.00045415021670598763	0.33982138160680864	0.15447906676650597	0.1407227716103855	0.16627602946949113	0.19281523084097252	0.03407464836339147	0.0005197672375590666	0.15447906676650597	0.26675635421310206	0.161054830694791	0.19030010188368557	0.17564511658819132	0.031040315427289977	0.000473482186244307	0.1407227716103855	0.161054830694791	0.3177095246988812	0.17335395879422355	0.2075397765960069	0.03667679611243147	0.0005594598305042707	0.16627602946949113	0.19030010188368557	0.17335395879422355	0.22529387731366549
0.3143199458957522	0.0034550312512126374	7.412505105847522e-6	0.18319633139260486	0.14218906430029365	0.23705423165622783	0.11977798299880264	0.0034550312512126374	0.988920775859407	8.283831115451879e-8	0.0020473071499532954	0.0015890312091637834	0.002649195099635446	0.0013385765923166941	7.412505105847522e-6	8.283831115451879e-8	0.9999761477120079	4.392340791979993e-6	3.4091448368646586e-6	5.683645320296821e-6	2.8718136258920967e-6	0.18319633139260486	0.0020473071499532954	4.392340791979993e-6	0.5190528109612791	0.08425529809172896	0.1404684322974337	0.07097542776620774	0.14218906430029365	0.0015890312091637834	3.4091448368646586e-6	0.08425529809172896	0.6078496236581188	0.10902551814368651	0.055088055452171256	0.23705423165622783	0.002649195099635446	5.683645320296821e-6	0.1404684322974337	0.10902551814368651	0.4189554411992403	0.09184149795845557	0.11977798299880264	0.0013385765923166941	2.8718136258920967e-6	0.07097542776620774	0.055088055452171256	0.09184149795845557	0.6609755874184201
0.2446828170606717	0.014472518233489497	5.1997369754787346e-5	0.16533080634749892	0.17632393872178959	0.21177133173082985	0.18736659053596086	0.014472518233489497	0.9407131648654574	3.1453646320548606e-6	0.01000099953760942	0.01066598336138077	0.012810225979708954	0.01133396265772187	5.1997369754787346e-5	3.1453646320548606e-6	0.9997838581210322	3.59319409714884e-5	3.8321118114522084e-5	4.6025027998787e-5	4.072105749618533e-5	0.16533080634749892	0.01000099953760942	3.59319409714884e-5	0.42696865499730985	0.12184580466069372	0.14634115200615666	0.1294766505097565	0.17632393872178959	0.01066598336138077	3.8321118114522084e-5	0.12184580466069372	0.396968545036433	0.15607162929197202	0.13808577780961293	0.21177133173082985	0.012810225979708954	4.6025027998787e-5	0.14634115200615666	0.15607162929197202	0.30711369767602026	0.16584593828730915	0.18736659053596086	0.01133396265772187	4.072105749618533e-5	0.1294766505097565	0.13808577780961293	0.16584593828730915	0.3678503591421386
0.23242485142358182	0.03810058537418902	0.0006807181385123254	0.14851256608306088	0.17365654632371497	0.20324129604776714	0.20338343660916874	0.03810058537418902	0.8393629168437966	0.00011434643629495331	0.024947010687462794	0.029170674450959614	0.03414029478018523	0.03416417142711101	0.0006807181385123254	0.00011434643629495331	0.9970176992408063	0.00044571185743831176	0.0005211732842524323	0.0006099622271623542	0.0006103888155333623	0.14851256608306088	0.024947010687462794	0.00044571185743831176	0.44614560753827215	0.11370459730575222	0.13307571878074745	0.13316878774726285	0.17365654632371497	0.029170674450959614	0.0005211732842524323	0.11370459730575222	0.37162586793495705	0.15560615732735877	0.15571498337300085	0.20324129604776714	0.03414029478018523	0.0006099622271623542	0.13307571878074745	0.15560615732735877	0.29108342651101804	0.1822431443257565	0.20338343660916874	0.03416417142711101	0.0006103888155333623	0.13316878774726285	0.15571498337300085	0.1822431443257565	0.29071508770216214
0.226602195209296	0.04323612177651574	0.001299923132627219	0.15220152838880904	0.15825196772618616	0.20398767999985032	0.21442058376672699	0.04323612177651574	0.8133162412748763	0.0002553830280718562	0.0299015274222721	0.031090197336947394	0.04007543992422663	0.042125089237092045	0.001299923132627219	0.0002553830280718562	0.9941395222458246	0.00089900956885109	0.0009347477307318284	0.0012048951031498544	0.0012665191907435395	0.15220152838880904	0.0299015274222721	0.00089900956885109	0.4181873795373945	0.10944495847829044	0.14107516948095553	0.14829042712343524	0.15825196772618616	0.031090197336947394	0.0009347477307318284	0.10944495847829044	0.3994094348345415	0.1466833047210579	0.15418538917225302	0.20398767999985032	0.04007543992422663	0.0012048951031498544	0.14107516948095553	0.1466833047210579	0.2682276734896739	0.19874583728109652	0.21442058376672699	0.042125089237092045	0.0012665191907435395	0.14829042712343524	0.15418538917225302	0.19874583728109652	0.2409661542286638
0.2329872465970254	0.02499912866521981	0.00026709732200196973	0.1596542404582654	0.16085828253021411	0.20077104800895912	0.2204629564183175	0.02499912866521981	0.890460111401395	3.043153093880069e-5	0.018190084878427198	0.018327266499304152	0.02287469718268093	0.025118279842034588	0.00026709732200196973	3.043153093880069e-5	0.9987995403809479	0.00019434769199679663	0.00019581337682344824	0.00024439933250954997	0.00026837036478145215	0.1596542404582654	0.018190084878427198	0.00019434769199679663	0.39841424064563624	0.11704511192397947	0.1460867877965152	0.160415186605182	0.16085828253021411	0.018327266499304152	0.00019581337682344824	0.11704511192397947	0.39476004816442917	0.14718851010691525	0.16162496739833687	0.20077104800895912	0.02287469718268093	0.00024439933250954997	0.1460867877965152	0.14718851010691525	0.2811065919460156	0.20172796562640735	0.2204629564183175	0.025118279842034588	0.00026837036478145215	0.160415186605182	0.16162496739833687	0.20172796562640735	0.23038227374494344
0.25831880722253214	0.022440208262356473	0.0001779178603699123	0.18454646988120094	0.20381347345625073	0.18537039859923024	0.1453327247180449	0.022440208262356473	0.9137741417898979	1.5778586878858093e-5	0.016366442931322063	0.018075130800949815	0.01643951277845479	0.012888784850138814	0.0001779178603699123	1.5778586878858093e-5	0.9993007022260637	0.00012976183082452893	0.00014330921355154956	0.00013034116728644673	0.0001021891150249081	0.18454646988120094	0.016366442931322063	0.00012976183082452893	0.40911533839017367	0.14864842353321217	0.1351972323233749	0.1059963311098809	0.20381347345625073	0.018075130800949815	0.00014330921355154956	0.14864842353321217	0.3629450313367597	0.14931208133776208	0.11706255032150219	0.18537039859923024	0.01643951277845479	0.00013034116728644673	0.1351972323233749	0.14931208133776208	0.407080870000311	0.1064695637935697	0.1453327247180449	0.012888784850138814	0.0001021891150249081	0.1059963311098809	0.11706255032150219	0.1064695637935697	0.5121478560918301
0.8902811151744185	0.013401058474478308	0.012886640255662066	0.021900307230721998	0.02267161927856105	0.015592869318178569	0.023266390267979928	0.013401058474478308	0.4960853258375364	0.06562723376702052	0.11153074452968206	0.11545877193376917	0.07940912910896905	0.1184877363485463	0.012886640255662066	0.06562723376702052	0.512909597207379	0.10724948219107848	0.11102672681449792	0.0763608995357767	0.11393942022858694	0.021900307230721998	0.11153074452968206	0.10724948219107848	0.2472267276713751	0.1886852880051957	0.129772161484296	0.19363528888765402	0.02267161927856105	0.11545877193376917	0.11102672681449792	0.1886852880051957	0.22735998088256457	0.13434263762293835	0.20045497546247648	0.015592869318178569	0.07940912910896905	0.0763608995357767	0.129772161484296	0.13434263762293835	0.42665529845342265	0.13786700447642095	0.023266390267979928	0.1184877363485463	0.11393942022858694	0.19363528888765402	0.20045497546247648	0.13786700447642095	0.21234918432833885
0.9991401877484843	0.00010221963551542183	0.00014768098239642305	0.00016067913055134035	0.0001638839080882594	0.0001234256220405148	0.0001619229729235345	0.00010221963551542183	0.4555403034965265	0.1061140846160127	0.11545372043628313	0.11775646808333809	0.08868573792280254	0.11634746580952078	0.00014768098239642305	0.1061140846160127	0.26058967766716623	0.1668008183494247	0.17012769417923354	0.12812799453794982	0.16809204966781538	0.00016067913055134035	0.11545372043628313	0.1668008183494247	0.2101914270128537	0.18510149065805293	0.13940518560731968	0.18288667880551338	0.0001638839080882594	0.11775646808333809	0.17012769417923354	0.18510149065805293	0.19813042277904658	0.14218565003870778	0.1865343903535315	0.0001234256220405148	0.08868573792280254	0.12812799453794982	0.13940518560731968	0.14218565003870778	0.36098766323895265	0.14048434303222598	0.0001619229729235345	0.11634746580952078	0.16809204966781538	0.18288667880551338	0.1865343903535315	0.14048434303222598	0.2054931493584681
0.9967228828197559	0.00020609660201320064	0.0005820152404634529	0.0006173442219682462	0.0005719243296782024	0.0005926104581469074	0.0007071263279742619	0.00020609660201320064	0.7283826660604414	0.051437452970270775	0.054559764377775016	0.05054563654888254	0.0523738391220638	0.062494544318552676	0.0005820152404634529	0.051437452970270775	0.3267762336418625	0.15407636066666525	0.14274049413241618	0.1479033243288007	0.1764841190195201	0.0006173442219682462	0.054559764377775016	0.15407636066666525	0.29526340061135503	0.15140500311189511	0.15688122292394538	0.18719690408639478	0.0005719243296782024	0.05054563654888254	0.14274049413241618	0.15140500311189511	0.3359736893112964	0.14533899414140655	0.17342425842442397	0.0005926104581469074	0.0523738391220638	0.1479033243288007	0.15688122292394538	0.14533899414140655	0.31721310874424447	0.1796969002813914	0.0007071263279742619	0.062494544318552676	0.1764841190195201	0.18719690408639478	0.17342425842442397	0.1796969002813914	0.21999614754174152
0.2193852917169824	0.07411900672612026	0.005886474432665944	0.16035399644059925	0.17594574476740257	0.16927705468570442	0.19503243123053016	0.07411900672612026	0.6809385300336288	0.0020408440478272834	0.05559482215110917	0.061000490201138624	0.058688451541034435	0.06761785529914313	0.005886474432665944	0.0020408440478272834	0.972781621989894	0.00441529795981178	0.004844611953259614	0.0046609916234523294	0.005370157993089261	0.16035399644059925	0.05559482215110917	0.00441529795981178	0.37440388166184213	0.13197252392672765	0.1269705054776296	0.14628897238228433	0.17594574476740257	0.061000490201138624	0.004844611953259614	0.13197252392672765	0.3264072303586355	0.13931626679495074	0.16051313199788944	0.16927705468570442	0.058688451541034435	0.0046609916234523294	0.1269705054776296	0.13931626679495074	0.3466573615574684	0.15442936831976414	0.19503243123053016	0.06761785529914313	0.005370157993089261	0.14628897238228433	0.16051313199788944	0.15442936831976414	0.270748082777304
0.2141041365071402	0.15687209495232068	0.009760219764716027	0.11927575262081191	0.1963157227419812	0.10498340004761145	0.19868867336540647	0.15687209495232068	0.3684253901801407	0.007365700788573548	0.09001329133108704	0.14815269621667868	0.07922734642853836	0.1499434801026518	0.009760219764716027	0.007365700788573548	0.9537974612569726	0.00560041928045802	0.009217718895444671	0.004929342677248313	0.009329137336586303	0.11927575262081191	0.09001329133108704	0.00560041928045802	0.49821727400495686	0.11264606588837714	0.060239530658947917	0.11400766621535424	0.1963157227419812	0.14815269621667868	0.009217718895444671	0.11264606588837714	0.2468746833362962	0.09914812306022398	0.18764498986098674	0.10498340004761145	0.07922734642853836	0.004929342677248313	0.060239530658947917	0.09914812306022398	0.5511256890463879	0.1003465680810358	0.19868867336540647	0.1499434801026518	0.009329137336586303	0.11400766621535424	0.18764498986098674	0.1003465680810358	0.2400394850379671
0.9931184996286894	0.0015190870041330003	0.0011930474104355443	0.00048283439080273714	0.0016779378227497678	0.00024844095458522575	0.0017601527886042477	0.0015190870041330003	0.33102126825476	0.14849862295262264	0.0600984013889267	0.20885293735937754	0.03092344806940451	0.2190862349707693	0.0011930474104355443	0.14849862295262264	0.4427312116198572	0.04719956260128558	0.16402711325983188	0.02428639014129239	0.17206405201466982	0.00048283439080273714	0.0600984013889267	0.04719956260128558	0.7463719570701335	0.06638288689384925	0.009828867055993692	0.06963549059900663	0.0016779378227497678	0.20885293735937754	0.16402711325983188	0.06638288689384925	0.2829059470743248	0.03415711080689964	0.2419960667829603	0.00024844095458522575	0.03092344806940451	0.02428639014129239	0.009828867055993692	0.03415711080689964	0.8647250149065233	0.035830728065300126	0.0017601527886042477	0.2190862349707693	0.17206405201466982	0.06963549059900663	0.2419960667829603	0.035830728065300126	0.2596272747786823
0.9982822919623389	0.0003292978887608672	0.00032763699259116233	0.00022812320257858433	0.00033715435000993265	0.00019421319772386955	0.00030128240599678116	0.0003292978887608672	0.216538425753865	0.18480353520177306	0.12867281549821485	0.19017179744486576	0.10954588869333974	0.16993823951918088	0.00032763699259116233	0.18480353520177306	0.21955790713515572	0.12802382200721402	0.1892126184742668	0.10899336663611572	0.1690811135528837	0.00022812320257858433	0.12867281549821485	0.12802382200721402	0.4177181157643163	0.13174271974987556	0.07588860970860718	0.11772579406919366	0.00033715435000993265	0.19017179744486576	0.1892126184742668	0.13174271974987556	0.20238358814331853	0.11215945853052339	0.17399266330714022	0.00019421319772386955	0.10954588869333974	0.10899336663611572	0.07588860970860718	0.11215945853052339	0.4929923456695043	0.10022611756418619	0.00030128240599678116	0.16993823951918088	0.1690811135528837	0.11772579406919366	0.17399266330714022	0.10022611756418619	0.26873478958141883
0.998875859255521	0.0002021875039560434	0.000196434368794954	0.00017775983653518527	0.00020815611155557996	0.00013673993102424834	0.00020286299261289072	0.0002021875039560434	0.20983344789285624	0.1683123877772041	0.15231134307944527	0.17835601978037213	0.11716393845114458	0.17382067551501737	0.000196434368794954	0.1683123877772041	0.22752796900754518	0.1479774068758824	0.17328099650488077	0.11383010247846477	0.1688747029872237	0.00017775983653518527	0.15231134307944527	0.1479774068758824	0.28689713681488793	0.15680759839697092	0.10300855463066538	0.15282020036560928	0.00020815611155557996	0.17835601978037213	0.17328099650488077	0.15680759839697092	0.1917727026871784	0.12062263673738072	0.178951889781657	0.00013673993102424834	0.11716393845114458	0.11383010247846477	0.10300855463066538	0.12062263673738072	0.4276826560719907	0.11755537169932646	0.00020286299261289072	0.17382067551501737	0.1688747029872237	0.15282020036560928	0.178951889781657	0.11755537169932646	0.2077742966585489
