0.999204008883835	0.00019409891769985618	3.474403583915919e-5	1.1810706298639832e-6	0.0002374691092960015	0.000250659952608617	7.783803009149997e-5	0.00019409891769985618	0.4176805083299532	0.03360300326245785	0.0011422829636786674	0.2296703610181289	0.24242800244241072	0.07528174306566868	3.474403583915919e-5	0.03360300326245785	0.8681758136176478	0.00020447059004153316	0.041111384591777204	0.04339502406860216	0.013475559833633754	1.1810706298639832e-6	0.0011422829636786674	0.00020447059004153316	0.995321317451596	0.0013975189617915678	0.0014751478108913614	0.0004580811513710658	0.0002374691092960015	0.2296703610181289	0.041111384591777204	0.0013975189617915678	0.33888326131882723	0.2965970263545205	0.0921029786456559	0.000250659952608617	0.24242800244241072	0.04339502406860216	0.0014751478108913614	0.2965970263545205	0.3186350596730837	0.09721907969788013	7.783803009149997e-5	0.07528174306566868	0.013475559833633754	0.0004580811513710658	0.0921029786456559	0.09721907969788013	0.7213847195756983
0.9885631388147444	0.0025108621411014213	0.0007854437727973917	0.0014209766457982833	0.002505164384471967	0.002442628052148784	0.0017717861889378946	0.0025108621411014213	0.22730845606007727	0.06777209110770788	0.1226091058790634	0.21615834867407444	0.21076239525445017	0.15287874088353365	0.0007854437727973917	0.06777209110770788	0.7117161629515406	0.03835437920885696	0.06761829975649036	0.06593034646651422	0.04782327673609509	0.0014209766457982833	0.1226091058790634	0.03835437920885696	0.5094885918771045	0.12233087600956236	0.11927713456132098	0.08651893581829817	0.002505164384471967	0.21615834867407444	0.06761829975649036	0.12233087600956236	0.22857136518237828	0.21028412413986244	0.15253182185316838	0.002442628052148784	0.21076239525445017	0.06593034646651422	0.11927713456132098	0.21028412413986244	0.24257919629261945	0.14872417523309203	0.0017717861889378946	0.15287874088353365	0.04782327673609509	0.08651893581829817	0.15253182185316838	0.14872417523309203	0.4097512632868806
0.9921868367216944	0.0019953856484284356	0.0005089565691286514	0.00023221080064204187	0.0020032837933915363	0.00183719835930104	0.0012361281074138937	0.0019953856484284356	0.26447305048956565	0.06417153281581575	0.029278181906757073	0.2525830286601953	0.2316422303083555	0.15585659017088296	0.0005089565691286514	0.06417153281581575	0.7645880105757363	0.007467891244644318	0.06442553688218902	0.059084235118110735	0.039753836794375365	0.00023221080064204187	0.029278181906757073	0.007467891244644318	0.8885328979179022	0.029394070945619178	0.026957108669582914	0.018137638514852405	0.0020032837933915363	0.2525830286601953	0.06442553688218902	0.029394070945619178	0.2625614595653114	0.23255911768598714	0.15647350246730732	0.00183719835930104	0.2316422303083555	0.059084235118110735	0.026957108669582914	0.23255911768598714	0.30441929237322063	0.14350081748544274	0.0012361281074138937	0.15585659017088296	0.039753836794375365	0.018137638514852405	0.15647350246730732	0.14350081748544274	0.4850414864597257
0.9940203481294292	0.001517263460626234	0.0003235729548567548	2.640759975986718e-6	0.0015403672187369222	0.00149039065432923	0.001105416822045581	0.001517263460626234	0.2702044137631492	0.052808305151939176	0.0004309818127620408	0.25139363754648214	0.24323727705938486	0.1804081212056567	0.0003235729548567548	0.052808305151939176	0.8028167852653356	9.191156464505907e-5	0.053612430697783556	0.05187299800716985	0.038473996358270014	2.640759975986718e-6	0.0004309818127620408	9.191156464505907e-5	0.9982995769166564	0.0004375444828655246	0.0004233485367539929	0.0003139959263411141	0.0015403672187369222	0.25139363754648214	0.053612430697783556	0.0004375444828655246	0.26291966514232507	0.2469411131817963	0.183155241730011	0.00149039065432923	0.24323727705938486	0.05187299800716985	0.0004233485367539929	0.2469411131817963	0.2788220253606284	0.17721284719993782	0.001105416822045581	0.1804081212056567	0.038473996358270014	0.0003139959263411141	0.183155241730011	0.17721284719993782	0.4193303807577382
0.9904562889129958	0.002384115885708523	0.0004831039563439808	1.4543239957605592e-5	0.0023968555587567837	0.002353677943430839	0.0019114145028065197	0.002384115885708523	0.2608333779317754	0.04971545648801355	0.0014966215941983958	0.24665657706719576	0.24221323764137498	0.1967006133917362	0.0004831039563439808	0.04971545648801355	0.8105780016469782	0.00030326705913970655	0.04998111415377507	0.04908074061536577	0.039858316080384246	1.4543239957605592e-5	0.0014966215941983958	0.00030326705913970655	0.9940035502343901	0.0015046188857316418	0.0014775142672564384	0.001199884719326083	0.0023968555587567837	0.24665657706719576	0.04998111415377507	0.0015046188857316418	0.2582016195579862	0.24350751929689718	0.19775169547966007	0.002353677943430839	0.24221323764137498	0.04908074061536577	0.0014775142672564384	0.24350751929689718	0.2671779681929106	0.1941893420427667	0.0019114145028065197	0.1967006133917362	0.039858316080384246	0.001199884719326083	0.19775169547966007	0.1941893420427667	0.3683887337833225
0.9885029546555764	0.0022153695000243193	0.0010010231446138185	0.0018062951863477535	0.0021876715807673834	0.002188098391266099	0.0020985875414042078	0.0022153695000243193	0.2008023810544077	0.0859540551637352	0.15509970665985034	0.1878470490369716	0.1878836976333087	0.1801977409517077	0.0010010231446138185	0.0859540551637352	0.5917641245418879	0.07008239306698943	0.08487940442050469	0.08489596422831583	0.08142303543395563	0.0018062951863477535	0.15509970665985034	0.07008239306698943	0.319736902544347	0.15316055422871333	0.1531904355569294	0.14692371275682728	0.0021876715807673834	0.1878470490369716	0.08487940442050469	0.15316055422871333	0.2084458638787512	0.18553465947661077	0.17794479737768637	0.002188098391266099	0.1878836976333087	0.08489596422831583	0.1531904355569294	0.18553465947661077	0.20832763064971832	0.17797951406385643	0.0020985875414042078	0.1801977409517077	0.08142303543395563	0.14692371275682728	0.17794479737768637	0.17797951406385643	0.2334326118745676
0.9982394475118018	0.00034606777952851507	0.00017840691560276902	0.00034094158039824746	0.00035036356729883683	0.0003446388519337071	0.00020013379343618293	0.00034606777952851507	0.21487993383023546	0.09898241220983381	0.18915869901361457	0.19438613645951658	0.19120999200266772	0.11103675870460782	0.00017840691560276902	0.09898241220983381	0.5472958322176429	0.09751621516579488	0.10021109474256559	0.09857370990186404	0.05724232884669844	0.00034094158039824746	0.18915869901361457	0.09751621516579488	0.22370773237926833	0.19150675241222842	0.18837765523893332	0.10939200420976646	0.00035036356729883683	0.19438613645951658	0.10021109474256559	0.19150675241222842	0.20754707090315	0.1935835083881789	0.11241507352706624	0.0003446388519337071	0.19120999200266772	0.09857370990186404	0.18837765523893332	0.1935835083881789	0.21733221209482273	0.11057828352160405	0.00020013379343618293	0.11103675870460782	0.05724232884669844	0.10939200420976646	0.11241507352706624	0.11057828352160405	0.4991354173968235
0.9975609857083774	0.0004364435950554318	0.00029425525740993055	0.00042611605515713953	0.00042262601493758795	0.00043258592594317606	0.0004269874431194943	0.0004364435950554318	0.1895493124170209	0.1190224895824865	0.17235849643704362	0.17094681978823753	0.17497547645299727	0.17271096172716144	0.00029425525740993055	0.1190224895824865	0.4148087209379044	0.11620606719965583	0.11525429867703318	0.11797046502094423	0.11644370332456794	0.00042611605515713953	0.17235849643704362	0.11620606719965583	0.20464845154406308	0.1669017149411267	0.1708350417329929	0.16862411208996342	0.00042262601493758795	0.17094681978823753	0.11525429867703318	0.1669017149411267	0.20979567650400568	0.16943584271352147	0.16724302136114047	0.00043258592594317606	0.17497547645299727	0.11797046502094423	0.1708350417329929	0.16943584271352147	0.19516619652610928	0.17118439162749433	0.0004269874431194943	0.17271096172716144	0.11644370332456794	0.16862411208996342	0.16724302136114047	0.17118439162749433	0.20336682242655568
0.9940622427645577	0.00107345462097341	0.0007892907170641255	0.0010344992585032955	0.0009658044337681389	0.0010485204372904493	0.0010261877678428245	0.00107345462097341	0.18750098299401513	0.13166340886646447	0.1725672124347406	0.16110806994063193	0.1749061176765374	0.1711807534666308	0.0007892907170641255	0.13166340886646447	0.3677311488057196	0.12688538125706905	0.11845969225317489	0.12860513368942508	0.12586594441107826	0.0010344992585032955	0.1725672124347406	0.12688538125706905	0.21072392592626676	0.1552615039668353	0.16855882448015477	0.1649686526764241	0.0009658044337681389	0.16110806994063193	0.11845969225317489	0.1552615039668353	0.252824990199664	0.15736585473169812	0.15401408447422202	0.0010485204372904493	0.1749061176765374	0.12860513368942508	0.16855882448015477	0.15736585473169812	0.20231097883009044	0.16720457015479773	0.0010261877678428245	0.1711807534666308	0.12586594441107826	0.1649686526764241	0.15401408447422202	0.16720457015479773	0.2157398070489984
0.9981726955801288	9.37351820855897e-5	0.0002735888276327851	0.0005085456162668697	0.0003038471420664746	0.0002267857226986913	0.00042080192912087214	9.37351820855897e-5	0.8260423039203998	0.027438902463625504	0.051003301866478744	0.030473583907467565	0.022744902922806766	0.04220326973713536	0.0002735888276327851	0.027438902463625504	0.5449105176829951	0.14886548735041247	0.08894453405339975	0.06638650703841606	0.12318046258351625	0.0005085456162668697	0.051003301866478744	0.14886548735041247	0.2819268020006351	0.16532967839047602	0.12339892467747292	0.22896726009825422	0.0003038471420664746	0.030473583907467565	0.08894453405339975	0.16532967839047602	0.504415702639826	0.07372870672362725	0.13680394714313468	0.0002267857226986913	0.022744902922806766	0.06638650703841606	0.12339892467747292	0.07372870672362725	0.6114063110147919	0.10210786190018462	0.00042080192912087214	0.04220326973713536	0.12318046258351625	0.22896726009825422	0.13680394714313468	0.10210786190018462	0.366316396608651
0.9992269517722135	2.028969697248875e-5	0.00011656263326910724	0.00031576095866801905	5.908797435082258e-5	5.942260267813196e-5	0.00020192436184789762	2.028969697248875e-5	0.937746842323223	0.009636592174878012	0.026104931727195847	0.0048849849672145335	0.004912649722462447	0.016693709388053105	0.00011656263326910724	0.009636592174878012	0.6880855849087016	0.1499706766226273	0.028063835158829657	0.02822276689274439	0.09590398160894786	0.00031576095866801905	0.026104931727195847	0.1499706766226273	0.41133375967048236	0.07602319238271599	0.07645372861251981	0.25979795002578515	5.908797435082258e-5	0.0048849849672145335	0.028063835158829657	0.07602319238271599	0.8280465209979837	0.014306695717980987	0.04861568280092333	5.942260267813196e-5	0.004912649722462447	0.02822276689274439	0.07645372861251981	0.014306695717980987	0.8271537322372312	0.04889100421438198	0.00020192436184789762	0.016693709388053105	0.09590398160894786	0.25979795002578515	0.04861568280092333	0.04889100421438198	0.5298957476000573
0.9920230359117493	0.001045488989779862	0.0014919217627478803	0.0015060662919749634	0.0010860293071733727	0.001504484267675815	0.0013429734688988782	0.001045488989779862	0.4046455355260424	0.12791829758096443	0.12913105829267907	0.09311682660944516	0.12899541454772423	0.11514737845336848	0.0014919217627478803	0.12791829758096443	0.20504627985571752	0.18427112862668985	0.1328785108735614	0.18407756383829227	0.16431629746203164	0.0015060662919749634	0.12913105829267907	0.18427112862668985	0.1992565541610658	0.1341382981007687	0.1858227562114938	0.16587413831533282	0.0010860293071733727	0.09311682660944516	0.1328785108735614	0.1341382981007687	0.38517055927566446	0.13399739457734972	0.1196123812560409	0.001504484267675815	0.12899541454772423	0.18407756383829227	0.1858227562114938	0.13399739457734972	0.19990248819346756	0.16569989836400173	0.0013429734688988782	0.11514737845336848	0.16431629746203164	0.16587413831533282	0.1196123812560409	0.16569989836400173	0.26800693268033016
0.9992681874945696	0.00012723260063905246	0.00012748587088532183	1.8307644266536177e-5	0.00011100599885317782	0.00018015437644681913	0.00016762601433956866	0.00012723260063905246	0.4197430736965309	0.12233013145492411	0.017567252858710424	0.10651673269902626	0.17286863555839477	0.160846941131775	0.00012748587088532183	0.12233013145492411	0.4188315209064276	0.01760222237466352	0.10672876577063674	0.17321274926573246	0.16116712435673072	1.8307644266536177e-5	0.017567252858710424	0.01760222237466352	0.9014666871681499	0.015326814361200314	0.024874265469294943	0.02314445012371439	0.00011100599885317782	0.10651673269902626	0.10672876577063674	0.015326814361200314	0.4801614997364916	0.15082184490580647	0.14033333652798585	0.00018015437644681913	0.17286863555839477	0.17321274926573246	0.024874265469294943	0.15082184490580647	0.2502919135282101	0.2277504368961152	0.00016762601433956866	0.160846941131775	0.16116712435673072	0.02314445012371439	0.14033333652798585	0.2277504368961152	0.2865900849493399
0.9999888972208985	1.0780007925775312e-6	1.6083759187545844e-6	1.3420096989379366e-9	6.28574673602187e-7	7.079675546218067e-6	7.068101607835145e-7	1.0780007925775312e-6	0.8632067106720482	0.021946949028589718	1.831227271872506e-5	0.008577159208459018	0.0966050763008902	0.009644714516502322	1.6083759187545844e-6	0.021946949028589718	0.8067024458824041	2.732188942833791e-5	0.012797111483772352	0.14413466058804042	0.014389902751847407	1.3420096989379366e-9	1.831227271872506e-5	2.732188942833791e-5	0.9998114157320803	1.0677757313670051e-5	0.00012026424308320709	1.2006763365809617e-5	6.28574673602187e-7	0.008577159208459018	0.012797111483772352	1.0677757313670051e-5	0.9166609178919349	0.05632973994291301	0.005623765140933981	7.079675546218067e-6	0.0966050763008902	0.14413466058804042	0.00012026424308320709	0.05632973994291301	0.6394623635628636	0.06334081568666844	7.068101607835145e-7	0.009644714516502322	0.014389902751847407	1.2006763365809617e-5	0.005623765140933981	0.06334081568666844	0.9069880883305217
0.9999920922923565	6.888007465325911e-7	1.1831522096029688e-6	1.2003076342408672e-10	2.650672816860019e-7	4.576561199175964e-6	1.194006175636063e-6	6.888007465325911e-7	0.8632938034910573	0.022405528402105426	2.273040321605992e-6	0.005019618321363353	0.0866670163820429	0.02261107156236508	1.1831522096029688e-6	0.022405528402105426	0.7812603521729797	3.904398612462194e-6	0.00862219232220822	0.1488678292645535	0.03883901028733466	1.2003076342408672e-10	2.273040321605992e-6	3.904398612462194e-6	0.9999739048654376	8.747212052887458e-7	1.5102637725628873e-5	3.94021666661902e-6	2.650672816860019e-7	0.005019618321363353	0.00862219232220822	8.747212052887458e-7	0.9443041832418205	0.0333515759962048	0.008701290329917186	4.576561199175964e-6	0.0866670163820429	0.1488678292645535	1.5102637725628873e-5	0.0333515759962048	0.5808603906944371	0.15023350846385128	1.194006175636063e-6	0.02261107156236508	0.03883901028733466	3.94021666661902e-6	0.008701290329917186	0.15023350846385128	0.7796099851336932
0.9999807038026046	1.4233119930245085e-6	1.8237334017679734e-6	3.3872224998996417e-10	5.000553543513526e-7	1.3705987187229074e-5	1.842770736740611e-6	1.4233119930245085e-6	0.904295744057498	0.009765432306147242	1.8137350556042035e-6	0.002677615438479469	0.07339060080604673	0.00986737034477971	1.8237334017679734e-6	0.009765432306147242	0.8801185116623002	2.323994471397615e-6	0.0034309109571034994	0.09403763245287448	0.012643364893700893	3.3872224998996417e-10	1.8137350556042035e-6	2.323994471397615e-6	0.9999754108322122	6.372235534967582e-7	1.746562212288713e-5	2.3482538621526812e-6	5.000553543513526e-7	0.002677615438479469	0.0034309109571034994	6.372235534967582e-7	0.9646391289511296	0.025784482300427312	0.0034667250739521325	1.3705987187229074e-5	0.07339060080604673	0.09403763245287448	1.746562212288713e-5	0.025784482300427312	0.711736853399814	0.09501925943152373	1.842770736740611e-6	0.00986737034477971	0.012643364893700893	2.3482538621526812e-6	0.0034667250739521325	0.09501925943152373	0.8789990892314442
0.9959325384062453	0.0006866410650243353	0.0005812615569122438	2.7430951606722146e-5	0.0007921430237532433	0.0010927033627955674	0.0008872816336626275	0.0006866410650243353	0.480320048428587	0.08923007214620375	0.004210954194027971	0.12160270762631097	0.16774204097479706	0.13620753556504483	0.0005812615569122438	0.08923007214620375	0.5463816326700279	0.003564694737300765	0.10294021543425866	0.14199849799719208	0.11530362545810136	2.7430951606722146e-5	0.004210954194027971	0.003564694737300765	0.9751963288217009	0.004857964601964924	0.006701206849941875	0.0054414198434566555	0.0007921430237532433	0.12160270762631097	0.10294021543425866	0.004857964601964924	0.41915573551333063	0.1935154978585601	0.15713573594181715	0.0010927033627955674	0.16774204097479706	0.14199849799719208	0.006701206849941875	0.1935154978585601	0.2721927983571058	0.21675725459960143	0.0008872816336626275	0.13620753556504483	0.11530362545810136	0.0054414198434566555	0.15713573594181715	0.21675725459960143	0.3682671469583109
0.9130183870614121	0.016465980658057006	0.011504525797629304	0.011736001490783078	0.016050030722722763	0.016091315091055124	0.015133759178340441	0.016465980658057006	0.1927214248837664	0.12901995770016175	0.131615891219253	0.17999649193352277	0.1804594842853689	0.1697207693198684	0.011504525797629304	0.12901995770016175	0.39709124553938213	0.09195798582266412	0.1257607626253789	0.12608424821463912	0.11858127430014369	0.011736001490783078	0.131615891219253	0.09195798582266412	0.38681071025975344	0.12829111982673835	0.12862111407635682	0.12096717730445004	0.016050030722722763	0.17999649193352277	0.1257607626253789	0.12829111982673835	0.20856730417602143	0.17590086658881396	0.16543342412680007	0.016091315091055124	0.1804594842853689	0.12608424821463912	0.12862111407635682	0.17590086658881396	0.2069840148230323	0.16585895692073208	0.015133759178340441	0.1697207693198684	0.11858127430014369	0.12096717730445004	0.16543342412680007	0.16585895692073208	0.2443046388496637
0.9948021770959192	0.0011119419636612092	0.0003512969112096144	8.670524578791865e-6	0.0013354719591659968	0.001473883149590456	0.000916558395874586	0.0011119419636612092	0.409912696855217	0.05063907347732305	0.001249846831048255	0.19250685249196306	0.2124586773396508	0.13212091104113372	0.0003512969112096144	0.05063907347732305	0.7789325201554065	0.00039486533072885575	0.06081887803248369	0.06712227755426256	0.041741088538584915	8.670524578791865e-6	0.001249846831048255	0.00039486533072885575	0.9941586099007481	0.0015010993834800395	0.0016566765569181441	0.0010302314724975664	0.0013354719591659968	0.19250685249196306	0.06081887803248369	0.0015010993834800395	0.32998842090236347	0.2551685387737094	0.1586807384568308	0.001473883149590456	0.2124586773396508	0.06712227755426256	0.0016566765569181441	0.2551685387737094	0.2869931946406345	0.17512675198523034	0.000916558395874586	0.13212091104113372	0.041741088538584915	0.0010302314724975664	0.1586807384568308	0.17512675198523034	0.4903837201098457
0.9998665843542702	4.0361082165372706e-5	5.409012114756379e-6	1.3129224642323416e-10	4.085039636234515e-5	4.145315460908308e-5	5.3418691860055145e-6	4.0361082165372706e-5	0.32621487468016996	0.03916297548901739	9.505978022389281e-7	0.2957699183351199	0.3001340805780554	0.03867683923767542	5.409012114756379e-6	0.03916297548901739	0.8757877960819037	1.2739487527870328e-7	0.03963776454011227	0.04022263008821824	0.00518329739375905	1.3129224642323416e-10	9.505978022389281e-7	1.2739487527870328e-7	0.9999968576215725	9.621222950248366e-7	9.763186602829033e-7	1.2581350240458305e-7	4.085039636234515e-5	0.2957699183351199	0.03963776454011227	9.621222950248366e-7	0.3216320389997188	0.3037727309497273	0.039145734656670206	4.145315460908308e-5	0.3001340805780554	0.04022263008821824	9.763186602829033e-7	0.3037727309497273	0.31610478873514625	0.03972334017558929	5.3418691860055145e-6	0.03867683923767542	0.00518329739375905	1.2581350240458305e-7	0.039145734656670206	0.03972334017558929	0.8772653208536185
0.9999962735286815	1.6491592140370468e-6	3.144003348998751e-8	1.2000326578312515e-12	3.915484813456414e-7	1.646969114324899e-6	7.353275461208764e-9	1.6491592140370468e-6	0.447765081531707	0.008358027877689543	3.190170395806236e-7	0.10408936503188103	0.4378307604412997	0.00195479694118919	3.144003348998751e-8	0.008358027877689543	0.9812733506398883	6.081830258061525e-9	0.0019843888295920215	0.008346928334180796	3.726679678590005e-5	1.2000326578312515e-12	3.190170395806236e-7	6.081830258061525e-9	0.9999992791421021	7.574201223749735e-8	3.1859338180361275e-7	1.422434019037635e-9	3.915484813456414e-7	0.10408936503188103	0.0019843888295920215	7.574201223749735e-8	0.7895105315843548	0.10395113332783834	0.0004641139358449705	1.646969114324899e-6	0.4378307604412997	0.008346928334180796	3.1859338180361275e-7	0.10395113332783834	0.447917011382646	0.0019522009515589795	7.353275461208764e-9	0.00195479694118919	3.726679678590005e-5	1.422434019037635e-9	0.0004641139358449705	0.0019522009515589795	0.9955916125989116
0.9997907784079041	6.415184728602245e-5	4.967035380961536e-6	1.7367558419144816e-6	6.205289441074217e-5	6.328349330107444e-5	1.302956587540557e-5	6.415184728602245e-5	0.3119568651898101	0.02355567630044403	0.008236393600466579	0.2942797427712533	0.30011573685888576	0.06179143343185741	4.967035380961536e-6	0.02355567630044403	0.9249955680322777	0.0006377128665156355	0.022784969663119166	0.023236828656159707	0.004784277446103064	1.7367558419144816e-6	0.008236393600466579	0.0006377128665156355	0.9733594858774096	0.007966911071731884	0.008124906472548384	0.001672853355486001	6.205289441074217e-5	0.2942797427712533	0.022784969663119166	0.007966911071731884	0.3248402167824043	0.29029639703554033	0.05976970978154336	6.328349330107444e-5	0.30011573685888576	0.023236828656159707	0.008124906472548384	0.29029639703554033	0.31720781767414974	0.060955029809418096	1.302956587540557e-5	0.06179143343185741	0.004784277446103064	0.001672853355486001	0.05976970978154336	0.060955029809418096	0.8110136666097174
0.9991464971107605	0.00027319531093840973	1.9147865088462643e-6	0.00023920794168241774	0.0002716385452138927	3.0205468325163995e-5	3.7340836570634304e-5	0.00027319531093840973	0.32557608405813515	0.002224431927241898	0.2778909190501873	0.31556596510981505	0.035090078089318334	0.043379326454357096	1.9147865088462643e-6	0.002224431927241898	0.9930642188961436	0.0019476973484663773	0.0022117563093150875	0.0002459412933882172	0.0003040394389359293	0.00023920794168241774	0.2778909190501873	0.0019476973484663773	0.3749075068459181	0.27630739605176585	0.030724631855462127	0.03798264090651165	0.0002716385452138927	0.31556596510981505	0.0022117563093150875	0.27630739605176585	0.327620986497737	0.03489012212868184	0.04313213535746451	3.0205468325163995e-5	0.035090078089318334	0.0002459412933882172	0.030724631855462127	0.03489012212868184	0.8942228448809654	0.00479617628385807	3.7340836570634304e-5	0.043379326454357096	0.0003040394389359293	0.03798264090651165	0.04313213535746451	0.00479617628385807	0.8703683407223012
0.9998164185242079	6.487552102177054e-6	5.652703594481771e-8	8.808938220085319e-5	8.611353916361825e-5	1.1404769418026216e-7	2.7204275953142696e-6	6.487552102177054e-6	0.9293840349558063	2.253800914834879e-5	0.03512229623809307	0.03433450385335925	4.547218745543449e-5	0.0010846672040343303	5.652703594481771e-8	2.253800914834879e-5	0.9993623706398105	0.0003060259510284299	0.00029916179521934447	3.962061397426421e-7	9.450871617668928e-6	8.808938220085319e-5	0.03512229623809307	0.0003060259510284299	0.4829370105809038	0.4662013013506718	0.0006174311723718456	0.01472784532471772	8.611353916361825e-5	0.03433450385335925	0.00029916179521934447	0.4662013013506718	0.48407783720178843	0.0006035822038307664	0.014397500055954613	1.1404769418026216e-7	4.547218745543449e-5	3.962061397426421e-7	0.0006174311723718456	0.0006035822038307664	0.9987139363135146	1.9067868993538497e-5	2.7204275953142696e-6	0.0010846672040343303	9.450871617668928e-6	0.01472784532471772	0.014397500055954613	1.9067868993538497e-5	0.9697587482470865
0.9977049989297954	0.0007233951799700816	2.6864184318517428e-5	0.00019937905810513693	0.00072180747719208	0.0003282190984564775	0.00029533607216233605	0.0007233951799700816	0.3211910615199499	0.011590828929902272	0.08602414751557305	0.3114312680877055	0.1416135095199397	0.12742578924696074	2.6864184318517428e-5	0.011590828929902272	0.9636311924881155	0.0031946142560657725	0.011565389458088115	0.005258994705899372	0.004732115977610588	0.00019937905810513693	0.08602414751557305	0.0031946142560657725	0.750595066222572	0.08583534230679168	0.039030904441768835	0.0351205461991238	0.00072180747719208	0.3114312680877055	0.011565389458088115	0.08583534230679168	0.3219973795104593	0.141302697160813	0.12714611599895154	0.0003282190984564775	0.1416135095199397	0.005258994705899372	0.039030904441768835	0.141302697160813	0.6146500041579916	0.057815670915131505	0.00029533607216233605	0.12742578924696074	0.004732115977610588	0.0351205461991238	0.12714611599895154	0.057815670915131505	0.6474644255900601
0.9895329216340452	0.0026948253047893774	0.0002828672981178586	0.00026449375151012835	0.002584761352719084	0.0027020094838609626	0.001938121174957248	0.0026948253047893774	0.2660870882144831	0.026612319854997353	0.02488372590847516	0.24317585074374884	0.2542066230850899	0.18233956688841166	0.0002828672981178586	0.026612319854997353	0.8991445716804315	0.002611966090093496	0.025525400754232604	0.026683266075892935	0.019139608246233532	0.00026449375151012835	0.02488372590847516	0.002611966090093496	0.9055259414753449	0.023867407258485785	0.02495006384235792	0.017896401673732003	0.002584761352719084	0.24317585074374884	0.025525400754232604	0.023867407258485785	0.28613011670676575	0.24382413724103053	0.17489232594301285	0.0027020094838609626	0.2542066230850899	0.026683266075892935	0.02495006384235792	0.24382413724103053	0.264808231335091	0.18282566893667188	0.001938121174957248	0.18233956688841166	0.019139608246233532	0.017896401673732003	0.17489232594301285	0.18282566893667188	0.4209683071369776
0.9682061188145212	0.004581486665651384	0.00012791028880205582	0.0055305074124717395	0.008131385104762676	0.007977926395933123	0.005444665317857625	0.004581486665651384	0.5201915504957622	0.0022337768923244745	0.09658268913712308	0.14200343318526196	0.13932348835111433	0.09508357527276087	0.00012791028880205582	0.0022337768923244745	0.9844328405713211	0.0026964870930279456	0.003964586492369029	0.003889765251421323	0.0026546334107340835	0.0055305074124717395	0.09658268913712308	0.0026964870930279456	0.4408091962850489	0.17141838384372277	0.16818330845184412	0.11477942777675922	0.008131385104762676	0.14200343318526196	0.003964586492369029	0.17141838384372277	0.2584482370981228	0.24727627091341875	0.1687577033623391	0.007977926395933123	0.13932348835111433	0.003889765251421323	0.16818330845184412	0.24727627091341875	0.2677763992536962	0.16557284138256934	0.005444665317857625	0.09508357527276087	0.0026546334107340835	0.11477942777675922	0.1687577033623391	0.16557284138256934	0.4477071534769779
0.9981435469714228	1.7220017979099747e-5	8.841611851436346e-8	0.0007770457016649623	0.0009871491971401517	8.371848014806014e-6	6.657784765972596e-5	1.7220017979099747e-5	0.9828055044587423	8.257507448314937e-7	0.007257116436452886	0.009219350481506036	7.818777673121991e-5	0.0006217950778439264	8.841611851436346e-8	8.257507448314937e-7	0.9999108934154174	3.7261637455705966e-5	4.733672089005022e-5	4.014548499445607e-7	3.1926045234692945e-6	0.0007770457016649623	0.007257116436452886	3.7261637455705966e-5	0.5443230428539796	0.4160191163848941	0.003528188873291202	0.02805822811227478	0.0009871491971401517	0.009219350481506036	4.733672089005022e-5	0.4160191163848941	0.533600055841687	0.004482167273000271	0.03564482410089907	8.371848014806014e-6	7.818777673121991e-5	4.014548499445607e-7	0.003528188873291202	0.004482167273000271	0.9916003849545414	0.0003022978195714967	6.657784765972596e-5	0.0006217950778439264	3.1926045234692945e-6	0.02805822811227478	0.03564482410089907	0.0003022978195714967	0.9353030844372286
0.9995323822605544	1.5373508646198633e-6	6.161016899058268e-9	0.00021407345629589902	0.00024734060683086694	8.045893274153919e-8	4.579705504658244e-6	1.5373508646198633e-6	0.9938368777110796	8.144867250028335e-8	0.0028300521031704284	0.0032698439903432086	1.0636674708017176e-6	6.054372839874374e-5	6.161016899058268e-9	8.144867250028335e-8	0.9999752198311849	1.13415871640725e-5	1.3104076984254317e-5	4.262705029413283e-9	2.4263227242460854e-7	0.00021407345629589902	0.0028300521031704284	1.13415871640725e-5	0.5330456733664727	0.45532013587166964	0.0001481138607095684	0.008430609754503915	0.00024734060683086694	0.0032698439903432086	1.3104076984254317e-5	0.45532013587166964	0.531237712762089	0.00017113084836323518	0.009740731843703927	8.045893274153919e-8	1.0636674708017176e-6	4.262705029413283e-9	0.0001481138607095684	0.00017113084836323518	0.9996764382798187	3.168621999871869e-6	4.579705504658244e-6	6.054372839874374e-5	2.4263227242460854e-7	0.008430609754503915	0.009740731843703927	3.168621999871869e-6	0.9817601237136162
0.9972156551687803	3.476072993899156e-5	2.539346785361439e-7	0.001226866490707011	0.0013425339195694585	4.665021514034507e-6	0.00017526473481162266	3.476072993899156e-5	0.974565622880163	2.3457523702969997e-6	0.011333327906232796	0.012401819799440782	4.30937016445171e-5	0.0016190292302093784	2.539346785361439e-7	2.3457523702969997e-6	0.9998118677373593	8.279242074792358e-5	9.059798599055372e-5	3.1480884587978844e-7	1.1827360007554723e-5	0.001226866490707011	0.011333327906232796	8.279242074792358e-5	0.49097560535423274	0.4377174231503509	0.0015209754973781041	0.05714300918033825	0.0013425339195694585	0.012401819799440782	9.059798599055372e-5	0.4377174231503509	0.4842528738139085	0.0016643711532844982	0.06253038017744163	4.665021514034507e-6	4.30937016445171e-5	3.1480884587978844e-7	0.0015209754973781041	0.0016643711532844982	0.9965492999672251	0.00021727985010767562	0.00017526473481162266	0.0016190292302093784	1.1827360007554723e-5	0.05714300918033825	0.06253038017744163	0.00021727985010767562	0.8783032094670822
0.9941291058228794	8.247498351793114e-5	7.338333249851493e-7	0.002385101830710408	0.0028780044014542847	3.0262564765678284e-5	0.0004943165633472538	8.247498351793114e-5	0.971889271405348	3.5533132368362833e-6	0.011548962983436674	0.013935659211943733	0.0001465351440188085	0.0023935429584977814	7.338333249851493e-7	3.5533132368362833e-6	0.9997463589509078	0.00010275860078739109	0.00012399458234674555	1.3038180473127466e-6	2.1296901348847682e-5	0.002385101830710408	0.011548962983436674	0.00010275860078739109	0.5094997745344261	0.4030066437216927	0.004237663656964384	0.06921909467197271	0.0028780044014542847	0.013935659211943733	0.00012399458234674555	0.4030066437216927	0.49141844533922585	0.005113414655756542	0.08352383808756805	3.0262564765678284e-5	0.0001465351440188085	1.3038180473127466e-6	0.004237663656964384	0.005113414655756542	0.989592556889437	0.0008782632710102215	0.0004943165633472538	0.0023935429584977814	2.1296901348847682e-5	0.06921909467197271	0.08352383808756805	0.0008782632710102215	0.8434696475462531
0.9990475164636914	1.0446752139335165e-5	3.446894400738505e-8	0.0003826554852305695	0.00054769304772537	2.0527392589611246e-6	9.60104301032203e-6	1.0446752139335165e-5	0.9812304205279697	6.863930434725558e-7	0.007619962568409534	0.01090641760990508	4.087696876098224e-5	0.00019118917977162	3.446894400738505e-8	6.863930434725558e-7	0.9999373858502727	2.5141982848421785e-5	3.5985605181679084e-5	1.3487310971116745e-7	6.308265999297694e-7	0.0003826554852305695	0.007619962568409534	2.5141982848421785e-5	0.5839792244817489	0.39949263340242835	0.001497287971166888	0.00700309410815597	0.00054769304772537	0.01090641760990508	3.5985605181679084e-5	0.39949263340242835	0.576850712301349	0.0021430614322875945	0.0100234966011069	2.0527392589611246e-6	4.087696876098224e-5	1.3487310971116745e-7	0.001497287971166888	0.0021430614322875945	0.996279018211569	3.756780384671373e-5	9.60104301032203e-6	0.00019118917977162	6.308265999297694e-7	0.00700309410815597	0.0100234966011069	3.756780384671373e-5	0.9827344204375084
0.9990809459401235	6.789983713244565e-5	1.0743038228269936e-7	0.00041116063072238316	0.000420417904390673	1.1501425936140996e-5	7.966831312636465e-6	6.789983713244565e-5	0.851328081920778	1.8756396974714028e-5	0.07178501878462315	0.07340125709762757	0.0020080475006209945	0.0013909384622422189	1.0743038228269936e-7	1.8756396974714028e-5	0.999746046190756	0.00011357747434887035	0.00011613466899261185	3.1771108701297463e-6	2.2007276753685695e-6	0.00041116063072238316	0.07178501878462315	0.00011357747434887035	0.4626340999742109	0.44447392569157007	0.012159529562130709	0.008422687882387469	0.000420417904390673	0.07340125709762757	0.00011613466899261185	0.44447392569157007	0.4605426389642189	0.012433301135631156	0.008612324537562499	1.1501425936140996e-5	0.0020080475006209945	3.1771108701297463e-6	0.012159529562130709	0.012433301135631156	0.973148834810051	0.00023560845475966924	7.966831312636465e-6	0.0013909384622422189	2.2007276753685695e-6	0.008422687882387469	0.008612324537562499	0.00023560845475966924	0.9813282731040601
0.999842196076605	3.3949542422875973e-6	1.3776229881253304e-8	1.8479884828649468e-5	0.0001330833940556044	1.4222788597962533e-6	1.4096351788032347e-6	3.3949542422875973e-6	0.9751637015751013	2.215569397994928e-6	0.002972037172560716	0.02140320666774998	0.00022873874378851597	0.00022670531715963385	1.3776229881253304e-8	2.215569397994928e-6	0.9998970113391576	1.206009400504847e-5	8.685109554001439e-5	9.281885092673225e-7	9.199371601512691e-7	1.8479884828649468e-5	0.002972037172560716	1.206009400504847e-5	0.8780133897372135	0.1165048969606394	0.0012451023900143768	0.0012340337607406199	0.0001330833940556044	0.02140320666774998	8.685109554001439e-5	0.1165048969606394	0.844018395351308	0.00896663878299548	0.008886927747729118	1.4222788597962533e-6	0.00022873874378851597	9.281885092673225e-7	0.0012451023900143768	0.00896663878299548	0.9894621939086544	9.497570717839361e-5	1.4096351788032347e-6	0.00022670531715963385	9.199371601512691e-7	0.0012340337607406199	0.008886927747729118	9.497570717839361e-5	0.9895550278948535
0.9930335193628058	0.00026626274039068064	9.270865729896143e-6	0.002225678277142306	0.002354667868044171	0.00027423175185192804	0.001836369134035038	0.00026626274039068064	0.8918352245145603	0.00014929553628279538	0.03584172629179595	0.03791894008278977	0.004416154612883463	0.02957239622129711	9.270865729896143e-6	0.00014929553628279538	0.9960897688934996	0.0012479546762396304	0.0013202801173446688	0.000153763821398486	0.0010296660895049113	0.002225678277142306	0.03584172629179595	0.0012479546762396304	0.35961315676543154	0.3169627155143625	0.036914437881825884	0.2471943305932033	0.002354667868044171	0.03791894008278977	0.0013202801173446688	0.3169627155143625	0.34086905239470167	0.0390538208688687	0.2615205231538898	0.00027423175185192804	0.004416154612883463	0.000153763821398486	0.036914437881825884	0.0390538208688687	0.8887301188298186	0.030457472233353034	0.001836369134035038	0.02957239622129711	0.0010296660895049113	0.2471943305932033	0.2615205231538898	0.030457472233353034	0.42838924257471783
0.9943750895406582	9.98554377577859e-5	4.036031470631827e-6	0.0020575052515048723	0.0021828224508108765	0.0002414743415650095	0.0010392169462325154	9.98554377577859e-5	0.9553086057761684	3.257394779987237e-5	0.01660568534912615	0.01761709369376449	0.0019488878256729283	0.008387297969711178	4.036031470631827e-6	3.257394779987237e-5	0.9981623725856822	0.0006711809608511504	0.0007120608167736858	7.877159996260558e-5	0.0003390040574598682	0.0020575052515048723	0.01660568534912615	0.0006711809608511504	0.4046927957399734	0.362997385070775	0.04015652052562664	0.1728189271021583	0.0021828224508108765	0.01761709369376449	0.0007120608167736858	0.362997385070775	0.3905434195034906	0.04260234790928213	0.18334487055511947	0.0002414743415650095	0.0019488878256729283	7.877159996260558e-5	0.04015652052562664	0.04260234790928213	0.8946895044232376	0.020282493374654802	0.0010392169462325154	0.008387297969711178	0.0003390040574598682	0.1728189271021583	0.18334487055511947	0.020282493374654802	0.6137881899946716
0.9960806214336174	0.00019160675290249033	7.38067772895289e-7	0.0014067960063939861	0.0014945229583084435	0.0006296709453140853	0.00019604383569080024	0.00019160675290249033	0.8787138886090635	2.3975703401387023e-5	0.04569895209385217	0.04854871123068305	0.02045449534546106	0.006368370264636546	7.38067772895289e-7	2.3975703401387023e-5	0.9995089234608102	0.0001760320201904512	0.00018700927097909726	7.879056242346707e-5	2.4530914422337083e-5	0.0014067960063939861	0.04569895209385217	0.0001760320201904512	0.3993325396306626	0.356449509426513	0.15017895731181713	0.04675721351057071	0.0014945229583084435	0.04854871123068305	0.00018700927097909726	0.356449509426513	0.38410325525564837	0.15954402666570852	0.04967296519215964	0.0006296709453140853	0.02045449534546106	7.879056242346707e-5	0.15017895731181713	0.15954402666570852	0.6481858942486766	0.020928164920599134	0.00019604383569080024	0.006368370264636546	2.4530914422337083e-5	0.04675721351057071	0.04967296519215964	0.020928164920599134	0.876052711361921
0.9999901659325223	2.1470827701774693e-8	4.9747878794104305e-12	4.945018446187004e-8	9.749381431946706e-6	1.2352562770329794e-8	1.4074960458622006e-9	2.1470827701774693e-8	0.9978135201283767	1.1084901519006758e-9	1.1018568794163535e-5	0.0021723726853087448	2.7524176936903376e-6	3.1362050875268514e-7	4.9747878794104305e-12	1.1084901519006758e-9	0.9999994922846758	2.553000901829413e-9	5.033384578621977e-7	6.377348079838448e-10	7.266582953150105e-11	4.945018446187004e-8	1.1018568794163535e-5	2.553000901829413e-9	0.9949786034332648	0.0050032644991867764	6.339185641075772e-6	7.223099278824693e-7	9.749381431946706e-6	0.0021723726853087448	5.033384578621977e-7	0.0050032644991867764	0.9914218966078405	0.0012498060311670297	0.00014240745662815683	1.2352562770329794e-8	2.7524176936903376e-6	6.377348079838448e-10	6.339185641075772e-6	0.0012498060311670297	0.9987409089435437	1.804316570483259e-7	1.4074960458622006e-9	3.1362050875268514e-7	7.266582953150105e-11	7.223099278824693e-7	0.00014240745662815683	1.804316570483259e-7	0.9998563747011164
0.9999998815764581	8.523280216805717e-12	1.1385480138529695e-15	1.5709014871599985e-11	1.1839887282340733e-7	1.1540948000795412e-13	3.2012017651408944e-13	8.523280216805717e-12	0.9999283772455615	6.886452084955431e-13	9.501520963444914e-9	7.161298027756425e-5	6.980486062549423e-11	1.936231261369042e-10	1.1385480138529695e-15	6.886452084955431e-13	0.9999999904318746	1.2692223588029373e-12	9.566131159262718e-9	9.324600787585653e-15	2.586436443383688e-14	1.5709014871599985e-11	9.501520963444914e-9	1.2692223588029373e-12	0.9998680021528576	0.00013198784312660553	1.286553493235747e-10	3.568612659211882e-10	1.1839887282340733e-7	7.161298027756425e-5	9.566131159262718e-9	0.00013198784312660553	0.9997926118720175	9.696755950083014e-7	2.6896639913295523e-6	1.1540948000795412e-13	6.980486062549423e-11	9.324600787585653e-15	1.286553493235747e-10	9.696755950083014e-7	0.9999990301231981	2.6217540356017123e-12	3.2012017651408944e-13	1.936231261369042e-10	2.586436443383688e-14	3.568612659211882e-10	2.6896639913295523e-6	2.6217540356017123e-12	0.9999973097825565
