0.23431872704043538	0.022129693363075353	0.00015982064814328565	0.18449026663154133	0.19796826194651246	0.14196935260920626	0.21896387776108664	0.022129693363075353	0.9019820210673254	1.631159870953138e-5	0.018829426798533336	0.02020501658333793	0.01448966160328154	0.022347868985737058	0.00015982064814328565	1.631159870953138e-5	0.9992759203479578	0.00013598612261520938	0.00014592063220735682	0.00010464433785048691	0.00016139631251652274	0.18449026663154133	0.018829426798533336	0.00013598612261520938	0.3209934592352037	0.16844467004565414	0.12079704353475618	0.18630914763169668	0.19796826194651246	0.02020501658333793	0.00014592063220735682	0.16844467004565414	0.28369419880701685	0.1296219101065814	0.19992002187869048	0.14196935260920626	0.01448966160328154	0.00010464433785048691	0.12079704353475618	0.1296219101065814	0.44964836592235935	0.14336902188596523	0.21896387776108664	0.022347868985737058	0.00016139631251652274	0.18630914763169668	0.19992002187869048	0.14336902188596523	0.22892866554430805
0.31759239261905414	0.007646204961782576	9.037016314479924e-6	0.03369700769360375	0.19844907791913305	0.21866971020970002	0.2239365695804114	0.007646204961782576	0.9758396394452541	2.211725403652592e-7	0.0008247028150608064	0.004856855976478766	0.005351737080580642	0.005480638548302938	9.037016314479924e-6	2.211725403652592e-7	0.9999712240640382	9.74712662236107e-7	5.740296907537436e-6	6.325194727285896e-6	6.477542810104648e-6	0.03369700769360375	0.0008247028150608064	9.74712662236107e-7	0.896334496772213	0.021404280165669996	0.02358523299857082	0.024153304842219437	0.19844907791913305	0.004856855976478766	5.740296907537436e-6	0.021404280165669996	0.49414131327062943	0.13889861626979771	0.14224411610138332	0.21866971020970002	0.005351737080580642	6.325194727285896e-6	0.02358523299857082	0.13889861626979771	0.456750539134066	0.15673783911255726	0.2239365695804114	0.005480638548302938	6.477542810104648e-6	0.024153304842219437	0.14224411610138332	0.15673783911255726	0.4474410542723152
0.2455389706619804	0.1284343047853183	0.0024852800562075957	0.016751070948805194	0.20674242798745102	0.16427530268954355	0.23577264287069288	0.1284343047853183	0.5320251059876298	0.0013479511681899921	0.009085344566089141	0.11213170790312003	0.08909864528629131	0.12787694030336094	0.0024852800562075957	0.0013479511681899921	0.9896225404253276	0.00017580681182973585	0.002169815126775821	0.0017241116891259694	0.002474494722543334	0.016751070948805194	0.009085344566089141	0.00017580681182973585	0.9310638903810008	0.014624801355335249	0.011620709366768065	0.016678376570171554	0.20674242798745102	0.11213170790312003	0.002169815126775821	0.014624801355335249	0.31506272895712795	0.1434232877864748	0.20584523088371423	0.16427530268954355	0.08909864528629131	0.0017241116891259694	0.011620709366768065	0.1434232877864748	0.4262955436308255	0.1635623995509701	0.23577264287069288	0.12787694030336094	0.002474494722543334	0.016678376570171554	0.20584523088371423	0.1635623995509701	0.24778991509854606
0.9429725553398934	0.013703093447166276	0.007887752794546687	0.0014938443393331716	0.014867584390152191	0.0044989337874127636	0.01457623590149568	0.013703093447166276	0.30116329623572513	0.12473734512156981	0.023623734385049805	0.2351167757793631	0.07114637985454875	0.2305093751765804	0.007887752794546687	0.12473734512156981	0.5448004977063284	0.013598256308457051	0.1353375434786944	0.04095316569819109	0.1326854388922143	0.0014938443393331716	0.023623734385049805	0.013598256308457051	0.9027678445645863	0.02563128288765338	0.007756030944366341	0.025129006570554308	0.014867584390152191	0.2351167757793631	0.1353375434786944	0.02563128288765338	0.26175630698161756	0.07719240991967907	0.2500980965628437	0.0044989337874127636	0.07114637985454875	0.04095316569819109	0.007756030944366341	0.07719240991967907	0.7227733495001757	0.07567973029562737	0.01457623590149568	0.2305093751765804	0.1326854388922143	0.025129006570554308	0.2500980965628437	0.07567973029562737	0.2713221166006875
0.2469350348017479	0.13376780421217296	0.044847153028126016	0.12161805257142833	0.18057686805056103	0.0867437910201351	0.18551129631582844	0.13376780421217296	0.38713411689503624	0.03469446691048073	0.09408564904912184	0.13969712122973138	0.0671063687220078	0.1435144729814489	0.044847153028126016	0.03469446691048073	0.771467096918174	0.03154326652446127	0.046835022898643885	0.022498160936126534	0.04811483278398759	0.12161805257142833	0.09408564904912184	0.03154326652446127	0.4342534595278001	0.1270088264800013	0.06101128688758209	0.13047945895960486	0.18057686805056103	0.13969712122973138	0.046835022898643885	0.1270088264800013	0.22155924698225593	0.09058874787871836	0.19373416648008776	0.0867437910201351	0.0671063687220078	0.022498160936126534	0.06101128688758209	0.09058874787871836	0.5789874761930494	0.09306416836238059	0.18551129631582844	0.1435144729814489	0.04811483278398759	0.13047945895960486	0.19373416648008776	0.09306416836238059	0.20558160411666163
0.9794014283441045	0.003368215206655627	0.0021678103446145245	0.00408398291727455	0.004251591364844593	0.002528844690398791	0.004198127132107616	0.003368215206655627	0.3420404751970178	0.08235638169286273	0.15515289739149274	0.16152044025211193	0.09607228744979793	0.15948930281006532	0.0021678103446145245	0.08235638169286273	0.5471808148731139	0.09985765021711755	0.10395585191626984	0.06183289540196703	0.10264859555405702	0.00408398291727455	0.15515289739149274	0.09985765021711755	0.2351907858199282	0.19584458780330344	0.11648827545020352	0.19338182040068502	0.004251591364844593	0.16152044025211193	0.10395585191626984	0.19584458780330344	0.21184022836634278	0.12126900529256777	0.2013182950045647	0.002528844690398791	0.09607228744979793	0.06183289540196703	0.11648827545020352	0.12126900529256777	0.48206465760772604	0.11974403410734182	0.004198127132107616	0.15948930281006532	0.10264859555405702	0.19338182040068502	0.2013182950045647	0.11974403410734182	0.21921982499118353
0.9999299160043875	1.7453516451467363e-5	1.0948010665995704e-5	1.9532849765412217e-5	1.955442410405591e-5	2.4896964375971957e-6	1.0549818787559715e-7	1.7453516451467363e-5	0.33635037753636443	0.13804647382584007	0.24629506822277167	0.24656710498504275	0.031393266283029346	0.0013302556305024975	1.0948010665995704e-5	0.13804647382584007	0.5322601435616415	0.1544927087548794	0.1546633483725844	0.0196919523388167	0.0008344251355730537	1.9532849765412217e-5	0.24629506822277167	0.1544927087548794	0.2866286363174666	0.2759419989752583	0.03513331858695097	0.0014887362929098715	1.955442410405591e-5	0.24656710498504275	0.1546633483725844	0.2759419989752583	0.2861454887296731	0.035172123887865836	0.0014903806254737391	2.4896964375971957e-6	0.031393266283029346	0.0196919523388167	0.03513331858695097	0.035172123887865836	0.8784170918755583	0.00018975733134151513	1.0549818787559715e-7	0.0013302556305024975	0.0008344251355730537	0.0014887362929098715	0.0014903806254737391	0.00018975733134151513	0.9946663394860116
0.9999372490010542	2.10036520913861e-5	6.79381562135226e-7	2.575229938805566e-5	1.0800106936488083e-5	4.4491288283191835e-6	6.643013932165516e-8	2.10036520913861e-5	0.4601701760012485	0.008784657882601	0.3329868698576126	0.13964942503645622	0.05752890100456107	0.0008589665654160128	6.79381562135226e-7	0.008784657882601	0.9740382201125878	0.010770752573413757	0.004517083225324584	0.0018608227970234952	2.7784027486990677e-5	2.575229938805566e-5	0.3329868698576126	0.010770752573413757	0.4134057261453927	0.17122230873284883	0.0705354228726183	0.001053167518709517	1.0800106936488083e-5	0.13964942503645622	0.004517083225324584	0.17122230873284883	0.6545772606906529	0.02958144041257985	0.0004416817951943427	4.4491288283191835e-6	0.05752890100456107	0.0018608227970234952	0.0705354228726183	0.02958144041257985	0.8403070119556217	0.00018195182876419922	6.643013932165516e-8	0.0008589665654160128	2.7784027486990677e-5	0.001053167518709517	0.0004416817951943427	0.00018195182876419922	0.9974363818342897
0.2703947887502546	0.05070751839644293	0.00011797916443185935	0.15689348121830146	0.16619517290429872	0.2043788443244053	0.15131221524185823	0.05070751839644293	0.8194784004769401	2.2559152850320924e-5	0.030000077056545373	0.03177868165610724	0.03907989695205151	0.028932866309061233	0.00011797916443185935	2.2559152850320924e-5	0.9995574809154263	6.979998501111625e-5	7.393819352825186e-5	9.092564050244733e-5	6.731694824965424e-5	0.15689348121830146	0.030000077056545373	6.979998501111625e-5	0.5042732140673432	0.09832601064351429	0.120916607090162	0.08952080993911858	0.16619517290429872	0.03177868165610724	7.393819352825186e-5	0.09832601064351429	0.480712646357251	0.1280853497946763	0.09482820045062	0.2043788443244053	0.03907989695205151	9.092564050244733e-5	0.120916607090162	0.1280853497946763	0.39083320814743194	0.11661516805076516	0.15131221524185823	0.028932866309061233	6.731694824965424e-5	0.08952080993911858	0.09482820045062	0.11661516805076516	0.5187234230603233
0.4022915856037246	0.0001501437781594127	3.8425670945249994e-8	0.0005353672578264617	0.09279810711867367	0.2712168318870276	0.23300792592892824	0.0001501437781594127	0.9996239725608074	1.4525330260754632e-11	2.023747676860074e-7	3.507871483603189e-5	0.0001025229737965481	8.807958310769624e-5	3.8425670945249994e-8	1.4525330260754632e-11	0.9999999037503441	5.179293025693999e-11	8.977549186490332e-9	2.623827709498512e-8	2.254184035450127e-8	0.0005353672578264617	2.023747676860074e-7	5.179293025693999e-11	0.9986597192241808	0.00012508007724371676	0.0003655658863692392	0.00031406512781901154	0.09279810711867367	3.507871483603189e-5	8.977549186490332e-9	0.00012508007724371676	0.7892375995626966	0.06336551551537337	0.05443861003362995	0.2712168318870276	0.0001025229737965481	2.623827709498512e-8	0.0003655658863692392	0.06336551551537337	0.5058442733500481	0.15910526414911533	0.23300792592892824	8.807958310769624e-5	2.254184035450127e-8	0.00031406512781901154	0.05443861003362995	0.15910526414911533	0.553046032635566
0.42583171814998017	8.07425749447252e-5	1.56043255447709e-8	0.0005473877099225956	0.05464367250122028	0.2940473152543122	0.22484914820530685	8.07425749447252e-5	0.9998090867603922	2.9945588421176076e-12	1.0504681551997724e-7	1.0486431610569839e-5	5.64293525772294e-5	4.314983066515482e-5	1.56043255447709e-8	2.9945588421176076e-12	0.9999999631010766	2.0301367747280427e-11	2.0266097875418066e-9	1.0905547519366905e-8	8.339144563593104e-9	0.0005473877099225956	1.0504681551997724e-7	2.0301367747280427e-11	0.9987063263524988	7.10919089278405e-5	0.0003825581993243361	0.0002925307622096084	0.05464367250122028	1.0486431610569839e-5	2.0266097875418066e-9	7.10919089278405e-5	0.8778831351999983	0.03818935752045217	0.029202254411182463	0.2940473152543122	5.64293525772294e-5	1.0905547519366905e-8	0.0003825581993243361	0.03818935752045217	0.5101818067531951	0.15714252201459994	0.22484914820530685	4.314983066515482e-5	8.339144563593104e-9	0.0002925307622096084	0.029202254411182463	0.15714252201459994	0.5884703864368979
0.40809284713604266	0.0003720409178421565	1.0954952520628633e-7	0.00304116350067682	0.06379836044590052	0.302480025178651	0.2222154532713561	0.0003720409178421565	0.9990818414376136	1.0113842349912076e-10	2.8076660440320275e-6	5.889998687969464e-5	0.0002792559148835784	0.00020515397559858918	1.0954952520628633e-7	1.0113842349912076e-10	0.9999997295419769	8.267329406815817e-10	1.7343429950531916e-8	8.222846310556181e-8	6.040873340319685e-8	0.00304116350067682	2.8076660440320275e-6	8.267329406815817e-10	0.9925148655178246	0.0004814644887121447	0.0022827136881012717	0.001676984311908061	0.06379836044590052	5.889998687969464e-5	1.7343429950531916e-8	0.0004814644887121447	0.8525936291102809	0.04788739264951217	0.035180235975283886	0.302480025178651	0.0002792559148835784	8.222846310556181e-8	0.0022827136881012717	0.04788739264951217	0.4802744153741022	0.16679611496628252	0.2222154532713561	0.00020515397559858918	6.040873340319685e-8	0.001676984311908061	0.035180235975283886	0.16679611496628252	0.5739259970908346
0.36390204348127214	0.000661188698753667	2.744263100825907e-7	0.00185845936093685	0.13049294217770407	0.26130091411447054	0.2417841777405374	0.000661188698753667	0.9981677365070615	5.057525010733091e-10	3.425037743844748e-6	0.00024049127016621035	0.0004815631227427239	0.0004455948577795923	2.744263100825907e-7	5.057525010733091e-10	0.999999239013659	1.4215616082196426e-9	9.981588010078268e-8	1.9987273087886016e-7	1.8494410573370698e-7	0.00185845936093685	3.425037743844748e-6	1.4215616082196426e-9	0.99485610303177	0.0006759692854800295	0.001353570463364235	0.0012524713991433976	0.13049294217770407	0.00024049127016621035	9.981588010078268e-8	0.0006759692854800295	0.6856055599133324	0.0950418372991472	0.08794310023828447	0.26130091411447054	0.0004815631227427239	1.9987273087886016e-7	0.001353570463364235	0.0950418372991472	0.4657234066654371	0.17609850846209618	0.2417841777405374	0.0004455948577795923	1.8494410573370698e-7	0.0012524713991433976	0.08794310023828447	0.17609850846209618	0.492475962358043
0.30911180955588885	0.002871677105267623	4.861196043959834e-6	0.09530364767919432	0.18372831006214457	0.20191209258410783	0.20706760181736525	0.002871677105267623	0.9906281794488386	4.592690871765111e-8	0.0009003960934387909	0.001735801899114302	0.0019075960239502037	0.001956303502481752	4.861196043959834e-6	4.592690871765111e-8	0.9999840894643423	1.5241971039824233e-6	2.938378172669255e-6	3.2291925258902103e-6	3.311644902417673e-6	0.09530364767919432	0.0009003960934387909	1.5241971039824233e-6	0.717954606657836	0.05760684316861903	0.0633082525355299	0.06492472966828192	0.18372831006214457	0.001735801899114302	2.938378172669255e-6	0.05760684316861903	0.5097159556922538	0.12204693665549654	0.1251632141442066	0.20191209258410783	0.0019075960239502037	3.2291925258902103e-6	0.0633082525355299	0.12204693665549654	0.473271144983439	0.13755074802495887	0.20706760181736525	0.001956303502481752	3.311644902417673e-6	0.06492472966828192	0.1251632141442066	0.13755074802495887	0.46333409119781166
0.7215847163647696	0.014167261513989875	0.0009967448939201613	0.06729629159873965	0.06667270240475799	0.061593028759791224	0.06768925446403323	0.014167261513989875	0.8027723575466151	0.0006905046952317565	0.046620158883239005	0.046188161419327634	0.042669168221078545	0.04689238772051929	0.0009967448939201613	0.0006905046952317565	0.9854820249547166	0.0032799850044928267	0.0032495916030641225	0.0030020110456902833	0.003299137802884315	0.06729629159873965	0.046620158883239005	0.0032799850044928267	0.23797516525329204	0.21939963317648617	0.20268396853166384	0.22274479755209234	0.06667270240475799	0.046188161419327634	0.0032495916030641225	0.21939963317648617	0.24300330579480828	0.20080583335412266	0.2206807722474392	0.061593028759791224	0.042669168221078545	0.0030020110456902833	0.20268396853166384	0.20080583335412266	0.2853784901736391	0.2038674999140197	0.06768925446403323	0.04689238772051929	0.003299137802884315	0.22274479755209234	0.2206807722474392	0.2038674999140197	0.23482615029901793
0.9999999993134117	9.99301963029704e-15	2.2353241320381223e-14	6.812088500023005e-10	1.1862525350091166e-16	5.346939762114807e-12	1.2356750488500808e-16	9.99301963029704e-15	0.9999854040242777	4.752077467631216e-10	1.4481824718168868e-5	2.5218552699994262e-12	1.1367063773950188e-7	2.6269226340792832e-12	2.2353241320381223e-14	4.752077467631216e-10	0.9999673510604375	3.2394184606947284e-5	5.641101640035173e-12	2.542682082530033e-7	5.876125309662807e-12	6.812088500023005e-10	1.4481824718168868e-5	3.2394184606947284e-5	0.992204018967544	1.7191101307758423e-7	0.007748753357672778	1.7907329444052843e-7	1.1862525350091166e-16	2.5218552699994262e-12	5.641101640035173e-12	1.7191101307758423e-7	0.9999998267314298	1.349362726815527e-9	3.1183703717559354e-14	5.346939762114807e-12	1.1367063773950188e-7	2.542682082530033e-7	0.007748753357672778	1.349362726815527e-9	0.9922508759431913	1.4055808558178895e-9	1.2356750488500808e-16	2.6269226340792832e-12	5.876125309662807e-12	1.7907329444052843e-7	3.1183703717559354e-14	1.4055808558178895e-9	0.9999998195125904
0.9999999665281731	2.6400198175001078e-9	5.618019167123036e-9	1.2654998317360507e-8	5.481634785254962e-12	1.2548080771589104e-8	5.227064285395549e-12	2.6400198175001078e-9	0.8092486674067189	0.034757762637484625	0.07829439783094118	3.391397484833436e-5	0.07763291652104244	3.233898894219861e-5	5.618019167123036e-9	0.034757762637484625	0.6332845527457873	0.16661216888481403	7.216967064727847e-5	0.1652045223766057	6.881806663659422e-5	1.2654998317360507e-8	0.07829439783094118	0.16661216888481403	0.3826405880508936	0.00016256745187885713	0.37213524740730125	0.00015501771916098383	5.481634785254962e-12	3.391397484833436e-5	7.216967064727847e-5	0.00016256745187885713	0.9995700877719861	0.00016119397773517796	6.714742273161905e-8	1.2548080771589104e-8	0.07763291652104244	0.1652045223766057	0.37213524740730125	0.00016119397773517796	0.38471239913921945	0.00015370803000353558	5.227064285395549e-12	3.233898894219861e-5	6.881806663659422e-5	0.00015501771916098383	6.714742273161905e-8	0.00015370803000353558	0.9995900500426069
0.9999957160703481	7.92255634883512e-7	8.100452765753102e-7	8.128515011800479e-7	8.922915442682655e-7	8.84670786424489e-7	9.181490868924066e-8	7.92255634883512e-7	0.2825237183969341	0.16644956784394424	0.167026195948865	0.18334967961565585	0.18178375251698456	0.018866293421975763	8.100452765753102e-7	0.16644956784394424	0.2701507324959565	0.1707766724973988	0.1874666905412368	0.1858656014559866	0.019289925120194763	8.128515011800479e-7	0.167026195948865	0.1707766724973988	0.26821394782809804	0.18811612786872758	0.18650949216069548	0.019356750844708212	8.922915442682655e-7	0.18334967961565585	0.1874666905412368	0.18811612786872758	0.21508104206399123	0.20473707994530044	0.021248487673537552	8.84670786424489e-7	0.18178375251698456	0.1858656014559866	0.18650949216069548	0.20473707994530044	0.2200361776650358	0.021067011585204458	9.181490868924066e-8	0.018866293421975763	0.019289925120194763	0.019356750844708212	0.021248487673537552	0.021067011585204458	0.9001714395394699
0.9999999865796849	3.720520360539674e-12	6.52556906881196e-11	1.2524405913577877e-8	2.814115154375357e-12	8.239426023189414e-10	1.764398164033794e-13	3.720520360539674e-12	0.9997045061897585	1.4372240334665633e-6	0.00027584379222825404	6.19794824046981e-8	1.8146924777939073e-5	3.885998936205146e-9	6.52556906881196e-11	1.4372240334665633e-6	0.994840987013738	0.004838134303684839	1.0870828649958152e-6	0.0003182861523375712	6.815808543474326e-8	1.2524405913577877e-8	0.00027584379222825404	0.004838134303684839	0.9335762043197844	0.00020864183520750805	0.06108808176744003	1.308145725338951e-5	2.814115154375357e-12	6.19794824046981e-8	1.0870828649958152e-6	0.00020864183520750805	0.9997764802480937	1.3725912258010193e-5	2.9392793041119566e-9	8.239426023189414e-10	1.8146924777939073e-5	0.0003182861523375712	0.06108808176744003	1.3725912258010193e-5	0.938560897829927	8.605893170387245e-7	1.764398164033794e-13	3.885998936205146e-9	6.815808543474326e-8	1.308145725338951e-5	2.9392793041119566e-9	8.605893170387245e-7	0.9999859829698893
0.9999999999998861	1.8999654244453235e-22	5.6268067849433e-21	1.1394859931054355e-13	4.054941913939522e-24	1.9095565257218947e-20	2.5949624500136554e-24	1.8999654244453235e-22	0.9999999983409489	8.192429331740065e-17	1.6590508311043764e-9	5.903850326468084e-20	2.780245970734419e-16	3.7781724702441775e-20	5.6268067849433e-21	8.192429331740065e-17	0.9999999508666846	4.913330712715068e-8	1.7484436635976444e-18	8.233785041907693e-15	1.1189175453791379e-18	1.1394859931054355e-13	1.6590508311043764e-9	4.913330712715068e-8	0.9999997824068863	3.54077746144529e-11	1.667425785900592e-7	2.2659226078478022e-11	4.054941913939522e-24	5.903850326468084e-20	1.7484436635976444e-18	3.54077746144529e-11	0.9999999999645923	5.93365319849635e-18	8.063446687277557e-22	1.9095565257218947e-20	2.780245970734419e-16	8.233785041907693e-15	1.667425785900592e-7	5.93365319849635e-18	0.9999998332574127	3.7972448356336926e-18	2.5949624500136554e-24	3.7781724702441775e-20	1.1189175453791379e-18	2.2659226078478022e-11	8.063446687277557e-22	3.7972448356336926e-18	0.9999999999773408
0.9999999977953622	2.2929587908295587e-11	4.120150440140877e-10	1.7682544972176247e-9	3.819452264478774e-14	1.3596989955870647e-12	4.086674154715827e-14	2.2929587908295587e-11	0.9872317750359031	0.002411275951748611	0.010348528791988484	2.235295416512641e-7	7.957499458596775e-6	2.391684297712664e-7	4.120150440140877e-10	0.002411275951748611	0.8114877430694118	0.1859496805073251	4.016536813056937e-6	0.0001429859752730086	4.297547409621692e-6	1.7682544972176247e-9	0.010348528791988484	0.1859496805073251	0.8030524509664377	1.723786397150399e-5	0.0006136562183561931	1.8443883650543785e-5	3.819452264478774e-14	2.235295416512641e-7	4.016536813056937e-6	1.723786397150399e-5	0.9999785084161927	1.3255052575859955e-8	3.983902389938756e-10	1.3596989955870647e-12	7.957499458596775e-6	0.0001429859752730086	0.0006136562183561931	1.3255052575859955e-8	0.9992353728680785	1.418242120341268e-8	4.086674154715827e-14	2.391684297712664e-7	4.297547409621692e-6	1.8443883650543785e-5	3.983902389938756e-10	1.418242120341268e-8	0.9999770048196578
0.9999999062560104	3.011444145206776e-8	3.018754202265885e-8	1.7046282677565054e-12	3.0502783088698047e-8	1.1246109761240452e-11	2.926272351470453e-9	3.011444145206776e-8	0.3362174906336121	0.3149159793350982	1.7782656167895264e-5	0.31820456934232233	0.0001173192460158805	0.0305268286723323	3.018754202265885e-8	0.3149159793350982	0.3353706430357243	1.7825822245359036e-5	0.3189769873073255	0.0001176040297744877	0.030600930282280323	1.7046282677565054e-12	1.7782656167895264e-5	1.7825822245359036e-5	0.9999446449346577	1.8011972916501263e-5	6.640857125936098e-9	1.727971450595986e-6	3.0502783088698047e-8	0.31820456934232233	0.3189769873073255	1.8011972916501263e-5	0.33176108047485603	0.00011883213969111449	0.03092048826009569	1.1246109761240452e-11	0.0001173192460158805	0.0001176040297744877	6.640857125936098e-9	0.00011883213969111449	0.9996348378184049	1.1400114010351616e-5	2.926272351470453e-9	0.0305268286723323	0.030600930282280323	1.727971450595986e-6	0.03092048826009569	1.1400114010351616e-5	0.9079386217735573
0.9999975748113702	7.023705670634665e-7	7.015033778453225e-7	1.8684399155415944e-12	7.000724953634563e-7	2.7967115152334914e-10	3.2096064996473237e-7	7.023705670634665e-7	0.2992371767155214	0.285338890688323	7.599943060231089e-7	0.28475687436028324	0.00011375719441053646	0.130551838676582	7.015033778453225e-7	0.285338890688323	0.2997500842492363	7.590559710487528e-7	0.28440529628623323	0.00011361674289234206	0.1303906514739597	1.8684399155415944e-12	7.599943060231089e-7	7.590559710487528e-7	0.9999973758447058	7.57507696405991e-7	3.02615873562745e-10	3.47292836387649e-7	7.000724953634563e-7	0.28475687436028324	0.28440529628623323	7.57507696405991e-7	0.3005982979570559	0.00011338499460404345	0.1301246888216254	2.7967115152334914e-10	0.00011375719441053646	0.00011361674289234206	3.02615873562745e-10	0.00011338499460404345	0.9996072571243607	5.198336144525686e-5	3.2096064996473237e-7	0.130551838676582	0.1303906514739597	3.47292836387649e-7	0.1301246888216254	5.198336144525686e-5	0.6088801694128984
0.949629035238302	0.009370104472239902	0.008173554341028996	0.00273569766251061	0.01078086820948097	0.008815869482859003	0.010494870593578521	0.009370104472239902	0.2953190422995167	0.138610775545837	0.046393179617839404	0.1828267655935702	0.14950344184977	0.1779766906212286	0.008173554341028996	0.138610775545837	0.3676054669320704	0.04046883103416273	0.1594800258631905	0.13041204713887822	0.1552492991448338	0.00273569766251061	0.046393179617839404	0.04046883103416273	0.7614129829393326	0.053378140741171844	0.04364905616766694	0.05196211183731648	0.01078086820948097	0.1828267655935702	0.1594800258631905	0.053378140741171844	0.2167486301410621	0.1720126929450212	0.20477287650650514	0.008815869482859003	0.14950344184977	0.13041204713887822	0.04364905616766694	0.1720126929450212	0.328157395971413	0.1674494964443931	0.010494870593578521	0.1779766906212286	0.1552492991448338	0.05196211183731648	0.20477287650650514	0.1674494964443931	0.23209465485214614
0.25202013568803316	0.004726962282224999	2.358760809238824e-5	0.11627321844525768	0.18111746276460622	0.2036809741057598	0.24215765910602394	0.004726962282224999	0.9809100644374112	4.5581817959065225e-7	0.0022469190839221466	0.0035000001630551805	0.003936028208985645	0.004679570006221246	2.358760809238824e-5	4.5581817959065225e-7	0.9999042874101317	1.1212157745823298e-5	1.746504990739652e-5	1.9640835972661363e-5	2.3351119970368228e-5	0.11627321844525768	0.0022469190839221466	1.1212157745823298e-5	0.5834506986725568	0.08609255991900927	0.09681792246809816	0.11510746925340914	0.18111746276460622	0.0035000001630551805	1.746504990739652e-5	0.08609255991900927	0.39915875282818486	0.1508121706961961	0.17930158857903952	0.2036809741057598	0.003936028208985645	1.9640835972661363e-5	0.09681792246809816	0.1508121706961961	0.34309438434647904	0.20163887933850688	0.24215765910602394	0.004679570006221246	2.3351119970368228e-5	0.11510746925340914	0.17930158857903952	0.20163887933850688	0.257091482596827
0.31057179870353757	0.0015210754379550513	2.268340885695214e-6	0.06912418274123934	0.17363456552771384	0.22854288100933454	0.2166032282393478	0.0015210754379550513	0.9950526544834074	1.1297961908896376e-8	0.00034428792802663805	0.0008648244713883226	0.0011383072008603907	0.0010788391804003987	2.268340885695214e-6	1.1297961908896376e-8	0.9999926108690894	5.134277788641752e-7	1.2896906086638506e-6	1.6975284063913737e-6	1.6088452688987905e-6	0.06912418274123934	0.00034428792802663805	5.134277788641752e-7	0.7904730601265494	0.039301328065432004	0.05172955463256089	0.04902707307841609	0.17363456552771384	0.0008648244713883226	1.2896906086638506e-6	0.039301328065432004	0.5331051876308335	0.12994061394100476	0.12315219067302675	0.22854288100933454	0.0011383072008603907	1.6975284063913737e-6	0.05172955463256089	0.12994061394100476	0.4265504393068482	0.16209650638099543	0.2166032282393478	0.0010788391804003987	1.6088452688987905e-6	0.04902707307841609	0.12315219067302675	0.16209650638099543	0.4480405536025543
0.31812780600201074	0.027449815421339507	0.00011875402681570303	0.15945291714724547	0.16984365676051483	0.1534971276541375	0.1715099229879372	0.027449815421339507	0.8465634834881024	2.286203615510639e-5	0.030697218903700113	0.03269760129987372	0.029550634839355508	0.03301838401147374	0.00011875402681570303	2.286203615510639e-5	0.9993134362610151	0.00013280301892389259	0.00014145711954608427	0.00012784264040645508	0.00014284489713768688	0.15945291714724547	0.030697218903700113	0.00013280301892389259	0.2563238866365441	0.18993672019117736	0.17165634290659731	0.19180011119581283	0.16984365676051483	0.03269760129987372	0.00014145711954608427	0.18993672019117736	0.22023949287942216	0.18284231801460651	0.20429875373486053	0.1534971276541375	0.029550634839355508	0.00012784264040645508	0.17165634290659731	0.18284231801460651	0.2776896251861309	0.18463610875876685	0.1715099229879372	0.03301838401147374	0.00014284489713768688	0.19180011119581283	0.20429875373486053	0.18463610875876685	0.2145938744140123
0.29530809252649487	0.06328187842384808	0.0014746641679546685	0.2048081459424222	0.21048915134587343	0.18626418458013355	0.03837388301327546	0.06328187842384808	0.722443373704884	0.0004926385283551851	0.06841990590452214	0.0703177496321661	0.06222495655000977	0.012819497256215416	0.0014746641679546685	0.0004926385283551851	0.993050910665085	0.0015943961545586097	0.0016386218035317505	0.0014500346080475231	0.0002987340724672583	0.2048081459424222	0.06841990590452214	0.0015943961545586097	0.2547211730503261	0.2275793368924404	0.20138747931908063	0.04148956273665228	0.21048915134587343	0.0703177496321661	0.0016386218035317505	0.2275793368924404	0.24036113093947237	0.20697360165290984	0.04264040773360867	0.18626418458013355	0.06222495655000977	0.0014500346080475231	0.20138747931908063	0.20697360165290984	0.30396677355774093	0.037732969732079964	0.03837388301327546	0.012819497256215416	0.0002987340724672583	0.04148956273665228	0.04264040773360867	0.037732969732079964	0.8266449454557014
0.9862119859207458	0.0024434215755486373	0.0006288875729749411	0.0035256536988114225	0.003303707909596717	0.003337644690596027	0.0005486986317265682	0.0024434215755486373	0.4327401815616975	0.03131060131806788	0.1755327058330257	0.1644826288097952	0.1661722488079476	0.027318212093919828	0.0006288875729749411	0.03131060131806788	0.8307468488716793	0.04517858827708403	0.042334520683563984	0.04276939489050446	0.00703115838612597	0.0035256536988114225	0.1755327058330257	0.04517858827708403	0.25923771720729344	0.2373347253935376	0.2397727062379746	0.03941790335227652	0.003303707909596717	0.1644826288097952	0.042334520683563984	0.2373347253935376	0.29092932281707257	0.22467861388963264	0.036936480496804536	0.003337644690596027	0.1661722488079476	0.04276939489050446	0.2397727062379746	0.22467861388963264	0.28595348723486586	0.03731590424848189	0.0005486986317265682	0.027318212093919828	0.00703115838612597	0.03941790335227652	0.036936480496804536	0.03731590424848189	0.8514316427906651
0.9690229995167071	0.0053267998014864286	0.004775377549213249	0.005043563114724968	0.005460032536559603	0.005061809676353482	0.005309417804955199	0.0053267998014864286	0.1982693030402671	0.14826898774686628	0.15659578534914062	0.16952659531475625	0.15716231630813596	0.1648502124393478	0.004775377549213249	0.14826898774686628	0.26591467003301406	0.14038522668883305	0.1519774587801748	0.14089311122051107	0.147785167981388	0.005043563114724968	0.15659578534914062	0.14038522668883305	0.2325724271839121	0.16051252439707253	0.14880567903739578	0.15608479422892163	0.005460032536559603	0.16952659531475625	0.1519774587801748	0.16051252439707253	0.18245675428198	0.16109322530274944	0.16897340938670807	0.005061809676353482	0.15716231630813596	0.14089311122051107	0.14880567903739578	0.16109322530274944	0.23033438192645805	0.15664947652839695	0.005309417804955199	0.1648502124393478	0.147785167981388	0.15608479422892163	0.16897340938670807	0.15664947652839695	0.20034752163028308
0.9811823651536072	0.0036735829124815676	0.003446353981627112	0.0012343691221790181	0.003727214024635624	0.003246609718597296	0.0034895050868722736	0.0036735829124815676	0.2124233112514211	0.1783939728810973	0.0638947748493623	0.1929321599515354	0.16805459020826097	0.18062760794584484	0.003446353981627112	0.1783939728810973	0.2501042185616289	0.05994257294672467	0.18099836956823528	0.15765959824320663	0.16945491381748332	0.0012343691221790181	0.0638947748493623	0.05994257294672467	0.6929391853257262	0.06482758293281711	0.05646841297326144	0.06069310184993056	0.003727214024635624	0.1929321599515354	0.18099836956823528	0.06482758293281711	0.20374201885228846	0.17050804091025554	0.18326461376023614	0.003246609718597296	0.16805459020826097	0.15765959824320663	0.05646841297326144	0.17050804091025554	0.284429125574245	0.15963362237217626	0.0034895050868722736	0.18062760794584484	0.16945491381748332	0.06069310184993056	0.18326461376023614	0.15963362237217626	0.24283663516745987
0.9481483038598254	0.009749132014633562	0.003843754680050068	0.009826058511941287	0.009952369844978848	0.00953172067979696	0.008948660408773864	0.009749132014633562	0.2108709155785931	0.07115351289931045	0.18189469393236263	0.18423290118353408	0.17644607078142743	0.16565277361013736	0.003843754680050068	0.07115351289931045	0.6457728802342214	0.07171495678070092	0.07263683321555961	0.06956674802685489	0.0653113141633022	0.009826058511941287	0.18189469393236263	0.07171495678070092	0.20607947213162806	0.18568660924242758	0.17783833607935878	0.16695987332157933	0.009952369844978848	0.18423290118353408	0.07263683321555961	0.18568660924242758	0.19826078908929337	0.1801243999439356	0.1691060974802695	0.00953172067979696	0.17644607078142743	0.06956674802685489	0.17783833607935878	0.1801243999439356	0.2245341044273273	0.16195862006129771	0.008948660408773864	0.16565277361013736	0.0653113141633022	0.16695987332157933	0.1691060974802695	0.16195862006129771	0.26206266095463854
0.9950257208912997	0.0001651240920017386	7.776563961466815e-6	0.0017987929161172385	0.0018454402451709082	0.0006461923850271401	0.0005109529064218272	0.0001651240920017386	0.9140034531876992	0.00013879227148438152	0.032103967252760233	0.03293650573506663	0.011532922429266582	0.009119235031721616	7.776563961466815e-6	0.00013879227148438152	0.9958177134589601	0.001511945057389308	0.0015511536833357268	0.000543146114213803	0.0004294728506551626	0.0017987929161172385	0.032103967252760233	0.001511945057389308	0.38081277210489906	0.3587965419199329	0.1256348417508689	0.09934113899803483	0.0018454402451709082	0.03293650573506663	0.0015511536833357268	0.3587965419199329	0.37406017156797167	0.1288928764869677	0.10191731036155693	0.0006461923850271401	0.011532922429266582	0.000543146114213803	0.1256348417508689	0.1288928764869677	0.6970630404340359	0.03568698039962088	0.0005109529064218272	0.009119235031721616	0.0004294728506551626	0.09934113899803483	0.10191731036155693	0.03568698039962088	0.7529949094519894
0.997360535712784	8.592417290863522e-5	8.164369212882342e-7	0.0011865733916128225	0.0011893042101886317	0.0001040048253943147	7.28412501903422e-5	8.592417290863522e-5	0.930727439212749	2.2120868309531825e-5	0.03214949379560848	0.032223483685724405	0.002817948314333101	0.0019735899503660046	8.164369212882342e-7	2.2120868309531825e-5	0.999319873193997	0.0003054790386329561	0.0003061820780227787	2.6775667058789614e-5	1.8752717057580037e-5	0.0011865733916128225	0.03214949379560848	0.0003054790386329561	0.45519798926737537	0.4449915202233837	0.038914572879081254	0.027254371404294597	0.0011893042101886317	0.032223483685724405	0.0003061820780227787	0.4449915202233837	0.45496828215994334	0.03900413214211465	0.02731709550061172	0.0001040048253943147	0.002817948314333101	2.6775667058789614e-5	0.038914572879081254	0.03900413214211465	0.9167436822149254	0.0023888839570914504	7.28412501903422e-5	0.0019735899503660046	1.8752717057580037e-5	0.027254371404294597	0.02731709550061172	0.0023888839570914504	0.9409744652203877
0.9974390822658882	3.193806135925233e-5	1.6344401727564032e-7	0.001162448815662015	0.0012548388565556874	4.817036462466572e-5	6.335819189291539e-5	3.193806135925233e-5	0.974998687522751	1.6137317778243082e-6	0.011477205621815109	0.012389400191122403	0.0004756004498660376	0.000625554421307817	1.6344401727564032e-7	1.6137317778243082e-6	0.9998704495363183	5.873495491249001e-5	6.340313884724893e-5	2.4339000188465637e-6	3.2012941077736575e-6	0.001162448815662015	0.011477205621815109	5.873495491249001e-5	0.49628621745672885	0.4509366870121803	0.017310417606638335	0.02276828853203857	0.0012548388565556874	0.012389400191122403	6.340313884724893e-5	0.4509366870121803	0.49209155705648583	0.01868622888453366	0.024577884860248513	4.817036462466572e-5	0.0004756004498660376	2.4339000188465637e-6	0.017310417606638335	0.01868622888453366	0.9625336605772957	0.0009434882170216582	6.335819189291539e-5	0.000625554421307817	3.2012941077736575e-6	0.02276828853203857	0.024577884860248513	0.0009434882170216582	0.9510182244833815
0.2696154938222499	0.03223437048787446	0.0001943200852044034	0.1925821991712744	0.2074370215928798	0.09126745054084177	0.20666914429967656	0.03223437048787446	0.8514956788547677	3.236207452158371e-5	0.032072646914267755	0.03454656961611924	0.015199684750502294	0.034418687301947054	0.0001943200852044034	3.236207452158371e-5	0.9990725969086872	0.0001933451588097764	0.00020825883210126271	9.162902799385295e-5	0.00020748791268171258	0.1925821991712744	0.032072646914267755	0.0001933451588097764	0.272313710342896	0.20639628600777044	0.09080955116101706	0.20563226124396572	0.2074370215928798	0.03454656961611924	0.00020825883210126271	0.20639628600777044	0.23210402083009732	0.09781414329096202	0.22149369983007114	0.09126745054084177	0.015199684750502294	9.162902799385295e-5	0.09080955116101706	0.09781414329096202	0.6073654801688032	0.09745206105988048	0.20666914429967656	0.034418687301947054	0.00020748791268171258	0.20563226124396572	0.22149369983007114	0.09745206105988048	0.23412665835177862
0.9356832984336021	0.0002170674414362118	7.204458055471024e-7	0.026160531550160394	0.026697806927043575	0.002272881517174681	0.008967693684776668	0.0002170674414362118	0.9919461571840503	8.808118836647786e-8	0.0031983678570895826	0.0032640547599926827	0.0002778808669680848	0.0010963838092746662	7.204458055471024e-7	8.808118836647786e-8	0.9999731815451582	1.0615367703193754e-5	1.0833382221459613e-5	9.222852756007631e-7	3.638892647536024e-6	0.026160531550160394	0.0031983678570895826	1.0615367703193754e-5	0.41162955377020377	0.3933773161247336	0.033489643308117906	0.13213397202197882	0.026697806927043575	0.0032640547599926827	1.0833382221459613e-5	0.3933773161247336	0.40762485656953895	0.03417744128712885	0.13484769094932783	0.002272881517174681	0.0002778808669680848	9.222852756007631e-7	0.033489643308117906	0.03417744128712885	0.9183011557902285	0.011480074945105266	0.008967693684776668	0.0010963838092746662	3.638892647536024e-6	0.13213397202197882	0.13484769094932783	0.011480074945105266	0.7114705456968848
0.26238538142405177	0.013389401811884798	8.432002118276291e-6	0.2181131283133728	0.2480317119406794	0.09780341036738541	0.16026853414049902	0.013389401811884798	0.9471575431128219	4.593436354698496e-7	0.011881979617392163	0.013511831078374142	0.005327960483089662	0.008730824552801456	8.432002118276291e-6	4.593436354698496e-7	0.9999662633045096	7.48270002728845e-6	8.50910218957752e-6	3.355293590459537e-6	5.498253929326019e-6	0.2181131283133728	0.011881979617392163	7.48270002728845e-6	0.320872540708397	0.2201074989870051	0.0867923858603754	0.1422249838134228	0.2480317119406794	0.013511831078374142	8.50910218957752e-6	0.2201074989870051	0.25790876051243844	0.09869769974339074	0.16173398863591398	0.09780341036738541	0.005327960483089662	3.355293590459537e-6	0.0867923858603754	0.09869769974339074	0.6476005380788213	0.06377465017334352	0.16026853414049902	0.008730824552801456	5.498253929326019e-6	0.1422249838134228	0.16173398863591398	0.06377465017334352	0.4632615204300844
0.28395027816617413	0.021994063720060106	2.0664273926015197e-6	0.1771925456812078	0.26977896367940696	0.13285378478701312	0.11422829753874475	0.021994063720060106	0.9208764240014043	1.7009297124551347e-7	0.014585175692783177	0.02220620268394522	0.010935537864306977	0.009402425944528867	2.0664273926015197e-6	1.7009297124551347e-7	0.9999923959568757	1.370333693722273e-6	2.086358669130944e-6	1.027436097451358e-6	8.833943002065908e-7	0.1771925456812078	0.014585175692783177	1.370333693722273e-6	0.4654689157232757	0.1789016178893915	0.08810085381368057	0.07574952086596716	0.26977896367940696	0.02220620268394522	2.086358669130944e-6	0.1789016178893915	0.2796458705109051	0.13413519710861277	0.11533006176906878	0.13285378478701312	0.010935537864306977	1.027436097451358e-6	0.08810085381368057	0.13413519710861277	0.577178825236362	0.05679477375392696	0.11422829753874475	0.009402425944528867	8.833943002065908e-7	0.07574952086596716	0.11533006176906878	0.05679477375392696	0.628494036733463
