0.9968574440414619	0.0006069952791989299	0.0006218763133497559	0.0004529145741385143	0.0005921521897492518	0.0004834357918641879	0.0003851818102375673	0.0006069952791989299	0.21783183340060266	0.1916871419557476	0.1396063789583319	0.18252497871233828	0.14901423847838569	0.11872843321539155	0.0006218763133497559	0.1916871419557476	0.20335566102454497	0.14302895465891033	0.18699974241261236	0.1526674563002486	0.12163916733458276	0.0004529145741385143	0.1396063789583319	0.14302895465891033	0.38094080092878174	0.13619253038053253	0.11118821294637188	0.08859020755293034	0.0005921521897492518	0.18252497871233828	0.18699974241261236	0.13619253038053253	0.2324951393285235	0.145370335886706	0.1158251210895346	0.0004834357918641879	0.14901423847838569	0.1526674563002486	0.11118821294637188	0.145370335886706	0.34671615498191005	0.09456016561451104	0.0003851818102375673	0.11872843321539155	0.12163916733458276	0.08859020755293034	0.1158251210895346	0.09456016561451104	0.46027172338280975
0.9995097308754894	6.63513213553314e-5	0.00012180780663154916	0.0001185476531048339	0.00011102496117412818	1.8291805208355438e-5	5.424557703628689e-5	6.63513213553314e-5	0.5319555797862061	0.13446800700321915	0.13086900658292613	0.12256443712063358	0.020192979899053436	0.05988363828661054	0.00012180780663154916	0.13446800700321915	0.25315215779196804	0.24024942265351185	0.22500388766553503	0.037070287985470886	0.10993442909367146	0.0001185476531048339	0.13086900658292613	0.24024942265351185	0.2667111296658715	0.2189817184944218	0.036078111593380105	0.10699206335679158	0.00011102496117412818	0.12256443712063358	0.22500388766553503	0.2189817184944218	0.29934757720167726	0.033788698755163785	0.10020265580140175	1.8291805208355438e-5	0.020192979899053436	0.037070287985470886	0.036078111593380105	0.033788698755163785	0.8563428427313965	0.01650878723032817	5.424557703628689e-5	0.05988363828661054	0.10993442909367146	0.10699206335679158	0.10020265580140175	0.01650878723032817	0.6064241806541637
0.9998415527501413	1.5644249431891572e-5	4.3629086581076014e-5	4.326037659170098e-5	4.050852529751564e-5	1.4926886479987424e-6	1.3912323308483496e-5	1.5644249431891572e-5	0.6793768507855334	0.09795181159260542	0.09712401953364355	0.0909458287755582	0.0033512403919685216	0.031234604671257805	4.3629086581076014e-5	0.09795181159260542	0.281056615080534	0.2708619723677658	0.25363207452751396	0.009346025697924136	0.08710787164707186	4.326037659170098e-5	0.09712401953364355	0.2708619723677658	0.2848433570411768	0.25148862650160986	0.009267042310789116	0.08637172186841928	4.050852529751564e-5	0.0909458287755582	0.25363207452751396	0.25148862650160986	0.3143379091391101	0.008677553166556667	0.08087749936435022	1.4926886479987424e-6	0.0033512403919685216	0.009346025697924136	0.009267042310789116	0.008677553166556667	0.966376410736963	0.0029802350071503362	1.3912323308483496e-5	0.031234604671257805	0.08710787164707186	0.08637172186841928	0.08087749936435022	0.0029802350071503362	0.7114141551184407
0.99950200388457	7.643064004512583e-5	0.00012086802154591587	0.00012024079347111448	0.0001143813741175953	1.9533176168754505e-5	4.6542110081557764e-5	7.643064004512583e-5	0.4694598111099143	0.1520905024372488	0.15130124956606608	0.1439282321039681	0.02457896257177175	0.05856481157098125	0.00012086802154591587	0.1520905024372488	0.24942615594452655	0.23926899842364338	0.2276092500172305	0.038869366734952816	0.09261485842084459	0.00012024079347111448	0.15130124956606608	0.23926899842364338	0.252079502544069	0.22642810292911453	0.038667659469837606	0.09213424627379092	0.0001143813741175953	0.1439282321039681	0.2276092500172305	0.22642810292911453	0.27749219769513317	0.0367833569323025	0.08764447894812669	1.9533176168754505e-5	0.02457896257177175	0.038869366734952816	0.038667659469837606	0.0367833569323025	0.8461138673927607	0.01496725372220459	4.6542110081557764e-5	0.05856481157098125	0.09261485842084459	0.09213424627379092	0.08764447894812669	0.01496725372220459	0.6540278089539677
0.9955218657737709	0.0007434340786360844	0.00012580184055032998	0.001036489573811483	0.0009766708517308879	0.0010382440216835436	0.0005574938598167134	0.0007434340786360844	0.40873976651743466	0.01989131585002409	0.1638858493464783	0.15442753705593681	0.1641632560729053	0.08814884107857524	0.00012580184055032998	0.01989131585002409	0.8834232300700469	0.027732306172681236	0.02613179695627178	0.027779248164941782	0.014916300945482457	0.001036489573811483	0.1638858493464783	0.027732306172681236	0.24027235916094455	0.21530158041923253	0.22887503843606044	0.12289637689077812	0.0009766708517308879	0.15442753705593681	0.02613179695627178	0.21530158041923253	0.27169271497014813	0.21566601765928	0.11580368208738727	0.0010382440216835436	0.1641632560729053	0.027779248164941782	0.22887503843606044	0.21566601765928	0.23937379419493246	0.12310440145018312	0.0005574938598167134	0.08814884107857524	0.014916300945482457	0.12289637689077812	0.11580368208738727	0.12310440145018312	0.5345729036877701
0.9845325357948191	0.0023973573906906236	4.8599681609997604e-5	0.003605320572922753	0.003680155532804031	0.0038386758865753276	0.001897355140578199	0.0023973573906906236	0.47513369988157994	0.0019427403791014832	0.14412032393194665	0.1471118023431939	0.15344854945714204	0.07584552661634648	4.8599681609997604e-5	0.0019427403791014832	0.9874564544975638	0.0029216344145520058	0.002982278229652064	0.0031107379634309445	0.0015375548340896999	0.003605320572922753	0.14412032393194665	0.0029216344145520058	0.2832861585837029	0.22123743817557	0.2307670998038451	0.11406202451746268	0.003680155532804031	0.1471118023431939	0.002982278229652064	0.22123743817557	0.2730016482305554	0.23555708901740888	0.11642958847081782	0.0038386758865753276	0.15344854945714204	0.0031107379634309445	0.2307670998038451	0.23555708901740888	0.25183312909193406	0.12144471877966591	0.001897355140578199	0.07584552661634648	0.0015375548340896999	0.11406202451746268	0.11642958847081782	0.12144471877966591	0.5687832316410405
0.9983659951042794	0.00010212071033978672	1.7480800177383997e-7	0.0007469466067057942	0.000706287748550153	4.175146231981982e-5	3.672355980338373e-5	0.00010212071033978672	0.8725173323643778	1.4535784810214058e-5	0.062110744528971765	0.0587298443025391	0.0034717533844808397	0.0030536689244788163	1.7480800177383997e-7	1.4535784810214058e-5	0.9997672670508286	0.00010631981606540885	0.00010053246489234168	5.942871624897171e-6	5.227203776696016e-6	0.0007469466067057942	0.062110744528971765	0.00010631981606540885	0.45973613671701014	0.4295706303665418	0.02539361899490226	0.0223356029697898	0.000706287748550153	0.0587298443025391	0.00010053246489234168	0.4295706303665418	0.4657615479251661	0.024011357473793567	0.021119799718504535	4.175146231981982e-5	0.0034717533844808397	5.942871624897171e-6	0.02539361899490226	0.024011357473793567	0.9458271009186731	0.001248474894204778	3.672355980338373e-5	0.0030536689244788163	5.227203776696016e-6	0.0223356029697898	0.021119799718504535	0.001248474894204778	0.9522005027294413
0.9986919994743754	0.00042897059910621655	2.2252063491300102e-7	0.0004263360739011541	0.0004303949964224984	9.394411373603764e-6	1.268192418623444e-5	0.00042897059910621655	0.33777962245667303	0.0001675281348343409	0.32097377081986334	0.3240295940234227	0.007072729303966247	0.00954778466213266	2.2252063491300102e-7	0.0001675281348343409	0.999489044085492	0.00016649925990748626	0.00016808441217865523	3.6688486776611577e-6	4.952738274970471e-6	0.0004263360739011541	0.32097377081986334	0.00016649925990748626	0.3398753902981714	0.3220395645565559	0.007029292099508165	0.009489146892091294	0.0004303949964224984	0.3240295940234227	0.00016808441217865523	0.3220395645565559	0.33665665961157215	0.007096214308906792	0.009579488090939937	9.394411373603764e-6	0.007072729303966247	3.6688486776611577e-6	0.007029292099508165	0.007096214308906792	0.9785796055394161	0.00020909548815127357	1.268192418623444e-5	0.00954778466213266	4.952738274970471e-6	0.009489146892091294	0.009579488090939937	0.00020909548815127357	0.9711568502042236
0.9999046125138764	1.1273742167075321e-5	4.113581296336639e-8	4.2254230006089376e-5	4.1014970103016104e-5	1.5939992975847006e-7	6.440081045135897e-7	1.1273742167075321e-5	0.7660926023537477	0.00011438686180428416	0.11749685785126737	0.11405083257400657	0.0004432453481138781	0.0017908012688952685	4.113581296336639e-8	0.00011438686180428416	0.9990325454148751	0.00042872443743379173	0.0004161505246041703	1.6173208032151463e-6	6.5343046665529465e-6	4.2254230006089376e-5	0.11749685785126737	0.00042872443743379173	0.44619391574158085	0.42746499259511295	0.001661293172291141	0.006711961972315332	4.1014970103016104e-5	0.11405083257400657	0.0004161505246041703	0.42746499259511295	0.44989933053641395	0.001612569671345245	0.006515109128421496	1.5939992975847006e-7	0.0004432453481138781	1.6173208032151463e-6	0.001661293172291141	0.001612569671345245	0.9962557948706586	2.532021685815602e-5	6.440081045135897e-7	0.0017908012688952685	6.5343046665529465e-6	0.006711961972315332	0.006515109128421496	2.532021685815602e-5	0.9849496291007389
0.9999237910577151	1.3174563255518657e-5	4.320894031206454e-7	3.0997915425450844e-5	2.9854392420265586e-5	7.889215685436501e-7	9.610602120140816e-7	1.3174563255518657e-5	0.6504481137352948	0.002396025401253024	0.17188987327359995	0.1655488009224781	0.004374733803178165	0.00532927830094552	4.320894031206454e-7	0.002396025401253024	0.9862182181375233	0.005637514603314203	0.005429544888174436	0.00014347922440883585	0.00017478565592333954	3.0997915425450844e-5	0.17188987327359995	0.005637514603314203	0.41009611395016976	0.38951330911331594	0.010293140334877767	0.012539050809308675	2.9854392420265586e-5	0.1655488009224781	0.005429544888174436	0.38951330911331594	0.4174885863665923	0.00991342309883199	0.01207648121819809	7.889215685436501e-7	0.004374733803178165	0.00014347922440883585	0.010293140334877767	0.00991342309883199	0.9749553058145443	0.0003191288025905841	9.610602120140816e-7	0.00532927830094552	0.00017478565592333954	0.012539050809308675	0.01207648121819809	0.0003191288025905841	0.9695603141528223
0.9997512760981405	4.4643178853611974e-5	2.1284021520872965e-6	8.975065276572074e-5	8.565621304826776e-5	1.707592382152543e-5	9.469531218267749e-6	4.4643178853611974e-5	0.5941260577863147	0.004232481837204123	0.17847567356366154	0.17033358362983395	0.0339567113090963	0.01883084869504107	2.1284021520872965e-6	0.004232481837204123	0.9766189142644062	0.00850898205420676	0.008120800876641604	0.001618915571964027	0.0008977769934255685	8.975065276572074e-5	0.17847567356366154	0.00850898205420676	0.36436281658827535	0.3424386594160555	0.06826657697835394	0.03785754074669161	8.565621304826776e-5	0.17033358362983395	0.008120800876641604	0.3424386594160555	0.377738582053515	0.0651522443741738	0.03613047343674162	1.707592382152543e-5	0.0339567113090963	0.001618915571964027	0.06826657697835394	0.0651522443741738	0.8237857150610273	0.0072027607815651025	9.469531218267749e-6	0.01883084869504107	0.0008977769934255685	0.03785754074669161	0.03613047343674162	0.0072027607815651025	0.8990711298153179
0.998912954344726	8.806428259069928e-5	4.7210677311217385e-6	0.0004261363153024093	0.00041174776198947614	8.107225381520074e-5	7.530397384519427e-5	8.806428259069928e-5	0.8111634437937464	0.0008920030331747766	0.08051460123944372	0.07779601427371852	0.015317868844108228	0.014228004533217577	4.7210677311217385e-6	0.0008920030331747766	0.9890324142320011	0.004316334325487562	0.004170592682899209	0.0008211807804712869	0.0007627538782348687	0.0004261363153024093	0.08051460123944372	0.004316334325487562	0.39532375912681755	0.3764489517492225	0.07412199356522374	0.06884822367850246	0.00041174776198947614	0.07779601427371852	0.004170592682899209	0.3764489517492225	0.40302988601416323	0.07161925390709988	0.06652355361090713	8.107225381520074e-5	0.015317868844108228	0.0008211807804712869	0.07412199356522374	0.07161925390709988	0.8249402852035804	0.013098345445701345	7.530397384519427e-5	0.014228004533217577	0.0007627538782348687	0.06884822367850246	0.06652355361090713	0.013098345445701345	0.8364638148795912
0.9983829651571601	8.755663913355561e-5	1.0679083315968913e-5	0.0006655132742289867	0.0006550648114491872	3.5756951524633874e-5	0.00016246408318755154	8.755663913355561e-5	0.8763586619811129	0.0008626740297181433	0.05376126406388522	0.05291721994287615	0.0028885057405691286	0.013124117602705735	1.0679083315968913e-5	0.0008626740297181433	0.9841622927216473	0.00655713859955603	0.006454192465718474	0.000352304448496932	0.0016007186515471863	0.0006655132742289867	0.05376126406388522	0.00655713859955603	0.41508407671925823	0.402220924144428	0.02195537576657232	0.09975570743207764	0.0006550648114491872	0.05291721994287615	0.006454192465718474	0.402220924144428	0.41795236195480473	0.02161067952173887	0.09818955715899083	3.5756951524633874e-5	0.0028885057405691286	0.000352304448496932	0.02195537576657232	0.02161067952173887	0.9477976648004002	0.005359712770698328	0.00016246408318755154	0.013124117602705735	0.0016007186515471863	0.09975570743207764	0.09818955715899083	0.005359712770698328	0.7818077223007943
0.9994436354510338	3.49110048438599e-5	3.4738140573395786e-6	0.00023478950047464502	0.00023396804980184966	5.742375178615691e-6	4.347980460978056e-5	3.49110048438599e-5	0.8618260918660233	0.0009202530033653298	0.06219841920264195	0.06198080754114291	0.0015212207439274108	0.01151829663805661	3.4738140573395786e-6	0.0009202530033653298	0.9854223435862652	0.0061890439400640465	0.006167390525843018	0.00015136883135293179	0.0011461262990522488	0.00023478950047464502	0.06219841920264195	0.0061890439400640465	0.42683814178186946	0.4168439982374074	0.01023077565873051	0.07746483167882054	0.00023396804980184966	0.06198080754114291	0.006167390525843018	0.4168439982374074	0.42738504618343565	0.010194981564313624	0.07719380789806413	5.742375178615691e-6	0.0015212207439274108	0.00015136883135293179	0.01023077565873051	0.010194981564313624	0.9760013110860963	0.0018945997404008232	4.347980460978056e-5	0.01151829663805661	0.0011461262990522488	0.07746483167882054	0.07719380789806413	0.0018945997404008232	0.8307388579409976
0.9991484462857642	0.00010390460225440912	1.5030241725374217e-6	0.00032643409827085257	0.0003270586098312233	4.883850493641291e-5	4.381487477033147e-5	0.00010390460225440912	0.723604775256461	0.0005554377396825967	0.1206326691291951	0.12086345536393166	0.018048112124213454	0.016191645784261684	1.5030241725374217e-6	0.0005554377396825967	0.9954544226647752	0.0017450027598868473	0.0017483411807264616	0.0002610736021580549	0.00023421902859818946	0.00032643409827085257	0.1206326691291951	0.0017450027598868473	0.3900125931293948	0.37971323896723996	0.05670123439126929	0.05086882752474255	0.0003270586098312233	0.12086345536393166	0.0017483411807264616	0.37971323896723996	0.3895720482210283	0.05680971134435786	0.05096614631288382	4.883850493641291e-5	0.018048112124213454	0.0002610736021580549	0.05670123439126929	0.05680971134435786	0.8605204357436309	0.007610594289433962	4.381487477033147e-5	0.016191645784261684	0.00023421902859818946	0.05086882752474255	0.05096614631288382	0.007610594289433962	0.8740847521853093
0.9818667413935327	0.004351671433261546	3.0116939308603518e-5	0.003682123324967752	0.004268130405309646	0.0038875567696031598	0.0019136597340167485	0.004351671433261546	0.24406295578950749	0.001642441525252899	0.2008063365290798	0.23276450973464147	0.21200974656645194	0.10436233842180775	3.0116939308603518e-5	0.001642441525252899	0.9931372551687017	0.001389735494229771	0.0016109108236650556	0.0014672717754770084	0.00072226827336498	0.003682123324967752	0.2008063365290798	0.001389735494229771	0.3294753590198929	0.19695136539208813	0.1793899298062919	0.088305150433452	0.004268130405309646	0.23276450973464147	0.0016109108236650556	0.19695136539208813	0.2541065383523473	0.20793969843997642	0.10235884685197491	0.0038875567696031598	0.21200974656645194	0.0014672717754770084	0.1793899298062919	0.20793969843997642	0.3020739151811438	0.0932318814610584	0.0019136597340167485	0.10436233842180775	0.00072226827336498	0.088305150433452	0.10235884685197491	0.0932318814610584	0.6091058548243264
0.9659571749233581	0.008413299407104629	0.00018619410300123684	0.005226968500353094	0.008337024342650042	0.007311739279592745	0.0045675994439399155	0.008413299407104629	0.25077886821215173	0.005381841694025925	0.15108274942721245	0.24097726237379835	0.2113419419652508	0.1320240369204506	0.00018619410300123684	0.005381841694025925	0.9781563063387019	0.0033436010829241847	0.005333049858358033	0.004677192788067139	0.002921814134921557	0.005226968500353094	0.15108274942721245	0.0033436010829241847	0.4773091177621259	0.1497130315682705	0.13130136228397746	0.08202316937513301	0.008337024342650042	0.24097726237379835	0.005333049858358033	0.1497130315682705	0.2553866126917393	0.20942591360760734	0.1308271055575707	0.007311739279592745	0.2113419419652508	0.004677192788067139	0.13130136228397746	0.20942591360760734	0.3212038275838135	0.11473802249168626	0.0045675994439399155	0.1320240369204506	0.002921814134921557	0.08202316937513301	0.1308271055575707	0.11473802249168626	0.532898252076295
0.9958587697022677	0.0013080458240726735	7.672416935407617e-5	0.0002715644299264904	0.0012924235026797602	0.0008413929197657845	0.0003510794519334437	0.0013080458240726735	0.32015769339109496	0.018375075121654247	0.06503839457993903	0.3095293067447254	0.20150961864669448	0.08408186569182448	7.672416935407617e-5	0.018375075121654247	0.9428261894236617	0.0038148639049446877	0.018155616962095566	0.011819660919360358	0.004931869498929582	0.0002715644299264904	0.06503839457993903	0.0038148639049446877	0.8073216781223409	0.06426162461950799	0.041835571587325156	0.017456302756016773	0.0012924235026797602	0.3095293067447254	0.018155616962095566	0.06426162461950799	0.32458043500563527	0.19910293841552304	0.08307765474983804	0.0008413929197657845	0.20150961864669448	0.011819660919360358	0.041835571587325156	0.19910293841552304	0.4908056431452505	0.054085174366084114	0.0003510794519334437	0.08408186569182448	0.004931869498929582	0.017456302756016773	0.08307765474983804	0.054085174366084114	0.7560160534853749
0.9994411114517753	0.0002241891434939808	8.826728182194296e-6	8.687124076120111e-6	0.00021912687488411276	8.16194827402266e-5	1.6439194847992687e-5	0.0002241891434939808	0.4046694575626	0.0156942078347866	0.015445987224602	0.3896146619260247	0.14512207683894635	0.029229419469538068	8.826728182194296e-6	0.0156942078347866	0.9614844713361872	0.0006081361863130005	0.015339827179057306	0.005713716130626485	0.0011508146048467207	8.687124076120111e-6	0.015445987224602	0.0006081361863130005	0.9620840171170465	0.015097211476334665	0.005623347625296635	0.0011326132463307952	0.00021912687488411276	0.3896146619260247	0.015339827179057306	0.015097211476334665	0.4093145934877127	0.14184517001495298	0.028569409041025586	8.16194827402266e-5	0.14512207683894635	0.005713716130626485	0.005623347625296635	0.14184517001495298	0.690972653196884	0.0106414167105503	1.6439194847992687e-5	0.029229419469538068	0.0011508146048467207	0.0011326132463307952	0.028569409041025586	0.0106414167105503	0.9292598877328598
0.9978461190296737	0.0007553833205899945	4.2000464949307446e-5	0.0001381875990057593	0.000730780561649787	0.0003258712077093399	0.00016165781642224375	0.0007553833205899945	0.35418582453294706	0.019372767051053234	0.06373920308058571	0.3370734491479149	0.15030850261343404	0.07456487025345883	4.2000464949307446e-5	0.019372767051053234	0.9457961350152236	0.0035439969243588683	0.018741797972480524	0.008357382038390275	0.004145920533543136	0.0001381875990057593	0.06373920308058571	0.0035439969243588683	0.8297777164979337	0.06166322363321352	0.027496994598819397	0.013640677666080198	0.000730780561649787	0.3370734491479149	0.018741797972480524	0.06166322363321352	0.36424147900347686	0.14541296976850235	0.07213629991274645	0.0003258712077093399	0.15030850261343404	0.008357382038390275	0.027496994598819397	0.14541296976850235	0.6359311089343553	0.0321671708387821	0.00016165781642224375	0.07456487025345883	0.004145920533543136	0.013640677666080198	0.07213629991274645	0.0321671708387821	0.8031834029789635
0.9901774198842196	0.0025883953385960508	0.0002804573963482688	0.002352328812898988	0.002550072700352504	0.0007238557175847956	0.0013274701499997725	0.0025883953385960508	0.26794731682596173	0.028280125708234752	0.23719878812993422	0.25713843696086075	0.07299051818373929	0.1338564188526688	0.0002804573963482688	0.028280125708234752	0.8954648230849122	0.025700925026379003	0.027861422656641963	0.007908656912906454	0.0145035892145769	0.002352328812898988	0.23719878812993422	0.025700925026379003	0.31307892326521713	0.2336869276294275	0.06633364557253706	0.12164846156360193	0.002550072700352504	0.25713843696086075	0.027861422656641963	0.2336869276294275	0.2749786874141214	0.07190985280706556	0.1318745998315258	0.0007238557175847956	0.07299051818373929	0.007908656912906454	0.06633364557253706	0.07190985280706556	0.7426999564286887	0.03743351437747693	0.0013274701499997725	0.1338564188526688	0.0145035892145769	0.12164846156360193	0.1318745998315258	0.03743351437747693	0.5593559460101474
0.9988821296921208	9.380134836904417e-5	8.971286703188335e-6	0.0004523788537451306	0.0004517284193848781	1.1814914699360923e-5	9.917548497770398e-5	9.380134836904417e-5	0.8118097230568736	0.001647806424312304	0.08309095518699013	0.08297148626877612	0.0021701114888447114	0.018216116225833013	8.971286703188335e-6	0.001647806424312304	0.9805110216262062	0.007946930341464752	0.007935504173972993	0.00020755237193086835	0.0017422137754096582	0.0004523788537451306	0.08309095518699013	0.007946930341464752	0.41004308252027555	0.4001493209258146	0.010465868187313704	0.08785146398439118	0.0004517284193848781	0.08297148626877612	0.007935504173972993	0.4001493209258146	0.41031598957951054	0.010450820268467482	0.08772515036406857	1.1814914699360923e-5	0.0021701114888447114	0.00020755237193086835	0.010465868187313704	0.010450820268467482	0.9743993896386184	0.002294443130125493	9.917548497770398e-5	0.018216116225833013	0.0017422137754096582	0.08785146398439118	0.08772515036406857	0.002294443130125493	0.8020714370351933
0.9989959301331189	0.00013027847734963665	8.057603507219062e-6	0.0003597902525873004	0.00034562221852760955	7.652492822649654e-5	8.379638668274424e-5	0.00013027847734963665	0.6866446370421543	0.0028883822494663917	0.1289728116024976	0.12389404369698051	0.027431635737979868	0.030038211193565523	8.057603507219062e-6	0.0028883822494663917	0.977909521721135	0.007976849286587753	0.007662732182056209	0.0016966213362925734	0.0018578356209544339	0.0003597902525873004	0.1289728116024976	0.007976849286587753	0.3618176391732414	0.3421583532648109	0.075757986674674	0.08295656974558395	0.00034562221852760955	0.12389404369698051	0.007662732182056209	0.3421583532648109	0.3734746481985379	0.0727747437219207	0.07968985671714979	7.652492822649654e-5	0.027431635737979868	0.0016966213362925734	0.075757986674674	0.0727747437219207	0.8046181920702539	0.017644295530648967	8.379638668274424e-5	0.030038211193565523	0.0018578356209544339	0.08295656974558395	0.07968985671714979	0.017644295530648967	0.7877294348054106
0.9930830400743365	0.0017025982798079713	0.0001775594123268421	0.0007481422385633326	0.001689021867910151	0.001600198456316105	0.0009994396707391526	0.0017025982798079713	0.251873428054755	0.025417224794149144	0.10709485465382751	0.24177962709114081	0.22906475836138096	0.14306750876493646	0.0001775594123268421	0.025417224794149144	0.8992133539600256	0.011168635420979565	0.025214549437785127	0.02388854984866083	0.014920127126072595	0.0007481422385633326	0.10709485465382751	0.011168635420979565	0.6112280699889787	0.10624088699970682	0.10065382018110629	0.06286559051683686	0.001689021867910151	0.24177962709114081	0.025214549437785127	0.10624088699970682	0.2559110068354157	0.2272382103449343	0.14192669742310493	0.001600198456316105	0.22906475836138096	0.02388854984866083	0.10065382018110629	0.2272382103449343	0.2830915014680268	0.13446296133957264	0.0009994396707391526	0.14306750876493646	0.014920127126072595	0.06286559051683686	0.14192669742310493	0.13446296133957264	0.5017576751587363
0.9857951081976407	0.003850559106904182	0.00038747421770606635	0.00012196244556331568	0.0038496836440774164	0.003785438010103963	0.002209774378004306	0.003850559106904182	0.2787483653068747	0.026846193638946157	0.008450181407311068	0.26672575318543096	0.26227448739458925	0.15310445995993457	0.00038747421770606635	0.026846193638946157	0.9032771475244545	0.0008503251967750354	0.02684008989039471	0.02639216773617673	0.015406601795545854	0.00012196244556331568	0.008450181407311068	0.0008503251967750354	0.9689725756442699	0.008448260174706622	0.008307270971156942	0.004849424160216905	0.0038496836440774164	0.26672575318543096	0.02684008989039471	0.008448260174706622	0.27885170627685213	0.26221485668700933	0.15306965014151974	0.003785438010103963	0.26227448739458925	0.02639216773617673	0.008307270971156942	0.26221485668700933	0.2865106394100625	0.15051513979089234	0.002209774378004306	0.15310445995993457	0.015406601795545854	0.004849424160216905	0.15306965014151974	0.15051513979089234	0.5208449497738808
0.9619432731495847	0.010192109053340774	0.0007961765145622452	0.0006220401741863858	0.009871522245744719	0.010068059224751746	0.006506819637829661	0.010192109053340774	0.27095091616163297	0.02053992072746786	0.016047516641599934	0.25466750234213315	0.25973780257705015	0.16786423249677956	0.0007961765145622452	0.02053992072746786	0.9241135015358909	0.0012535831200609772	0.01989384957773496	0.020289925988190665	0.013113042536092629	0.0006220401741863858	0.016047516641599934	0.0012535831200609772	0.9404368952958031	0.015542751425387023	0.015852199688234175	0.010245013654728746	0.009871522245744719	0.25466750234213315	0.01989384957773496	0.015542751425387023	0.2858723103498552	0.25156790246075406	0.16258416159839517	0.010068059224751746	0.25973780257705015	0.020289925988190665	0.015852199688234175	0.25156790246075406	0.2766629806313792	0.16582112942964458	0.006506819637829661	0.16786423249677956	0.013113042536092629	0.010245013654728746	0.16258416159839517	0.16582112942964458	0.4738656006465325
0.9466228833579081	0.012017603150399752	0.0018606289522502904	0.006891157754635866	0.01199606951068961	0.011875204903322886	0.008736452370793131	0.012017603150399752	0.23175048112813884	0.03402039526624726	0.12600035615442823	0.21934036117274133	0.21713043011080513	0.15974037301723332	0.0018606289522502904	0.03402039526624726	0.8523023641168898	0.019508042304340757	0.033959436111140225	0.03361728288267562	0.02473185036645504	0.006891157754635866	0.12600035615442823	0.019508042304340757	0.5057198593761195	0.125774583490876	0.12450736045279742	0.09159864046679861	0.01199606951068961	0.21934036117274133	0.033959436111140225	0.125774583490876	0.2327340393208635	0.21674136680145806	0.159454143592225	0.011875204903322886	0.21713043011080513	0.03361728288267562	0.12450736045279742	0.21674136680145806	0.23828076767430112	0.15784758717463357	0.008736452370793131	0.15974037301723332	0.02473185036645504	0.09159864046679861	0.159454143592225	0.15784758717463357	0.39789095301185673
0.9932712684674625	0.0013537012986338118	0.00091051992797995	0.0007319947049006055	0.0013549718852229132	0.0012736857571536168	0.0011038579586466124	0.0013537012986338118	0.2101510356039212	0.13356960220233124	0.10738067179342362	0.1987689122917831	0.1868445650511121	0.16193151175879827	0.00091051992797995	0.13356960220233124	0.42500699205635367	0.0722258607910481	0.13369497088258675	0.12567447492698622	0.10891757921271651	0.0007319947049006055	0.10738067179342362	0.0722258607910481	0.5235843151266069	0.10748145949426066	0.1010335384880709	0.08756215960169118	0.0013549718852229132	0.1987689122917831	0.13369497088258675	0.10748145949426066	0.20959624675349536	0.18701993771186085	0.16208350098079377	0.0012736857571536168	0.1868445650511121	0.12567447492698622	0.1010335384880709	0.18701993771186085	0.2457938495520366	0.1523599485127828	0.0011038579586466124	0.16193151175879827	0.10891757921271651	0.08756215960169118	0.16208350098079377	0.1523599485127828	0.3260414419745737
0.9998881091909406	2.458714907469174e-5	2.3289842612944574e-5	2.1573534887644162e-7	2.4174957587343197e-5	1.9382298516283207e-5	2.0240825919023405e-5	2.458714907469174e-5	0.22549305106013975	0.20660728674854215	0.001913816929889351	0.21445925923114556	0.17194294413882555	0.17955905474237416	2.3289842612944574e-5	0.20660728674854215	0.2554574808176011	0.0018128370618207019	0.20314361698499123	0.16287061567140126	0.17008487287302232	2.1573534887644162e-7	0.001913816929889351	0.0018128370618207019	0.9913072088845561	0.0018817327283234232	0.0015086812597892504	0.0015755074002721005	2.4174957587343197e-5	0.21445925923114556	0.20314361698499123	0.0018817327283234232	0.23488197571772698	0.16906040506654968	0.1765488353136669	1.9382298516283207e-5	0.17194294413882555	0.16287061567140126	0.0015086812597892504	0.16906040506654968	0.35304975099871805	0.14154822056619296	2.0240825919023405e-5	0.17955905474237416	0.17008487287302232	0.0015755074002721005	0.1765488353136669	0.14154822056619296	0.33066326827854525
0.9999973197715942	7.227838651002351e-7	6.7785575322475e-7	4.533614590083635e-11	2.2291349094652407e-7	7.15734398122861e-7	3.408955622905852e-7	7.227838651002351e-7	0.27533729379070376	0.25094774558713034	1.6783812121237448e-5	0.08252439807122215	0.2649707298250833	0.1262023261298714	6.7785575322475e-7	0.25094774558713034	0.30478332845692035	1.574053345234311e-5	0.07739469669294533	0.2485001980822927	0.11835761279150295	4.533614590083635e-11	1.6783812121237448e-5	1.574053345234311e-5	0.9999377632456501	5.176288973767807e-6	1.662011598050151e-5	7.915958485951154e-6	2.2291349094652407e-7	0.08252439807122215	0.07739469669294533	5.176288973767807e-6	0.7194339758643912	0.08171951981214523	0.038922010356830544	7.15734398122861e-7	0.2649707298250833	0.2485001980822927	1.662011598050151e-5	0.08171951981214523	0.27982076881519796	0.12497144761489935	3.408955622905852e-7	0.1262023261298714	0.11835761279150295	7.915958485951154e-6	0.038922010356830544	0.12497144761489935	0.5915383462528461
0.9999999553656194	7.98260646664189e-9	7.548343344085469e-9	7.072262391374594e-14	3.249583541169668e-11	2.8969825178618557e-8	1.0103918784928668e-10	7.98260646664189e-9	0.7748668760029708	0.046365615081752555	4.344129312196221e-7	0.00019960530778442726	0.17794682912376578	0.000620632088187094	7.548343344085469e-9	0.046365615081752555	0.7845920374471176	4.1078035998131065e-7	0.00018874654572475057	0.16826631361956	0.0005868689771404562	7.072262391374594e-14	4.344129312196221e-7	4.1078035998131065e-7	0.9999975710036451	1.7684212760101285e-9	1.5765360255893816e-6	5.498546113362818e-9	3.249583541169668e-11	0.00019960530778442726	0.00018874654572475057	1.7684212760101285e-9	0.9988847285332428	0.0007243913244882525	2.5264878424389693e-6	2.8969825178618557e-8	0.17794682912376578	0.16826631361956	1.5765360255893816e-6	0.0007243913244882525	0.6508085130044501	0.002252347421879701	1.0103918784928668e-10	0.000620632088187094	0.0005868689771404562	5.498546113362818e-9	2.5264878424389693e-6	0.002252347421879701	0.9965376194253649
0.9999538288888336	1.0870555788316694e-5	1.0823509440011482e-5	2.7820572368414353e-7	1.117567575229555e-5	1.1146221007587117e-5	1.8769434545786885e-6	1.0870555788316694e-5	0.26511416352263256	0.22532014144463075	0.005791592214950806	0.23265142005954514	0.2320382411936049	0.03907357100884972	1.0823509440011482e-5	0.22532014144463075	0.26731949742089206	0.0057665269588689436	0.23164453504327137	0.2310340099355255	0.03890446568737329	2.7820572368414353e-7	0.005791592214950806	0.0057665269588689436	0.9755489946134638	0.005954153397876272	0.005938460559950719	0.0009999940491657328	1.117567575229555e-5	0.23265142005954514	0.23164453504327137	0.005954153397876272	0.25101720748556894	0.23855120163218732	0.04017030670580084	1.1146221007587117e-5	0.2320382411936049	0.2310340099355255	0.005938460559950719	0.23855120163218732	0.2523625070928403	0.040064433364885785	1.8769434545786885e-6	0.03907357100884972	0.03890446568737329	0.0009999940491657328	0.04017030670580084	0.040064433364885785	0.8407853522404704
0.9997706895165264	6.5053357388368e-5	5.323436618768782e-6	1.8090869316434482e-5	6.608619489330568e-5	6.668047681076316e-5	8.076148445967612e-6	6.5053357388368e-5	0.3072709077472141	0.022448664463096506	0.07628828597273563	0.27868215986118744	0.2811882168159098	0.034056711782475664	5.323436618768782e-6	0.022448664463096506	0.9227010477517928	0.006242811615484461	0.02280507685323386	0.023010152131391206	0.002786923748382934	1.8090869316434482e-5	0.07628828597273563	0.006242811615484461	0.7522839735472021	0.07749949790864935	0.07819641426604444	0.009470925820569676	6.608619489330568e-5	0.27868215986118744	0.02280507685323386	0.07749949790864935	0.30069717784691996	0.2856525788094069	0.03459742252571677	6.668047681076316e-5	0.2811882168159098	0.023010152131391206	0.07819641426604444	0.2856525788094069	0.296977416705158	0.034908540795286755	8.076148445967612e-6	0.034056711782475664	0.002786923748382934	0.009470925820569676	0.03459742252571677	0.034908540795286755	0.8841713991791231
0.9998775073324911	2.746436144876692e-5	4.414344253924079e-7	1.5859642230847584e-6	4.509519297814103e-5	4.59719242936994e-5	1.9337901396497454e-6	2.746436144876692e-5	0.5394264805491478	0.002139371852707131	0.007686231573923868	0.2185497573372773	0.22279875603561206	0.00937193828988674	4.414344253924079e-7	0.002139371852707131	0.9904922203689888	0.0001235407283944117	0.0035127482111608566	0.0035810423276066883	0.00015063507671666634	1.5859642230847584e-6	0.007686231573923868	0.0001235407283944117	0.966161220259152	0.01262043163637214	0.012865795430176828	0.0005411944077580532	4.509519297814103e-5	0.2185497573372773	0.0035127482111608566	0.01262043163637214	0.38405858008331184	0.3658251045617075	0.015388282977197945	4.59719242936994e-5	0.22279875603561206	0.0035810423276066883	0.012865795430176828	0.3658251045617075	0.37919587096240676	0.01568745875820243	1.9337901396497454e-6	0.00937193828988674	0.00015063507671666634	0.0005411944077580532	0.015388282977197945	0.01568745875820243	0.9588585567000988
0.9999126339589504	2.039592802870969e-5	8.986909273247225e-7	6.71117942400632e-8	3.206758456262616e-5	3.26331993628869e-5	1.3035263737052936e-6	2.039592802870969e-5	0.5239529773728021	0.006387936219351706	0.00047703370328659766	0.22793785790685603	0.23195827377946612	0.00926552509021103	8.986909273247225e-7	0.006387936219351706	0.9729178173949861	2.101918876004684e-5	0.010043459881128168	0.010220608538629857	0.0004082600862167788	6.71117942400632e-8	0.00047703370328659766	2.101918876004684e-5	0.9979581267268499	0.0007500182682461371	0.0007632472481887164	3.0487752874254697e-5	3.206758456262616e-5	0.22793785790685603	0.010043459881128168	0.0007500182682461371	0.3819714529500601	0.3646973821908702	0.014567761218280465	3.26331993628869e-5	0.23195827377946612	0.010220608538629857	0.0007632472481887164	0.3646973821908702	0.3775031445892681	0.01482471045421784	1.3035263737052936e-6	0.00926552509021103	0.0004082600862167788	3.0487752874254697e-5	0.014567761218280465	0.01482471045421784	0.960901951871826
0.9993448141408815	0.00017987905928378787	4.469753175109965e-5	2.613253973677452e-6	0.0001917580971427214	0.00019501683629404148	4.122108067327035e-5	0.00017987905928378787	0.33536758996314303	0.06248466908277065	0.0036531840434444974	0.26806717898041327	0.27262271548366307	0.05762478338728676	4.469753175109965e-5	0.06248466908277065	0.7878896997997893	0.0009077671988313976	0.06661109576407842	0.06774308543707343	0.014318985185707112	2.613253973677452e-6	0.0036531840434444974	0.0009077671988313976	0.9867442163225403	0.003894436759188716	0.0039606188590771115	0.0008371635629445488	0.0001917580971427214	0.26806717898041327	0.06661109576407842	0.003894436759188716	0.309178808389496	0.2906264540585155	0.06143026795117073	0.00019501683629404148	0.27262271548366307	0.06774308543707343	0.0039606188590771115	0.2906264540585155	0.30237789474441396	0.06247421458096842	4.122108067327035e-5	0.05762478338728676	0.014318985185707112	0.0008371635629445488	0.06143026795117073	0.06247421458096842	0.8032733642512503
0.9911587474379492	0.0020211625495515045	0.00042510154985091436	0.001053276951368037	0.00211431479088959	0.0021079530432031816	0.001119443677187692	0.0020211625495515045	0.2693277749436506	0.0454173911787772	0.11253097368534361	0.22589111229207268	0.225211430029433	0.11960015532117643	0.00042510154985091436	0.0454173911787772	0.8104562039514972	0.023668106917222997	0.047510608166678785	0.047367653814334186	0.025154934421639696	0.001053276951368037	0.11253097368534361	0.023668106917222997	0.5653405894388843	0.11771735140695383	0.11736315245266839	0.06232654914756144	0.00211431479088959	0.22589111229207268	0.047510608166678785	0.11771735140695383	0.24606319780730931	0.23559107489612235	0.1251123406399787	0.0021079530432031816	0.225211430029433	0.047367653814334186	0.11736315245266839	0.23559107489612235	0.24762284481238062	0.12473589095186359	0.001119443677187692	0.11960015532117643	0.025154934421639696	0.06232654914756144	0.1251123406399787	0.12473589095186359	0.5419506858405952
0.9803289179917503	0.0041029319455768345	0.00010480761933278307	0.004823143050463491	0.004824568018169556	0.0033691671025472317	0.002446464272159995	0.0041029319455768345	0.3329979053080545	0.004462757798803832	0.2053717029375338	0.20543237873366163	0.14346072220784506	0.10417160106852927	0.00010480761933278307	0.004462757798803832	0.9786129618243428	0.0052461311931841685	0.005247681130114061	0.0036646420076685113	0.002661018426553986	0.004823143050463491	0.2053717029375338	0.0052461311931841685	0.2519652830504209	0.24149309883085138	0.1686432030824148	0.12245743785513713	0.004824568018169556	0.20543237873366163	0.005247681130114061	0.24149309883085138	0.25181562847040023	0.168693027671013	0.12249361714579578	0.0033691671025472317	0.14346072220784506	0.0036646420076685113	0.1686432030824148	0.168693027671013	0.42662759697633523	0.08554164095217998	0.002446464272159995	0.10417160106852927	0.002661018426553986	0.12245743785513713	0.12249361714579578	0.08554164095217998	0.5602282202796468
0.9730808144727934	0.005027456573208879	0.0003390383631869489	0.005970430240426499	0.00596542200131148	0.00548604854758891	0.00413078980148361	0.005027456573208879	0.3214467010516368	0.01043093031358238	0.18368759568855486	0.18353351108080884	0.1687849999006619	0.12708880539153972	0.0003390383631869489	0.01043093031358238	0.9445126657231026	0.012387405216360526	0.01237701415828935	0.011382413604878726	0.008570532620599149	0.005970430240426499	0.18368759568855486	0.012387405216360526	0.2286273359933961	0.2179579293688681	0.20044311728268138	0.1509261862097046	0.00596542200131148	0.18353351108080884	0.01237701415828935	0.2179579293688681	0.2290915627256796	0.20027497746362552	0.1507995832014092	0.00548604854758891	0.1687849999006619	0.011382413604878726	0.20044311728268138	0.20027497746362552	0.2749469158555963	0.13868152734495998	0.00413078980148361	0.12708880539153972	0.008570532620599149	0.1509261862097046	0.1507995832014092	0.13868152734495998	0.4198025754302983
