0.9999995889021224	7.14669209175141e-11	3.9118440868588476e-13	2.108388980582632e-7	2.0017951996312004e-7	8.304453426283716e-13	6.770997430330186e-12	7.14669209175141e-11	0.9996629456690388	3.2078320949578475e-10	0.00017289436108378493	0.00016415334421126745	6.809906438092862e-10	5.552425503065306e-9	3.9118440868588476e-13	3.2078320949578475e-10	0.9999981547659063	9.463620026913677e-7	8.985167972076218e-7	3.727499644578529e-12	3.039199477609983e-11	2.108388980582632e-7	0.00017289436108378493	9.463620026913677e-7	0.5155288217628472	0.4842787370961255	2.0090318022019438e-6	1.638054724601961e-5	2.0017951996312004e-7	0.00016415334421126745	8.985167972076218e-7	0.4842787370961255	0.5155385510058955	1.9074612201980497e-6	1.5552396235419905e-5	8.304453426283716e-13	6.809906438092862e-10	3.727499644578529e-12	2.0090318022019438e-6	1.9074612201980497e-6	0.9999960827569097	6.451916271352304e-11	6.770997430330186e-12	5.552425503065306e-9	3.039199477609983e-11	1.638054724601961e-5	1.5552396235419905e-5	6.451916271352304e-11	0.9999680614024108
0.9999706123560278	9.280861068614007e-8	6.793242936805995e-9	1.4755387130138219e-5	1.4460752174244055e-5	7.364880542150052e-9	6.453793348524834e-8	9.280861068614007e-8	0.9937686300956341	1.4449843665574417e-6	0.0031386046287308726	0.003075933102175901	1.566576868215694e-6	1.3727803613623533e-5	6.793242936805995e-9	1.4449843665574417e-6	0.999542547828943	0.00022973411160799438	0.00022514679043207262	1.146675633466756e-7	1.0048238438939877e-6	1.4755387130138219e-5	0.0031386046287308726	0.00022973411160799438	0.5051511046206463	0.4890341895376568	0.0002490657708239364	0.0021825459433989307	1.4460752174244055e-5	0.003075933102175901	0.00022514679043207262	0.4890341895376568	0.5052672124248058	0.00024409243588163795	0.0021389649568684665	7.364880542150052e-9	1.566576868215694e-6	1.146675633466756e-7	0.0002490657708239364	0.00024409243588163795	0.9995040638062513	1.0893777309343112e-6	6.453793348524834e-8	1.3727803613623533e-5	1.0048238438939877e-6	0.0021825459433989307	0.0021389649568684665	1.0893777309343112e-6	0.9956626025566107
0.9999071337111359	1.934244153512044e-6	4.439514935118644e-7	4.5715709978528495e-5	4.355841231087889e-5	1.858934869432086e-7	1.0280774406160783e-6	1.934244153512044e-6	0.9587987617397281	0.00020114463067272956	0.02071277996348713	0.019735355967955684	8.422423918404568e-5	0.00046579921481930934	4.439514935118644e-7	0.00020114463067272956	0.9903884338525104	0.004754037685923125	0.004529697422661827	1.9331311772490124e-5	0.00010691114496595971	4.5715709978528495e-5	0.02071277996348713	0.004754037685923125	0.49504410331192156	0.4664436018151654	0.0019906333358737853	0.01100912817766118	4.355841231087889e-5	0.019735355967955684	0.004529697422661827	0.4664436018151654	0.49686147602568237	0.0018966965107726766	0.01048961384546162	1.858934869432086e-7	8.422423918404568e-5	1.9331311772490124e-5	0.0019906333358737853	0.0018966965107726766	0.9959641623643403	4.476634456976319e-5	1.0280774406160783e-6	0.00046579921481930934	0.00010691114496595971	0.01100912817766118	0.01048961384546162	4.476634456976319e-5	0.9778827531950819
0.9998659000669217	2.570746897536453e-5	1.0732079945560903e-5	4.692299713550419e-5	4.4741744576481875e-5	1.0755514332165391e-6	4.920091012257643e-6	2.570746897536453e-5	0.5596172936746628	0.043600323651854886	0.1906301362085239	0.18176854385902344	0.004369552857445342	0.01998844227951789	1.0732079945560903e-5	0.043600323651854886	0.7907551994094517	0.0795822359557679	0.07588279290165209	0.0018241543201859506	0.008344561681143633	4.692299713550419e-5	0.1906301362085239	0.0795822359557679	0.35350471645213755	0.3317761414394854	0.007975601036796919	0.036484245910160015	4.4741744576481875e-5	0.18176854385902344	0.07588279290165209	0.3317761414394854	0.36813468418661077	0.007604848927313888	0.03478824694134477	1.0755514332165391e-6	0.004369552857445342	0.0018241543201859506	0.007975601036796919	0.007604848927313888	0.9773884890344635	0.0008362782723613765	4.920091012257643e-6	0.01998844227951789	0.008344561681143633	0.036484245910160015	0.03478824694134477	0.0008362782723613765	0.8995533048244608
0.9999074941249743	2.717568057701427e-5	2.2731766007130095e-5	6.318075798503522e-6	2.7015458244421702e-5	7.352590538234559e-7	8.529635344836941e-6	2.717568057701427e-5	0.29947811857243456	0.24373847153897082	0.06774476464835967	0.28966981704610456	0.007883721744624124	0.09145793076891759	2.2731766007130095e-5	0.24373847153897082	0.37417381735107835	0.056666773582006946	0.24230143866165804	0.006594532838147179	0.0765022342621218	6.318075798503522e-6	0.06774476464835967	0.056666773582006946	0.7851408410666609	0.06734535517700771	0.0018328869967280921	0.02126306045343555	2.7015458244421702e-5	0.28966981704610456	0.24230143866165804	0.06734535517700771	0.3019004194939925	0.007837240911003242	0.09091871325197781	7.352590538234559e-7	0.007883721744624124	0.006594532838147179	0.0018328869967280921	0.007837240911003242	0.9733764172061828	0.0024744650442603032	8.529635344836941e-6	0.09145793076891759	0.0765022342621218	0.02126306045343555	0.09091871325197781	0.0024744650442603032	0.7173750665839385
0.9998380332425756	4.076134263268616e-5	3.752334067394476e-5	1.8845623701828292e-5	4.082742775649775e-5	1.0323714831384002e-6	2.2976651176551057e-5	4.076134263268616e-5	0.26022830439337247	0.22900937141370192	0.11501706298905462	0.24917460436688094	0.006300684858347967	0.14022921063602306	3.752334067394476e-5	0.22900937141370192	0.3008022722602157	0.1058803307031903	0.22938065733527394	0.005800170680083802	0.12908967426687282	1.8845623701828292e-5	0.11501706298905462	0.1058803307031903	0.5961335039001876	0.1152035366515287	0.002913062432075441	0.06483365770026785	4.082742775649775e-5	0.24917460436688094	0.22938065733527394	0.1152035366515287	0.25943291426581105	0.006310899966881412	0.14045655998588116	1.0323714831384002e-6	0.006300684858347967	0.005800170680083802	0.002913062432075441	0.006310899966881412	0.9751225336546256	0.003551616036502919	2.2976651176551057e-5	0.14022921063602306	0.12908967426687282	0.06483365770026785	0.14045655998588116	0.003551616036502919	0.5218163047232833
0.9992761785618047	0.0001396707625238589	0.00014237074636754983	0.00015782278028408098	0.00015133115466950145	1.9885488014387717e-5	0.00011274050633575099	0.0001396707625238589	0.29018795421532745	0.1729632266405067	0.191735577790946	0.18384903830803045	0.024158461327513057	0.1369660709551534	0.00014237074636754983	0.1729632266405067	0.279810097661804	0.19544202968496974	0.18740303503676597	0.024625469984830114	0.13961377024475646	0.00015782278028408098	0.191735577790946	0.19544202968496974	0.2228572324648191	0.20774259303819126	0.027298165093372753	0.15476657914741793	0.00015133115466950145	0.18384903830803045	0.18740303503676597	0.20774259303819126	0.2462780133625913	0.026175326758930903	0.14840066234082133	1.9885488014387717e-5	0.024158461327513057	0.024625469984830114	0.027298165093372753	0.026175326758930903	0.8782222811459468	0.01950041020139216	0.00011274050633575099	0.1369660709551534	0.13961377024475646	0.15476657914741793	0.14840066234082133	0.01950041020139216	0.4006397666041234
0.9994375233204961	7.287336580324322e-5	7.269263743502283e-5	0.00019016623263545067	9.38435350137169e-5	8.268419075727491e-5	5.021671785933338e-5	7.287336580324322e-5	0.6681254731949575	0.049263427388768655	0.12887468007480293	0.06359728214822281	0.05603465180653381	0.03403161202091243	7.269263743502283e-5	0.049263427388768655	0.6688263581105298	0.1285550665866908	0.06343955877564064	0.05589568400844778	0.033947212492488624	0.00019016623263545067	0.12887468007480293	0.1285550665866908	0.3413883487731729	0.1659598869720806	0.14622487260789513	0.08880697875272572	9.38435350137169e-5	0.06359728214822281	0.06343955877564064	0.1659598869720806	0.5909255366507506	0.07215928276162947	0.0438246091566638	8.268419075727491e-5	0.05603465180653381	0.05589568400844778	0.14622487260789513	0.07215928276162947	0.6309895909817071	0.038613233643030966	5.021671785933338e-5	0.03403161202091243	0.033947212492488624	0.08880697875272572	0.0438246091566638	0.038613233643030966	0.76072613721632
0.992858409135794	0.0013816604552755632	0.0006401035363015151	0.001453578424378623	0.0014307749817227308	0.0014663930067922656	0.0007690804597352838	0.0013816604552755632	0.2472265999357863	0.08350248623242332	0.18962153071475896	0.1866467867109568	0.19129321260821036	0.1003277233425891	0.0006401035363015151	0.08350248623242332	0.6064338674847904	0.08784894429450514	0.08647078792536615	0.088623410616881	0.04648039990973256	0.001453578424378623	0.18962153071475896	0.08784894429450514	0.21791350887527175	0.19636209540971145	0.20125037632484757	0.10554996595652684	0.0014307749817227308	0.1866467867109568	0.08647078792536615	0.19636209540971145	0.2271022340557201	0.19809320135648475	0.10389411956003813	0.0014663930067922656	0.19129321260821036	0.088623410616881	0.20125037632484757	0.19809320135648475	0.21279292360990865	0.10648048247687575	0.0007690804597352838	0.1003277233425891	0.04648039990973256	0.10554996595652684	0.10389411956003813	0.10648048247687575	0.5364982282945026
0.9964564242268622	0.0007876611269599206	0.0002507480612253862	0.0005902938670722149	0.0008133587922382758	0.0008018788064767675	0.00029963511916514945	0.0007876611269599206	0.25259754673841744	0.06793106305726723	0.1599186438787947	0.22034996854494993	0.21723988413253018	0.0811752325210753	0.0002507480612253862	0.06793106305726723	0.7157625484207569	0.05090931687992413	0.07014733305041279	0.06915725291319506	0.025841737617216785	0.0005902938670722149	0.1599186438787947	0.05090931687992413	0.3998056108634	0.1651360345072075	0.162805255836164	0.06083484416743341	0.0008133587922382758	0.22034996854494993	0.07014733305041279	0.1651360345072075	0.2354023115379089	0.22432739630809356	0.08382359725918352	0.0008018788064767675	0.21723988413253018	0.06915725291319506	0.162805255836164	0.22432739630809356	0.2430278457062009	0.08264048629733396	0.00029963511916514945	0.0811752325210753	0.025841737617216785	0.06083484416743341	0.08382359725918352	0.08264048629733396	0.66538446701859
0.9978920932963791	0.0004634946955057004	0.0002472449562733047	0.00027640458804570285	0.0004711357744314803	0.00047576143292775517	0.00017386525643713297	0.0004634946955057004	0.2464925672460016	0.11322364140999726	0.12657703693000952	0.2157524617840338	0.2178707411890478	0.07962005674540282	0.0002472449562733047	0.11322364140999726	0.545225657949015	0.06752080285799039	0.1150902232472156	0.1162201906534141	0.04247223892609371	0.00027640458804570285	0.12657703693000952	0.06752080285799039	0.49955366214521246	0.12866376011962077	0.1299269938782505	0.04748133948086983	0.0004711357744314803	0.2157524617840338	0.1150902232472156	0.12866376011962077	0.23762724857945539	0.22146251374909257	0.08093265674614913	0.00047576143292775517	0.2178707411890478	0.1162201906534141	0.1299269938782505	0.22146251374909257	0.23231653737390895	0.08172726172335698	0.00017386525643713297	0.07962005674540282	0.04247223892609371	0.04748133948086983	0.08093265674614913	0.08172726172335698	0.6675925811216898
0.9992666409553241	0.00016656554493919905	0.0001103499115888557	4.167667525236138e-5	0.00017700243929175897	0.00018133153021965983	5.643294338411564e-5	0.00016656554493919905	0.29460121005642587	0.13730276308416672	0.05185615997257064	0.2202351015734783	0.2256215684721379	0.0702166312962768	0.0001103499115888557	0.13730276308416672	0.48633280716057314	0.034354780098126134	0.14590606956719182	0.14947461158625316	0.04651861859209718	4.167667525236138e-5	0.05185615997257064	0.034354780098126134	0.7846197212619421	0.055105434985363536	0.05645319290117364	0.017569034105570498	0.00017700243929175897	0.2202351015734783	0.14590606956719182	0.055105434985363536	0.26420115246309	0.23975887684922237	0.07461636212235732	0.00018133153021965983	0.2256215684721379	0.14947461158625316	0.05645319290117364	0.23975887684922237	0.25206910419543505	0.07644131446555309	5.643294338411564e-5	0.0702166312962768	0.04651861859209718	0.017569034105570498	0.07461636212235732	0.07644131446555309	0.7145816064747594
0.9999086672397919	2.261047238380848e-5	1.428375669909416e-5	1.1993106740271792e-7	2.464171797697053e-5	2.543494512749728e-5	4.241936953330527e-6	2.261047238380848e-5	0.33516665622744973	0.1381792583751689	0.0011601979996551542	0.2383808676441395	0.24605444691966616	0.041035962361540904	1.428375669909416e-5	0.1381792583751689	0.5291165551440948	0.0007329340877334908	0.1505927986531667	0.15544044347554223	0.02592372650759744	1.1993106740271792e-7	0.0011601979996551542	0.0007329340877334908	0.9953195292953808	0.0012644261216506313	0.0013051285243997365	0.00021766404011274297	2.464171797697053e-5	0.2383808676441395	0.1505927986531667	0.0012644261216506313	0.29685566041432393	0.2681591160526033	0.04472248939614343	2.543494512749728e-5	0.24605444691966616	0.15544044347554223	0.0013051285243997365	0.2681591160526033	0.2828533051521282	0.04616212493053756	4.241936953330527e-6	0.041035962361540904	0.02592372650759744	0.00021766404011274297	0.04472248939614343	0.04616212493053756	0.8419337908271154
0.9999612947108382	9.127457472692265e-6	7.49698283212754e-6	3.237455195179991e-8	1.002474801391025e-5	1.0009609163314696e-5	2.0141171278045673e-6	9.127457472692265e-6	0.3111061907614361	0.17460903445908027	0.0007540219024010895	0.23348213682753077	0.23312954430537874	0.046909944286700284	7.49698283212754e-6	0.17460903445908027	0.4029749598918556	0.0006193279206461993	0.19177427850432305	0.19148467101031735	0.03853023123094517	3.237455195179991e-8	0.0007540219024010895	0.0006193279206461993	0.996805186961418	0.0008281473335980997	0.0008268967087707173	0.00016638679861390363	1.002474801391025e-5	0.23348213682753077	0.19177427850432305	0.0008281473335980997	0.26633615625431817	0.2560477485927742	0.05152150773944166	1.0009609163314696e-5	0.23312954430537874	0.19148467101031735	0.0008268967087707173	0.2560477485927742	0.26705742712282476	0.05144370265077081	2.0141171278045673e-6	0.046909944286700284	0.03853023123094517	0.00016638679861390363	0.05152150773944166	0.05144370265077081	0.8114262131764003
0.9998649723029762	2.5721767560555906e-5	2.536915062650516e-5	1.488917321904773e-5	2.8258738437655434e-5	3.0239391468544307e-5	1.0549475711481702e-5	2.5721767560555906e-5	0.31536161452003814	0.15889386670806926	0.09325492759655059	0.17699213839504	0.18939750518553014	0.06607422582720919	2.536915062650516e-5	0.15889386670806926	0.3225689893579795	0.09197650586379817	0.17456577228139653	0.1868010752380876	0.06516842140004003	1.488917321904773e-5	0.09325492759655059	0.09197650586379817	0.5644198133567798	0.10245278053964596	0.10963368887164857	0.03824739459835679	2.8258738437655434e-5	0.17699213839504	0.17456577228139653	0.10245278053964596	0.2652918150130137	0.20807802368876988	0.07259121134369383	3.0239391468544307e-5	0.18939750518553014	0.1868010752380876	0.10963368887164857	0.20807802368876988	0.22838034327714551	0.07767912434734703	1.0549475711481702e-5	0.06607422582720919	0.06516842140004003	0.03824739459835679	0.07259121134369383	0.07767912434734703	0.6802290730076406
0.9991222091713494	0.00013240028610113114	0.00011198972938088706	0.00018807581456515933	0.00018621764115937843	0.00018522143048044183	7.388592696354832e-5	0.00013240028610113114	0.4078787386384986	0.0889421968268918	0.14936973425964273	0.147893973708125	0.14710278359830986	0.05868017268243187	0.00011198972938088706	0.0889421968268918	0.4854477918449118	0.12634320219410383	0.12509494186429437	0.12442572000008065	0.04963415754033725	0.00018807581456515933	0.14936973425964273	0.12634320219410383	0.22169768136477977	0.21008473919148302	0.20896084642084564	0.0833557207545815	0.00018621764115937843	0.147893973708125	0.12509494186429437	0.21008473919148302	0.22731162379145875	0.2068963306373228	0.08253217316615831	0.00018522143048044183	0.14710278359830986	0.12442572000008065	0.20896084642084564	0.2068963306373228	0.2303384480726933	0.0820906498402689	7.388592696354832e-5	0.05868017268243187	0.04963415754033725	0.0833557207545815	0.08253217316615831	0.0820906498402689	0.6436332400892594
0.9996917144464927	6.819993452000495e-5	1.7234070606362684e-5	1.5555388179763486e-5	9.968683366474636e-5	0.00010079363421246708	6.815692324058357e-6	6.819993452000495e-5	0.4767351419368851	0.037556635775317246	0.03389843650723858	0.21723841041705452	0.21965035974673422	0.01485281568225567	1.7234070606362684e-5	0.037556635775317246	0.8397052728186943	0.008566108638120283	0.054895977978443956	0.055505475705079986	0.003753295013739355	1.5555388179763486e-5	0.03389843650723858	0.008566108638120283	0.8544843793558686	0.04954884231744879	0.05009897199656282	0.003387705796582468	9.968683366474636e-5	0.21723841041705452	0.054895977978443956	0.04954884231744879	0.3354472659224513	0.32105967594516693	0.02171014058577794	0.00010079363421246708	0.21965035974673422	0.055505475705079986	0.05009897199656282	0.32105967594516693	0.33163353956659414	0.021951183405657677	6.815692324058357e-6	0.01485281568225567	0.003753295013739355	0.003387705796582468	0.02171014058577794	0.021951183405657677	0.9343380438236635
0.9999762132872729	5.961835327230604e-6	4.307541671164604e-6	1.6766079981499045e-10	6.489657023449014e-6	6.571396277720173e-6	4.5611476678475215e-7	5.961835327230604e-6	0.3250429229179103	0.1631079973059315	6.348590303280848e-6	0.24573528037651157	0.24883039287529435	0.017271096098719563	4.307541671164604e-6	0.1631079973059315	0.4670711137452225	4.58697964360531e-6	0.17754850682681358	0.17978478564594733	0.012478701954768918	1.6766079981499045e-10	6.348590303280848e-6	4.58697964360531e-6	0.9999746702113304	6.910652741867192e-6	6.997694568516292e-6	4.857037517233789e-7	6.489657023449014e-6	0.24573528037651157	0.17754850682681358	6.910652741867192e-6	0.2870424475011747	0.2708601996091782	0.018800165376554163	6.571396277720173e-6	0.24883039287529435	0.17978478564594733	6.997694568516292e-6	0.2708601996091782	0.2814740934556711	0.019036959323060338	4.5611476678475215e-7	0.017271096098719563	0.012478701954768918	4.857037517233789e-7	0.018800165376554163	0.019036959323060338	0.9324121354283785
0.9999995504536666	1.2510101084727916e-7	1.3001937168077535e-7	2.530899784478854e-13	1.307579092420009e-7	6.968400732489964e-9	5.669938779695901e-8	1.2510101084727916e-7	0.3156303035581015	0.2742566943667657	5.33855993681411e-7	0.275814530461411	0.014698813916805185	0.11959899873991285	1.3001937168077535e-7	0.2742566943667657	0.2995066630451061	5.548446043430407e-7	0.2866582108980672	0.015276699500443825	0.12430104732564212	2.530899784478854e-13	5.33855993681411e-7	5.548446043430407e-7	0.9999980816070198	5.579962391775539e-7	2.97369499432355e-8	2.4195894028726423e-7	1.307579092420009e-7	0.275814530461411	0.2866582108980672	5.579962391775539e-7	0.2971559919043635	0.015363474388268494	0.1250071035937423	6.968400732489964e-9	0.014698813916805185	0.015276699500443825	2.97369499432355e-8	0.015363474388268494	0.9479990489005313	0.006661926588600392	5.669938779695901e-8	0.11959899873991285	0.12430104732564212	2.4195894028726423e-7	0.1250071035937423	0.006661926588600392	0.6244306250937746
0.9999999773927915	6.573640960646812e-9	6.643082749941662e-9	8.049751963321739e-13	6.04756003750395e-9	7.049961184345132e-14	3.3420492593198243e-9	6.573640960646812e-9	0.3034084638513596	0.2886141944173482	3.497280954650119e-5	0.262741220321255	3.0629136268266606e-6	0.14519807911321853	6.643082749941662e-9	0.2886141944173482	0.2990987248846013	3.5342250847922385e-5	0.26551673248716817	3.095269242835463e-6	0.14673190404770425	8.049751963321739e-13	3.497280954650119e-5	3.5342250847922385e-5	0.9998797303572851	3.217397583451937e-5	3.7506908467673346e-10	1.7780230612065115e-5	6.04756003750395e-9	0.262741220321255	0.26551673248716817	3.217397583451937e-5	0.3381290054846275	2.8177921731369735e-6	0.13357804389137756	7.049961184345132e-14	3.0629136268266606e-6	3.095269242835463e-6	3.7506908467673346e-10	2.8177921731369735e-6	0.9999894664597793	1.5571900380895508e-6	3.3420492593198243e-9	0.14519807911321853	0.14673190404770425	1.7780230612065115e-5	0.13357804389137756	1.5571900380895508e-6	0.5744726321849981
0.9999978146311459	6.188835038247529e-7	6.270750882440301e-7	1.1050645175983537e-7	5.376049293817763e-7	7.400864916418173e-10	2.9055879427298516e-7	6.188835038247529e-7	0.29747051168959576	0.2812272408085936	0.04955933524163932	0.24110214832246626	0.000331909983199882	0.13030823507098768	6.270750882440301e-7	0.2812272408085936	0.29189412630347056	0.050215305995240336	0.2442933928611345	0.00033630316645679527	0.13203300379000218	1.1050645175983537e-7	0.04955933524163932	0.050215305995240336	0.8338477772847622	0.04305065938602524	5.926510291583334e-5	0.0232675464829629	5.376049293817763e-7	0.24110214832246626	0.2442933928611345	0.04305065938602524	0.35807021449546383	0.0002883199212396625	0.11319472740872938	7.400864916418173e-10	0.000331909983199882	0.00033630316645679527	5.926510291583334e-5	0.0002883199212396625	0.9988283731088976	0.00015582797720365947	2.9055879427298516e-7	0.13030823507098768	0.13203300379000218	0.0232675464829629	0.11319472740872938	0.00015582797720365947	0.6010403687113136
0.9946598817882744	0.0009693142944117501	0.0005076193519203046	0.0010693359889192976	0.001043961271292124	0.0010736617216640972	0.0006762255835179317	0.0009693142944117501	0.2686245990894742	0.0848283911474541	0.17869699252588217	0.17445661740229537	0.1794198667580939	0.11300421878238484	0.0005076193519203046	0.0848283911474541	0.5765819728861059	0.09358167114531743	0.09136103281929296	0.09396023251740357	0.05917908013250396	0.0010693359889192976	0.17869699252588217	0.09358167114531743	0.21159476754457351	0.19245846323416985	0.1979338608309388	0.12466490873019499	0.001043961271292124	0.17445661740229537	0.09136103281929296	0.19245846323416985	0.2257362358450079	0.19323700607295263	0.1217066833549852	0.0010736617216640972	0.1794198667580939	0.09396023251740357	0.1979338608309388	0.19323700607295263	0.20920616249099794	0.12516920960794495	0.0006762255835179317	0.11300421878238484	0.05917908013250396	0.12466490873019499	0.1217066833549852	0.12516920960794495	0.4555996738084656
0.9788347103100341	0.002028503936835293	0.00022692775792396917	0.0056183717333887825	0.004851956106878693	0.005567557593245672	0.0028719725616934734	0.002028503936835293	0.6758191375168477	0.0038201458373371567	0.09458075815083386	0.08167876902412854	0.09372534307194956	0.04834734246206998	0.00022692775792396917	0.0038201458373371567	0.9603412551660203	0.010580703838022976	0.009137364531592834	0.010485008965353213	0.005408593903749809	0.0056183717333887825	0.09458075815083386	0.010580703838022976	0.2694930734354465	0.2262266682208644	0.25959220914263587	0.13390821547881315	0.004851956106878693	0.08167876902412854	0.009137364531592834	0.2262266682208644	0.3382831586194388	0.22418061036485454	0.11564147313224711	0.005567557593245672	0.09372534307194956	0.010485008965353213	0.25959220914263587	0.22418061036485454	0.27375215908909317	0.1326971117728735	0.0028719725616934734	0.04834734246206998	0.005408593903749809	0.13390821547881315	0.11564147313224711	0.1326971117728735	0.5611252906885557
0.9983655304512729	0.00025083294427751045	0.00024756123399658403	0.0003356451779415451	0.0002734072479116058	0.0003394899294877154	0.00018753301511237384	0.00025083294427751045	0.3790768327489484	0.11105113040112326	0.15056386584584994	0.1226451470219401	0.152288546234701	0.0841236448031577	0.00024756123399658403	0.11105113040112326	0.38572728924988264	0.14860000360581302	0.12104543933771551	0.1503021883269767	0.08302638784449047	0.0003356451779415451	0.15056386584584994	0.14860000360581302	0.220037823372672	0.16411421679244276	0.20378071288297034	0.11256773232230807	0.0002734072479116058	0.1226451470219401	0.12104543933771551	0.16411421679244276	0.33423312469757205	0.16599411386896548	0.09169455103345044	0.0003394899294877154	0.152288546234701	0.1503021883269767	0.20378071288297034	0.16599411386896548	0.2134377745139583	0.11385717424293788	0.00018753301511237384	0.0841236448031577	0.08302638784449047	0.11256773232230807	0.09169455103345044	0.11385717424293788	0.5145429767385417
0.9999996378987943	8.394410748672588e-8	1.1806948850431982e-7	1.0898226586964458e-9	3.3175768561227895e-8	1.220632657153846e-7	3.7587527890745014e-9	8.394410748672588e-8	0.4747838320662577	0.22293874499622268	0.0020578025608143716	0.06264246843971619	0.23047979298845414	0.007097275004428109	1.1806948850431982e-7	0.22293874499622268	0.35190049290644376	0.0028943508135654706	0.08810819995310389	0.32417559830547305	0.009982494955704068	1.0898226586964458e-9	0.0020578025608143716	0.0028943508135654706	0.9911501800154473	0.000813269490214964	0.002992254111584939	9.214191855037323e-5	3.3175768561227895e-8	0.06264246843971619	0.08810819995310389	0.000813269490214964	0.7545425793690119	0.09108851709971176	0.00280493247247316	1.220632657153846e-7	0.23047979298845414	0.32417559830547305	0.002992254111584939	0.09108851709971176	0.34094355609385163	0.010320159337659965	3.7587527890745014e-9	0.007097275004428109	0.009982494955704068	9.214191855037323e-5	0.00280493247247316	0.010320159337659965	0.9697029925524316
0.9999999994777229	6.879970904051185e-11	2.2559070526187094e-10	1.749816987519695e-16	1.20469407526382e-12	2.265004953650743e-10	1.813464034987126e-13	6.879970904051185e-11	0.7384681123643884	0.13010386156318213	1.0091636835874781e-7	0.0006947775220267505	0.1306285605107798	0.00010458705445505461	2.2559070526187094e-10	0.13010386156318213	0.438950404707093	3.308995783268695e-7	0.0022781397389604967	0.42832432729646575	0.0003429355691298712	1.749816987519695e-16	1.0091636835874781e-7	3.308995783268695e-7	0.9999992339169188	1.7670619942206122e-9	3.3223407108075533e-7	2.660014222623237e-10	1.20469407526382e-12	0.0006947775220267505	0.0022781397389604967	1.7670619942206122e-9	0.9947379223317218	0.0022873273027203362	1.8313363037205292e-6	2.265004953650743e-10	0.1306285605107798	0.42832432729646575	3.3223407108075533e-7	0.0022873273027203362	0.43841513382734665	0.000344318602116397	1.813464034987126e-13	0.00010458705445505461	0.0003429355691298712	2.660014222623237e-10	1.8313363037205292e-6	0.000344318602116397	0.9992063271718122
0.999999982787091	4.958762937046119e-9	5.671308968680366e-9	2.347461635035529e-14	4.806818038236159e-10	5.660216689603071e-9	4.4191503886049883e-10	4.958762937046119e-9	0.3833882135869482	0.28537247175962793	1.1812104275229834e-6	0.024187247643279106	0.2848143235234418	0.02223655731751055	5.671308968680366e-9	0.28537247175962793	0.3357910079584528	1.3509436479535343e-6	0.027662817567305306	0.325740521963594	0.025431824136060672	2.347461635035529e-14	1.1812104275229834e-6	1.3509436479535343e-6	0.9999958997757826	1.1450161385114257e-7	1.3483013930449139e-6	1.0526711169866739e-7	4.806818038236159e-10	0.024187247643279106	0.027662817567305306	1.1450161385114257e-7	0.9183855876504241	0.027608713004458288	0.0021555191522374616	5.660216689603071e-9	0.2848143235234418	0.325740521963594	1.3483013930449139e-6	0.027608713004458288	0.3364530044657324	0.0253820830811614	4.4191503886049883e-10	0.02223655731751055	0.025431824136060672	1.0526711169866739e-7	0.0021555191522374616	0.0253820830811614	0.9247939106040031
0.9999968317806728	8.222366065355123e-7	8.487221539465785e-7	7.225471860575947e-10	8.410882727243372e-7	8.68241900113115e-9	6.467673279409093e-7	8.222366065355123e-7	0.2887931164202031	0.2572978628237601	0.00021904677036820068	0.2549835820966698	0.0026321545192893184	0.19607341513310433	8.487221539465785e-7	0.2572978628237601	0.2741719857213411	0.00022610261484862684	0.2631970083768742	0.0027169403981467787	0.20238925134287689	7.225471860575947e-10	0.00021904677036820068	0.00022610261484862684	0.9991561668156914	0.00022406892161019008	2.3130274498416366e-6	0.0001723011274845354	8.410882727243372e-7	0.2549835820966698	0.2631970083768742	0.00022406892161019008	0.27833314745413873	0.0026925027182878093	0.20056884934414795	8.68241900113115e-9	0.0026321545192893184	0.0027169403981467787	2.3130274498416366e-6	0.0026925027182878093	0.989885640672002	0.002070439982405253	6.467673279409093e-7	0.19607341513310433	0.20238925134287689	0.0001723011274845354	0.20056884934414795	0.002070439982405253	0.39872509630265435
0.999950952933126	1.2622381922827723e-5	1.2881247652780245e-5	1.5653646276388242e-6	1.2943600003488637e-5	1.0199414775569417e-8	9.024273252523202e-6	1.2622381922827723e-5	0.28288268674957334	0.2535973373118111	0.030817845614948595	0.2548248884420285	0.00020079921595676152	0.17766382028375427	1.2881247652780245e-5	0.2535973373118111	0.2733766016340593	0.031449872450252166	0.26005095679900925	0.00020491730047760261	0.18130743325673307	1.5653646276388242e-6	0.030817845614948595	0.031449872450252166	0.884070729523074	0.03160210719719681	2.490211370865473e-5	0.02203297773619156	1.2943600003488637e-5	0.2548248884420285	0.26005095679900925	0.03160210719719681	0.2711181334102012	0.00020590921335203902	0.18218506133820406	1.0199414775569417e-8	0.00020079921595676152	0.00020491730047760261	2.490211370865473e-5	0.00020590921335203902	0.9992199021278311	0.00014355982925925328	9.024273252523202e-6	0.17766382028375427	0.18130743325673307	0.02203297773619156	0.18218506133820406	0.00014355982925925328	0.4366581232826021
0.9999745313711312	4.042165896297718e-6	2.5225219075247415e-6	8.724241647322638e-6	8.564970507904433e-6	2.201094933999537e-7	1.3946194162881645e-6	4.042165896297718e-6	0.6126661165446937	0.045600060604839274	0.15770961063309344	0.1548304389642937	0.003978957014723137	0.025210774072455554	2.5225219075247415e-6	0.045600060604839274	0.7411402472405093	0.09841900556668147	0.09662225258909488	0.0024830762755015594	0.015732835201462982	8.724241647322638e-6	0.15770961063309344	0.09841900556668147	0.346690333459608	0.3341718767957385	0.008587817371016037	0.054412631932204816	8.564970507904433e-6	0.1548304389642937	0.09662225258909488	0.3341718767957385	0.35251656357321753	0.008431036814826726	0.05341926629231047	2.201094933999537e-7	0.003978957014723137	0.0024830762755015594	0.008587817371016037	0.008431036814826726	0.9751460811910323	0.0013728112234065938	1.3946194162881645e-6	0.025210774072455554	0.015732835201462982	0.054412631932204816	0.05341926629231047	0.0013728112234065938	0.8498502866587416
0.9999645040878482	1.6963747416142792e-6	9.347131835515465e-6	9.422873563527962e-6	8.147437007155384e-6	5.130537133128335e-6	1.7515578708534337e-6	1.6963747416142792e-6	0.8298988250931392	0.047040355366321195	0.04742153302214813	0.04100277377976772	0.025819930028744942	0.008814886335138406	9.347131835515465e-6	0.047040355366321195	0.2748867661508242	0.26129563835551134	0.22592787002746512	0.14226944320852183	0.048570579759526444	9.422873563527962e-6	0.04742153302214813	0.26129563835551134	0.27112835696354703	0.2277586099360479	0.14342228171145657	0.04896415713773109	8.147437007155384e-6	0.04100277377976772	0.22592787002746512	0.2277586099360479	0.33895669796610867	0.12400930541925746	0.042336595434350685	5.130537133128335e-6	0.025819930028744942	0.14226944320852183	0.14342228171145657	0.12400930541925746	0.5378140558458973	0.026659853248991828	1.7515578708534337e-6	0.008814886335138406	0.048570579759526444	0.04896415713773109	0.042336595434350685	0.026659853248991828	0.8246521765263917
0.9997950112693047	9.132556344283063e-6	5.45168588534993e-5	5.440539049407691e-5	3.334165694796888e-5	2.9668123022060273e-5	2.3924145033505513e-5	9.132556344283063e-6	0.8414209304914574	0.04413817894621958	0.04404793144299772	0.02699421888351249	0.024020036195869343	0.019369571483599825	5.45168588534993e-5	0.04413817894621958	0.272706125906005	0.2629444342568723	0.1611421780774619	0.14338777376017967	0.11562679219441199	5.440539049407691e-5	0.04404793144299772	0.2629444342568723	0.27365556194002966	0.16081269735164982	0.14309459472825434	0.11539037488970591	3.334165694796888e-5	0.02699421888351249	0.1611421780774619	0.16081269735164982	0.49260831257681814	0.08769371647203802	0.07071553498157415	2.9668123022060273e-5	0.024020036195869343	0.14338777376017967	0.14309459472825434	0.08769371647203802	0.5388500076830343	0.06292420303760443	2.3924145033505513e-5	0.019369571483599825	0.11562679219441199	0.11539037488970591	0.07071553498157415	0.06292420303760443	0.615949599268072
0.9952945456549783	0.0006392886060013132	0.0008141708831275792	0.001072519135303756	0.0009174138537506729	0.0005816320751681383	0.0006804297916703334	0.0006392886060013132	0.48758859012465494	0.10247244865978046	0.1349884456772259	0.11546672323518356	0.07320485686321111	0.08563964683394053	0.0008141708831275792	0.10247244865978046	0.3754466586915667	0.1719155652037704	0.14705352660085427	0.09323060414661322	0.10906702581428476	0.001072519135303756	0.1349884456772259	0.1719155652037704	0.23181811491910737	0.19371574746993503	0.12281402960403323	0.14367557799062083	0.0009174138537506729	0.11546672323518356	0.14705352660085427	0.19371574746993503	0.31489610307232047	0.10505294356522121	0.12289754220273182	0.0005816320751681383	0.07320485686321111	0.09323060414661322	0.12281402960403323	0.10505294356522121	0.5272000049506913	0.07791592879505974	0.0006804297916703334	0.08563964683394053	0.10906702581428476	0.14367557799062083	0.12289754220273182	0.07791592879505974	0.4601238485716897
0.9785517850316188	0.003964478618439621	0.002010239428339683	0.0046797076758022344	0.004450318306813368	0.0030201302594947696	0.0033233406794915916	0.003964478618439621	0.3126993242899506	0.07856841001893945	0.18290218879294579	0.1739367104809476	0.11803908986830158	0.1298897979304756	0.002010239428339683	0.07856841001893945	0.6127661336703258	0.09274288672691146	0.08819682664403564	0.0598532254493492	0.06586227806209896	0.0046797076758022344	0.18290218879294579	0.09274288672691146	0.22170111517996172	0.20531652140978204	0.1393344467371135	0.1533231334774836	0.004450318306813368	0.1739367104809476	0.08819682664403564	0.20531652140978204	0.24978749832394642	0.1325045669604969	0.14580755787397834	0.0030201302594947696	0.11803908986830158	0.0598532254493492	0.1393344467371135	0.1325045669604969	0.44829880561886865	0.09894973510637561	0.0033233406794915916	0.1298897979304756	0.06586227806209896	0.1533231334774836	0.14580755787397834	0.09894973510637561	0.40284415687009645
0.9976279791421059	0.000350530451784909	9.635381671423479e-5	0.0006956731384004069	0.0006525209161507143	0.00029143537703073876	0.00028550715781307115	0.000350530451784909	0.5728763402589692	0.020342030688755317	0.14686916214906046	0.13775894877894956	0.06152727090127231	0.060275716771215224	9.635381671423479e-5	0.020342030688755317	0.8678418280064331	0.040371397858943586	0.03786718224851248	0.016912617300895775	0.016568590079747352	0.0006956731384004069	0.14686916214906046	0.040371397858943586	0.296929443941034	0.27340049844970027	0.1221088479678355	0.11962497649503959	0.0006525209161507143	0.13775894877894956	0.03786718224851248	0.27340049844970027	0.32358164135464385	0.11453450327159233	0.11220470498046362	0.00029143537703073876	0.06152727090127231	0.016912617300895775	0.1221088479678355	0.11453450327159233	0.6345113446311353	0.050113980550243895	0.00028550715781307115	0.060275716771215224	0.016568590079747352	0.11962497649503959	0.11220470498046362	0.050113980550243895	0.640926523965483
0.9999468724671527	1.540602760188167e-6	3.6142588699934448e-6	2.0312009990805314e-5	1.5655079269165618e-5	6.659317986523567e-6	5.346263970481674e-6	1.540602760188167e-6	0.9267290559874978	0.005133365965494299	0.028849339388290488	0.022235056756627923	0.009458292152019014	0.007593349147309092	3.6142588699934448e-6	0.005133365965494299	0.8350156638816348	0.06768063998849705	0.05216351234995496	0.02218918282429199	0.01781402073125394	2.0312009990805314e-5	0.028849339388290488	0.06768063998849705	0.385475949225116	0.2931571373606958	0.1247024409227339	0.10011418110465874	1.5655079269165618e-5	0.022235056756627923	0.05216351234995496	0.2931571373606958	0.45915568120016503	0.09611193567685133	0.07716102157642236	6.659317986523567e-6	0.009458292152019014	0.02218918282429199	0.1247024409227339	0.09611193567685133	0.7147089290917101	0.03282256001440157	5.346263970481674e-6	0.007593349147309092	0.01781402073125394	0.10011418110465874	0.07716102157642236	0.03282256001440157	0.7644895211619793
0.9999891902342124	4.5285393280594746e-7	2.5377124675663113e-6	2.6005064908163915e-6	2.0222262669290004e-6	2.144239394540877e-6	1.052227234969181e-6	4.5285393280594746e-7	0.8342029166666207	0.04062448171288533	0.04162970775082485	0.0323724200633959	0.034325643738162395	0.016844377214176424	2.5377124675663113e-6	0.04062448171288533	0.2579306401079158	0.2332854386972493	0.1814092537325418	0.1923547699626606	0.09439287807426987	2.6005064908163915e-6	0.04162970775082485	0.2332854386972493	0.24534111714773044	0.18589810620982244	0.1971144620285166	0.09672856765935595	2.0222262669290004e-6	0.0323724200633959	0.1814092537325418	0.18589810620982244	0.37181767485549727	0.1532816949749306	0.07521882793753788	2.144239394540877e-6	0.034325643738162395	0.1923547699626606	0.1971144620285166	0.1532816949749306	0.3431640508078596	0.07975723424846769	1.052227234969181e-6	0.016844377214176424	0.09439287807426987	0.09672856765935595	0.07521882793753788	0.07975723424846769	0.6370570626389535
0.999986492888412	1.7770182521621827e-6	2.68091018183296e-6	2.683638209950207e-6	2.5638562904186115e-6	2.682986124965586e-6	1.1187025285547984e-6	1.7770182521621827e-6	0.43410663207383177	0.12933439525656437	0.12946600274911596	0.12368739732239575	0.12943454439675733	0.0539692511830817	2.68091018183296e-6	0.12933439525656437	0.21204806191492143	0.19531972986152613	0.1866017990769438	0.1952722700129628	0.08142106296689806	2.683638209950207e-6	0.12946600274911596	0.19531972986152613	0.21144501398807367	0.1867916804679954	0.19547097426151389	0.08150391503356373	2.5638562904186115e-6	0.12368739732239575	0.1866017990769438	0.1867916804679954	0.23830420967789318	0.1867462928111817	0.07786605678729831	2.682986124965586e-6	0.12943454439675733	0.1952722700129628	0.19547097426151389	0.1867462928111817	0.21158912476174163	0.08148411076971615	1.1187025285547984e-6	0.0539692511830817	0.08142106296689806	0.08150391503356373	0.07786605678729831	0.08148411076971615	0.623754484556913
0.9999908157828452	1.6787691765490554e-6	1.3122794942090414e-6	3.1524259714236766e-7	2.689794546190338e-6	2.889748880355087e-6	2.983824602090925e-7	1.6787691765490554e-6	0.5278141231613623	0.08255838191452805	0.01983260337866825	0.16922087588501356	0.1818004417155293	0.0187718951757198	1.3122794942090414e-6	0.08255838191452805	0.6128731407084954	0.015502976284153138	0.1322785100644285	0.1421118489868007	0.014673829762098268	3.1524259714236766e-7	0.01983260337866825	0.015502976284153138	0.8952236040241214	0.03177663084948779	0.034138846607753646	0.00352502361321814	2.689794546190338e-6	0.16922087588501356	0.1322785100644285	0.03177663084948779	0.34535586364818566	0.29128831018129897	0.030077119577035783	2.889748880355087e-6	0.1818004417155293	0.1421118489868007	0.034138846607753646	0.29128831018129897	0.31834466593804395	0.032312996821689165	2.983824602090925e-7	0.0187718951757198	0.014673829762098268	0.00352502361321814	0.030077119577035783	0.032312996821689165	0.9006388366677781
