0.9997204645470712	9.391007576679923e-5	7.480080475424355e-7	3.651612532428426e-8	0.0001824359890267322	3.9571816724826157e-7	2.0091457953607765e-6	9.391007576679923e-5	0.6598630759000813	0.0013702593626429415	6.6893080599116e-5	0.3342004445917713	0.0007249073394615771	0.0036805096496660603	7.480080475424355e-7	0.0013702593626429415	0.9959314125890244	5.328135687729191e-7	0.0026619574098489204	5.773997297013543e-6	2.9315819570247974e-5	3.651612532428426e-8	6.6893080599116e-5	5.328135687729191e-7	0.999800873612481	0.00012995096871659762	2.818739846617274e-7	1.4311345244591762e-6	0.0001824359890267322	0.3342004445917713	0.0026619574098489204	0.00012995096871659762	0.6542669535914098	0.001408253441897073	0.0071500040073085	3.9571816724826157e-7	0.0007249073394615771	5.773997297013543e-6	2.818739846617274e-7	0.001408253441897073	0.9978448787019426	1.5508927249958654e-5	2.0091457953607765e-6	0.0036805096496660603	2.9315819570247974e-5	1.4311345244591762e-6	0.0071500040073085	1.5508927249958654e-5	0.9891212213158851
0.97682980937261	0.005803213812260753	0.0019543187221266966	0.0003300744632887056	0.007132638692105718	0.0006327366507345056	0.007317208286873422	0.005803213812260753	0.40770375801777636	0.06599849343674134	0.011146808886571824	0.24087340646019184	0.021367889084767062	0.24710643030168813	0.0019543187221266966	0.06599849343674134	0.7567628976354803	0.0037538539856950427	0.08111770876217282	0.0071959550417493015	0.08321677241603341	0.0003300744632887056	0.011146808886571824	0.0037538539856950427	0.9557986469547574	0.01370036723270358	0.0012153601003578134	0.014054888376625746	0.007132638692105718	0.24087340646019184	0.08111770876217282	0.01370036723270358	0.32719832154710965	0.026262935915376682	0.3037146213903364	0.0006327366507345056	0.021367889084767062	0.0071959550417493015	0.0012153601003578134	0.026262935915376682	0.9163825875462198	0.02694253566079435	0.007317208286873422	0.24710643030168813	0.08321677241603341	0.014054888376625746	0.3037146213903364	0.02694253566079435	0.3176475435676453
0.9822241904175871	0.003740240764594506	0.002862747678122685	0.0017250029936108462	0.004556464781304939	0.0003106357736579949	0.00458071759112174	0.003740240764594506	0.3598459842350233	0.12980535953731584	0.07821668514475554	0.20660345083024026	0.014085135268110853	0.20770314421995756	0.002862747678122685	0.12980535953731584	0.4795782276160204	0.05986636900709717	0.15813248033526695	0.010780639756275093	0.15897417606990005	0.0017250029936108462	0.07821668514475554	0.05986636900709717	0.6626172240737437	0.0952857298776416	0.006496079271928649	0.09579290963122146	0.004556464781304939	0.20660345083024026	0.15813248033526695	0.0952857298776416	0.2652332558492148	0.017158901479440197	0.25302971684688835	0.0003106357736579949	0.014085135268110853	0.010780639756275093	0.006496079271928649	0.017158901479440197	0.9339183748542054	0.017250233596381722	0.00458071759112174	0.20770314421995756	0.15897417606990005	0.09579290963122146	0.25302971684688835	0.017250233596381722	0.2626691020445262
0.9965293481513638	0.000632561857480455	0.0005667781105297439	0.000677248341070153	0.0007297254924386663	0.0001092681590330307	0.0007550698880842102	0.000632561857480455	0.31911645645372205	0.13584888685314925	0.1623270757078647	0.1749051242707734	0.026190068912957973	0.18097982594405237	0.0005667781105297439	0.13584888685314925	0.3757977462141885	0.14544574916985878	0.15671573409596856	0.023466412964345942	0.16215869259195934	0.000677248341070153	0.1623270757078647	0.14544574916985878	0.28248373063194887	0.1872610620704557	0.028040231186974185	0.1937649028918277	0.0007297254924386663	0.1749051242707734	0.15671573409596856	0.1872610620704557	0.24139646457334385	0.030212951837838835	0.2087789376591811	0.0001092681590330307	0.026190068912957973	0.023466412964345942	0.028040231186974185	0.030212951837838835	0.8607187766676794	0.03126229027117075	0.0007550698880842102	0.18097982594405237	0.16215869259195934	0.1937649028918277	0.2087789376591811	0.03126229027117075	0.2223002807537246
0.9992207657298445	0.00013121542877537082	0.00016825743423578237	0.00016830057749679515	0.00015905320816136373	0.00012696870709982176	2.543891438638501e-5	0.00013121542877537082	0.35872849234145937	0.16647142593262307	0.16651411123929497	0.15736490029128028	0.12562096774939338	0.025168887017170672	0.00016825743423578237	0.16647142593262307	0.22469282760264592	0.21352090514552557	0.20178887962259537	0.1610836615556314	0.03227404270673933	0.00016830057749679515	0.16651411123929497	0.21352090514552557	0.22454877874280485	0.20184062075571427	0.16112496537371798	0.03228231816544199	0.00015905320816136373	0.15736490029128028	0.20178887962259537	0.20184062075571427	0.25606613392036986	0.15227186405861562	0.030508548143259907	0.00012696870709982176	0.12562096774939338	0.1610836615556314	0.16112496537371798	0.15227186405861562	0.3754172639689909	0.024354308586548447	2.543891438638501e-5	0.025168887017170672	0.03227404270673933	0.03228231816544199	0.030508548143259907	0.024354308586548447	0.8553864564664527
0.999999878772129	1.091475708455319e-10	2.1413056961195295e-10	1.0950373186803778e-7	6.4086051350846e-13	1.1399577773198902e-8	6.422066674289246e-13	1.091475708455319e-10	0.9990091321256562	1.751794216692222e-6	0.0008958459529635341	5.2428559981183575e-9	9.325952129120153e-5	5.2538688332166855e-9	2.1413056961195295e-10	1.751794216692222e-6	0.9980577561910805	0.001757510521824839	1.0285668591372828e-8	0.00018296068580476817	1.030727406215316e-8	1.0950373186803778e-7	0.0008958459529635341	0.001757510521824839	0.9037721652560187	5.2599640376164015e-6	0.09356383778862035	5.27101280885677e-6	6.4086051350846e-13	5.2428559981183575e-9	1.0285668591372828e-8	5.2599640376164015e-6	0.9999941769021983	5.475737503019215e-7	3.084811739077904e-11	1.1399577773198902e-8	9.325952129120153e-5	0.00018296068580476817	0.09356383778862035	5.475737503019215e-7	0.9061588343070046	5.487239515316354e-7	6.422066674289246e-13	5.2538688332166855e-9	1.030727406215316e-8	5.27101280885677e-6	3.084811739077904e-11	5.487239515316354e-7	0.9999941646706064
0.9999999854569644	1.722695869238478e-12	3.757947888324459e-11	7.973774161640508e-9	1.4107759617701326e-16	6.5299459881001025e-9	1.3134714022653318e-14	1.722695869238478e-12	0.9997850847726457	5.554107965626543e-7	0.00011784943246517667	2.085074684331392e-12	9.651018615851151e-5	1.9412621448556624e-10	3.757947888324459e-11	5.554107965626543e-7	0.9953233259871973	0.0025708079631520764	4.5484534716192776e-11	0.002105306321054235	4.234735862674003e-9	7.973774161640508e-9	0.00011784943246517667	0.0025708079631520764	0.5505975489810608	9.651102635058806e-9	0.4467128774541244	8.985443227691449e-7	1.4107759617701326e-16	2.085074684331392e-12	4.5484534716192776e-11	9.651102635058806e-9	0.9999999823977546	7.903557042751601e-9	1.5897675372422766e-14	6.5299459881001025e-9	9.651018615851151e-5	0.002105306321054235	0.4467128774541244	7.903557042751601e-9	0.5510845557621621	7.358429993945736e-7	1.3134714022653318e-14	1.9412621448556624e-10	4.234735862674003e-9	8.985443227691449e-7	1.5897675372422766e-14	7.358429993945736e-7	0.9999983611837867
0.9999999481535427	2.2239231893646104e-11	1.7483195358219836e-8	1.7326720307595257e-8	6.400075571988636e-16	1.7014056047646206e-8	2.4575022076024e-13	2.2239231893646104e-11	0.9987394397607833	0.00042525717397462096	0.00042145111126910655	1.5567394833738322e-11	0.00041384593859532037	5.977571161498475e-9	1.7483195358219836e-8	0.00042525717397462096	0.34290787848517973	0.33132044071907957	1.223818369260089e-8	0.32534169468033763	4.699220048782227e-6	1.7326720307595257e-8	0.00042145111126910655	0.33132044071907957	0.34582354345374616	1.2128651632035528e-8	0.32242987809862467	4.657161907809529e-6	6.400075571988636e-16	1.5567394833738322e-11	1.223818369260089e-8	1.2128651632035528e-8	0.9999999637076371	1.19097875989474e-8	1.7202440872726533e-13	1.7014056047646206e-8	0.00041384593859532037	0.32534169468033763	0.32242987809862467	1.19097875989474e-8	0.35180997923614216	4.573122455707918e-6	2.4575022076024e-13	5.977571161498475e-9	4.699220048782227e-6	4.657161907809529e-6	1.7202440872726533e-13	4.573122455707918e-6	0.9999860645175987
0.9999999999998561	7.214452533321469e-23	1.2107992054324717e-20	1.4377789056076513e-13	2.6002663026358252e-27	8.911508008552656e-18	7.648701519364612e-25	7.214452533321469e-23	0.9999999995007314	4.2042392133091926e-17	4.992377289234677e-10	9.028864163057749e-24	3.0943290391319576e-14	2.6558467097048112e-21	1.2107992054324717e-20	4.2042392133091926e-17	0.9999999162079023	8.378690451015428e-8	1.5153113149051362e-21	5.193202290295884e-12	4.457298833152837e-19	1.4377789056076513e-13	4.992377289234677e-10	8.378690451015428e-8	0.9999382483677741	1.799375680314407e-14	6.166734064608033e-5	5.292876151176302e-12	2.6002663026358252e-27	9.028864163057749e-24	1.5153113149051362e-21	1.799375680314407e-14	0.999999999999982	1.1152723637115649e-18	9.572325373706817e-26	8.911508008552656e-18	3.0943290391319576e-14	5.193202290295884e-12	6.166734064608033e-5	1.1152723637115649e-18	0.9999383326541293	3.280581459744708e-16	7.648701519364612e-25	2.6558467097048112e-21	4.457298833152837e-19	5.292876151176302e-12	9.572325373706817e-26	3.280581459744708e-16	0.9999999999947069
1.0	1.297561338076642e-31	5.66163834777928e-29	2.454517706514238e-17	5.412830864582841e-36	1.5344382596367605e-27	2.899223940582843e-33	1.297561338076642e-31	0.9999999999999947	1.2132792300767342e-26	5.259988664478017e-15	1.1599602200823373e-33	3.288274446181478e-25	6.21298637315843e-31	5.66163834777928e-29	1.2132792300767342e-26	0.999999999997705	2.295086379179253e-12	5.061244560238856e-31	1.4347699916922228e-22	2.7109070586708705e-28	2.454517706514238e-17	5.259988664478017e-15	2.295086379179253e-12	0.9999999999354872	2.1942260573704605e-19	6.220228373939118e-11	1.175272768673406e-16	5.412830864582841e-36	1.1599602200823373e-33	5.061244560238856e-31	2.1942260573704605e-19	1.0	1.371717304701232e-29	2.591772998701829e-35	1.5344382596367605e-27	3.288274446181478e-25	1.4347699916922228e-22	6.220228373939118e-11	1.371717304701232e-29	0.9999999999377978	7.34720102843649e-27	2.899223940582843e-33	6.21298637315843e-31	2.7109070586708705e-28	1.175272768673406e-16	2.591772998701829e-35	7.34720102843649e-27	0.9999999999999998
0.9999999999999782	6.661920377849432e-26	2.928621110676502e-23	2.1695803334533765e-14	1.0771083606386692e-29	4.1930660597202605e-22	1.1606318008482366e-26	6.661920377849432e-26	0.9999999999969447	4.124147859038103e-21	3.0552501498413473e-12	1.5168073887352007e-27	5.904766700601315e-20	1.6344269114054496e-24	2.928621110676502e-23	4.124147859038103e-21	0.9999999986568933	1.343106728950633e-9	6.667978431939775e-25	2.595771704281916e-17	7.1850410769169e-22	2.1695803334533765e-14	3.0552501498413473e-12	1.343106728950633e-9	0.9999999794232771	4.939770056661941e-16	1.922998922330341e-8	5.322820271527947e-13	1.0771083606386692e-29	1.5168073887352007e-27	6.667978431939775e-25	4.939770056661941e-16	0.9999999999999996	9.546907228110123e-24	2.642563692266686e-28	4.1930660597202605e-22	5.904766700601315e-20	2.595771704281916e-17	1.922998922330341e-8	9.546907228110123e-24	0.9999999807700107	1.02872139272249e-20	1.1606318008482366e-26	1.6344269114054496e-24	7.1850410769169e-22	5.322820271527947e-13	2.642563692266686e-28	1.02872139272249e-20	0.9999999999994678
0.9999983684117972	3.3895874640456646e-10	6.617883376859278e-7	6.613537294149008e-7	1.7511540817902818e-12	3.076906225070446e-7	4.148032728782305e-10	3.3895874640456646e-10	0.9994928763356806	0.00020573698576074892	0.00020560187459215312	5.44399382512457e-10	9.565496642446178e-5	1.2895418396774693e-7	6.617883376859278e-7	0.00020573698576074892	0.4113622159886944	0.40142030336945606	1.0628938365265054e-6	0.18675824681594633	0.0002517721579717019	6.613537294149008e-7	0.00020560187459215312	0.40142030336945606	0.4114851650661174	1.0621958150802624e-6	0.18663559932561344	0.00025160681467983984	1.7511540817902818e-12	5.44399382512457e-10	1.0628938365265054e-6	1.0621958150802624e-6	0.9999973795181278	4.941798572082868e-7	6.662127707704214e-10	3.076906225070446e-7	9.565496642446178e-5	0.18675824681594633	0.18663559932561344	4.941798572082868e-7	0.626392638548904	0.00011705847263361676	4.148032728782305e-10	1.2895418396774693e-7	0.0002517721579717019	0.00025160681467983984	6.662127707704214e-10	0.00011705847263361676	0.9993794325195148
0.9999950208052403	8.989761695655968e-9	2.3807865977308345e-6	2.407264866625724e-6	1.7041536243624587e-9	1.7593743371089866e-7	4.511946349010428e-9	8.989761695655968e-9	0.9962980518495508	0.0017732723585554388	0.0017929940683375997	1.2692983569775908e-6	0.00013104281934889686	3.3606160886536896e-6	2.3807865977308345e-6	0.0017732723585554388	0.4874495088273467	0.47484420524425913	0.00033615223841520434	0.03470447811597429	0.0008900024288576551	2.407264866625724e-6	0.0017929940683375997	0.47484420524425913	0.4870301528133339	0.00033989080505820383	0.03509044908216144	0.0008999007219893698	1.7041536243624587e-9	1.2692983569775908e-6	0.00033615223841520434	0.00033989080505820383	0.9992972076255151	2.4841269780044202e-5	6.370587209600204e-7	1.7593743371089866e-7	0.00013104281934889686	0.03470447811597429	0.03509044908216144	2.4841269780044202e-5	0.9299832426035953	6.577017170666449e-5	4.511946349010428e-9	3.3606160886536896e-6	0.0008900024288576551	0.0008999007219893698	6.370587209600204e-7	6.577017170666449e-5	0.9981403244906905
0.9999959846061145	2.2648151535230397e-7	1.739964319758584e-6	1.727498207119927e-6	3.6737534441448795e-8	2.835431947272055e-7	1.1691141571755989e-9	2.2648151535230397e-7	0.8781046804595317	0.05597730745744126	0.05557625358981367	0.001181902546681329	0.009122017278441731	3.76121865752661e-5	1.739964319758584e-6	0.05597730745744126	0.43760172094376004	0.42696949515596294	0.009080071093035436	0.07008070642771976	0.00028895895776423264	1.727498207119927e-6	0.05557625358981367	0.42696949515596294	0.43857201122813283	0.009015016202123364	0.06957860763741476	0.000286888688348629	3.6737534441448795e-8	0.001181902546681329	0.009080071093035436	0.009015016202123364	0.9792371912259131	0.0014796811272696868	6.101067442866608e-6	2.835431947272055e-7	0.009122017278441731	0.07008070642771976	0.06957860763741476	0.0014796811272696868	0.8496916154651787	4.708852078120893e-5	1.1691141571755989e-9	3.76121865752661e-5	0.00028895895776423264	0.000286888688348629	6.101067442866608e-6	4.708852078120893e-5	0.9993333494099736
0.9999998704313994	3.5897218013278866e-8	4.6963415563987106e-8	1.1518956421800443e-10	1.8989658472804935e-10	4.6389596255970045e-8	1.3284528541879857e-11	3.5897218013278866e-8	0.4512074484126638	0.27514455627324647	0.0006748610839620267	0.0011125470946979018	0.27178272117268265	7.783006553206696e-5	4.6963415563987106e-8	0.27514455627324647	0.36684874478329615	0.0008829035587757107	0.0014555170131422572	0.3555664083167229	0.00010182309140509763	1.1518956421800443e-10	0.0006748610839620267	0.0008829035587757107	0.9975662996130619	3.570020801134294e-6	0.0008721158615211912	2.497466886815901e-7	1.8989658472804935e-10	0.0011125470946979018	0.0014555170131422572	3.570020801134294e-6	0.9959902210825318	0.0014377328772301153	4.1172170022291404e-7	4.6389596255970045e-8	0.27178272117268265	0.3555664083167229	0.0008721158615211912	0.0014377328772301153	0.37024039640938244	0.00010057897286839062	1.3284528541879857e-11	7.783006553206696e-5	0.00010182309140509763	2.497466886815901e-7	4.1172170022291404e-7	0.00010057897286839062	0.9997191063885211
0.9999999999779643	2.7315305740534594e-13	1.0899080381886234e-11	7.048707845894313e-23	2.5396199802686037e-18	1.0863476733475698e-11	7.922495896631046e-17	2.7315305740534594e-13	0.9754612291023471	0.012289412049605774	7.947870104660405e-14	2.8635843844956727e-9	0.012249266652888308	8.933122164767437e-8	1.0899080381886234e-11	0.012289412049605774	0.4989489098655776	3.1712797198142945e-12	1.142598830245483e-7	0.48875799940570375	3.564405152914989e-6	7.048707845894313e-23	7.947870104660405e-14	3.1712797198142945e-12	0.9999999999935882	7.389472374977724e-19	3.160920210185997e-12	2.305189950617638e-17	2.5396199802686037e-18	2.8635843844956727e-9	1.142598830245483e-7	7.389472374977724e-19	0.999999768989068	1.1388663422188818e-7	8.305503058000803e-13	1.0863476733475698e-11	0.012249266652888308	0.48875799940570375	3.160920210185997e-12	1.1388663422188818e-7	0.49898906727930853	3.552761434049679e-6	7.922495896631046e-17	8.933122164767437e-8	3.564405152914989e-6	2.305189950617638e-17	8.305503058000803e-13	3.552761434049679e-6	0.9999927935013606
0.9999999999962552	1.673591350280248e-15	1.8763149959090415e-12	3.250011986132508e-24	1.0119808548434346e-20	1.8667747040844083e-12	5.833053307982645e-17	1.673591350280248e-15	0.9991156022974729	0.0004433190067759515	7.67883904804674e-16	2.391018290764746e-12	0.0004410649115386003	1.3781819175373696e-8	1.8763149959090415e-12	0.0004433190067759515	0.5050497208111676	8.608983820697541e-13	2.680644515582285e-9	0.494491506275167	1.54512234933159e-5	3.250011986132508e-24	7.67883904804674e-16	8.608983820697541e-13	0.9999999999982818	4.6432112013164e-21	8.565210670591043e-13	2.6763449454477007e-17	1.0119808548434346e-20	2.391018290764746e-12	2.680644515582285e-9	4.6432112013164e-21	0.9999999946498666	2.6670145381997467e-9	8.333538021726064e-14	1.8667747040844083e-12	0.0004410649115386003	0.494491506275167	8.565210670591043e-13	2.6670145381997467e-9	0.5050520534831799	1.5372660362127764e-5	5.833053307982645e-17	1.3781819175373696e-8	1.54512234933159e-5	2.6763449454477007e-17	8.333538021726064e-14	1.5372660362127764e-5	0.999969162334242
0.9999999997483691	1.0907011936453365e-12	1.26629842839379e-10	3.4125014345776006e-18	7.833932678324504e-17	1.2332489395296497e-10	5.854216013037885e-13	1.0907011936453365e-12	0.9914746029301132	0.004308967255471945	1.1612078646814206e-10	2.665734919634167e-9	0.004196506273026992	1.9920758441307306e-5	1.26629842839379e-10	0.004308967255471945	0.506165718338181	1.3481563077510788e-8	3.0949044146226914e-7	0.4872122015854989	0.0023127897222089576	3.4125014345776006e-18	1.1612078646814206e-10	1.3481563077510788e-8	0.9999999732102772	8.340344991327858e-15	1.3129703864223635e-8	6.232652641704173e-11	7.833932678324504e-17	2.665734919634167e-9	3.0949044146226914e-7	8.340344991327858e-15	0.9999993850000511	3.0141296093373433e-7	1.4308032432676643e-9	1.2332489395296497e-10	0.004196506273026992	0.4872122015854989	1.3129703864223635e-8	3.0141296093373433e-7	0.5063385499210309	0.002252427554448711	5.854216013037885e-13	1.9920758441307306e-5	0.0023127897222089576	6.232652641704173e-11	1.4308032432676643e-9	0.002252427554448711	0.9954148604711858
0.9999999961101926	3.1875801135036193e-10	3.3121962016106508e-9	1.9344875965716662e-14	4.998294212942191e-13	6.263036952098867e-11	1.9570368839239509e-10	3.1875801135036193e-10	0.9120908979987902	0.08153686978453768	4.762159415096409e-7	1.2304381732799983e-5	0.0015417819396408516	0.004817669360602755	3.3121962016106508e-9	0.08153686978453768	0.8522496309705949	4.948332516985636e-6	0.0001278541244058408	0.016020567648031076	0.050060125827756215	1.9344875965716662e-14	4.762159415096409e-7	4.948332516985636e-6	0.9999941887606187	7.467317839243863e-10	9.356809657013336e-8	2.92376074972611e-7	4.998294212942191e-13	1.2304381732799983e-5	0.0001278541244058408	7.467317839243863e-10	0.9998498687906318	2.4175956280688813e-6	7.554360369785989e-6	6.263036952098867e-11	0.0015417819396408516	0.016020567648031076	9.356809657013336e-8	2.4175956280688813e-6	0.9814885514876558	0.0009465876983177921	1.9570368839239509e-10	0.004817669360602755	0.050060125827756215	2.92376074972611e-7	7.554360369785989e-6	0.0009465876983177921	0.9441677701811773
0.9999999053196337	1.4809440555606049e-8	6.543857376957967e-8	1.054407921069591e-9	3.8388646212079514e-10	1.0714711538509108e-11	1.2983342911346426e-8	1.4809440555606049e-8	0.8100450626364818	0.1556308392789323	0.0025076706328630103	0.0009129870785089262	2.5482516707065197e-5	0.030877943047076882	6.543857376957967e-8	0.1556308392789323	0.6927010395554641	0.01108066095287414	0.004034222093896946	0.00011259976655489477	0.13644057291375045	1.054407921069591e-9	0.0025076706328630103	0.01108066095287414	0.9841463908705723	6.500318521820093e-5	1.8143134687519716e-6	0.0021984589905963	3.8388646212079514e-10	0.0009129870785089262	0.004034222093896946	6.500318521820093e-5	0.9941867167074079	6.605511631501995e-7	0.0008004099999187756	1.0714711538509108e-11	2.5482516707065197e-5	0.00011259976655489477	1.8143134687519716e-6	6.605511631501995e-7	0.9998371024800923	2.2340361299245746e-5	1.2983342911346426e-8	0.030877943047076882	0.13644057291375045	0.0021984589905963	0.0008004099999187756	2.2340361299245746e-5	0.8296602617040246
0.9999997037780866	1.1397467432203143e-9	1.463847111951685e-7	1.4569651754464973e-7	1.465356673041885e-10	2.4823993046780443e-11	2.829578283402874e-9	1.1397467432203143e-9	0.9923071174718513	0.003816293722377029	0.003798352305634724	3.820229193824176e-6	6.471690114034669e-7	7.376796218511903e-5	1.463847111951685e-7	0.003816293722377029	0.49828947132509777	0.4878458381963212	0.0004906556220176055	8.311991185084416e-5	0.009474474837641538	1.4569651754464973e-7	0.003798352305634724	0.4878458381963212	0.498354652940554	0.0004883489188044971	8.272914293037156e-5	0.00942993279925495	1.465356673041885e-10	3.820229193824176e-6	0.0004906556220176055	0.0004883489188044971	0.9990076076326334	8.320562748584897e-8	9.484245187596945e-6	2.4823993046780443e-11	6.471690114034669e-7	8.311991185084416e-5	8.272914293037156e-5	8.320562748584897e-8	0.9998318138595416	1.6066862145045688e-6	2.829578283402874e-9	7.376796218511903e-5	0.009474474837641538	0.00942993279925495	9.484245187596945e-6	1.6066862145045688e-6	0.9810107306399384
0.999999915539358	3.6249563471605946e-12	4.22558963499628e-8	4.2163983620707085e-8	3.4707828392003387e-12	1.398648804323844e-11	1.9679851496193814e-11	3.6249563471605946e-12	0.999914988872228	4.2533129563325354e-5	4.244061381145075e-5	3.4935540110961153e-9	1.407825083515203e-8	1.9808967405216355e-8	4.22558963499628e-8	4.2533129563325354e-5	0.5047940172843388	0.49472766193452095	4.0724147285665e-5	0.00016410931639078478	0.00023091193198237171	4.2163983620707085e-8	4.244061381145075e-5	0.49472766193452095	0.5047950577017066	4.0635566333727845e-5	0.00016375235472463424	0.00023040966489731366	3.4707828392003387e-12	3.4935540110961153e-9	4.0724147285665e-5	4.0635566333727845e-5	0.9999186043433994	1.3479486847580174e-8	1.896646953725589e-8	1.398648804323844e-11	1.407825083515203e-8	0.00016410931639078478	0.00016375235472463424	1.3479486847580174e-8	0.9996720343264783	7.643068198020542e-8	1.9679851496193814e-11	1.9808967405216355e-8	0.00023091193198237171	0.00023040966489731366	1.896646953725589e-8	7.643068198020542e-8	0.9995385631773215
0.9999999473457628	1.8331385625286375e-12	6.347286131628126e-11	5.254469727823973e-8	2.5158617586019937e-11	1.306986449429113e-11	6.005425516331558e-12	1.8331385625286375e-12	0.9999652884236072	4.184505908073306e-8	3.464056789611252e-5	1.658604665749537e-8	8.616426620750141e-9	3.959131199137801e-9	6.347286131628126e-11	4.184505908073306e-8	0.9987995104125819	0.0011994379513538963	5.742958338208696e-7	2.9834583327207915e-7	1.370858650145876e-7	5.254469727823973e-8	3.464056789611252e-5	0.0011994379513538963	0.997929986853374	0.00047541894457704947	0.00024697943606781194	0.00011348370199390212	2.5158617586019937e-11	1.658604665749537e-8	5.742958338208696e-7	0.00047541894457704947	0.999523817557148	1.1825477175627761e-7	5.433646416482083e-8	1.306986449429113e-11	8.616426620750141e-9	2.9834583327207915e-7	0.00024697943606781194	1.1825477175627761e-7	0.9997525671061183	2.8227712484796436e-8	6.005425516331558e-12	3.959131199137801e-9	1.370858650145876e-7	0.00011348370199390212	5.433646416482083e-8	2.8227712484796436e-8	0.9998862926828279
0.9977994871325409	0.00021163156846926832	0.00020118474839849097	0.000548352886906187	0.0005384224583070457	0.0004383284519318695	0.00026259275344625804	0.00021163156846926832	0.6534189159593645	0.0350369080266019	0.09549724726945463	0.09376783429823031	0.07633617248838578	0.04573129038949406	0.00020118474839849097	0.0350369080266019	0.6687977461332277	0.09078319365876472	0.08913915011644519	0.07256797162569742	0.04347384569086495	0.000548352886906187	0.09549724726945463	0.09078319365876472	0.2539261504551046	0.242959323168472	0.197792611292079	0.11849312126921996	0.0005384224583070457	0.09376783429823031	0.08913915011644519	0.242959323168472	0.26303733232479465	0.19421067445765192	0.1163472631760999	0.0004383284519318695	0.07633617248838578	0.07256797162569742	0.197792611292079	0.19421067445765192	0.3639362094631566	0.09471803222109823	0.00026259275344625804	0.04573129038949406	0.04347384569086495	0.11849312126921996	0.1163472631760999	0.09471803222109823	0.5809738544997771
0.9481055169604214	0.007029934732998848	0.010437062518353456	0.010313001840663031	0.007318085009532303	0.010257855533730256	0.006538543404300722	0.007029934732998848	0.4220376009807762	0.13281885248890418	0.13124009440243473	0.09312770251908684	0.1305383194352989	0.08320749544050063	0.010437062518353456	0.13281885248890418	0.20629435392963888	0.19484691141769736	0.13826296975700406	0.19380501423315732	0.12353483565524556	0.010313001840663031	0.13124009440243473	0.19484691141769736	0.2134127189227768	0.13661949989205102	0.19150134101444394	0.12206643250993385	0.007318085009532303	0.09312770251908684	0.13826296975700406	0.13661949989205102	0.4021646921735661	0.13588895984265986	0.08661809080610065	0.010257855533730256	0.1305383194352989	0.19380501423315732	0.19150134101444394	0.13588895984265986	0.21659479843843138	0.12141371150227924	0.006538543404300722	0.08320749544050063	0.12353483565524556	0.12206643250993385	0.08661809080610065	0.12141371150227924	0.45662089068163986
0.9985079942189232	3.5998990623958504e-5	0.00013482131772960904	0.0006726488316636585	2.95294873119869e-6	0.0004805115359368723	0.0001650721563914072	3.5998990623958504e-5	0.948037396280727	0.004808228451025325	0.023989153231988115	0.00010531310880853716	0.017136824331973888	0.005887085604852792	0.00013482131772960904	0.004808228451025325	0.8185919586044811	0.08984277597499216	0.00039441250595285146	0.06417983388122817	0.02204796926458904	0.0006726488316636585	0.023989153231988115	0.08984277597499216	0.4533209473642618	0.0019677979401951555	0.320205224244703	0.110001452412188	2.95294873119869e-6	0.00010531310880853716	0.00039441250595285146	0.0019677979401951555	0.9956409031639984	0.0014057106266251369	0.00048290970568875717	0.0004805115359368723	0.017136824331973888	0.06417983388122817	0.320205224244703	0.0014057106266251369	0.5180115658439263	0.07858032953560089	0.0001650721563914072	0.005887085604852792	0.02204796926458904	0.110001452412188	0.00048290970568875717	0.07858032953560089	0.7828351813206871
0.999602732560692	5.454641806054336e-5	0.00011435440716534526	0.00011529212095488574	6.55881908174538e-6	3.896694080162906e-6	0.00010261897996534577	5.454641806054336e-5	0.594997104178084	0.13511756080822132	0.13622553384677455	0.007749693764110713	0.004604210824740344	0.12125135016000664	0.00011435440716534526	0.13511756080822132	0.29907851318776535	0.28559144152306964	0.01624692633573501	0.009652545814155016	0.2541986579238844	0.00011529212095488574	0.13622553384677455	0.28559144152306964	0.29567277902908967	0.016380152218674872	0.009731697335626482	0.25628310392580594	6.55881908174538e-6	0.007749693764110713	0.01624692633573501	0.016380152218674872	0.9444834321755391	0.0005536236271310679	0.01457961305972729	3.896694080162906e-6	0.004604210824740344	0.009652545814155016	0.009731697335626482	0.0005536236271310679	0.966792056042834	0.008661969661432815	0.00010261897996534577	0.12125135016000664	0.2541986579238844	0.25628310392580594	0.01457961305972729	0.008661969661432815	0.34492268628917405
0.9999842693479862	4.631770317187986e-6	4.667261779642729e-6	1.4196076132632494e-7	2.0919015161251002e-6	3.824549652795081e-10	4.197375184499362e-6	4.631770317187986e-6	0.30531856786564276	0.29212298753926697	0.008885295847958484	0.13093170029454926	2.3937780294215422e-5	0.2627128789019833	4.667261779642729e-6	0.29212298753926697	0.3022339183809376	0.008953380429531293	0.13193497921533148	2.412120623556862e-5	0.2647259459669296	1.4196076132632494e-7	0.008885295847958484	0.008953380429531293	0.970095496601833	0.004012971840721355	7.336774672134929e-7	0.008051979641727663	2.0919015161251002e-6	0.13093170029454926	0.13193497921533148	0.004012971840721355	0.614455303379936	1.0811304417301143e-5	0.11865214206353396	3.824549652795081e-10	2.3937780294215422e-5	2.412120623556862e-5	7.336774672134929e-7	1.0811304417301143e-5	0.9999187028970946	2.1692752036102244e-5	4.197375184499362e-6	0.2627128789019833	0.2647259459669296	0.008051979641727663	0.11865214206353396	2.1692752036102244e-5	0.34583116329861585
0.9999718365683539	6.917631471381365e-6	7.21765442489635e-6	2.3560334949075797e-9	7.240664733927286e-6	3.737842885039434e-9	6.781387139680629e-6	6.917631471381365e-6	0.2867258265292427	0.2423121992518793	7.909711715940812e-5	0.24308470486915007	0.00012548743353626296	0.22766576716756876	7.21765442489635e-6	0.2423121992518793	0.26629984646902133	8.252761946397043e-5	0.2536274739384306	0.00013092991924749543	0.23753980514754072	2.3560334949075797e-9	7.909711715940812e-5	8.252761946397043e-5	0.9996780001645845	8.27907223940446e-5	4.2738992070415405e-8	7.753928137248863e-5	7.240664733927286e-6	0.24308470486915007	0.2536274739384306	8.27907223940446e-5	0.2647693463834769	0.00013134733157093507	0.23829709609025193	3.737842885039434e-9	0.00012548743353626296	0.00013092991924749543	4.2738992070415405e-8	0.00013134733157093507	0.9994891729089367	0.00012301592987352527	6.781387139680629e-6	0.22766576716756876	0.23753980514754072	7.753928137248863e-5	0.23829709609025193	0.00012301592987352527	0.2962899949962606
0.9994606293001312	0.00012668761003167267	0.00012823299838772087	5.657541621467386e-8	0.00012840172438791873	3.6101906536170647e-5	0.00011988988510898093	0.00012668761003167267	0.2545941034150077	0.23158057588604944	0.00010217157543468693	0.23188528422777147	0.0651977292221789	0.21651344806352668	0.00012823299838772087	0.23158057588604944	0.24832624764401	0.00010341790696589502	0.23471391773103936	0.06599303834163857	0.21915456949190923	5.657541621467386e-8	0.00010217157543468693	0.00010341790696589502	0.9995649950209025	0.00010355398184529872	2.91156227990583e-5	9.668931663645548e-5	0.00012840172438791873	0.23188528422777147	0.23471391773103936	0.00010355398184529872	0.2476460439035075	0.0660798704483528	0.2194429279830961	3.6101906536170647e-5	0.0651977292221789	0.06599303834163857	2.91156227990583e-5	0.0660798704483528	0.740964754408755	0.061699390049739615	0.00011988988510898093	0.21651344806352668	0.21915456949190923	9.668931663645548e-5	0.2194429279830961	0.061699390049739615	0.28297308520998327
0.9957902408895274	0.0008612148416258333	0.0008857069743291482	2.308753017631765e-6	0.0008881401302809682	0.0007967370276310347	0.0007756513835878567	0.0008612148416258333	0.23702363643749658	0.20158332943182788	0.000525462860312801	0.20213710589742054	0.18133412896870382	0.17653512156260587	0.0008857069743291482	0.20158332943182788	0.22105815137376036	0.0005404065253350488	0.20788569333764326	0.18649109948950576	0.18155561286759164	2.308753017631765e-6	0.000525462860312801	0.0005404065253350488	0.9974305514433085	0.000541891094601896	0.0004861222742814892	0.00047325704914260387	0.0008881401302809682	0.20213710589742054	0.20788569333764326	0.000541891094601896	0.21948938345916158	0.1870034155735335	0.18205437050735135	0.0007967370276310347	0.18133412896870382	0.18649109948950576	0.0004861222742814892	0.1870034155735335	0.2805702847312702	0.16331821193506815	0.0007756513835878567	0.17653512156260587	0.18155561286759164	0.00047325704914260387	0.18205437050735135	0.16331821193506815	0.2952877746946465
0.9885240533591971	0.00243033372238569	0.002527940847566245	2.2027257167771478e-5	0.002554984015994686	0.002121035415173158	0.0018196253825152455	0.00243033372238569	0.2557905442256937	0.20730201031363832	0.001806329723644717	0.20951966631055907	0.173934016666225	0.14921709903785582	0.002527940847566245	0.20730201031363832	0.23422725365504457	0.0018788755842519074	0.2179344005131063	0.18091955909668245	0.15520995998971313	2.2027257167771478e-5	0.001806329723644717	0.0018788755842519074	0.9914649216978997	0.0018989752432015728	0.0015764457695832308	0.0013524247242511242	0.002554984015994686	0.20951966631055907	0.2179344005131063	0.0018989752432015728	0.22836663999703383	0.18285498338216813	0.15687035053793913	0.002121035415173158	0.173934016666225	0.18091955909668245	0.0015764457695832308	0.18285498338216813	0.3283670905396165	0.1302268691305537	0.0018196253825152455	0.14921709903785582	0.15520995998971313	0.0013524247242511242	0.15687035053793913	0.1302268691305537	0.40530367119717386
0.9854422516455885	0.0036146040385830734	0.0036909518561906063	2.1135666935989044e-5	0.0037467204237194175	0.002350847188261091	0.0011334891807213473	0.0036146040385830734	0.2794094878569107	0.24182478842342886	0.0013847723796264185	0.24547864861147572	0.1540234460017549	0.07426425268821775	0.0036909518561906063	0.24182478842342886	0.2692969782262251	0.0014140215997177868	0.25066365888941455	0.15727673566698622	0.07583286533803439	2.1135666935989044e-5	0.0013847723796264185	0.0014140215997177868	0.9944098173425577	0.0014353868090577018	0.0009006209864974586	0.0004342452156069612	0.0037467204237194175	0.24547864861147572	0.25066365888941455	0.0014353868090577018	0.2620438065056017	0.15965311406353563	0.07697866469719274	0.002350847188261091	0.1540234460017549	0.15727673566698622	0.0009006209864974586	0.15965311406353563	0.47749564151583623	0.048299594577126854	0.0011334891807213473	0.07426425268821775	0.07583286533803439	0.0004342452156069612	0.07697866469719274	0.048299594577126854	0.7230568883030993
0.9889978497320118	0.0028333706439355134	0.002864999752652597	3.137469939346734e-6	0.0028777534922691164	0.001451622906339969	0.0009712660028517348	0.0028333706439355134	0.27596223325641844	0.25294481079565695	0.0002770006313090777	0.2540708116796887	0.1281607375535884	0.08575103543940035	0.002864999752652597	0.25294481079565695	0.27070339062973225	0.00028009280814839387	0.256907021386899	0.12959140456145773	0.08670828006545042	3.137469939346734e-6	0.0002770006313090777	0.00028009280814839387	0.998921558988197	0.00028133966017352123	0.0001419159411210591	9.495450111153841e-5	0.0028777534922691164	0.2540708116796887	0.256907021386899	0.00028133966017352123	0.2686005165205403	0.13016828943859798	0.0870942678218288	0.001451622906339969	0.1281607375535884	0.12959140456145773	0.0001419159411210591	0.13016828943859798	0.566553137319998	0.043932892278895616	0.0009712660028517348	0.08575103543940035	0.08670828006545042	9.495450111153841e-5	0.0870942678218288	0.043932892278895616	0.6954473038904606
0.9954366104977681	0.001162722447399729	0.001172980371450915	3.1571039900121817e-7	0.0011519230438848478	0.00043792589724531497	0.0006375220318520841	0.001162722447399729	0.2678782761170469	0.2521271701094502	6.786061507222197e-5	0.24760098660415147	0.09413031954961704	0.13703266455726784	0.001172980371450915	0.2521271701094502	0.26364360455927077	6.84593039829198e-5	0.24978540483849812	0.09496076852823032	0.13824161228912227	3.1571039900121817e-7	6.786061507222197e-5	6.84593039829198e-5	0.9997333670830948	6.723032349526663e-5	2.5558912025463904e-5	3.720805193047243e-5	0.0011519230438848478	0.24760098660415147	0.24978540483849812	6.723032349526663e-5	0.2723785203196968	0.09325603411195785	0.13575990075832098	0.00043792589724531497	0.09413031954961704	0.09496076852823032	2.5558912025463904e-5	0.09325603411195785	0.6655776324192306	0.05161176058169545	0.0006375220318520841	0.13703266455726784	0.13824161228912227	3.720805193047243e-5	0.13575990075832098	0.05161176058169545	0.536679331729814
0.9981689588993367	0.00048388758511437444	0.0005050157367226847	7.299666467514268e-7	0.0004411435357098686	0.00015025378029356895	0.0002500104961761136	0.00048388758511437444	0.2990223249520645	0.2625984210871732	0.00037956854597678233	0.22938611121703872	0.078129061330888	0.13000062528174117	0.0005050157367226847	0.2625984210871732	0.2798812194049326	0.00039614177916532907	0.2394018766214947	0.0815404376579409	0.13567688771256697	7.299666467514268e-7	0.00037956854597678233	0.00039614177916532907	0.9985635470324012	0.0003460394843088886	0.00011786127742885685	0.00019611191407208997	0.0004411435357098686	0.22938611121703872	0.2394018766214947	0.0003460394843088886	0.3406802093930786	0.07122755660088798	0.11851706314747815	0.00015025378029356895	0.078129061330888	0.0815404376579409	0.00011786127742885685	0.07122755660088798	0.7284678391879074	0.040366990164652325	0.0002500104961761136	0.13000062528174117	0.13567688771256697	0.00019611191407208997	0.11851706314747815	0.040366990164652325	0.5749923112833114
0.9951162839985367	0.000901237092993089	0.0011065069871704408	0.0005653428480128647	0.001059887345414589	0.0005964514657966005	0.000654290262075794	0.000901237092993089	0.3395083058840109	0.18326310474980578	0.09363382859413986	0.17554181569373856	0.09878613395291685	0.10836557403238903	0.0011065069871704408	0.18326310474980578	0.23081253337395222	0.11496029888300399	0.21552402482750113	0.12128611694336446	0.13304741423519464	0.0005653428480128647	0.09363382859413986	0.11496029888300399	0.5507782327777357	0.1101167615061851	0.061968193217221065	0.06797734217369761	0.001059887345414589	0.17554181569373856	0.21552402482750113	0.1101167615061851	0.2541396262972111	0.11617605854570606	0.12744182578423643	0.0005964514657966005	0.09878613395291685	0.12128611694336446	0.061968193217221065	0.11617605854570606	0.5294691749883739	0.07171787088661709	0.000654290262075794	0.10836557403238903	0.13304741423519464	0.06797734217369761	0.12744182578423643	0.07171787088661709	0.49079568262578516
0.9928171173183452	0.0007730868868840948	0.0016090064289177182	0.0015645499020234038	0.001540519586077971	0.0007875792816847951	0.0009081405960667218	0.0007730868868840948	0.5740296578560211	0.1067343077957326	0.10378526014757702	0.10219119620075132	0.05224449570498621	0.0602419954080509	0.0016090064289177182	0.1067343077957326	0.22884770721064085	0.2160056697862286	0.21268798430732194	0.10873516404306813	0.12538016042809655	0.0015645499020234038	0.10378526014757702	0.2160056697862286	0.24418629774220685	0.2068114576977819	0.10573083313564605	0.1219159315885422	0.001540519586077971	0.10219119620075132	0.21268798430732194	0.2068114576977819	0.25261856147151784	0.10410688664334337	0.12004339409321173	0.0007875792816847951	0.05224449570498621	0.10873516404306813	0.10573083313564605	0.10410688664334337	0.5670237409200224	0.061371300271252295	0.0009081405960667218	0.0602419954080509	0.12538016042809655	0.1219159315885422	0.12004339409321173	0.061371300271252295	0.5101390776147832
0.9912353833159782	0.0006489082788177441	0.001958919962019883	0.001895374947631929	0.001881557885746043	0.001091221842798071	0.001288633767008271	0.0006489082788177441	0.6952528110833344	0.07340137947482317	0.07102032674921113	0.07050259686622637	0.04088844369723364	0.048285533850353876	0.001958919962019883	0.07340137947482317	0.2282134418510149	0.21439568629279154	0.21283276679273397	0.12343375973006131	0.1457640458965563	0.001895374947631929	0.07102032674921113	0.21439568629279154	0.24629453329861753	0.20592872707172005	0.11942971658890189	0.14103563505112687	0.001881557885746043	0.07050259686622637	0.21283276679273397	0.20592872707172005	0.2502877617205551	0.11855908791082191	0.14000750175219762	0.001091221842798071	0.04088844369723364	0.12343375973006131	0.11942971658890189	0.11855908791082191	0.5153995008466142	0.08119826938356978	0.001288633767008271	0.048285533850353876	0.1457640458965563	0.14103563505112687	0.14000750175219762	0.08119826938356978	0.44242038029918784
