0.9999478264072191	1.6151518109331766e-5	7.772282131611975e-7	2.1702032928848147e-7	1.71695140920143e-5	1.7770675510735176e-5	8.76365262285721e-8	1.6151518109331766e-5	0.3762474622987956	0.013458012103373959	0.0037577923302133643	0.29729688725472797	0.30770623358599536	0.0015174609087912276	7.772282131611975e-7	0.013458012103373959	0.9571739668585043	0.00018082895975921496	0.014306242106485068	0.014807150912360885	7.302183130391625e-5	2.1702032928848147e-7	0.0037577923302133643	0.00018082895975921496	0.9879116307613656	0.003994638022984638	0.004134503498984958	2.0389406362860795e-5	1.71695140920143e-5	0.29729688725472797	0.014306242106485068	0.003994638022984638	0.35567165397979206	0.32710030586555006	0.0016131032563755543	1.7770675510735176e-5	0.30770623358599536	0.014807150912360885	0.004134503498984958	0.32710030586555006	0.34456445213031656	0.0016695833312890907	8.76365262285721e-8	0.0015174609087912276	7.302183130391625e-5	2.0389406362860795e-5	0.0016131032563755543	0.0016695833312890907	0.9951063536293513
0.9999810161838143	3.6212123319555265e-6	3.937498021149288e-6	3.1863453948644463e-6	3.8405161104447805e-6	4.038198767482001e-6	3.600455598581289e-7	3.6212123319555265e-6	0.27946827087171844	0.18467429259395937	0.1494441593610902	0.18012570218005536	0.1893973017212755	0.016886652059570652	3.937498021149288e-6	0.18467429259395937	0.23266514995880133	0.16249698383161215	0.19585832888984112	0.20593973298876303	0.018361574239003395	3.1863453948644463e-6	0.1494441593610902	0.16249698383161215	0.3480494750402503	0.1584946280485584	0.16665281259921153	0.014858754773883823	3.8405161104447805e-6	0.18012570218005536	0.19585832888984112	0.1584946280485584	0.24674081035185663	0.2008673675709394	0.017909322442640215	4.038198767482001e-6	0.1893973017212755	0.20593973298876303	0.16665281259921153	0.2008673675709394	0.21830757899087502	0.0188311679301696	3.600455598581289e-7	0.016886652059570652	0.018361574239003395	0.014858754773883823	0.017909322442640215	0.0188311679301696	0.9131521685091726
0.999943670456663	1.0567521176245987e-5	1.084568079025415e-5	1.0567735590441529e-5	1.0809907148375309e-5	9.320172494402516e-6	4.218526137221816e-6	1.0567521176245987e-5	0.21830175256986636	0.1852613729392528	0.1805136295458245	0.18465030258436396	0.15920327969593587	0.07205909514358133	1.084568079025415e-5	0.1852613729392528	0.20260226656726982	0.18526513187832483	0.1895106909419299	0.1633938483345489	0.07395584365788492	1.0567735590441529e-5	0.1805136295458245	0.18526513187832483	0.21828955458000068	0.18465404912486527	0.1592065099182912	0.07206055721710446	1.0809907148375309e-5	0.18465030258436396	0.1895106909419299	0.18465404912486527	0.20460733510850834	0.16285490632357078	0.07371190600961462	9.320172494402516e-6	0.15920327969593587	0.1633938483345489	0.1592065099182912	0.16285490632357078	0.29177861289571233	0.06355352265944751	4.218526137221816e-6	0.07205909514358133	0.07395584365788492	0.07206055721710446	0.07371190600961462	0.06355352265944751	0.6446548567862305
0.9995883018871707	8.503757373409633e-5	1.8606663495484558e-5	6.444797551616253e-5	0.00010767689698626574	0.00011025139455429632	2.567760854300305e-5	8.503757373409633e-5	0.39177450690058246	0.03463982777135787	0.11998211138898338	0.2004609352699724	0.2052538500435427	0.04780373105182603	1.8606663495484558e-5	0.03463982777135787	0.8398566448824284	0.026252710114628288	0.043861895427796754	0.04491061011282782	0.010459705027465238	6.444797551616253e-5	0.11998211138898338	0.026252710114628288	0.5099897218997427	0.15192462438572787	0.15555706167684805	0.036229322558552914	0.00010767689698626574	0.2004609352699724	0.043861895427796754	0.15192462438572787	0.28321645155971936	0.25989802738588036	0.06053038907391547	0.00011025139455429632	0.2052538500435427	0.04491061011282782	0.15555706167684805	0.25989802738588036	0.27229256077400193	0.06197763861234354	2.567760854300305e-5	0.04780373105182603	0.010459705027465238	0.036229322558552914	0.06053038907391547	0.06197763861234354	0.7829735360673535
0.9983599168789241	0.00032613085196903313	2.785857155335682e-6	0.00014924295620987284	0.0005457397698248741	0.0005702754742663387	4.5908211650397886e-5	0.00032613085196903313	0.5443369595758585	0.0009654107058868847	0.051718641577607284	0.18912061424545415	0.19762321521295137	0.015909027830278238	2.785857155335682e-6	0.0009654107058868847	0.9951504960302686	0.00044178815599114056	0.0016154957840885432	0.0016881262377891192	0.00013589722882036148	0.00014924295620987284	0.051718641577607284	0.00044178815599114056	0.763429616048749	0.0865447699284169	0.09043570295790748	0.007280238375121007	0.0005457397698248741	0.18912061424545415	0.0016154957840885432	0.0865447699284169	0.36485349941757217	0.3306980843155812	0.02662179653907124	0.0005702754742663387	0.19762321521295137	0.0016881262377891192	0.09043570295790748	0.3306980843155812	0.3511659201495405	0.027818675651973462	4.5908211650397886e-5	0.015909027830278238	0.00013589722882036148	0.007280238375121007	0.02662179653907124	0.027818675651973462	0.9221884561630861
0.9992740920168133	0.00026709036332534696	2.5789354846820873e-7	0.00017987048211761438	0.000264153718661167	8.918007509802496e-6	5.617518024432627e-6	0.00026709036332534696	0.37225894175872	0.0003526924013866847	0.24598890764598727	0.36125374179848635	0.012196169709939296	0.0076824563221455046	2.5789354846820873e-7	0.0003526924013866847	0.999041522313365	0.00023751868651047576	0.000348814566762725	1.1776214780109361e-5	7.417923646525313e-6	0.00017987048211761438	0.24598890764598727	0.00023751868651047576	0.49692228345015743	0.2432842723903675	0.008213440943366457	0.0051737064014869645	0.000264153718661167	0.36125374179848635	0.000348814566762725	0.2432842723903675	0.37518895595376617	0.01206207345780871	0.007597988114137782	8.918007509802496e-6	0.012196169709939296	1.1776214780109361e-5	0.008213440943366457	0.01206207345780871	0.9672511084688834	0.00025651319771192	5.617518024432627e-6	0.0076824563221455046	7.417923646525313e-6	0.0051737064014869645	0.007597988114137782	0.00025651319771192	0.9792763005228465
0.9999506283031657	1.374413912505917e-6	4.693126770298638e-9	2.4030761281153563e-5	2.3871303145557538e-5	3.54299784631098e-8	5.509538982714558e-8	1.374413912505917e-6	0.9448236301971942	5.394956383942828e-6	0.02762442084566061	0.027441116680077496	4.072832417444972e-5	6.333458259744894e-5	4.693126770298638e-9	5.394956383942828e-6	0.9998062161044187	9.432741316506966e-5	9.37014956894259e-5	1.3907250701792372e-7	2.1626470917471753e-7	2.4030761281153563e-5	0.02762442084566061	9.432741316506966e-5	0.4906471113359991	0.4797906352860674	0.0007121090864346321	0.001107365271401999	2.3871303145557538e-5	0.027441116680077496	9.37014956894259e-5	0.4797906352860674	0.4908432741521709	0.0007073838267586971	0.00110001725610046	3.54299784631098e-8	4.072832417444972e-5	1.3907250701792372e-7	0.0007121090864346321	0.0007073838267586971	0.9985379716057643	1.6326543823369543e-6	5.509538982714558e-8	6.333458259744894e-5	2.1626470917471753e-7	0.001107365271401999	0.00110001725610046	1.6326543823369543e-6	0.9977273788754186
0.999847751922446	4.286445345296174e-6	3.486601328266909e-8	7.36872985981087e-5	7.34112404119595e-5	2.5461242525815143e-7	5.736147600021488e-7	4.286445345296174e-6	0.9439435634972729	1.3208255270308605e-5	0.027914882099441617	0.027810303266107395	9.645455821224274e-5	0.00021730187835072113	3.486601328266909e-8	1.3208255270308605e-5	0.9995309352522109	0.0002270600863093529	0.0002262094404481807	7.845628806377953e-7	1.7675368671711572e-6	7.36872985981087e-5	0.027914882099441617	0.0002270600863093529	0.4883101119727648	0.4780805436193001	0.0016581281830488602	0.003735586740545061	7.34112404119595e-5	0.027810303266107395	0.0002262094404481807	0.4780805436193001	0.4884360242375843	0.0016519162595922566	0.003721591936563682	2.5461242525815143e-7	9.645455821224274e-5	7.845628806377953e-7	0.0016581281830488602	0.0016519162595922566	0.9965795542153673	1.2907608473474192e-5	5.736147600021488e-7	0.00021730187835072113	1.7675368671711572e-6	0.003735586740545061	0.003721591936563682	1.2907608473474192e-5	0.99231027068444
0.9876277176397955	0.0033472908220056334	5.8150926453674936e-5	0.0033282326076943466	0.003340364005871496	0.0010323021904512222	0.0012659418077281442	0.0033472908220056334	0.27891733764956583	0.004624600103645115	0.2646861503532524	0.2656509306016307	0.08209645328276799	0.10067723718713473	5.8150926453674936e-5	0.004624600103645115	0.9829287072424158	0.004598269370952322	0.004615030049438511	0.0014262234956009348	0.0017490188114937582	0.0033282326076943466	0.2646861503532524	0.004598269370952322	0.2815158876409152	0.26413841417069656	0.0816290269717425	0.10010401888474922	0.003340364005871496	0.2656509306016307	0.004615030049438511	0.26413841417069656	0.27985979889217333	0.08192656453769209	0.10046889774249981	0.0010323021904512222	0.08209645328276799	0.0014262234956009348	0.0816290269717425	0.08192656453769209	0.7208406387224499	0.031048790799295987	0.0012659418077281442	0.10067723718713473	0.0017490188114937582	0.10010401888474922	0.10046889774249981	0.031048790799295987	0.6646860947670993
0.989270286473114	0.0014116057479514835	7.433127149061664e-5	0.0026725301948854452	0.0027919854726463616	0.0018096378851998477	0.0019696229547124227	0.0014116057479514835	0.5632461934946141	0.003472758641939975	0.12486066959456718	0.1304416228037684	0.08454632187212188	0.09202082784503934	7.433127149061664e-5	0.003472758641939975	0.9737118545213216	0.0065748190269149746	0.006868696654412296	0.004451976491119919	0.004845563392800811	0.0026725301948854452	0.12486066959456718	0.0065748190269149746	0.28464596695651023	0.24695930582517758	0.16006777982992137	0.17421892857202756	0.0027919854726463616	0.1304416228037684	0.006868696654412296	0.24695930582517758	0.26370991828297574	0.1672224009963161	0.18200606996470803	0.0018096378851998477	0.08454632187212188	0.004451976491119919	0.16006777982992137	0.1672224009963161	0.46393383374622693	0.11796804917909674	0.0019696229547124227	0.09202082784503934	0.004845563392800811	0.17421892857202756	0.18200606996470803	0.11796804917909674	0.4269709380916181
0.9866390715354766	0.0030118440797157245	0.0002634187069048693	0.002767095296072784	0.002982991582723421	0.0023595883874802603	0.001975990411626466	0.0030118440797157245	0.23081447895197876	0.019501674906411248	0.20485634271433636	0.22083979068290682	0.1746873871877342	0.14628848147691204	0.0002634187069048693	0.019501674906411248	0.914930273059258	0.01791692779267795	0.019314855136964477	0.015278322658032957	0.012794527739750145	0.002767095296072784	0.20485634271433636	0.01791692779267795	0.2766730547333737	0.2028938848793419	0.1604919227478895	0.13440077183630325	0.002982991582723421	0.22083979068290682	0.019314855136964477	0.2028938848793419	0.23606745457666484	0.17301393823751393	0.14488708490387972	0.0023595883874802603	0.1746873871877342	0.015278322658032957	0.1604919227478895	0.17301393823751393	0.35956111442533056	0.11460772635601472	0.001975990411626466	0.14628848147691204	0.012794527739750145	0.13440077183630325	0.14488708490387972	0.11460772635601472	0.4450454172755105
0.9949310935515916	0.0005211446217164651	7.923056994448916e-5	0.0013373004777044418	0.001440180625016214	0.0009241330772851031	0.0007669170767415284	0.0005211446217164651	0.6770499857078597	0.005617317723326815	0.09481241495657161	0.1021064490052701	0.06551952254518935	0.054373165440062834	7.923056994448916e-5	0.005617317723326815	0.9461380120575726	0.014414504845278047	0.01552343018153012	0.009961052839130069	0.008266451783217305	0.0013373004777044418	0.09481241495657161	0.014414504845278047	0.31976751571805084	0.26201364715559133	0.16812854848249592	0.13952606836429987	0.001440180625016214	0.1021064490052701	0.01552343018153012	0.26201364715559133	0.28759343346095395	0.1810628815838234	0.15025997798780638	0.0009241330772851031	0.06551952254518935	0.009961052839130069	0.16812854848249592	0.1810628815838234	0.47798525019607196	0.09641861127599882	0.0007669170767415284	0.054373165440062834	0.008266451783217305	0.13952606836429987	0.15025997798780638	0.09641861127599882	0.550388808071869
0.9945234322008456	0.0006199027452412184	0.00027704837607100984	0.0011620019256685637	0.0013010797790394863	0.001099763705411078	0.0010167712677230328	0.0006199027452412184	0.5797278900925652	0.0239390530782485	0.10040566261423216	0.11242302998187925	0.09502781460310433	0.08785664688473403	0.00027704837607100984	0.0239390530782485	0.7989308557571153	0.04487353216153673	0.05024436192380828	0.04247005182582712	0.039265096877395246	0.0011620019256685637	0.10040566261423216	0.04487353216153673	0.30000765937092516	0.21073592322551343	0.17812875391915645	0.16468646678297671	0.0013010797790394863	0.11242302998187925	0.05024436192380828	0.21073592322551343	0.2414494670157055	0.19944865380181787	0.1843974842722464	0.001099763705411078	0.09502781460310433	0.04247005182582712	0.17812875391915645	0.19944865380181787	0.32795930053135247	0.15586566161333917	0.0010167712677230328	0.08785664688473403	0.039265096877395246	0.16468646678297671	0.1843974842722464	0.15586566161333917	0.36691187230159344
0.9964920721832884	0.00052355410007326	0.0003329775319880607	0.0006502432778644084	0.0007549817097752107	0.0007218378444032254	0.0005243333526074431	0.00052355410007326	0.4134329512650938	0.065387024216583	0.12768871431816275	0.1482562713628348	0.14174778799829696	0.102963696738957	0.0003329775319880607	0.065387024216583	0.6031453428085153	0.08120932096690864	0.09429017427853442	0.09015081460700111	0.06548434559047031	0.0006502432778644084	0.12768871431816275	0.08120932096690864	0.30239396048019856	0.18413119836409542	0.17604779770637757	0.12787876488639452	0.0007549817097752107	0.1482562713628348	0.09429017427853442	0.18413119836409542	0.21968560882306448	0.20440483099040502	0.14847693447129268	0.0007218378444032254	0.14174778799829696	0.09015081460700111	0.17604779770637757	0.20440483099040502	0.24496816690641846	0.1419587639470997	0.0005243333526074431	0.102963696738957	0.06548434559047031	0.12787876488639452	0.14847693447129268	0.1419587639470997	0.4127131610131798
0.9820584283341554	0.0034955374732671997	0.0013841806449318322	0.0030836055668200767	0.0034398379824006503	0.003404444473936002	0.0031339655244885904	0.0034955374732671997	0.2010694255868383	0.07621647351482634	0.1697910911225664	0.18940614539068654	0.1874572896467706	0.1725640372650398	0.0013841806449318322	0.07621647351482634	0.6375995339137062	0.067234736806882	0.07500200541002534	0.07423028763525599	0.06833278207437057	0.0030836055668200767	0.1697910911225664	0.067234736806882	0.27521042071421115	0.16708556231575797	0.16536636964028895	0.1522282138334692	0.0034398379824006503	0.18940614539068654	0.07500200541002534	0.16708556231575797	0.2107818662706862	0.18447025956272772	0.16981432306771063	0.003404444473936002	0.1874572896467706	0.07423028763525599	0.16536636964028895	0.18447025956272772	0.21700429567370016	0.16806705336731592	0.0031339655244885904	0.1725640372650398	0.06833278207437057	0.1522282138334692	0.16981432306771063	0.16806705336731592	0.26585962486760084
0.981093329228767	0.0015201523801974212	3.333768599462841e-5	0.004274595374694058	0.00575393965648199	0.004551476917975375	0.002773168755889559	0.0015201523801974212	0.7581906229258264	0.00046074127899411706	0.05907676196950843	0.07952194153516359	0.06290338498113118	0.03832639492917875	3.333768599462841e-5	0.00046074127899411706	0.9942463649689157	0.0012955823151512627	0.0017439551133934276	0.0013795020313870333	0.0008405166061636162	0.004274595374694058	0.05907676196950843	0.0012955823151512627	0.42708791368576343	0.2236118746390121	0.17688129295171248	0.10777197906415725	0.00575393965648199	0.07952194153516359	0.0017439551133934276	0.2236118746390121	0.3062027244516733	0.2380960527936542	0.14506951181061994	0.004551476917975375	0.06290338498113118	0.0013795020313870333	0.17688129295171248	0.2380960527936542	0.4014355167589577	0.11475277356518095	0.002773168755889559	0.03832639492917875	0.0008405166061636162	0.10777197906415725	0.14506951181061994	0.11475277356518095	0.590465655268809
0.9800448221237348	0.0006279643407795702	4.373231701856524e-6	0.005852377640557797	0.007475424287415877	0.003184822065723065	0.0028102163100866286	0.0006279643407795702	0.9190370577792651	1.81776577046411e-5	0.02432583607751523	0.03107214827787887	0.013237946056305527	0.011680869810549598	4.373231701856524e-6	1.81776577046411e-5	0.999418111654445	0.00016940853261872946	0.00021639079652980718	9.219091212891578e-5	8.134721487105214e-5	0.005852377640557797	0.02432583607751523	0.00016940853261872946	0.4478388839653595	0.2895800509943077	0.12337238673561511	0.1088610560540145	0.007475424287415877	0.03107214827787887	0.00021639079652980718	0.2895800509943077	0.3750169740823337	0.157587393166238	0.13905161839528157	0.003184822065723065	0.013237946056305527	9.219091212891578e-5	0.12337238673561511	0.157587393166238	0.6432838527488327	0.059241408315150394	0.0028102163100866286	0.011680869810549598	8.134721487105214e-5	0.1088610560540145	0.13905161839528157	0.059241408315150394	0.6782734839000408
0.9863867277869849	0.0013542507818011104	3.812712409266092e-5	0.003415851379094451	0.0037330732785769744	0.00329164468163426	0.0017803249678158494	0.0013542507818011104	0.6749848929585399	0.0010066266463265928	0.09018479887786206	0.09856004417675704	0.08690551216817495	0.04700387439054006	3.812712409266092e-5	0.0010066266463265928	0.9898713468390054	0.0025390326993312384	0.002774826557535813	0.002446708756826759	0.0013233313768816898	0.003415851379094451	0.09018479887786206	0.0025390326993312384	0.31749844356636686	0.24859979211311947	0.21920335404625768	0.1185587273179723	0.0037330732785769744	0.09856004417675704	0.002774826557535813	0.24859979211311947	0.2772030306251102	0.23956024216178456	0.12956899108712025	0.00329164468163426	0.08690551216817495	0.002446708756826759	0.21920335404625768	0.23956024216178456	0.3343448262895619	0.1142477118957637	0.0017803249678158494	0.04700387439054006	0.0013233313768816898	0.1185587273179723	0.12956899108712025	0.1142477118957637	0.5875170389639082
0.9941378222831772	0.0012033166590145496	0.000620126224074978	0.0006617194900963596	0.0012236970014831464	0.0012015475646373801	0.000951770777516368	0.0012033166590145496	0.22485256284544486	0.10301724802106883	0.1099268474467704	0.20328425506028217	0.19960472347383623	0.15811104649358343	0.000620126224074978	0.10301724802106883	0.5506021437228379	0.0566505252968559	0.10476203130742437	0.1028657939272023	0.08148213150053603	0.0006617194900963596	0.1099268474467704	0.0566505252968559	0.5242596934563316	0.11178865728765891	0.10976523498486257	0.08694732203742456	0.0012236970014831464	0.20328425506028217	0.10476203130742437	0.11178865728765891	0.2151670262836826	0.20298539022707296	0.1607889428323962	0.0012015475646373801	0.19960472347383623	0.1028657939272023	0.10976523498486257	0.20298539022707296	0.22569871532822294	0.15787859449416605	0.000951770777516368	0.15811104649358343	0.08148213150053603	0.08694732203742456	0.1607889428323962	0.15787859449416605	0.35384019186437776
0.9993419970669096	0.00014458752108308126	0.00012272342360555846	3.2195084038287975e-6	0.0001479196584627316	0.00014441043572252415	9.514238581268256e-5	0.00014458752108308126	0.24313846699612904	0.18088061261523564	0.004745195621955223	0.21801704723109988	0.21284484505156998	0.14022924496292868	0.00012272342360555846	0.18088061261523564	0.33023659893888635	0.004027641168768852	0.18504915389759816	0.18065907684048263	0.11902419311542417	3.2195084038287975e-6	0.004745195621955223	0.004027641168768852	0.9785075439594458	0.004854552526252552	0.0047393838847365945	0.0031224633304370573	0.0001479196584627316	0.21801704723109988	0.18504915389759816	0.004854552526252552	0.2307203562254892	0.2177500281472446	0.1434609423138545	0.00014441043572252415	0.21284484505156998	0.18065907684048263	0.0047393838847365945	0.2177500281472446	0.24380475818511604	0.14005749745512935	9.514238581268256e-5	0.14022924496292868	0.11902419311542417	0.0031224633304370573	0.1434609423138545	0.14005749745512935	0.4540105164364145
0.9998222264543145	3.454896093728853e-5	3.512139419035975e-5	7.442923840580223e-7	4.042564695808662e-5	3.778111692807941e-5	2.9152134287685882e-5	3.454896093728853e-5	0.31544966044133516	0.16785630032276214	0.0035572097528144375	0.19320700937325283	0.18056796023632257	0.13932731091257314	3.512139419035975e-5	0.16785630032276214	0.30688868373760203	0.003616148288024119	0.19640820888522792	0.18355974644564255	0.14163579092654863	7.442923840580223e-7	0.0035572097528144375	0.003616148288024119	0.9817720740705006	0.004162281635160079	0.0038899970929005406	0.0030015448682159697	4.042564695808662e-5	0.19320700937325283	0.19640820888522792	0.004162281635160079	0.2318734717057557	0.21128208821403374	0.163026514539609	3.778111692807941e-5	0.18056796023632257	0.18355974644564255	0.0038899970929005406	0.21128208821403374	0.26830063996756354	0.15236178692660637	2.9152134287685882e-5	0.13932731091257314	0.14163579092654863	0.0030015448682159697	0.163026514539609	0.15236178692660637	0.4006178996921574
0.9998051285152583	3.4173219556003504e-5	3.740148669509582e-5	1.2932791076166178e-5	4.127151308135017e-5	3.96820675528887e-5	2.941040678019948e-5	3.4173219556003504e-5	0.3214034431215464	0.15793102641701237	0.054609833714538376	0.17427254899938105	0.16756097718967636	0.12418799733829308	3.740148669509582e-5	0.15793102641701237	0.2722173423009273	0.05976870179727859	0.1907356844747659	0.1833900855816774	0.1359197579416473	1.2932791076166178e-5	0.054609833714538376	0.05976870179727859	0.7092435570449884	0.06595312047863451	0.06341313867020848	0.046998715503276854	4.127151308135017e-5	0.17427254899938105	0.1907356844747659	0.06595312047863451	0.21664773422680159	0.2023659213810494	0.14998371892629048	3.96820675528887e-5	0.16756097718967636	0.1833900855816774	0.06341313867020848	0.2023659213810494	0.23902263832520637	0.14420755678463307	2.941040678019948e-5	0.12418799733829308	0.1359197579416473	0.046998715503276854	0.14998371892629048	0.14420755678463307	0.39867284309908196
0.9998954855016733	1.2627048524514423e-5	1.0245659740513352e-5	2.23762974527013e-5	2.7552905061806922e-5	2.0144634285216298e-5	1.1567953261919223e-5	1.2627048524514423e-5	0.599192507473047	0.044689539499445305	0.09760097975044878	0.1201803173508856	0.08786690680652519	0.05045712207112335	1.0245659740513352e-5	0.044689539499445305	0.6663543068020584	0.07919399588292043	0.09751500017550126	0.07129571315444623	0.04094119882588765	2.23762974527013e-5	0.09760097975044878	0.07919399588292043	0.36508904584726004	0.21297063393576118	0.15570828282907861	0.08941468545707781	2.7552905061806922e-5	0.1201803173508856	0.09751500017550126	0.21297063393576118	0.2674759587473655	0.1917303585722876	0.11010017831313647	2.0144634285216298e-5	0.08786690680652519	0.07129571315444623	0.15570828282907861	0.1917303585722876	0.4128815349136015	0.08049705908977516	1.1567953261919223e-5	0.05045712207112335	0.04094119882588765	0.08941468545707781	0.11010017831313647	0.08049705908977516	0.6285781882897375
0.999967571728957	7.814787950094293e-7	2.2692299259898107e-7	1.4901433256302454e-5	1.5399296147907307e-5	1.1487334393386237e-7	1.004266507175574e-6	7.814787950094293e-7	0.9507591226672918	0.0003530755919745932	0.023185541085899215	0.023960179359272468	0.0001787345277224747	0.0015625652890445133	2.2692299259898107e-7	0.0003530755919745932	0.9854510609457814	0.006732533757586341	0.0069574704241960154	5.190028721260455e-5	0.00045373207025661453	1.4901433256302454e-5	0.023185541085899215	0.006732533757586341	0.47998478607869693	0.4568786969157959	0.0034081547093303553	0.029795386019438725	1.5399296147907307e-5	0.023960179359272468	0.0069574704241960154	0.4568786969157959	0.47787536959629745	0.0035220225319377045	0.03079086187635649	1.1487334393386237e-7	0.0001787345277224747	5.190028721260455e-5	0.0034081547093303553	0.0035220225319377045	0.9926093840488008	0.00022968902165203305	1.004266507175574e-6	0.0015625652890445133	0.00045373207025661453	0.029795386019438725	0.03079086187635649	0.00022968902165203305	0.9371667614567446
0.9998043138611736	3.626923220037093e-6	1.5009548415569562e-6	8.837022004550507e-5	8.78002687637657e-5	3.733887003386017e-7	1.4014383255286575e-5	3.626923220037093e-6	0.9600285072133697	0.0003123513838425264	0.0183900006565485	0.018271392776654228	7.770285556422517e-5	0.002916418190801501	1.5009548415569562e-6	0.0003123513838425264	0.9832752305170785	0.0076104617735469424	0.007561377450341364	3.215631271641088e-5	0.0012069216076329083	8.837022004550507e-5	0.0183900006565485	0.0076104617735469424	0.45577554056321706	0.44518367284165256	0.0018932351273497463	0.07105871881765577	8.78002687637657e-5	0.018271392776654228	0.007561377450341364	0.44518367284165256	0.4564143125752738	0.0018810245456977901	0.07060041954163242	3.733887003386017e-7	7.770285556422517e-5	3.215631271641088e-5	0.0018932351273497463	0.0018810245456977901	0.9958152649658528	0.00030024280411871854	1.4014383255286575e-5	0.002916418190801501	0.0012069216076329083	0.07105871881765577	0.07060041954163242	0.00030024280411871854	0.8539032646549058
0.9807093081685269	0.002297176513247892	0.0005660489840484086	0.004481080225716825	0.0045368559156928525	0.003962266538427321	0.0034472636543399333	0.002297176513247892	0.5569007042806324	0.014682988603035454	0.11623667162674531	0.11768346129216836	0.10277893974798072	0.08942005793619247	0.0005660489840484086	0.014682988603035454	0.8797506284941102	0.02864196525780324	0.028998469782171098	0.02532583547254779	0.022034063406284506	0.004481080225716825	0.11623667162674531	0.02864196525780324	0.24615553772225268	0.22956400095900692	0.20048989351438562	0.1744308506940951	0.0045368559156928525	0.11768346129216836	0.028998469782171098	0.22956400095900692	0.2396298557442369	0.20298537709885917	0.17660197920787046	0.003962266538427321	0.10277893974798072	0.02532583547254779	0.20048989351438562	0.20298537709885917	0.31022221578595294	0.15423547184185155	0.0034472636543399333	0.08942005793619247	0.022034063406284506	0.1744308506940951	0.17660197920787046	0.15423547184185155	0.3798303132593701
0.9787717553731848	0.002909862670259366	0.00017303472123902477	0.001362719420660885	0.006381108725100294	0.0061933939250134965	0.004208125164541918	0.002909862670259366	0.608418572859314	0.003671376433310328	0.02891359566683504	0.13539162558803547	0.1314087735437326	0.0892861932385104	0.00017303472123902477	0.003671376433310328	0.9732615873879741	0.001719344358537283	0.008051050804275914	0.007814210866685045	0.0053093954279781405	0.001362719420660885	0.02891359566683504	0.001719344358537283	0.8012452285795565	0.06340532818588926	0.06154011650911048	0.041813667279409335	0.006381108725100294	0.13539162558803547	0.008051050804275914	0.06340532818588926	0.3028035185753767	0.28816950022589877	0.1957978678954173	0.0061933939250134965	0.1314087735437326	0.007814210866685045	0.06154011650911048	0.28816950022589877	0.31483597583532086	0.1900380290942328	0.004208125164541918	0.0892861932385104	0.0053093954279781405	0.041813667279409335	0.1957978678954173	0.1900380290942328	0.4735467218999061
0.9918304831619705	0.0011093408380992579	0.00018447348149161586	0.0016056377674764503	0.0020905418493642864	0.0020143689763164026	0.0011651539252814159	0.0011093408380992579	0.5439321745957991	0.011887490564383648	0.10346746674026325	0.13471473681650317	0.12980614885959477	0.07508264158535387	0.00018447348149161586	0.011887490564383648	0.9142492836677742	0.017205716363419887	0.02240185852289298	0.021585604150458446	0.012485573249578785	0.0016056377674764503	0.10346746674026325	0.017205716363419887	0.3861858181179793	0.1949834188371186	0.18787882668841863	0.10867311548531979	0.0020905418493642864	0.13471473681650317	0.02240185852289298	0.1949834188371186	0.2596985426349997	0.24461840507084337	0.14149249626827254	0.0020143689763164026	0.12980614885959477	0.021585604150458446	0.18787882668841863	0.24461840507084337	0.27775969851469284	0.13633694773967037	0.0011651539252814159	0.07508264158535387	0.012485573249578785	0.10867311548531979	0.14149249626827254	0.13633694773967037	0.5247640717465203
0.9995174749913114	3.565689365764154e-5	3.873051868859586e-5	0.000129089484359611	0.00013038355276118253	0.00011874536086111101	2.991919836057595e-5	3.565689365764154e-5	0.7486344526083893	0.021783019851968698	0.07260317950024732	0.07333099618423969	0.06678538373740907	0.016827311224089446	3.873051868859586e-5	0.021783019851968698	0.7288444335985765	0.07886157519734437	0.07965212969577856	0.07254228530960194	0.01827782582804278	0.000129089484359611	0.07260317950024732	0.07886157519734437	0.280219247613963	0.2654819170702329	0.24178468355089816	0.060920307582959535	0.00013038355276118253	0.07333099618423969	0.07965212969577856	0.2654819170702329	0.27566509070049056	0.24420847446244573	0.061531008334056427	0.00011874536086111101	0.06678538373740907	0.07254228530960194	0.24178468355089816	0.24420847446244573	0.3185217506594797	0.0560386769193088	2.991919836057595e-5	0.016827311224089446	0.01827782582804278	0.060920307582959535	0.061531008334056427	0.0560386769193088	0.7863749509131835
0.9998266858114525	7.337722950310546e-6	1.958644129802462e-5	4.78847782101392e-5	4.7959169943628376e-5	3.22761843325001e-5	1.8269891812789423e-5	7.337722950310546e-6	0.8548573765254123	0.017127029090661938	0.041872026517020315	0.04193707709788834	0.028223358168390094	0.015975794877676378	1.958644129802462e-5	0.017127029090661938	0.641163432185697	0.11176818680108926	0.11194182505265612	0.07533606157410194	0.04264387885449503	4.78847782101392e-5	0.041872026517020315	0.11176818680108926	0.28420097127414007	0.27367449673592587	0.18418101301868908	0.1042554208749235	4.7959169943628376e-5	0.04193707709788834	0.11194182505265612	0.27367449673592587	0.2835141056023709	0.18446714872499068	0.10441738761622266	3.22761843325001e-5	0.028223358168390094	0.07533606157410194	0.18418101301868908	0.18446714872499068	0.45748797427110915	0.07027216805838532	1.8269891812789423e-5	0.015975794877676378	0.04264387885449503	0.1042554208749235	0.10441738761622266	0.07027216805838532	0.6624170798264837
0.9969052804857305	0.0006017625867335048	0.00040606431324459956	0.0005821285864600076	0.0005845325438316197	0.0004059305162804978	0.0005143009677192544	0.0006017625867335048	0.2001263460478255	0.1301890891407459	0.18663740683946023	0.18740814440574038	0.130146192229301	0.16489105875019763	0.00040606431324459956	0.1301890891407459	0.41791342022796996	0.12594134647919064	0.12646143368208942	0.08782155177818451	0.11126709437857767	0.0005821285864600076	0.18663740683946023	0.12594134647919064	0.22013470301279828	0.18129348782914698	0.12589984918611621	0.15951107806683165	0.0005845325438316197	0.18740814440574038	0.12646143368208942	0.18129348782914698	0.21766284173243222	0.12641976502185331	0.16016979478491003	0.0004059305162804978	0.130146192229301	0.08782155177818451	0.12589984918611621	0.12641976502185331	0.41807627906104194	0.11123043220722525	0.0005143009677192544	0.16489105875019763	0.11126709437857767	0.15951107806683165	0.16016979478491003	0.11123043220722525	0.2924162408445421
0.99831902788365	0.00016043556945581283	0.00020355554881985448	0.00037309135001037624	0.0003717624993248992	0.0003115423380115626	0.0002605848107274827	0.00016043556945581283	0.614487403326025	0.05158742866310483	0.0945531748707823	0.09421640198329087	0.07895470416250708	0.06604045142483235	0.00020355554881985448	0.05158742866310483	0.5247389366823576	0.11996606157079602	0.11953877484021946	0.10017521795336563	0.08379002474133478	0.00037309135001037624	0.0945531748707823	0.11996606157079602	0.22882353113648687	0.21909932272685748	0.18360839348516655	0.15357642485989675	0.0003717624993248992	0.09421640198329087	0.11953877484021946	0.21909932272685748	0.23078988091666658	0.18295442994638353	0.15302942708725334	0.0003115423380115626	0.07895470416250708	0.10017521795336563	0.18360839348516655	0.18295442994638353	0.32575484439415386	0.12824086772040852	0.0002605848107274827	0.06604045142483235	0.08379002474133478	0.15357642485989675	0.15302942708725334	0.12824086772040852	0.41506221935554427
0.9999999999999969	2.8625667565409315e-26	3.285656704313132e-25	3.0747764689478513e-15	1.0277769222219893e-29	6.722322892659131e-23	4.704758900955111e-29	2.8625667565409315e-26	0.9999999999907367	9.89860016457678e-22	9.263287555760232e-12	3.09635294463351e-26	2.025214210731869e-19	1.417388711673818e-25	3.285656704313132e-25	9.89860016457678e-22	0.9999999998936759	1.0632409809140049e-10	3.553996701809085e-25	2.3245426971988408e-18	1.626880041308215e-24	3.0747764689478513e-15	9.263287555760232e-12	1.0632409809140049e-10	0.9999999781308995	3.3258938510209625e-15	2.175348744447038e-8	1.5224635191646227e-14	1.0277769222219893e-29	3.09635294463351e-26	3.553996701809085e-25	3.3258938510209625e-15	0.9999999999999967	7.271335851260427e-23	5.088997153857213e-29	6.722322892659131e-23	2.025214210731869e-19	2.3245426971988408e-18	2.175348744447038e-8	7.271335851260427e-23	0.9999999782465125	3.328531836859295e-22	4.704758900955111e-29	1.417388711673818e-25	1.626880041308215e-24	1.5224635191646227e-14	5.088997153857213e-29	3.328531836859295e-22	0.9999999999999847
1.0	4.0063355572849995e-43	1.3505221651155547e-41	6.398135739815774e-24	8.649618518719856e-49	1.5529399712975766e-38	4.3183428461418543e-48	4.0063355572849995e-43	1.0	1.3151195061029107e-37	6.230414673280056e-20	8.422876964291916e-45	1.5122311212756677e-34	4.2051415798238233e-44	1.3505221651155547e-41	1.3151195061029107e-37	1.0	2.1002517122724703e-18	2.839323334670002e-43	5.0976799593001584e-33	1.4175390028611912e-42	6.398135739815774e-24	6.230414673280056e-20	2.1002517122724703e-18	1.0	1.3451372049780966e-25	2.4150398401606593e-15	6.71562984381895e-25	8.649618518719856e-49	8.422876964291916e-45	2.839323334670002e-43	1.3451372049780966e-25	1.0	3.2648843623160385e-40	9.078837746514687e-50	1.5529399712975766e-38	1.5122311212756677e-34	5.0976799593001584e-33	2.4150398401606593e-15	3.2648843623160385e-40	0.9999999999999976	1.630001369305997e-39	4.3183428461418543e-48	4.2051415798238233e-44	1.4175390028611912e-42	6.71562984381895e-25	9.078837746514687e-50	1.630001369305997e-39	1.0
1.0	3.8263876098718195e-30	2.4933789749658714e-29	4.395161898208179e-17	3.4224686402775547e-32	2.4832573932850144e-27	7.896131648086394e-33	3.8263876098718195e-30	0.9999999999999134	4.914174578922261e-26	8.662378678603391e-14	6.745307696131834e-29	4.8942260593053284e-24	1.556240339171899e-29	2.4933789749658714e-29	4.914174578922261e-26	0.9999999999994356	5.644643217717789e-13	4.395427255153068e-28	3.189211757721213e-23	1.0140888318982813e-28	4.395161898208179e-17	8.662378678603391e-14	5.644643217717789e-13	0.9999999999431315	7.747965548822737e-16	5.621729445699554e-11	1.787568051270173e-16	3.4224686402775547e-32	6.745307696131834e-29	4.395427255153068e-28	7.747965548822737e-16	0.9999999999999993	4.377584529906735e-26	1.3919613746943824e-31	2.4832573932850144e-27	4.8942260593053284e-24	3.189211757721213e-23	5.621729445699554e-11	4.377584529906735e-26	0.9999999999437827	1.0099722563408715e-26	7.896131648086394e-33	1.556240339171899e-29	1.0140888318982813e-28	1.787568051270173e-16	1.3919613746943824e-31	1.0099722563408715e-26	0.9999999999999998
0.9978661960775559	0.00023986832682372682	5.9805007899220836e-5	0.000532195521446241	0.0005159627047094098	0.0005344913435685498	0.00025148101799686297	0.00023986832682372682	0.6054409652281021	0.012451458707780706	0.11080360646252876	0.10742391880074921	0.11128159878057192	0.05235858369344671	5.9805007899220836e-5	0.012451458707780706	0.8922798290471885	0.027626034030843172	0.026783395696778498	0.027745209141350136	0.01305426836816064	0.000532195521446241	0.11080360646252876	0.027626034030843172	0.2596286213685263	0.23834129849071967	0.24690032766985426	0.11616791645608887	0.0005159627047094098	0.10742391880074921	0.026783395696778498	0.23834129849071967	0.274941343777681	0.23936947179110338	0.11262460873826605	0.0005344913435685498	0.11128159878057192	0.027745209141350136	0.24690032766985426	0.23936947179110338	0.25749985156520677	0.11666904970835236	0.00025148101799686297	0.05235858369344671	0.01305426836816064	0.11616791645608887	0.11262460873826605	0.11666904970835236	0.588874092017692
0.9926295926330488	0.0019752351720549156	0.00011634098957726085	1.2132711091875752e-6	0.0019403353135172207	0.0019377869854639712	0.0013994956352286353	0.0019752351720549156	0.2733986011756902	0.015625770949929323	0.0001629545744902035	0.2606066467652375	0.26026438054754375	0.1879664108150468	0.00011634098957726085	0.015625770949929323	0.9424978948887224	9.59799456821573e-6	0.015349683725779897	0.01532952430829447	0.011071187143127945	1.2132711091875752e-6	0.0001629545744902035	9.59799456821573e-6	0.999390836898302	0.00016007537727954336	0.00015986514321756747	0.00011545674103318313	0.0019403353135172207	0.2606066467652375	0.015349683725779897	0.00016007537727954336	0.28163212757105643	0.25566584453926666	0.18464528670785577	0.0019377869854639712	0.26026438054754375	0.01532952430829447	0.00015986514321756747	0.25566584453926666	0.2822398145773961	0.18440278389881032	0.0013994956352286353	0.1879664108150468	0.011071187143127945	0.00011545674103318313	0.18464528670785577	0.18440278389881032	0.43039937905889225
0.9866001446356836	0.00334672315158189	0.0009891520658216347	0.0008942063978727261	0.0027800575955855542	0.0033164283050437695	0.002073287848410825	0.00334672315158189	0.2545518923629053	0.07301715544764305	0.06600846301778175	0.20521808994217375	0.24481186406783506	0.15304581201008247	0.0009891520658216347	0.07301715544764305	0.7282402431016763	0.01950935425444084	0.06065392577044305	0.07235619742430285	0.04523397193567309	0.0008942063978727261	0.06600846301778175	0.01950935425444084	0.752452984293811	0.05483194177527777	0.06541094832452256	0.040892101936294147	0.0027800575955855542	0.20521808994217375	0.06065392577044305	0.05483194177527777	0.346023379389941	0.20336043687077887	0.12713216865580276	0.0033164283050437695	0.24481186406783506	0.07235619742430285	0.06541094832452256	0.20336043687077887	0.25908369779867396	0.1516604272088461	0.002073287848410825	0.15304581201008247	0.04523397193567309	0.040892101936294147	0.12713216865580276	0.1516604272088461	0.4799622304048927
0.9881474312414887	0.002586991306155457	0.001158013439125095	0.0025397161186755655	0.0018958934681621016	0.0019373630621893558	0.0017345913642040195	0.002586991306155457	0.2228369267527115	0.09680664989580537	0.21231308793886955	0.158491334393129	0.16195807522245015	0.1450069344908926	0.001158013439125095	0.09680664989580537	0.5986457933491833	0.09503758615282525	0.07094538538858308	0.07249720060371946	0.0649093711707647	0.0025397161186755655	0.21231308793886955	0.09503758615282525	0.23315910637887882	0.15559503260442745	0.15899842153060909	0.14235704927572776	0.0018958934681621016	0.158491334393129	0.07094538538858308	0.15559503260442745	0.3881110427237865	0.11869203278717863	0.1062692786347434	0.0019373630621893558	0.16195807522245015	0.07249720060371946	0.15899842153060909	0.11869203278717863	0.3773231600829556	0.10859374671090812	0.0017345913642040195	0.1450069344908926	0.0649093711707647	0.14235704927572776	0.1062692786347434	0.10859374671090812	0.43112902835276856
