0.9999969381819287	4.562529164224194e-8	1.2094557174999338e-10	1.5084897736094105e-6	1.5052590834291767e-6	1.703461772937776e-9	6.195152505498671e-10	4.562529164224194e-8	0.9704732573711949	1.1839837543183632e-6	0.014767199490369318	0.014735572993976877	1.66758570493987e-5	6.064678363914991e-6	1.2094557174999338e-10	1.1839837543183632e-6	0.9999205483396343	3.91455554851806e-5	3.906171854845203e-5	4.420511064510927e-8	1.6076521722973708e-8	1.5084897736094105e-6	0.014767199490369318	3.91455554851806e-5	0.49724425104326914	0.4871960346903081	0.0005513468280365005	0.0002005139027697945	1.5052590834291767e-6	0.014735572993976877	3.906171854845203e-5	0.4871960346903081	0.49727757484629864	0.0005501660240201903	0.00020008446777592726	1.703461772937776e-9	1.66758570493987e-5	4.420511064510927e-8	0.0005513468280365005	0.0005501660240201903	0.9988815389520372	2.2643028430589035e-7	6.195152505498671e-10	6.064678363914991e-6	1.6076521722973708e-8	0.0002005139027697945	0.00020008446777592726	2.2643028430589035e-7	0.9995930938247691
0.9999638640766461	3.91257575294608e-6	3.379958082038408e-8	1.4853537248478002e-5	1.4720511466826111e-5	2.5027888802702585e-6	1.1271042464410268e-7	3.91257575294608e-6	0.7668069753407103	0.000244595761367976	0.10748986123839699	0.10652720011790487	0.018111808988584128	0.0008156459772810552	3.379958082038408e-8	0.000244595761367976	0.9977430318919527	0.0009285730121808936	0.0009202568684435578	0.00015646254293020577	7.046123543850555e-6	1.4853537248478002e-5	0.10748986123839699	0.0009285730121808936	0.4152959611912808	0.40441536083638263	0.0687589062644177	0.0030964839200858683	1.4720511466826111e-5	0.10652720011790487	0.0009202568684435578	0.40441536083638263	0.41691059627173704	0.06814311306321975	0.003068752330838725	2.5027888802702585e-6	0.018111808988584128	0.00015646254293020577	0.0687589062644177	0.06814311306321975	0.844305455512858	0.0005217508391087567	1.1271042464410268e-7	0.0008156459772810552	7.046123543850555e-6	0.0030964839200858683	0.003068752330838725	0.0005217508391087567	0.9924902080987171
0.9999998903566478	4.981278616780992e-10	4.5384596397916e-12	1.9283966485781144e-10	1.088644148931787e-7	8.043405454729987e-11	2.997283880745499e-12	4.981278616780992e-10	0.9954678912043167	1.88453418030563e-7	8.007407106960976e-6	0.0045204480631800695	3.339915678128945e-6	1.244581723680012e-7	4.5384596397916e-12	1.88453418030563e-7	0.999958521068481	7.295575447616163e-8	4.118595378183171e-5	3.043008366251731e-8	1.1339425789826963e-9	1.9283966485781144e-10	8.007407106960976e-6	7.295575447616163e-8	0.9982405824376434	0.0017499958476004955	1.29297770627403e-6	4.8181348795483956e-8	1.088644148931787e-7	0.0045204480631800695	4.118595378183171e-5	0.0017499958476004955	0.9929311323063421	0.0007299289882464485	2.7199976463618342e-5	8.043405454729987e-11	3.339915678128945e-6	3.043008366251731e-8	1.29297770627403e-6	0.0007299289882464485	0.9992653875112533	2.00965980729947e-8	2.997283880745499e-12	1.244581723680012e-7	1.1339425789826963e-9	4.8181348795483956e-8	2.7199976463618342e-5	2.00965980729947e-8	0.9999726061504773
0.9999897627853895	1.522190726158151e-6	3.5400594552888015e-8	4.316009222702034e-6	4.282377929981707e-6	6.994618314710551e-8	1.1289953929467891e-8	1.522190726158151e-6	0.701988506979096	0.0012105222303597158	0.14758580121339065	0.14643578020419915	0.002391807558539318	0.0003860596236862628	3.5400594552888015e-8	0.0012105222303597158	0.9918869716320697	0.0034323064913848035	0.003405561204625343	5.562470469261434e-5	8.978336273176045e-6	4.316009222702034e-6	0.14758580121339065	0.0034323064913848035	0.4258982162519036	0.41520301433581763	0.006781714869357044	0.0010946308289160277	4.282377929981707e-6	0.14643578020419915	0.003405561204625343	0.41520301433581763	0.42713639039641077	0.006728870256162646	0.0010861012248469886	6.994618314710551e-8	0.002391807558539318	5.562470469261434e-5	0.006781714869357044	0.006728870256162646	0.9840241728400354	1.7739825029821134e-5	1.1289953929467891e-8	0.0003860596236862628	8.978336273176045e-6	0.0010946308289160277	0.0010861012248469886	1.7739825029821134e-5	0.9974064788712939
0.9998793970194934	4.579914785682355e-5	1.3575649392771237e-6	9.649012196993878e-6	4.6094027250283826e-5	1.6386790719229932e-5	1.3164375440627916e-6	4.579914785682355e-5	0.38847332717019945	0.011097359129109467	0.07887545596766503	0.3767937424604771	0.1339531512073994	0.010761164917301605	1.3575649392771237e-6	0.011097359129109467	0.9711048908484994	0.0023380031856912627	0.011168809858700175	0.0039706001114551085	0.00031897930160574146	9.649012196993878e-6	0.07887545596766503	0.0023380031856912627	0.8089050305969854	0.0793832983119671	0.02822138948669089	0.0022671734388052724	4.6094027250283826e-5	0.3767937424604771	0.011168809858700175	0.0793832983119671	0.38696199110017365	0.13481561319257904	0.01083045104886152	1.6386790719229932e-5	0.1339531512073994	0.0039706001114551085	0.02822138948669089	0.13481561319257904	0.6951725483288214	0.0038503108823381284	1.3164375440627916e-6	0.010761164917301605	0.00031897930160574146	0.0022671734388052724	0.01083045104886152	0.0038503108823381284	0.9719706039735437
0.9999540781519928	1.1663546262738526e-5	6.046176964040544e-7	3.185778569713451e-9	1.6577795615842587e-5	1.6761488345329237e-5	3.112143083835519e-7	1.1663546262738526e-5	0.48451628190765533	0.009097459894668852	4.793523733035953e-5	0.24943998770482181	0.25220394458101997	0.0046827271282420275	6.046176964040544e-7	0.009097459894668852	0.9646523683286504	2.484878279589274e-6	0.012930529648513132	0.013073808305089975	0.00024274432710156765	3.185778569713451e-9	4.793523733035953e-5	2.484878279589274e-6	0.9998112787414978	6.813198570646615e-5	6.88869323055065e-5	1.2790391015662314e-6	1.6577795615842587e-5	0.24943998770482181	0.012930529648513132	6.813198570646615e-5	0.3724229956546537	0.3584660576286659	0.006655719582024529	1.6761488345329237e-5	0.25220394458101997	0.013073808305089975	6.88869323055065e-5	0.3584660576286659	0.3694410717919971	0.006729469272577563	3.112143083835519e-7	0.0046827271282420275	0.00024274432710156765	1.2790391015662314e-6	0.006655719582024529	0.006729469272577563	0.9816877494366443
0.999999989539198	1.1055693076835927e-9	8.589701017862525e-11	2.734239803612872e-19	3.7030302386380924e-11	9.231809094839761e-9	4.964045653756302e-13	1.1055693076835927e-9	0.8934360699389626	0.00097843881321503	3.1145279014123334e-12	0.0004218061262502504	0.10515802954956006	5.6544633254478175e-6	8.589701017862525e-11	0.00097843881321503	0.9908181152757984	2.419826898141357e-13	3.277215174853025e-5	0.008170234350579363	4.393225195788984e-7	2.734239803612872e-19	3.1145279014123334e-12	2.419826898141357e-13	0.9999999999705307	1.0431902294914866e-13	2.6007168258527154e-11	1.3984341447486507e-15	3.7030302386380924e-11	0.0004218061262502504	3.277215174853025e-5	1.0431902294914866e-13	0.9960230346287152	0.0035221976636951274	1.8939245628367143e-7	9.231809094839761e-9	0.10515802954956006	0.008170234350579363	2.6007168258527154e-11	0.0035221976636951274	0.8831023128477071	4.721633061945188e-5	4.964045653756302e-13	5.6544633254478175e-6	4.393225195788984e-7	1.3984341447486507e-15	1.8939245628367143e-7	4.721633061945188e-5	0.9999465004905815
0.999999995591647	1.1611389832591673e-9	1.5375193796205828e-9	6.780102299062606e-21	2.7269499605473083e-12	1.7033804743924434e-9	3.5870992901443497e-12	1.1611389832591673e-9	0.500535811199982	0.23649069349813837	1.0428688678313246e-12	0.00041944075362724664	0.2620023103576522	0.0005517430284243038	1.5375193796205828e-9	0.23649069349813837	0.41529358798528193	1.380912291991966e-12	0.0005554014606368719	0.34692972631885527	0.0007305891981955549	6.780102299062606e-21	1.0428688678313246e-12	1.380912291991966e-12	0.9999999999960407	2.4491910606655577e-15	1.5298792758034011e-12	3.2217281733244676e-15	2.7269499605473083e-12	0.00041944075362724664	0.0005554014606368719	2.4491910606655577e-15	0.9984085461836673	0.0006153158236817492	1.2957756575967828e-6	1.7033804743924434e-9	0.2620023103576522	0.34692972631885527	1.5298792758034011e-12	0.0006153158236817492	0.3896432437206959	0.0008094020742134908	3.5870992901443497e-12	0.0005517430284243038	0.0007305891981955549	3.2217281733244676e-15	1.2957756575967828e-6	0.0008094020742134908	0.9979069699199187
0.9999998846019594	3.7636270164341545e-8	3.7468163531363757e-8	1.0682062862432768e-14	1.2837075742858823e-9	1.8922714798170683e-9	3.711761713662738e-8	3.7636270164341545e-8	0.33329814694964743	0.3212387335931368	9.158421504213184e-8	0.01100605304880564	0.01622366394557905	0.3182332732423382	3.7468163531363757e-8	0.3212387335931368	0.3348411968208586	9.117514384678176e-8	0.010956893275206117	0.01615119912617624	0.3168118485413073	1.0682062862432768e-14	9.158421504213184e-8	9.117514384678176e-8	0.9999997191900701	3.123777941364678e-9	4.604659212215308e-9	9.032212317662519e-8	1.2837075742858823e-9	0.01100605304880564	0.010956893275206117	3.123777941364678e-9	0.9666293061083588	0.0005533608989059868	0.010854382261237694	1.8922714798170683e-9	0.01622366394557905	0.01615119912617624	4.604659212215308e-9	0.0005533608989059868	0.9510716785495384	0.016000090982869163	3.711761713662738e-8	0.3182332732423382	0.3168118485413073	9.032212317662519e-8	0.010854382261237694	0.016000090982869163	0.3381002775324998
0.9999934667117868	1.5674938183319643e-6	1.5614285067110842e-6	5.277477331133561e-7	1.5596738666877026e-6	2.6903310692522527e-10	1.3166752552746004e-6	1.5674938183319643e-6	0.2495399877852038	0.23597175305815113	0.0797561702120677	0.23570658210698442	4.065777818130554e-5	0.19898328156559367	1.5614285067110842e-6	0.23597175305815113	0.25153076540778463	0.07944755909005452	0.23479453138317824	4.050045565052539e-5	0.19821332917667459	5.277477331133561e-7	0.0797561702120677	0.07944755909005452	0.6944295853757759	0.07935828067202882	1.3688762288991365e-5	0.06699418814005112	1.5596738666877026e-6	0.23570658210698442	0.23479453138317824	0.07935828067202882	0.25210800233498	4.045494365933004e-5	0.19799058888530274	2.6903310692522527e-10	4.065777818130554e-5	4.050045565052539e-5	1.3688762288991365e-5	4.045494365933004e-5	0.9998305457646591	3.415202652775713e-5	1.3166752552746004e-6	0.19898328156559367	0.19821332917667459	0.06699418814005112	0.19799058888530274	3.415202652775713e-5	0.3377831435305952
0.9999860883436472	9.706624759222048e-7	2.451752587966325e-7	6.188203471768319e-6	6.1696562472741886e-6	1.231747757705742e-10	3.378357243071591e-7	9.706624759222048e-7	0.8553562235002816	0.0027403488241702087	0.06916618010650279	0.06895887589039396	1.3767370068539645e-6	0.0037760242791697617	2.451752587966325e-7	0.0027403488241702087	0.9614169041164802	0.0174703736141392	0.017418011576773095	3.477437938760649e-7	0.0009537689493850514	6.188203471768319e-6	0.06916618010650279	0.0174703736141392	0.44964624375126455	0.43962918705469517	8.777024905007699e-6	0.024073050245029304	6.1696562472741886e-6	0.06895887589039396	0.017418011576773095	0.43962918705469517	0.44997810637524355	8.750718489576073e-6	0.024000898728164997	1.231747757705742e-10	1.3767370068539645e-6	3.477437938760649e-7	8.777024905007699e-6	8.750718489576073e-6	0.9999802684840668	4.791685631497064e-7	3.378357243071591e-7	0.0037760242791697617	0.0009537689493850514	0.024073050245029304	0.024000898728164997	4.791685631497064e-7	0.9471954407939638
0.9999464281192845	5.878473506841801e-7	3.019708606718665e-9	2.6136236534817847e-5	2.6730458878452214e-5	5.8936828327672e-9	1.0842456029379659e-7	5.878473506841801e-7	0.9783811144068215	1.2320873972724424e-6	0.01066398511930353	0.01090643694367514	2.404712933432369e-6	4.423888251852069e-5	3.019708606718665e-9	1.2320873972724424e-6	0.9998877203519181	5.4779744451006596e-5	5.602519339267059e-5	1.2352751668136141e-8	2.2725038079581824e-7	2.6136236534817847e-5	0.01066398511930353	5.4779744451006596e-5	0.5022710146432304	0.4849102668919123	0.0001069157595987708	0.0019669016049734004	2.6730458878452214e-5	0.01090643694367514	5.602519339267059e-5	0.4849102668919123	0.5019795737191162	0.000109346550778503	0.0020116202422511315	5.8936828327672e-9	2.404712933432369e-6	1.2352751668136141e-8	0.0001069157595987708	0.000109346550778503	0.9997808711968407	4.435334141367716e-7	1.0842456029379659e-7	4.423888251852069e-5	2.2725038079581824e-7	0.0019669016049734004	0.0020116202422511315	4.435334141367716e-7	0.9959764600619019
0.9991491340844352	3.156880260729747e-5	1.935700292497306e-6	0.0003731360421224358	0.00037211739193409	1.4814937800598585e-5	5.729304080805252e-5	3.156880260729747e-5	0.9192501602191991	0.00019070783757349768	0.03676187268747975	0.03666151387913724	0.001459587913836076	0.005644588660167834	1.935700292497306e-6	0.00019070783757349768	0.9948696580177413	0.0022541231163913026	0.002247969427983167	8.949736823673258e-5	0.00034610853178156765	0.0003731360421224358	0.03676187268747975	0.0022541231163913026	0.4433103952920587	0.4333307270867411	0.01725199603144404	0.06671774974377197	0.00037211739193409	0.03666151387913724	0.002247969427983167	0.4333307270867411	0.4436471613230434	0.017204898600419127	0.06653561229075101	1.4814937800598585e-5	0.001459587913836076	8.949736823673258e-5	0.01725199603144404	0.017204898600419127	0.9613302535567002	0.0026489515915633713	5.729304080805252e-5	0.005644588660167834	0.00034610853178156765	0.06671774974377197	0.06653561229075101	0.0026489515915633713	0.8580496961411576
0.9999575162854901	1.819516155967423e-7	9.84203128990023e-7	2.9755580860468905e-5	2.4009125541518795e-6	5.0044328574730755e-6	4.1566334931298785e-6	1.819516155967423e-7	0.9939418329250745	0.00014094655886202082	0.004261261324709948	0.00034383182969921564	0.0007166788740457362	0.0005952665359929137	9.84203128990023e-7	0.00014094655886202082	0.9678519348028473	0.023049791096764468	0.0018598370865050545	0.003876621749158511	0.003219884502733524	2.9755580860468905e-5	0.004261261324709948	0.023049791096764468	0.7018805381101523	0.056228771464677016	0.11720256573550052	0.0973473166873353	2.4009125541518795e-6	0.00034383182969921564	0.0018598370865050545	0.056228771464677016	0.9242535992846094	0.00945681795871149	0.007854741463243577	5.0044328574730755e-6	0.0007166788740457362	0.003876621749158511	0.11720256573550052	0.00945681795871149	0.8523699839037611	0.01637232734596534	4.1566334931298785e-6	0.0005952665359929137	0.003219884502733524	0.0973473166873353	0.007854741463243577	0.01637232734596534	0.8746063068312363
0.9999873775761444	2.3221149297868792e-8	3.45265037950591e-7	6.67165573114455e-6	7.279702703648162e-8	5.039863230775669e-6	4.6962167935250017e-7	2.3221149297868792e-8	0.9965434859238926	9.472071162249787e-5	0.0018303155810544655	1.997128422219373e-5	0.001382646312910048	0.00012883696514903728	3.45265037950591e-7	9.472071162249787e-5	0.9499202549176211	0.027214155959641804	0.00029694422599188953	0.020557958849304062	0.0019156200707819363	6.67165573114455e-6	0.0018303155810544655	0.027214155959641804	0.5309474823509946	0.0057379387699619255	0.39724735754223933	0.0370160781404017	7.279702703648162e-8	1.997128422219373e-5	0.00029694422599188953	0.0057379387699619255	0.9892066559027508	0.004334520213951778	0.00040389680609449833	5.039863230775669e-6	0.001382646312910048	0.020557958849304062	0.39724735754223933	0.004334520213951778	0.5485100075279205	0.027962469690462444	4.6962167935250017e-7	0.00012883696514903728	0.0019156200707819363	0.0370160781404017	0.00040389680609449833	0.027962469690462444	0.9325726287054329
0.9976346774662482	0.0003969925247344314	0.0002965065165368033	0.00046872982635340517	0.00045463084474948887	0.00046834442844665813	0.0002801183929310601	0.0003969925247344314	0.3031739195596915	0.10490911682834705	0.1658446926839687	0.16085622994958432	0.16570833226094472	0.09911071619272764	0.0002965065165368033	0.10490911682834705	0.4529988385493261	0.12386639306806911	0.1201406007266757	0.1237645479412588	0.07402399636978522	0.00046872982635340517	0.1658446926839687	0.12386639306806911	0.20722457645047557	0.18992325556399256	0.19565214195895514	0.11702021044818349	0.00045463084474948887	0.16085622994958432	0.1201406007266757	0.18992325556399256	0.22535784032325656	0.1897670973231006	0.11350034526863884	0.00046834442844665813	0.16570833226094472	0.1237645479412588	0.19565214195895514	0.1897670973231006	0.2077155417141655	0.1169239943731266	0.0002801183929310601	0.09911071619272764	0.07402399636978522	0.11702021044818349	0.11350034526863884	0.1169239943731266	0.479140618954606
0.9999145044788857	3.4584160240378935e-5	1.1611660233506407e-5	3.560030300743613e-8	3.453066779869869e-5	8.021482067216385e-9	4.725411056608686e-6	3.4584160240378935e-5	0.4100235021355906	0.13455159991511267	0.00041252306998194475	0.40012853502596474	9.294995066424103e-5	0.05475630574244454	1.1611660233506407e-5	0.13455159991511267	0.7125391161783129	0.0001385049598955029	0.13434348459406928	3.1208022352793854e-5	0.01838447467002297	3.560030300743613e-8	0.00041252306998194475	0.0001385049598955029	0.9989805905404378	0.000411885007177777	9.568098184757208e-8	5.636514122216207e-5	3.453066779869869e-5	0.40012853502596474	0.13434348459406928	0.000411885007177777	0.4103171461335845	9.280618196260047e-5	0.054671612389441474	8.021482067216385e-9	9.294995066424103e-5	3.1208022352793854e-5	9.568098184757208e-8	9.280618196260047e-5	0.999770231914431	1.2700228125453076e-5	4.725411056608686e-6	0.05475630574244454	0.01838447467002297	5.636514122216207e-5	0.054671612389441474	1.2700228125453076e-5	0.8721138164176866
0.9999989095100624	3.420144837862943e-7	3.335817617380594e-7	1.0941283026801122e-12	3.370726257137638e-7	4.853330573767936e-15	7.781996727989834e-8	3.420144837862943e-7	0.31908321727596234	0.3034719505648552	9.953699160665617e-7	0.30664772160924303	4.415258461024434e-9	0.07079576875029589	3.335817617380594e-7	0.3034719505648552	0.32838951133375976	9.708280377681882e-7	0.29908700378692105	4.3063956814112716e-9	0.06905022559828308	1.0941283026801122e-12	9.953699160665617e-7	9.708280377681882e-7	0.9999968263327604	9.809875519034666e-7	1.4124721246814806e-14	2.2648062573892393e-7	3.370726257137638e-7	0.30664772160924303	0.29908700378692105	9.809875519034666e-7	0.32449113029909704	4.351461219380257e-9	0.06977282189311465	4.853330573767936e-15	4.415258461024434e-9	4.3063956814112716e-9	1.4124721246814806e-14	4.351461219380257e-9	0.9999999859222437	1.004621983155278e-9	7.781996727989834e-8	0.07079576875029589	0.06905022559828308	2.2648062573892393e-7	0.06977282189311465	1.004621983155278e-9	0.7903808784530946
0.9999990265179133	2.6343057777682456e-7	2.487067621709986e-7	7.006627554256033e-11	2.6511700839848557e-7	1.833819504404094e-14	1.9615765390392157e-7	2.6343057777682456e-7	0.28141627547017894	0.25169521319570987	7.090818925296801e-5	0.2683026443196838	1.855854610041085e-8	0.19851467683605678	2.487067621709986e-7	0.25169521319570987	0.3075118806477447	6.694494735328161e-5	0.25330651632703566	1.7521261009967913e-8	0.18741917865413935	7.006627554256033e-11	7.090818925296801e-5	6.694494735328161e-5	0.9997379844708344	7.136212950049709e-5	4.936132379599147e-12	5.2800188056457054e-5	2.6511700839848557e-7	0.2683026443196838	0.25330651632703566	7.136212950049709e-5	0.27853366477088376	1.8677354253592505e-8	0.19978552865853993	1.833819504404094e-14	1.855854610041085e-8	1.7521261009967913e-8	4.936132379599147e-12	1.8677354253592505e-8	0.9999999314186803	1.38192038815193e-8	1.9615765390392157e-7	0.19851467683605678	0.18741917865413935	5.2800188056457054e-5	0.19978552865853993	1.38192038815193e-8	0.4142276056863544
0.998672768046882	0.0003010774924052361	0.00022770326345350963	0.00021889552157553763	0.0003003627910213047	1.15327736646756e-6	0.00027803960729594574	0.0003010774924052361	0.2343363373915993	0.16983365080835394	0.16326435120400717	0.22402713335090146	0.0008601778585479939	0.20737727189418415	0.00022770326345350963	0.16983365080835394	0.379543364834499	0.12347593730033948	0.1694304976390447	0.0006505478173645877	0.15683829833694432	0.00021889552157553763	0.16326435120400717	0.12347593730033948	0.39876697032324676	0.16287679231735652	0.0006253841145360811	0.1507716692189379	0.0003003627910213047	0.22402713335090146	0.1694304976390447	0.16287679231735652	0.23562208071952345	0.0008581359579694415	0.20688499722418258	1.15327736646756e-6	0.0008601778585479939	0.0006505478173645877	0.0006253841145360811	0.0008581359579694415	0.996210242312315	0.0007943586619004021	0.00027803960729594574	0.20737727189418415	0.15683829833694432	0.1507716692189379	0.20688499722418258	0.0007943586619004021	0.27705536505655404
0.7833646911031908	0.031032874100959038	0.0005500916503574136	0.04390513291029135	0.051242569382627834	0.039327720067157346	0.05057692078541746	0.031032874100959038	0.48039718949192306	0.0014480318802327329	0.11557352691801383	0.13488820279833724	0.10352418982747957	0.13313598498305765	0.0005500916503574136	0.0014480318802327329	0.9893671076911561	0.002048667227957222	0.002391040992519276	0.001835079543352786	0.0023599810144245294	0.04390513291029135	0.11557352691801383	0.002048667227957222	0.31280815187971905	0.19083905836837423	0.1464654320775676	0.18836003061808107	0.051242569382627834	0.13488820279833724	0.002391040992519276	0.19083905836837423	0.22985755313963577	0.17094277064885255	0.21983880466965822	0.039327720067157346	0.10352418982747957	0.001835079543352786	0.1464654320775676	0.17094277064885255	0.36918260920053	0.16872219863506432	0.05057692078541746	0.13313598498305765	0.0023599810144245294	0.18836003061808107	0.21983880466965822	0.16872219863506432	0.23700607929430179
0.7022330842408755	0.05282206481054537	0.00038874665318572446	0.05308559762440731	0.0694767151239452	0.06693197300945289	0.055061818537589645	0.05282206481054537	0.3689607521145812	0.0009176759334370405	0.12531394149075095	0.16400683808085592	0.15799971602299062	0.12997901154684216	0.00038874665318572446	0.0009176759334370405	0.9944449125402426	0.0009222542800393451	0.0012070166062644592	0.0011628068881542524	0.0009565870986765359	0.05308559762440731	0.12531394149075095	0.0009222542800393451	0.36643765474015283	0.16482507916414318	0.15878798717259962	0.13062748552791034	0.0694767151239452	0.16400683808085592	0.0012070166062644592	0.16482507916414318	0.22170673055716236	0.20781658761665936	0.17096103285097428	0.06693197300945289	0.15799971602299062	0.0011628068881542524	0.15878798717259962	0.20781658761665936	0.24260173163758283	0.16469919765256494	0.055061818537589645	0.12997901154684216	0.0009565870986765359	0.13062748552791034	0.17096103285097428	0.16469919765256494	0.34771486678544566
0.9795962596696772	0.0041573781046196955	0.0013505925936602116	0.003804894199309922	0.004062363082391392	0.004234892490532903	0.0027936198598084473	0.0041573781046196955	0.22341624158955256	0.06421335028086113	0.1809020759841166	0.1931433244948365	0.2013461618054695	0.1328214677405385	0.0013505925936602116	0.06421335028086113	0.7043614165671658	0.05876901206806516	0.06274578280185071	0.06541060929584458	0.043149236392550805	0.003804894199309922	0.1809020759841166	0.05876901206806516	0.2739211993921185	0.17676763972688098	0.18427499828693802	0.1215601803425659	0.004062363082391392	0.1931433244948365	0.06274578280185071	0.17676763972688098	0.23675051246950496	0.19674448508564651	0.12978589233888335	0.004234892490532903	0.2013461618054695	0.06541060929584458	0.18427499828693802	0.19674448508564651	0.212690926755793	0.13529792627976986	0.0027936198598084473	0.1328214677405385	0.043149236392550805	0.1215601803425659	0.12978589233888335	0.13529792627976986	0.43459167704587953
0.9996325981783483	5.765542504063638e-5	5.630460184809447e-5	9.22000460261557e-5	9.328930173499858e-5	2.287175400277465e-5	4.5080692999167025e-5	5.765542504063638e-5	0.48259481712329955	0.0940415994147163	0.15399522436554774	0.15581453123690361	0.038201075173994174	0.07529509726049062	5.630460184809447e-5	0.0940415994147163	0.4925139070791023	0.1503872322214076	0.15216391410275695	0.03730605274915388	0.07353098983100789	9.22000460261557e-5	0.15399522436554774	0.1503872322214076	0.26485538895530103	0.2491718158605361	0.06108949655315942	0.12040864199801031	9.328930173499858e-5	0.15581453123690361	0.15216391410275695	0.2491718158605361	0.25911408334525277	0.06181121075764028	0.12183115539516352	2.287175400277465e-5	0.038201075173994174	0.03730605274915388	0.06108949655315942	0.06181121075764028	0.7716999278839055	0.029869365128141027	4.5080692999167025e-5	0.07529509726049062	0.07353098983100789	0.12040864199801031	0.12183115539516352	0.029869365128141027	0.5790196696941818
0.9999642072925228	3.921066016205725e-7	8.15844020693585e-7	1.797575678711372e-5	1.535514315289015e-5	2.3641691416967417e-7	1.0174400007415623e-6	3.921066016205725e-7	0.9785369703081405	0.0004946290206704132	0.010898322166853266	0.009309499398562886	0.00014333458818053524	0.0006168524109913362	8.15844020693585e-7	0.0004946290206704132	0.9558770713271576	0.022675800250931286	0.019369986091990265	0.0002982318232908112	0.0012834656419396012	1.797575678711372e-5	0.010898322166853266	0.022675800250931286	0.5047726402407802	0.42678520664204966	0.0065710388084912665	0.028279016134124695	1.535514315289015e-5	0.009309499398562886	0.019369986091990265	0.42678520664204966	0.5147505478047639	0.0056130733611122145	0.024156331558383128	2.3641691416967417e-7	0.00014333458818053524	0.0002982318232908112	0.0065710388084912665	0.0056130733611122145	0.9870021597579527	0.00037192524405853787	1.0174400007415623e-6	0.0006168524109913362	0.0012834656419396012	0.028279016134124695	0.024156331558383128	0.00037192524405853787	0.9452913915705029
0.9999519432569226	7.674068607084725e-8	2.3256557706071993e-8	2.3565030886602512e-5	2.391880372932184e-5	7.997631033183801e-8	3.929349074213564e-7	7.674068607084725e-8	0.9968175678430957	1.5425308188771865e-6	0.001562990828212152	0.0015864554148321175	5.304565061867982e-6	2.6062077293229328e-5	2.3256557706071993e-8	1.5425308188771865e-6	0.9990344767318	0.00047367033384115067	0.0004807813663418578	1.607568680752401e-6	7.898211959566399e-6	2.3565030886602512e-5	0.001562990828212152	0.00047367033384115067	0.5011494960729426	0.4871584131554781	0.001628891347251041	0.008002973231396218	2.391880372932184e-5	0.0015864554148321175	0.0004807813663418578	0.4871584131554781	0.5009739671627749	0.0016533452732896243	0.00812311882356208	7.997631033183801e-8	5.304565061867982e-6	1.607568680752401e-6	0.001628891347251041	0.0016533452732896243	0.996683610334468	2.7160934938363457e-5	3.929349074213564e-7	2.6062077293229328e-5	7.898211959566399e-6	0.008002973231396218	0.00812311882356208	2.7160934938363457e-5	0.9838123937859433
0.9999543367094399	7.098017095606369e-8	4.305960848187806e-9	2.2450792107227758e-5	2.2777508820990562e-5	1.7272954428293207e-8	3.424305456459216e-7	7.098017095606369e-8	0.9969089559190301	2.919266218632386e-7	0.001522072338575756	0.0015442224021545213	1.171036015799226e-6	2.3215397431044973e-5	4.305960848187806e-9	2.919266218632386e-7	0.9998122098243768	9.233542001573564e-5	9.367913763814137e-5	7.104005481996575e-8	1.408345331755779e-6	2.2450792107227758e-5	0.001522072338575756	9.233542001573564e-5	0.5022173814250546	0.48843241219515987	0.0003703947988101984	0.007342953030272106	2.2777508820990562e-5	0.0015442224021545213	9.367913763814137e-5	0.48843241219515987	0.5020813118963352	0.0003757849948836432	0.007449811865003055	1.7272954428293207e-8	1.171036015799226e-6	7.104005481996575e-8	0.0003703947988101984	0.0003757849948836432	0.999246911413268	5.649444013164899e-6	3.424305456459216e-7	2.3215397431044973e-5	1.408345331755779e-6	0.007342953030272106	0.007449811865003055	5.649444013164899e-6	0.9851766194874031
0.9993752893450982	3.917207295434535e-5	1.624387298993187e-6	0.00025191251550993224	0.00025801485375783834	4.14366144060721e-6	6.984316393991983e-5	3.917207295434535e-5	0.8585507957886352	0.0003922963699367742	0.06083793282392702	0.06231167319622842	0.0010007116790464454	0.016867418069269495	1.624387298993187e-6	0.0003922963699367742	0.9937583565761067	0.0025228270531244684	0.0025839401105204854	4.149750622826998e-5	0.0006994579967841645	0.00025191251550993224	0.06083793282392702	0.0025228270531244684	0.42075733078821603	0.40072146191470437	0.006435497979965688	0.10847303692453708	0.00025801485375783834	0.06231167319622842	0.0025839401105204854	0.40072146191470437	0.4164328263500537	0.0065913917250143275	0.11110069184970507	4.14366144060721e-6	0.0010007116790464454	4.149750622826998e-5	0.006435497979965688	0.0065913917250143275	0.9841425049289727	0.0017842525193316357	6.984316393991983e-5	0.016867418069269495	0.0006994579967841645	0.10847303692453708	0.11110069184970507	0.0017842525193316357	0.7610052994764284
0.9917881672789934	0.0020985342721214603	0.00010863817320836813	0.0012169818896106794	0.0022024113981387447	0.00117710189289712	0.001408165095030211	0.0020985342721214603	0.29411537009895306	0.012506838394667055	0.1401035692436046	0.253549950460436	0.1355124328193967	0.16211330471080898	0.00010863817320836813	0.012506838394667055	0.9515979667480406	0.007252965093207858	0.01312592498536985	0.007015288405863544	0.008392378199642045	0.0012169818896106794	0.1401035692436046	0.007252965093207858	0.5317887064976148	0.14703867452691105	0.07858636322940385	0.09401273951964002	0.0022024113981387447	0.253549950460436	0.01312592498536985	0.14703867452691105	0.271724872539559	0.14222027755078576	0.17013788853878684	0.00117710189289712	0.1355124328193967	0.007015288405863544	0.07858636322940385	0.14222027755078576	0.5445565554454559	0.09093198065619025	0.001408165095030211	0.16211330471080898	0.008392378199642045	0.09401273951964002	0.17013788853878684	0.09093198065619025	0.47300354327989363
0.9816551241697401	0.005104300184012642	2.4993532377669804e-5	0.0024701219041048826	0.005183047006880475	0.0033091502574685936	0.0022532629454153213	0.005104300184012642	0.2924788491741612	0.0013259150333175488	0.1310407715599976	0.2749623318932825	0.1755514989871678	0.11953633316804887	2.4993532377669804e-5	0.0013259150333175488	0.9952161548186829	0.0006416495207389864	0.0013463706477019623	0.0008595991449772027	0.0005853173022035874	0.0024701219041048826	0.1310407715599976	0.0006416495207389864	0.5899833138628517	0.13306240901361366	0.08495456523204656	0.057847168906640704	0.005183047006880475	0.2749623318932825	0.0013463706477019623	0.13306240901361366	0.2858055283532013	0.178259827709335	0.121380485375973	0.0033091502574685936	0.1755514989871678	0.0008595991449772027	0.08495456523204656	0.178259827709335	0.47956919398047443	0.0774961646885227	0.0022532629454153213	0.11953633316804887	0.0005853173022035874	0.057847168906640704	0.121380485375973	0.0774961646885227	0.6209012676131908
0.9996527065833752	2.393887396943377e-6	1.3436013946519107e-9	2.3113387608514242e-5	0.00031932192543971007	1.0421320131691787e-6	1.4207405650120502e-6	2.393887396943377e-6	0.9925921179181881	2.8849051456727053e-8	0.0004962776245331701	0.006856300309704547	2.237607090338654e-5	3.050534022206095e-5	1.3436013946519107e-9	2.8849051456727053e-8	0.9999958133940098	2.785424700045225e-7	3.848190466282511e-6	1.2558869774329374e-8	1.712153116267131e-8	2.3113387608514242e-5	0.0004962776245331701	2.785424700045225e-7	0.9327710126323961	0.06619873884666506	0.00021604474822246771	0.0002945342181016428	0.00031932192543971007	0.006856300309704547	3.848190466282511e-6	0.06619873884666506	0.919567910899374	0.002984756114163155	0.004069123714147839	1.0421320131691787e-6	2.237607090338654e-5	1.2558869774329374e-8	0.00021604474822246771	0.002984756114163155	0.9967624884731646	1.3279902663182385e-5	1.4207405650120502e-6	3.050534022206095e-5	1.712153116267131e-8	0.0002945342181016428	0.004069123714147839	1.3279902663182385e-5	0.9955911189627691
0.9993277845549138	8.797596470566251e-6	1.0335127601509332e-8	0.00015153872045289225	0.0005016993003039947	9.518124984813242e-7	9.217680232775017e-6	8.797596470566251e-6	0.9827805186542787	2.6811852142487737e-7	0.003931285537346794	0.013015308546142978	2.46923472651912e-5	0.0002391291999740798	1.0335127601509332e-8	2.6811852142487737e-7	0.999979503314904	4.6183452267198804e-6	1.5289957324985678e-5	2.900775917835492e-8	2.8092113604522774e-7	0.00015153872045289225	0.003931285537346794	4.6183452267198804e-6	0.76717935852713	0.22418886908268862	0.00042532602194980044	0.004119003765202641	0.0005016993003039947	0.013015308546142978	1.5289957324985678e-5	0.22418886908268862	0.7472339187328941	0.0014081270250637364	0.013636787355572817	9.518124984813242e-7	2.46923472651912e-5	2.900775917835492e-8	0.00042532602194980044	0.0014081270250637364	0.9981150023827403	2.5871402723307614e-5	9.217680232775017e-6	0.0002391291999740798	2.8092113604522774e-7	0.004119003765202641	0.013636787355572817	2.5871402723307614e-5	0.9819697096751583
0.9955261769375818	0.0007576310704007912	3.719140129576986e-5	0.0012331621295941812	0.0013677871420376892	0.00011410750590851193	0.000963943813181133	0.0007576310704007912	0.5422173011770176	0.004573876358790045	0.15165685923610356	0.16821332498527697	0.014033179860173764	0.1185478273122391	3.719140129576986e-5	0.004573876358790045	0.9731785260365705	0.007444693507781094	0.0082574349406152	0.0006888756863671691	0.005819402068580353	0.0012331621295941812	0.15165685923610356	0.007444693507781094	0.3500758349245765	0.27379328827582045	0.022841177767690422	0.19295498415843657	0.0013677871420376892	0.16821332498527697	0.0082574349406152	0.27379328827582045	0.30901341275451044	0.025334762161343227	0.21401998974039926	0.00011410750590851193	0.014033179860173764	0.0006888756863671691	0.022841177767690422	0.025334762161343227	0.9191333007196661	0.017854596298851114	0.000963943813181133	0.1185478273122391	0.005819402068580353	0.19295498415843657	0.21401998974039926	0.017854596298851114	0.44983925660831475
0.9967010316107183	0.0006392482864440793	0.0004831979306586978	0.0006484974619866293	0.0006111929333231681	0.00035891897022378495	0.0005579128066452165	0.0006392482864440793	0.21122380784059183	0.1431827882749028	0.1921648850396871	0.18111068532067331	0.10635604099409496	0.16532254424360052	0.0004831979306586978	0.1431827882749028	0.36882310455405365	0.14525447586720452	0.13689877661452818	0.08039289273228883	0.1249647640263591	0.0006484974619866293	0.1921648850396871	0.14525447586720452	0.2025915395541702	0.1837311452525733	0.10789488859685828	0.16771456822751435	0.0006111929333231681	0.18111068532067331	0.13689877661452818	0.1837311452525733	0.23789305472835715	0.10168828301975667	0.15806686213078283	0.00035891897022378495	0.10635604099409496	0.08039289273228883	0.10789488859685828	0.10168828301975667	0.5104852660374879	0.0928237096492866	0.0005579128066452165	0.16532254424360052	0.1249647640263591	0.16771456822751435	0.15806686213078283	0.0928237096492866	0.29054963891580665
0.9970431425541932	0.000578929914603612	0.000466443681181859	0.0004896160498682382	0.0005780753763619245	0.0003012811847623246	0.0005425112390286453	0.000578929914603612	0.204158748302309	0.1559951176014494	0.16374476996929124	0.1933286695825599	0.10075898922892451	0.18143477540086128	0.000466443681181859	0.1559951176014494	0.3284810190615181	0.13192911845132071	0.15576485865275044	0.08118149133869197	0.14618195121308644	0.0004896160498682382	0.16374476996929124	0.13192911845132071	0.30167483486945434	0.16350307202920314	0.08521449151364097	0.15344409711722032	0.0005780753763619245	0.1933286695825599	0.15576485865275044	0.16350307202920314	0.20504809609645058	0.10061026240151769	0.1811669658611553	0.0003012811847623246	0.10075898922892451	0.08118149133869197	0.08521449151364097	0.10061026240151769	0.5375129289060167	0.09442055542644558	0.0005425112390286453	0.18143477540086128	0.14618195121308644	0.15344409711722032	0.1811669658611553	0.09442055542644558	0.24280914374220147
0.9855606467554923	0.0028539475655681903	0.0017666199848391467	0.0028886631314427244	0.0028914451730788614	0.0015085616359718607	0.002530115753606961	0.0028539475655681903	0.21743943170601587	0.11889486968886921	0.194409227527897	0.19459646104763303	0.10152734638221175	0.17027871608179765	0.0017666199848391467	0.11889486968886921	0.4702899140285537	0.12034111303637315	0.1204570123198036	0.06284636805890054	0.10540410288265582	0.0028886631314427244	0.194409227527897	0.12034111303637315	0.21028512836109908	0.19696354246985442	0.10276233027747358	0.17234999519585242	0.0028914451730788614	0.19459646104763303	0.1204570123198036	0.19696354246985442	0.2097142556761973	0.10286129961673171	0.17251598369669333	0.0015085616359718607	0.10152734638221175	0.06284636805890054	0.10276233027747358	0.10286129961673171	0.5384868557729455	0.09000723825576082	0.002530115753606961	0.17027871608179765	0.10540410288265582	0.17234999519585242	0.17251598369669333	0.09000723825576082	0.2869138481336263
0.9854510708950086	0.0025865582807329643	0.0012494669790980221	0.0027521401512458367	0.0028540325070034976	0.0028030111326094818	0.002303720054301531	0.0025865582807329643	0.2602829126573383	0.07699312025006	0.1695890016740215	0.175867687330104	0.1727237108347206	0.14195700897302194	0.0012494669790980221	0.07699312025006	0.6028703804848232	0.08192193432805357	0.08495492626094302	0.0834361919477426	0.06857397974927913	0.0027521401512458367	0.1695890016740215	0.08192193432805357	0.22378542657317185	0.18712608457860502	0.18378084236544068	0.15104457032946073	0.0028540325070034976	0.175867687330104	0.08495492626094302	0.18712608457860502	0.20197563107591318	0.19058495187391367	0.15663668637351666	0.0028030111326094818	0.1727237108347206	0.0834361919477426	0.18378084236544068	0.19058495187391367	0.21283479047334392	0.15383650137222807	0.002303720054301531	0.14195700897302194	0.06857397974927913	0.15104457032946073	0.15663668637351666	0.15383650137222807	0.32564753314819117
0.9998962551664765	1.494366666044409e-5	1.8878718601849037e-5	3.4610526975241173e-6	2.9308623044194454e-5	3.0204867022158747e-5	6.94790549736649e-6	1.494366666044409e-5	0.5790136243723132	0.08949658528319172	0.016407490595428963	0.13894066314176431	0.14318940360450805	0.03293728933613717	1.8878718601849037e-5	0.08949658528319172	0.4917238331389572	0.020728005044003225	0.17552731477548342	0.18089485792476598	0.04161052511500132	3.4610526975241173e-6	0.016407490595428963	0.020728005044003225	0.8898893458357054	0.03217958268806181	0.0331636192684938	0.007628495515610097	2.9308623044194454e-5	0.13894066314176431	0.17552731477548342	0.03217958268806181	0.30789044890637496	0.28083363671890343	0.06459904514637523	3.0204867022158747e-5	0.14318940360450805	0.18089485792476598	0.0331636192684938	0.28083363671890343	0.2953138238979504	0.06657445371836375	6.94790549736649e-6	0.03293728933613717	0.04161052511500132	0.007628495515610097	0.06459904514637523	0.06657445371836375	0.7866432432630168
0.9999999995463804	8.950740025156698e-13	8.2251430372106e-12	7.682467491026922e-18	3.7688590935943134e-15	4.444827282186416e-10	1.2918690211077667e-14	8.950740025156698e-13	0.9980002803293342	3.633109739503546e-5	3.3934057242285766e-11	1.664734414685342e-8	0.0019633148282365937	5.7062860810032194e-8	8.2251430372106e-12	3.633109739503546e-5	0.9819214156281407	3.118317299644801e-10	1.529781743327339e-7	0.01804157560596766	5.243702654258881e-7	7.682467491026922e-18	3.3934057242285766e-11	3.118317299644801e-10	0.9999999828023667	1.4288503504814924e-13	1.6851234981897128e-8	4.897735515565839e-13	3.7688590935943134e-15	1.664734414685342e-8	1.529781743327339e-7	1.4288503504814924e-13	0.9999915632679447	8.266866117428657e-6	2.4027273864054763e-10	4.444827282186416e-10	0.0019633148282365937	0.01804157560596766	1.6851234981897128e-8	8.266866117428657e-6	0.9799584886899227	2.833671403874752e-5	1.2918690211077667e-14	5.7062860810032194e-8	5.243702654258881e-7	4.897735515565839e-13	2.4027273864054763e-10	2.833671403874752e-5	0.9999710816120596
