0.999171911358152	0.0001585603006408018	0.00015028613202864262	0.0001574999096380788	5.042858613477747e-5	0.00014924407150480255	0.00016206964190084014	0.0001585603006408018	0.21561873576386575	0.17603107974639906	0.1844806222590604	0.05906731610936213	0.17481050778346036	0.1898331780372111	0.00015028613202864262	0.17603107974639906	0.24736433653129344	0.17485385081577565	0.05598500022713048	0.16568835292671483	0.17992709362065737	0.0001574999096380788	0.1844806222590604	0.17485385081577565	0.21963064316256126	0.058672296357859186	0.17364144157403796	0.18856364592106695	5.042858613477747e-5	0.05906731610936213	0.05598500022713048	0.058672296357859186	0.710253524226795	0.05559680899566841	0.06037462549704988	0.00014924407150480255	0.17481050778346036	0.16568835292671483	0.17364144157403796	0.05559680899566841	0.25143413734147957	0.1786795073071336	0.00016206964190084014	0.1898331780372111	0.17992709362065737	0.18856364592106695	0.06037462549704988	0.1786795073071336	0.2024598799749798
0.9999140670385973	1.80868015368242e-5	1.714460418113198e-5	4.841990769125111e-6	1.2372305026606855e-5	1.5214578585571628e-5	1.827268130355747e-5	1.80868015368242e-5	0.22474981052690424	0.19589977642157644	0.05532614804550816	0.14136994723968022	0.17384668154323032	0.20878954942156513	1.714460418113198e-5	0.19589977642157644	0.2549299629482694	0.0524440381112015	0.1340055500469324	0.1647904709516334	0.197913056916207	4.841990769125111e-6	0.05532614804550816	0.0524440381112015	0.7519440563647907	0.037845938552075624	0.046540236844062624	0.05589474009159278	1.2372305026606855e-5	0.14136994723968022	0.1340055500469324	0.037845938552075624	0.4250232764995181	0.11892009582441052	0.14282281953235756	1.5214578585571628e-5	0.17384668154323032	0.1647904709516334	0.046540236844062624	0.11892009582441052	0.3202539799580282	0.17563332030005074	1.827268130355747e-5	0.20878954942156513	0.197913056916207	0.05589474009159278	0.14282281953235756	0.17563332030005074	0.21892824105692474
0.9999778327220322	5.51423500209739e-6	5.308005580222494e-6	1.6483975723326054e-8	4.847456861720309e-6	8.983391062297947e-7	5.582757441633285e-6	5.51423500209739e-6	0.26377558938503703	0.23466305937834359	0.000728744556781701	0.2143025360813866	0.03971491737170596	0.24680963899174496	5.308005580222494e-6	0.23466305937834359	0.2825337140316974	0.0007014899024946775	0.2062877365478922	0.03822960083255575	0.23757909130143806	1.6483975723326054e-8	0.000728744556781701	0.0007014899024946775	0.997072601831375	0.000640625182073151	0.00011872176894167463	0.0007378002743581542	4.847456861720309e-6	0.2143025360813866	0.2062877365478922	0.000640625182073151	0.32688608373126127	0.034912612293981994	0.21696555870654502	8.983391062297947e-7	0.03971491737170596	0.03822960083255575	0.00011872176894167463	0.034912612293981994	0.846814816054105	0.04020843333960371	5.582757441633285e-6	0.24680963899174496	0.23757909130143806	0.0007378002743581542	0.21696555870654502	0.04020843333960371	0.2576938946288706
0.9999194313092699	2.0762827270453396e-5	2.0129279656493143e-5	7.215966435807805e-7	1.695145367661295e-5	8.16077388770101e-7	2.1187456094314106e-5	2.0762827270453396e-5	0.27765493338006847	0.24311776592782697	0.008715312563695643	0.20473656372287552	0.009856433760559459	0.2558982278177046	2.0129279656493143e-5	0.24311776592782697	0.29227786064056505	0.008449377418750105	0.1984893238962632	0.009555678954394596	0.24808986388254464	7.215966435807805e-7	0.008715312563695643	0.008449377418750105	0.9664830152661968	0.007115467237495515	0.0003425530360895153	0.008893552881129047	1.695145367661295e-5	0.20473656372287552	0.1984893238962632	0.007115467237495515	0.3726708651793242	0.00804711603734683	0.2089237124730192	8.16077388770101e-7	0.009856433760559459	0.009555678954394596	0.0003425530360895153	0.00804711603734683	0.9621393905335777	0.010058011600643083	2.1187456094314106e-5	0.2558982278177046	0.24808986388254464	0.008893552881129047	0.2089237124730192	0.010058011600643083	0.2681154438888664
0.9997685891565017	2.297103279403733e-5	5.2648913037490816e-5	5.5202438271215134e-5	1.2686342824388439e-5	3.063102147394101e-5	5.72710950972344e-5	2.297103279403733e-5	0.6409154012788392	0.09069382834014178	0.09509257022954606	0.02185368950656136	0.052765469278778517	0.09865607033333844	5.2648913037490816e-5	0.09069382834014178	0.2941626360360123	0.21794929750944492	0.050087995985880644	0.12093686114809384	0.22611673206738755	5.5202438271215134e-5	0.09509257022954606	0.21794929750944492	0.27049957412175235	0.052517314166971134	0.12680242054547716	0.23708362098853578	1.2686342824388439e-5	0.02185368950656136	0.050087995985880644	0.052517314166971134	0.7919018797951752	0.029141085582102298	0.054485348620484625	3.063102147394101e-5	0.052765469278778517	0.12093686114809384	0.12680242054547716	0.029141085582102298	0.5387693164682484	0.13155421595582495	5.72710950972344e-5	0.09865607033333844	0.22611673206738755	0.23708362098853578	0.054485348620484625	0.13155421595582495	0.25204674093932994
0.9999686757574332	9.488010631538426e-7	6.364594441959192e-6	7.898259187779569e-6	1.077721925844273e-7	7.893381171888641e-6	8.11143450939199e-6	9.488010631538426e-7	0.8873894128654131	0.02359520200434113	0.029280894912910638	0.0003995394644026277	0.029262810843080828	0.030071191108788458	6.364594441959192e-6	0.02359520200434113	0.3792861316594288	0.19641738216316146	0.00268012627012413	0.1962960735192354	0.20171871978926603	7.898259187779569e-6	0.029280894912910638	0.19641738216316146	0.2770441791579827	0.0033259514224289067	0.2435971813030558	0.25032651278127077	1.077721925844273e-7	0.0003995394644026277	0.00268012627012413	0.0033259514224289067	0.9868546583761717	0.0033238972933473795	0.003415719401332483	7.893381171888641e-6	0.029262810843080828	0.1962960735192354	0.2435971813030558	0.0033238972933473795	0.2773402341500429	0.2501719095100643	8.11143450939199e-6	0.030071191108788458	0.20171871978926603	0.25032651278127077	0.003415719401332483	0.2501719095100643	0.2642878359747668
0.9999993425789634	2.5718219828898947e-8	1.408773921861723e-7	2.4576402319213363e-7	3.606560940286783e-10	2.429602082100432e-7	1.7405370191285622e-9	2.5718219828898947e-8	0.9001425153878603	0.022269424842474066	0.03884955107792287	5.701130362590746e-5	0.03840633342570122	0.00027513824419608964	1.408773921861723e-7	0.022269424842474066	0.5527243500822923	0.2128072424869535	0.0003122923683437449	0.21037941709968846	0.001507132242857371	2.4576402319213363e-7	0.03884955107792287	0.2128072424869535	0.37815694113817083	0.0005448016013451717	0.36701198922612027	0.0026292287054669617	3.606560940286783e-10	5.701130362590746e-5	0.0003122923683437449	0.0005448016013451717	0.998543449804292	0.0005385861965341745	3.858365202951088e-6	2.429602082100432e-7	0.03840633342570122	0.21037941709968846	0.36701198922612027	0.0005385861965341745	0.381064198114462	0.0025992329772884432	1.7405370191285622e-9	0.00027513824419608964	0.001507132242857371	0.0026292287054669617	3.858365202951088e-6	0.0025992329772884432	0.9929854077244512
0.9999921736409455	1.447291970835668e-6	1.7584078047399573e-6	7.534371227970487e-7	5.4374697023116854e-8	1.8981550815501347e-6	1.914692377529527e-6	1.447291970835668e-6	0.3887691527707357	0.16848710528421149	0.07219283234045526	0.005210074294162855	0.18187740876081612	0.18346197925765154	1.7584078047399573e-6	0.16848710528421149	0.29359513725981823	0.08771170046665973	0.0063300532903814615	0.22097452450194777	0.22289972078918152	7.534371227970487e-7	0.07219283234045526	0.08771170046665973	0.6471925721252682	0.0027122816023682898	0.09468247894680776	0.09550738108132	5.4374697023116854e-8	0.005210074294162855	0.0063300532903814615	0.0027122816023682898	0.9720217513622496	0.006833126415403748	0.006892658660737388	1.8981550815501347e-6	0.18187740876081612	0.22097452450194777	0.09468247894680776	0.006833126415403748	0.25501616390279946	0.24061439931714879	1.914692377529527e-6	0.18346197925765154	0.22289972078918152	0.09550738108132	0.006892658660737388	0.24061439931714879	0.2506219462015884
0.9997333634687134	4.391927952899764e-5	5.1573876683885205e-5	5.0849437286116646e-5	9.575622112210035e-6	5.443214219182664e-5	5.6286173483522255e-5	4.391927952899764e-5	0.3524933700510675	0.14993073834184653	0.1478247160535259	0.02783735072245899	0.1582400198141194	0.1636298857374555	5.1573876683885205e-5	0.14993073834184653	0.2657719337005115	0.17358876917689928	0.03268906295282592	0.18581933392055355	0.1921485880306825	5.0849437286116646e-5	0.1478247160535259	0.17358876917689928	0.2736470290179007	0.032229891631959065	0.1832091976458604	0.1894495470365716	9.575622112210035e-6	0.02783735072245899	0.03268906295282592	0.032229891631959065	0.8370575447299916	0.03450071697483553	0.03567585736581731	5.443214219182664e-5	0.1582400198141194	0.18581933392055355	0.1832091976458604	0.03450071697483553	0.2353786829929811	0.20279761650946188	5.6286173483522255e-5	0.1636298857374555	0.1921485880306825	0.1894495470365716	0.03567585736581731	0.20279761650946188	0.21624221914653127
0.9965212226141301	0.0004657814067942713	0.0005707857973586992	0.0006814323413613951	0.0004089084671995277	0.0006559665450037458	0.0006959028281522824	0.0004657814067942713	0.42430406358385986	0.10897233350855881	0.13009656636513417	0.07806730662945671	0.12523472981175746	0.13285921869444012	0.0005707857973586992	0.10897233350855881	0.31908726709848445	0.15942515369478966	0.095666570653435	0.15346727900664756	0.1628106102407274	0.0006814323413613951	0.13009656636513417	0.15942515369478966	0.21799715825806526	0.11421148797333858	0.18321683500148933	0.19437136636582347	0.0004089084671995277	0.07806730662945671	0.095666570653435	0.11421148797333858	0.48506561951898863	0.10994329241246685	0.11663681434511596	0.0006559665450037458	0.12523472981175746	0.15346727900664756	0.18321683500148933	0.10994329241246685	0.2403743798601366	0.1871075173625004	0.0006959028281522824	0.13285921869444012	0.1628106102407274	0.19437136636582347	0.11663681434511596	0.1871075173625004	0.20551857016324238
0.9966541874235267	0.0005726047909635429	0.0005295967030238369	0.0005167645786964196	0.0005713327100933842	0.000553962236021086	0.0006015515576751492	0.0005726047909635429	0.2164555072735157	0.1495233543543376	0.14590040454749	0.16130686384139375	0.1564025818940453	0.16983868329825433	0.0005295967030238369	0.1495233543543376	0.26407654940426156	0.1349418908776024	0.14919117795323544	0.14465525441399205	0.15708217629354737	0.0005167645786964196	0.14590040454749	0.1349418908776024	0.27863832829894836	0.14557627677821136	0.14115025863388997	0.15327607628516166	0.0005713327100933842	0.16130686384139375	0.14919117795323544	0.14557627677821136	0.21783785090194696	0.15605512281649186	0.1694613749986274	0.000553962236021086	0.1564025818940453	0.14465525441399205	0.14115025863388997	0.15605512281649186	0.23687365206363775	0.1643091679419222	0.0006015515576751492	0.16983868329825433	0.15708217629354737	0.15327607628516166	0.1694613749986274	0.1643091679419222	0.1854309696248121
0.9999518368620837	1.1674305981704875e-5	1.1501527972727756e-5	7.312914443116028e-9	1.2011950822979125e-5	2.702692934506784e-7	1.2697770930967402e-5	1.1674305981704875e-5	0.30768425709504454	0.21821895052444573	0.0001387482183963571	0.22790322368968619	0.005127830120975049	0.24091531604546992	1.1501527972727756e-5	0.21821895052444573	0.31470081979078957	0.00013669476520083412	0.2245302895477955	0.005051938990481862	0.23734980485331333	7.312914443116028e-9	0.0001387482183963571	0.00013669476520083412	0.9994276644531946	0.00014276110106800708	3.2121295272104544e-6	0.00015091201969845013	1.2011950822979125e-5	0.22790322368968619	0.2245302895477955	0.00014276110106800708	0.2942524957910362	0.005276137471321293	0.24788308044826912	2.702692934506784e-7	0.005127830120975049	0.005051938990481862	3.2121295272104544e-6	0.005276137471321293	0.9789632334551358	0.005577377563265419	1.2697770930967402e-5	0.24091531604546992	0.23734980485331333	0.00015091201969845013	0.24788308044826912	0.005577377563265419	0.2681108112990522
0.999983903348852	3.955093936180258e-6	3.74364642315206e-6	2.8854468893514054e-10	3.959709786928234e-6	3.565572263622382e-10	4.437555899663194e-6	3.955093936180258e-6	0.33146973865402674	0.20612892329661547	1.588755970257437e-5	0.21802558860763294	1.963239816376496e-5	0.24433627438991828	3.74364642315206e-6	0.20612892329661547	0.356190671842753	1.503817785693336e-5	0.2063694890986245	1.8582809498238443e-5	0.2312735511282251	2.8854468893514054e-10	1.588755970257437e-5	1.503817785693336e-5	0.9999353408371081	1.5906101513595805e-5	1.4322856328123899e-9	1.7825602988711652e-5	3.959709786928234e-6	0.21802558860763294	0.2063694890986245	1.5906101513595805e-5	0.33094397052710495	1.9655310443779303e-5	0.2446214306448895	3.565572263622382e-10	1.963239816376496e-5	1.8582809498238443e-5	1.4322856328123899e-9	1.9655310443779303e-5	0.999920100437643	2.2027255408322988e-5	4.437555899663194e-6	0.24433627438991828	0.2312735511282251	1.7825602988711652e-5	0.2446214306448895	2.2027255408322988e-5	0.27972445342266605
0.9994022096282849	0.000145904940979877	0.0001351247696680412	4.0990458920002876e-5	0.0001227832117500043	1.229217681769564e-7	0.00015286406862898957	0.000145904940979877	0.28269902102246525	0.2144468655202967	0.065053028051245	0.1948604609131911	0.00019508035391675046	0.24259963919790145	0.0001351247696680412	0.2144468655202967	0.3198523446284012	0.06024659187412609	0.18046321612874477	0.00018066686236072312	0.22467519021639903	4.0990458920002876e-5	0.065053028051245	0.06024659187412609	0.7517047687817798	0.05474399745856859	5.480577408565649e-5	0.06815581760127369	0.0001227832117500043	0.1948604609131911	0.18046321612874477	0.05474399745856859	0.3654907902132303	0.0001641657386128525	0.20415458633589925	1.229217681769564e-7	0.00019508035391675046	0.00018066686236072312	5.480577408565649e-5	0.0001641657386128525	0.999200773381831	0.00020438496742485613	0.00015286406862898957	0.24259963919790145	0.22467519021639903	0.06815581760127369	0.20415458633589925	0.00020438496742485613	0.2600575176124687
0.9990264887336646	0.0002317361062505687	0.00020920930990185607	0.0002242842227154408	6.946565170110156e-5	3.7188824066170144e-6	0.00023509709335986447	0.0002317361062505687	0.2546739564742484	0.2101454379372822	0.22528780495987424	0.06977648272524217	0.003735522918852919	0.23614905887824697	0.00020920930990185607	0.2101454379372822	0.3066982383478571	0.20338784045157218	0.06299359229995208	0.003372397096940816	0.21319328455649147	0.0002242842227154408	0.22528780495987424	0.20338784045157218	0.27139670395761106	0.06753269676036906	0.003615400585805715	0.2285552690620498	6.946565170110156e-5	0.06977648272524217	0.06299359229995208	0.06753269676036906	0.7277195084835721	0.0011197673862783403	0.0707884866928844	3.7188824066170144e-6	0.003735522918852919	0.003372397096940816	0.003615400585805715	0.0011197673862783403	0.984363492014034	0.0037897011156815485	0.00023509709335986447	0.23614905887824697	0.21319328455649147	0.2285552690620498	0.0707884866928844	0.0037897011156815485	0.24728910260128348
0.9998642828555525	3.060922455065067e-5	2.983429162587423e-5	2.9058689255124664e-5	1.3750558494238041e-5	1.6477143929061754e-6	3.0816666128697854e-5	3.060922455065067e-5	0.23827582050612875	0.21620243391051297	0.2105818171247807	0.09964721976186783	0.011940617414450159	0.22332148205770938	2.983429162587423e-5	0.21620243391051297	0.25208678004659424	0.20525052285500237	0.09712445374640985	0.011638317120585983	0.21766765802926927	2.9058689255124664e-5	0.2105818171247807	0.20525052285500237	0.26619438748252405	0.09459950837387947	0.011335755676746193	0.21200894979781273	1.3750558494238041e-5	0.09964721976186783	0.09712445374640985	0.09459950837387947	0.6029284548548656	0.0053640744130260595	0.10032253829145722	1.6477143929061754e-6	0.011940617414450159	0.011638317120585983	0.011335755676746193	0.0053640744130260595	0.9476980475651741	0.012021540095624665	3.0816666128697854e-5	0.22332148205770938	0.21766765802926927	0.21200894979781273	0.10032253829145722	0.012021540095624665	0.2346270150619985
0.9999493561985804	9.23202867259491e-6	9.299294932929897e-6	8.16494675677048e-6	8.533665894665296e-6	6.043018203270087e-6	9.370846959487992e-6	9.23202867259491e-6	0.20319497083733712	0.1789259098883328	0.1571001391161021	0.16419459172964937	0.11627252800242048	0.18030262839748837	9.299294932929897e-6	0.1789259098883328	0.19869298983547592	0.1582447996486041	0.16539094374983643	0.11711971104482535	0.1816163465379953	8.16494675677048e-6	0.1571001391161021	0.1582447996486041	0.27713511377249467	0.14521619751917764	0.10283319453209899	0.1594623904647683	8.533665894665296e-6	0.16419459172964937	0.16539094374983643	0.14521619751917764	0.251049196392814	0.10747701744538433	0.16666351949724617	6.043018203270087e-6	0.11627252800242048	0.11711971104482535	0.10283319453209899	0.10747701744538433	0.4382706349065021	0.11802087105056737	9.370846959487992e-6	0.18030262839748837	0.1816163465379953	0.1594623904647683	0.16666351949724617	0.11802087105056737	0.19392487320497787
0.9999550865441815	7.089532519846094e-6	7.537011506324073e-6	7.67829366264556e-6	7.40277872706193e-6	7.727325371964232e-6	7.478514030776292e-6	7.089532519846094e-6	0.23754810987125502	0.15192911612152263	0.15477704505405188	0.1492232866968599	0.15576541348794146	0.1507499392358488	7.537011506324073e-6	0.15192911612152263	0.19901297213548708	0.16454630347228497	0.1586420015279294	0.16559705600608882	0.1602650137251804	7.67829366264556e-6	0.15477704505405188	0.16454630347228497	0.18708281681630046	0.16161576427729182	0.16870119205966916	0.16326920002673875	7.40277872706193e-6	0.1492232866968599	0.1586420015279294	0.16161576427729182	0.21045301810835376	0.16264780310304167	0.15741072350779575	7.727325371964232e-6	0.15576541348794146	0.16559705600608882	0.16870119205966916	0.16264780310304167	0.18296901072824956	0.16431179728963696	7.478514030776292e-6	0.1507499392358488	0.1602650137251804	0.16326920002673875	0.15741072350779575	0.16431179728963696	0.20398584770076805
0.9999945796329203	4.036945670003785e-7	1.2313153126346344e-6	1.7552080722564295e-6	2.3067795230581567e-7	1.7570023195383878e-6	4.246885612365325e-8	4.036945670003785e-7	0.7893918616143586	0.051692536839848174	0.07368637180559197	0.009684220138702522	0.07376169710429549	0.0017829088026371123	1.2313153126346344e-6	0.051692536839848174	0.46359642269748474	0.22475199161307838	0.02953799610510472	0.22498174252206782	0.005438078907106272	1.7552080722564295e-6	0.07368637180559197	0.22475199161307838	0.3309967485181753	0.042105648057787715	0.3207056442269924	0.007751840570306141	2.3067795230581567e-7	0.009684220138702522	0.02953799610510472	0.042105648057787715	0.875504430343132	0.04214869021659324	0.0010187844607280959	1.7570023195383878e-6	0.07376169710429549	0.22498174252206782	0.3207056442269924	0.04214869021659324	0.33064070410098767	0.007759764826748038	4.246885612365325e-8	0.0017829088026371123	0.005438078907106272	0.007751840570306141	0.0010187844607280959	0.007759764826748038	0.9762485799636185
0.9998305741485576	2.1791623622414137e-5	2.2718466285955114e-5	3.879213360016098e-5	3.9642239640232494e-5	3.889754737325168e-5	7.583840920311684e-6	2.1791623622414137e-5	0.524759567552343	0.07312829029855973	0.12486769007672134	0.12760408964262604	0.12520700563187429	0.024411565174252404	2.2718466285955114e-5	0.07312829029855973	0.507656909424185	0.13017857027850116	0.1330313545574553	0.13053231762351836	0.02544983935149343	3.879213360016098e-5	0.12486769007672134	0.13017857027850116	0.25141989328957054	0.22715310153632734	0.2228859572056843	0.043455995479593716	3.9642239640232494e-5	0.12760408964262604	0.1330313545574553	0.22715310153632734	0.23999313725898538	0.2277703675456942	0.044408307219269964	3.889754737325168e-5	0.12520700563187429	0.13053231762351836	0.2228859572056843	0.2277703675456942	0.24999137161138238	0.043574082834471686	7.583840920311684e-6	0.024411565174252404	0.02544983935149343	0.043455995479593716	0.044408307219269964	0.043574082834471686	0.8186926260999983
0.9994583169345921	4.865127534305042e-5	1.8377149420895003e-5	0.00015495609750133026	0.00015601438336261802	0.0001245304209201808	3.9153738859910994e-5	4.865127534305042e-5	0.7183889320731679	0.010494890403377881	0.08849290079573162	0.08909727059625307	0.07111729297677785	0.02236006187934838	1.8377149420895003e-5	0.010494890403377881	0.887095820844398	0.03342661110411979	0.033654900990692016	0.026863285910355934	0.00844611359763543	0.00015495609750133026	0.08849290079573162	0.03342661110411979	0.29641864932831613	0.28377807677733435	0.2265111881823344	0.07121761771466116	0.00015601438336261802	0.08909727059625307	0.033654900990692016	0.28377807677733435	0.2935515671260113	0.22805816562783174	0.07170400449851376	0.0001245304209201808	0.07111729297677785	0.026863285910355934	0.2265111881823344	0.22805816562783174	0.39009151993150637	0.0572340169502729	3.9153738859910994e-5	0.02236006187934838	0.00844611359763543	0.07121761771466116	0.07170400449851376	0.0572340169502729	0.7689990316207082
0.9979337422408315	0.00017261501773329624	0.0001924359941616604	0.0004419326934797111	0.0004388243763777494	0.00038011890564435674	0.000440330771771765	0.00017261501773329624	0.6464614536224947	0.03590979587445285	0.08246748682458979	0.08188745483457265	0.07093263590927931	0.0821685579168779	0.0001924359941616604	0.03590979587445285	0.6099888913891258	0.09193703434091421	0.09129039864194519	0.07907766362947381	0.0916037801299273	0.0004419326934797111	0.08246748682458979	0.09193703434091421	0.22353053672100948	0.2096500290209705	0.18160326520046918	0.21036971519856917	0.0004388243763777494	0.08188745483457265	0.09129039864194519	0.2096500290209705	0.22751724005213417	0.18032596541404677	0.20889008765995493	0.00038011890564435674	0.07093263590927931	0.07907766362947381	0.18160326520046918	0.18032596541404677	0.30673536293316583	0.18094498800792227	0.000440330771771765	0.0821685579168779	0.0916037801299273	0.21036971519856917	0.20889008765995493	0.18094498800792227	0.22558254031497862
0.9970599841101219	0.00036396417272000826	0.0005216945396605546	0.0005639294904852636	0.00045905348001031536	0.0004696179899881668	0.00056175621701379	0.00036396417272000826	0.439851320960196	0.11336598065421419	0.1225437777253528	0.09975386740286778	0.10204957100472954	0.12207151807992178	0.0005216945396605546	0.11336598065421419	0.24623006853747792	0.17565030983935304	0.1429839853334505	0.1462745730438285	0.17497338805201842	0.0005639294904852636	0.1225437777253528	0.17565030983935304	0.19942709872694275	0.15455957436148302	0.15811655897573246	0.1891387508806539	0.00045905348001031536	0.09975386740286778	0.1429839853334505	0.15455957436148302	0.3195685376537033	0.1287110496431167	0.1539639321253712	0.0004696179899881668	0.10204957100472954	0.1462745730438285	0.15811655897573246	0.1287110496431167	0.30687142052291483	0.15750720881969263	0.00056175621701379	0.12207151807992178	0.17497338805201842	0.1891387508806539	0.1539639321253712	0.15750720881969263	0.20178344582533164
0.9850562370812692	0.002918222722498862	0.002794660006457153	0.0023785528757530295	0.002802921621159267	0.0011160318871471103	0.0029333738057153477	0.002918222722498862	0.2070891145427968	0.18358933269634353	0.15625404672965992	0.18413206216134143	0.07331537609432645	0.19270184505303295	0.002794660006457153	0.18358933269634353	0.23288886773552533	0.14963797378307814	0.17633558469044647	0.0702110732842664	0.18454250780388282	0.0023785528757530295	0.15625404672965992	0.14963797378307814	0.3248267004839992	0.15008033574530058	0.05975709026648604	0.15706530011572312	0.002802921621159267	0.18413206216134143	0.17633558469044647	0.15008033574530058	0.23114240843879147	0.07041863228391439	0.1850880550590462	0.0011160318871471103	0.07331537609432645	0.0702110732842664	0.05975709026648604	0.07041863228391439	0.6514857749264037	0.07369602125745571	0.0029333738057153477	0.19270184505303295	0.18454250780388282	0.15706530011572312	0.1850880550590462	0.07369602125745571	0.2039728969051437
0.972260748809163	0.0071433308190767	0.0054859817391437705	6.540641915816677e-5	0.007231350731472415	0.0005932028437547898	0.0072199786382311166	0.0071433308190767	0.27350879379990833	0.19160732985951168	0.0022844314703322982	0.2525673381390642	0.020718627651623255	0.25217014826048123	0.0054859817391437705	0.19160732985951168	0.39760906617656966	0.0017544125629881144	0.19396830974631338	0.015911626639687895	0.19366327327578348	6.540641915816677e-5	0.0022844314703322982	0.0017544125629881144	0.9910845202043318	0.0023125801677656684	0.000189705793961704	0.002308943381462198	0.007231350731472415	0.2525673381390642	0.19396830974631338	0.0023125801677656684	0.2676691178272417	0.020973921972584162	0.2552773814155559	0.0005932028437547898	0.020718627651623255	0.015911626639687895	0.000189705793961704	0.020973921972584162	0.9206719769216624	0.020940938176725682	0.0072199786382311166	0.25217014826048123	0.19366327327578348	0.002308943381462198	0.2552773814155559	0.020940938176725682	0.26841933685175773
0.9275348609938617	0.017284582774856734	0.005024575997124747	3.151581232233908e-5	0.01772847297170851	0.014818467062966552	0.017577524387158393	0.017284582774856734	0.260208060798586	0.06578935351124537	0.0004126527132348897	0.23212799969942075	0.19402579812866316	0.23015155237398027	0.005024575997124747	0.06578935351124537	0.7382801309437008	0.00011995689714214778	0.06747890827002953	0.05640271337751936	0.06690436100323431	3.151581232233908e-5	0.0004126527132348897	0.00011995689714214778	0.9982392014199245	0.00042325016279414136	0.0003537765833960478	0.00041964641118584793	0.01772847297170851	0.23212799969942075	0.06747890827002953	0.00042325016279414136	0.2471706014062833	0.19900862883088521	0.23606213865886524	0.014818467062966552	0.19402579812866316	0.05640271337751936	0.0003537765833960478	0.19900862883088521	0.33807644055925057	0.19731417545730814	0.017577524387158393	0.23015155237398027	0.06690436100323431	0.00041964641118584793	0.23606213865886524	0.19731417545730814	0.2515706017082546
0.9904936230591794	0.0025630581378482567	0.0002342383718628569	5.3079707673808355e-6	0.0029753463421306487	0.0028027289994728066	0.0009256971187387328	0.0025630581378482567	0.37365295397945714	0.02104384803031234	0.0004768652091020402	0.2673034984123007	0.25179565015755456	0.08316412607342263	0.0002342383718628569	0.02104384803031234	0.9236373773048088	4.35808023737914e-5	0.024428917681090064	0.02301165247253043	0.00760038533702164	5.3079707673808355e-6	0.0004768652091020402	4.35808023737914e-5	0.9982269875928045	0.0005535727553891025	0.0005214567436663736	0.00017222892589673918	0.0029753463421306487	0.2673034984123007	0.024428917681090064	0.0005535727553891025	0.3158979552470229	0.29229897503988755	0.09654173452217636	0.0028027289994728066	0.25179565015755456	0.02301165247253043	0.0005214567436663736	0.29229897503988755	0.33862875595462316	0.09094078063226273	0.0009256971187387328	0.08316412607342263	0.00760038533702164	0.00017222892589673918	0.09654173452217636	0.09094078063226273	0.7206550473904804
0.9939187896075046	0.0012054246588185978	0.0012483705179148475	0.00046369170362369963	0.0012509082794211308	0.0011928290310540422	0.0007199862016632957	0.0012054246588185978	0.23593177959082362	0.19531937526521792	0.07254895286915396	0.1957164320563438	0.18662938430558382	0.11264865125406978	0.0012483705179148475	0.19531937526521792	0.21566887258455286	0.07513366613572402	0.2026892530057261	0.19327845953643447	0.11666200295444164	0.00046369170362369963	0.07254895286915396	0.07513366613572402	0.661443756746968	0.07528640230099622	0.07179088010337549	0.04333265014016296	0.0012509082794211308	0.1957164320563438	0.2026892530057261	0.07528640230099622	0.2144864765425628	0.19367136743322189	0.11689916038173993	0.0011928290310540422	0.18662938430558382	0.19327845953643447	0.07179088010337549	0.19367136743322189	0.241965507690834	0.1114715718995076	0.0007199862016632957	0.11264865125406978	0.11666200295444164	0.04333265014016296	0.11689916038173993	0.1114715718995076	0.4982659771684217
0.9997810757946535	4.951597481093147e-5	5.2384762186872154e-5	3.755897822825844e-5	5.2784213305929026e-5	1.461667395166712e-5	1.2063602862834828e-5	4.951597481093147e-5	0.28007303885602874	0.22260198722141625	0.15960181630282297	0.22429940091936676	0.0621115861250202	0.05126265460053891	5.2384762186872154e-5	0.22260198722141625	0.25125971926822416	0.16884860337578314	0.2372945462688325	0.06571012043350308	0.054232638670059195	3.755897822825844e-5	0.15960181630282297	0.16884860337578314	0.4153789854244539	0.17013612976235035	0.04711303210529177	0.03888387405107322	5.2784213305929026e-5	0.22429940091936676	0.2372945462688325	0.17013612976235035	0.24735977656657937	0.06621118181175063	0.05464618045781958	1.461667395166712e-5	0.0621115861250202	0.06571012043350308	0.04711303210529177	0.06621118181175063	0.7437071846098952	0.015132278240588886	1.2063602862834828e-5	0.05126265460053891	0.054232638670059195	0.03888387405107322	0.05464618045781958	0.015132278240588886	0.7858303103770586
0.9999616105769588	8.765938067436583e-6	9.088109604366019e-6	6.960214689351232e-7	9.190118119445006e-6	9.11827709587753e-6	1.5309586852069456e-6	8.765938067436583e-6	0.27231957463560547	0.22324043922244133	0.01709708016270837	0.22574617767653324	0.22398147386533707	0.037606488499304536	9.088109604366019e-6	0.22324043922244133	0.25378006359026434	0.017725443328253328	0.23404295007653061	0.2322133887070555	0.0389886269658478	6.960214689351232e-7	0.01709708016270837	0.017725443328253328	0.9264821169610581	0.017924400672711765	0.017784281984962087	0.002985980868837243	9.190118119445006e-6	0.22574617767653324	0.23404295007653061	0.017924400672711765	0.2480311877395174	0.23481984307376846	0.03942625064281622	9.11827709587753e-6	0.22398147386533707	0.2322133887070555	0.017784281984962087	0.23481984307376846	0.252073846473645	0.03911804761813313	1.5309586852069456e-6	0.037606488499304536	0.0389886269658478	0.002985980868837243	0.03942625064281622	0.03911804761813313	0.8418730744463755
0.9999995428376502	1.1928240177221563e-7	1.5823673814895e-7	5.872025283993172e-12	1.0947980613848721e-8	1.5951135755435535e-7	9.177999603712963e-9	1.1928240177221563e-7	0.4514651159139404	0.25689110132592186	9.533001374173453e-6	0.017773614585881187	0.2589603956418711	0.014900120248607025	1.5823673814895e-7	0.25689110132592186	0.3562223152406568	1.264621620462736e-5	0.02357798598453053	0.3435297051981058	0.019766087797838804	5.872025283993172e-12	9.533001374173453e-6	1.264621620462736e-5	0.9999634642330657	8.749581890172363e-7	1.2748083272717432e-5	7.335020215424515e-7	1.0947980613848721e-8	0.017773614585881187	0.02357798598453053	8.749581890172363e-7	0.9335120402740363	0.023767910011199787	0.0013675632381822255	1.5951135755435535e-7	0.2589603956418711	0.3435297051981058	1.2748083272717432e-5	0.023767910011199787	0.3538037751111057	0.019925306443083855	9.177999603712963e-9	0.014900120248607025	0.019766087797838804	7.335020215424515e-7	0.0013675632381822255	0.019925306443083855	0.9440401795922668
0.9999995604588491	1.1448748329818177e-7	1.24822429955284e-7	6.322292543210526e-11	6.031949274053366e-9	1.1323638520098522e-7	8.089968030249235e-8	1.1448748329818177e-7	0.32550032986964134	0.25901160920792965	0.00013119013674760878	0.012516539605044182	0.23497009601802415	0.16787012067512283	1.24822429955284e-7	0.25901160920792965	0.28799363636400876	0.0001430328554987337	0.013646425295803299	0.25618117812414143	0.18302399333018066	6.322292543210526e-11	0.00013119013674760878	0.0001430328554987337	0.9994964062878033	6.911954279374645e-6	0.00012975651513476917	9.270218731317291e-5	6.031949274053366e-9	0.012516539605044182	0.013646425295803299	6.911954279374645e-6	0.9526058602540927	0.01237976116925159	0.008844495689579363	1.1323638520098522e-7	0.23497009601802415	0.25618117812414143	0.00012975651513476917	0.01237976116925159	0.33030342797252626	0.16603566696452984	8.089968030249235e-8	0.16787012067512283	0.18302399333018066	9.270218731317291e-5	0.008844495689579363	0.16603566696452984	0.4741329402535888
0.9999996121230142	4.6685887958076246e-8	1.7222727974942318e-7	6.3839410071247e-8	8.986873519042016e-9	2.6396074025459903e-10	9.58735737296352e-8	4.6685887958076246e-8	0.7627612618512316	0.11975392893974499	0.04438913619462748	0.006248797602537981	0.0001835384950474874	0.06666329023092284	1.7222727974942318e-7	0.11975392893974499	0.44683696207810963	0.1637544129843381	0.02305222112849753	0.0006770854558816081	0.24592521718614935	6.3839410071247e-8	0.04438913619462748	0.1637544129843381	0.6919036631994259	0.008544756671627955	0.0002509749682755932	0.09115699214229532	8.986873519042016e-9	0.006248797602537981	0.02305222112849753	0.008544756671627955	0.9492864300507492	3.533053162335217e-5	0.01283245502809066	2.6396074025459903e-10	0.0001835384950474874	0.0006770854558816081	0.0002509749682755932	3.533053162335217e-5	0.9984761578560644	0.0003769124291469653	9.58735737296352e-8	0.06666329023092284	0.24592521718614935	0.09115699214229532	0.01283245502809066	0.0003769124291469653	0.5830450371098216
0.9999981619484254	7.358404810294101e-8	8.021365121791235e-7	7.561015007603948e-7	3.7988276604441194e-8	5.784166271487581e-9	1.624570706251128e-7	7.358404810294101e-8	0.9124144960156203	0.0398168119312194	0.03753170538877872	0.0018856791109546293	0.00028711703944888387	0.008064116929927844	8.021365121791235e-7	0.0398168119312194	0.43945875087450437	0.4091314902188172	0.02055570608230403	0.0031298503758387095	0.08790658838078264	7.561015007603948e-7	0.03753170538877872	0.4091314902188172	0.44814823187224684	0.0193760039370318	0.0029502267137774658	0.08286158576782697	3.7988276604441194e-8	0.0018856791109546293	0.02055570608230403	0.0193760039370318	0.9538711902625625	0.0001482261684920338	0.0041631564503776235	5.784166271487581e-9	0.00028711703944888387	0.0031298503758387095	0.0029502267137774658	0.0001482261684920338	0.9928506839059987	0.0006338900122777611	1.624570706251128e-7	0.008064116929927844	0.08790658838078264	0.08286158576782697	0.0041631564503776235	0.0006338900122777611	0.8163705000017323
0.9999918163295735	8.648877559457243e-7	2.4775648347310063e-6	2.3521830259157966e-6	3.0748281016571435e-7	1.4750223941736564e-6	7.065296056769929e-7	8.648877559457243e-7	0.6895341160355252	0.1050990647340625	0.09978032971796179	0.013043515680075628	0.06257090507432882	0.029971203870287413	2.4775648347310063e-6	0.1050990647340625	0.3066053951244734	0.2858315826621565	0.03736456615099294	0.17924114779487918	0.08585576596859329	2.3521830259157966e-6	0.09978032971796179	0.2858315826621565	0.32723088520851157	0.035473662298979046	0.17017031380111358	0.0815108741282446	3.0748281016571435e-7	0.013043515680075628	0.03736456615099294	0.035473662298979046	0.8812176008896354	0.02224505734368859	0.010655290153817176	1.4750223941736564e-6	0.06257090507432882	0.17924114779487918	0.17017031380111358	0.02224505734368859	0.5146567261963383	0.05111437476725288	7.065296056769929e-7	0.029971203870287413	0.08585576596859329	0.0815108741282446	0.010655290153817176	0.05111437476725288	0.7408917845821967
0.9999957575866206	7.70819088747424e-7	1.1671995791303769e-6	6.920770601171667e-7	7.242176438455942e-7	3.9614907536812506e-7	4.919509321592992e-7	7.70819088747424e-7	0.4623783995703314	0.1807558007998174	0.10717699479455385	0.11215437574454866	0.06134875700317075	0.07618490126848994	1.1671995791303769e-6	0.1807558007998174	0.27886628534901886	0.1622909253842475	0.16982783908399257	0.0928963026468796	0.1153616795364656	6.920770601171667e-7	0.10717699479455385	0.1622909253842475	0.5063499124135558	0.10069739031851742	0.05508175395291641	0.06840233105914933	7.242176438455942e-7	0.11215437574454866	0.16982783908399257	0.10069739031851742	0.4881008910318718	0.05763979239524339	0.07157898720818281	3.9614907536812506e-7	0.06134875700317075	0.0928963026468796	0.05508175395291641	0.05763979239524339	0.693879091786938	0.03915390606577662	4.919509321592992e-7	0.07618490126848994	0.1153616795364656	0.06840233105914933	0.07157898720818281	0.03915390606577662	0.6293177029110038
0.9999952360973702	7.745246368151624e-7	1.4019936032651097e-6	8.043667602833159e-7	1.2966066338823426e-6	4.2025379380080504e-8	4.4438561605784817e-7	7.745246368151624e-7	0.5398664565352002	0.161705208145217	0.09277524098097603	0.14954993027508573	0.0048471852540632404	0.05125520428482767	1.4019936032651097e-6	0.161705208145217	0.2980994290945418	0.16793564492868196	0.2707054568032417	0.008774056236586062	0.09277880279813985	8.043667602833159e-7	0.09277524098097603	0.16793564492868196	0.5257122885479137	0.15531202907968183	0.005033945356904604	0.05323004673908816	1.2966066338823426e-6	0.14954993027508573	0.2707054568032417	0.15531202907968183	0.3305120921638013	0.008114515997733116	0.08580467907383323	4.2025379380080504e-8	0.0048471852540632404	0.008774056236586062	0.005033945356904604	0.008114515997733116	0.9704491694118661	0.0027810857174675784	4.4438561605784817e-7	0.05125520428482767	0.09277880279813985	0.05323004673908816	0.08580467907383323	0.0027810857174675784	0.7141497370010313
0.9998638736744352	2.019107974338647e-5	3.547245750400551e-5	3.397218426512235e-5	3.4830148943174285e-5	4.064170102952195e-6	7.59628500609679e-6	2.019107974338647e-5	0.5186799219774513	0.1472622899559768	0.1410339740099317	0.144595775251839	0.016872216875974167	0.03153563084908195	3.547245750400551e-5	0.1472622899559768	0.26585227144062523	0.24777385425992288	0.2540313622682628	0.02964175287987731	0.055402996737827954	3.397218426512235e-5	0.1410339740099317	0.24777385425992288	0.28642298345348743	0.24328735180309916	0.028388083646663176	0.05305978064262767	3.4830148943174285e-5	0.144595775251839	0.2540313622682628	0.24328735180309916	0.2745458572241628	0.029105022329685263	0.0543998009740049	4.064170102952195e-6	0.016872216875974167	0.02964175287987731	0.028388083646663176	0.029105022329685263	0.8896411971840006	0.006347662913696145	7.59628500609679e-6	0.03153563084908195	0.055402996737827954	0.05305978064262767	0.0543998009740049	0.006347662913696145	0.7992465315977546
0.9976920667437068	0.0002762088320228706	0.0005980625805627494	0.0005537855878588961	0.0005775096447639932	0.00019051015711485784	0.00011185645396994191	0.0002762088320228706	0.5958925011574983	0.1188726091641963	0.11007198892860394	0.11478744954413875	0.03786633737762839	0.022232904995912413	0.0005980625805627494	0.1188726091641963	0.2635210929553163	0.2383339347413207	0.24854410985996156	0.08199027990042318	0.04813991079822108	0.0005537855878588961	0.11007198892860394	0.2383339347413207	0.3004007808357773	0.23014338375450913	0.07592020773252062	0.04457591841941124	0.0005775096447639932	0.11478744954413875	0.24854410985996156	0.23014338375450913	0.280289392605631	0.07917261329882808	0.04648554129216923	0.00019051015711485784	0.03786633737762839	0.08199027990042318	0.07592020773252062	0.07917261329882808	0.7095252985030674	0.015334753030418183	0.00011185645396994191	0.022232904995912413	0.04813991079822108	0.04457591841941124	0.04648554129216923	0.015334753030418183	0.8231191150098982
0.9927075310772706	0.001120957726247877	0.001570880576265283	0.001438965385167185	0.0015315621361437865	0.0009238799536408496	0.0007062231452642833	0.001120957726247877	0.3998437673331118	0.15247689713963153	0.1396726016838688	0.1486604684176281	0.08967603953419427	0.06854926816531229	0.001570880576265283	0.15247689713963153	0.22015709600026107	0.19573349813649374	0.20832885739360213	0.12566963531460842	0.09606313543913014	0.001438965385167185	0.1396726016838688	0.19573349813649374	0.2692078673070384	0.19083437598645256	0.11511648811282185	0.08799620338815078	0.0015315621361437865	0.1486604684176281	0.20832885739360213	0.19083437598645256	0.23446183765891826	0.12252418039851602	0.09365871800873167	0.0009238799536408496	0.08967603953419427	0.12566963531460842	0.11511648811282185	0.12252418039851602	0.48959228957163015	0.05649748711458408	0.0007062231452642833	0.06854926816531229	0.09606313543913014	0.08799620338815078	0.09365871800873167	0.05649748711458408	0.5965289647388233
