0.7925690226532299	0.019688208373412865	0.0011300454646864082	0.048289024306311795	0.05380534073292053	0.02929366638308006	0.05522469208635968	0.019688208373412865	0.6774636713159984	0.0018228779021276246	0.07789509190031287	0.08679346955806413	0.047253653760589064	0.08908302718949727	0.0011300454646864082	0.0018228779021276246	0.9797691098681053	0.004470950004884613	0.004981690805900709	0.0027122212498586567	0.005113104704436702	0.048289024306311795	0.07789509190031287	0.004470950004884613	0.32207638314122705	0.21287726549960173	0.11589845006356876	0.21849283508409872	0.05380534073292053	0.08679346955806413	0.004981690805900709	0.21287726549960173	0.2689516231364625	0.12913815687248414	0.24345245339457236	0.02929366638308006	0.047253653760589064	0.0027122212498586567	0.11589845006356876	0.12913815687248414	0.5431591107071988	0.13254474096322388	0.05522469208635968	0.08908302718949727	0.005113104704436702	0.21849283508409872	0.24345245339457236	0.13254474096322388	0.25608914657781784
0.9813452851015738	0.00046353661565548326	1.1649737329849791e-6	0.008107750305714905	0.0094920029481043	0.00018485555506955837	0.0004054045001489578	0.00046353661565548326	0.9526126993356485	3.0050253875687927e-6	0.020913772400957712	0.024484423150765603	0.00047683103943795663	0.0010457324321474315	1.1649737329849791e-6	3.0050253875687927e-6	0.9998779073817211	5.2561102363594306e-5	6.153496590036605e-5	1.1983856663224378e-6	2.6281652280252693e-6	0.008107750305714905	0.020913772400957712	5.2561102363594306e-5	0.5160359536366259	0.4282587018614626	0.008340283971548899	0.018290976721331717	0.0094920029481043	0.024484423150765603	6.153496590036605e-5	0.4282587018614626	0.5065252672668656	0.009764237558002677	0.021413832248905064	0.00018485555506955837	0.00047683103943795663	1.1983856663224378e-6	0.008340283971548899	0.009764237558002677	0.9808155618197011	0.00041703167057362993	0.0004054045001489578	0.0010457324321474315	2.6281652280252693e-6	0.018290976721331717	0.021413832248905064	0.00041703167057362993	0.9584243942616655
0.34731235710991837	0.08367693077334448	0.00018151448082131047	0.23219089512574576	0.26969651271695083	0.02378211788502091	0.043159671908194856	0.08367693077334448	0.7202500520046831	6.254731442878812e-5	0.08000968770766384	0.09293359133071613	0.008194980358626404	0.014872210510536108	0.00018151448082131047	6.254731442878812e-5	0.999330746478046	0.0001735593883608133	0.00020159430353566907	1.7776794528543557e-5	3.226124027896512e-5	0.23219089512574576	0.08000968770766384	0.0001735593883608133	0.3657411375172328	0.257876735665394	0.02273983769984919	0.04126814689575023	0.26969651271695083	0.09293359133071613	0.00020159430353566907	0.257876735665394	0.3049444206221456	0.026412986280437284	0.04793415908081658	0.02378211788502091	0.008194980358626404	1.7776794528543557e-5	0.02273983769984919	0.026412986280437284	0.9146254171761256	0.004226883805411831	0.043159671908194856	0.014872210510536108	3.226124027896512e-5	0.04126814689575023	0.04793415908081658	0.004226883805411831	0.8485066665590106
0.9940081081226004	0.0003980059827065874	1.7575691943781684e-6	0.0013503460468963396	0.003737277136040796	0.00014714998779466823	0.00035735515476666445	0.0003980059827065874	0.9010504228668589	3.096437946220975e-5	0.023790032014179976	0.06584233938894823	0.0025924487493908916	0.0062957866184532255	1.7575691943781684e-6	3.096437946220975e-5	0.9995322172959884	0.00010505527358421063	0.00029075559771451744	1.144808937028631e-5	2.780179468590825e-5	0.0013503460468963396	0.023790032014179976	0.00010505527358421063	0.7212102970066616	0.22338845790119286	0.00879560376634361	0.021360207991141033	0.003737277136040796	0.06584233938894823	0.00029075559771451744	0.22338845790119286	0.6232806184685608	0.024343099999576408	0.05911745150796552	0.00014714998779466823	0.0025924487493908916	1.144808937028631e-5	0.00879560376634361	0.024343099999576408	0.9617825835825956	0.002327665824928552	0.00035735515476666445	0.0062957866184532255	2.780179468590825e-5	0.021360207991141033	0.05911745150796552	0.002327665824928552	0.9105137311080589
0.9564577432845324	0.006104749621236392	7.937332804459949e-5	0.00806970781652748	0.01211008333170691	0.005126770497543778	0.012051572120408511	0.006104749621236392	0.5693051116263903	0.0009001970212083697	0.0915210073386131	0.13734413322901382	0.05814426135331828	0.13668053981022057	7.937332804459949e-5	0.0009001970212083697	0.9935116565116753	0.0011899467446117298	0.0017857343246093394	0.0007559857187678018	0.001777106351082811	0.00806970781652748	0.0915210073386131	0.0011899467446117298	0.46013396808759566	0.18155159412547625	0.07685936843287945	0.1806744074542975	0.01211008333170691	0.13734413322901382	0.0017857343246093394	0.18155159412547625	0.28073157656549863	0.11534164280870579	0.27113523561499075	0.005126770497543778	0.05814426135331828	0.0007559857187678018	0.07685936843287945	0.11534164280870579	0.6289876143251083	0.11478435686367726	0.012051572120408511	0.13668053981022057	0.001777106351082811	0.1806744074542975	0.27113523561499075	0.11478435686367726	0.2828967817853241
0.2816493448731116	0.08086997434068922	0.00016165586975772718	0.1875383103004315	0.23813994688214626	0.06018088149560505	0.15145988623825435	0.08086997434068922	0.6912405780662256	5.778946400984911e-5	0.06704203472362101	0.0851313342984587	0.02151373093029938	0.05414455817669472	0.00016165586975772718	5.778946400984911e-5	0.9993251282220736	0.00013401436716076418	0.00017017415922103142	4.300509445718247e-5	0.00010823282331990963	0.1875383103004315	0.06704203472362101	0.00013401436716076418	0.3724128341915634	0.19742044829512495	0.04989056543939656	0.12556179268269815	0.23813994688214626	0.0851313342984587	0.00017017415922103142	0.19742044829512495	0.2563451364806939	0.06335205102693517	0.1594409088574155	0.06018088149560505	0.02151373093029938	4.300509445718247e-5	0.04989056543939656	0.06335205102693517	0.7647270953919909	0.040292670621314655	0.15145988623825435	0.05414455817669472	0.00010823282331990963	0.12556179268269815	0.1594409088574155	0.040292670621314655	0.4689919506002998
0.4013831874001001	0.0183627040319369	4.306790177477464e-6	0.24284108214300337	0.31006486082378315	0.008602012592620096	0.01874184621837629	0.0183627040319369	0.9423339363271789	2.91719301498749e-7	0.016448776917070505	0.021002161909777446	0.0005826550636540056	0.0012694740310808443	4.306790177477464e-6	2.91719301498749e-7	0.9999861833456022	3.857897547918214e-6	4.925848854368315e-6	1.366559685674947e-7	2.977425480535288e-7	0.24284108214300337	0.016448776917070505	3.857897547918214e-6	0.43846535221354827	0.2777470963232071	0.007705433030328843	0.016788401475291627	0.31006486082378315	0.021002161909777446	4.925848854368315e-6	0.2777470963232071	0.35990668584798086	0.009838467194479722	0.021435802051914348	0.008602012592620096	0.0005826550636540056	1.366559685674947e-7	0.007705433030328843	0.009838467194479722	0.9726766100842392	0.0005946853787094326	0.01874184621837629	0.0012694740310808443	2.977425480535288e-7	0.016788401475291627	0.021435802051914348	0.0005946853787094326	0.9411694931020794
0.32061557212225433	0.04346265974968461	1.34896850576742e-5	0.2565847499060332	0.30354744399414246	0.040341597542414655	0.03543448700042068	0.04346265974968461	0.8640960108866726	1.9609399802416415e-6	0.03729866874281145	0.04412544223852336	0.005864291949702348	0.00515096549262639	1.34896850576742e-5	1.9609399802416415e-6	0.999955858586728	1.1576541732807653e-5	1.3695395593745133e-5	1.8201244917670482e-6	1.5987264157017416e-6	0.2565847499060332	0.03729866874281145	1.1576541732807653e-5	0.3805781567347945	0.260497531132958	0.03462024395092984	0.030409072990746727	0.30354744399414246	0.04412544223852336	1.3695395593745133e-5	0.260497531132958	0.31488425763274414	0.04095678548942213	0.035974844116623945	0.040341597542414655	0.005864291949702348	1.8201244917670482e-6	0.03462024395092984	0.04095678548942213	0.8734341873029275	0.004781073640112589	0.03543448700042068	0.00515096549262639	1.5987264157017416e-6	0.030409072990746727	0.035974844116623945	0.004781073640112589	0.8882479580330548
0.281187800942296	0.08452324248916138	7.704782683169126e-5	0.20742595679811487	0.24653860528612098	0.12295232736084787	0.05729501929663648	0.08452324248916138	0.6892996455654498	2.7474000254925202e-5	0.07396471807567552	0.08791165154178962	0.043842797547485754	0.020430470780186456	7.704782683169126e-5	2.7474000254925202e-5	0.9996893296908002	6.74231208141392e-5	8.013655776809983e-5	3.996524711754579e-5	1.8623556413652594e-5	0.20742595679811487	0.07396471807567552	6.74231208141392e-5	0.3450694501148421	0.2157413499262824	0.10759329578677061	0.05013780617750828	0.24653860528612098	0.08791165154178962	8.013655776809983e-5	0.2157413499262824	0.26225506630829154	0.12788130034865805	0.059591890031098986	0.12295232736084787	0.043842797547485754	3.996524711754579e-5	0.10759329578677061	0.12788130034865805	0.5679709861309876	0.02971932757813733	0.05729501929663648	0.020430470780186456	1.8623556413652594e-5	0.05013780617750828	0.059591890031098986	0.02971932757813733	0.7828068625800211
0.27679197300361946	0.10432365131917795	5.9213727375597034e-5	0.2028027538158084	0.260345512070347	0.10940645189598582	0.046270444167680135	0.10432365131917795	0.6443970719936561	2.4041942517307526e-5	0.08234192248469603	0.10570541854478495	0.044421179751468746	0.018786713963696612	5.9213727375597034e-5	2.4041942517307526e-5	0.9997741327671132	4.6736977549548404e-5	5.999801345798598e-5	2.521330105153559e-5	1.0663270934854187e-5	0.2028027538158084	0.08234192248469603	4.6736977549548404e-5	0.38644503301865857	0.20548887719187944	0.08635374114526226	0.036520935366141434	0.260345512070347	0.10570541854478495	5.999801345798598e-5	0.20548887719187944	0.2706613569352647	0.11085554083783376	0.046883296406426744	0.10940645189598582	0.044421179751468746	2.521330105153559e-5	0.08635374114526226	0.11085554083783376	0.6292358429768266	0.01970203009156921	0.046270444167680135	0.018786713963696612	1.0663270934854187e-5	0.036520935366141434	0.046883296406426744	0.01970203009156921	0.83182591673355
0.36046341951974253	0.037500730523961315	4.682624624424431e-6	0.2439086554980899	0.33292110613765385	0.008985646533225798	0.016215759162702785	0.037500730523961315	0.8923805915474112	5.453818870163833e-7	0.028407863850826585	0.03877507928905427	0.0010465517216117384	0.0018886376852479596	4.682624624424431e-6	5.453818870163833e-7	0.9999860165135419	3.547220572414746e-6	4.841749442105417e-6	1.3068035725921752e-7	2.358295747307447e-7	0.2439086554980899	0.028407863850826585	3.547220572414746e-6	0.4563920034104809	0.25219715253765745	0.006806881353002672	0.012283896129370498	0.33292110613765385	0.03877507928905427	4.841749442105417e-6	0.25219715253765745	0.35004402113396366	0.009290996519831032	0.01676680263239817	0.008985646533225798	0.0010465517216117384	1.3068035725921752e-7	0.006806881353002672	0.009290996519831032	0.9734172518565936	0.0004525413353781052	0.016215759162702785	0.0018886376852479596	2.358295747307447e-7	0.012283896129370498	0.01676680263239817	0.0004525413353781052	0.9523921272253277
0.33909645898385693	0.021389488306820248	9.275209636938127e-6	0.27325018411987106	0.3142621930196186	0.007673733490123648	0.04431866687007668	0.021389488306820248	0.9338482603501239	6.492105423942398e-7	0.019125918139392968	0.021996519407147377	0.000537116558689082	0.003102048027284285	9.275209636938127e-6	6.492105423942398e-7	0.9999706654266881	8.293648622965076e-6	9.538438968603816e-6	2.3291200845246487e-7	1.345153532622743e-6	0.27325018411987106	0.019125918139392968	8.293648622965076e-6	0.38012037509566216	0.28100499141360086	0.006861650753413538	0.03962858682943982	0.3142621930196186	0.021996519407147377	9.538438968603816e-6	0.28100499141360086	0.32925881930427114	0.0078915131217496	0.04557642529464805	0.007673733490123648	0.000537116558689082	2.3291200845246487e-7	0.006861650753413538	0.0078915131217496	0.9759228565162099	0.0011128966478058846	0.04431866687007668	0.003102048027284285	1.345153532622743e-6	0.03962858682943982	0.04557642529464805	0.0011128966478058846	0.8662600311772133
0.9613965720640935	0.001641490885841233	1.4705244551860669e-5	0.009688763801900714	0.014026383516365603	0.0062876859940514855	0.006944398493195724	0.001641490885841233	0.8884498073445556	4.372699233025407e-5	0.02881016354139786	0.04170835529312672	0.018696839502893314	0.02064961643985548	1.4705244551860669e-5	4.372699233025407e-5	0.9989573458367464	0.0002580949453388149	0.00037364299109525674	0.00016749504953603988	0.00018498894040132216	0.009688763801900714	0.02881016354139786	0.0002580949453388149	0.4828236773997567	0.24618010766094836	0.11035654437566036	0.12188264827500032	0.014026383516365603	0.04170835529312672	0.00037364299109525674	0.24618010766094836	0.36149978629246704	0.15976271551280552	0.17644900873319586	0.0062876859940514855	0.018696839502893314	0.00016749504953603988	0.11035654437566036	0.15976271551280552	0.6256309279225052	0.07909779164254996	0.006944398493195724	0.02064961643985548	0.00018498894040132216	0.12188264827500032	0.17644900873319586	0.07909779164254996	0.5947915474758035
0.9756642904071862	0.00517310240763772	0.0006857156657988583	0.000462221486371003	0.006914229330680462	0.006667635155545126	0.0044328055467809	0.00517310240763772	0.41318832130050626	0.020813383050757518	0.014029711336582092	0.20986614531050843	0.20238132429625022	0.13454801229776292	0.0006857156657988583	0.020813383050757518	0.9041612515961869	0.0018596950325062867	0.02781860713752051	0.026826463812153582	0.017834883705077176	0.000462221486371003	0.014029711336582092	0.0018596950325062867	0.9347916899312325	0.018751734255474165	0.01808295857275746	0.012021989385076811	0.006914229330680462	0.20986614531050843	0.02781860713752051	0.018751734255474165	0.2863186085077971	0.2704974265278615	0.17983324893016459	0.006667635155545126	0.20238132429625022	0.026826463812153582	0.01808295857275746	0.2704974265278615	0.30212464834923736	0.17341954328620135	0.0044328055467809	0.13454801229776292	0.017834883705077176	0.012021989385076811	0.17983324893016459	0.17341954328620135	0.47790951684894084
0.9982285879961682	0.0004126440429465422	9.688525415370643e-5	1.9720939193207432e-6	0.0005479522941238211	0.0004682214272602737	0.0002437368914281816	0.0004126440429465422	0.4252970357392054	0.04094905475697807	0.0008335157149926228	0.23159487676721663	0.19789621269768723	0.10301666028097428	9.688525415370643e-5	0.04094905475697807	0.833730141364336	0.0001957022844956722	0.0543764750269155	0.04646432001383635	0.024187421299284893	1.9720939193207432e-6	0.0008335157149926228	0.0001957022844956722	0.9964238675689636	0.0011068301021799393	0.0009457786302473595	0.0004923336052016122	0.0005479522941238211	0.23159487676721663	0.0543764750269155	0.0011068301021799393	0.31279000679476693	0.26278746924782675	0.13679638976697162	0.0004682214272602737	0.19789621269768723	0.04646432001383635	0.0009457786302473595	0.26278746924782675	0.37454643361226636	0.11689156437087664	0.0002437368914281816	0.10301666028097428	0.024187421299284893	0.0004923336052016122	0.13679638976697162	0.11689156437087664	0.6183718937852634
0.999631011171165	9.215167388566184e-5	4.520004534238835e-5	3.0994677366691374e-6	0.00012650609889500736	3.423664781581579e-5	6.779489515937881e-5	9.215167388566184e-5	0.45625955738291224	0.0887631120376446	0.006086684203146647	0.24843061427490037	0.0672333707377662	0.13313450968972723	4.520004534238835e-5	0.0887631120376446	0.6880722388050773	0.002985495437753887	0.12185427085779779	0.03297771247909452	0.06530197033728134	3.0994677366691374e-6	0.006086684203146647	0.002985495437753887	0.9758296456101285	0.008355818633325511	0.002261355162010192	0.004477901485897795	0.00012650609889500736	0.24843061427490037	0.12185427085779779	0.008355818633325511	0.3461671529313975	0.09229817635379851	0.182767460849862	3.423664781581579e-5	0.0672333707377662	0.03297771247909452	0.002261355162010192	0.09229817635379851	0.7557323539877585	0.04946279463175018	6.779489515937881e-5	0.13313450968972723	0.06530197033728134	0.004477901485897795	0.182767460849862	0.04946279463175018	0.5647875681103096
0.9998326441681074	3.792590073862713e-5	3.410668086238247e-5	3.3609693704035796e-6	4.119268587012489e-5	2.0534802489670307e-5	3.0234792561579072e-5	3.792590073862713e-5	0.29188293793811704	0.1865892140017828	0.01838703201985701	0.22535499452854252	0.11234082471083898	0.16540707090012363	3.410668086238247e-5	0.1865892140017828	0.34440191532650577	0.016535418299741398	0.20266126128682094	0.10102786174111929	0.14875022266316787	3.3609693704035796e-6	0.01838703201985701	0.016535418299741398	0.9204895283341133	0.019970817286522145	0.009955572934209896	0.014658270156185956	4.119268587012489e-5	0.22535499452854252	0.20266126128682094	0.019970817286522145	0.25029974772893104	0.12201741323420096	0.1796545732491128	2.0534802489670307e-5	0.11234082471083898	0.10102786174111929	0.009955572934209896	0.12201741323420096	0.5650789036601137	0.08955888891702789	3.0234792561579072e-5	0.16540707090012363	0.14875022266316787	0.014658270156185956	0.1796545732491128	0.08955888891702789	0.4019407393218205
0.9998591498511796	3.0551914717520654e-5	2.6751525251024432e-5	1.8592906984687161e-6	3.0442176724093165e-5	3.012853946074764e-5	2.1116701968678398e-5	3.0551914717520654e-5	0.22589484637444765	0.18774259100562213	0.013048529004894864	0.21364363640586922	0.21144252555690382	0.14819731973754977	2.6751525251024432e-5	0.18774259100562213	0.29883319171653466	0.011425406767157184	0.1870682471745293	0.18514093515494467	0.12976287665596534	1.8592906984687161e-6	0.013048529004894864	0.011425406767157184	0.9406360267341368	0.013001660603898823	0.012867708117921471	0.009018809481292677	3.0442176724093165e-5	0.21364363640586922	0.1870682471745293	0.013001660603898823	0.22790794188291807	0.21068305503944554	0.14766501671661977	3.012853946074764e-5	0.21144252555690382	0.18514093515494467	0.012867708117921471	0.21068305503944554	0.2336919823915411	0.14614366519978764	2.1116701968678398e-5	0.14819731973754977	0.12976287665596534	0.009018809481292677	0.14766501671661977	0.14614366519978764	0.4191911955068195
0.9992726830505372	0.00012712574543798766	0.0001015388680855386	0.00011288089862757395	0.00015289791145179377	0.00015254412134500306	8.032940451489529e-5	0.00012712574543798766	0.3203592943329298	0.11495843206516354	0.12779944627116377	0.17310518127628968	0.17270463361682037	0.0909458866921901	0.0001015388680855386	0.11495843206516354	0.43401413291794405	0.10207697167575396	0.1382639221188323	0.13794399356449655	0.07264100878972048	0.00011288089862757395	0.12779944627116377	0.10207697167575396	0.3821948743460676	0.15370819146219655	0.1533525264504533	0.08075510889573308	0.00015289791145179377	0.17310518127628968	0.1382639221188323	0.15370819146219655	0.21766949234582916	0.20771699459524587	0.10938332029014898	0.00015254412134500306	0.17270463361682037	0.13794399356449655	0.1533525264504533	0.20771699459524587	0.21899908916123495	0.10913021849039826	8.032940451489529e-5	0.0909458866921901	0.07264100878972048	0.08075510889573308	0.10938332029014898	0.10913021849039826	0.5370641274372913
0.9968714675898516	0.0003184001002859709	0.0001278025396954683	0.0008212390563578322	0.0008208574437351904	0.0007537446082505492	0.0002864886618234932	0.0003184001002859709	0.6553109242236863	0.015661699199563346	0.10063962032568033	0.10059285519784472	0.09236844084508751	0.03510806010785462	0.0001278025396954683	0.015661699199563346	0.8522700812299079	0.04039571300403994	0.040376941960622546	0.03707574626110428	0.014092015805067495	0.0008212390563578322	0.10063962032568033	0.04039571300403994	0.26989153114408604	0.2594558902614076	0.23824292495113336	0.09055308125730181	0.0008208574437351904	0.10059285519784472	0.040376941960622546	0.2594558902614076	0.27011023355902863	0.2381322184440419	0.0905110031333264	0.0007537446082505492	0.09236844084508751	0.03707574626110428	0.23824292495113336	0.2381322184440419	0.31031604964674314	0.08311087524364569	0.0002864886618234932	0.03510806010785462	0.014092015805067495	0.09055308125730181	0.0905110031333264	0.08311087524364569	0.6863384757909831
0.9993975557502534	0.00011517260388579577	2.4797484891200278e-5	0.000206275139939051	0.0002011365101881226	7.325949801172031e-7	5.432991586231825e-5	0.00011517260388579577	0.5510835364696031	0.02283971030417887	0.18998960821360303	0.1852566760075111	0.0006747562178013571	0.050040540183416096	2.4797484891200278e-5	0.02283971030417887	0.8854229190525769	0.04090612072844627	0.039887086592619865	0.00014527983697203002	0.010774086000314863	0.000206275139939051	0.18998960821360303	0.04090612072844627	0.34627013140805935	0.331796325504504	0.0012084942821101352	0.0896230447233371	0.0002011365101881226	0.1852566760075111	0.039887086592619865	0.331796325504504	0.3542899891709467	0.0011783888381205546	0.08739039737610851	7.325949801172031e-7	0.0006747562178013571	0.00014527983697203002	0.0012084942821101352	0.0011783888381205546	0.9964740481542697	0.00031830007574609536	5.432991586231825e-5	0.050040540183416096	0.010774086000314863	0.0896230447233371	0.08739039737610851	0.00031830007574609536	0.7617993017252147
0.9999355363325931	2.0360391153965177e-5	7.533153803463425e-6	9.70057856916358e-7	2.492633723975764e-5	2.818869593659867e-9	1.0670908483053716e-5	2.0360391153965177e-5	0.4440326148375363	0.0949597127473174	0.012228134171202568	0.3142107390721136	3.553346365542423e-5	0.1345129053170026	7.533153803463425e-6	0.0949597127473174	0.7344717714212151	0.004524294977658917	0.11625502703906426	1.3147048348035202e-5	0.049768513612586114	9.70057856916358e-7	0.012228134171202568	0.004524294977658917	0.9618657558454846	0.014970370355828815	1.6929692235152959e-6	0.006408781622743656	2.492633723975764e-5	0.3142107390721136	0.11625502703906426	0.014970370355828815	0.38981716270878003	4.35020669138413e-5	0.1646782724200373	2.818869593659867e-9	3.553346365542423e-5	1.3147048348035202e-5	1.6929692235152959e-6	4.35020669138413e-5	0.9998874984967303	1.8623136259300366e-5	1.0670908483053716e-5	0.1345129053170026	0.049768513612586114	0.006408781622743656	0.1646782724200373	1.8623136259300366e-5	0.6446022329828783
0.999871308225979	3.40306801652571e-5	2.0649277752117467e-5	1.567832483471535e-8	4.006001311420451e-5	1.1162738566551128e-7	3.382449727889112e-5	3.40306801652571e-5	0.37845383338748084	0.13557604500895218	0.00010293848041432693	0.2630202473049532	0.0007329069638606179	0.22207999817416738	2.0649277752117467e-5	0.13557604500895218	0.5695449819146499	6.246143959315959e-5	0.15959652039442485	0.0004447163380140064	0.13475462562660998	1.567832483471535e-8	0.00010293848041432693	6.246143959315959e-5	0.9996107554936797	0.0001211764459402208	3.376586479386031e-7	0.00010231480339973638	4.006001311420451e-5	0.2630202473049532	0.15959652039442485	0.0001211764459402208	0.31493256000018943	0.0008627586178463428	0.2614266772235243	1.1162738566551128e-7	0.0007329069638606179	0.0004447163380140064	3.376586479386031e-7	0.0008627586178463428	0.9972307023197466	0.0007284664744988806	3.382449727889112e-5	0.22207999817416738	0.13475462562660998	0.00010231480339973638	0.2614266772235243	0.0007284664744988806	0.3808740932005146
0.99901584642228	0.0002654856308402402	0.00021600633907798114	3.322584034370841e-7	0.0002720516994140569	9.735623538929044e-6	0.0002205420264452575	0.0002654856308402402	0.29176713718615954	0.212790123722529	0.00032731125890570725	0.2680009995278074	0.009590665469390625	0.21725827720436275	0.00021600633907798114	0.212790123722529	0.3841041716290653	0.00026630935373588114	0.2180529115418586	0.007803226603293337	0.17676725081043612	3.322584034370841e-7	0.00032731125890570725	0.00026630935373588114	0.9987867365801449	0.0003354064170660764	1.2002831138821488e-5	0.00027190130060504813	0.0002720516994140569	0.2680009995278074	0.2180529115418586	0.0003354064170660764	0.2808791934825148	0.009827864623790244	0.22263157270754405	9.735623538929044e-6	0.009590665469390625	0.007803226603293337	1.2002831138821488e-5	0.009827864623790244	0.9647894265897207	0.007967078259127265	0.0002205420264452575	0.21725827720436275	0.17676725081043612	0.00027190130060504813	0.22263157270754405	0.007967078259127265	0.37488337769147567
0.9986560869199089	0.0003571208537054881	0.0003036363786516715	3.5603418981912073e-6	0.00036405006331387453	1.3717125232606997e-6	0.0003141737299985299	0.0003571208537054881	0.2843838458303171	0.22008550216234563	0.0025806513633597405	0.2638753016106251	0.0009942617575825425	0.22772331642206206	0.0003036363786516715	0.22008550216234563	0.358597369125556	0.00219415815795304	0.22435581726835607	0.0008453553926402084	0.19361816151449532	3.5603418981912073e-6	0.0025806513633597405	0.00219415815795304	0.9903106901833515	0.002630723696121453	9.912363718220902e-6	0.002270303893597748	0.00036405006331387453	0.2638753016106251	0.22435581726835607	0.002630723696121453	0.2756187260576299	0.0010135534008803427	0.23214182790307092	1.3717125232606997e-6	0.0009942617575825425	0.0008453553926402084	9.912363718220902e-6	0.0010135534008803427	0.9962608528932514	0.00087469247940421	0.0003141737299985299	0.22772331642206206	0.19361816151449532	0.002270303893597748	0.23214182790307092	0.00087469247940421	0.3430575240573693
0.9989699125433159	0.0002535133973426094	0.00023618320880890249	8.464877080662305e-6	0.00027885785743923325	5.360548151062145e-6	0.00024770756786162486	0.0002535133973426094	0.31842339532520675	0.20721407314321472	0.007426614564966335	0.24465444753410165	0.00470304820678703	0.21732490782838332	0.00023618320880890249	0.20721407314321472	0.3508508417282019	0.006918930821514689	0.2279298572528003	0.004381547595927468	0.20246856624953394	8.464877080662305e-6	0.007426614564966335	0.006918930821514689	0.9700633450978077	0.008169074484117751	0.00015703598071024023	0.007256534173802945	0.00027885785743923325	0.24465444753410165	0.2279298572528003	0.008169074484117751	0.2747430364445367	0.0051732254000196425	0.23905150102698725	5.360548151062145e-6	0.00470304820678703	0.004381547595927468	0.00015703598071024023	0.0051732254000196425	0.9809844407793518	0.004595341489052682	0.00024770756786162486	0.21732490782838332	0.20246856624953394	0.007256534173802945	0.23905150102698725	0.004595341489052682	0.3290554416643804
0.9993953477142503	0.00011326644567572179	0.000108779241853916	5.7042929318891115e-6	0.00013305159937621424	0.00013101235334401492	0.00011283835256779467	0.00011326644567572179	0.31305659590582363	0.15204520676582706	0.007973124131961424	0.18597167614799123	0.1831213383507438	0.1577187922519797	0.000108779241853916	0.15204520676582706	0.3342473132538408	0.007657258008828206	0.1786041560410389	0.17586673824036192	0.1514705484482512	5.7042929318891115e-6	0.007973124131961424	0.007657258008828206	0.9578327652835177	0.00936585333329607	0.009222305421526293	0.00794298952793834	0.00013305159937621424	0.18597167614799123	0.1786041560410389	0.00936585333329607	0.22554786745685515	0.21510860345379218	0.18526879196765292	0.00013101235334401492	0.1831213383507438	0.17586673824036192	0.009222305421526293	0.21510860345379218	0.234120775093287	0.18242922708694745	0.00011283835256779467	0.1577187922519797	0.1514705484482512	0.00794298952793834	0.18526879196765292	0.18242922708694745	0.31505681236466476
0.9999971551553469	2.6708394469054546e-7	8.662117747123239e-7	2.887860180212259e-10	3.9545357978803705e-8	1.6082405012307531e-6	6.347428852147733e-8	2.6708394469054546e-7	0.8502770444407797	0.05031171251589104	1.6773402926920673e-5	0.002296891753322484	0.09341056785011512	0.003686742953019633	8.662117747123239e-7	0.05031171251589104	0.6272758363624495	5.439982225111701e-5	0.007449323411307246	0.30295094618316987	0.011956915493154828	2.887860180212259e-10	1.6773402926920673e-5	5.439982225111701e-5	0.9998213559452519	2.483527132401501e-6	0.00010100070208934272	3.986311562471256e-6	3.9545357978803705e-8	0.002296891753322484	0.007449323411307246	2.483527132401501e-6	0.9758747034155106	0.013830686636428495	0.0005458717109406025	1.6082405012307531e-6	0.09341056785011512	0.30295094618316987	0.00010100070208934272	0.013830686636428495	0.5675055432260375	0.02219964716165557	6.347428852147733e-8	0.003686742953019633	0.011956915493154828	3.986311562471256e-6	0.0005458717109406025	0.02219964716165557	0.9616067728953783
0.9999489052679746	1.2449876358837257e-5	1.2599716057123618e-5	5.646834220773825e-9	1.3221220986367217e-5	7.080451231950407e-6	5.7378205568310155e-6	1.2449876358837257e-5	0.29208790317253275	0.2308026358151332	0.00010343917404621442	0.24218741426499515	0.12970028845774867	0.10510586923918175	1.2599716057123618e-5	0.2308026358151332	0.2863456824767497	0.0001046841096731513	0.24510224554815585	0.13126128806369003	0.1063708642705377	5.646834220773825e-9	0.00010343917404621442	0.0001046841096731513	0.9995755232481823	0.00010984785224325122	5.882757436282307e-5	4.767239465817643e-5	1.3221220986367217e-5	0.24218741426499515	0.24510224554815585	0.00010984785224325122	0.2632334614537069	0.13773600044455547	0.11161780921535362	7.080451231950407e-6	0.12970028845774867	0.13126128806369003	5.882757436282307e-5	0.13773600044455547	0.5414610634384398	0.05977545156996935	5.7378205568310155e-6	0.10510586923918175	0.1063708642705377	4.767239465817643e-5	0.11161780921535362	0.05977545156996935	0.617076595489741
0.9999055588891127	2.8388628723161553e-5	2.7303828286240166e-5	7.3111844641721435e-9	2.8455361901063792e-5	2.818102881189163e-9	1.0283162689496597e-5	2.8388628723161553e-5	0.30919267360847846	0.2855442957246617	7.646059727775272e-5	0.29758707051803357	2.947180864356398e-5	0.10754163911418164	2.7303828286240166e-5	0.2855442957246617	0.3246787866230465	7.353884680706148e-5	0.28621552498590525	2.8345617195390326e-5	0.10343220437409764	7.3111844641721435e-9	7.646059727775272e-5	7.353884680706148e-5	0.9997456491346095	7.664033328016434e-5	7.590145744168325e-9	2.7696186695404755e-5	2.8455361901063792e-5	0.29758707051803357	0.28621552498590525	7.664033328016434e-5	0.30826833036013546	2.9541088053587304e-5	0.10779443735269079	2.818102881189163e-9	2.947180864356398e-5	2.8345617195390326e-5	7.590145744168325e-9	2.9541088053587304e-5	0.9999019555568255	1.0675521033117703e-5	1.0283162689496597e-5	0.10754163911418164	0.10343220437409764	2.7696186695404755e-5	0.10779443735269079	1.0675521033117703e-5	0.681183064288612
0.9984208098627163	0.00042639333412151844	0.0004175392243490491	2.0731853003575223e-5	0.0004274082427144587	5.669553353233484e-6	0.0002814479297418993	0.00042639333412151844	0.2794106219542431	0.2608406730627222	0.012951383189736715	0.26700594148011486	0.003541823202186546	0.17582316377686197	0.0004175392243490491	0.2608406730627222	0.28895736008526274	0.012682446132586183	0.26146153042444686	0.0034682768098831867	0.17217217426073708	2.0731853003575223e-5	0.012951383189736715	0.012682446132586183	0.9526422466466089	0.012982210290063708	0.00017220850354911284	0.008548773384451175	0.0004274082427144587	0.26700594148011486	0.26146153042444686	0.012982210290063708	0.27833099502167324	0.0035502535094050682	0.17624166103156863	5.669553353233484e-6	0.003541823202186546	0.0034682768098831867	0.00017220850354911284	0.0035502535094050682	0.986923929792365	0.0023378386292575984	0.0002814479297418993	0.17582316377686197	0.17217217426073708	0.008548773384451175	0.17624166103156863	0.0023378386292575984	0.4645949409873729
0.9989788626648938	0.00015309753853096457	0.0001690239147846913	0.0001330117987617108	0.00020966773375472058	0.00021113581588513229	0.0001452005333889574	0.00015309753853096457	0.38855136171443666	0.11903090825460286	0.09367026692851672	0.14765331173579604	0.1486871722377129	0.10225388159040419	0.0001690239147846913	0.11903090825460286	0.3373263053371067	0.10341456412104696	0.16301333790197425	0.16415474847625275	0.11289111199423213	0.0001330117987617108	0.09367026692851672	0.10341456412104696	0.45648166108448335	0.12828183114864156	0.12918005359132856	0.08883861132722125	0.00020966773375472058	0.14765331173579604	0.16301333790197425	0.12828183114864156	0.21717700508832094	0.20362771825475054	0.14003712813676228	0.00021113581588513229	0.1486871722377129	0.16415474847625275	0.12918005359132856	0.20362771825475054	0.21312151109097738	0.14101766053309303	0.0001452005333889574	0.10225388159040419	0.11289111199423213	0.08883861132722125	0.14003712813676228	0.14101766053309303	0.4148164058848984
0.9999986622968663	1.9342852412560317e-8	4.932838491343779e-7	9.363750958052437e-9	8.369299997410241e-10	8.02152703275952e-7	1.2723047940428925e-8	1.9342852412560317e-8	0.9763548001754045	0.00884719132309887	0.00016794163517235412	1.5010586389040352e-5	0.014386845319742124	0.00022819161734052601	4.932838491343779e-7	0.00884719132309887	0.6137721391950077	0.004282868651468696	0.0003828018574417604	0.3668951344329642	0.005819371256166984	9.363750958052437e-9	0.00016794163517235412	0.004282868651468696	0.9884668680518983	7.266528725103416e-6	0.0069645796686434	0.00011046610034125039	8.369299997410241e-10	1.5010586389040352e-5	0.0003828018574417604	7.266528725103416e-6	0.9989625541568454	0.0006224925979328273	9.873435735760294e-6	8.02152703275952e-7	0.014386845319742124	0.3668951344329642	0.0069645796686434	0.0006224925979328273	0.6016669850278089	0.009463160800201018	1.2723047940428925e-8	0.00022819161734052601	0.005819371256166984	0.00011046610034125039	9.873435735760294e-6	0.009463160800201018	0.9843689240671666
0.9999859073199525	4.102496160438079e-6	4.571691785920249e-6	4.4071753133174824e-8	1.511400185134344e-7	4.66113505717488e-6	5.621452723537548e-7	4.102496160438079e-6	0.38010160064889054	0.2836750251145302	0.002734667222186363	0.009378289385048451	0.28922501041704457	0.034881304716141606	4.571691785920249e-6	0.2836750251145302	0.34164829558600124	0.0030474265393486025	0.010450868659199612	0.32230319120276935	0.03887062120636755	4.4071753133174824e-8	0.002734667222186363	0.0030474265393486025	0.9906353478658398	0.00010074784678048147	0.0031070481873842317	0.00037471826670733147	1.511400185134344e-7	0.009378289385048451	0.010450868659199612	0.00010074784678048147	0.9681295455733537	0.010655335610189212	0.0012850617854100394	4.66113505717488e-6	0.28922501041704457	0.32230319120276935	0.0031070481873842317	0.010655335610189212	0.33507364450947047	0.03963110893808748	5.621452723537548e-7	0.034881304716141606	0.03887062120636755	0.00037471826670733147	0.0012850617854100394	0.03963110893808748	0.8849566229420138
0.9997189252519477	9.041312005058802e-5	9.087190324049229e-5	6.208692593135556e-8	8.781667683213832e-5	5.54602559811153e-7	1.1356358443376068e-5	9.041312005058802e-5	0.3313045603530641	0.3186661727030917	0.0002177240968430523	0.3079522196375887	0.0019448593988246727	0.039824050690538695	9.087190324049229e-5	0.3186661727030917	0.32952840725096455	0.00021882889397440664	0.3095148612274861	0.001954728196609871	0.040026129824634424	6.208692593135556e-8	0.0002177240968430523	0.00021882889397440664	0.9993232305080982	0.00021147159439180487	1.3355400341694419e-6	2.7347279732483306e-5	8.781667683213832e-5	0.3079522196375887	0.3095148612274861	0.00021147159439180487	0.34166422150258424	0.0018890078034578606	0.03868040155766074	5.54602559811153e-7	0.0019448593988246727	0.001954728196609871	1.3355400341694419e-6	0.0018890078034578606	0.9939652299957865	0.00024428446272691407	1.1356358443376068e-5	0.039824050690538695	0.040026129824634424	2.7347279732483306e-5	0.03868040155766074	0.00024428446272691407	0.8811864298262636
0.9643900277679224	0.010027281283332601	0.010028283747761725	6.123600136304873e-5	0.010142860129442714	4.083766143163793e-5	0.005309473408745817	0.010027281283332601	0.29373408793628175	0.2729219752373736	0.0016665514127850605	0.27604019697804844	0.0011114060493636678	0.14449850110280804	0.010028283747761725	0.2729219752373736	0.2936907649387543	0.0016667180240990764	0.2760677937383925	0.001111517160740652	0.14451294715287125	6.123600136304873e-5	0.0016665514127850605	0.0016667180240990764	0.9940305028345171	0.0016857608159951858	6.787289638205387e-6	0.0008824436216024071	0.010142860129442714	0.27604019697804844	0.2760677937383925	0.0016857608159951858	0.2887751174724579	0.0011242166034027541	0.14616405426225354	4.083766143163793e-5	0.0011114060493636678	0.001111517160740652	6.787289638205387e-6	0.0011242166034027541	0.9960167426322263	0.000588492603196868	0.005309473408745817	0.14449850110280804	0.14451294715287125	0.0008824436216024071	0.14616405426225354	0.000588492603196868	0.5580440878485183
0.9028478742402161	0.015163674055984715	0.0001004292911596673	0.022308482925476603	0.028456891095888448	0.0024597687072814285	0.028662879683993107	0.015163674055984715	0.5546294593248565	0.0005269689787858442	0.11705627242563915	0.1493179795163457	0.012906810241891236	0.1503988354564964	0.0001004292911596673	0.0005269689787858442	0.9965268238937425	0.0007752658374281069	0.0009889357147123473	8.54820407600284e-5	0.0009960942434115451	0.022308482925476603	0.11705627242563915	0.0007752658374281069	0.3999345821394694	0.2196735160758998	0.0189882316673747	0.22126364892871161	0.028456891095888448	0.1493179795163457	0.0009889357147123473	0.2196735160758998	0.2950953295240362	0.02422155027157402	0.28224579780154296	0.0024597687072814285	0.012906810241891236	8.54820407600284e-5	0.0189882316673747	0.02422155027157402	0.9169412762293381	0.02439688084178056	0.028662879683993107	0.1503988354564964	0.0009960942434115451	0.22126364892871161	0.28224579780154296	0.02439688084178056	0.29203586304406326
0.9998847711023181	3.631752837308574e-8	8.982935773482255e-9	0.0001091284275407171	3.973058456146811e-6	7.029252009563619e-7	1.3791860198592572e-6	3.631752837308574e-8	0.9996689725899686	2.581131286051149e-8	0.0003135665283886572	1.1416073476494693e-5	2.0197653347341293e-6	3.962913990381456e-6	8.982935773482255e-9	2.581131286051149e-8	0.9999181028104461	7.755891194722788e-5	2.82370137557885e-6	4.995775619154835e-7	9.802044204586445e-7	0.0001091284275407171	0.0003135665283886572	7.755891194722788e-5	0.947219246344075	0.03430349484086606	0.006069075315822712	0.011907929631299743	3.973058456146811e-6	1.1416073476494693e-5	2.82370137557885e-6	0.03430349484086606	0.9650238002458867	0.00022095792588530186	0.000433534154051513	7.029252009563619e-7	2.0197653347341293e-6	4.995775619154835e-7	0.006069075315822712	0.00022095792588530186	0.9936300423510934	7.670213910057944e-5	1.3791860198592572e-6	3.962913990381456e-6	9.802044204586445e-7	0.011907929631299743	0.000433534154051513	7.670213910057944e-5	0.9875755117711166
0.999985262463586	7.367663466787177e-9	9.09668461603694e-9	1.455612859382169e-5	5.6323764000466774e-8	7.587781949270875e-8	3.274188850502426e-8	7.367663466787177e-9	0.9994966272798237	3.1085562806699924e-7	0.0004974179810828427	1.9247187049439907e-6	2.592927888604355e-6	1.1188692083911256e-6	9.09668461603694e-9	3.1085562806699924e-7	0.9993785702313298	0.0006141505399444643	2.3764059138137475e-6	3.201428423147835e-6	1.38144207606802e-6	1.455612859382169e-5	0.0004974179810828427	0.0006141505399444643	0.9877379366359773	0.003802623871515651	0.005122789871059376	0.002210524971780603	5.6323764000466774e-8	1.9247187049439907e-6	2.3764059138137475e-6	0.003802623871515651	0.9961646430105761	1.9822221675342834e-5	8.553447850175975e-6	7.587781949270875e-8	2.592927888604355e-6	3.201428423147835e-6	0.005122789871059376	1.9822221675342834e-5	0.9948399947043916	1.1522968742120495e-5	3.274188850502426e-8	1.1188692083911256e-6	1.38144207606802e-6	0.002210524971780603	8.553447850175975e-6	1.1522968742120495e-5	0.997766865558454
