0.99984015238953	5.963032124581033e-5	2.686291303348955e-5	5.9045027171444606e-8	5.8404316691758536e-5	1.6348996761881796e-8	1.4874665475103307e-5	5.963032124581033e-5	0.37688647627059907	0.16700753615818908	0.0003670847051473081	0.3631013888751785	0.00010164220330297531	0.09247624146634041	2.686291303348955e-5	0.16700753615818908	0.627520897997443	0.0001653682942549824	0.1635738467932287	4.5788880737447473e-5	0.041659698963114715	5.9045027171444606e-8	0.0003670847051473081	0.0001653682942549824	0.9990162813468059	0.00035953741191073203	1.0064454677428624e-7	9.156855230721707e-5	5.8404316691758536e-5	0.3631013888751785	0.1635738467932287	0.00035953741191073203	0.38223234821594615	9.955243082598965e-5	0.09057492195622133	1.6348996761881796e-8	0.00010164220330297531	4.5788880737447473e-5	1.0064454677428624e-7	9.955243082598965e-5	0.9997275450453837	2.535444620618113e-5	1.4874665475103307e-5	0.09247624146634041	0.041659698963114715	9.156855230721707e-5	0.09057492195622133	2.535444620618113e-5	0.7751573399503359
0.9994926730124795	0.00011052298600041705	4.96956081441805e-6	0.00018315044215591692	0.0001805204013363049	1.379384651263511e-6	2.678421256229231e-5	0.00011052298600041705	0.5311038445153334	0.005871056493136112	0.21637457167654467	0.21326743227171083	0.0016296098419476285	0.03164296221532379	4.96956081441805e-6	0.005871056493136112	0.9733094608697258	0.009729076561831116	0.009589366997423056	7.327385466496868e-5	0.001422795662404477	0.00018315044215591692	0.21637457167654467	0.009729076561831116	0.36516550969444356	0.3534108689198238	0.0027004677840790146	0.05243635492111711	0.0001805204013363049	0.21326743227171083	0.009589366997423056	0.3534108689198238	0.3692067536201199	0.002661689059765977	0.05168336872981542	1.379384651263511e-6	0.0016296098419476285	7.327385466496868e-5	0.0027004677840790146	0.002661689059765977	0.9925386593621975	0.0003949207126937753	2.678421256229231e-5	0.03164296221532379	0.001422795662404477	0.05243635492111711	0.05168336872981542	0.0003949207126937753	0.8623928135460825
0.9977233948560539	0.0006977683741712284	1.2366792332666833e-5	0.0007008768971347887	0.0006978126114110621	6.387991630973556e-5	0.00010390055258653358	0.0006977683741712284	0.317835153300055	0.005337829724098829	0.30251672655470796	0.30119410101210603	0.02757223594273143	0.044846185092128496	1.2366792332666833e-5	0.005337829724098829	0.9826665289228228	0.005361609486677841	0.005338168132749087	0.0004886723570067929	0.0007948245843119795	0.0007008768971347887	0.30251672655470796	0.005361609486677841	0.3161438400459315	0.30253590556235815	0.027695068865170033	0.04504597258801857	0.0006978126114110621	0.30119410101210603	0.005338168132749087	0.30253590556235815	0.3178110004509571	0.02757398397210522	0.044849028258312267	6.387991630973556e-5	0.02757223594273143	0.0004886723570067929	0.027695068865170033	0.02757398397210522	0.9125005407264489	0.0041056182202277355	0.00010390055258653358	0.044846185092128496	0.0007948245843119795	0.04504597258801857	0.044849028258312267	0.0041056182202277355	0.8602544707044142
0.9969697588020466	0.0012218743341824837	2.8448964750262726e-5	0.00024008462517797338	0.001216845639325807	0.00018461028714779752	0.000138377347369094	0.0012218743341824837	0.40771066177942006	0.00929858746143324	0.07847202543080889	0.3977278506849768	0.06034015354840802	0.04522884676078649	2.8448964750262726e-5	0.00929858746143324	0.97712760805304	0.0018270683186552574	0.009260318584157122	0.0014049029865846484	0.0010530656313797997	0.00024008462517797338	0.07847202543080889	0.0018270683186552574	0.8205686258865611	0.07814906924813322	0.011856164535564538	0.008886961955102081	0.001216845639325807	0.3977278506849768	0.009260318584157122	0.07814906924813322	0.40851139089231386	0.060091820138570916	0.04504270481253814	0.00018461028714779752	0.06034015354840802	0.0014049029865846484	0.011856164535564538	0.060091820138570916	0.8592888222119586	0.006833526291768003	0.000138377347369094	0.04522884676078649	0.0010530656313797997	0.008886961955102081	0.04504270481253814	0.006833526291768003	0.8928165172010583
0.9493852735609432	0.011440090052578664	0.0018343657149511227	0.008985867670576561	0.010724384442665685	0.011398486176102195	0.006231532382182414	0.011440090052578664	0.23072255299182692	0.03548599280907062	0.17383253128988865	0.20746431647316502	0.22050488361326087	0.12054963277020689	0.0018343657149511227	0.03548599280907062	0.8468539294012835	0.027873245234591865	0.033265946986873726	0.035356941826544426	0.01932957802668445	0.008985867670576561	0.17383253128988865	0.027873245234591865	0.35846230265190704	0.16295736184124401	0.17320035906693082	0.09468833224485934	0.010724384442665685	0.20746431647316502	0.033265946986873726	0.16295736184124401	0.26587024915493934	0.20670983641608892	0.11300790468502113	0.011398486176102195	0.22050488361326087	0.035356941826544426	0.17320035906693082	0.20670983641608892	0.23271825982946773	0.12011123307160268	0.006231532382182414	0.12054963277020689	0.01932957802668445	0.09468833224485934	0.11300790468502113	0.12011123307160268	0.5260817868194418
0.8497259566664855	0.03154410410680824	0.0015505478131993629	0.030831880501464286	0.030804558083104658	0.02926648885943374	0.02627646396950348	0.03154410410680824	0.2098120085882379	0.009907472606481128	0.1970052189775857	0.19683063802681686	0.1870028993587981	0.16789765833526837	0.0015505478131993629	0.009907472606481128	0.9517379034035967	0.009683775149874289	0.009675193637762728	0.009192111961111072	0.008252995427974629	0.030831880501464286	0.1970052189775857	0.009683775149874289	0.22320528079468518	0.19238646595006564	0.18278062445315735	0.164106754173164	0.030804558083104658	0.19683063802681686	0.009675193637762728	0.19238646595006564	0.22372316833604045	0.18261864897167138	0.16396132699453486	0.02926648885943374	0.1870028993587981	0.009192111961111072	0.18278062445315735	0.18261864897167138	0.25336447588916555	0.15577475050665945	0.02627646396950348	0.16789765833526837	0.008252995427974629	0.164106754173164	0.16396132699453486	0.15577475050665945	0.31373005059289233
0.9830368842184783	0.0005075664877322956	7.706547657532627e-6	0.005768749447906826	0.005801963545434928	0.0028288809052153022	0.00204824884757493	0.0005075664877322956	0.9157942397769253	3.919796947247824e-5	0.02934170718225655	0.02951064471937668	0.014388594256667199	0.010418049607570458	7.706547657532627e-6	3.919796947247824e-5	0.9986828736431039	0.00044550471754685873	0.000448069751315694	0.0002184667231663067	0.00015818064773737877	0.005768749447906826	0.02934170718225655	0.00044550471754685873	0.34710062433731365	0.3354033797480886	0.16353363979003066	0.11840639477686699	0.005801963545434928	0.02951064471937668	0.000448069751315694	0.3354033797480886	0.34527261237938134	0.16447519953537243	0.11908813032104057	0.0028288809052153022	0.014388594256667199	0.0002184667231663067	0.16353363979003066	0.16447519953537243	0.5964910590848527	0.05806415970470035	0.00204824884757493	0.010418049607570458	0.00015818064773737877	0.11840639477686699	0.11908813032104057	0.05806415970470035	0.6918168360945129
0.9991886419435418	2.852663796500444e-5	3.112249278300045e-7	0.00037789276959126545	0.0003688965333767922	7.00853486636624e-6	2.8722355730951163e-5	2.852663796500444e-5	0.9276003076450627	2.8772108905122382e-5	0.0349354147077739	0.03410373104443825	0.0006479247335566291	0.0026553231222981783	3.112249278300045e-7	2.8772108905122382e-5	0.9991816629077208	0.00038114452654661136	0.00037207087796536003	7.068843117363316e-6	2.8969510817096518e-5	0.00037789276959126545	0.0349354147077739	0.00038114452654661136	0.4687747786143185	0.4517725991260667	0.008583067950410648	0.03517510230528944	0.0003688965333767922	0.03410373104443825	0.00037207087796536003	0.4517725991260667	0.4706662531680125	0.00837873668784035	0.034337712562297215	7.00853486636624e-6	0.0006479247335566291	7.068843117363316e-6	0.008583067950410648	0.00837873668784035	0.9817238231844853	0.0006523700657233178	2.8722355730951163e-5	0.0026553231222981783	2.8969510817096518e-5	0.03517510230528944	0.034337712562297215	0.0006523700657233178	0.9271218000778435
0.9998446754205421	5.9922486108454034e-5	7.005977065712935e-7	3.100463264418738e-5	5.8644667125702265e-5	2.5424683104265354e-7	4.797949041843839e-6	5.9922486108454034e-5	0.38952843111452906	0.004482637482238406	0.19837708161227582	0.37522643954632495	0.0016267486517330717	0.03069873910677784	7.005977065712935e-7	0.004482637482238406	0.9884323017480816	0.0023193718658855635	0.004387047335040045	1.901951084788757e-5	0.00035892146019964115	3.100463264418738e-5	0.19837708161227582	0.0023193718658855635	0.5884001530726254	0.1941467831535592	0.0008416997963022639	0.015883905866701225	5.8644667125702265e-5	0.37522643954632495	0.004387047335040045	0.1941467831535592	0.3945449234430584	0.001592058997775989	0.030044102857103766	2.5424683104265354e-7	0.0016267486517330717	1.901951084788757e-5	0.0008416997963022639	0.001592058997775989	0.9957899662378831	0.00013025255862677377	4.797949041843839e-6	0.03069873910677784	0.00035892146019964115	0.015883905866701225	0.030044102857103766	0.00013025255862677377	0.9228792802015481
0.9992556452231828	0.00019602032692349314	4.5123111309344854e-5	0.0001947748278239281	0.0001914931121757351	3.6446207442767285e-5	8.049719114204053e-5	0.00019602032692349314	0.27022864475106334	0.060037645004091464	0.25915371589645414	0.25478729537771255	0.048492765695905826	0.1071039129478524	4.5123111309344854e-5	0.060037645004091464	0.7857922787119641	0.05965617011336858	0.05865103721627122	0.01116284468318621	0.02465490115980979	0.0001947748278239281	0.25915371589645414	0.05965617011336858	0.2732189154809029	0.25316839517509526	0.048184646140359715	0.10642338236599846	0.0001914931121757351	0.25478729537771255	0.05865103721627122	0.25316839517509526	0.28119870522667023	0.047372794275269615	0.10463027961680832	3.6446207442767285e-5	0.048492765695905826	0.01116284468318621	0.048184646140359715	0.047372794275269615	0.8248365915658191	0.019913911432017293	8.049719114204053e-5	0.1071039129478524	0.02465490115980979	0.10642338236599846	0.10463027961680832	0.019913911432017293	0.637193115286373
0.9945380507078934	0.0011141310569979773	0.0003913416171418512	0.0007388459414625074	0.0011059514172115405	0.001087856522039952	0.0010238227372527935	0.0011141310569979773	0.21162687665996446	0.07086018561256928	0.13378275720711175	0.20025450723705535	0.19697806646425103	0.18538347576205985	0.0003913416171418512	0.07086018561256928	0.677111409284837	0.046991563714413	0.07033994987381098	0.0691890909847736	0.06511645891245753	0.0007388459414625074	0.13378275720711175	0.046991563714413	0.43211980667891986	0.13280056148003172	0.1306277605763826	0.12293870440168479	0.0011059514172115405	0.20025450723705535	0.07033994987381098	0.13280056148003172	0.21594467966994613	0.19553190838492435	0.18402244193702927	0.001087856522039952	0.19697806646425103	0.0691890909847736	0.1306277605763826	0.19553190838492435	0.22557373685947707	0.18101158020816063	0.0010238227372527935	0.18538347576205985	0.06511645891245753	0.12293870440168479	0.18402244193702927	0.18101158020816063	0.26050351604136374
0.982443794588894	0.003492180477705466	0.0011635746599409314	0.002822434642549553	0.0033892921428737006	0.0034482657174636742	0.0032404577705725346	0.003492180477705466	0.20531863290774804	0.06545833736241653	0.15877956557145975	0.1906688381468163	0.19398646981574086	0.1822959757181108	0.0011635746599409314	0.06545833736241653	0.6915686993970069	0.05290444757791305	0.06352977170692667	0.06463518769720063	0.060739981598594554	0.002822434642549553	0.15877956557145975	0.05290444757791305	0.32727469613404647	0.1541015240981586	0.15678288567536572	0.14733444630050502	0.0033892921428737006	0.1906688381468163	0.06352977170692667	0.1541015240981586	0.22311434642183117	0.1882711452537216	0.17692508222966996	0.0034482657174636742	0.19398646981574086	0.06463518769720063	0.15678288567536572	0.1882711452537216	0.21287247285410105	0.18000357298640426	0.0032404577705725346	0.1822959757181108	0.060739981598594554	0.14733444630050502	0.17692508222966996	0.18000357298640426	0.24946048339614088
0.9692417171907122	0.005892729380057228	0.002558491476170122	0.00539371447168484	0.005920657317034442	0.005768319183063805	0.005224370981277114	0.005892729380057228	0.20293222963144247	0.08140637626621554	0.17161782786620158	0.18838415596964048	0.1835370436891373	0.16622963719729944	0.002558491476170122	0.08140637626621554	0.6078694315060591	0.07451262758484994	0.08179219275281688	0.07968768486625474	0.0721731955476313	0.00539371447168484	0.17161782786620158	0.07451262758484994	0.2558973033043657	0.17243119151684444	0.1679945479910599	0.1521527872649884	0.005920657317034442	0.18838415596964048	0.08179219275281688	0.17243119151684444	0.20004744118696965	0.18440689714049074	0.16701746411619764	0.005768319183063805	0.1835370436891373	0.07968768486625474	0.1679945479910599	0.18440689714049074	0.21588539167991988	0.16272011545006784	0.005224370981277114	0.16622963719729944	0.0721731955476313	0.1521527872649884	0.16701746411619764	0.16272011545006784	0.2744824294425333
0.9491649763761427	0.00981492512093534	0.0040997115661365316	0.008748410199599554	0.009731187427361619	0.009277212416807387	0.009163576893016665	0.00981492512093534	0.1985899880613957	0.07911515699778446	0.1688245222272029	0.1877898990382148	0.17902920852287801	0.1768363000315861	0.0040997115661365316	0.07911515699778446	0.6191810057874502	0.07051830124979894	0.07844017265586764	0.07478081674733819	0.07386483499562294	0.008748410199599554	0.1688245222272029	0.07051830124979894	0.26732834882164785	0.1673841672641439	0.15957543583567596	0.1576208144019285	0.009731187427361619	0.1877898990382148	0.07844017265586764	0.1673841672641439	0.20382519183030934	0.1775017905528664	0.17532759123123362	0.009277212416807387	0.17902920852287801	0.07478081674733819	0.15957543583567596	0.1775017905528664	0.2326872491895686	0.16714828673486268	0.009163576893016665	0.1768363000315861	0.07386483499562294	0.1576208144019285	0.17532759123123362	0.16714828673486268	0.24003859571174693
0.947180698692441	0.010881153377226635	0.002484963822710289	0.008647907318350192	0.010763546667624429	0.010886355114063644	0.009155375007583622	0.010881153377226635	0.21442889748044228	0.045902754233064946	0.15974589273158718	0.19882641060794692	0.20109495306443043	0.16911993850529872	0.002484963822710289	0.045902754233064946	0.785176817704346	0.036481680801904996	0.04540662374947779	0.04592469805090636	0.038622461637588854	0.008647907318350192	0.15974589273158718	0.036481680801904996	0.3428731565448917	0.15801931208656575	0.15982225927711552	0.13440979123958224	0.010763546667624429	0.19882641060794692	0.04540662374947779	0.15801931208656575	0.22077060687466013	0.19892145960030788	0.16729204041341422	0.010886355114063644	0.20109495306443043	0.04592469805090636	0.15982225927711552	0.19892145960030788	0.21414948857850188	0.16920078631467128	0.009155375007583622	0.16911993850529872	0.038622461637588854	0.13440979123958224	0.16729204041341422	0.16920078631467128	0.3121996068818585
0.9710945282808546	0.006394946347485844	0.0006636643390677753	0.004188778071310839	0.006476308628707788	0.006271508383819841	0.00491026594875314	0.006394946347485844	0.23585086329349605	0.022340413012021346	0.14100355649699267	0.2180069065664746	0.21111287627672504	0.16529043800680598	0.0006636643390677753	0.022340413012021346	0.900675048013862	0.014633278692881089	0.02262464791679315	0.021909188895380308	0.01715375912999445	0.004188778071310839	0.14100355649699267	0.014633278692881089	0.45082749261852134	0.14279753105027615	0.13828184611227684	0.10826751695774182	0.006476308628707788	0.2180069065664746	0.02262464791679315	0.14279753105027615	0.2289023487475839	0.21379884489567264	0.16739341219449333	0.006271508383819841	0.21111287627672504	0.021909188895380308	0.13828184611227684	0.21379884489567264	0.24652580349025796	0.1620999319458688	0.00491026594875314	0.16529043800680598	0.01715375912999445	0.10826751695774182	0.16739341219449333	0.1620999319458688	0.37488467581634355
0.990746046476526	0.0016290883390345256	0.00012121759531997259	0.0016045523113767844	0.0021924437725178232	0.002135169474814377	0.0015714820304106637	0.0016290883390345256	0.39125687382290564	0.009651699009959316	0.1277591418495295	0.17456877718737546	0.1700084303088445	0.12512598948235668	0.00012121759531997259	0.009651699009959316	0.9457709625867414	0.009506332826813655	0.012989355384584381	0.012650028001780774	0.009310404594800807	0.0016045523113767844	0.1277591418495295	0.009506332826813655	0.3985010705061781	0.17193956166688015	0.167447899091379	0.12324144174784844	0.0021924437725178232	0.17456877718737546	0.012989355384584381	0.17193956166688015	0.24111493693605157	0.2287990868113734	0.1683958382412248	0.002135169474814377	0.1700084303088445	0.012650028001780774	0.167447899091379	0.2287990868113734	0.25496263619879966	0.16399675011301568	0.0015714820304106637	0.12512598948235668	0.009310404594800807	0.12324144174784844	0.1683958382412248	0.16399675011301568	0.4083580937903484
0.993147984754694	0.0010208672249092613	3.050232107069797e-5	0.0016168331771390422	0.0017493694881204856	0.001644622106072406	0.0007898209279941497	0.0010208672249092613	0.5061135886365602	0.0025781446499749125	0.1366594298145842	0.14786178324507349	0.1390082306908201	0.06675795573807927	3.050232107069797e-5	0.0025781446499749125	0.9827421378213187	0.004083224246829423	0.0044179374913599165	0.004153403675368187	0.0019946497940780982	0.0016168331771390422	0.1366594298145842	0.004083224246829423	0.29757019236888493	0.234181126544469	0.22015901166411975	0.10573018218397606	0.0017493694881204856	0.14786178324507349	0.0044179374913599165	0.234181126544469	0.25918654605914954	0.23820605798148617	0.1143971791903438	0.001644622106072406	0.1390082306908201	0.004153403675368187	0.22015901166411975	0.23820605798148617	0.289281279780217	0.10754739410191869	0.0007898209279941497	0.06675795573807927	0.0019946497940780982	0.10573018218397606	0.1143971791903438	0.10754739410191869	0.602782818063611
0.9979654985835971	7.150376841219193e-5	4.947958276272648e-7	0.0006946135500156124	0.0009427739121939551	0.00022041776172576668	0.00010469762822767583	7.150376841219193e-5	0.9271909952129771	1.8334312347690895e-5	0.02573841790056133	0.034933826063787164	0.008167425561848919	0.0038794971800664682	4.947958276272648e-7	1.8334312347690895e-5	0.999477964682225	0.00017810616237050228	0.00024173706873428558	5.6517414119534096e-5	2.684556437533617e-5	0.0006946135500156124	0.02573841790056133	0.00017810616237050228	0.517000822498011	0.33935986139798585	0.07934133528879594	0.037686843202267534	0.0009427739121939551	0.034933826063787164	0.00024173706873428558	0.33935986139798585	0.46568367686124973	0.10768713202791565	0.05115099266814379	0.00022041776172576668	0.008167425561848919	5.6517414119534096e-5	0.07934133528879594	0.10768713202791565	0.792568220633796	0.011958951311800678	0.00010469762822767583	0.0038794971800664682	2.684556437533617e-5	0.037686843202267534	0.05115099266814379	0.011958951311800678	0.8951921724451196
0.9973214579322783	7.088745360278865e-5	5.636477345541366e-7	0.0009939470644410677	0.0012421375158549045	0.00014590082198743607	0.00022510556410093628	7.088745360278865e-5	0.9447234497502992	1.193277154156184e-5	0.021042474789264215	0.026296820320983842	0.003088810740771175	0.004765624173537563	5.636477345541366e-7	1.193277154156184e-5	0.9995486414223473	0.0001673151261835525	0.00020909402787909755	2.456007499236321e-5	3.789292932149007e-5	0.0009939470644410677	0.021042474789264215	0.0001673151261835525	0.49894509595320813	0.3687203592985018	0.043309700269481444	0.06682110749892574	0.0012421375158549045	0.026296820320983842	0.00020909402787909755	0.3687203592985018	0.4659009112337812	0.054124213883971706	0.08350646371903477	0.00014590082198743607	0.003088810740771175	2.456007499236321e-5	0.043309700269481444	0.054124213883971706	0.8894981887205907	0.009808625488205902	0.00022510556410093628	0.004765624173537563	3.789292932149007e-5	0.06682110749892574	0.08350646371903477	0.009808625488205902	0.834835180626875
0.9955270172828692	0.000227717190155773	8.433319239517556e-6	0.0014168577674218148	0.0015219613297190546	0.0002786160420867788	0.0010193970685078496	0.000227717190155773	0.8587518249130607	0.0002801404371975586	0.0470655910370838	0.05055695156272352	0.009255148254640088	0.03386262660513671	8.433319239517556e-6	0.0002801404371975586	0.9944992240984554	0.0017430355351775858	0.0018723352067255626	0.0003427568194875904	0.0012540745837165282	0.0014168577674218148	0.0470655910370838	0.0017430355351775858	0.3669297877236856	0.31456566572691524	0.05758558975831811	0.21069347245138673	0.0015219613297190546	0.05055695156272352	0.0018723352067255626	0.31456566572691524	0.3433028837253235	0.06185733160831342	0.22632287084026775	0.0002786160420867788	0.009255148254640088	0.0003427568194875904	0.05758558975831811	0.06185733160831342	0.8292490301347362	0.04143152738241559	0.0010193970685078496	0.03386262660513671	0.0012540745837165282	0.21069347245138673	0.22632287084026775	0.04143152738241559	0.485416031068561
0.9909077139333055	0.0006821992793048536	6.0263697491837306e-5	0.002678948570689309	0.0026761597305727317	0.0010483566841556363	0.0019463581044800607	0.0006821992793048536	0.7666744351071513	0.0016670398015201935	0.07410620455490005	0.07402905848408288	0.02900008448558769	0.05384097828745323	6.0263697491837306e-5	0.0016670398015201935	0.9778688528606143	0.006546348008627893	0.0065395331267957876	0.002561791505347236	0.0047561709996027796	0.002678948570689309	0.07410620455490005	0.006546348008627893	0.30065056997870926	0.2907069040258925	0.11388129134598109	0.21142973351520042	0.0026761597305727317	0.07402905848408288	0.0065395331267957876	0.2907069040258925	0.3010759751851788	0.11376273859834411	0.2112096308491336	0.0010483566841556363	0.02900008448558769	0.002561791505347236	0.11388129134598109	0.11376273859834411	0.6570066445943156	0.08273909278626894	0.0019463581044800607	0.05384097828745323	0.0047561709996027796	0.21142973351520042	0.2112096308491336	0.08273909278626894	0.4340780354578613
0.976696278966064	0.0014845503775981848	6.586288896344062e-5	0.006331018228005797	0.006386383465423364	0.004129921128424254	0.004905984945520985	0.0014845503775981848	0.7838882965432709	0.0006478690035674714	0.062275896722695886	0.06282050419076346	0.040624514478398835	0.0482583686837058	6.586288896344062e-5	0.0006478690035674714	0.9897929602075064	0.002762904198361796	0.0027870660063672795	0.0018023287903596297	0.002141008904873948	0.006331018228005797	0.062275896722695886	0.002762904198361796	0.281675436118667	0.26790452053752134	0.1732474327228536	0.20580279147189726	0.006386383465423364	0.06282050419076346	0.0027870660063672795	0.26790452053752134	0.27773647847563776	0.17476249473961641	0.20760255258467306	0.004129921128424254	0.040624514478398835	0.0018023287903596297	0.1732474327228536	0.17476249473961641	0.47118171287109917	0.1342515952692501	0.004905984945520985	0.0482583686837058	0.002141008904873948	0.20580279147189726	0.20760255258467306	0.1342515952692501	0.39703769814008083
0.9856404452634452	0.0005123079481459885	9.029493022711074e-6	0.004584814776469928	0.004792436688205894	0.00239020151737497	0.0020707643133355456	0.0005123079481459885	0.8974735553334376	6.652123341138742e-5	0.03377681705123714	0.035306389710207955	0.017608868254024503	0.015255540469536389	9.029493022711074e-6	6.652123341138742e-5	0.9981276095289644	0.0005953207148108195	0.000622279628296134	0.00031035855214224387	0.00026888084935217853	0.004584814776469928	0.03377681705123714	0.0005953207148108195	0.3509598248293885	0.3159686626627145	0.15758763778725868	0.13652692217813114	0.004792436688205894	0.035306389710207955	0.000622279628296134	0.3159686626627145	0.3358767849372243	0.16472394497054196	0.14270950140282032	0.00239020151737497	0.017608868254024503	0.00031035855214224387	0.15758763778725868	0.16472394497054196	0.5862034076874496	0.07117558123121352	0.0020707643133355456	0.015255540469536389	0.00026888084935217853	0.13652692217813114	0.14270950140282032	0.07117558123121352	0.6319928095556157
0.9776798884067215	0.0017822404297056366	4.1710089837070934e-5	0.005851230213464594	0.006190149721777813	0.0034294330392562094	0.0050253480992374444	0.0017822404297056366	0.7364161014511604	0.000531689511180255	0.07458717409031117	0.0789074704120983	0.04371588705251267	0.06405943705303259	4.1710089837070934e-5	0.000531689511180255	0.9933120528437093	0.0017455769042979028	0.0018466855676976385	0.0010230906817486518	0.0014991944015294771	0.005851230213464594	0.07458717409031117	0.0017455769042979028	0.3049222759448706	0.2590591972035953	0.14352256568005	0.21031197996341364	0.006190149721777813	0.0789074704120983	0.0018466855676976385	0.2590591972035953	0.27966687163759796	0.15183579138089495	0.22249383407634124	0.0034294330392562094	0.04371588705251267	0.0010230906817486518	0.14352256568005	0.15183579138089495	0.5332084098418148	0.12326482232372432	0.0050253480992374444	0.06405943705303259	0.0014991944015294771	0.21031197996341364	0.22249383407634124	0.12326482232372432	0.373345384082724
0.9841550893028426	0.002852935597403902	0.0002805466961013868	0.0034367266260050986	0.0035507130634863833	0.0030460656440950886	0.002677923070065549	0.002852935597403902	0.344743167449767	0.014087908605771532	0.17257836674962737	0.17830229982689838	0.15296096869978457	0.13447435307075095	0.0002805466961013868	0.014087908605771532	0.9228620094298183	0.016970691751415266	0.01753356127955852	0.015041592400558093	0.01322368983677744	0.0034367266260050986	0.17257836674962737	0.016970691751415266	0.24597354983561603	0.21478797553322143	0.18426109385309708	0.16199159565102214	0.0035507130634863833	0.17830229982689838	0.01753356127955852	0.21478797553322143	0.22808854489779332	0.1903725097265015	0.1673643956725451	0.0030460656440950886	0.15296096869978457	0.015041592400558093	0.18426109385309708	0.1903725097265015	0.31074014833973107	0.14357762133623655	0.002677923070065549	0.13447435307075095	0.01322368983677744	0.16199159565102214	0.1673643956725451	0.14357762133623655	0.37669042136260567
0.9817047862304645	0.0037573704019962582	0.0013004138038241872	0.002650578650889136	0.00378738149194377	0.0035933977943668847	0.003206071626515303	0.0037573704019962582	0.2176750056832831	0.06964307289277663	0.14195054039649854	0.20283150220378116	0.19244279304779632	0.17169971537387277	0.0013004138038241872	0.06964307289277663	0.6837000077193329	0.049128625193256475	0.07019933014218056	0.0666038313371706	0.05942471891146027	0.002650578650889136	0.14195054039649854	0.049128625193256475	0.4063072371082357	0.14308433610470814	0.13575578242138744	0.12112290012502777	0.00378738149194377	0.20283150220378116	0.07019933014218056	0.14308433610470814	0.21304644116737612	0.1939798834471988	0.17307112544281605	0.0035933977943668847	0.19244279304779632	0.0666038313371706	0.13575578242138744	0.1939798834471988	0.24341761617620436	0.16420669577588012	0.003206071626515303	0.17169971537387277	0.05942471891146027	0.12112290012502777	0.17307112544281605	0.16420669577588012	0.30726877274443154
0.9895228614404523	0.0024413593649834763	0.0007496593088114916	0.0008208233744043191	0.002340553998265312	0.00238319970896085	0.00174154280412227	0.0024413593649834763	0.2377378696319861	0.07088381850960387	0.07761271609093968	0.22131040443957842	0.22534275724521236	0.16467107471769082	0.0007496593088114916	0.07088381850960387	0.7168171669212978	0.023832253429887894	0.06795697806909674	0.06919517792632099	0.05056494583497958	0.0008208233744043191	0.07761271609093968	0.023832253429887894	0.692197394386322	0.0744080349531454	0.07576377531819878	0.05536500244710004	0.002340553998265312	0.22131040443957842	0.06795697806909674	0.0744080349531454	0.26007412945967795	0.21603820355795147	0.1578716955222796	0.00238319970896085	0.22534275724521236	0.06919517792632099	0.07576377531819878	0.21603820355795147	0.25052871333185134	0.16074817291149898	0.00174154280412227	0.16467107471769082	0.05056494583497958	0.05536500244710004	0.1578716955222796	0.16074817291149898	0.40903756576232486
0.9840058576583689	0.0034464701295139543	0.0008551736013652569	0.002004392921186369	0.0034762581213071725	0.0033960093987954873	0.0028158381694627956	0.0034464701295139543	0.22862565910568208	0.052337328528276134	0.12267049713462315	0.21274985927241352	0.207838571380267	0.17233161444922654	0.0008551736013652569	0.052337328528276134	0.7692478156126072	0.030438264912708384	0.05278968234365626	0.05157104309937509	0.04276069190201213	0.002004392921186369	0.12267049713462315	0.030438264912708384	0.5000572957908035	0.12373074359682923	0.12087444416146603	0.10022436148238487	0.0034762581213071725	0.21274985927241352	0.05278968234365626	0.12373074359682923	0.22379744332294704	0.20963492922639254	0.17382108411645666	0.0033960093987954873	0.207838571380267	0.05157104309937509	0.12087444416146603	0.20963492922639254	0.23687654353150558	0.1698084592022007	0.0028158381694627956	0.17233161444922654	0.04276069190201213	0.10022436148238487	0.17382108411645666	0.1698084592022007	0.3382379506782583
0.9895847183737084	0.0022263009506929567	0.0002673787748028017	0.0019537040159234337	0.0022604091840337437	0.0021671841254151582	0.001540304575423667	0.0022263009506929567	0.23113644414905088	0.02503150734550073	0.18290216365001186	0.21161533534480495	0.20288777744004263	0.14420047111990095	0.0002673787748028017	0.02503150734550073	0.885634253396981	0.021966552370334225	0.025415004685851873	0.024366824861435273	0.017318478565094695	0.0019537040159234337	0.18290216365001186	0.021966552370334225	0.30288383272988956	0.18570433182694576	0.17804541000757937	0.1265440053993204	0.0022604091840337437	0.21161533534480495	0.025415004685851873	0.18570433182694576	0.22259907532304124	0.20599613691532595	0.1464097067200017	0.0021671841254151582	0.20288777744004263	0.024366824861435273	0.17804541000757937	0.20599613691532595	0.24616527086422146	0.14037139578598531	0.001540304575423667	0.14420047111990095	0.017318478565094695	0.1265440053993204	0.1464097067200017	0.14037139578598531	0.4236156378342767
0.9934745194691557	0.000703190396968852	3.006659879158066e-5	0.0016070433867015808	0.001812702557131127	0.0015279911259259257	0.0008444864653252312	0.000703190396968852	0.6556658826393702	0.00177452737253377	0.09484752493354456	0.10698550668098489	0.09018186914788386	0.049841498828711736	3.006659879158066e-5	0.00177452737253377	0.9835785124317957	0.0040554343330681825	0.004574422972436622	0.0038559429844778645	0.002131093306896073	0.0016070433867015808	0.09484752493354456	0.0040554343330681825	0.3349857319497693	0.24450042509924974	0.20609805969934708	0.11390578059831453	0.001812702557131127	0.10698550668098489	0.004574422972436622	0.24450042509924974	0.2811710503978652	0.23247317585094207	0.1284827164413848	0.0015279911259259257	0.09018186914788386	0.0038559429844778645	0.20609805969934708	0.23247317585094207	0.35756033328096903	0.10830262791044963	0.0008444864653252312	0.049841498828711736	0.002131093306896073	0.11390578059831453	0.1284827164413848	0.10830262791044963	0.5964917964489156
0.985219348022178	0.0011432874980175226	1.940501640359274e-5	0.0033521988405587912	0.004280425815742473	0.0032528102948225363	0.0027325245122772684	0.0011432874980175226	0.7547634176905909	0.00034732769640618313	0.06000054197177573	0.07661474782078172	0.058221600180551975	0.048909077141876325	1.940501640359274e-5	0.00034732769640618313	0.9954961674777567	0.0010183890781677364	0.0013003819606156528	0.0009881951027244707	0.000830133667925534	0.0033521988405587912	0.06000054197177573	0.0010183890781677364	0.39687444290626306	0.22463979467970385	0.17070980043003367	0.14340483209349802	0.004280425815742473	0.07661474782078172	0.0013003819606156528	0.22463979467970385	0.29207138345018835	0.2179795028624127	0.18311376341055627	0.0032528102948225363	0.058221600180551975	0.0009881951027244707	0.17070980043003367	0.2179795028624127	0.409695034778159	0.1391530563512963	0.0027325245122772684	0.048909077141876325	0.000830133667925534	0.14340483209349802	0.18311376341055627	0.1391530563512963	0.4818566128225709
0.9909041663857624	0.0005529999149233843	2.848908470775192e-6	0.0020573337150152477	0.0032932247376826125	0.002332175477367746	0.0008572508607778052	0.0005529999149233843	0.8430620268208039	5.2152071632894804e-5	0.037661517166625524	0.06028571791080104	0.04269276595013536	0.01569282016507883	2.848908470775192e-6	5.2152071632894804e-5	0.9991396139076445	0.00019402211896019897	0.0003105759834459284	0.00021994177444496413	8.084523540087497e-5	0.0020573337150152477	0.037661517166625524	0.00019402211896019897	0.5185925296424182	0.22428184280819122	0.1588305249353201	0.058382229613472586	0.0032932247376826125	0.06028571791080104	0.0003105759834459284	0.22428184280819122	0.3641308336780137	0.25424393232783554	0.09345387255403499	0.002332175477367746	0.04269276595013536	0.00021994177444496413	0.1588305249353201	0.25424393232783554	0.47549907546574227	0.06618158406915753	0.0008572508607778052	0.01569282016507883	8.084523540087497e-5	0.058382229613472586	0.09345387255403499	0.06618158406915753	0.7653513975020787
0.9935546664989213	0.0004062175570514388	1.7101429144507098e-6	0.0015987117619688425	0.0023900740005905743	0.0011907590477795845	0.0008578609907737457	0.0004062175570514388	0.8415373201035615	4.47580642031191e-5	0.04184167479796058	0.06255330163619605	0.031164687734932417	0.022452040106095673	1.7101429144507098e-6	4.47580642031191e-5	0.9992883153546075	0.00017615005172073886	0.0002633443181164436	0.00013120080357387114	9.452126486384395e-5	0.0015987117619688425	0.04184167479796058	0.00017615005172073886	0.4991841393079621	0.24618507334262757	0.12265189422527475	0.0883623565124884	0.0023900740005905743	0.06255330163619605	0.0002633443181164436	0.24618507334262757	0.37314191287767323	0.18336457545667798	0.13210171836812304	0.0011907590477795845	0.031164687734932417	0.00013120080357387114	0.12265189422527475	0.18336457545667798	0.5956824701507288	0.06581441258103503	0.0008578609907737457	0.022452040106095673	9.452126486384395e-5	0.0883623565124884	0.13210171836812304	0.06581441258103503	0.6903170901766221
0.9846081861571813	0.0010629198327418155	1.3281008597303191e-5	0.004539596748006493	0.005579903749755803	0.002071444639078205	0.0021246678646389817	0.0010629198327418155	0.8235033537486316	0.00016260409402038873	0.05557989146828704	0.0683167386951507	0.025361430676213662	0.026013061484954362	1.3281008597303191e-5	0.00016260409402038873	0.9976341310333618	0.0006944616081943011	0.0008536064207303207	0.0003168869076248744	0.00032502892747112095	0.004539596748006493	0.05557989146828704	0.0006944616081943011	0.42799987637098114	0.2917721875740431	0.10831547655438005	0.11109850967610624	0.005579903749755803	0.0683167386951507	0.0008536064207303207	0.2917721875740431	0.3637820393809957	0.13313736160547351	0.13655816257384892	0.002071444639078205	0.025361430676213662	0.0003168869076248744	0.10831547655438005	0.13313736160547351	0.6801024976131669	0.05069490200406214	0.0021246678646389817	0.026013061484954362	0.00032502892747112095	0.11109850967610624	0.13655816257384892	0.05069490200406214	0.6731856674689175
0.9711974323040614	0.0025693146185628703	0.00012288436864563574	0.007350081061288804	0.007823885480280807	0.005922966287311647	0.005013435879848614	0.0025693146185628703	0.7023286853654296	0.0013823456378464273	0.08268222073215707	0.08801212134526665	0.06662838162913477	0.05639693067160196	0.00012288436864563574	0.0013823456378464273	0.9844468390681533	0.003954499156889298	0.004209415961181762	0.003186681207207071	0.0026973346000763103	0.007350081061288804	0.08268222073215707	0.003954499156889298	0.3022949027157932	0.25177773932004244	0.1906049194670252	0.16133563754680208	0.007823885480280807	0.08801212134526665	0.004209415961181762	0.25177773932004244	0.27354932140980925	0.2028917843834859	0.17173573209993115	0.005922966287311647	0.06662838162913477	0.003186681207207071	0.1906049194670252	0.2028917843834859	0.4007550624902009	0.13001020453563297	0.005013435879848614	0.05639693067160196	0.0026973346000763103	0.16133563754680208	0.17173573209993115	0.13001020453563297	0.4728107246661056
0.9172237060243821	0.008028607556606022	0.0005933926055574625	0.01746026321788697	0.020079124887330876	0.01741716954485205	0.01919773616338486	0.008028607556606022	0.6403113377419535	0.0027916914372441643	0.08214404234379036	0.09446481215022423	0.08194130264517552	0.09031820612500746	0.0005933926055574625	0.0027916914372441643	0.9708301325293954	0.006071247968434762	0.0069818733348344314	0.0060562635222325065	0.0066753986023013814	0.01746026321788697	0.08214404234379036	0.006071247968434762	0.3142641038703108	0.2054379259843178	0.17820234735774249	0.19642006925751979	0.020079124887330876	0.09446481215022423	0.0069818733348344314	0.2054379259843178	0.24222429964577566	0.20493088466994225	0.22588107932757806	0.01741716954485205	0.08194130264517552	0.0060562635222325065	0.17820234735774249	0.20493088466994225	0.31551674734607615	0.19593528491398202	0.01919773616338486	0.09031820612500746	0.0066753986023013814	0.19642006925751979	0.22588107932757806	0.19593528491398202	0.2655722256102296
0.9262804125948914	0.006184270397946261	0.0002351381552859614	0.015575899094927771	0.018602566183127903	0.01599910173876009	0.017122611835060173	0.006184270397946261	0.696641226815478	0.0010346744115504428	0.0685383629501309	0.08185655448154815	0.07040057432089408	0.07534433662245058	0.0002351381552859614	0.0010346744115504428	0.9874703672005409	0.0026059637100870345	0.0031123476142388556	0.002676768658496019	0.0028647402498006807	0.015575899094927771	0.0685383629501309	0.0026059637100870345	0.34003552210265475	0.20616650806317643	0.17731311396270186	0.18976463011631703	0.018602566183127903	0.08185655448154815	0.0031123476142388556	0.20616650806317643	0.251854713301936	0.21176812442896467	0.22663918592700308	0.01599910173876009	0.07040057432089408	0.002676768658496019	0.17731311396270186	0.21176812442896467	0.3269217151871405	0.19492060170303843	0.017122611835060173	0.07534433662245058	0.0028647402498006807	0.18976463011631703	0.22663918592700308	0.19492060170303843	0.29334389354632556
0.9173957228991052	0.006224419439436408	0.00014856417327715766	0.019085903806351532	0.021624257902888536	0.01768885259271216	0.01783227918622873	0.006224419439436408	0.7348276742462403	0.0005036718161213671	0.06470625871911227	0.07331195004804911	0.059969885834139654	0.06045613989689962	0.00014856417327715766	0.0005036718161213671	0.9931792282282588	0.0015444061773146193	0.0017498064447936483	0.0014313586346747205	0.0014429645255597241	0.019085903806351532	0.06470625871911227	0.0015444061773146193	0.3206057195161893	0.22479603762046715	0.18388533797328882	0.1853763361872724	0.021624257902888536	0.07331195004804911	0.0017498064447936483	0.22479603762046715	0.26014584694433446	0.2083414028090686	0.21003069823039405	0.01768885259271216	0.059969885834139654	0.0014313586346747205	0.18388533797328882	0.2083414028090686	0.3568760149408742	0.1718071472152383	0.01783227918622873	0.06045613989689962	0.0014429645255597241	0.1853763361872724	0.21003069823039405	0.1718071472152383	0.3530544347584035
