0.9999969427976981	1.267613618227234e-8	1.1581626185900355e-7	1.9013705961606936e-6	9.80890947044217e-7	7.369502546258626e-11	4.637466558677233e-8	1.267613618227234e-8	0.9933941895074347	0.0002512899440052124	0.004125459611397691	0.0021282678891677512	1.5989826061301387e-7	0.00010062047359763346	1.1581626185900355e-7	0.0002512899440052124	0.9416902602840773	0.037692503754462495	0.01944504442155459	1.4609198383222404e-6	0.000919324859798994	1.9013705961606936e-6	0.004125459611397691	0.037692503754462495	0.6238316587249734	0.3192318169377023	2.3984110515632215e-5	0.01509267549033289	9.80890947044217e-7	0.0021282678891677512	0.01944504442155459	0.3192318169377023	0.6513954130239815	1.2373072837665453e-5	0.007786103763799074	7.369502546258626e-11	1.5989826061301387e-7	1.4609198383222404e-6	2.3984110515632215e-5	1.2373072837665453e-5	0.9999614369494109	5.849754418231427e-7	4.637466558677233e-8	0.00010062047359763346	0.000919324859798994	0.01509267549033289	0.007786103763799074	5.849754418231427e-7	0.9761006440623636
0.9999999963404893	1.5672532437411034e-12	4.870775817895614e-15	1.871320394170758e-9	1.786617041991895e-9	1.6234807531868434e-16	1.0138367624572726e-15	1.5672532437411034e-12	0.9991674664997802	1.1085693509301094e-9	0.00042590513550763725	0.0004066269868805679	3.6949781145653926e-11	2.3074524546521208e-10	4.870775817895614e-15	1.1085693509301094e-9	0.9999974115121051	1.3236459666188071e-6	1.2637325221761054e-6	1.1483409027833957e-13	7.171198185071372e-13	1.871320394170758e-9	0.00042590513550763725	1.3236459666188071e-6	0.514054632854739	0.4855178168611982	4.411851070919236e-8	2.755127707799584e-7	1.786617041991895e-9	0.0004066269868805679	1.2637325221761054e-6	0.4855178168611982	0.5140739854692874	4.212153265997719e-8	2.6304197458394374e-7	1.6234807531868434e-16	3.6949781145653926e-11	1.1483409027833957e-13	4.411851070919236e-8	4.212153265997719e-8	0.999999913722868	2.3902356967399452e-14	1.0138367624572726e-15	2.3074524546521208e-10	7.171198185071372e-13	2.755127707799584e-7	2.6304197458394374e-7	2.3902356967399452e-14	0.9999994612137674
0.9999983267115383	3.085249523564828e-9	5.800411312935292e-12	8.341192038243238e-7	8.359170752569721e-7	1.355679868461009e-10	2.556453527064449e-11	3.085249523564828e-9	0.9963490968869014	1.2679128905749142e-8	0.0018233025793299334	0.0018272325495373354	2.963382918865417e-7	5.58815609143489e-8	5.800411312935292e-12	1.2679128905749142e-8	0.9999931234785744	3.4278928907602897e-6	3.435281415894611e-6	5.571296478894018e-10	1.0505991027187696e-10	8.341192038243238e-7	0.0018233025793299334	3.4278928907602897e-6	0.5040718639242395	0.4940053463361133	8.01171698441617e-5	1.5107978379810204e-5	8.359170752569721e-7	0.0018272325495373354	3.435281415894611e-6	0.4940053463361133	0.5040677195181067	8.028985543905874e-5	1.5140542313849361e-5	1.355679868461009e-10	2.963382918865417e-7	5.571296478894018e-10	8.01171698441617e-5	8.028985543905874e-5	0.9998392934882531	2.455474235426733e-9	2.556453527064449e-11	5.58815609143489e-8	1.0505991027187696e-10	1.5107978379810204e-5	1.5140542313849361e-5	2.455474235426733e-9	0.9999696930116467
0.9989523148251551	8.041822288445678e-6	2.791752953897593e-6	0.000567812882452295	0.00037139403492161084	4.370341430604708e-5	5.394126792269662e-5	8.041822288445678e-6	0.9860168513523163	3.752733633595744e-5	0.007632661402194536	0.004992357522972593	0.0005874705802327535	0.0007250899836595219	2.791752953897593e-6	3.752733633595744e-5	0.9951211906639573	0.00264971100471747	0.001733118236360012	0.00020394292100301006	0.0002517180846723583	0.000567812882452295	0.007632661402194536	0.00264971100471747	0.5439753773605318	0.35249783117246214	0.04147982280050546	0.05119678337713887	0.00037139403492161084	0.004992357522972593	0.001733118236360012	0.35249783117246214	0.5797875501676665	0.027131048332647578	0.033486700532971335	4.370341430604708e-5	0.0005874705802327535	0.00020394292100301006	0.04147982280050546	0.027131048332647578	0.9266134986163406	0.003940513334964756	5.394126792269662e-5	0.0007250899836595219	0.0002517180846723583	0.05119678337713887	0.033486700532971335	0.003940513334964756	0.9103452534186707
0.9999170950089091	2.497080572419636e-6	2.8314746195961998e-5	3.0242827461327708e-5	3.6436970907204297e-6	4.8916353060321825e-8	1.8157723417368265e-5	2.497080572419636e-6	0.9203525820902754	0.028046067912158978	0.029955853637743897	0.0036091220931464647	4.845218637843845e-5	0.017985424999724522	2.8314746195961998e-5	0.028046067912158978	0.3868390004001095	0.3396736181460965	0.040924340682631344	0.0005494061245350882	0.20393925198827328	3.0242827461327708e-5	0.029955853637743897	0.3396736181460965	0.368215987047082	0.043711067218039176	0.0005868177138342481	0.21782641340974354	3.6436970907204297e-6	0.0036091220931464647	0.040924340682631344	0.043711067218039176	0.8854371024018295	7.070059832914823e-5	0.026244023308933818	4.8916353060321825e-8	4.845218637843845e-5	0.0005494061245350882	0.0005868177138342481	7.070059832914823e-5	0.9983922504671259	0.0003523239934440592	1.8157723417368265e-5	0.017985424999724522	0.20393925198827328	0.21782641340974354	0.026244023308933818	0.0003523239934440592	0.5336344045764639
0.9999997023866434	9.236751188234452e-8	9.203563582852123e-8	3.3071899941170665e-8	1.9664212005876676e-8	2.5341341475644063e-11	6.044875560290327e-8	9.236751188234452e-8	0.3162973420618324	0.3065835531323251	0.11016711626453216	0.0655042357456147	8.441554666083895e-5	0.20136324488152774	9.203563582852123e-8	0.3065835531323251	0.31765232930543996	0.10977128631239988	0.06526887932185765	8.411224198221104e-5	0.2006397476503643	3.3071899941170665e-8	0.11016711626453216	0.10977128631239988	0.6844802693758166	0.02345358758890537	3.0224723560840252e-5	0.0720974826628869	1.9664212005876676e-8	0.0655042357456147	0.06526887932185765	0.02345358758890537	0.8028868837296255	1.797131017500109e-5	0.04286842263961087	2.5341341475644063e-11	8.441554666083895e-5	8.411224198221104e-5	3.0224723560840252e-5	1.797131017500109e-5	0.9997280314602317	5.524469204806959e-5	6.044875560290327e-8	0.20136324488152774	0.2006397476503643	0.0720974826628869	0.04286842263961087	5.524469204806959e-5	0.48297579702480964
0.9999999941992299	2.370189716005689e-9	2.362569939253763e-9	2.1235282663954487e-14	5.969365303461238e-11	5.463026773417545e-10	4.619928304533895e-10	2.370189716005689e-9	0.4137046458967277	0.4037695194743054	3.6291665845177767e-6	0.010201804907864154	0.09336458821933494	0.078955809964999	2.362569939253763e-9	0.4037695194743054	0.4142914369463806	3.6174994006704956e-6	0.010169007754395937	0.09306443616232336	0.07870197980062944	2.1235282663954487e-14	3.6291665845177767e-6	3.6174994006704956e-6	0.9999911180595896	9.140121123557076e-8	8.364830073528739e-7	7.073901853703783e-7	5.969365303461238e-11	0.010201804907864154	0.010169007754395937	9.140121123557076e-8	0.9752891757470082	0.002351403897016597	0.0019885162328103392	5.463026773417545e-10	0.09336458821933494	0.09306443616232336	8.364830073528739e-7	0.002351403897016597	0.7930202883464402	0.01819844634557608	4.619928304533895e-10	0.078955809964999	0.07870197980062944	7.073901853703783e-7	0.0019885162328103392	0.01819844634557608	0.8221545398038081
0.9999999979009746	4.933665847461321e-10	7.853828244002713e-10	2.6703792043393447e-18	2.300174649207462e-12	8.161940811115533e-10	1.7816758161865632e-12	4.933665847461321e-10	0.540228463884637	0.22489004296890588	7.646483668212754e-10	0.0006586423329174035	0.2337126765056367	0.0005101730498942628	7.853828244002713e-10	0.22489004296890588	0.4012056510034782	1.2172322013177366e-9	0.0010484827949230296	0.37204368444732405	0.0008121367827637378	2.6703792043393447e-18	7.646483668212754e-10	1.2172322013177366e-9	0.9999999967468078	3.564945100254837e-12	1.2649852876685601e-9	2.76134530625546e-12	2.300174649207462e-12	0.0006586423329174035	0.0010484827949230296	3.564945100254837e-12	0.9972008806423849	0.0010896156941259175	2.378529783648541e-6	8.161940811115533e-10	0.2337126765056367	0.37204368444732405	1.2649852876685601e-9	0.0010896156941259175	0.39231002365102857	0.0008439976207156194	1.7816758161865632e-12	0.0005101730498942628	0.0008121367827637378	2.76134530625546e-12	2.378529783648541e-6	0.0008439976207156194	0.9978313140122996
0.999999974096476	7.263603188283558e-9	5.027914553747969e-10	1.2661527073046445e-16	1.6886779623471563e-10	1.7966145393157824e-8	2.1160914675308953e-12	7.263603188283558e-9	0.7105339007773752	0.007808030877845452	1.9662544637583033e-9	0.002622409257714021	0.279002788305278	3.286155192615618e-5	5.027914553747969e-10	0.007808030877845452	0.972695409848438	1.361054448933692e-10	0.00018152491719277837	0.019312759019093163	2.2746985332951424e-6	1.2661527073046445e-16	1.9662544637583033e-9	1.361054448933692e-10	0.9999999929879262	4.5712444571190836e-11	4.863428337165957e-9	5.728251097836613e-13	1.6886779623471563e-10	0.002622409257714021	0.00018152491719277837	4.5712444571190836e-11	0.9907089084736369	0.006486393155459076	7.639814167676193e-7	1.7966145393157824e-8	0.279002788305278	0.019312759019093163	4.863428337165957e-9	0.006486393155459076	0.6951167553479195	8.128134266784504e-5	2.1160914675308953e-12	3.286155192615618e-5	2.2746985332951424e-6	5.728251097836613e-13	7.639814167676193e-7	8.128134266784504e-5	0.999882818422767
0.9995987602441844	0.00012543538301277508	1.4968294246725175e-5	1.010264009917374e-7	0.00012704935604850408	0.00012876086465098523	4.924831455679566e-6	0.00012543538301277508	0.33569435059163094	0.03604600164729612	0.00024328742851679897	0.30595478829621736	0.31007636961253165	0.011859767040784895	1.4968294246725175e-5	0.03604600164729612	0.8889833238495303	2.9031663387974687e-5	0.03650980439024827	0.03700163564569326	0.0014152345095960813	1.010264009917374e-7	0.00024328742851679897	2.9031663387974687e-5	0.9992218728089413	0.0002464178000286233	0.0002497373460512923	9.551926672946015e-6	0.00012704935604850408	0.30595478829621736	0.03650980439024827	0.0002464178000286233	0.33108346159624785	0.3140661122796418	0.012012366281558173	0.00012876086465098523	0.31007636961253165	0.03700163564569326	0.0002497373460512923	0.3140661122796418	0.32630319685666376	0.012174187394757612	4.924831455679566e-6	0.011859767040784895	0.0014152345095960813	9.551926672946015e-6	0.012012366281558173	0.012174187394757612	0.9625239680151741
0.9833718139906441	0.0037489783683636113	0.0006488353804516888	0.0025685725289027643	0.0038117582749599647	0.0037368634165294763	0.0021131780401485076	0.0037489783683636113	0.24362953505042784	0.037915954319097264	0.15009951923917447	0.22274749032367885	0.21837086396121266	0.123487658738049	0.0006488353804516888	0.037915954319097264	0.8377411821221488	0.02597771155283432	0.038550889983370924	0.03779342761576992	0.021371999026327596	0.0025685725289027643	0.15009951923917447	0.02597771155283432	0.434520410989084	0.1526130663637758	0.1496144675084804	0.08460625181775074	0.0038117582749599647	0.22274749032367885	0.038550889983370924	0.1526130663637758	0.23469355377419968	0.22202767418944397	0.12555556709057464	0.0037368634165294763	0.21837086396121266	0.03779342761576992	0.1496144675084804	0.22202767418944397	0.24536809916372315	0.12308860414484403	0.0021131780401485076	0.123487658738049	0.021371999026327596	0.08460625181775074	0.12555556709057464	0.12308860414484403	0.5197767411423074
0.9949331760225424	0.0010833045463220577	0.0003299388784489128	0.001077746011532734	0.0010839831811138775	0.0009125938423021116	0.0005792575177380556	0.0010833045463220577	0.22476109952707965	0.06412019157445212	0.2094487350292086	0.21066086410688922	0.17735312756461716	0.1125726776514358	0.0003299388784489128	0.06412019157445212	0.7192964754610731	0.06379118500213157	0.06416035958907765	0.0540159202661377	0.03428592922868033	0.001077746011532734	0.2094487350292086	0.06379118500213157	0.22766422065654723	0.20957994392995222	0.1764431124327595	0.11199505693787261	0.0010839831811138775	0.21066086410688922	0.06416035958907765	0.20957994392995222	0.22440742031519395	0.17746423021180166	0.11264319866597595	0.0009125938423021116	0.17735312756461716	0.0540159202661377	0.1764431124327595	0.17746423021180166	0.31897791193058145	0.09483310375180416	0.0005792575177380556	0.1125726776514358	0.03428592922868033	0.11199505693787261	0.11264319866597595	0.09483310375180416	0.5330907762464954
0.9980839108724552	0.0003728889947759801	0.00022578087578145712	0.00033338620651804775	0.0003755927215302575	0.00037669900083577316	0.00023174132810329702	0.0003728889947759801	0.2124825451188755	0.11516470591119156	0.17005126893768555	0.19157966841834972	0.19214395151112448	0.1182049711079959	0.00022578087578145712	0.11516470591119156	0.4777318541288789	0.1029644880014891	0.11599973698178571	0.11634140523335719	0.07157202886751514	0.00033338620651804775	0.17005126893768555	0.1029644880014891	0.2778951379855826	0.1712842690311902	0.17178877359511668	0.10568267624241688	0.0003755927215302575	0.19157966841834972	0.11599973698178571	0.1712842690311902	0.20816154621647504	0.19353714023391128	0.1190620463967565	0.00037669900083577316	0.19214395151112448	0.11634140523335719	0.17178877359511668	0.19353714023391128	0.2063992959818431	0.11941273444381033	0.00023174132810329702	0.1182049711079959	0.07157202886751514	0.10568267624241688	0.1190620463967565	0.11941273444381033	0.46583380161340104
0.9985120962259596	0.0003878058971465984	7.56429945394268e-5	0.00013352185573671662	0.00039300015114201705	0.0003643691482071811	0.0001335637272686093	0.0003878058971465984	0.27556071150820716	0.049785954045114135	0.08788008743178065	0.25866093196880513	0.23981686312861256	0.0879076460203228	7.56429945394268e-5	0.049785954045114135	0.8186203830708354	0.017141340610438528	0.05045278477826518	0.04677717848432471	0.01714671601648043	0.00013352185573671662	0.08788008743178065	0.017141340610438528	0.6929521112604303	0.08905714920061628	0.08256912243339615	0.03026666720759753	0.00039300015114201705	0.25866093196880513	0.05045278477826518	0.08905714920061628	0.2693220980493858	0.24302895894417376	0.08908507690760066	0.0003643691482071811	0.23981686312861256	0.04677717848432471	0.08256912243339615	0.24302895894417376	0.3048484923212843	0.0825950155399909	0.0001335637272686093	0.0879076460203228	0.01714671601648043	0.03026666720759753	0.08908507690760066	0.0825950155399909	0.6928653145807353
0.9999885737453728	8.462760971148972e-8	9.983540376406175e-11	7.136697589115904e-8	1.1246812569450569e-5	2.036703701074664e-8	2.980599698266801e-9	8.462760971148972e-8	0.99256849074637	6.541559486474847e-8	4.6762100473408216e-5	0.007369298934290272	1.3345184087590603e-5	1.9529915737767538e-6	9.983540376406175e-11	6.541559486474847e-8	0.9999911676914413	5.5165367396457344e-8	8.693580464710354e-6	1.574334719168434e-8	2.3039490655653117e-9	7.136697589115904e-8	4.6762100473408216e-5	5.5165367396457344e-8	0.9937256358930613	0.00621457442991958	1.1254074577895726e-5	1.6469696241750184e-6	1.1246812569450569e-5	0.007369298934290272	8.693580464710354e-6	0.00621457442991958	0.9843630942659418	0.0017735439373702197	0.00025954803940304736	2.036703701074664e-8	1.3345184087590603e-5	1.574334719168434e-8	1.1254074577895726e-5	0.0017735439373702197	0.9982013506737861	4.7001979378116683e-7	2.980599698266801e-9	1.9529915737767538e-6	2.3039490655653117e-9	1.6469696241750184e-6	0.00025954803940304736	4.7001979378116683e-7	0.9997363766950564
0.9999998924623812	1.4275460146381765e-12	7.625610436587132e-17	8.021508505429267e-11	1.0745594538225015e-7	4.499132749102914e-15	2.630332383503442e-14	1.4275460146381765e-12	0.9999867816583177	9.373394402234049e-15	9.860031999735157e-9	1.3208476427016892e-5	5.530330466792561e-13	3.233202514680333e-12	7.625610436587132e-17	9.373394402234049e-15	0.9999999992938984	5.266993998881409e-13	7.055653174080283e-10	2.95417067421382e-17	1.727099693230915e-16	8.021508505429267e-11	9.860031999735157e-9	5.266993998881409e-13	0.9992577937637095	0.0007421960827646761	3.107542063255659e-11	1.8167653585483242e-10	1.0745594538225015e-7	1.3208476427016892e-5	7.055653174080283e-10	0.0007421960827646761	0.9992442022772371	4.162856275677232e-8	2.4337347396490186e-7	4.499132749102914e-15	5.530330466792561e-13	2.95417067421382e-17	3.107542063255659e-11	4.162856275677232e-8	0.999999958339794	1.0189939356852985e-14	2.630332383503442e-14	3.233202514680333e-12	1.727099693230915e-16	1.8167653585483242e-10	2.4337347396490186e-7	1.0189939356852985e-14	0.9999997564415797
0.9999997427154507	9.165166999775955e-12	1.5231311179074182e-15	3.6033591266764656e-10	2.569147344197274e-7	2.003459550797162e-14	2.921899078720388e-13	9.165166999775955e-12	0.9999645056714969	2.101347646830956e-13	4.971279315684422e-8	3.5444563259320744e-5	2.7640200919619825e-12	4.031120946292578e-11	1.5231311179074182e-15	2.101347646830956e-13	0.9999999941010957	8.261617297004558e-12	5.890423738294036e-9	4.593440591635192e-16	6.699196810594631e-15	3.6033591266764656e-10	4.971279315684422e-8	8.261617297004558e-12	0.998606416710429	0.0013935315146429616	1.0866967317596942e-10	1.584867624661407e-9	2.569147344197274e-7	3.5444563259320744e-5	5.890423738294036e-9	0.0013935315146429616	0.9985695536472593	7.748003804781323e-8	1.129989630691808e-6	2.003459550797162e-14	2.7640200919619825e-12	4.593440591635192e-16	1.0866967317596942e-10	7.748003804781323e-8	0.9999999224084195	8.811828262884662e-14	2.921899078720388e-13	4.031120946292578e-11	6.699196810594631e-15	1.584867624661407e-9	1.129989630691808e-6	8.811828262884662e-14	0.9999988683848036
0.999972786353974	1.4464785054236845e-6	2.1394483443017394e-8	3.141478938717089e-7	2.507348971490504e-5	2.7066802760164604e-7	8.746740068225511e-8	1.4464785054236845e-6	0.9456499588533959	4.5125647118668024e-5	0.0006626066499658457	0.05288547638562573	0.0005708980977451053	0.0001844878876410916	2.1394483443017394e-8	4.5125647118668024e-5	0.9991516646189158	9.800440828379413e-6	0.0007822151830572447	8.444003733246065e-6	2.728711863173158e-6	3.141478938717089e-7	0.0006626066499658457	9.800440828379413e-6	0.9876774935234869	0.011485729625881992	0.000123988316694314	4.006729524840986e-5	2.507348971490504e-5	0.05288547638562573	0.0007822151830572447	0.011485729625881992	0.9217275238535695	0.009896038916857565	0.003197942545256522	2.7066802760164604e-7	0.0005708980977451053	8.444003733246065e-6	0.000123988316694314	0.009896038916857565	0.9893658382446469	3.452175229495168e-5	8.746740068225511e-8	0.0001844878876410916	2.728711863173158e-6	4.006729524840986e-5	0.003197942545256522	3.452175229495168e-5	0.9965401643402951
0.9993410444715689	0.0001242797401192418	0.0001305034324025211	6.132318103988443e-5	0.0001348697213988263	0.0001344768367411304	7.350261672952596e-5	0.0001242797401192418	0.2603292599097715	0.18050817636897726	0.08482026391851699	0.1865474877473327	0.18600406224672747	0.10166647006855507	0.0001305034324025211	0.18050817636897726	0.23232746549346833	0.08906790091477147	0.19588943003691472	0.19531879082399076	0.10675773292947527	6.132318103988443e-5	0.08482026391851699	0.08906790091477147	0.5920577673213073	0.09204787001235559	0.09177972831586241	0.050165146336146264	0.0001348697213988263	0.1865474877473327	0.19588943003691472	0.09204787001235559	0.213197161934719	0.20185362497698084	0.11032955557029842	0.0001344768367411304	0.18600406224672747	0.19531879082399076	0.09177972831586241	0.20185362497698084	0.21490115871746696	0.11000815808223066	7.350261672952596e-5	0.10166647006855507	0.10675773292947527	0.050165146336146264	0.11032955557029842	0.11000815808223066	0.5209994343965649
0.9984270716018359	0.00022673268329014197	0.00027152703932313327	0.00027904582897427357	0.0002813048426216212	0.0002337098052931613	0.0002806081986619296	0.00022673268329014197	0.32005293889559366	0.13709926892850907	0.14089565166434348	0.1420362714726798	0.11800461393086303	0.14168452242472027	0.00027152703932313327	0.13709926892850907	0.2128054220330452	0.1687316473071796	0.17009761323258862	0.1413181504411267	0.16967637101822744	0.00027904582897427357	0.14089565166434348	0.1687316473071796	0.19567971442672194	0.17480774514889783	0.14523135720574115	0.17437483841814133	0.0002813048426216212	0.1420362714726798	0.17009761323258862	0.17480774514889783	0.19058349985428957	0.14640707668937064	0.17578648875955155	0.0002337098052931613	0.11800461393086303	0.1413181504411267	0.14523135720574115	0.14640707668937064	0.3027605884690441	0.14604450345856085	0.0002806081986619296	0.14168452242472027	0.16967637101822744	0.17437483841814133	0.17578648875955155	0.14604450345856085	0.19215266772213618
0.999795317183702	1.9074733243519318e-6	1.6207714534081239e-6	9.397473528943382e-5	9.412692286431056e-5	1.275303766583953e-6	1.1777609599892923e-5	1.9074733243519318e-6	0.9801090860837478	0.00015897166493038334	0.00921741316392219	0.009232340322288042	0.0001250868298793939	0.0011551944619076291	1.6207714534081239e-6	0.00015897166493038334	0.9830748862805768	0.007831994261533911	0.00784467780045999	0.00010628571339770654	0.000981563507647565	9.397473528943382e-5	0.00921741316392219	0.007831994261533911	0.46493543867081344	0.45484606616124296	0.006162603469227686	0.056912509537963035	9.412692286431056e-5	0.009232340322288042	0.00784467780045999	0.45484606616124296	0.46480552866678654	0.006172583509863291	0.057004676616487455	1.275303766583953e-6	0.0001250868298793939	0.00010628571339770654	0.006162603469227686	0.006172583509863291	0.9866598220802032	0.0007723430936620062	1.1777609599892923e-5	0.0011551944619076291	0.000981563507647565	0.056912509537963035	0.057004676616487455	0.0007723430936620062	0.8831619351727314
0.9976407959642197	0.00021256312801395792	0.00010943836288293463	0.0006376326010793934	0.0006438557473153114	0.00035606746348876804	0.00039964673299988017	0.00021256312801395792	0.7017608048590119	0.01519375997402063	0.08852505133665026	0.08938903529712774	0.049434251685523976	0.05548453371965192	0.00010943836288293463	0.01519375997402063	0.839079982910838	0.04557722114333295	0.04602204424635748	0.025451279463912714	0.028566273898655483	0.0006376326010793934	0.08852505133665026	0.04557722114333295	0.28238853915060863	0.26814322698874915	0.14828954945838124	0.1664387793211992	0.0006438557473153114	0.08938903529712774	0.04602204424635748	0.26814322698874915	0.2780018334787536	0.1497368210533024	0.16806318318839505	0.00035606746348876804	0.049434251685523976	0.025451279463912714	0.14828954945838124	0.1497368210533024	0.5337891137805875	0.09294291709480389	0.00039964673299988017	0.05548453371965192	0.028566273898655483	0.1664387793211992	0.16806318318839505	0.09294291709480389	0.4881046660442949
0.9996212731891381	9.226648986867599e-5	5.668162114809677e-5	1.4506910906099122e-6	9.487028816405884e-5	0.00010212572759849689	3.13319929919888e-5	9.226648986867599e-5	0.32047393359933335	0.13443889578921173	0.003440785644490913	0.2250157374761087	0.2422243713555599	0.07431400964543039	5.668162114809677e-5	0.13443889578921173	0.5307003704681073	0.002113761005002266	0.1382328167261341	0.14880451255437763	0.04565296183602113	1.4506910906099122e-6	0.003440785644490913	0.002113761005002266	0.9859292348832059	0.0035378860306512065	0.0038084545966172454	0.0011684271489418043	9.487028816405884e-5	0.2250157374761087	0.1382328167261341	0.0035378860306512065	0.30764746516673025	0.24906004274756233	0.07641118156465314	0.00010212572759849689	0.2422243713555599	0.14880451255437763	0.0038084545966172454	0.24906004274756233	0.27374557775486696	0.08225491526342164	3.13319929919888e-5	0.07431400964543039	0.04565296183602113	0.0011684271489418043	0.07641118156465314	0.08225491526342164	0.7201671725485411
0.9996443698843089	8.253920387576216e-5	8.127823923146124e-5	1.096435900475866e-5	8.174796804789474e-5	8.217667876506738e-5	1.692366676610184e-5	8.253920387576216e-5	0.24285469379949803	0.22531957684041848	0.030395401704548446	0.226621759308313	0.22781023138021905	0.04691579776312737	8.127823923146124e-5	0.22531957684041848	0.2509794806906099	0.02993104628192467	0.22315962237581746	0.22432993796943151	0.04619905760256656	1.096435900475866e-5	0.030395401704548446	0.02993104628192467	0.8730644514876189	0.030104025852810627	0.03026190033974076	0.006232209974351802	8.174796804789474e-5	0.226621759308313	0.22315962237581746	0.030104025852810627	0.24794038905844717	0.22562640104797949	0.04646605438858449	8.217667876506738e-5	0.22781023138021905	0.22432993796943151	0.03026190033974076	0.22562640104797949	0.24517961635245492	0.04670973623140952	1.692366676610184e-5	0.04691579776312737	0.04619905760256656	0.006232209974351802	0.04646605438858449	0.04670973623140952	0.8074602203731941
0.9998882479416233	3.9295350817848366e-5	4.813246648852349e-6	2.6868382775806366e-5	3.9113681587967886e-5	1.7687122575714953e-7	1.4845253203833882e-6	3.9295350817848366e-5	0.35697792745799967	0.04271288058562491	0.2384307534511064	0.34709586539251486	0.001569560027969799	0.013173717733952208	4.813246648852349e-6	0.04271288058562491	0.8837558708996813	0.029205134987893133	0.0425154115222251	0.00019225377525747443	0.0016136349826675037	2.6868382775806366e-5	0.2384307534511064	0.029205134987893133	0.48492801029951643	0.23732844667796993	0.0010731941245818613	0.009007592076146716	3.9113681587967886e-5	0.34709586539251486	0.0425154115222251	0.23732844667796993	0.35834604569680856	0.0015623036794298864	0.013112813349449226	1.7687122575714953e-7	0.001569560027969799	0.00019225377525747443	0.0010731941245818613	0.0015623036794298864	0.9955432156619771	5.929585955813612e-5	1.4845253203833882e-6	0.013173717733952208	0.0016136349826675037	0.009007592076146716	0.013112813349449226	5.929585955813612e-5	0.9630314614729053
0.9998521424223789	6.776751794842012e-5	7.421439754627341e-7	1.744156021938324e-7	6.83655527016143e-5	1.2420282184154333e-7	1.068374457163261e-5	6.776751794842012e-5	0.46692708959526225	0.004939021862393565	0.0011607484542884817	0.454977700543023	0.000826578767366358	0.0711010932597292	7.421439754627341e-7	0.004939021862393565	0.9892772133564066	1.2711731201864987e-5	0.004982607739668064	9.052131035893381e-6	0.0007786510353187906	1.744156021938324e-7	0.0011607484542884817	1.2711731201864987e-5	0.9974702508378587	0.0011709918265765046	2.1273943304308388e-6	0.00018299534014178283	6.83655527016143e-5	0.454977700543023	0.004982607739668064	0.0011709918265765046	0.46623791503244544	0.0008338731591945158	0.07172854614640249	1.2420282184154333e-7	0.000826578767366358	9.052131035893381e-6	2.1273943304308388e-6	0.0008338731591945158	0.9981979318196306	0.00013031252562029213	1.068374457163261e-5	0.0711010932597292	0.0007786510353187906	0.00018299534014178283	0.07172854614640249	0.00013031252562029213	0.8560677179482178
0.9998102753467404	4.9599665125815194e-5	3.402162978579946e-5	1.062492520079583e-7	4.932480117275756e-5	3.660099943084034e-5	2.0071308492433392e-5	4.9599665125815194e-5	0.26745459841216973	0.17784623088683968	0.000555412222257751	0.25784273219853826	0.1913297462952026	0.1049216803198605	3.402162978579946e-5	0.17784623088683968	0.44167196988712343	0.00038097089882017227	0.17686066943327022	0.13123777708891002	0.07196836017524678	1.062492520079583e-7	0.000555412222257751	0.00038097089882017227	0.997876565319322	0.0005523343224655033	0.0004098544290404338	0.00022475655884219187	4.932480117275756e-5	0.25784273219853826	0.17686066943327022	0.0005523343224655033	0.27008523416151153	0.19026946392694843	0.10434024115608767	3.660099943084034e-5	0.1913297462952026	0.13123777708891002	0.0004098544290404338	0.19026946392694843	0.40929187401050954	0.07742468324995391	2.0071308492433392e-5	0.1049216803198605	0.07196836017524678	0.00022475655884219187	0.10434024115608767	0.07742468324995391	0.6411002072315143
0.9999999997834856	1.3560431559108894e-13	6.947702477702114e-13	2.128349850802998e-10	7.914106381181337e-19	2.849062501922877e-12	2.095153562618919e-18	1.3560431559108894e-13	0.9993664494121327	2.034266095709617e-6	0.0006231743450720049	2.3172262112181068e-12	8.341968112221484e-6	6.1345457313689275e-12	6.947702477702114e-13	2.034266095709617e-6	0.9967623847021673	0.0031928408195746804	1.1872334754908253e-11	4.274016816467885e-5	3.14304145790841e-11	2.128349850802998e-10	0.0006231743450720049	0.0031928408195746804	0.9830910056136786	3.6369550920449796e-9	0.01309296574350078	9.628351011685069e-9	7.914106381181337e-19	2.3172262112181068e-12	1.1872334754908253e-11	3.6369550920449796e-9	0.99999999630017	4.868519322616724e-11	3.5802287933575116e-17	2.849062501922877e-12	8.341968112221484e-6	4.274016816467885e-5	0.01309296574350078	4.868519322616724e-11	0.9868559519398001	1.2888752200392943e-10	2.095153562618919e-18	6.1345457313689275e-12	3.14304145790841e-11	9.628351011685069e-9	3.5802287933575116e-17	1.2888752200392943e-10	0.9999999902051965
1.0	1.772616363708439e-35	2.808604307016127e-34	2.659005206078154e-20	6.495634825383133e-42	1.6619636042819068e-32	3.083397023128029e-41	1.772616363708439e-35	0.9999999999999993	7.006320776163684e-30	6.633132112178947e-16	1.6203956220449137e-37	4.14592048471189e-28	7.691816383794755e-37	2.808604307016127e-34	7.006320776163684e-30	0.9999999999999896	1.0509799977417458e-14	2.567419672028922e-36	6.568962336299101e-27	1.218722170605917e-35	2.659005206078154e-20	6.633132112178947e-16	1.0509799977417458e-14	0.9999999999993814	2.4306671669834377e-22	6.219069381584598e-13	1.153807458141662e-21	6.495634825383133e-42	1.6203956220449137e-37	2.567419672028922e-36	2.4306671669834377e-22	1.0	1.5192450005044295e-34	2.8186149804294455e-43	1.6619636042819068e-32	4.14592048471189e-28	6.568962336299101e-27	6.219069381584598e-13	1.5192450005044295e-34	0.999999999999378	7.21166697002736e-34	3.083397023128029e-41	7.691816383794755e-37	1.218722170605917e-35	1.153807458141662e-21	2.8186149804294455e-43	7.21166697002736e-34	1.0
0.999999999999998	5.82559760174566e-29	8.835649549426399e-30	2.0273943344999056e-15	2.0513818156958457e-29	5.4335061942810326e-27	1.213389036398259e-31	5.82559760174566e-29	0.9999999999999714	1.2460216502858006e-28	2.859073597614169e-14	2.8929012417944496e-28	7.662443284065845e-26	1.7111464200951787e-30	8.835649549426399e-30	1.2460216502858006e-28	0.9999999999999956	4.336340075560105e-15	4.387646264125221e-29	1.1621582570357139e-26	2.5952856907222826e-31	2.0273943344999056e-15	2.859073597614169e-14	4.336340075560105e-15	0.9999999999973046	1.0067725216936242e-14	2.6666438646374907e-12	5.955043232922941e-17	2.0513818156958457e-29	2.8929012417944496e-28	4.387646264125221e-29	1.0067725216936242e-14	0.99999999999999	2.698194741776071e-26	6.025501399417711e-31	5.4335061942810326e-27	7.662443284065845e-26	1.1621582570357139e-26	2.6666438646374907e-12	2.698194741776071e-26	0.9999999999973335	1.5959778392731644e-28	1.213389036398259e-31	1.7111464200951787e-30	2.5952856907222826e-31	5.955043232922941e-17	6.025501399417711e-31	1.5959778392731644e-28	1.0
0.9998975726213988	7.202037418952817e-9	6.290520424457296e-11	4.954733542807585e-5	5.2797479544183784e-5	1.1095939729934136e-8	6.420274663523734e-8	7.202037418952817e-9	0.9998643342459163	8.331980289727477e-11	6.562691070681324e-5	6.993182268339605e-5	1.4696900238391848e-8	8.503843615726201e-8	6.290520424457296e-11	8.331980289727477e-11	0.9999988149635577	5.732092159211098e-7	6.108098768714698e-7	1.2836805163289156e-10	7.427565123494523e-10	4.954733542807585e-5	6.562691070681324e-5	5.732092159211098e-7	0.5180932128832763	0.48110489768807	0.0001011092005643104	0.0005850327727366225	5.2797479544183784e-5	6.993182268339605e-5	6.108098768714698e-7	0.48110489768807	0.5180406115438543	0.00010774163539575562	0.0006234090205734092	1.1095939729934136e-8	1.4696900238391848e-8	1.2836805163289156e-10	0.0001011092005643104	0.00010774163539575562	0.999790992226939	1.3101589278690927e-7	6.420274663523734e-8	8.503843615726201e-8	7.427565123494523e-10	0.0005850327727366225	0.0006234090205734092	1.3101589278690927e-7	0.9987912772068578
0.996213359721239	5.853796049988287e-5	1.923165670864764e-6	0.00141022183464187	0.0014649545116667178	7.287424889878599e-5	0.0007781285573828769	5.853796049988287e-5	0.9608809176672762	2.0149634213094574e-5	0.014775354280619839	0.01534880639567253	0.0007635272827037706	0.008152706779014921	1.923165670864764e-6	2.0149634213094574e-5	0.99869532107076	0.0004854192712677389	0.0005042590704704517	2.5084397309460172e-5	0.00026784339030840195	0.00141022183464187	0.014775354280619839	0.0004854192712677389	0.3987666184410028	0.3697638546001529	0.018393924834736727	0.19640460673758245	0.0014649545116667178	0.01534880639567253	0.0005042590704704517	0.3697638546001529	0.38978296314016847	0.0191078187218319	0.2040273435600415	7.287424889878599e-5	0.0007635272827037706	2.5084397309460172e-5	0.018393924834736727	0.0191078187218319	0.9514874182320132	0.010149352282506355	0.0007781285573828769	0.008152706779014921	0.00026784339030840195	0.19640460673758245	0.2040273435600415	0.010149352282506355	0.5802200186931658
0.9687324025029037	0.0037371992281027386	0.00019421597890237162	0.007419694592995689	0.007351793689427686	0.007162605612682188	0.005402088394985617	0.0037371992281027386	0.5598270475682737	0.0030788801603317453	0.11762343452481083	0.11654701050426608	0.11354783701012305	0.08563859100409207	0.00019421597890237162	0.0030788801603317453	0.9742060736413661	0.006112692710174975	0.006056752758327596	0.005900890739604354	0.0044504940112928704	0.007419694592995689	0.11762343452481083	0.006112692710174975	0.2419989008350651	0.23138804513435549	0.22543359903723206	0.1700236331653666	0.007351793689427686	0.11654701050426608	0.006056752758327596	0.23138804513435549	0.24681816957331448	0.22337055656596033	0.16846767177434901	0.007162605612682188	0.11354783701012305	0.005900890739604354	0.22543359903723206	0.22337055656596033	0.26045211799109114	0.1641323930433075	0.005402088394985617	0.08563859100409207	0.0044504940112928704	0.1700236331653666	0.16846767177434901	0.1641323930433075	0.4018851286066067
0.9617467116371667	0.0028701694023666765	1.2307956801242855e-5	0.010833930831644892	0.011344527135533189	0.010576838804461952	0.0026155142320256224	0.0028701694023666765	0.7671605173164237	7.999442832156977e-5	0.07041413269059796	0.07373270620302094	0.06874318680797543	0.016999293151296373	1.2307956801242855e-5	7.999442832156977e-5	0.9989218785189119	0.00030195224805833367	0.00031618306642012476	0.0002947868418200905	7.289693966680006e-5	0.010833930831644892	0.07041413269059796	0.00030195224805833367	0.3164844226076963	0.2783163385320874	0.2594825693599611	0.06416665372996377	0.011344527135533189	0.07373270620302094	0.00031618306642012476	0.2783163385320874	0.29738763890883213	0.2717118186414538	0.0671907875126626	0.010576838804461952	0.06874318680797543	0.0002947868418200905	0.2594825693599611	0.2717118186414538	0.3265468373786204	0.06264396216571667	0.0026155142320256224	0.016999293151296373	7.289693966680006e-5	0.06416665372996377	0.0671907875126626	0.06264396216571667	0.7863108922686705
0.9668597901415567	0.0011942054998236964	2.1893597081660368e-6	0.010476818208533967	0.010728531476950721	0.008561268687220026	0.0021771966262066505	0.0011942054998236964	0.8933159262314939	7.229550982793883e-6	0.034595818628409415	0.03542700863354063	0.02827042455417294	0.0071893869015763	2.1893597081660368e-6	7.229550982793883e-6	0.9997971977569148	6.342517379734198e-5	6.494901027886317e-5	5.182870825899866e-5	1.3180440059145244e-5	0.010476818208533967	0.034595818628409415	6.342517379734198e-5	0.3329706980350066	0.3108027296646718	0.2480176977713394	0.06307281251823924	0.010728531476950721	0.03542700863354063	6.494901027886317e-5	0.3108027296646718	0.32441209245210456	0.2539765055017599	0.06458818326069146	0.008561268687220026	0.02827042455417294	5.182870825899866e-5	0.2480176977713394	0.2539765055017599	0.40958150313462616	0.05154077164262081	0.0021771966262066505	0.0071893869015763	1.3180440059145244e-5	0.06307281251823924	0.06458818326069146	0.05154077164262081	0.8114184686106061
0.9928033357826637	8.411916771091003e-5	1.9964145105451997e-7	0.003298664333338746	0.0033760264804210864	0.0002566522167819409	0.00018100237763258236	8.411916771091003e-5	0.975521891098698	6.847129225114235e-7	0.011313472648762502	0.01157880262678416	0.0008802434990006524	0.0006207862461211852	1.9964145105451997e-7	6.847129225114235e-7	0.9999412226000475	2.6850457006740328e-5	2.7480169155136175e-5	2.089096863460835e-6	1.4733225535022472e-6	0.003298664333338746	0.011313472648762502	2.6850457006740328e-5	0.472446088348441	0.45405327093824954	0.03451802857566978	0.02434362469853125	0.0033760264804210864	0.01157880262678416	2.7480169155136175e-5	0.45405327093824954	0.470722309629873	0.035327564961859334	0.0249145451936575	0.0002566522167819409	0.0008802434990006524	2.089096863460835e-6	0.03451802857566978	0.035327564961859334	0.927121368599249	0.0018940530505757432	0.00018100237763258236	0.0006207862461211852	1.4733225535022472e-6	0.02434362469853125	0.0249145451936575	0.0018940530505757432	0.9480445151109282
0.9916839800960692	4.662925559283433e-5	7.249834297189765e-8	0.0036372782795577336	0.004430668203015639	0.00010680499187404728	9.45666755475671e-5	4.662925559283433e-5	0.9895880819044779	9.087323326187301e-8	0.004559155754286922	0.005553632381290065	0.00013387498999618445	0.00011853484112271411	7.249834297189765e-8	9.087323326187301e-8	0.9999837210017081	7.088494837292404e-6	8.634689531275237e-6	2.081464697796775e-7	1.8429587726797272e-7	0.0036372782795577336	0.004559155754286922	7.088494837292404e-6	0.5389007372134312	0.43320671060035254	0.01044281293145843	0.009246216726066077	0.004430668203015639	0.005553632381290065	8.634689531275237e-6	0.43320671060035254	0.5328166083282585	0.012720676189526891	0.011263069608012944	0.00010680499187404728	0.00013387498999618445	2.081464697796775e-7	0.01044281293145843	0.012720676189526891	0.9763241169635469	0.0002715057871275236	9.45666755475671e-5	0.00011853484112271411	1.8429587726797272e-7	0.009246216726066077	0.011263069608012944	0.0002715057871275236	0.9790059220662456
0.9347618120246949	0.0006037210811130319	1.5570064633911227e-6	0.023375765619858498	0.028228597495418162	0.008498950821359338	0.004529595951092467	0.0006037210811130319	0.978914346480541	4.933977600751375e-7	0.007407516068854198	0.00894532367191801	0.00269322150989303	0.0014353777899205969	1.5570064633911227e-6	4.933977600751375e-7	0.9999451276321856	1.910410412638915e-5	2.307013488517605e-5	6.945861970757226e-6	3.7018626087963393e-6	0.023375765619858498	0.007407516068854198	1.910410412638915e-5	0.4629821304677981	0.3463582705494061	0.10428013323893506	0.055577079951018606	0.028228597495418162	0.00894532367191801	2.307013488517605e-5	0.3463582705494061	0.4234010106717001	0.1259287912037293	0.06711493627293974	0.008498950821359338	0.00269322150989303	6.945861970757226e-6	0.10428013323893506	0.1259287912037293	0.7383852665125746	0.020206690851536795	0.004529595951092467	0.0014353777899205969	3.7018626087963393e-6	0.055577079951018606	0.06711493627293974	0.020206690851536795	0.8511326173208824
0.8893489765716455	0.0037929795123890354	0.00020207912586294577	0.026080146445992426	0.028227684991719168	0.024704842571346867	0.027643290781044615	0.0037929795123890354	0.8709914075556207	0.00023679510384439121	0.03056055868998642	0.033077031436855336	0.028948985884415385	0.032392241816889364	0.00020207912586294577	0.00023679510384439121	0.9929026109600745	0.001628179368167989	0.0017622498558371663	0.001542319367408542	0.0017257662188043944	0.026080146445992426	0.03056055868998642	0.001628179368167989	0.2925206419207196	0.22743434839397106	0.1990503214853862	0.22272580369577968	0.028227684991719168	0.033077031436855336	0.0017622498558371663	0.22743434839397106	0.25299190828734763	0.21544088274294584	0.2410658942913274	0.024704842571346867	0.028948985884415385	0.001542319367408542	0.1990503214853862	0.21544088274294584	0.31933201069343375	0.21098063725506658	0.027643290781044615	0.032392241816889364	0.0017257662188043944	0.22272580369577968	0.2410658942913274	0.21098063725506658	0.2634663659410914
