0.9998651869139658	3.2873765795178676e-5	1.648479529745243e-5	3.62097111699735e-5	3.414939572678984e-5	1.6068380197952133e-6	1.3488580024990554e-5	3.2873765795178676e-5	0.31744262549351726	0.11037229455549724	0.24243849164687067	0.2286438561133952	0.010758422899629031	0.0903114355253006	1.648479529745243e-5	0.11037229455549724	0.6027012251009635	0.1215725917110456	0.11465516873038854	0.005394891486688746	0.045287343620121503	3.62097111699735e-5	0.24243849164687067	0.1215725917110456	0.27278049092751905	0.2518460477646054	0.01185016004151035	0.09947600819728493	3.414939572678984e-5	0.2286438561133952	0.11465516873038854	0.2518460477646054	0.299829016087379	0.01117589153870142	0.09381587036980939	1.6068380197952133e-6	0.010758422899629031	0.005394891486688746	0.01185016004151035	0.01117589153870142	0.9564046911827019	0.004414336012749108	1.3488580024990554e-5	0.0903114355253006	0.045287343620121503	0.09947600819728493	0.09381587036980939	0.004414336012749108	0.6666815176947115
0.9993311233894843	0.00010223042395740159	4.321259040858003e-5	0.00021022994478907722	0.0001827762222136172	7.845593351980243e-5	5.1971495627279914e-5	0.00010223042395740159	0.5901790381897245	0.03124526052077538	0.15200869311687232	0.13215802677114405	0.056728283563859914	0.037578467413660895	4.321259040858003e-5	0.03124526052077538	0.8087315674606791	0.06425376262686781	0.055862926700247985	0.02397892904413978	0.015884341056878987	0.00021022994478907722	0.15200869311687232	0.06425376262686781	0.31781783292839333	0.27177403356077384	0.11665787404519447	0.07727757377709758	0.0001827762222136172	0.13215802677114405	0.055862926700247985	0.27177403356077384	0.37141262909990524	0.10142363653686533	0.06718597110884007	7.845593351980243e-5	0.056728283563859914	0.02397892904413978	0.11665787404519447	0.10142363653686533	0.6722935220937883	0.02883929878262804	5.1971495627279914e-5	0.037578467413660895	0.015884341056878987	0.07727757377709758	0.06718597110884007	0.02883929878262804	0.7731823763652642
0.9998214247870868	1.6687159697483903e-5	4.5030089394022005e-5	4.207115406732614e-5	2.2615200325459454e-5	4.414583751244108e-5	8.025771916293221e-6	1.6687159697483903e-5	0.6663159855494872	0.09281147853303885	0.08671281947528578	0.046612169946200474	0.09098894774019431	0.016541911596093833	4.5030089394022005e-5	0.09281147853303885	0.25719702971153235	0.2339934466599826	0.12578235107579358	0.24553252470081713	0.0446381392294357	4.207115406732614e-5	0.08671281947528578	0.2339934466599826	0.2906309956281865	0.11751717001394041	0.22939853804951554	0.04170495901901667	2.2615200325459454e-5	0.046612169946200474	0.12578235107579358	0.11751717001394041	0.5643349661177598	0.12331237417578747	0.022418353470189986	4.414583751244108e-5	0.09098894774019431	0.24553252470081713	0.22939853804951554	0.12331237417578747	0.2669618854576069	0.0437615840385606	8.025771916293221e-6	0.016541911596093833	0.0446381392294357	0.04170495901901667	0.022418353470189986	0.0437615840385606	0.8309270268747859
0.9999993735283051	5.076587127427185e-8	2.690279267580473e-7	2.3138862773523655e-8	2.9707777751973956e-9	2.676350366905421e-7	1.293321941100817e-8	5.076587127427185e-8	0.8279816234626068	0.08038434155959566	0.006913788731533243	0.0008876551154255956	0.07996815223571924	0.003864388129246792	2.690279267580473e-7	0.08038434155959566	0.4340115738111131	0.03663883238482282	0.004704026728684337	0.42378207371672905	0.02047888277112181	2.3138862773523655e-8	0.006913788731533243	0.03663883238482282	0.9178322600483856	0.0004045893311883034	0.03644913510570092	0.0017613712595058349	2.9707777751973956e-9	0.0008876551154255956	0.004704026728684337	0.0004045893311883034	0.989097913316815	0.004679671665674257	0.0002261408714346482	2.676350366905421e-7	0.07996815223571924	0.42378207371672905	0.03644913510570092	0.004679671665674257	0.43474784613154316	0.02037285350959033	1.293321941100817e-8	0.003864388129246792	0.02047888277112181	0.0017613712595058349	0.0002261408714346482	0.02037285350959033	0.9532963505258809
0.9999999278766699	1.932604180245784e-8	3.351904790218427e-8	8.370483050859816e-13	2.532115383033334e-10	1.5247653508554056e-8	3.776538289823001e-9	1.932604180245784e-8	0.5800624460162561	0.2666028274701575	6.657690442647792e-6	0.0020139865624088232	0.12127634261953123	0.030037720315155933	3.351904790218427e-8	0.2666028274701575	0.4674537322945236	1.1547084868493082e-5	0.0034930542296121607	0.21034144390336532	0.052097361498414964	8.370483050859816e-13	6.657690442647792e-6	1.1547084868493082e-5	0.9999751542890307	8.722965911808445e-8	5.252713311620544e-6	1.3009918500357583e-6	2.532115383033334e-10	0.0020139865624088232	0.0034930542296121607	8.722965911808445e-8	0.9925103412600367	0.0015889735512518751	0.0003935569138197053	1.5247653508554056e-8	0.12127634261953123	0.21034144390336532	5.252713311620544e-6	0.0015889735512518751	0.6430891330492946	0.0236988389155872	3.776538289823001e-9	0.030037720315155933	0.052097361498414964	1.3009918500357583e-6	0.0003935569138197053	0.0236988389155872	0.8937712175886328
0.9999984790403317	4.438323778847651e-7	4.4657177244831424e-7	8.931538046548576e-14	2.0031162626250053e-7	3.524911576057351e-10	4.298913113437685e-7	4.438323778847651e-7	0.30240682552595427	0.28921857695864567	5.784437985662773e-8	0.12973019583905224	0.00022828803180800157	0.27841561196777376	4.4657177244831424e-7	0.28921857695864567	0.29988628126630196	5.82014033357761e-8	0.1305309084749878	0.00022969705698151093	0.2801340314698988	8.931538046548576e-14	5.784437985662773e-8	5.82014033357761e-8	0.999999801774256	2.6106481583088342e-8	4.593993911355078e-11	5.6027449887599403e-8	2.0031162626250053e-7	0.12973019583905224	0.1305309084749878	2.6106481583088342e-8	0.6139803525288801	0.00010303157044482022	0.12565528516852353	3.524911576057351e-10	0.00022828803180800157	0.00022969705698151093	4.593993911355078e-11	0.00010303157044482022	0.999217865587567	0.0002211173547674572	4.298913113437685e-7	0.27841561196777376	0.2801340314698988	5.6027449887599403e-8	0.12565528516852353	0.0002211173547674572	0.31557346812026704
0.9999376817428762	1.697395197372178e-5	1.718087382482097e-5	5.996807232402433e-11	1.704442274275616e-5	3.970903376534815e-8	1.107923958076633e-5	1.697395197372178e-5	0.2883877189953983	0.26962215308656273	9.410883835893973e-7	0.2674808048110079	0.0006231601075687284	0.17386824795910588	1.718087382482097e-5	0.26962215308656273	0.28299961517738614	9.525607708496969e-7	0.27074154358007485	0.0006307567735183504	0.1759877979478633	5.996807232402433e-11	9.410883835893973e-7	9.525607708496969e-7	0.9999965448264836	9.449955009315185e-7	2.2015916186155224e-9	6.142673011332248e-7	1.704442274275616e-5	0.2674808048110079	0.27074154358007485	9.449955009315185e-7	0.28654381801534434	0.0006257472818508226	0.17459009689347937	3.970903376534815e-8	0.0006231601075687284	0.0006307567735183504	2.2015916186155224e-9	0.0006257472818508226	0.9977135448005043	0.0004067491259324111	1.107923958076633e-5	0.17386824795910588	0.1759877979478633	6.142673011332248e-7	0.17459009689347937	0.0004067491259324111	0.47513541456673775
0.993301652314702	0.0012842669899633282	0.0013077006184193465	0.0010423618038391499	0.0012176868627396004	0.0010846745475693322	0.0007616568627671105	0.0012842669899633282	0.21168111707740092	0.19009795233740076	0.1515261533974436	0.17701282383329264	0.15767707649680512	0.11072060986769838	0.0013077006184193465	0.19009795233740076	0.20076556203199147	0.15429100494921225	0.18024272289484095	0.16055416206821174	0.11274089509992839	0.0010423618038391499	0.1515261533974436	0.15429100494921225	0.33162772083049175	0.14367059793291212	0.12797694183978564	0.08986521924631917	0.0012176868627396004	0.17701282383329264	0.18024272289484095	0.14367059793291212	0.24337299696287862	0.14950263933111696	0.10498053218222383	0.0010846745475693322	0.15767707649680512	0.16055416206821174	0.12797694183978564	0.14950263933111696	0.3096913746048328	0.09351313111168229	0.0007616568627671105	0.11072060986769838	0.11274089509992839	0.08986521924631917	0.10498053218222383	0.09351313111168229	0.48741795562938367
0.9999741445399855	6.071788139927303e-8	1.1569540784069298e-8	2.1859168977717535e-5	3.4914378888302956e-7	3.559838863761852e-6	1.502096210804871e-8	6.071788139927303e-8	0.9972427086746898	1.236681948551218e-6	0.00233655252093471	3.732039406049375e-5	0.00038051540201381546	1.6056084710357876e-6	1.1569540784069298e-8	1.236681948551218e-6	0.9994736085223856	0.00044522040397472956	7.111246492957999e-6	7.250563361418718e-5	3.059420431147998e-7	2.1859168977717535e-5	0.00233655252093471	0.00044522040397472956	0.846192407838444	0.013435791586975663	0.13699013008289346	0.0005780383977766092	3.4914378888302956e-7	3.732039406049375e-5	7.111246492957999e-6	0.013435791586975663	0.9843221313077646	0.002188063649879644	9.23267103728087e-6	3.559838863761852e-6	0.00038051540201381546	7.250563361418718e-5	0.13699013008289346	0.002188063649879644	0.8602710899040834	9.413548864777875e-5	1.502096210804871e-8	1.6056084710357876e-6	3.059420431147998e-7	0.0005780383977766092	9.23267103728087e-6	9.413548864777875e-5	0.9993166668710622
0.9998600726941494	1.6152933868490723e-6	5.913371904973217e-7	6.777599229193328e-5	3.4551316453870836e-6	6.576264262789988e-5	7.269087080274031e-7	1.6152933868490723e-6	0.97657876769762	0.00010012789401246879	0.011476138287681964	0.0005850385545639238	0.011135228794739646	0.00012308347799484137	5.913371904973217e-7	0.00010012789401246879	0.9913623293460064	0.00420125992469669	0.00021417474868964446	0.004076457543029283	4.5059206374940164e-5	6.777599229193328e-5	0.011476138287681964	0.00420125992469669	0.48732042309375007	0.02454759543215613	0.4672223554591353	0.005164451810277961	3.4551316453870836e-6	0.0005850385545639238	0.00021417474868964446	0.02454759543215613	0.9505680731212148	0.023818385997592943	0.00026327701413663806	6.576264262789988e-5	0.011135228794739646	0.004076457543029283	0.4672223554591353	0.023818385997592943	0.4886707726560882	0.0050110369067771325	7.269087080274031e-7	0.00012308347799484137	4.5059206374940164e-5	0.005164451810277961	0.00026327701413663806	0.0050110369067771325	0.9893923646757303
0.9998806269531082	1.593150871798884e-5	3.3908401346077244e-5	3.355603980819536e-6	2.161413997636939e-5	3.352106663339773e-5	1.1042326237057024e-5	1.593150871798884e-5	0.5957053127566424	0.13252361234343643	0.01311464839033663	0.08447416550637593	0.13100979885555186	0.043156530638941336	3.3908401346077244e-5	0.13252361234343643	0.2890426156211508	0.02791303504294587	0.17979363775703613	0.27883943187671256	0.0918537589573773	3.355603980819536e-6	0.01311464839033663	0.02791303504294587	0.904492320363967	0.017792529952266	0.027594185230534318	0.009089925415969837	2.161413997636939e-5	0.08447416550637593	0.17979363775703613	0.017792529952266	0.4816281009830939	0.17773986010142032	0.05855009155983474	3.352106663339773e-5	0.13100979885555186	0.27883943187671256	0.027594185230534318	0.17773986010142032	0.29397868681093686	0.09080451605821582	1.1042326237057024e-5	0.043156530638941336	0.0918537589573773	0.009089925415969837	0.05855009155983474	0.09080451605821582	0.7065341350434255
0.999999600746307	1.438601202265475e-8	1.3525530058026728e-7	1.1032394274172366e-7	2.273182854549357e-9	1.3291491248395862e-7	4.100342301165729e-9	1.438601202265475e-8	0.8981349655653101	0.0357987552264004	0.02920003729893432	0.00060165565597608	0.035179311993971854	0.0010852598733960626	1.3525530058026728e-7	0.0357987552264004	0.343055201070513	0.2745347227294723	0.005656683483005007	0.33075103861018484	0.010203463625133243	1.1032394274172366e-7	0.02920003729893432	0.2745347227294723	0.4135441387306629	0.004613997543976068	0.26978431520871005	0.008322678164309141	2.273182854549357e-9	0.00060165565597608	0.005656683483005007	0.004613997543976068	0.983397372283733	0.005558803143887693	0.00017148561623953686	1.3291491248395862e-7	0.035179311993971854	0.33075103861018484	0.26978431520871005	0.005558803143887693	0.34869948998537437	0.010026908142967805	4.100342301165729e-9	0.0010852598733960626	0.010203463625133243	0.008322678164309141	0.00017148561623953686	0.010026908142967805	0.9701902004776123
1.0	1.6039424589563288e-28	6.853489178919296e-25	2.330638769878291e-17	1.1336979583374443e-32	4.175780634143385e-24	4.834087082477495e-30	1.6039424589563288e-28	0.9999999999931524	2.0136017146256401e-19	6.847575155783553e-12	3.330881676734237e-27	1.2268727396075863e-18	1.4202876496642043e-24	6.853489178919296e-25	2.0136017146256401e-19	0.9999999707409761	2.9259018595053586e-8	1.42325314728639e-23	5.242307164985775e-15	6.068750149715549e-21	2.330638769878291e-17	6.847575155783553e-12	2.9259018595053586e-8	0.9999997924609012	4.840000294477765e-16	1.7827305192087863e-7	2.0637756935748266e-13	1.1336979583374443e-32	3.330881676734237e-27	1.42325314728639e-23	4.840000294477765e-16	0.9999999999999996	8.671776922334459e-23	1.0038871405174497e-28	4.175780634143385e-24	1.2268727396075863e-18	5.242307164985775e-15	1.7827305192087863e-7	8.671776922334459e-23	0.9999998217269428	3.697644905690653e-20	4.834087082477495e-30	1.4202876496642043e-24	6.068750149715549e-21	2.0637756935748266e-13	1.0038871405174497e-28	3.697644905690653e-20	0.9999999999997937
1.0	4.755331842388333e-39	3.184627728179214e-35	7.9054751434716695e-22	1.672290843914079e-44	4.4586759554286367e-35	9.120674837316585e-41	4.755331842388333e-39	1.0	2.411052275570233e-31	5.985162304992234e-18	1.266075971441585e-40	3.375622435628539e-31	6.905178783273727e-37	3.184627728179214e-35	2.411052275570233e-31	0.9999999999999598	4.0082405320757326e-14	8.47886283916891e-37	2.2606415629171602e-27	4.624372083821553e-33	7.9054751434716695e-22	5.985162304992234e-18	4.0082405320757326e-14	0.9999999999999116	2.1047810024024064e-23	5.6117848644615096e-14	1.1479476310318144e-19	1.672290843914079e-44	1.266075971441585e-40	8.47886283916891e-37	2.1047810024024064e-23	1.0	1.1870932836471354e-36	2.428319965375703e-42	4.4586759554286367e-35	3.375622435628539e-31	2.2606415629171602e-27	5.6117848644615096e-14	1.1870932836471354e-36	0.9999999999999438	6.474407176903872e-33	9.120674837316585e-41	6.905178783273727e-37	4.624372083821553e-33	1.1479476310318144e-19	2.428319965375703e-42	6.474407176903872e-33	1.0
0.9999999999938336	7.678232648701451e-21	8.660236705722715e-20	6.1664263387749676e-12	8.771470748577817e-23	3.9522153616864487e-19	2.2092600945286758e-21	7.678232648701451e-21	0.9999999987610586	1.7399909107688446e-17	1.2389413991772236e-9	1.7623397483483137e-20	7.940682270487132e-17	4.4387845443809e-19	8.660236705722715e-20	1.7399909107688446e-17	0.9999999860260467	1.3973952434494985e-8	1.987733385388025e-19	8.956252201993954e-16	5.00648086595075e-18	6.1664263387749676e-12	1.2389413991772236e-9	1.3973952434494985e-8	0.9999999206383039	1.4153437046379394e-11	6.377200918606755e-8	3.5648096611460075e-10	8.771470748577817e-23	1.7623397483483137e-20	1.987733385388025e-19	1.4153437046379394e-11	0.9999999999858467	9.071288334967015e-19	5.070785240775564e-21	3.9522153616864487e-19	7.940682270487132e-17	8.956252201993954e-16	6.377200918606755e-8	9.071288334967015e-19	0.9999999362279898	2.2847747998994893e-17	2.2092600945286758e-21	4.4387845443809e-19	5.00648086595075e-18	3.5648096611460075e-10	5.070785240775564e-21	2.2847747998994893e-17	0.9999999996435189
0.9921227965115617	0.0012249474073802332	7.020492303540473e-6	0.0024549791813366128	0.0024626147859756805	7.379350379970427e-5	0.0016538481176425759	0.0012249474073802332	0.5834369252328114	0.00043832920605675846	0.15327829287676462	0.1537550270393415	0.0046073475383426555	0.10325913069930276	7.020492303540473e-6	0.00043832920605675846	0.9971767516080882	0.0008784777770521229	0.0008812100645765022	2.640590750083555e-5	0.0005918049444221656	0.0024549791813366128	0.15327829287676462	0.0008784777770521229	0.3190593320616855	0.30814824222919734	0.009233818709004138	0.20694685716495953	0.0024626147859756805	0.1537550270393415	0.0008812100645765022	0.30814824222919734	0.31789985356313305	0.00926253821485852	0.20759051410291735	7.379350379970427e-5	0.0046073475383426555	2.640590750083555e-5	0.009233818709004138	0.00926253821485852	0.9705755408539137	0.0062205552725806915	0.0016538481176425759	0.10325913069930276	0.0005918049444221656	0.20694685716495953	0.20759051410291735	0.0062205552725806915	0.4737372896981751
0.9999999986590473	1.1280040062176128e-15	1.4906194226715867e-20	7.612142419114561e-16	1.340950831893095e-9	2.342136303294047e-19	2.1829968878164322e-17	1.1280040062176128e-15	0.9999991630095486	9.304095744808156e-18	4.751320210468062e-13	8.369899613043141e-7	1.461906378100371e-16	1.3625752989626243e-14	1.4906194226715867e-20	9.304095744808156e-18	0.9999999999889395	6.278710137567914e-18	1.1060541328083358e-11	1.9318601966946274e-21	1.800597510550329e-19	7.612142419114561e-16	4.751320210468062e-13	6.278710137567914e-18	0.9999994351711319	5.648283830286756e-7	9.8654255589276e-17	9.195106733043042e-15	1.340950831893095e-9	8.369899613043141e-7	1.1060541328083358e-11	5.648283830286756e-7	0.9999985804577862	1.7378879534629305e-10	1.6198049568880906e-8	2.342136303294047e-19	1.461906378100371e-16	1.9318601966946274e-21	9.8654255589276e-17	1.7378879534629305e-10	0.999999999826211	2.8291894852157414e-18	2.1829968878164322e-17	1.3625752989626243e-14	1.800597510550329e-19	9.195106733043042e-15	1.6198049568880906e-8	2.8291894852157414e-18	0.9999999838019276
0.9999999999567284	2.2788960816247905e-18	1.9812719008237612e-23	3.435488302836261e-14	4.3237302568724926e-11	6.829666149257988e-22	4.043430266568131e-21	2.2788960816247905e-18	0.9999999475568249	2.4012066015264423e-20	4.1636471949193097e-11	5.2401538787812076e-8	8.27722809625549e-19	4.900443722468594e-18	1.9812719008237612e-23	2.4012066015264423e-20	0.9999999999995441	3.6198742271546524e-16	4.555788971570677e-13	7.19622082641329e-24	4.2604450142249966e-23	3.435488302836261e-14	4.1636471949193097e-11	3.6198742271546524e-16	0.9992100346982741	0.0007899652599683098	1.2478111895439775e-14	7.387531718973796e-14	4.3237302568724926e-11	5.2401538787812076e-8	4.555788971570677e-13	0.0007899652599683098	0.9992099821861193	1.5704314844097122e-11	9.297570418319259e-11	6.829666149257988e-22	8.27722809625549e-19	7.19622082641329e-24	1.2478111895439775e-14	1.5704314844097122e-11	0.9999999999842832	1.4686231143907847e-21	4.043430266568131e-21	4.900443722468594e-18	4.2604450142249966e-23	7.387531718973796e-14	9.297570418319259e-11	1.4686231143907847e-21	0.9999999999069504
0.9999998948648108	2.9901343061914844e-12	1.8436410338247735e-15	5.283499029146774e-8	5.229704296118072e-8	8.940600991026944e-14	7.460857092931317e-14	2.9901343061914844e-12	0.9999438046458597	9.854645500339699e-13	2.8241403276652753e-5	2.795385921896627e-5	4.77893753231196e-11	3.98798358414717e-11	1.8436410338247735e-15	9.854645500339699e-13	0.9999999653503839	1.7412933534730702e-8	1.723564115602866e-8	2.9465717691716996e-14	2.458889609984788e-14	5.283499029146774e-8	2.8241403276652753e-5	1.7412933534730702e-8	0.506031831069878	0.4939383081839928	8.444273476291928e-7	7.046675914010102e-7	5.229704296118072e-8	2.795385921896627e-5	1.723564115602866e-8	0.4939383081839928	0.5060321351015165	8.358296847021717e-7	6.974929132673952e-7	8.940600991026944e-14	4.77893753231196e-11	2.9465717691716996e-14	8.444273476291928e-7	8.358296847021717e-7	0.999998319693867	1.1924203508450055e-12	7.460857092931317e-14	3.98798358414717e-11	2.458889609984788e-14	7.046675914010102e-7	6.974929132673952e-7	1.1924203508450055e-12	0.9999985977983239
0.999910841603504	1.24574377953966e-6	7.579673259729839e-8	4.303654075771984e-5	4.2086851010306214e-5	1.8717428535620755e-6	8.417213623373737e-7	1.24574377953966e-6	0.9716310370770054	2.4458143475229488e-5	0.013887061519158294	0.013580614957370422	0.0006039753125557342	0.00027160724665520596	7.579673259729839e-8	2.4458143475229488e-5	0.9982509329243655	0.0008449521529369696	0.0008263065466086922	3.6748612365597006e-5	1.6525823515507023e-5	4.303654075771984e-5	0.013887061519158294	0.0008449521529369696	0.485808662230871	0.4691676560839408	0.020865452898401495	0.009383178573918537	4.2086851010306214e-5	0.013580614957370422	0.0008263065466086922	0.4691676560839408	0.4868022023280631	0.020405013784479467	0.00917611944851234	1.8717428535620755e-6	0.0006039753125557342	3.6748612365597006e-5	0.020865452898401495	0.020405013784479467	0.9576788449650754	0.00040809268426804027	8.417213623373737e-7	0.00027160724665520596	1.6525823515507023e-5	0.009383178573918537	0.00917611944851234	0.00040809268426804027	0.9807436345017678
0.991126940601455	0.0013151366431689731	0.0005138290563059737	0.0018341160616622098	0.0018141653249535159	0.001636382438261473	0.0017594298741928206	0.0013151366431689731	0.3941788345501678	0.0410976365287749	0.14669827314883446	0.1451025515451754	0.13088292661615014	0.14072464096772808	0.0005138290563059737	0.0410976365287749	0.7382626607859704	0.05731559199213706	0.05669213728878435	0.05113647393147708	0.054981670416550235	0.0018341160616622098	0.14669827314883446	0.05731559199213706	0.21299969023771592	0.2023629421015084	0.1825319666598282	0.1962574197983135	0.0018141653249535159	0.1451025515451754	0.05669213728878435	0.2023629421015084	0.21935912759071177	0.18054646133447272	0.19412261481439372	0.001636382438261473	0.13088292661615014	0.05113647393147708	0.1825319666598282	0.18054646133447272	0.2781666217155241	0.17509916730428612	0.0017594298741928206	0.14072464096772808	0.054981670416550235	0.1962574197983135	0.19412261481439372	0.17509916730428612	0.23705505682453532
0.9790610630647851	0.0029818200349030505	0.00013993018287734513	0.004750529212600979	0.004841041079970294	0.004268136121766798	0.003957480303096249	0.0029818200349030505	0.47490079292544457	0.004068580822717258	0.13812539692803955	0.14075710111247497	0.12409943599508196	0.1150668721813377	0.00013993018287734513	0.004068580822717258	0.9714806106232083	0.006481917696543638	0.006605417721191872	0.00582371054272288	0.005399832410738426	0.004750529212600979	0.13812539692803955	0.006481917696543638	0.24536174579206074	0.22424918770712562	0.19771079041029727	0.18332043225333028	0.004841041079970294	0.14075710111247497	0.006605417721191872	0.22424918770712562	0.23525623908053117	0.20147777552674104	0.18681323777196304	0.004268136121766798	0.12409943599508196	0.00582371054272288	0.19771079041029727	0.20147777552674104	0.3019150156717954	0.16470513573159307	0.003957480303096249	0.1150668721813377	0.005399832410738426	0.18332043225333028	0.18681323777196304	0.16470513573159307	0.34073700934793977
0.7342967587095024	0.027652674601019046	0.0002306269704353885	0.05770197487622937	0.06186420157296508	0.05609614295038151	0.06215762031946643	0.027652674601019046	0.6022293617465025	0.00035857585154263353	0.08971428943403723	0.09618566604397112	0.0872175625804598	0.09664186974246601	0.0002306269704353885	0.00035857585154263353	0.9963269548868525	0.0007482290619430032	0.0008022012003935996	0.0007274060291422621	0.0008060059996907142	0.05770197487622937	0.08971428943403723	0.0007482290619430032	0.2674741215781697	0.20070763373167816	0.1819941715366004	0.20165957978133892	0.06186420157296508	0.09618566604397112	0.0008022012003935996	0.20070763373167816	0.22911238264967487	0.19512198910341289	0.21620592569790076	0.05609614295038151	0.0872175625804598	0.0007274060291422621	0.1819941715366004	0.19512198910341289	0.2827952850739447	0.1960474427260552	0.06215762031946643	0.09664186974246601	0.0008060059996907142	0.20165957978133892	0.21620592569790076	0.1960474427260552	0.2264815557330785
0.8431527788967484	0.011128135444319311	6.96210471623986e-5	0.03528121513584269	0.037339809353028705	0.035461057082166084	0.03756738304073272	0.011128135444319311	0.7265729886913175	0.0001253200452406048	0.06350728202426807	0.06721281549359417	0.06383100310816436	0.06762245519309644	6.96210471623986e-5	0.0001253200452406048	0.998164820290288	0.000397321141451812	0.0004205041015910592	0.0003993464403855082	0.0004230669338805599	0.03528121513584269	0.06350728202426807	0.000397321141451812	0.27095237052048915	0.21309498030289725	0.2023731077199827	0.21439372315507013	0.037339809353028705	0.06721281549359417	0.0004205041015910592	0.21309498030289725	0.24084747940924914	0.21418120751649697	0.2269032038231448	0.035461057082166084	0.06383100310816436	0.0003993464403855082	0.2023731077199827	0.21418120751649697	0.2682677075714529	0.21548657056135342	0.03756738304073272	0.06762245519309644	0.0004230669338805599	0.21439372315507013	0.2269032038231448	0.21548657056135342	0.23760359729272384
0.9025095538410164	0.01006091805329564	0.00011798720526542061	0.020176072561344526	0.022678457716824803	0.021621984313251054	0.022835026309002242	0.01006091805329564	0.6073152131810089	0.000516355537101092	0.08829793671752428	0.09924929731704948	0.09462577995761914	0.09993449923640231	0.00011798720526542061	0.000516355537101092	0.9948845753764434	0.001035494646593512	0.001163924321116958	0.0011097030374482525	0.0011719598760313984	0.020176072561344526	0.08829793671752428	0.001035494646593512	0.30128747270198786	0.19903362831539054	0.18976166911262715	0.2004077259445335	0.022678457716824803	0.09924929731704948	0.001163924321116958	0.19903362831539054	0.23931361453315542	0.21329730928356805	0.2252637685128965	0.021621984313251054	0.09462577995761914	0.0011097030374482525	0.18976166911262715	0.21329730928356805	0.26481367311806553	0.21476988117742252	0.022835026309002242	0.09993449923640231	0.0011719598760313984	0.2004077259445335	0.2252637685128965	0.21476988117742252	0.2356171389437134
0.9590899525751286	0.005703839128697858	0.00012915852214108282	0.009074482180859041	0.009085614254929077	0.008419691982954992	0.00849726135528933	0.005703839128697858	0.46477689825061114	0.0019426098042133603	0.13648482314965282	0.13665225520037	0.1266364458450428	0.12780312862141247	0.00012915852214108282	0.0019426098042133603	0.9859817129769533	0.0030905812129243173	0.0030943725674386613	0.002867573195087461	0.0028939917212421006	0.009074482180859041	0.13648482314965282	0.0030905812129243173	0.22914535639474265	0.21740593077930181	0.20147135032023705	0.2033274759622831	0.009085614254929077	0.13665225520037	0.0030943725674386613	0.21740593077930181	0.2284664160494588	0.2017185042569637	0.20357690689153876	0.008419691982954992	0.1266364458450428	0.002867573195087461	0.20147135032023705	0.2017185042569637	0.27023052157141414	0.18865591282830046	0.00849726135528933	0.12780312862141247	0.0028939917212421006	0.2033274759622831	0.20357690689153876	0.18865591282830046	0.26524532261993444
0.9959594649529716	0.00043376063140925674	1.368322055431211e-5	0.001054499351782296	0.0010768882739766543	0.0003958920979611014	0.0010658114713446272	0.00043376063140925674	0.6435574170447503	0.0013506104551598284	0.10408498816659101	0.10629490010036675	0.03907676591918407	0.1052015576825364	1.368322055431211e-5	0.0013506104551598284	0.9874478156237618	0.0032834188867008297	0.0033531317887159724	0.0012326983315296134	0.003318641693577665	0.001054499351782296	0.10408498816659101	0.0032834188867008297	0.28241784115333873	0.25840958154601357	0.09499807347119413	0.2557515974243739	0.0010768882739766543	0.10629490010036675	0.0033531317887159724	0.25840958154601357	0.2726687795824698	0.09701505382491897	0.2611816648835327	0.0003958920979611014	0.03907676591918407	0.0012326983315296134	0.09499807347119413	0.09701505382491897	0.6712643530538694	0.09601716330134048	0.0010658114713446272	0.1052015576825364	0.003318641693577665	0.2557515974243739	0.2611816648835327	0.09601716330134048	0.2774635635432887
0.9999630602642308	5.722054321014791e-7	3.1952921968242316e-8	1.7730472241638384e-5	1.793633516041128e-5	1.5722692726856528e-7	5.115430859750797e-7	5.722054321014791e-7	0.9688070928064517	2.7405937016882223e-5	0.015207379344426506	0.015383947427671255	0.00013485312142541594	0.0004387491575758943	3.1952921968242316e-8	2.7405937016882223e-5	0.9982322596063634	0.0008492058590729062	0.0008590657203560844	7.530427053541219e-6	2.4500497215077666e-5	1.7730472241638384e-5	0.015207379344426506	0.0008492058590729062	0.4894618497541824	0.4766900793503395	0.00417858585744357	0.013595169362289439	1.793633516041128e-5	0.015383947427671255	0.0008590657203560844	0.4766900793503395	0.4890688504829611	0.004227102099381918	0.013753018584125741	1.5722692726856528e-7	0.00013485312142541594	7.530427053541219e-6	0.00417858585744357	0.004227102099381918	0.9913312145970041	0.00012055667076417309	5.115430859750797e-7	0.0004387491575758943	2.4500497215077666e-5	0.013595169362289439	0.013753018584125741	0.00012055667076417309	0.9720674941849435
0.9998121965730254	1.5723895135127945e-5	6.092277471569574e-7	5.503899863154279e-5	5.566708539490657e-5	5.012549497519058e-6	5.5751670568275795e-5	1.5723895135127945e-5	0.7446156237405189	0.0009041032777776065	0.08167871424207301	0.08261080458781955	0.00743869998022581	0.08273633027644976	6.092277471569574e-7	0.0009041032777776065	0.9892359706624149	0.003164669990529679	0.003200784152867057	0.0002882149996412194	0.0032056476890225264	5.503899863154279e-5	0.08167871424207301	0.003164669990529679	0.310292192972352	0.28916600636071665	0.026037988330095428	0.2896053891056007	5.566708539490657e-5	0.08261080458781955	0.003200784152867057	0.28916600636071665	0.3057213430399801	0.026335125200703042	0.2929102695725174	5.012549497519058e-6	0.00743869998022581	0.0002882149996412194	0.026037988330095428	0.026335125200703042	0.913519817971917	0.026375140967919868	5.5751670568275795e-5	0.08273633027644976	0.0032056476890225264	0.2896053891056007	0.2929102695725174	0.026375140967919868	0.30511147071792033
0.2745355317619002	0.13934197687937902	0.0005043190188569952	0.2293305654534285	0.24434602894792767	0.05602846134993917	0.05591311658857187	0.13934197687937902	0.5154026563382215	0.00029706904341305485	0.1350871356369431	0.14393199218592717	0.03300355686536465	0.032935613050753515	0.0005043190188569952	0.00029706904341305485	0.9979501078318	0.0004889195146384276	0.000520931615202896	0.00011944944222759133	0.00011920353386107119	0.2293305654534285	0.1350871356369431	0.0004889195146384276	0.28968510146526577	0.2368848633704287	0.054317618620125525	0.0542057959391733	0.24434602894792767	0.14393199218592717	0.000520931615202896	0.2368848633704287	0.2586871775899473	0.05787407529168182	0.05775493099888784	0.05602846134993917	0.03300355686536465	0.00011944944222759133	0.054317618620125525	0.05787407529168182	0.7854136523916974	0.01324318603896442	0.05591311658857187	0.032935613050753515	0.00011920353386107119	0.0542057959391733	0.05775493099888784	0.01324318603896442	0.7858281538497887
0.3240105680183399	0.11171006221329605	2.8625687031899624e-5	0.20924495342587504	0.29797497621781976	0.03268429208068028	0.024346522356974924	0.11171006221329605	0.6704468582614214	1.1051100129915786e-5	0.08078013741336772	0.11503483897950931	0.012617946393967893	0.009399105638314817	2.8625687031899624e-5	1.1051100129915786e-5	0.9999045037875539	2.0699898345537607e-5	2.9477660589830598e-5	3.233346909872373e-6	2.408519439085402e-6	0.20924495342587504	0.08078013741336772	2.0699898345537607e-5	0.4532412866884969	0.2154726176650139	0.023634769806991928	0.017605535101921903	0.29797497621781976	0.11503483897950931	2.9477660589830598e-5	0.2154726176650139	0.31275989234136614	0.03365706009080354	0.025071137044915964	0.03268429208068028	0.012617946393967893	3.233346909872373e-6	0.023634769806991928	0.03365706009080354	0.8946526943159807	0.0027500039646677966	0.024346522356974924	0.009399105638314817	2.408519439085402e-6	0.017605535101921903	0.025071137044915964	0.0027500039646677966	0.9208252873737669
0.2675766448130466	0.12877473124578634	0.00013718339360580618	0.16481364633680962	0.24426095026791256	0.1256881024739714	0.0687487414688685	0.12877473124578634	0.5455349878676774	7.401540602335218e-5	0.08892292741248989	0.13178762337429303	0.06781328040074053	0.037092434292990153	0.00013718339360580618	7.401540602335218e-5	0.9994419230210904	9.472936836128937e-5	0.00014039301992580124	7.224131510055151e-5	3.951447589279493e-5	0.16481364633680962	0.08892292741248989	9.472936836128937e-5	0.4432343266589997	0.16866972689636353	0.08679151495625631	0.04747312837072035	0.24426095026791256	0.13178762337429303	0.00014039301992580124	0.16866972689636353	0.25615529954612265	0.12862877795375938	0.07035722894162393	0.1256881024739714	0.06781328040074053	7.224131510055151e-5	0.08679151495625631	0.12862877795375938	0.5548027250105868	0.03620335788958554	0.0687487414688685	0.037092434292990153	3.951447589279493e-5	0.04747312837072035	0.07035722894162393	0.03620335788958554	0.740085594560319
0.9901015930218856	0.0014324579514588607	1.2671418354054915e-5	0.0017524566758897503	0.0023142725326418447	0.0020789391003619576	0.0023076092994078565	0.0014324579514588607	0.4753673050476175	0.0007831005201077244	0.1083027721136173	0.14302329647279793	0.12847956284584033	0.14261150504855963	1.2671418354054915e-5	0.0007831005201077244	0.9945829642506641	0.0009580384073109247	0.0012651736284036378	0.0011365208236009353	0.0012615309515586937	0.0017524566758897503	0.1083027721136173	0.0009580384073109247	0.38236279897109704	0.17497346463555996	0.15718078662992144	0.17446968256660247	0.0023142725326418447	0.14302329647279793	0.0012651736284036378	0.17497346463555996	0.24045029994247308	0.20757099571205057	0.23040249707607133	0.0020789391003619576	0.12847956284584033	0.0011365208236009353	0.15718078662992144	0.20757099571205057	0.29657983577148844	0.206973359116735	0.0023076092994078565	0.14261150504855963	0.0012615309515586937	0.17446968256660247	0.23040249707607133	0.206973359116735	0.24197381594106349
0.9943862179515511	0.0007916048459405568	1.61671442813529e-5	0.0010843206632245687	0.0013415347872349035	0.0010353885928269413	0.0013447660149404719	0.0007916048459405568	0.4989616430637581	0.0016771597304875777	0.11248609647118499	0.1391691744097133	0.10740994346777921	0.13950437801113505	1.61671442813529e-5	0.0016771597304875777	0.9881242613129346	0.0022973317566481774	0.00284228694876832	0.0021936602109001533	0.002849132895979994	0.0010843206632245687	0.11248609647118499	0.0022973317566481774	0.3552846645020069	0.19063047967708838	0.14712747368229417	0.19108963324755077	0.0013415347872349035	0.1391691744097133	0.00284228694876832	0.19063047967708838	0.2475701826355447	0.18202791000572088	0.2364184315359271	0.0010353885928269413	0.10740994346777921	0.0021936602109001533	0.14712747368229417	0.18202791000572088	0.3777392806586007	0.18246634338187617	0.0013447660149404719	0.13950437801113505	0.002849132895979994	0.19108963324755077	0.2364184315359271	0.18246634338187617	0.24632731491258802
0.9934670460739065	0.0008773862479642782	1.777073509376115e-5	0.0013703287906810494	0.001679041301976627	0.0008973884509025502	0.0016910383994752855	0.0008773862479642782	0.5542417450003038	0.0013978897463188685	0.10779343428798736	0.13207751999538955	0.07059078351925088	0.13302124120278352	1.777073509376115e-5	0.0013978897463188685	0.9896019574071935	0.002183267141493382	0.0026751212765470304	0.0014297581217989656	0.0026942355715543595	0.0013703287906810494	0.10779343428798736	0.002183267141493382	0.3643627282537022	0.20628272744343615	0.11025085387148803	0.20775666021120945	0.001679041301976627	0.13207751999538955	0.0026751212765470304	0.20628272744343615	0.2676362196162899	0.1350885557446517	0.2545608146217057	0.0008973884509025502	0.07059078351925088	0.0014297581217989656	0.11025085387148803	0.1350885557446517	0.5456888688664441	0.13605379142546173	0.0016910383994752855	0.13302124120278352	0.0026942355715543595	0.20775666021120945	0.2545608146217057	0.13605379142546173	0.2642222185678067
0.9757672899879527	0.004000599344459002	0.00011505263857205662	0.004584299310311854	0.005392316115408572	0.0047642785395390925	0.005376164063756651	0.004000599344459002	0.38578596449006813	0.0034700613829396214	0.13826540792097491	0.16263571308678237	0.14369369692698095	0.16214855684779295	0.00011505263857205662	0.0034700613829396214	0.9789656439539075	0.003976354199673325	0.004677216163272816	0.0041324655518230205	0.00466320610981165	0.004584299310311854	0.13826540792097491	0.003976354199673325	0.31634357005080355	0.18636477266049148	0.16465905705626202	0.18580653880148065	0.005392316115408572	0.16263571308678237	0.004677216163272816	0.18636477266049148	0.2286922216277581	0.1936814389311899	0.2185563214150942	0.0047642785395390925	0.14369369692698095	0.0041324655518230205	0.16465905705626202	0.1936814389311899	0.2959677741392845	0.1931012888549183	0.005376164063756651	0.16214855684779295	0.00466320610981165	0.18580653880148065	0.2185563214150942	0.1931012888549183	0.230347923907143
0.9703016102163626	0.0043952715848232845	5.499353512449665e-5	0.003981545972579638	0.0073833185059304475	0.006485715815510488	0.007397544369669019	0.0043952715848232845	0.49796990727088364	0.0010815543681511124	0.07830481217272703	0.14520725687959873	0.12755416168413353	0.1454870360396826	5.499353512449665e-5	0.0010815543681511124	0.9926505892529518	0.0009797479758719195	0.0018168297970740943	0.001595954683454254	0.0018203303873721552	0.003981545972579638	0.07830481217272703	0.0009797479758719195	0.5378550424071579	0.13153894080507617	0.11554752623088545	0.13179238443570188	0.0073833185059304475	0.14520725687959873	0.0018168297970740943	0.13153894080507617	0.25539027243729573	0.2142695813662155	0.24439380020880935	0.006485715815510488	0.12755416168413353	0.001595954683454254	0.11554752623088545	0.2142695813662155	0.31986463334713877	0.21468242687266198	0.007397544369669019	0.1454870360396826	0.0018203303873721552	0.13179238443570188	0.24439380020880935	0.21468242687266198	0.2544264776861029
0.9747588452118497	0.0027850518867890564	7.3243318100613475e-6	0.004312800882527763	0.007002541156123558	0.0041219201436747885	0.007011516387225279	0.0027850518867890564	0.6496798512992924	0.00011335280996386193	0.06674576077746686	0.10837271406025328	0.06379165265155692	0.10851161651468026	7.3243318100613475e-6	0.00011335280996386193	0.9989656479126405	0.00017553285135120823	0.0002850064376536034	0.00016776392316010424	0.0002853717334207239	0.004312800882527763	0.06674576077746686	0.00017553285135120823	0.49412422649316745	0.16782090813390646	0.09878476489381727	0.16803600596776716	0.007002541156123558	0.10837271406025328	0.0002850064376536034	0.16782090813390646	0.2832914496398969	0.1603933037041833	0.2728340768679897	0.0041219201436747885	0.06379165265155692	0.00016776392316010424	0.09878476489381727	0.1603933037041833	0.5121417131847652	0.16059888149884635	0.007011516387225279	0.10851161651468026	0.0002853717334207239	0.16803600596776716	0.2728340768679897	0.16059888149884635	0.28272253103007733
0.296923477617881	0.09919433355205723	0.00010299567427895023	0.22802617502832692	0.2782759317052924	0.01658213216896959	0.08089495425319526	0.09919433355205723	0.6818401744797014	3.7345858027015895e-5	0.08268146423302554	0.10090184379641837	0.006012620996978276	0.02933221708379273	0.00010299567427895023	3.7345858027015895e-5	0.999632340523011	8.584999620550159e-5	0.00010476861999730516	6.243037596926402e-6	3.0456290883352783e-5	0.22802617502832692	0.08268146423302554	8.584999620550159e-5	0.37600505440671067	0.23195136930002408	0.013821706530408229	0.06742838050530041	0.2782759317052924	0.10090184379641837	0.00010476861999730516	0.23195136930002408	0.2896110502400544	0.016867573479354588	0.08228746285886038	0.01658213216896959	0.006012620996978276	6.243037596926402e-6	0.013821706530408229	0.016867573479354588	0.9418063116352604	0.004903412151432024	0.08089495425319526	0.02933221708379273	3.0456290883352783e-5	0.06742838050530041	0.08228746285886038	0.004903412151432024	0.7351231168565363
