0.9999991991667467	5.116325699349914e-9	1.3732353324489771e-8	7.067941830875852e-7	6.122130436502454e-8	2.921840201650933e-10	1.3676902917568082e-8	5.116325699349914e-9	0.9928434574934971	0.00012350635835292473	0.006356781943740253	0.0005506135894607223	2.6278514284330797e-6	0.00012300764719495646	1.3732353324489771e-8	0.00012350635835292473	0.9809996388427867	0.017061770651010277	0.0014778614185373175	7.053222648451289e-6	0.00033015577431084087	7.067941830875852e-7	0.006356781943740253	0.017061770651010277	0.883160393693573	0.07606444644625784	0.0003630242116663721	0.01699287625956494	6.122130436502454e-8	0.0005506135894607223	0.0014778614185373175	0.07606444644625784	0.9204036788834853	3.144453687665109e-5	0.00147189390407746	2.921840201650933e-10	2.6278514284330797e-6	7.053222648451289e-6	0.0003630242116663721	3.144453687665109e-5	0.9995888251430315	7.024742164682463e-6	1.3676902917568082e-8	0.00012300764719495646	0.00033015577431084087	0.01699287625956494	0.00147189390407746	7.024742164682463e-6	0.9810750279957843
0.9990882171158578	0.00014951587306232588	2.3061348567915046e-5	0.0001697620715950519	0.00024020365888588084	0.0002758737435377116	5.336618849333323e-5	0.00014951587306232588	0.5492560505944066	0.013632119904722953	0.10035045905674612	0.14199018196365357	0.16307563017815652	0.03154604242924971	2.3061348567915046e-5	0.013632119904722953	0.9189476921458906	0.015478068434200461	0.021900584950739814	0.025152807347104893	0.004865665868773064	0.0001697620715950519	0.10035045905674612	0.015478068434200461	0.5018086724339595	0.16121731387182006	0.1851579784721069	0.035817745659569265	0.00024020365888588084	0.14199018196365357	0.021900584950739814	0.16121731387182006	0.3619836562960539	0.2619879899145245	0.050680069344318644	0.0002758737435377116	0.16307563017815652	0.025152807347104893	0.1851579784721069	0.2619879899145245	0.30614369418486215	0.05820602615970319	5.336618849333323e-5	0.03154604242924971	0.004865665868773064	0.035817745659569265	0.050680069344318644	0.05820602615970319	0.818831084349892
0.999425843259453	6.124013571727856e-5	7.784746732783644e-7	1.0603576637842387e-6	0.00024201969511448873	0.0002567217749174194	1.2336302460795364e-5	6.124013571727856e-5	0.7880447972835001	0.0003216002011564466	0.00043805052325556284	0.0999821642300365	0.10605582594870099	0.00509632167763526	7.784746732783644e-7	0.0003216002011564466	0.9969881477665254	5.5684272083442904e-6	0.001270957056528553	0.0013481644592663396	6.478361464178122e-5	1.0603576637842387e-6	0.00043805052325556284	5.5684272083442904e-6	0.9958995827833499	0.0017311662170784758	0.0018363301536894415	8.82415377545548e-5	0.00024201969511448873	0.0999821642300365	0.001270957056528553	0.0017311662170784758	0.4575028034610005	0.4191303360220661	0.02014055331818355	0.0002567217749174194	0.10605582594870099	0.0013481644592663396	0.0018363301536894415	0.4191303360220661	0.4500085810279917	0.021364040613376774	1.2336302460795364e-5	0.00509632167763526	6.478361464178122e-5	8.82415377545548e-5	0.02014055331818355	0.021364040613376774	0.9532337229359477
0.9992415830654365	0.0003180162851290784	6.765295447466626e-6	3.881081939851939e-5	0.000309504527321052	5.1067435848213075e-5	3.425257141918304e-5	0.0003180162851290784	0.4226032009016505	0.008864901691697506	0.050855738853347134	0.4055591110753136	0.066916190424618	0.04488284076826391	6.765295447466626e-6	0.008864901691697506	0.9790404778843715	0.001081875723447477	0.008627631150155688	0.0014235365281929822	0.0009548117266877062	3.881081939851939e-5	0.050855738853347134	0.001081875723447477	0.8848850047793911	0.04949457669747755	0.008166475438050809	0.005477517688889941	0.000309504527321052	0.4055591110753136	0.008627631150155688	0.04949457669747755	0.4272024646851059	0.065125167659545	0.04368154420510013	5.1067435848213075e-5	0.066916190424618	0.0014235365281929822	0.008166475438050809	0.065125167659545	0.8511102222019505	0.007207340311797453	3.425257141918304e-5	0.04488284076826391	0.0009548117266877062	0.005477517688889941	0.04368154420510013	0.007207340311797453	0.8977616927278437
0.9999628326283222	1.0096483610034957e-5	2.5898268384257907e-6	1.4337924064751226e-5	9.975475864162523e-6	1.212344032667319e-7	4.6426897132074155e-8	1.0096483610034957e-5	0.4897346849889041	0.048815268124291614	0.2702534382538099	0.18802628876627356	0.0022851295745128985	0.0008750938086110364	2.5898268384257907e-6	0.048815268124291614	0.8328191937162157	0.06932211595638303	0.04823021041627849	0.0005861535688991747	0.00022446839109693342	1.4337924064751226e-5	0.2702534382538099	0.06932211595638303	0.3889078899373144	0.2670144135952777	0.0032450916163444137	0.0012427127168243423	9.975475864162523e-6	0.18802628876627356	0.04823021041627849	0.2670144135952777	0.49359676407545433	0.0022577419820085727	0.0008646056888559866	1.212344032667319e-7	0.0022851295745128985	0.0005861535688991747	0.0032450916163444137	0.0022577419820085727	0.9916152542589718	1.0507764860225761e-5	4.6426897132074155e-8	0.0008750938086110364	0.00022446839109693342	0.0012427127168243423	0.0008646056888559866	1.0507764860225761e-5	0.9967825652028545
0.9999999539901978	6.978924277792647e-10	2.1164462097490159e-10	4.507819770394944e-8	1.0551920340488914e-11	1.1439739935388568e-11	7.58073595438614e-14	6.978924277792647e-10	0.9848292589054342	7.08600810661431e-5	0.015092491975008808	3.532855818807688e-6	3.830103951913608e-6	2.538082762483859e-8	2.1164462097490159e-10	7.08600810661431e-5	0.9953499118507381	0.004576987249713771	1.071382781884862e-6	1.161527001771136e-6	7.69705391385517e-9	4.507819770394944e-8	0.015092491975008808	0.004576987249713771	0.9798532487421142	0.00022819386874065866	0.0002473936903434181	1.6393958725172015e-6	1.0551920340488914e-11	3.532855818807688e-6	1.071382781884862e-6	0.00022819386874065866	0.9997671435883546	5.7910001868034246e-8	3.8375036124863156e-10	1.1439739935388568e-11	3.830103951913608e-6	1.161527001771136e-6	0.0002473936903434181	5.7910001868034246e-8	0.9997475563412228	4.160384262901242e-10	7.58073595438614e-14	2.538082762483859e-8	7.69705391385517e-9	1.6393958725172015e-6	3.8375036124863156e-10	4.160384262901242e-10	0.9999983267263813
0.999998291178415	4.9668712438810534e-8	4.960508171396831e-9	1.5023087545901372e-6	3.18987484463011e-8	1.1980942827855327e-7	1.7543310829607492e-10	4.9668712438810534e-8	0.9680600008121549	9.549353962536483e-5	0.028920581446313515	0.0006140750692279661	0.0023064222437494046	3.3772202161204672e-6	4.960508171396831e-9	9.549353962536483e-5	0.9967241355039765	0.002888353120945556	6.13288375958825e-5	0.00023034674798355466	3.372893649963386e-7	1.5023087545901372e-6	0.028920581446313515	0.002888353120945556	0.8797523540066485	0.018573671576714027	0.0697613881743929	0.00010214936622540878	3.18987484463011e-8	0.0006140750692279661	6.13288375958825e-5	0.018573671576714027	0.9792674695844871	0.0014812540803217475	2.1689529047991025e-6	1.1980942827855327e-7	0.0023064222437494046	0.00023034674798355466	0.0697613881743929	0.0014812540803217475	0.9262123225114222	8.146432701726288e-6	1.7543310829607492e-10	3.3772202161204672e-6	3.372893649963386e-7	0.00010214936622540878	2.1689529047991025e-6	8.146432701726288e-6	0.9998838205631538
0.9991787751342774	4.2222469937806933e-5	2.4317455808271155e-6	0.0002636282226894767	0.0002102367326317749	0.00026970437462192187	3.300132026058673e-5	4.2222469937806933e-5	0.8524113139878537	0.00046058325703102144	0.04993233930760092	0.039819757390149084	0.051083189079602576	0.006250594507824668	2.4317455808271155e-6	0.00046058325703102144	0.9910657742910416	0.002875784993878201	0.002293364628022337	0.002942066617179328	0.00035999446726669553	0.0002636282226894767	0.04993233930760092	0.002875784993878201	0.34032196950027793	0.24862619084468496	0.31895268955612405	0.03902739757474292	0.0002102367326317749	0.039819757390149084	0.002293364628022337	0.24862619084468496	0.42357053062263006	0.254356573178358	0.031123346603522523	0.00026970437462192187	0.051083189079602576	0.002942066617179328	0.31895268955612405	0.254356573178358	0.33246886895707073	0.03992690823704175	3.300132026058673e-5	0.006250594507824668	0.00035999446726669553	0.03902739757474292	0.031123346603522523	0.03992690823704175	0.8832787572893407
0.9994132022883726	1.108885711511985e-5	2.5166007231727807e-6	0.00026363678842289856	3.2655015528743064e-5	0.00026309226510704627	1.3808184730608349e-5	1.108885711511985e-5	0.9591066948896305	0.00017870875909138399	0.018721366037952637	0.002318896775923276	0.01868269836803732	0.0009805463122495473	2.5166007231727807e-6	0.00017870875909138399	0.9905811701393747	0.004248788023939178	0.0005262704030422051	0.004240012449949716	0.00022253362387968182	0.00026363678842289856	0.018721366037952637	0.004248788023939178	0.45414236108232053	0.05513160574997803	0.44417982355522956	0.023312418762156024	3.2655015528743064e-5	0.002318896775923276	0.0005262704030422051	0.05513160574997803	0.8840852754398176	0.05501773528087232	0.0028875613348377637	0.00026309226510704627	0.01868269836803732	0.004240012449949716	0.44417982355522956	0.05501773528087232	0.4543523694863109	0.02326426859449223	1.3808184730608349e-5	0.0009805463122495473	0.00022253362387968182	0.023312418762156024	0.0028875613348377637	0.02326426859449223	0.949318863187654
0.9999999719741899	1.858064409851524e-13	2.2157063384602605e-13	2.7956610998505505e-8	1.1744325569781894e-14	6.876170705039456e-11	1.8367651264372986e-14	1.858064409851524e-13	0.999993387032083	5.2282134076432836e-11	6.596683229972882e-6	2.771208410692679e-12	1.6225113973503236e-8	4.334058125863564e-12	2.2157063384602605e-13	5.2282134076432836e-11	0.9999921141720631	7.8664188216346e-6	3.304613127623929e-12	1.9348138677390624e-8	5.1682815783003246e-12	2.7956610998505505e-8	6.596683229972882e-6	7.8664188216346e-6	0.9975431940434853	4.1695861092195813e-7	0.0024412458328066924	6.521064416672277e-7	1.1744325569781894e-14	2.771208410692679e-12	3.304613127623929e-12	4.1695861092195813e-7	0.9999995820094818	1.0255458309266384e-9	2.7394416145438067e-13	6.876170705039456e-11	1.6225113973503236e-8	1.9348138677390624e-8	0.0024412458328066924	1.0255458309266384e-9	0.9975587158957209	1.6039122950200993e-9	1.8367651264372986e-14	4.334058125863564e-12	5.1682815783003246e-12	6.521064416672277e-7	2.7394416145438067e-13	1.6039122950200993e-9	0.9999993462798514
0.9999999982935175	2.9640230782291387e-16	3.051645752547641e-16	1.7063476707644261e-9	6.772683257240916e-17	1.3415757344413978e-13	4.125000114336716e-17	2.9640230782291387e-16	0.9999998271628641	3.090789332554331e-14	1.7282350594018645e-7	6.859556731568158e-15	1.3587841791149977e-11	4.177911652928097e-15	3.051645752547641e-16	3.090789332554331e-14	0.9999998220534403	1.7793252748823256e-7	7.0623394662486804e-15	1.3989526597419636e-11	4.301419393061723e-15	1.7063476707644261e-9	1.7282350594018645e-7	1.7793252748823256e-7	0.9999213606439922	3.9489532781846e-8	7.822335244736541e-5	2.4051667714721804e-8	6.772683257240916e-17	6.859556731568158e-15	7.0623394662486804e-15	3.9489532781846e-8	0.9999999605073475	3.104771662437293e-12	9.546373815322368e-16	1.3415757344413978e-13	1.3587841791149977e-11	1.3989526597419636e-11	7.822335244736541e-5	3.104771662437293e-12	0.9999217766148453	1.8910058208983293e-12	4.125000114336716e-17	4.177911652928097e-15	4.301419393061723e-15	2.4051667714721804e-8	9.546373815322368e-16	1.8910058208983293e-12	0.9999999759464319
0.9999998596320703	3.670536388790765e-13	1.4411908610130975e-13	1.4034547449063426e-7	4.081143148513719e-12	1.7351713824189098e-11	5.110470990403135e-13	3.670536388790765e-13	0.9999973977257512	2.671823367892573e-12	2.6018643919130424e-6	7.566030237139098e-11	3.216833781187273e-10	9.47430085942802e-12	1.4411908610130975e-13	2.671823367892573e-12	0.9999989782474755	1.0215899765145278e-6	2.97070849514338e-11	1.2630501255901266e-10	3.719967428955122e-12	1.4034547449063426e-7	2.6018643919130424e-6	1.0215899765145278e-6	0.9998406865567616	2.8929235162591464e-5	0.00012299784433603242	3.6225638673521033e-6	4.081143148513719e-12	7.566030237139098e-11	2.97070849514338e-11	2.8929235162591464e-5	0.9999710669733605	3.5766868259614165e-9	1.0534149220667603e-10	1.7351713824189098e-11	3.216833781187273e-10	1.2630501255901266e-10	0.00012299784433603242	3.5766868259614165e-9	0.9998769976657587	4.478782929358803e-10	5.110470990403135e-13	9.47430085942802e-12	3.719967428955122e-12	3.6225638673521033e-6	1.0534149220667603e-10	4.478782929358803e-10	0.9999963768692074
0.999985751460448	3.02723513870055e-8	1.1341387412142134e-8	1.338361094141724e-5	7.805659170236125e-7	1.919999300449053e-8	2.3548961802988758e-8	3.02723513870055e-8	0.9977541976920494	1.7913695343903487e-6	0.002113938271337108	0.00012329020714366552	3.0326344810273825e-6	3.719553102932783e-6	1.1341387412142134e-8	1.7913695343903487e-6	0.9991575009799661	0.0007919765661440994	4.6190069131523805e-5	1.1361615782352475e-6	1.3935122581361183e-6	1.338361094141724e-5	0.002113938271337108	0.0007919765661440994	0.9395880808207001	0.054507433010501344	0.0013407481798397602	0.0016444395405294584	7.805659170236125e-7	0.00012329020714366552	4.6190069131523805e-5	0.054507433010501344	0.9451482024767318	7.819581255576605e-5	9.590785801842355e-5	1.919999300449053e-8	3.0326344810273825e-6	1.1361615782352475e-6	0.0013407481798397602	7.819581255576605e-5	0.9985745089152057	2.3590963464699916e-6	2.3548961802988758e-8	3.719553102932783e-6	1.3935122581361183e-6	0.0016444395405294584	9.590785801842355e-5	2.3590963464699916e-6	0.9982521568907827
0.9997955429918585	4.078938103544305e-5	3.74532982985434e-5	5.569114739585316e-5	4.4115536048876884e-5	1.9571654414930743e-5	6.8359909479699295e-6	4.078938103544305e-5	0.4167606202077163	0.13345773480171874	0.19844485579653884	0.15719735719178696	0.0697398836203512	0.02435875900084884	3.74532982985434e-5	0.13345773480171874	0.45354737065934764	0.18221444384019855	0.14434049650154793	0.06403599658129365	0.022366504317591476	5.569114739585316e-5	0.19844485579653884	0.18221444384019855	0.2761819218360183	0.2146269682788113	0.09521826611430555	0.033257852986726566	4.4115536048876884e-5	0.15719735719178696	0.14434049650154793	0.2146269682788113	0.3820191808077219	0.07542679667594678	0.026345085008132416	1.9571654414930743e-5	0.0697398836203512	0.06403599658129365	0.09521826611430555	0.07542679667594678	0.6838716097096075	0.011687875644078622	6.8359909479699295e-6	0.02435875900084884	0.022366504317591476	0.033257852986726566	0.026345085008132416	0.011687875644078622	0.8819770870516735
0.9988936602551751	0.00019978398544859854	0.00018235241428328882	0.00018258090754562486	0.0002019210568330454	0.0002048918729398406	0.0001348095077745181	0.00019978398544859854	0.20808398394666147	0.15925260509532396	0.1594521535763066	0.1763423558204589	0.17893683863071275	0.11773227894508762	0.00018235241428328882	0.15925260509532396	0.2632851916262413	0.1455396192143249	0.16095611593721476	0.16332422468829383	0.10745989102431804	0.00018258090754562486	0.1594521535763066	0.1455396192143249	0.2625444306765487	0.16115779897041166	0.16352887503561284	0.10759454161924946	0.0002019210568330454	0.1763423558204589	0.16095611593721476	0.16115779897041166	0.201499247680894	0.18085090995430975	0.11899165057987762	0.0002048918729398406	0.17893683863071275	0.16332422468829383	0.16352887503561284	0.18085090995430975	0.19241191360669693	0.12074234621143394	0.0001348095077745181	0.11773227894508762	0.10745989102431804	0.10759454161924946	0.11899165057987762	0.12074234621143394	0.4273444821122588
0.9994887688970353	5.813222903401187e-5	3.501452229258407e-5	0.00014756518381309243	7.028446703717387e-5	0.00017260500667093693	2.7629694116946567e-5	5.813222903401187e-5	0.7030460015430403	0.0229434843579042	0.09669300806951214	0.04605433587230657	0.11310050834220113	0.018104529586002754	3.501452229258407e-5	0.0229434843579042	0.8120130033984767	0.05824066172666579	0.027739699592932404	0.06812331707310915	0.010904819328619723	0.00014756518381309243	0.09669300806951214	0.05824066172666579	0.3949564547469628	0.11690617496209577	0.287098870630031	0.04595726468092208	7.028446703717387e-5	0.04605433587230657	0.027739699592932404	0.11690617496209577	0.650596741204892	0.1367435772300102	0.021889186670727135	0.00017260500667093693	0.11310050834220113	0.06812331707310915	0.287098870630031	0.1367435772300102	0.341005528617674	0.05375559310030675	2.7629694116946567e-5	0.018104529586002754	0.010904819328619723	0.04595726468092208	0.021889186670727135	0.05375559310030675	0.8493609769393052
0.999983643457027	7.066663903460799e-8	6.18488925742978e-8	8.23191827526656e-6	1.033975659789084e-7	7.832362251318813e-6	5.6349348736718125e-8	7.066663903460799e-8	0.9914994904987303	3.2282127012341786e-5	0.0042966627251755565	5.39685226164457e-5	0.004088113828392438	2.9411631433760212e-5	6.18488925742978e-8	3.2282127012341786e-5	0.992556151505601	0.003760527385308765	4.723435843699069e-5	0.003578001111386065	2.5741663362405117e-5	8.23191827526656e-6	0.0042966627251755565	0.003760527385308765	0.5059995169813356	0.006286763792429463	0.4762221522780016	0.003426144919477536	1.033975659789084e-7	5.39685226164457e-5	4.723435843699069e-5	0.006286763792429463	0.9875872750675005	0.0059816205365799706	4.303432487047001e-5	7.832362251318813e-6	0.004088113828392438	0.003578001111386065	0.4762221522780016	0.0059816205365799706	0.5068624311777153	0.0032598487056766418	5.6349348736718125e-8	2.9411631433760212e-5	2.5741663362405117e-5	0.003426144919477536	4.303432487047001e-5	0.0032598487056766418	0.9932157624058303
0.999999595168907	1.8019947434031016e-9	1.6333769133248823e-9	1.9990843437462952e-7	3.4114787172666377e-10	2.0109118263900762e-7	5.495632127629132e-11	1.8019947434031016e-9	0.9911486205964446	3.5872436737078385e-5	0.004390415100648551	7.4923340391732044e-6	0.004416390772242578	1.2069578933090966e-6	1.6333769133248823e-9	3.5872436737078385e-5	0.9919735129337979	0.003979591334306186	6.79125479766514e-6	0.004003136387611761	1.0940193724223944e-6	1.9990843437462952e-7	0.004390415100648551	0.003979591334306186	0.5007222424917386	0.000831179321175084	0.489942475191826	0.000133896651858073	3.4114787172666377e-10	7.4923340391732044e-6	6.79125479766514e-6	0.000831179321175084	0.9983182112993364	0.0008360969521023739	2.2849740160090376e-7	2.0109118263900762e-7	0.004416390772242578	0.004003136387611761	0.489942475191826	0.0008360969521023739	0.5006670107603123	0.00013468884470919798	5.495632127629132e-11	1.2069578933090966e-6	1.0940193724223944e-6	0.000133896651858073	2.2849740160090376e-7	0.00013468884470919798	0.9997288849738092
0.9999999244390948	2.9320553784674457e-9	5.275505431912302e-10	1.4397459868624738e-9	1.8219838188961521e-10	7.047616474179211e-8	3.1900317880382103e-12	2.9320553784674457e-9	0.9602108927777574	0.0002890141269243506	0.000788752726646444	9.981585072459825e-5	0.03860977395381506	1.7476320780634442e-6	5.275505431912302e-10	0.0002890141269243506	0.9926039251669333	0.0001419164632570446	1.7959383255707903e-5	0.006946869889091998	3.1444298728173717e-7	1.4397459868624738e-9	0.000788752726646444	0.0001419164632570446	0.9800606526824022	4.90132183591701e-5	0.018958805318584362	8.581510053944246e-7	1.8219838188961521e-10	9.981585072459825e-5	1.7959383255707903e-5	4.90132183591701e-5	0.9974338853476421	0.0023992174196879753	1.0859813191112976e-7	7.047616474179211e-8	0.03860977395381506	0.006946869889091998	0.018958805318584362	0.0023992174196879753	0.9330432560941316	4.2006848556188434e-5	3.1900317880382103e-12	1.7476320780634442e-6	3.1444298728173717e-7	8.581510053944246e-7	1.0859813191112976e-7	4.2006848556188434e-5	0.999954964324051
0.9999750914794892	6.8910430920743015e-6	3.688990164215035e-6	9.808617734801652e-10	7.035842322017655e-6	7.083921515668292e-6	2.0774255509981175e-7	6.8910430920743015e-6	0.3027458659665099	0.1427579544924221	3.795776464251793e-5	0.27227572135210093	0.2741363084053794	0.008039300975850932	3.688990164215035e-6	0.1427579544924221	0.5604029566946706	2.0319974574370007e-5	0.1457576806010233	0.1467537108460096	0.004303688401134533	9.808617734801652e-10	3.795776464251793e-5	2.0319974574370007e-5	0.9998628014257999	3.875535871023305e-5	3.9020192160323057e-5	1.1443032509524387e-6	7.035842322017655e-6	0.27227572135210093	0.1457576806010233	3.875535871023305e-5	0.293815933868191	0.27989664480528775	0.008208228172362724	7.083921515668292e-6	0.2741363084053794	0.1467537108460096	3.9020192160323057e-5	0.27989664480528775	0.2909029130040578	0.008264318825587381	2.0774255509981175e-7	0.008039300975850932	0.004303688401134533	1.1443032509524387e-6	0.008208228172362724	0.008264318825587381	0.9711831115792583
0.9998911153692545	2.5287096222842232e-5	2.1931597590498154e-5	5.668265540643565e-10	2.3383825237166555e-5	2.5041413616621103e-5	1.324013125194104e-5	2.5287096222842232e-5	0.23833496300812487	0.19981422417531935	5.164238841925905e-6	0.21304516822066855	0.22814711119021455	0.12062808207060066	2.1931597590498154e-5	0.19981422417531935	0.3128903653909557	4.478964573244656e-6	0.18477490878509872	0.1978728830690558	0.10462120801740045	5.668265540643565e-10	5.164238841925905e-6	4.478964573244656e-6	0.9999777626643803	4.775544708589302e-6	5.114064490286167e-6	2.7039561791087174e-6	2.3383825237166555e-5	0.21304516822066855	0.18477490878509872	4.775544708589302e-6	0.27962765510672244	0.21097527883083853	0.11154882968671925	2.5041413616621103e-5	0.22814711119021455	0.1978728830690558	5.114064490286167e-6	0.21097527883083853	0.2435184792696021	0.11945609216217493	1.324013125194104e-5	0.12062808207060066	0.10462120801740045	2.7039561791087174e-6	0.11154882968671925	0.11945609216217493	0.5437298439756699
0.9999448295806046	1.5133866403242873e-5	1.4865539087504423e-5	1.5279738982995702e-8	1.437393960707362e-5	4.2505888409825645e-7	1.0356735674444803e-5	1.5133866403242873e-5	0.2794273192663817	0.2675424225423003	0.00027499698189626645	0.2586948647685262	0.007649993915818732	0.186395268658662	1.4865539087504423e-5	0.2675424225423003	0.2874596614246768	0.0002701212151871993	0.25410813875885385	0.007514357570277366	0.18309043294960556	1.5279738982995702e-8	0.00027499698189626645	0.0002701212151871993	0.9989977625162697	0.0002611883774167221	7.723730812779498e-6	0.00018819189867828033	1.437393960707362e-5	0.2586948647685262	0.25410813875885385	0.0002611883774167221	0.3026198940886882	0.007265859735414134	0.1770356803314826	4.2505888409825645e-7	0.007649993915818732	0.007514357570277366	7.723730812779498e-6	0.007265859735414134	0.9723264302422424	0.005235209746550191	1.0356735674444803e-5	0.186395268658662	0.18309043294960556	0.00018819189867828033	0.1770356803314826	0.005235209746550191	0.44804485967933916
0.9999955879527265	1.7778662414864961e-6	6.718913749107925e-7	1.5599212303714828e-8	1.7809336521988794e-6	1.1685809311317265e-12	1.6575562398449327e-7	1.7778662414864961e-6	0.409470838059259	0.15062376168969469	0.0034970117556482336	0.3992474617635589	2.6197100046012125e-7	0.037158886894599306	6.718913749107925e-7	0.15062376168969469	0.6831271486385033	0.001321591007103637	0.1508836377868752	9.900410479628518e-8	0.014043089982344206	1.5599212303714828e-8	0.0034970117556482336	0.001321591007103637	0.9913522975308665	0.003503045264283639	2.2985650766264604e-9	0.0003260365443206397	1.7809336521988794e-6	0.3992474617635589	0.1508836377868752	0.003503045264283639	0.40914081349244136	2.624229875862581e-7	0.03722299833620328	1.1685809311317265e-12	2.6197100046012125e-7	9.900410479628518e-8	2.2985650766264604e-9	2.624229875862581e-7	0.9999993498778575	2.4424315864619107e-8	1.6575562398449327e-7	0.037158886894599306	0.014043089982344206	0.0003260365443206397	0.03722299833620328	2.4424315864619107e-8	0.9112487980625928
0.9999956869475327	4.765910294004465e-7	2.8344396599850177e-8	1.907682292355888e-6	1.8872007890139116e-6	1.3056368256546746e-14	1.3233946953040972e-8	4.765910294004465e-7	0.7793231295115342	0.0016303928320334062	0.10973144283729565	0.10855333004451163	7.510129609876695e-10	0.000761227432580533	2.8344396599850177e-8	0.0016303928320334062	0.9853422108187219	0.006526080734601385	0.006456014589462154	4.4665148743234753e-11	4.527263611925659e-5	1.907682292355888e-6	0.10973144283729565	0.006526080734601385	0.44617998920488183	0.43451356137083275	3.0061290259874927e-9	0.0030470151639578006	1.8872007890139116e-6	0.10855333004451163	0.006456014589462154	0.43451356137083275	0.4474609024116535	2.9738542379167075e-9	0.0030143014088877223	1.3056368256546746e-14	7.510129609876695e-10	4.4665148743234753e-11	3.0061290259874927e-9	2.9738542379167075e-9	0.9999999932034713	2.0854076291071156e-11	1.3233946953040972e-8	0.000761227432580533	4.527263611925659e-5	0.0030470151639578006	0.0030143014088877223	2.0854076291071156e-11	0.9931321701036537
0.9999192909439469	8.738829909083587e-6	5.842985424912525e-7	3.5573531703620036e-5	3.4887557714992515e-5	3.107425910365298e-11	9.248071086938872e-7	8.738829909083587e-6	0.7823009840419658	0.001767343503768918	0.10760021733829973	0.10552533338020145	9.399114659283178e-8	0.0027972889147056647	5.842985424912525e-7	0.001767343503768918	0.9837949614265995	0.007194401403460153	0.007055669824385119	6.2844672035769625e-9	0.00018703325877650098	3.5573531703620036e-5	0.10760021733829973	0.007194401403460153	0.44421585598308566	0.4295665245336409	3.826138130579923e-7	0.011387044595985512	3.4887557714992515e-5	0.10552533338020145	0.007055669824385119	0.4295665245336409	0.4466497443187554	3.752357678969417e-7	0.011167465149523277	3.107425910365298e-11	9.399114659283178e-8	6.2844672035769625e-9	3.826138130579923e-7	3.752357678969417e-7	0.9999991318968983	9.9468328629428e-9	9.248071086938872e-7	0.0027972889147056647	0.00018703325877650098	0.011387044595985512	0.011167465149523277	9.9468328629428e-9	0.9744602333270671
0.9957415599084275	0.0005698196989583253	0.00016640346145594762	0.0014529561482934288	0.0013403888484432973	2.7621803420286312e-5	0.0007012501310013358	0.0005698196989583253	0.6620366785669567	0.015220716849505942	0.13290008473638398	0.12260369436961346	0.0025265318705175632	0.06414247390806775	0.00016640346145594762	0.015220716849505942	0.8905293183630594	0.0388105819583827	0.03580374488226119	0.0007378187337178053	0.018731415751618134	0.0014529561482934288	0.13290008473638398	0.0388105819583827	0.3442189213421464	0.3126213289281996	0.006442283448323311	0.16355384343828017	0.0013403888484432973	0.12260369436961346	0.03580374488226119	0.3126213289281996	0.37080511011989115	0.005943169656417944	0.15088256319518215	2.7621803420286312e-5	0.0025265318705175632	0.0007378187337178053	0.006442283448323311	0.005943169656417944	0.981213291308348	0.00310928317925539	0.0007012501310013358	0.06414247390806775	0.018731415751618134	0.16355384343828017	0.15088256319518215	0.00310928317925539	0.5988791703965999
0.9697170261251143	0.0038077649065645274	0.0010409060222552093	0.00674431848517968	0.006687798832859021	0.006609176024997684	0.005393009603029516	0.0038077649065645274	0.5105747765486109	0.019092659012301266	0.12370662706793793	0.12266992401676893	0.12122779722626974	0.09892045122154494	0.0010409060222552093	0.019092659012301266	0.8523353280613312	0.033816944130637794	0.03353354678974844	0.03313932117500572	0.027041294808719796	0.00674431848517968	0.12370662706793793	0.033816944130637794	0.22853208764088556	0.217273139603652	0.2147188426315966	0.17520804044010763	0.006687798832859021	0.12266992401676893	0.03353354678974844	0.217273139603652	0.23317642582611442	0.21291942667001357	0.17373973826084083	0.006609176024997684	0.12122779722626974	0.03313932117500572	0.2147188426315966	0.21291942667001357	0.23968820951626119	0.1716972267558526	0.005393009603029516	0.09892045122154494	0.027041294808719796	0.17520804044010763	0.17373973826084083	0.1716972267558526	0.34800023890990267
0.9971787795885089	0.00011687828323199625	5.043025860557642e-6	0.0009685539959124748	0.0006772376235687069	0.0009366382536473708	0.0001168692292699843	0.00011687828323199625	0.8849920219616622	0.00021424759136740712	0.041147986639628174	0.028771720321287015	0.03979208026594058	0.004965064936885073	5.043025860557642e-6	0.00021424759136740712	0.9948326701484761	0.001775439842161523	0.0012414327591120967	0.0017169356383187207	0.0002142309947037691	0.0009685539959124748	0.041147986639628174	0.001775439842161523	0.34678458877916135	0.2384272245952181	0.32975140703209666	0.041144799115841874	0.0006772376235687069	0.028771720321287015	0.0012414327591120967	0.2384272245952181	0.47154231042274114	0.23057058275461936	0.028769491523467566	0.0009366382536473708	0.03979208026594058	0.0017169356383187207	0.32975140703209666	0.23057058275461936	0.35744335827811996	0.0397889977772768	0.0001168692292699843	0.004965064936885073	0.0002142309947037691	0.041144799115841874	0.028769491523467566	0.0397889977772768	0.8850005464225573
0.9995731617671318	2.6885391342984923e-6	7.246029602494232e-8	0.00025470818388621016	0.0001497169797822326	1.721255174214979e-5	2.4395180272693272e-6	2.6885391342984923e-6	0.9895639396422131	1.78240187765445e-6	0.006265394569413054	0.0036827868573535414	0.0004233999338599388	6.000805614815579e-5	7.246029602494232e-8	1.78240187765445e-6	0.9997169976374952	0.00016886209295636457	9.925681291979188e-5	1.1411284348828073e-5	1.6173101060369291e-6	0.00025470818388621016	0.006265394569413054	0.00016886209295636457	0.5986119549915866	0.3489017288644679	0.04011227764372698	0.005685073653959145	0.0001497169797822326	0.0036827868573535414	9.925681291979188e-5	0.3489017288644679	0.6202469156232273	0.023577919520984446	0.0033416753412625053	1.721255174214979e-5	0.0004233999338599388	1.1411284348828073e-5	0.04011227764372698	0.023577919520984446	0.9354735957896619	0.00038418327567527446	2.4395180272693272e-6	6.000805614815579e-5	1.6173101060369291e-6	0.005685073653959145	0.0033416753412625053	0.00038418327567527446	0.9905250028448215
0.9995099129902376	5.37493075974149e-7	9.746727816560696e-8	0.00033640410582581924	0.0001451112518353625	1.1829567203304407e-6	6.753735026653047e-6	5.37493075974149e-7	0.9984120027775757	3.160566474754523e-7	0.001090855883998652	0.0004705515187171241	3.835967743973853e-6	2.1900302241277874e-5	9.746727816560696e-8	3.160566474754523e-7	0.9997117789102643	0.00019781232286869373	8.532830991902223e-5	6.956021423319271e-7	3.9713308801100895e-6	0.00033640410582581924	0.001090855883998652	0.00019781232286869373	0.6877602290921427	0.2945069806008601	0.0024008407858081373	0.013706877208491898	0.0001451112518353625	0.0004705515187171241	8.532830991902223e-5	0.2945069806008601	0.6978438041980783	0.0010356265154100122	0.005912597605178217	1.1829567203304407e-6	3.835967743973853e-6	6.956021423319271e-7	0.0024008407858081373	0.0010356265154100122	0.9965096182773827	4.8199894792381456e-5	6.753735026653047e-6	2.1900302241277874e-5	3.9713308801100895e-6	0.013706877208491898	0.005912597605178217	4.8199894792381456e-5	0.9802996999233895
0.9953059529406851	7.586023360182226e-5	0.0004098499564765385	0.0013810799033384456	0.0008143228366422364	0.0006464736186577708	0.001366460510598026	7.586023360182226e-5	0.946340528136676	0.0047553816515222246	0.01602430823241453	0.009448374495571515	0.007500864001029414	0.015854683249184435	0.0004098499564765385	0.0047553816515222246	0.7310305724224427	0.08657450313287685	0.0510467169941723	0.040524905321204965	0.08565807052130474	0.0013810799033384456	0.01602430823241453	0.08657450313287685	0.2988055349984622	0.17201318155097123	0.1365576144132475	0.2886437777686902	0.0008143228366422364	0.009448374495571515	0.0510467169941723	0.17201318155097123	0.5159669253235237	0.08051813922227603	0.17019233957684365	0.0006464736186577708	0.007500864001029414	0.040524905321204965	0.1365576144132475	0.08051813922227603	0.5991399168121511	0.13511208661143376	0.001366460510598026	0.015854683249184435	0.08565807052130474	0.2886437777686902	0.17019233957684365	0.13511208661143376	0.3031725817619462
0.9999754097414195	3.792019740636603e-6	6.231682843542311e-6	2.7234008492423726e-6	4.887784142558747e-7	6.2611582960157385e-6	5.093218436923054e-6	3.792019740636603e-6	0.4920833142961107	0.15218365794998107	0.06650805467920716	0.01193643657355444	0.15290347670355986	0.12438126777784443	6.231682843542311e-6	0.15218365794998107	0.2632161665342573	0.10929719032322609	0.01961595458254724	0.2512766382201328	0.2044041607070091	2.7234008492423726e-6	0.06650805467920716	0.10929719032322609	0.6164754942424768	0.008572661464016666	0.1098141588884973	0.08932971700172554	4.887784142558747e-7	0.01193643657355444	0.01961595458254724	0.008572661464016666	0.9241334005440496	0.01970873676539179	0.016032321292025736	6.2611582960157385e-6	0.15290347670355986	0.2512766382201328	0.1098141588884973	0.01970873676539179	0.2609197492392406	0.20537097902487866	5.093218436923054e-6	0.12438126777784443	0.2044041607070091	0.08932971700172554	0.016032321292025736	0.20537097902487866	0.3604764609780772
0.9999999980285412	8.481483124374864e-10	8.602968903903478e-10	1.8473657451157502e-16	1.886761678537449e-12	6.24825214756691e-11	1.9864415102035298e-10	8.481483124374864e-10	0.44195326249992967	0.427384831049675	9.177484025369554e-8	0.0009373198139154589	0.031040542146235025	0.098683951867266	8.602968903903478e-10	0.427384831049675	0.4400817073335695	9.308939076872189e-8	0.0009507456530748723	0.0314851559483646	0.10009746606563831	1.8473657451157502e-16	9.177484025369554e-8	9.308939076872189e-8	0.9999997866761049	2.0415916544941723e-10	6.760991377319147e-9	2.1494513353249835e-8	1.886761678537449e-12	0.0009373198139154589	0.0009507456530748723	2.0415916544941723e-10	0.9978233536619042	6.905172661869737e-5	0.00021952893844084042	6.24825214756691e-11	0.031040542146235025	0.0314851559483646	6.760991377319147e-9	6.905172661869737e-5	0.9301352623255404	0.007269981029768086	1.9864415102035298e-10	0.098683951867266	0.10009746606563831	2.1494513353249835e-8	0.00021952893844084042	0.007269981029768086	0.7937290504057316
0.9999999994882209	2.3371480148526947e-10	2.415365407740591e-10	9.968226267653504e-19	8.64829793377147e-13	2.3581865644224066e-11	1.2080952452377534e-11	2.3371480148526947e-10	0.4772793878711281	0.4540538950464656	1.8738829118888612e-9	0.0016257554032060443	0.04433050963596619	0.022710449935624398	2.415365407740591e-10	0.4540538950464656	0.47498131707962327	1.936596199628304e-9	0.0016801646012132151	0.045814119945232615	0.02347050114932024	9.968226267653504e-19	1.8738829118888612e-9	1.936596199628304e-9	0.9999999958966488	6.9340485121305074e-12	1.8907512395596244e-10	9.68628868004277e-11	8.64829793377147e-13	0.0016257554032060443	0.0016801646012132151	6.9340485121305074e-12	0.9964460040471667	0.00016403901355470049	8.403692706029144e-5	2.3581865644224066e-11	0.04433050963596619	0.045814119945232615	1.8907512395596244e-10	0.00016403901355470049	0.9073998426959322	0.002291488496656154	1.2080952452377534e-11	0.022710449935624398	0.02347050114932024	9.68628868004277e-11	8.403692706029144e-5	0.002291488496656154	0.9514435233823945
0.9999998034690699	5.50538387511821e-8	6.79976650501995e-8	1.1446488627578743e-11	1.265851459930605e-9	6.868107137535876e-8	3.5210569075770725e-9	5.50538387511821e-8	0.4271253551885882	0.2753388136355218	4.6349570925461895e-5	0.005125735405160996	0.27810608934508396	0.014257601800881044	6.79976650501995e-8	0.2753388136355218	0.3571710667350554	5.7246918116901556e-5	0.00633085806770563	0.34349220945654463	0.017609737189391062	1.1446488627578743e-11	4.6349570925461895e-5	5.7246918116901556e-5	0.9998345511488834	1.0657144597731307e-6	5.78222747252216e-5	2.964361442767275e-6	1.265851459930605e-9	0.005125735405160996	0.00633085806770563	1.0657144597731307e-6	0.9818200289203017	0.006394485964986536	0.0003278246615340147	6.868107137535876e-8	0.27810608934508396	0.34349220945654463	5.78222747252216e-5	0.006394485964986536	0.3541626015141967	0.01778672276339184	3.5210569075770725e-9	0.014257601800881044	0.017609737189391062	2.964361442767275e-6	0.0003278246615340147	0.01778672276339184	0.9500151457023023
0.999994375002986	1.8631801138729023e-7	1.8567925356917674e-6	1.6719558333239598e-6	4.09372904689617e-9	1.8588750713541578e-6	4.6961833159994614e-8	1.8631801138729023e-7	0.9040432171578193	0.03276006767305992	0.029498926343784454	7.222715410234305e-5	0.032796810609020746	0.000828564744202399	1.8567925356917674e-6	0.03276006767305992	0.33743936644205264	0.2939779457618053	0.000719795362847234	0.3268437263788895	0.008257241588814643	1.6719558333239598e-6	0.029498926343784454	0.2939779457618053	0.3741303845566426	0.0006481424459537723	0.29430766464220626	0.007435264293778719	4.09372904689617e-9	7.222715410234305e-5	0.000719795362847234	0.0006481424459537723	0.9978210232737743	0.0007206026687168657	1.8205000876296586e-5	1.8588750713541578e-6	0.032796810609020746	0.3268437263788895	0.29430766464220626	0.0007206026687168657	0.337062834105656	0.008266502720444125	4.6961833159994614e-8	0.000828564744202399	0.008257241588814643	0.007435264293778719	1.8205000876296586e-5	0.008266502720444125	0.9751941746900507
0.9999967106246227	4.235712988863212e-9	1.143493405352087e-6	1.0923381111144847e-6	1.2186756243011431e-10	1.0230451808859005e-6	2.6141099487133556e-8	4.235712988863212e-9	0.9963219639527008	0.0012802515420572377	0.0012229782390145178	1.3644253127972429e-7	0.0011453980970009354	2.926749098231109e-5	1.143493405352087e-6	0.0012802515420572377	0.3514023366293546	0.33016107438798237	3.683468052205866e-5	0.30921716694853646	0.00790119231814533	1.0923381111144847e-6	0.0012229782390145178	0.33016107438798237	0.3656479084264308	3.518684511571996e-5	0.2953840349999533	0.007547724763395285	1.2186756243011431e-10	1.3644253127972429e-7	3.683468052205866e-5	3.518684511571996e-5	0.9998940450893916	3.2954752708836934e-5	8.420678629164766e-7	1.0230451808859005e-6	0.0011453980970009354	0.30921716694853646	0.2953840349999533	3.2954752708836934e-5	0.3871504905069097	0.007068931649712838	2.6141099487133556e-8	2.926749098231109e-5	0.00790119231814533	0.007547724763395285	8.420678629164766e-7	0.007068931649712838	0.9774520155688018
0.9999892994877135	4.646036246547915e-8	3.661829649752559e-6	3.623595793999273e-6	2.710666485874933e-9	2.8732892554178856e-6	4.926265584800798e-7	4.646036246547915e-8	0.9874574689427552	0.004310889631988933	0.004265878818236595	3.191132621510053e-6	0.0033825803070121384	0.0005799447070230771	3.661829649752559e-6	0.004310889631988933	0.3469023373519885	0.33622039755881755	0.00025151297643062	0.2666021572709316	0.0457090433801949	3.623595793999273e-6	0.004265878818236595	0.33622039755881755	0.3502109127920653	0.0002488868818875335	0.263818513737623	0.04523178661557802	2.710666485874933e-9	3.191132621510053e-6	0.00025151297643062	0.0002488868818875335	0.9992652181805013	0.00019735203488373783	3.383608300852286e-5	2.8732892554178856e-6	0.0033825803070121384	0.2666021572709316	0.263818513737623	0.00019735203488373783	0.43013049031623574	0.03586603304406002	4.926265584800798e-7	0.0005799447070230771	0.0457090433801949	0.04523178661557802	3.383608300852286e-5	0.03586603304406002	0.8725788635435772
0.999827931904844	1.3116341642307487e-5	4.540212357931021e-5	4.5344296738362335e-5	5.834963407821895e-6	4.47121543188185e-5	1.7658215469333313e-5	1.3116341642307487e-5	0.7362363929215187	0.07533627097425903	0.07524031822544928	0.009682022552285974	0.07419139696673574	0.02930048201810912	4.540212357931021e-5	0.07533627097425903	0.2724238413478011	0.2604438279649373	0.03351425240393651	0.25681299446640554	0.10142341071908172	4.5344296738362335e-5	0.07524031822544928	0.2604438279649373	0.2730188088263835	0.03347156666171865	0.25648590218495276	0.10129423183982074	5.834963407821895e-6	0.009682022552285974	0.03351425240393651	0.03347156666171865	0.8772867078496663	0.033004941338195655	0.013034674230789009	4.47121543188185e-5	0.07419139696673574	0.25681299446640554	0.25648590218495276	0.033004941338195655	0.27957795852676104	0.09988209436263092	1.7658215469333313e-5	0.02930048201810912	0.10142341071908172	0.10129423183982074	0.013034674230789009	0.09988209436263092	0.6550474486140991
