0.9999754380297791	2.530100872242017e-8	1.927701733408984e-11	1.8628168688966532e-6	2.266295846444753e-5	4.7669825500547296e-9	6.107619206755443e-9	2.530100872242017e-8	0.9988903251528742	8.717863598495048e-10	8.424427436343028e-5	0.0010249126055513853	2.155826439720602e-7	2.762117719419297e-7	1.927701733408984e-11	8.717863598495048e-10	0.9999991536597703	6.418630794599892e-8	7.808881566699588e-7	1.6425393984769157e-10	2.1044770088103146e-10	1.8628168688966532e-6	8.424427436343028e-5	6.418630794599892e-8	0.9244172098067381	0.07546040996674204	1.5872528650473542e-5	2.0336420330360815e-5	2.266295846444753e-5	0.0010249126055513853	7.808881566699588e-7	0.07546040996674204	0.9230507168988155	0.00019310457379768982	0.00024741210848895466	4.7669825500547296e-9	2.155826439720602e-7	1.6425393984769157e-10	1.5872528650473542e-5	0.00019310457379768982	0.9997907503423985	5.204127279716327e-8	6.107619206755443e-9	2.762117719419297e-7	2.1044770088103146e-10	2.0336420330360815e-5	0.00024741210848895466	5.204127279716327e-8	0.9997319169000689
0.9999752239686308	2.4131009870648124e-7	3.470818717693252e-9	9.978230182899857e-6	1.3749914901915267e-5	7.29928688869946e-7	7.317667808286087e-8	2.4131009870648124e-7	0.9827090676956816	2.4460377308945153e-6	0.007032095162591724	0.009690166321629806	0.0005144126671717594	5.1570805095565535e-5	3.470818717693252e-9	2.4460377308945153e-6	0.999748889683168	0.00010114424404844846	0.0001393758936196986	7.398915848979748e-6	7.417547652239716e-7	9.978230182899857e-6	0.007032095162591724	0.00010114424404844846	0.56876254021426	0.4006906904688494	0.021271086579276267	0.002132465100795206	1.3749914901915267e-5	0.009690166321629806	0.0001393758936196986	0.4006906904688494	0.5572161255759961	0.029311373357326368	0.0029385184676825084	7.29928688869946e-7	0.0005144126671717594	7.398915848979748e-6	0.021271086579276267	0.029311373357326368	0.9487390042093496	0.00015599434233857297	7.317667808286087e-8	5.1570805095565535e-5	7.417547652239716e-7	0.002132465100795206	0.0029385184676825084	0.00015599434233857297	0.9947206363526448
0.9999947066002607	6.9051484270065104e-9	5.021826630536097e-11	2.057902739568887e-6	3.2222547006630875e-6	4.182078516711404e-9	2.1048537148920677e-9	6.9051484270065104e-9	0.9978706350405506	2.0227519010017693e-8	0.0008289068868343908	0.0012978986135533611	1.6845080270948329e-6	8.478183669741809e-7	5.021826630536097e-11	2.0227519010017693e-8	0.9999844939357992	6.028294282943137e-6	9.439075626218979e-6	1.225072474435411e-8	6.1658295953158845e-9	2.057902739568887e-6	0.0008289068868343908	6.028294282943137e-6	0.6116028520219533	0.38680545983166065	0.0005020244996076126	0.0002526705629134974	3.2222547006630875e-6	0.0012978986135533611	9.439075626218979e-6	0.38680545983166065	0.6107022821460982	0.0007860676661752966	0.0003956304121728158	4.182078516711404e-9	1.6845080270948329e-6	1.225072474435411e-8	0.0005020244996076126	0.0007860676661752966	0.9987096934152166	5.134781701040361e-7	2.1048537148920677e-9	8.478183669741809e-7	6.1658295953158845e-9	0.0002526705629134974	0.0003956304121728158	5.134781701040361e-7	0.9993503294576932
0.9999932568582153	1.8403578610169202e-9	3.4054485014702854e-12	2.2578893340833147e-6	4.482399524347329e-6	1.5946187749105955e-10	8.497011735652829e-10	1.8403578610169202e-9	0.9995916004764303	2.0630694137814062e-10	0.00013678616554734004	0.00027155017481652526	9.660428632937094e-9	5.147611250852437e-8	3.4054485014702854e-12	2.0630694137814062e-10	0.9999992440804308	2.5311286046707236e-7	5.024838676712277e-7	1.7875921258824017e-11	9.525280594438605e-11	2.2578893340833147e-6	0.00013678616554734004	2.5311286046707236e-7	0.66662753339206	0.33315816253687563	1.185213986638938e-5	6.315476345934509e-5	4.482399524347329e-6	0.00027155017481652526	5.024838676712277e-7	0.33315816253687563	0.6664163974507625	2.3529065529321218e-5	0.0001253758886306829	1.5946187749105955e-10	9.660428632937094e-9	1.7875921258824017e-11	1.185213986638938e-5	2.3529065529321218e-5	0.9999646044965762	4.460261626515715e-9	8.497011735652829e-10	5.147611250852437e-8	9.525280594438605e-11	6.315476345934509e-5	0.0001253758886306829	4.460261626515715e-9	0.9998114124665819
0.9999363993745687	1.960291161303119e-7	3.0448355365843347e-9	2.933103628790331e-5	3.370143045312942e-5	8.556247482752596e-8	2.835222637615483e-7	1.960291161303119e-7	0.9942312493885138	2.7701934887846554e-7	0.0026685397213671706	0.0030661584864684586	7.78447991044551e-6	2.5794875275227284e-5	3.0448355365843347e-9	2.7701934887846554e-7	0.999910123773493	4.144927414254259e-5	4.762531456904929e-5	1.2091296197752037e-7	4.0066064904134846e-7	2.933103628790331e-5	0.0026685397213671706	4.144927414254259e-5	0.5334595625050914	0.4587767756463532	0.0011647599460885669	0.0038595818706680376	3.370143045312942e-5	0.0030661584864684586	4.762531456904929e-5	0.4587767756463532	0.5323027584252534	0.0013383119482172458	0.004434668748683892	8.556247482752596e-8	7.78447991044551e-6	1.2091296197752037e-7	0.0011647599460885669	0.0013383119482172458	0.9974776782444762	1.1258905870639317e-5	2.835222637615483e-7	2.5794875275227284e-5	4.0066064904134846e-7	0.0038595818706680376	0.004434668748683892	1.1258905870639317e-5	0.9916680114165894
0.999784001723272	7.0715182252580066e-6	5.184796445830028e-6	7.620463641685837e-5	7.4745742370217e-5	2.8914685398418188e-5	2.3876897871558332e-5	7.0715182252580066e-6	0.910801698366398	0.0022133994525886836	0.03253190405680267	0.03190909941674434	0.012343734127519282	0.010193093061720487	5.184796445830028e-6	0.0022133994525886836	0.9340097711166231	0.023852204739759394	0.023395567963700868	0.00905035478859955	0.007473517142281688	7.620463641685837e-5	0.03253190405680267	0.023852204739759394	0.35681532141321476	0.34386128155013984	0.13301949330402144	0.10984359029963055	7.4745742370217e-5	0.03190909941674434	0.023395567963700868	0.34386128155013984	0.3625456961317356	0.13047291141618297	0.10774069777911206	2.8914685398418188e-5	0.012343734127519282	0.00905035478859955	0.13301949330402144	0.13047291141618297	0.6734061190040835	0.04167847267418925	2.3876897871558332e-5	0.010193093061720487	0.007473517142281688	0.10984359029963055	0.10774069777911206	0.04167847267418925	0.7230467521451899
0.9993311162616008	3.320589037938256e-5	5.8095573432003316e-5	0.00016733200739842586	0.0001678243460321828	0.00014478481341777976	9.764110773951109e-5	3.320589037938256e-5	0.8136729870590397	0.01702567673413038	0.0490388595367458	0.049183145889851176	0.04243110591115303	0.02861501897870133	5.8095573432003316e-5	0.01702567673413038	0.6867721104245268	0.08579624375943885	0.08604868085196368	0.07423560702931939	0.05006358562719025	0.00016733200739842586	0.0490388595367458	0.08579624375943885	0.2591350204982877	0.24784501899784517	0.21381995926412112	0.14419756593616692	0.0001678243460321828	0.049183145889851176	0.08604868085196368	0.24784501899784517	0.25768441473825854	0.21444907875088737	0.14462183642516577	0.00014478481341777976	0.04243110591115303	0.07423560702931939	0.21381995926412112	0.21444907875088737	0.3301518360650524	0.12476762816605236	9.764110773951109e-5	0.02861501897870133	0.05006358562719025	0.14419756593616692	0.14462183642516577	0.12476762816605236	0.5076367237589862
0.9987056336484876	0.00010659631156546984	0.0001168043645810115	0.00032305933110082243	0.0002173530157552452	0.0003262018903230539	0.00020435143818688743	0.00010659631156546984	0.702310644733855	0.029264052721437863	0.08093897288341421	0.054455414701678334	0.08172630663664773	0.05119801201140131	0.0001168043645810115	0.029264052721437863	0.6766052551303297	0.08868998522224103	0.05967026455993656	0.08955271693789837	0.05610092106357552	0.00032305933110082243	0.08093897288341421	0.08868998522224103	0.2621599343859496	0.16503694724500062	0.24768629953166943	0.15516480140062414	0.0002173530157552452	0.054455414701678334	0.05967026455993656	0.16503694724500062	0.44958342360982934	0.1666423439342294	0.10439425293357049	0.0003262018903230539	0.08172630663664773	0.08955271693789837	0.24768629953166943	0.1666423439342294	0.25739196426521355	0.15667416680401836	0.00020435143818688743	0.05119801201140131	0.05610092106357552	0.15516480140062414	0.10439425293357049	0.15667416680401836	0.47626349434862336
0.9999999892470057	1.5006467191752804e-11	3.948533162872134e-11	2.7299165115292075e-15	5.611386910404358e-13	1.0692852338045078e-8	5.08620696906512e-12	1.5006467191752804e-11	0.998605554949884	5.127601740250002e-6	3.545094868868315e-10	7.286999019675508e-8	0.0013885837093214196	6.60499548315293e-7	3.948533162872134e-11	5.127601740250002e-6	0.996339271150763	9.327928070203827e-10	1.9173704856275832e-7	0.0036536706178872517	1.7379202828086653e-6	2.7299165115292075e-15	3.545094868868315e-10	9.327928070203827e-10	0.9999997459736868	1.3256217262276081e-11	2.5260559645912563e-7	1.2015543697016494e-10	5.611386910404358e-13	7.286999019675508e-8	1.9173704856275832e-7	1.3256217262276081e-11	0.9999477871979404	5.192348306181735e-5	2.4698141623774917e-8	1.0692852338045078e-8	0.0013885837093214196	0.0036536706178872517	2.5260559645912563e-7	5.192348306181735e-5	0.9944349201960421	0.0004706386952528272	5.08620696906512e-12	6.60499548315293e-7	1.7379202828086653e-6	1.2015543697016494e-10	2.4698141623774917e-8	0.0004706386952528272	0.9995269380615329
0.9999999999999833	4.98150938724573e-19	3.2411611673001073e-18	6.347007292310813e-29	3.566491913944237e-23	1.658653699781318e-14	1.5253598817285402e-21	4.98150938724573e-19	0.9999701176141667	5.838150366297567e-9	1.1432564144708793e-19	6.424153258363078e-14	2.9876544871125503e-5	2.7475586348787475e-12	3.2411611673001073e-18	5.838150366297567e-9	0.9998056058778271	7.4384649446551065e-19	4.179800629725032e-13	0.00019438826572789204	1.7876670824006634e-11	6.347007292310813e-29	1.1432564144708793e-19	7.4384649446551065e-19	0.9999999999999962	8.185099014798141e-24	3.806610274620582e-15	3.5007009594874664e-22	3.566491913944237e-23	6.424153258363078e-14	4.179800629725032e-13	8.185099014798141e-24	0.9999999978605181	2.138999395891435e-9	1.9671037215089247e-16	1.658653699781318e-14	2.9876544871125503e-5	0.00019438826572789204	3.806610274620582e-15	2.138999395891435e-9	0.9997756415670657	9.148328229142288e-8	1.5253598817285402e-21	2.7475586348787475e-12	1.7876670824006634e-11	3.5007009594874664e-22	1.9671037215089247e-16	9.148328229142288e-8	0.9999999084960932
0.9999999999998905	3.381804648685744e-16	2.1484376793198392e-16	7.409755754534959e-27	1.826734161063907e-20	1.0893076356633966e-13	2.264911542691064e-20	3.381804648685744e-16	0.9969205196129786	6.061690779465671e-6	2.0906190841698892e-16	5.154023189614514e-10	0.0030734175418077655	6.390314946897706e-10	2.1484376793198392e-16	6.061690779465671e-6	0.9980414161450858	1.3281562006490415e-16	3.274316162809502e-10	0.0019525214307303273	4.0597239760644674e-10	7.409755754534959e-27	2.0906190841698892e-16	1.3281562006490415e-16	0.9999999999999323	1.1292802794831568e-20	6.734059380203717e-14	1.4001599107585268e-20	1.826734161063907e-20	5.154023189614514e-10	3.274316162809502e-10	1.1292802794831568e-20	0.9999998331417227	1.6601540887393277e-7	3.451827596840022e-14	1.0893076356633966e-13	0.0030734175418077655	0.0019525214307303273	6.734059380203717e-14	1.6601540887393277e-7	0.9949736891745112	2.0583740307574634e-7	2.264911542691064e-20	6.390314946897706e-10	4.0597239760644674e-10	1.4001599107585268e-20	3.451827596840022e-14	2.0583740307574634e-7	0.9999997931175586
0.9999901890827627	2.572075014623081e-6	1.7011077191353923e-6	1.9258574313269544e-8	2.7313972352336024e-6	2.71978821703307e-6	6.729047693399571e-8	2.572075014623081e-6	0.31150915496005455	0.16179282261607356	0.0018316882950181323	0.25978394160646995	0.2586798046953635	0.0064000157520103795	1.7011077191353923e-6	0.16179282261607356	0.48986194386440884	0.0012114339900626508	0.17181476662294948	0.17108451738379937	0.004232814414990298	1.9258574313269544e-8	0.0018316882950181323	0.0012114339900626508	0.9930269078489994	0.0019451486898236674	0.001936881394883328	4.792052263850853e-5	2.7313972352336024e-6	0.25978394160646995	0.17181476662294948	0.0019451486898236674	0.2849537335754687	0.27470322573745964	0.006796452370598671	2.71978821703307e-6	0.2586798046953635	0.17108451738379937	0.001936881394883328	0.27470322573745964	0.2868252849953327	0.00676756600494978	6.729047693399571e-8	0.0064000157520103795	0.004232814414990298	4.792052263850853e-5	0.006796452370598671	0.00676756600494978	0.9757551636443355
0.9998828027616377	5.35049563912904e-7	3.659115829580263e-8	6.993065070617237e-5	4.629966257861209e-5	1.4716419001197348e-7	2.4812016515982897e-7	5.35049563912904e-7	0.9924222376004013	2.3766014358592404e-6	0.004542006665526211	0.003007170302579627	9.558337084115704e-6	1.6115443408964833e-5	3.659115829580263e-8	2.3766014358592404e-6	0.9994795552426625	0.0003106203538667196	0.00020565542332081892	6.536789278580762e-7	1.1021086279783805e-6	6.993065070617237e-5	0.004542006665526211	0.0003106203538667196	0.5986865759051158	0.39303531901934674	0.0012492688099264681	0.0021062785955113044	4.629966257861209e-5	0.003007170302579627	0.00020565542332081892	0.39303531901934674	0.6014839158523821	0.0008271154892095764	0.0013945242505818535	1.4716419001197348e-7	9.558337084115704e-6	6.536789278580762e-7	0.0012492688099264681	0.0008271154892095764	0.9979088240038712	4.432516790818582e-6	2.4812016515982897e-7	1.6115443408964833e-5	1.1021086279783805e-6	0.0021062785955113044	0.0013945242505818535	4.432516790818582e-6	0.9964772989649139
0.999968788759504	3.0470354567335708e-9	2.340931789977811e-9	2.895483564588445e-5	2.152589254534063e-6	1.4646229299730394e-9	9.696300533957781e-8	3.0470354567335708e-9	0.9998953025332282	7.853145863896274e-9	9.71350591101286e-5	7.221311391167007e-6	4.913384300186908e-9	3.252827047731602e-7	2.340931789977811e-9	7.853145863896274e-9	0.9999195627432266	7.462550108820616e-5	5.547883390577118e-6	3.774782954779093e-9	2.499034340577545e-7	2.895483564588445e-5	9.71350591101286e-5	7.462550108820616e-5	0.9280401399949796	0.06862141496152488	4.6690049031950106e-5	0.00309103959861769	2.152589254534063e-6	7.221311391167007e-6	5.547883390577118e-6	0.06862141496152488	0.931130395029201	3.471078167011794e-6	0.00022979714707064704	1.4646229299730394e-9	4.913384300186908e-9	3.774782954779093e-9	4.6690049031950106e-5	3.471078167011794e-6	0.9999496723659037	1.5635410709829438e-7	9.696300533957781e-8	3.252827047731602e-7	2.499034340577545e-7	0.00309103959861769	0.00022979714707064704	1.5635410709829438e-7	0.9966783347510603
0.9971093601635425	0.0006411282283357276	0.00042473694288222346	0.0006415679345608938	0.0006237744108300149	3.32352606596684e-5	0.0005261970591889135	0.0006411282283357276	0.2310776178291862	0.14506145684916652	0.21911628082919257	0.21303921473419724	0.011350920636517745	0.17971338089339906	0.00042473694288222346	0.14506145684916652	0.44164090549630175	0.1451609446314684	0.14113498794947701	0.0075197988748183535	0.11905716925588264	0.0006415679345608938	0.21911628082919257	0.1451609446314684	0.2307005432367575	0.21318532383497155	0.011358705460589836	0.17983663407245437	0.0006237744108300149	0.21303921473419724	0.14113498794947701	0.21318532383497155	0.246124054120463	0.011043678190245659	0.17484896675981082	3.32352606596684e-5	0.011350920636517745	0.0075197988748183535	0.011358705460589836	0.011043678190245659	0.9493775516415214	0.009316109935647248	0.0005261970591889135	0.17971338089339906	0.11905716925588264	0.17983663407245437	0.17484896675981082	0.009316109935647248	0.3367015420236131
0.999539026954543	9.789996778754173e-5	8.506424817629272e-5	8.28471141979088e-5	9.931201256501123e-5	3.909731373078527e-6	9.193997135709106e-5	9.789996778754173e-5	0.229395199632073	0.18052175781776753	0.1758165975221533	0.21075809714441873	0.008297158855747257	0.19511328906005523	8.506424817629272e-5	0.18052175781776753	0.3067613178514747	0.1527651849446166	0.1831254849803686	0.007209313710859312	0.16953187644673923	8.28471141979088e-5	0.1758165975221533	0.1527651849446166	0.32084834243298094	0.1783524605457488	0.007021408512942922	0.16511315892736186	9.931201256501123e-5	0.21075809714441873	0.1831254849803686	0.1783524605457488	0.2213203388191886	0.008416831620660911	0.1979274748770521	3.909731373078527e-6	0.008297158855747257	0.007209313710859312	0.007021408512942922	0.008416831620660911	0.9612593367252764	0.0077920408431402235	9.193997135709106e-5	0.19511328906005523	0.16953187644673923	0.16511315892736186	0.1979274748770521	0.0077920408431402235	0.26443021987429677
0.9966665856387337	0.0006645829315893639	0.0005131670997172413	0.0006736404983935483	0.0006304558491958873	0.0003245805663612293	0.0005269874160090745	0.0006645829315893639	0.21596019684563925	0.15062861793437723	0.19773196160384338	0.1850560826782287	0.09527329820303898	0.15468525980327694	0.0005131670997172413	0.15062861793437723	0.36027398669549854	0.1526815276687572	0.14289366867414216	0.07356662320897295	0.1194424087185299	0.0006736404983935483	0.19773196160384338	0.1526815276687572	0.20796943724252873	0.1875782025698277	0.09657177311431192	0.15679345730233113	0.0006304558491958873	0.1850560826782287	0.14289366867414216	0.1875782025698277	0.2467186858308342	0.09038090698574186	0.14674199741202348	0.0003245805663612293	0.09527329820303898	0.07356662320897295	0.09657177311431192	0.09038090698574186	0.5683349414291533	0.07554787649241677	0.0005269874160090745	0.15468525980327694	0.1194424087185299	0.15679345730233113	0.14674199741202348	0.07554787649241677	0.3462620128554076
0.9310340532739714	0.010700759190032686	0.0008933630050736046	0.015431071022722509	0.015561176687716654	0.014836672644326948	0.01154290417615609	0.010700759190032686	0.42227044607913267	0.00869408594473417	0.15017306171055636	0.15143923215519287	0.14438845841062914	0.11233395650972103	0.0008933630050736046	0.00869408594473417	0.9437994496412144	0.01253734013711944	0.012643047574626257	0.01205440705775483	0.009378306639477366	0.015431071022722509	0.15017306171055636	0.01253734013711944	0.2332674512140918	0.21838352826311996	0.20821593281635453	0.16199161483603408	0.015561176687716654	0.15143923215519287	0.012643047574626257	0.21838352826311996	0.22864409656431087	0.2099714864238492	0.1633574323311828	0.014836672644326948	0.14438845841062914	0.01205440705775483	0.20821593281635453	0.2099714864238492	0.25478127681637397	0.15575176583071015	0.01154290417615609	0.11233395650972103	0.009378306639477366	0.16199161483603408	0.1633574323311828	0.15575176583071015	0.38564401967671735
0.9305853087249907	0.004811193836605674	3.4621643777208984e-5	0.018371065385309034	0.021185070523730372	0.014611502455039775	0.010401237430546372	0.004811193836605674	0.7894154054821275	0.00011027597049222173	0.05851504559915299	0.06747814248751594	0.04654018231912171	0.03312975430498146	3.4621643777208984e-5	0.00011027597049222173	0.9983751380185357	0.000421077830813462	0.00048557682173926565	0.0003349059855621556	0.00023840372908000393	0.018371065385309034	0.05851504559915299	0.000421077830813462	0.36082249905666397	0.2576585791005943	0.17770905963580777	0.1265026733916481	0.021185070523730372	0.06747814248751594	0.00048557682173926565	0.2576585791005943	0.30238298104542355	0.2049298112074116	0.14587983881357314	0.014611502455039775	0.04654018231912171	0.0003349059855621556	0.17770905963580777	0.2049298112074116	0.45526011652964377	0.10061442186740484	0.010401237430546372	0.03312975430498146	0.00023840372908000393	0.1265026733916481	0.14587983881357314	0.10061442186740484	0.5832336704627602
0.9979704475170295	0.0001362188700750874	2.6807872815015125e-7	0.0001111531724633938	0.00168892648645751	6.452223882839606e-6	8.653365136368546e-5	0.0001362188700750874	0.9251266732763569	1.058209112358378e-5	0.004387640182417781	0.06666837799497921	0.0002546939160339856	0.0034158136690131593	2.6807872815015125e-7	1.058209112358378e-5	0.999842088031923	8.63487561623941e-6	0.00013120336390160802	5.01237611502251e-7	6.7223210960580415e-6	0.0001111531724633938	0.004387640182417781	8.63487561623941e-6	0.9380967772261332	0.05440069876549294	0.00020782757013545553	0.002787268207740593	0.00168892648645751	0.06666837799497921	0.00013120336390160802	0.05440069876549294	0.8316015517127934	0.0031578539778833008	0.04235138769848756	6.452223882839606e-6	0.0002546939160339856	5.01237611502251e-7	0.00020782757013545553	0.0031578539778833008	0.9962108756159941	0.0001617954584587868	8.653365136368546e-5	0.0034158136690131593	6.7223210960580415e-6	0.002787268207740593	0.04235138769848756	0.0001617954584587868	0.9511904789938399
0.9894994697331271	0.004418374016910688	1.0562619068855344e-5	0.0005518280774345116	0.0044476902581824865	9.712558311721925e-6	0.0010623627369645684	0.004418374016910688	0.4271539622199224	0.0009871638665262846	0.05157288500389438	0.4156733366750597	0.0009077186779491088	0.09928655953972962	1.0562619068855344e-5	0.0009871638665262846	0.9976457433017724	0.00012329077087930692	0.0009937137724362693	2.170003394951439e-6	0.0002373556659217943	0.0005518280774345116	0.05157288500389438	0.00012329077087930692	0.8833232644362035	0.051915074943919864	0.000113368549377421	0.012400288218289975	0.0044476902581824865	0.4156733366750597	0.0009937137724362693	0.051915074943919864	0.42611110962091225	0.000913741459105214	0.0999453332703765	9.712558311721925e-6	0.0009077186779491088	2.170003394951439e-6	0.000113368549377421	0.000913741459105214	0.9978350350468992	0.0002182537049622903	0.0010623627369645684	0.09928655953972962	0.0002373556659217943	0.012400288218289975	0.0999453332703765	0.0002182537049622903	0.7868498468637534
0.9648468884039675	0.012208664197341196	0.00013583909296072236	0.003799001078624581	0.01226485899338328	0.00013856659954992724	0.006606181634172885	0.012208664197341196	0.3514109722232164	0.0037675926495216922	0.10536796313480652	0.34017447837532394	0.003843241960430899	0.18322708745936409	0.00013583909296072236	0.0037675926495216922	0.9890578338301096	0.0011723713837970954	0.003784934358416891	4.27616398890893e-5	0.0020386670453050367	0.003799001078624581	0.10536796313480652	0.0011723713837970954	0.7255965570494822	0.10585295732434444	0.0011959113722099035	0.05701523865673664	0.01226485899338328	0.34017447837532394	0.003784934358416891	0.10585295732434444	0.34999138262521595	0.0038609318726617412	0.1840704564506585	0.00013856659954992724	0.003843241960430899	4.27616398890893e-5	0.0011959113722099035	0.0038609318726617412	0.9888389852127784	0.0020796013424802407	0.006606181634172885	0.18322708745936409	0.0020386670453050367	0.05701523865673664	0.1840704564506585	0.0020796013424802407	0.5649627674112855
0.962797930763435	0.009264591576245321	0.0023804746205483207	0.006209775507409075	0.009318915913234437	0.001338886250808901	0.008689425368318862	0.009264591576245321	0.25750726592002443	0.06247632680100549	0.16297756783998182	0.24457796399115483	0.03513950295157618	0.22805678092001186	0.0023804746205483207	0.06247632680100549	0.7627980216943355	0.041875992132941915	0.06284266621306141	0.009028859423159848	0.05859765911494742	0.006209775507409075	0.16297756783998182	0.041875992132941915	0.4485909448275085	0.1639332115123599	0.023552945963718395	0.1528595622160805	0.009318915913234437	0.24457796399115483	0.06284266621306141	0.1639332115123599	0.2545876671941058	0.035345548753407965	0.22939402642267573	0.001338886250808901	0.03513950295157618	0.009028859423159848	0.023552945963718395	0.035345548753407965	0.8626362912829622	0.032957965374366585	0.008689425368318862	0.22805678092001186	0.05859765911494742	0.1528595622160805	0.22939402642267573	0.032957965374366585	0.289444580583599
0.9979390946036426	0.0005103639455416337	0.0004813498230333244	5.5462087300815426e-5	0.0004982951969120346	1.6485183015410903e-5	0.000498949160554215	0.0005103639455416337	0.2536441673889238	0.23154013984177882	0.026678517026604787	0.23969124751815193	0.00792974547420017	0.2400058188048052	0.0004813498230333244	0.23154013984177882	0.2829113711357646	0.02516184687756351	0.22606483193685417	0.007478940497363526	0.2263615198876482	5.5462087300815426e-5	0.026678517026604787	0.02516184687756351	0.8951129683358612	0.02604764112203267	0.0008617384507767084	0.026081826099860945	0.0004982951969120346	0.23969124751815193	0.22606483193685417	0.02604764112203267	0.26562543599228733	0.007742228104172676	0.23433032012959557	1.6485183015410903e-5	0.00792974547420017	0.007478940497363526	0.0008617384507767084	0.007742228104172676	0.9682184732701977	0.007752389020274161	0.000498949160554215	0.2400058188048052	0.2263615198876482	0.026081826099860945	0.23433032012959557	0.007752389020274161	0.26496917689726807
0.9999193928907991	2.0628922159709263e-5	1.8295314392069216e-5	7.926182267117686e-9	2.0964433513056698e-5	4.662380382106997e-9	2.0705850573359496e-5	2.0628922159709263e-5	0.2745431344066342	0.22128184721883817	9.586718303246552e-5	0.25356484585346456	5.639149572836734e-5	0.2504372849201429	1.8295314392069216e-5	0.22128184721883817	0.3315769789293884	8.502238943373472e-5	0.22488080267840252	5.001231452627913e-5	0.22210704115501906	7.926182267117686e-9	9.586718303246552e-5	8.502238943373472e-5	0.9996254297689677	9.74263788097248e-5	2.166711716676173e-8	9.62246864567699e-5	2.0964433513056698e-5	0.25356484585346456	0.22488080267840252	9.74263788097248e-5	0.26686822396046384	5.730865402207905e-5	0.2545104280413247	4.662380382106997e-9	5.639149572836734e-5	5.001231452627913e-5	2.166711716676173e-8	5.730865402207905e-5	0.9997796594179637	5.660178826212949e-5	2.0705850573359496e-5	0.2504372849201429	0.22210704115501906	9.62246864567699e-5	0.2545104280413247	5.660178826212949e-5	0.2727717135582215
0.9999519738599765	1.21102623627113e-5	9.623055796343663e-6	3.953900517609894e-10	1.3156086493445768e-5	2.9947778155402227e-10	1.3136040503102218e-5	1.21102623627113e-5	0.31844236909709045	0.18260866781055976	7.502985761036112e-6	0.24965203143490466	5.68293896302883e-6	0.2492716354703536	9.623055796343663e-6	0.18260866781055976	0.42091654348878205	5.9620219987915855e-6	0.19837847902997588	4.515776544761678e-6	0.19807620881633872	3.953900517609894e-10	7.502985761036112e-6	5.9620219987915855e-6	0.9999702449661589	8.15093238072371e-6	1.8554325773033454e-10	8.138512767043279e-6	1.3156086493445768e-5	0.24965203143490466	0.19837847902997588	8.15093238072371e-6	0.28114364801291336	6.173709065526927e-6	0.2707983607942612	2.9947778155402227e-10	5.68293896302883e-6	4.515776544761678e-6	1.8554325773033454e-10	6.173709065526927e-6	0.9999774627882494	6.164302156232655e-6	1.3136040503102218e-5	0.2492716354703536	0.19807620881633872	8.138512767043279e-6	0.2707983607942612	6.164302156232655e-6	0.281826356063615
0.9997798602870244	5.4770549389605375e-5	3.4306468298861935e-5	6.126489710660335e-8	6.530208722155727e-5	3.363774645265084e-8	6.566570542197855e-5	5.4770549389605375e-5	0.3785567874865047	0.12890941952693755	0.00023020796703960886	0.24537804603768118	0.00012639664134560217	0.24674437179110456	3.4306468298861935e-5	0.12890941952693755	0.5625836338836535	0.00014419468877718876	0.153696726643133	7.91706933330209e-5	0.15455254809586857	6.126489710660335e-8	0.00023020796703960886	0.00014419468877718876	0.9990749194923532	0.00027447343344653334	1.4138396114259533e-7	0.00027600176952551146	6.530208722155727e-5	0.24537804603768118	0.153696726643133	0.00027447343344653334	0.3062452154435377	0.0001507007797009406	0.29418953557528227	3.363774645265084e-8	0.00012639664134560217	7.91706933330209e-5	1.4138396114259533e-7	0.0001507007797009406	0.999492016944934	0.0001515399189788479	6.566570542197855e-5	0.24674437179110456	0.15455254809586857	0.00027600176952551146	0.29418953557528227	0.0001515399189788479	0.3040203371438214
0.999370907618741	0.00014889706420143127	0.0001126490530981806	7.691360886933611e-6	0.0001779727649836899	4.583425292345792e-6	0.00017729871279644898	0.00014889706420143127	0.36693788331210053	0.14847515656921378	0.010137466587690644	0.234573957075153	0.006041105266204205	0.23368553412543508	0.0001126490530981806	0.14847515656921378	0.48490739201315763	0.007669567012905671	0.17746846983001321	0.004570437916651646	0.17679632760495884	7.691360886933611e-6	0.010137466587690644	0.007669567012905671	0.9576850132242284	0.01211704856786379	0.00031205666147637217	0.012071156584948195	0.0001779727649836899	0.234573957075153	0.17746846983001321	0.01211704856786379	0.289123572087677	0.007220775060611018	0.27931820461369666	4.583425292345792e-6	0.006041105266204205	0.004570437916651646	0.00031205666147637217	0.007220775060611018	0.9746576144970376	0.007193427172727018	0.00017729871279644898	0.23368553412543508	0.17679632760495884	0.012071156584948195	0.27931820461369666	0.007193427172727018	0.2907580511854361
0.9998929594057372	2.683748400222766e-5	2.412762825529353e-5	1.4263144456967235e-8	2.803725445807867e-5	1.0204162849833427e-7	2.792192277419084e-5	2.683748400222766e-5	0.28967755670910067	0.2136793482523281	0.000126317405894419	0.24830381983660274	0.0009037021144979918	0.24728241819756727	2.412762825529353e-5	0.2136793482523281	0.33982499769700086	0.0001135627844749003	0.22323188935630647	0.0008124527869423373	0.22231362149468617	1.4263144456967235e-8	0.000126317405894419	0.0001135627844749003	0.9994962392415383	0.00013196442897748012	4.802847317610581e-7	0.00013142159123885543	2.803725445807867e-5	0.24830381983660274	0.22323188935630647	0.00013196442897748012	0.269023001519523	0.000944102142226924	0.2583371854618983	1.0204162849833427e-7	0.0009037021144979918	0.0008124527869423373	4.802847317610581e-7	0.000944102142226924	0.9963989420666454	0.0009402185633270021	2.792192277419084e-5	0.24728241819756727	0.22231362149468617	0.00013142159123885543	0.2583371854618983	0.0009402185633270021	0.27096721276850116
0.9999914801200099	2.140395953499026e-6	2.0008979838369797e-6	5.791109912943271e-14	2.199456502707119e-6	5.506648384195124e-11	2.1790744255155656e-6	2.140395953499026e-6	0.2779485155911449	0.22646769995981447	6.5545537693219885e-9	0.2489411550980508	6.23259158702667e-6	0.2466342498088951	2.0008979838369797e-6	0.22646769995981447	0.31024764772838287	6.1273678828198225e-9	0.23271668707626594	5.826389234278965e-6	0.23056013182095036	5.791109912943271e-14	6.5545537693219885e-9	6.1273678828198225e-9	0.9999999739094372	6.735415420082116e-9	1.6863058848505437e-13	6.672999201875334e-9	2.199456502707119e-6	0.2489411550980508	0.23271668707626594	6.735415420082116e-9	0.2648938488415468	6.404569244486626e-6	0.25343969822297324	5.506648384195124e-11	6.23259158702667e-6	5.826389234278965e-6	1.6863058848505437e-13	6.404569244486626e-6	0.9999751911757643	6.34521893473551e-6	2.1790744255155656e-6	0.2466342498088951	0.23056013182095036	6.672999201875334e-9	0.25343969822297324	6.34521893473551e-6	0.26935738918082136
0.9998893644989769	2.8067949762988268e-5	2.564267413276393e-5	5.525439374301376e-13	2.8546166090516155e-5	1.2266651437800178e-8	2.8366443832819044e-5	2.8067949762988268e-5	0.2737912801169482	0.22552702041978043	4.8596174959932255e-9	0.25106319838056446	0.00010788505656515562	0.2494825432167664	2.564267413276393e-5	0.22552702041978043	0.3170538316912992	4.439711090831219e-9	0.22936950640020176	9.856300059874973e-5	0.2279254313742805	5.525439374301376e-13	4.8596174959932255e-9	4.439711090831219e-9	0.9999999808442823	4.9424147238544714e-9	2.1238186061951136e-12	4.911298043252601e-9	2.8546166090516155e-5	0.25106319838056446	0.22936950640020176	4.9424147238544714e-9	0.2656958421439947	0.00010972318140082705	0.25373317878533796	1.2266651437800178e-8	0.00010788505656515562	9.856300059874973e-5	2.1238186061951136e-12	0.00010972318140082705	0.9995747841114815	0.00010903238117845964	2.8366443832819044e-5	0.2494825432167664	0.2279254313742805	4.911298043252601e-9	0.25373317878533796	0.00010903238117845964	0.26872144288731076
0.9810698554263512	0.004317164284464489	0.0032282681761579145	3.431823396241984e-6	0.00457191000890097	0.0026691484667784966	0.004140221813950615	0.004317164284464489	0.27432661030386646	0.15936046583827268	0.00016940878057742053	0.22568809932520323	0.13176003970139988	0.20437821176621918	0.0032282681761579145	0.15936046583827268	0.41716480182036886	0.00012667967653393205	0.1687639526276436	0.09852688362775491	0.15282894823327065	3.431823396241984e-6	0.00016940878057742053	0.00012667967653393205	0.9992538697023071	0.0001794051948184526	0.00010473939770238	0.00016246542466437822	0.00457191000890097	0.22568809932520323	0.1687639526276436	0.0001794051948184526	0.24482365266533737	0.13953489017125548	0.21643809000684444	0.0026691484667784966	0.13176003970139988	0.09852688362775491	0.00010473939770238	0.13953489017125548	0.5010445507464799	0.12635974788863097	0.004140221813950615	0.20437821176621918	0.15282894823327065	0.00016246542466437822	0.21643809000684444	0.12635974788863097	0.2956923148664231
0.8595835148718056	0.021251210311927386	0.0035412907633247835	0.026811590189789153	0.03045282905433829	0.0295374715821414	0.028822093226673007	0.021251210311927386	0.4085467269489283	0.016944964051987626	0.1282926091942973	0.14571582174252562	0.14133586525272523	0.1379128024976068	0.0035412907633247835	0.016944964051987626	0.8873192666318562	0.021378614454142887	0.024282009637703585	0.02355213593952701	0.02298171852145749	0.026811590189789153	0.1282926091942973	0.021378614454142887	0.2873607240001516	0.1838423712994928	0.17831639904991575	0.17399769181220823	0.03045282905433829	0.14571582174252562	0.024282009637703585	0.1838423712994928	0.21554566837612849	0.2025332618995606	0.1976280379902481	0.0295374715821414	0.14133586525272523	0.02355213593952701	0.17831639904991575	0.2025332618995606	0.23303717297330412	0.19168769330282362	0.028822093226673007	0.1379128024976068	0.02298171852145749	0.17399769181220823	0.1976280379902481	0.19168769330282362	0.24696996264898044
0.9895022988522196	0.0003640219139822327	1.0088771295173135e-5	0.0038502862948549947	0.003973224619790118	0.0012050933637175493	0.0010949861841405347	0.0003640219139822327	0.912057675143346	8.719019503411211e-5	0.033275331867835226	0.03433780183713553	0.010414779197851182	0.009463199844816483	1.0088771295173135e-5	8.719019503411211e-5	0.9974779279292804	0.0009222170426859557	0.0009516631175417225	0.00028864285742417065	0.0002622700867386002	0.0038502862948549947	0.033275331867835226	0.0009222170426859557	0.38850790205017566	0.3631934307543435	0.11015787805396937	0.10009295393614466	0.003973224619790118	0.03433780183713553	0.0009516631175417225	0.3631934307543435	0.38057981050295075	0.11367518143591761	0.10328888773233044	0.0012050933637175493	0.010414779197851182	0.00028864285742417065	0.11015787805396937	0.11367518143591761	0.7329305327459442	0.031327892345178694	0.0010949861841405347	0.009463199844816483	0.0002622700867386002	0.10009295393614466	0.10328888773233044	0.031327892345178694	0.7544698098706532
0.978637341627715	0.0007086427081041028	1.4703562055966838e-5	0.008450322404916635	0.008508614893363131	0.0014772618058817174	0.0022031129979630734	0.0007086427081041028	0.9200684344676843	5.639867718416702e-5	0.03241303050260694	0.032636623889409536	0.0056663556347295	0.008450514120280056	1.4703562055966838e-5	5.639867718416702e-5	0.9982862788679961	0.000672534974207361	0.0006771742927250825	0.00011757068936661257	0.00017533893646459216	0.008450322404916635	0.03241303050260694	0.000672534974207361	0.4009446593201555	0.38918059964429924	0.0675693567813389	0.10076949637246044	0.008508614893363131	0.032636623889409536	0.0006771742927250825	0.38918059964429924	0.3994968895983863	0.0680354675118859	0.10146463016991569	0.0014772618058817174	0.0056663556347295	0.00011757068936661257	0.0675693567813389	0.0680354675118859	0.8395177451358721	0.017616242440922664	0.0022031129979630734	0.008450514120280056	0.00017533893646459216	0.10076949637246044	0.10146463016991569	0.017616242440922664	0.7693206649619896
0.8667385013894966	0.01625187084438052	0.0009882198377567893	0.03419811554277731	0.034549917388418	0.01758692819604716	0.0296864468011229	0.01625187084438052	0.5880358610259881	0.003342038778134235	0.11565384939297801	0.11684360026158963	0.05947684287827197	0.10039593681865462	0.0009882198377567893	0.003342038778134235	0.9718110700900036	0.00703250901865221	0.007104853638026102	0.0036165803052622264	0.0061047283321647335	0.03419811554277731	0.11565384939297801	0.00703250901865221	0.26083310299319507	0.24586898212777666	0.12515457231645802	0.21125886860815707	0.034549917388418	0.11684360026158963	0.007104853638026102	0.24586898212777666	0.2557584632315957	0.12644205874173267	0.2134321246108554	0.01758692819604716	0.05947684287827197	0.0036165803052622264	0.12515457231645802	0.12644205874173267	0.5590797635694034	0.10864325399282171	0.0296864468011229	0.10039593681865462	0.0061047283321647335	0.21125886860815707	0.2134321246108554	0.10864325399282171	0.33047864083621853
0.966549444001037	0.007665020156380406	0.004861722806448824	0.005818367514909763	0.007620177854286938	0.0005280659654347123	0.006957201701502523	0.007665020156380406	0.2339576484051008	0.14298792899466042	0.17112376706940371	0.22411673666589454	0.01553092633539684	0.20461797237317364	0.004861722806448824	0.14298792899466042	0.46182486546447366	0.10853935203213144	0.14215141352870167	0.009850862389086211	0.12978385478450435	0.005818367514909763	0.17112376706940371	0.10853935203213144	0.37728512219647686	0.17012264985095632	0.01178922369709745	0.1553215176390322	0.007620177854286938	0.22411673666589454	0.14215141352870167	0.17012264985095632	0.23712805000105835	0.01544006649728623	0.20342090560182627	0.0005280659654347123	0.01553092633539684	0.009850862389086211	0.01178922369709745	0.01544006649728623	0.9327641163045705	0.014096738811128934	0.006957201701502523	0.20461797237317364	0.12978385478450435	0.1553215176390322	0.20342090560182627	0.014096738811128934	0.2858018090888413
0.9989403683856102	0.0002765584109970905	0.0002533682209119889	1.4559415304722518e-5	0.000273249789923363	2.4974144742281356e-7	0.00024164603580521953	0.0002765584109970905	0.2664853901713774	0.2372437465459875	0.013632847173881378	0.25586004302742127	0.00023384778265063964	0.22626756688768074	0.0002533682209119889	0.2372437465459875	0.3080990789821032	0.012489695113440964	0.23440546852507277	0.00021423899725483072	0.2072944036152248	1.4559415304722518e-5	0.013632847173881378	0.012489695113440964	0.9484689832676584	0.013469749890772941	1.2310914621703424e-5	0.011911854224319654	0.000273249789923363	0.25586004302742127	0.23440546852507277	0.013469749890772941	0.2721998356658493	0.0002310501324221296	0.22356060296853406	2.4974144742281356e-7	0.00023384778265063964	0.00021423899725483072	1.2310914621703424e-5	0.0002310501324221296	0.9991039752898049	0.00020432714179849016	0.00024164603580521953	0.22626756688768074	0.2072944036152248	0.011911854224319654	0.22356060296853406	0.00020432714179849016	0.33051959912663353
0.9951445016312687	0.0010648688516375366	0.0010478529383069562	0.0007364080168780971	0.0010667778785454509	1.985053474099836e-5	0.000919740148622328	0.0010648688516375366	0.22958518441826392	0.2126732772569893	0.14946210543707694	0.21651430199936997	0.0040288843255933595	0.18667137771105904	0.0010478529383069562	0.2126732772569893	0.23849753232139229	0.1470737979676525	0.2130545439343398	0.003964505368130375	0.18368849021317912	0.0007364080168780971	0.14946210543707694	0.1470737979676525	0.42111923596518186	0.14973005127900302	0.0027861672466792543	0.1290922340875216	0.0010667778785454509	0.21651430199936997	0.2130545439343398	0.14973005127900302	0.22859218797263575	0.004036107044686517	0.18700602989140952	1.985053474099836e-5	0.0040288843255933595	0.003964505368130375	0.0027861672466792543	0.004036107044686517	0.9816846892003693	0.0034797962798001933	0.000919740148622328	0.18667137771105904	0.18368849021317912	0.1290922340875216	0.18700602989140952	0.0034797962798001933	0.30914233166839966
