0.9847127317997765	0.002570175066986135	0.0004171672546223097	0.002843351515418481	0.003352858513721985	0.0033454981082706122	0.0027582177412039544	0.002570175066986135	0.3680429702832503	0.020646195124842483	0.14072147213231212	0.16593769125759045	0.16557341442266826	0.13650808171235035	0.0004171672546223097	0.020646195124842483	0.880131434436936	0.022840619283061154	0.02693348480011026	0.0268743587237978	0.02215674037662988	0.002843351515418481	0.14072147213231212	0.022840619283061154	0.3158309685840978	0.18357472685920306	0.18317173209674026	0.15101712952916718	0.003352858513721985	0.16593769125759045	0.02693348480011026	0.18357472685920306	0.2261282708699972	0.21599471542770837	0.17807825227166876	0.0033454981082706122	0.16557341442266826	0.0268743587237978	0.18317173209674026	0.21599471542770837	0.2273529575056083	0.17768732371520657	0.0027582177412039544	0.13650808171235035	0.02215674037662988	0.15101712952916718	0.17807825227166876	0.17768732371520657	0.3317942546537735
0.9996080970021164	7.57521408352624e-5	2.6369784635278436e-6	1.0264794181164158e-5	0.00013920321025534096	0.0001359726984704767	2.8073175677829428e-5	7.57521408352624e-5	0.5636468926801603	0.0036389399683203066	0.014165064420908403	0.1920956627150348	0.18763766709062413	0.03874002098411614	2.6369784635278436e-6	0.0036389399683203066	0.9812980145838845	0.0004930945766094081	0.006686967786405541	0.006531782225674826	0.0013485638806418712	1.0264794181164158e-5	0.014165064420908403	0.0004930945766094081	0.9286263429463048	0.026029923631495373	0.025425842914560643	0.005249466715940311	0.00013920321025534096	0.1920956627150348	0.006686967786405541	0.026029923631495373	0.35905338676598836	0.34480564292750854	0.07118921296331124	0.0001359726984704767	0.18763766709062413	0.006531782225674826	0.025425842914560643	0.34480564292750854	0.36592597894831985	0.06953711319484082	2.8073175677829428e-5	0.03874002098411614	0.0013485638806418712	0.005249466715940311	0.07118921296331124	0.06953711319484082	0.8139075490854717
0.9988442154195546	0.0002877648208067342	2.1266759420481526e-5	6.765089239972798e-5	0.00030600127097177396	0.0003042861180162583	0.00016881471883045394	0.0002877648208067342	0.2997857491653732	0.017148420902624112	0.05455019988571454	0.2467436851854461	0.24536067406409787	0.13612350597593872	2.1266759420481526e-5	0.017148420902624112	0.9323707849794889	0.004031437804163733	0.018235163619552193	0.018132954584024127	0.010059971350726771	6.765089239972798e-5	0.05455019988571454	0.004031437804163733	0.793660053491806	0.05800719646688079	0.05768206312954073	0.03200139832949469	0.00030600127097177396	0.2467436851854461	0.018235163619552193	0.05800719646688079	0.27104806903967193	0.2609098565266604	0.1447500278908184	0.0003042861180162583	0.24536067406409787	0.018132954584024127	0.05768206312954073	0.2609098565266604	0.27367146908216594	0.14393869649549612	0.00016881471883045394	0.13612350597593872	0.010059971350726771	0.03200139832949469	0.1447500278908184	0.14393869649549612	0.5329575852386955
0.9967620297261737	0.000782153467473513	7.05911922202352e-5	0.0005318309099456133	0.0008015578693576304	0.0006716374089500138	0.0003801994258792509	0.000782153467473513	0.26435115486025085	0.021123365453764382	0.15914249805188818	0.23985428315132573	0.2009775156850761	0.11376902933021553	7.05911922202352e-5	0.021123365453764382	0.9143890274712505	0.01436298519097171	0.021647413852774775	0.01813869404363534	0.01026792279538259	0.0005318309099456133	0.15914249805188818	0.01436298519097171	0.4488578395908756	0.16309065543718515	0.13665611608251596	0.07735807473661382	0.0008015578693576304	0.23985428315132573	0.021647413852774775	0.16309065543718515	0.2520510151397694	0.20596355569666344	0.11659151885291803	0.0006716374089500138	0.2009775156850761	0.01813869404363534	0.13665611608251596	0.20596355569666344	0.3398986917492961	0.0976937893338582	0.0003801994258792509	0.11376902933021553	0.01026792279538259	0.07735807473661382	0.11659151885291803	0.0976937893338582	0.5839394655251299
0.9985655288344876	0.0004604643084625089	9.218053421978957e-6	0.00036847844541852394	0.00046100784786268136	3.2268180019307814e-5	0.00010303433032752592	0.0004604643084625089	0.3281703515316401	0.006353874164911142	0.25398699351090875	0.3177662051048443	0.022242001210854984	0.07102011016838324	9.218053421978957e-6	0.006353874164911142	0.9803239396725071	0.0050845757893567675	0.006361374379127306	0.0004452635125140763	0.001421754428161701	0.00036847844541852394	0.25398699351090875	0.0050845757893567675	0.41164178791981054	0.25428680380145113	0.017798769369418058	0.05683259116364038	0.00046100784786268136	0.3177662051048443	0.006361374379127306	0.25428680380145113	0.32775240940650263	0.02226825602317073	0.07110394343704632	3.2268180019307814e-5	0.022242001210854984	0.0004452635125140763	0.017798769369418058	0.02226825602317073	0.9322365310992545	0.00497691060476852	0.00010303433032752592	0.07102011016838324	0.001421754428161701	0.05683259116364038	0.07110394343704632	0.00497691060476852	0.7945416558676736
0.9999996382377958	3.456466507939281e-10	9.12010029810032e-13	1.4661176081055397e-9	3.59935050081732e-7	1.257541717740141e-12	1.3220337392944616e-11	3.456466507939281e-10	0.9990454117317444	2.4088375075749546e-9	3.872368690568381e-6	0.0009506749055252646	3.3214696746960794e-9	3.491808591354418e-8	9.12010029810032e-13	2.4088375075749546e-9	0.9999974788574323	1.021748388653197e-8	2.508414436929289e-6	8.76390281831107e-12	9.213352567361289e-11	1.4661176081055397e-9	3.872368690568381e-6	1.021748388653197e-8	0.9959635084305837	0.004032445317705782	1.408856461844833e-8	1.4811085390701677e-7	3.59935050081732e-7	0.0009506749055252646	2.508414436929289e-6	0.004032445317705782	0.9949741911185208	3.458773145814288e-6	3.636153561210936e-5	1.257541717740141e-12	3.3214696746960794e-9	8.76390281831107e-12	1.408856461844833e-8	3.458773145814288e-6	0.9999965236797587	1.2703999775220023e-10	1.3220337392944616e-11	3.491808591354418e-8	9.213352567361289e-11	1.4811085390701677e-7	3.636153561210936e-5	1.2703999775220023e-10	0.9999634552030543
0.9999999023771382	3.106222482923947e-11	5.020776689596609e-14	1.1157194740097518e-10	9.747911913615502e-8	2.264319702785027e-13	8.319525400323521e-13	3.106222482923947e-11	0.99968303900678	1.6306597640374126e-10	3.623660175905699e-7	0.00031659499562787475	7.35411124716912e-10	2.7020351959299732e-9	5.020776689596609e-14	1.6306597640374126e-10	0.9999994875138289	5.85714276495768e-10	5.117317844519292e-7	1.1886898161824618e-12	4.367464146813007e-12	1.1157194740097518e-10	3.623660175905699e-7	5.85714276495768e-10	0.998862451692678	0.0011371728971053894	2.64151237640167e-9	9.705400383043453e-9	9.747911913615502e-8	0.00031659499562787475	5.117317844519292e-7	0.0011371728971053894	0.9985348355415958	2.307858791004985e-6	8.479495986591594e-6	2.264319702785027e-13	7.35411124716912e-10	1.1886898161824618e-12	2.64151237640167e-9	2.307858791004985e-6	0.9999976887431734	1.969682328100205e-11	8.319525400323521e-13	2.7020351959299732e-9	4.367464146813007e-12	9.705400383043453e-9	8.479495986591594e-6	1.969682328100205e-11	0.9999915080716817
0.9998389477349147	6.454131284572252e-5	4.228131013250598e-7	2.3564359896358476e-5	6.451055323114804e-5	5.481691032632543e-6	2.5315349780897104e-6	6.454131284572252e-5	0.4065673993883428	0.0025995369805971603	0.1448782565694208	0.3966233975191433	0.03370250001922434	0.015564368210435551	4.228131013250598e-7	0.0025995369805971603	0.9935298885147227	0.0009491041051660962	0.002598298072492109	0.00022078662374901698	0.00010196289017160225	2.3564359896358476e-5	0.1448782565694208	0.0009491041051660962	0.6913522827542492	0.14480920933229768	0.012304953290281034	0.005682629588692222	6.451055323114804e-5	0.3966233975191433	0.002598298072492109	0.14480920933229768	0.4066611962908989	0.03368643781247523	0.015556950419471296	5.481691032632543e-6	0.03370250001922434	0.00022078662374901698	0.012304953290281034	0.03368643781247523	0.9187579111836537	0.0013219293795848177	2.5315349780897104e-6	0.015564368210435551	0.00010196289017160225	0.005682629588692222	0.015556950419471296	0.0013219293795848177	0.9617696279766668
0.9998149831564305	5.746920224964532e-5	1.4162692598183155e-5	8.623560147851799e-6	5.987311752988207e-5	3.3685985093313725e-5	1.1202285950564443e-5	5.746920224964532e-5	0.3420137828594241	0.07305538943833097	0.04448289338900166	0.30884338466780076	0.17376235080619806	0.05778472963700525	1.4162692598183155e-5	0.07305538943833097	0.7827944365613181	0.010962350620589523	0.07611126911126542	0.04282194050502997	0.014240451070870398	8.623560147851799e-6	0.04448289338900166	0.010962350620589523	0.8634576624882754	0.04634359621662136	0.026073967011063244	0.0086709067143027	5.987311752988207e-5	0.30884338466780076	0.07611126911126542	0.04634359621662136	0.32740926849152846	0.18103076508517746	0.06020184331008749	3.3685985093313725e-5	0.17376235080619806	0.04282194050502997	0.026073967011063244	0.18103076508517746	0.5424063568729266	0.03387093373451755	1.1202285950564443e-5	0.05778472963700525	0.014240451070870398	0.0086709067143027	0.06020184331008749	0.03387093373451755	0.8252199332472681
0.9995844285907137	9.814918019770277e-5	7.910090037550497e-5	1.995452246127269e-5	9.763617423020699e-5	5.852138720583476e-5	6.220924481566804e-5	9.814918019770277e-5	0.24253453171242495	0.18873422012191388	0.04761135735187858	0.23295925977514867	0.13963163911299867	0.14843084274542767	7.910090037550497e-5	0.18873422012191388	0.3529109193385428	0.0383711940033266	0.18774774442239017	0.11253266051227073	0.11962416070117236	1.995452246127269e-5	0.04761135735187858	0.0383711940033266	0.8080695584503644	0.04736250239055451	0.028388241994199235	0.030177191287213568	9.763617423020699e-5	0.23295925977514867	0.18774774442239017	0.04736250239055451	0.24527601986763373	0.1389018127000638	0.14765502466996894	5.852138720583476e-5	0.13963163911299867	0.11253266051227073	0.028388241994199235	0.1389018127000638	0.49198532729305167	0.0885017970002041	6.220924481566804e-5	0.14843084274542767	0.11962416070117236	0.030177191287213568	0.14765502466996894	0.0885017970002041	0.4655487743511915
0.9998216105168838	6.594162205259975e-5	5.6657368749393955e-6	2.7818270201400368e-5	6.868610409686727e-5	2.5119560917691105e-6	7.76579379872941e-6	6.594162205259975e-5	0.3982115643523653	0.030318062883826248	0.14885902467794143	0.3675478881599373	0.013441789555834416	0.04155572874803237	5.6657368749393955e-6	0.030318062883826248	0.920580919229162	0.012790041236968263	0.03157989686078337	0.0011549252259963753	0.0035704888263879742	2.7818270201400368e-5	0.14885902467794143	0.012790041236968263	0.6600672294189687	0.15505451862605674	0.005670581375087986	0.017530786394771288	6.868610409686727e-5	0.3675478881599373	0.03157989686078337	0.15505451862605674	0.3884625021271962	0.014001235152264905	0.04328527296965395	2.5119560917691105e-6	0.013441789555834416	0.0011549252259963753	0.005670581375087986	0.014001235152264905	0.9641459479653423	0.0015830087693817847	7.76579379872941e-6	0.04155572874803237	0.0035704888263879742	0.017530786394771288	0.04328527296965395	0.0015830087693817847	0.8924669484979727
0.9999590011426643	1.733061153002051e-6	7.358306561030498e-8	1.8995072538818224e-5	1.9811490108450688e-5	5.5950469703188755e-8	3.297000001785426e-7	1.733061153002051e-6	0.9166871091315252	0.00015612291070002363	0.040302289516231785	0.04203450176181413	0.00011871141970839552	0.0006995321988659269	7.358306561030498e-8	0.00015612291070002363	0.9963131708000391	0.0017111721698806549	0.001784719192209825	5.040301186120337e-6	2.9701042918484636e-5	1.8995072538818224e-5	0.040302289516231785	0.0017111721698806549	0.4882835937869379	0.46071565836880585	0.0013011266363226822	0.007667164449263707	1.9811490108450688e-5	0.04203450176181413	0.001784719192209825	0.46071565836880585	0.4860915565352059	0.0013570496997403025	0.007996702952096386	5.5950469703188755e-8	0.00011871141970839552	5.040301186120337e-6	0.0013011266363226822	0.0013570496997403025	0.9971954321645115	2.25838280612633e-5	3.297000001785426e-7	0.0006995321988659269	2.9701042918484636e-5	0.007667164449263707	0.007996702952096386	2.25838280612633e-5	0.9835839858287937
0.9999759055568622	1.2212861745821834e-6	8.825201994033441e-8	1.114341298368856e-5	1.1328937817105024e-5	8.08862708214485e-8	2.3166787171024024e-7	1.2212861745821834e-6	0.8983148916345862	0.00039232924622252746	0.049538660069113574	0.05036342099922089	0.00035958440025038425	0.0010298923644297873	8.825201994033441e-8	0.00039232924622252746	0.9922880985284578	0.0035797398736070476	0.0036393383686729084	2.5984122576337776e-5	7.442160844336942e-5	1.114341298368856e-5	0.049538660069113574	0.0035797398736070476	0.47466015500628594	0.4595322629093804	0.0032809652298347184	0.009397073498776696	1.1328937817105024e-5	0.05036342099922089	0.0036393383686729084	0.4595322629093804	0.4735645354935202	0.0033355894754407357	0.009553523815929502	8.08862708214485e-8	0.00035958440025038425	2.5984122576337776e-5	0.0032809652298347184	0.0033355894754407357	0.9929295857032472	6.821018237982516e-5	2.3166787171024024e-7	0.0010298923644297873	7.442160844336942e-5	0.009397073498776696	0.009553523815929502	6.821018237982516e-5	0.9798766468621689
0.9999947235639317	5.850462317457709e-7	3.0033927260533824e-8	3.5236138279662226e-7	4.2144230042650026e-6	6.595473461958492e-8	2.8616787644973965e-8	5.850462317457709e-7	0.8771901652624783	0.0007862156419796787	0.0092239695588638	0.11032341055930364	0.001726535579936496	0.0007491183512072422	3.0033927260533824e-8	0.0007862156419796787	0.9929495811188221	0.00047352160522021197	0.005663561455621812	8.863341255237669e-5	3.845673187664622e-5	3.5236138279662226e-7	0.0092239695588638	0.00047352160522021197	0.9223655863620867	0.0664455343700224	0.001039857076899102	0.00045117866552538084	4.2144230042650026e-6	0.11032341055930364	0.005663561455621812	0.0664455343700224	0.799729726368582	0.012437224395162481	0.005396328428309191	6.595473461958492e-8	0.001726535579936496	8.863341255237669e-5	0.001039857076899102	0.012437224395162481	0.9846232323025568	8.44512781581416e-5	2.8616787644973965e-8	0.0007491183512072422	3.845673187664622e-5	0.00045117866552538084	0.005396328428309191	8.44512781581416e-5	0.993280437928136
0.99995470296762	1.6505049748029503e-5	7.892857225340946e-7	4.079324286216575e-7	1.9294944559364232e-5	7.585648323414619e-6	7.141715981174967e-7	1.6505049748029503e-5	0.45908349035019813	0.014827900405655917	0.007663614393554409	0.3624840892095911	0.1425076301783275	0.0134167704129184	7.892857225340946e-7	0.014827900405655917	0.9600140882945722	0.0003664806538714873	0.017334301963740677	0.006814837856841444	0.0006416015395953981	4.079324286216575e-7	0.007663614393554409	0.0003664806538714873	0.9791567132060407	0.008959016610394147	0.0035221634931880508	0.00033160371052225554	1.9294944559364232e-5	0.3624840892095911	0.017334301963740677	0.008959016610394147	0.4289225582985106	0.16659609425930313	0.015684644713893425	7.585648323414619e-6	0.1425076301783275	0.006814837856841444	0.0035221634931880508	0.16659609425930313	0.6743853998498249	0.006166288714188457	7.141715981174967e-7	0.0134167704129184	0.0006416015395953981	0.00033160371052225554	0.015684644713893425	0.006166288714188457	0.9637583767372836
0.9999250655174156	2.574193657264876e-5	1.5920597566828484e-6	6.562452951665706e-7	2.6176041205520897e-5	1.9269815224728013e-5	1.4983845297043225e-6	2.574193657264876e-5	0.35858131258656845	0.020757939555902934	0.008556400043234701	0.34129414984344036	0.25124789318319907	0.019536562851075457	1.5920597566828484e-6	0.020757939555902934	0.9408560984389481	0.000529187076988888	0.021107995493018082	0.015538910934670342	0.001208276440714652	6.562452951665706e-7	0.008556400043234701	0.000529187076988888	0.9753098915466404	0.008700692718690286	0.006405122138214553	0.0004980502309358713	2.6176041205520897e-5	0.34129414984344036	0.021107995493018082	0.008700692718690286	0.3535200984922034	0.2554848655695764	0.019866021841859413	1.9269815224728013e-5	0.25124789318319907	0.015538910934670342	0.006405122138214553	0.2554848655695764	0.45667932162897235	0.01462461673013797	1.4983845297043225e-6	0.019536562851075457	0.001208276440714652	0.0004980502309358713	0.019866021841859413	0.01462461673013797	0.9442649735207467
0.9999963678915674	1.4578930923600642e-6	2.9001740575578737e-8	1.4704502749017446e-8	1.4758251562418094e-6	6.457753219043934e-7	8.908618788415696e-9	1.4578930923600642e-6	0.4126809220375613	0.007834197899959094	0.00397210588985473	0.39866249784580954	0.17444234622831253	0.002406472205413473	2.9001740575578737e-8	0.007834197899959094	0.980638159746076	7.901675723684964e-5	0.00793055842045301	0.0034701664321071654	4.7871742427122685e-5	1.4704502749017446e-8	0.00397210588985473	7.901675723684964e-5	0.9901441793169112	0.004020962734663991	0.001759448599558739	2.4271997271523536e-5	1.4758251562418094e-6	0.39866249784580954	0.00793055842045301	0.004020962734663991	0.4103604488395667	0.1765879845557318	0.0024360717786217263	6.457753219043934e-7	0.17444234622831253	0.0034701664321071654	0.001759448599558739	0.1765879845557318	0.6426734589430937	0.0010659494658755474	8.908618788415696e-9	0.002406472205413473	4.7871742427122685e-5	2.4271997271523536e-5	0.0024360717786217263	0.0010659494658755474	0.9940193539017719
0.9999997833386001	1.0510125188958642e-7	3.167596885880593e-10	3.9825396512540733e-10	1.0653699405464934e-7	4.2648232496134895e-9	4.331698542057209e-11	1.0510125188958642e-7	0.49539805061913567	0.0014327474999053552	0.0018013572857210195	0.4818814305558215	0.019290380274266695	0.00019592866390733316	3.167596885880593e-10	0.0014327474999053552	0.9970507746577343	5.42902546451359e-6	0.0014523196359219996	5.8138364087624996e-5	5.905001267726155e-7	3.9825396512540733e-10	0.0018013572857210195	5.42902546451359e-6	0.9962934101326569	0.001825964838561303	7.309589843015794e-5	7.424209120248355e-7	1.0653699405464934e-7	0.4818814305558215	0.0014523196359219996	0.001825964838561303	0.4950876755636273	0.019553897709520065	0.00019860515956327186	4.2648232496134895e-9	0.019290380274266695	5.8138364087624996e-5	7.309589843015794e-5	0.019553897709520065	0.9610165330495953	7.950439277122393e-6	4.331698542057209e-11	0.00019592866390733316	5.905001267726155e-7	7.424209120248355e-7	0.00019860515956327186	7.950439277122393e-6	0.9995961827728966
0.9999999847951566	3.864161709884762e-11	2.5447296710458445e-13	1.086450768277564e-11	1.5153827807497786e-8	1.0960625718010338e-12	1.5880067042325519e-13	3.864161709884762e-11	0.9974692405503734	4.246349027557413e-8	1.8129427325254483e-6	0.00252869460777319	1.8289817927876663e-7	2.6498809681034547e-8	2.5447296710458445e-13	4.246349027557413e-8	0.999983291591637	1.1939068573561384e-8	1.665262657345148e-5	1.2044693222862552e-9	1.7450694951567247e-10	1.086450768277564e-11	1.8129427325254483e-6	1.1939068573561384e-8	0.9992871464534752	0.0007109697796359684	5.142379701286094e-8	7.4504263273338805e-9	1.5153827807497786e-8	0.00252869460777319	1.665262657345148e-5	0.0007109697796359684	0.9966615499977923	7.172597119849689e-5	1.039186320755785e-5	1.0960625718010338e-12	1.8289817927876663e-7	1.2044693222862552e-9	5.142379701286094e-8	7.172597119849689e-5	0.9999280377496258	7.516340067850584e-10	1.5880067042325519e-13	2.6498809681034547e-8	1.7450694951567247e-10	7.4504263273338805e-9	1.039186320755785e-5	7.516340067850584e-10	0.9999895732612568
0.9999954334930793	4.885242884284856e-8	1.2378485219812984e-9	1.040482667499237e-6	3.4683250427154255e-6	1.452512933647059e-9	6.156420068896025e-9	4.885242884284856e-8	0.9861352027651759	3.7989754028719064e-6	0.0031932566794338904	0.010644340799753868	4.457783653888677e-6	1.8894144151053337e-5	1.2378485219812984e-9	3.7989754028719064e-6	0.9996449837644727	8.091241632344736e-5	0.0002697119025305	1.1295366551843968e-7	4.78749756470025e-7	1.040482667499237e-6	0.0031932566794338904	8.091241632344736e-5	0.7695191089817005	0.22670832078229727	9.49440332281774e-5	0.00040241662435338546	3.4683250427154255e-6	0.010644340799753868	0.0002697119025305	0.22670832078229727	0.7607162656777762	0.0003164846262102051	0.0013414078864037171	1.452512933647059e-9	4.457783653888677e-6	1.1295366551843968e-7	9.49440332281774e-5	0.0003164846262102051	0.9995834373774583	5.61773271046162e-7	6.156420068896025e-9	1.8894144151053337e-5	4.78749756470025e-7	0.00040241662435338546	0.0013414078864037171	5.61773271046162e-7	0.9982362346656443
0.999875988086408	1.0682635923544211e-5	1.3981676319325841e-6	5.3273348386991696e-5	5.364219671887236e-5	5.616381856295823e-7	4.453926745047957e-6	1.0682635923544211e-5	0.8193932581946031	0.0022280523584028928	0.08489383304460517	0.0854816119181611	0.0008949994660736426	0.007097562382231081	1.3981676319325841e-6	0.0022280523584028928	0.9744253399694528	0.01111109751967244	0.01118802735249848	0.00011713956115486009	0.0009289450711866484	5.3273348386991696e-5	0.08489383304460517	0.01111109751967244	0.43779446504593655	0.4262891410874704	0.004463282162151409	0.03539490779177992	5.364219671887236e-5	0.0854816119181611	0.01118802735249848	0.4262891410874704	0.4368534216035618	0.00449418455950521	0.035639971282087124	5.616381856295823e-7	0.0008949994660736426	0.00011713956115486009	0.004463282162151409	0.00449418455950521	0.9896566791995509	0.0003731534133783813	4.453926745047957e-6	0.007097562382231081	0.0009289450711866484	0.03539490779177992	0.035639971282087124	0.0003731534133783813	0.920561006132592
0.999971633735989	5.153600716491805e-6	1.220755544176913e-6	1.0398882561350442e-5	1.0568908795893797e-5	5.735899467710196e-7	4.505264464711884e-7	5.153600716491805e-6	0.6035414323124668	0.020849512057740115	0.17760445847172732	0.18050836830376008	0.009796449885848534	0.0076946253677391205	1.220755544176913e-6	0.020849512057740115	0.8901783571297556	0.04206993115630596	0.04275779275487719	0.00232052717493833	0.001822658970838177	1.0398882561350442e-5	0.17760445847172732	0.04206993115630596	0.3807939691516387	0.3642279304496791	0.019767175899967848	0.01552613598811663	1.0568908795893797e-5	0.18050836830376008	0.04275779275487719	0.3642279304496791	0.37662496675681073	0.02009037778882457	0.01577999503724938	5.735899467710196e-7	0.009796449885848534	0.00232052717493833	0.019767175899967848	0.02009037778882457	0.9471684925361531	0.0008564031243205913	4.505264464711884e-7	0.0076946253677391205	0.001822658970838177	0.01552613598811663	0.01577999503724938	0.0008564031243205913	0.9583197309852894
0.99999897220818	1.1183788594995988e-7	2.2128274025117617e-8	5.855454739946634e-8	8.123174199621523e-7	2.098541217705654e-8	1.9682805014500827e-9	1.1183788594995988e-7	0.8779180145471258	0.002949341721654627	0.007804375950958588	0.10826879923855627	0.0027970166859673513	0.00026234001785483416	2.2128274025117617e-8	0.002949341721654627	0.9734790415276438	0.001544175912938127	0.021422093573846543	0.0005534184695480117	5.1906666095632685e-5	5.855454739946634e-8	0.007804375950958588	0.001544175912938127	0.9323637196327542	0.05668589389944223	0.0014644236586236386	0.00013735239073752573	8.123174199621523e-7	0.10826879923855627	0.021422093573846543	0.05668589389944223	0.7914012303604302	0.020315703919445403	0.0019054666908851763	2.098541217705654e-8	0.0027970166859673513	0.0005534184695480117	0.0014644236586236386	0.020315703919445403	0.9748201904452468	4.9225835757333e-5	1.9682805014500827e-9	0.00026234001785483416	5.1906666095632685e-5	0.00013735239073752573	0.0019054666908851763	4.9225835757333e-5	0.9975937064303891
0.9995584353416044	8.439061922129521e-5	8.36054437058054e-5	7.530094553142223e-5	8.457496670026508e-5	7.232905874346138e-5	4.136362449338014e-5	8.439061922129521e-5	0.20307182371455046	0.18652105404649053	0.16799398590169762	0.1886840286428011	0.16136380212864257	0.09228091494660376	8.36054437058054e-5	0.18652105404649053	0.20875108915050872	0.16643095951681394	0.18692850082677903	0.15986246338167218	0.09142232763403682	7.530094553142223e-5	0.16799398590169762	0.16643095951681394	0.27081402795175025	0.16836096114217863	0.14398338330673074	0.0823413812353037	8.457496670026508e-5	0.1886840286428011	0.18692850082677903	0.16836096114217863	0.20174314196946122	0.16171629403347623	0.09248249841861064	7.232905874346138e-5	0.16136380212864257	0.15986246338167218	0.14398338330673074	0.16171629403347623	0.293910097058023	0.07909163103271782	4.136362449338014e-5	0.09228091494660376	0.09142232763403682	0.0823413812353037	0.09248249841861064	0.07909163103271782	0.5623398831082373
0.9971951633287128	0.00048769431006391307	0.00053906779384527	0.00040171674409453207	0.0005571043324159666	0.000437602337533396	0.000381651153334194	0.00048769431006391307	0.28123695759404227	0.16710199327894198	0.12452546681167673	0.1726930183437431	0.135649400131561	0.11830546952997227	0.00053906779384527	0.16710199327894198	0.22312524832185743	0.13764291952252997	0.19088441773873127	0.14993864262179274	0.13076771072230306	0.00040171674409453207	0.12452546681167673	0.13764291952252997	0.38599745879908376	0.1422482805834135	0.11173522888156255	0.0974489286576402	0.0005571043324159666	0.1726930183437431	0.19088441773873127	0.1422482805834135	0.20351873986257557	0.15495540329969387	0.13514303583942833	0.000437602337533396	0.135649400131561	0.14993864262179274	0.11173522888156255	0.15495540329969387	0.34112962385695406	0.10615409887090374	0.000381651153334194	0.11830546952997227	0.13076771072230306	0.0974489286576402	0.13514303583942833	0.10615409887090374	0.41179910522641927
0.9964754058779809	0.0008548315514818154	7.524739833398966e-5	0.00038593415602676686	0.001011788042966128	0.0010066763527057476	0.00019011662050474694	0.0008548315514818154	0.36516417081562197	0.017868787730985325	0.09164669696047453	0.24026645663235147	0.23905259794445546	0.04514645836462232	7.524739833398966e-5	0.017868787730985325	0.9278220742327425	0.00806729173744819	0.021149694038750513	0.021042842919309555	0.00397406194242923	0.00038593415602676686	0.09164669696047453	0.00806729173744819	0.6631175733283912	0.10847404029625468	0.10792601474965802	0.02038244877174346	0.001011788042966128	0.24026645663235147	0.021149694038750513	0.10847404029625468	0.29271688660438827	0.28294528883604797	0.05343584554923241	0.0010066763527057476	0.23905259794445546	0.021042842919309555	0.10792601474965802	0.28294528883604797	0.2948606987792717	0.05316588041854313	0.00019011662050474694	0.04514645836462232	0.00397406194242923	0.02038244877174346	0.05343584554923241	0.05316588041854313	0.8237051883329232
0.999140265682306	0.00020168501149195136	2.069992462547341e-6	2.1178146432721603e-5	0.0003138340776289248	0.00031253725693659797	8.429832741266052e-6	0.00020168501149195136	0.5121931494035732	0.0015338349390342592	0.015692704939861222	0.23254658267424771	0.2315856570073467	0.006246386024448198	2.069992462547341e-6	0.0015338349390342592	0.9934753059499944	0.00016106194854141893	0.0023867399454522422	0.002376877492745226	6.410973176995266e-5	2.1178146432721603e-5	0.015692704939861222	0.00016106194854141893	0.9347324534013028	0.02441879812422629	0.02431789511545014	0.0006559083241857508	0.0003138340776289248	0.23254658267424771	0.0023867399454522422	0.02441879812422629	0.3702529999716537	0.36036129071440504	0.009719754492391408	0.00031253725693659797	0.2315856570073467	0.002376877492745226	0.02431789511545014	0.36036129071440504	0.3713661517513928	0.009679590661728719	8.429832741266052e-6	0.006246386024448198	6.410973176995266e-5	0.0006559083241857508	0.009719754492391408	0.009679590661728719	0.9736258209327348
0.9999206283362958	2.4511968602928478e-5	2.354655321805429e-5	1.0388546448659752e-8	2.466883191234876e-5	1.7245021135045155e-7	6.461471213062985e-6	2.4511968602928478e-5	0.3191322356938161	0.2922275059080728	0.00012892838245107975	0.30615568897292905	0.0021402153720580393	0.08019091370207065	2.354655321805429e-5	0.2922275059080728	0.3344390146276873	0.00012385047761277377	0.29409760350908304	0.0020559219854027456	0.07703255693892401	1.0388546448659752e-8	0.00012892838245107975	0.00012385047761277377	0.9995825641079743	0.00012975345419774737	9.07055943279246e-7	3.398613327429357e-5	2.466883191234876e-5	0.30615568897292905	0.29409760350908304	0.00012975345419774737	0.3167342815690913	0.002153911590080001	0.08070409207270711	1.7245021135045155e-7	0.0021402153720580393	0.0020559219854027456	9.07055943279246e-7	0.002153911590080001	0.9930847006206509	0.0005641709256536721	6.461471213062985e-6	0.08019091370207065	0.07703255693892401	3.398613327429357e-5	0.08070409207270711	0.0005641709256536721	0.7614678187561573
0.9999999647905627	1.048900003321065e-8	1.0940951723081899e-8	2.8776559209494874e-17	1.1339274298827117e-8	3.577092994588046e-16	2.4402107889103287e-9	1.048900003321065e-8	0.3544877910678192	0.2856955054418372	7.514276487382004e-10	0.29609670019040235	9.340680929477827e-9	0.06371998271883263	1.0940951723081899e-8	0.2856955054418372	0.33898395212497723	7.838052819337316e-10	0.308854961568288	9.743153664462982e-9	0.06646555939698695	2.8776559209494874e-17	7.514276487382004e-10	7.838052819337316e-10	0.9999999974776104	8.123409474484504e-10	2.562614710392386e-17	1.7481569737160212e-10	1.1339274298827117e-8	0.29609670019040235	0.308854961568288	8.123409474484504e-10	0.32616297324441074	1.0097868515760868e-8	0.06888534274741535	3.577092994588046e-16	9.340680929477827e-9	9.743153664462982e-9	2.562614710392386e-17	1.0097868515760868e-8	0.999999968645236	2.1730603782736207e-9	2.4402107889103287e-9	0.06371998271883263	0.06646555939698695	1.7481569737160212e-10	0.06888534274741535	2.1730603782736207e-9	0.8009291103486782
0.9999998881738932	2.716033499555113e-8	2.8040614457364743e-8	1.4376303294243287e-16	2.9042532289935563e-8	6.762192998633206e-15	2.758261818698702e-8	2.716033499555113e-8	0.29676534254179826	0.2329055852518317	1.1940969901335908e-9	0.24122752340065368	5.616683330271499e-8	0.2291014642844517	2.8040614457364743e-8	0.2329055852518317	0.2815217521138844	1.2327982453279842e-9	0.24904582293593333	5.798722726323083e-8	0.23652675243771124	1.4376303294243287e-16	1.1940969901335908e-9	1.2327982453279842e-9	0.9999999950835945	1.276847299525216e-9	2.9729803802835983e-16	1.2126625596657856e-9	2.9042532289935563e-8	0.24122752340065368	0.24904582293593333	1.276847299525216e-9	0.26474848494958303	6.005916606274271e-8	0.24497807833528495	6.762192998633206e-15	5.616683330271499e-8	5.798722726323083e-8	2.9729803802835983e-16	6.005916606274271e-8	0.9999997687466627	5.704010344550973e-8	2.758261818698702e-8	0.2291014642844517	0.23652675243771124	1.2126625596657856e-9	0.24497807833528495	5.704010344550973e-8	0.2893936191071684
0.9978871787170106	0.0005298164449085964	0.0005260884054085245	4.387631876204025e-6	0.000511478746315382	6.422772434328699e-5	0.00047682233013754	0.0005298164449085964	0.2575182516302705	0.24657682615126714	0.0020564763093655278	0.23972930141340165	0.030103435575981174	0.22348589247479583	0.0005260884054085245	0.24657682615126714	0.26100767359154886	0.0020420059678237516	0.23804245247999792	0.02989161354215493	0.22191333986178924	4.387631876204025e-6	0.0020564763093655278	0.0020420059678237516	0.9918117519103159	0.001985298747612538	0.0002492991578228874	0.001850780275182828	0.000511478746315382	0.23972930141340165	0.23804245247999792	0.001985298747612538	0.2749192268696794	0.02906151297520606	0.21575072876777773	6.422772434328699e-5	0.030103435575981174	0.02989161354215493	0.0002492991578228874	0.02906151297520606	0.8835375275501327	0.02709238347435781	0.00047682233013754	0.22348589247479583	0.22191333986178924	0.001850780275182828	0.21575072876777773	0.02709238347435781	0.30943005281595026
0.8901868442484057	0.002688520374769698	0.00025461875403458723	0.02777960222115311	0.02292901456351348	0.026001975710954563	0.03015942412716831	0.002688520374769698	0.9134567987246252	0.0001993096573516931	0.021745228551830285	0.01794830099374797	0.020353743733713424	0.023608097963961298	0.00025461875403458723	0.0001993096573516931	0.9916234139832822	0.0020594015399785256	0.00169981008102173	0.0019276197115899985	0.002235826272741272	0.02777960222115311	0.021745228551830285	0.0020594015399785256	0.3087185001631156	0.1854539273092011	0.2103085808610549	0.2439347593536605	0.02292901456351348	0.01794830099374797	0.00169981008102173	0.1854539273092011	0.39704089443873647	0.1735866653167223	0.20134138729705212	0.026001975710954563	0.020353743733713424	0.0019276197115899985	0.2103085808610549	0.1735866653167223	0.33949612630233994	0.2283252883636194	0.03015942412716831	0.023608097963961298	0.002235826272741272	0.2439347593536605	0.20134138729705212	0.2283252883636194	0.2703952166217906
0.9270203224466578	0.0011955806029058475	8.136922653282826e-5	0.01935588312680036	0.019806001176738294	0.01689064668360115	0.015650196736763756	0.0011955806029058475	0.9409827150658373	6.554247470011045e-5	0.015591059841582496	0.01595362751190707	0.013605325134580137	0.012606149368487016	8.136922653282826e-5	6.554247470011045e-5	0.9959223000220497	0.0010611015911877525	0.0010857773435614662	0.0009259557910505963	0.0008579535509174433	0.01935588312680036	0.015591059841582496	0.0010611015911877525	0.2813589446272484	0.25828166567645283	0.22026376353630994	0.20408758160041693	0.019806001176738294	0.01595362751190707	0.0010857773435614662	0.25828166567645283	0.27065335866130513	0.22538596307974884	0.20883360655028518	0.01689064668360115	0.013605325134580137	0.0009259557910505963	0.22026376353630994	0.22538596307974884	0.3448341089609785	0.17809423681372988	0.015650196736763756	0.012606149368487016	0.0008579535509174433	0.20408758160041693	0.20883360655028518	0.17809423681372988	0.379870275379399
0.990826836639982	0.0010555890890810108	0.00040467689621280766	0.002083902388900595	0.002059486638599103	0.0019443290611295418	0.0016251792860949967	0.0010555890890810108	0.5550256988114525	0.022130212867453338	0.11396055443974004	0.11262535157407788	0.10632782946062992	0.08887476375756546	0.00040467689621280766	0.022130212867453338	0.8157657686146151	0.04368859430094533	0.043176723008337504	0.04076246756645877	0.03407155674597728	0.002083902388900595	0.11396055443974004	0.04368859430094533	0.23256514884380547	0.22234053157968778	0.20990821154898937	0.17545305689793192	0.002059486638599103	0.11262535157407788	0.043176723008337504	0.22234053157968778	0.23895167004961082	0.20744885140491046	0.1733973857447771	0.0019443290611295418	0.10632782946062992	0.04076246756645877	0.20990821154898937	0.20744885140491046	0.26990655639986827	0.16370175455801392	0.0016251792860949967	0.08887476375756546	0.03407155674597728	0.17545305689793192	0.1733973857447771	0.16370175455801392	0.36287630300963974
0.9980777041183649	0.00029917063323624504	0.00029276028626073157	0.0003506516836884801	0.0003580689402651996	0.0003507654053624844	0.0002708789328220951	0.00029917063323624504	0.3003437025913769	0.12614183214462324	0.15108553960651963	0.15428141820748836	0.15113453894484066	0.11671379787191635	0.00029276028626073157	0.12614183214462324	0.3126324311943446	0.1478482207514444	0.15097562107129905	0.1478961701780251	0.11421296437400372	0.0003506516836884801	0.15108553960651963	0.1478482207514444	0.20594607220387168	0.18083004495157823	0.17714165314695746	0.13679781765594154	0.0003580689402651996	0.15428141820748836	0.15097562107129905	0.18083004495157823	0.1929746846714191	0.18088869088536028	0.13969147127259102	0.0003507654053624844	0.15113453894484066	0.1478961701780251	0.17714165314695746	0.18088869088536028	0.20574599817072003	0.13684218326873518	0.0002708789328220951	0.11671379787191635	0.11421296437400372	0.13679781765594154	0.13969147127259102	0.13684218326873518	0.3554708866239911
0.9977227445470604	0.00039289861501776906	0.0003775955081313902	0.0003952218857923103	0.00039845099212106673	0.0003934985598097461	0.00031958989206721806	0.00039289861501776906	0.19592412329976025	0.1610454433998473	0.16856313824739375	0.16994036029930143	0.16782813533817492	0.13630590080050742	0.0003775955081313902	0.1610454433998473	0.22096967723113625	0.16199773021818328	0.16332131050231413	0.16129135512197182	0.13099688801841863	0.0003952218857923103	0.16856313824739375	0.16199773021818328	0.19216623738298408	0.17094524414823153	0.16882052927155464	0.13711189884586325	0.00039845099212106673	0.16994036029930143	0.16332131050231413	0.17094524414823153	0.1869626269058543	0.17019985430159928	0.13823215285058113	0.0003934985598097461	0.16782813533817492	0.16129135512197182	0.16882052927155464	0.17019985430159928	0.19495259144841992	0.13651403595847253	0.00031958989206721806	0.13630590080050742	0.13099688801841863	0.13711189884586325	0.13823215285058113	0.13651403595847253	0.32051953363409214
0.9978783475593804	0.0004221414270569207	0.0004121616072519095	0.0002315127707271002	0.00044370772478172726	0.0002828724182911669	0.0003292564925107523	0.0004221414270569207	0.24243818889523555	0.183619818099544	0.10313996282203365	0.19767375291698966	0.12602091286065936	0.14668522297848768	0.0004121616072519095	0.183619818099544	0.25600671664825486	0.1007016372332952	0.19300055974557917	0.12304166012353618	0.14321744654254498	0.0002315127707271002	0.10313996282203365	0.1007016372332952	0.5379589542481071	0.10840916172784376	0.06911297692182138	0.08044579427617549	0.00044370772478172726	0.19767375291698966	0.19300055974557917	0.10840916172784376	0.21383471199977022	0.132459050300173	0.15417905558486947	0.0002828724182911669	0.12602091286065936	0.12304166012353618	0.06911297692182138	0.132459050300173	0.4507903411743595	0.09829218620116378	0.0003292564925107523	0.14668522297848768	0.14321744654254498	0.08044579427617549	0.15417905558486947	0.09829218620116378	0.376851037924253
0.9862083909087952	0.002702309087009748	0.002392561530580504	0.0011125105763969449	0.0027735017342767395	0.002681255165733402	0.0021294709972073315	0.002702309087009748	0.2217727538641474	0.1673226560456502	0.07780289958789446	0.19396352854248416	0.18751230851637957	0.14892354435643682	0.002392561530580504	0.1673226560456502	0.2917966474673911	0.0688848753151318	0.1717307908844431	0.16601903091813663	0.13185343783866899	0.0011125105763969449	0.07780289958789446	0.0688848753151318	0.6338401921493345	0.07985262602863977	0.07719673054125607	0.06131016580134747	0.0027735017342767395	0.19396352854248416	0.1717307908844431	0.07985262602863977	0.20638025825456724	0.19245234209825157	0.1528469524573399	0.002681255165733402	0.18751230851637957	0.16601903091813663	0.07719673054125607	0.19245234209825157	0.22637506447812816	0.14776326828211683	0.0021294709972073315	0.14892354435643682	0.13185343783866899	0.06131016580134747	0.1528469524573399	0.14776326828211683	0.35517316026688467
0.9899738531005822	0.0015126511427769954	0.0014814275997387712	0.0018823594035896998	0.0018569500085139192	0.0018559729348684292	0.0014367858099300294	0.0015126511427769954	0.3239132931949493	0.11738217210554175	0.1491503435710347	0.147137008605216	0.14705958934636398	0.11384494203412066	0.0014814275997387712	0.11738217210554175	0.33544584990383813	0.14607164152271807	0.1440998650162016	0.14402404381488737	0.11149500003707782	0.0018823594035896998	0.1491503435710347	0.14607164152271807	0.19512436037295489	0.183098881117838	0.18300253975676817	0.1416698742551007	0.0018569500085139192	0.147137008605216	0.1440998650162016	0.183098881117838	0.20351753506412704	0.1805322443266376	0.13975751586147023	0.0018559729348684292	0.14705958934636398	0.14402404381488737	0.18300253975676817	0.1805322443266376	0.20384163034118408	0.13968397947929445	0.0014367858099300294	0.11384494203412066	0.11149500003707782	0.1416698742551007	0.13975751586147023	0.13968397947929445	0.3521119025230093
