0.9971641308285942	0.0005662668534055506	0.0005006532080522232	9.129874019255662e-6	0.0005917332661248897	0.0005741997550539878	0.0005938862147499864	0.0005662668534055506	0.2452867818130378	0.16635781851888803	0.0030336885907604437	0.19662204039512524	0.19079597835094125	0.19733742547784094	0.0005006532080522232	0.16635781851888803	0.31345983892095314	0.0026821734594941705	0.1738393386538071	0.16868834555719545	0.174471831681609	9.129874019255662e-6	0.0030336885907604437	0.0026821734594941705	0.9848470440235645	0.0031701210258387605	0.0030761879054876885	0.0031816551208350852	0.0005917332661248897	0.19662204039512524	0.1738393386538071	0.0031701210258387605	0.22018804932817848	0.19937654262139717	0.2062121747095276	0.0005741997550539878	0.19079597835094125	0.16868834555719545	0.0030761879054876885	0.19937654262139717	0.23738679618863912	0.20010194962128464	0.0005938862147499864	0.19733742547784094	0.174471831681609	0.0031816551208350852	0.2062121747095276	0.20010194962128464	0.21810107717415192
0.9997828105805856	4.9753465615747824e-5	4.7266277351065086e-5	1.2063248122087782e-9	2.9687579684255085e-5	3.982132522008832e-5	5.065956521845245e-5	4.9753465615747824e-5	0.2481489856596605	0.21222948896694444	5.416498035622117e-6	0.1332996846410821	0.17880103902989944	0.2274656317387662	4.7266277351065086e-5	0.21222948896694444	0.27512480148813806	5.145725935967368e-6	0.12663599986612104	0.16986273010037056	0.2160945675751427	1.2063248122087782e-9	5.416498035622117e-6	5.145725935967368e-6	0.999976354219071	3.2319902754924054e-6	4.335218203618113e-6	5.515142153321008e-6	2.9687579684255085e-5	0.1332996846410821	0.12663599986612104	3.2319902754924054e-6	0.49761463133701245	0.10668945425477287	0.13572731033105428	3.982132522008832e-5	0.17880103902989944	0.16986273010037056	4.335218203618113e-6	0.10668945425477287	0.3625452943001386	0.18205732577139802	5.065956521845245e-5	0.2274656317387662	0.2160945675751427	5.515142153321008e-6	0.13572731033105428	0.18205732577139802	0.2385989898762711
0.9994124546783976	0.00013967880086859232	0.0001368655453017417	3.340152125304312e-9	4.0766744931118366e-5	0.00012821716950012934	0.00014201372084889373	0.00013967880086859232	0.25606118949649714	0.22730092347291667	5.547193495250217e-6	0.06770380923408435	0.21293804052883142	0.23585081127330126	0.0001368655453017417	0.22730092347291667	0.2664667371006902	5.435468073182827e-6	0.06634019416121462	0.2086492785679124	0.23110056568388593	3.340152125304312e-9	5.547193495250217e-6	5.435468073182827e-6	0.9999766630613531	1.6190074721301094e-6	5.09200712067711e-6	5.639922333456976e-6	4.0766744931118366e-5	0.06770380923408435	0.06634019416121462	1.6190074721301094e-6	0.7349298070425879	0.06214823387936849	0.06883556993033989	0.00012821716950012934	0.21293804052883142	0.2086492785679124	5.09200712067711e-6	0.06214823387936849	0.2996335501122317	0.21649758773503028	0.00014201372084889373	0.23585081127330126	0.23110056568388593	5.639922333456976e-6	0.06883556993033989	0.21649758773503028	0.24756781173425502
0.999190958044297	0.00021429666862375762	0.00020004709656276984	7.803383893289384e-9	0.0001148418601280634	5.223672744248213e-5	0.00022761179956203495	0.00021429666862375762	0.3117326864012957	0.2314318605096864	9.027632411193827e-6	0.1328590407483937	0.06043198440102191	0.26332110363856714	0.00020004709656276984	0.2314318605096864	0.34210977882467397	8.427343571383304e-6	0.12402463148176233	0.0564135835456043	0.24581167119813854	7.803383893289384e-9	9.027632411193827e-6	8.427343571383304e-6	0.9999659101785328	4.837919811409311e-6	2.2005660505268787e-6	9.588556238846626e-6	0.0001148418601280634	0.1328590407483937	0.12402463148176233	4.837919811409311e-6	0.5694969520242661	0.03238557810727471	0.14111411785836356	5.223672744248213e-5	0.06043198440102191	0.0564135835456043	2.2005660505268787e-6	0.03238557810727471	0.7865275452049159	0.06418687144769032	0.00022761179956203495	0.26332110363856714	0.24581167119813854	9.588556238846626e-6	0.14111411785836356	0.06418687144769032	0.2853290355014392
0.999921978300889	2.015286475248577e-5	1.8702036723103076e-5	7.886508100469539e-11	1.803132318046698e-5	2.445447901032981e-9	2.1132950141873244e-5	2.015286475248577e-5	0.2968792826713848	0.22722788047178405	9.58202866631903e-7	0.2190787778390931	2.9711948039833538e-5	0.25676323600208334	1.8702036723103076e-5	0.22722788047178405	0.3311393581085096	8.892207346214684e-7	0.20330704337674307	2.7572950554702522e-5	0.23827855383495491	7.886508100469539e-11	9.58202866631903e-7	8.892207346214684e-7	0.9999962902480393	8.573304973209141e-7	1.1627305684566483e-10	1.0048027243290221e-6	1.803132318046698e-5	0.2190787778390931	0.20330704337674307	8.573304973209141e-7	0.3478355665466567	2.6584098291107673e-5	0.2297331394855422	2.445447901032981e-9	2.9711948039833538e-5	2.7572950554702522e-5	1.1627305684566483e-10	2.6584098291107673e-5	0.9998849715252798	3.115691611368958e-5	2.1132950141873244e-5	0.25676323600208334	0.23827855383495491	1.0048027243290221e-6	0.2297331394855422	3.115691611368958e-5	0.2751717760084442
0.999906186199287	2.365576946950919e-5	2.2939760394020368e-5	2.839065507798484e-9	2.3223770662384384e-5	2.085218759890329e-9	2.398957590286711e-5	2.365576946950919e-5	0.26899009740931606	0.23901254148928017	2.958061683374647e-5	0.24197168382053272	2.1726183133648913e-5	0.2499507147114263	2.2939760394020368e-5	0.23901254148928017	0.28388179544176506	2.868527541867141e-5	0.23464772330214306	2.1068578471096056e-5	0.24238524615252038	2.839065507798484e-9	2.958061683374647e-5	2.868527541867141e-5	0.9998826902132623	2.904041917910389e-5	2.6074847081326243e-9	2.9998028755794807e-5	2.3223770662384384e-5	0.24197168382053272	0.23464772330214306	2.904041917910389e-5	0.2779208543402816	2.1329422199314946e-5	0.24538614492499403	2.085218759890329e-9	2.1726183133648913e-5	2.1068578471096056e-5	2.6074847081326243e-9	2.1329422199314946e-5	0.9999138383623076	2.2032761184795047e-5	2.398957590286711e-5	0.2499507147114263	0.24238524615252038	2.9998028755794807e-5	0.24538614492499403	2.2032761184795047e-5	0.26220187384520793
0.9890727722516929	0.002101916689095965	0.0021332656341604816	0.002011041443712956	0.002157562502353874	0.0003235988718544765	0.0021998426071293364	0.002101916689095965	0.23474800725385186	0.18446962606040812	0.17390054814233435	0.18657064626075365	0.02798252684929087	0.190226728744262	0.0021332656341604816	0.18446962606040812	0.226085953899348	0.17649418030610392	0.1893532460519924	0.02839987102925553	0.19306385701872822	0.002011041443712956	0.17390054814233435	0.17649418030610392	0.2603147711102642	0.17850436402027878	0.026772717246913314	0.18200237773038952	0.002157562502353874	0.18657064626075365	0.1893532460519924	0.17850436402027878	0.21942808791099158	0.028723331882914628	0.19526276137071155	0.0003235988718544765	0.02798252684929087	0.02839987102925553	0.026772717246913314	0.028723331882914628	0.8585117530359939	0.029286201083776754	0.0021998426071293364	0.190226728744262	0.19306385701872822	0.18200237773038952	0.19526276137071155	0.029286201083776754	0.20795823144499923
0.9831085591024102	0.0006925463338688806	0.0003722888564145729	0.004895899766439299	0.004867205052088463	0.0027105387645342018	0.0033529621242442916	0.0006925463338688806	0.8654020257371452	0.003077462998187167	0.040471129109682244	0.04023392909647554	0.022406211223569252	0.027716695501071514	0.0003722888564145729	0.003077462998187167	0.9262216779556752	0.021755873415543563	0.02162836292658476	0.012044800968631322	0.014899532878963253	0.004895899766439299	0.040471129109682244	0.021755873415543563	0.29410682378099706	0.28443047697031665	0.15839888095780671	0.19594091599921284	0.004867205052088463	0.04023392909647554	0.02162836292658476	0.28443047697031665	0.29657700338871185	0.15747051010476495	0.19479251246105636	0.0027105387645342018	0.022406211223569252	0.012044800968631322	0.15839888095780671	0.15747051010476495	0.5384894171157268	0.108479640864966	0.0033529621242442916	0.027716695501071514	0.014899532878963253	0.19594091599921284	0.19479251246105636	0.108479640864966	0.4548177401704847
0.9786460839558417	0.0016692989126290048	0.001163704989914819	0.00471666199853947	0.004624755605642487	0.00444205435162711	0.004737440185805279	0.0016692989126290048	0.6785470499101572	0.018904804095582314	0.07662386243956326	0.07513081019014714	0.0721627629229177	0.07696141152900232	0.001163704989914819	0.018904804095582314	0.7701822284787655	0.053416179926119425	0.05237534036185427	0.05030624932666136	0.05365149282110167	0.00471666199853947	0.07662386243956326	0.053416179926119425	0.23160305538758214	0.2122847110618742	0.20389839052377337	0.21745713866254598	0.004624755605642487	0.07513081019014714	0.05237534036185427	0.2122847110618742	0.24243916563829349	0.19992533381622404	0.21321988332596215	0.00444205435162711	0.0721627629229177	0.05030624932666136	0.20389839052377337	0.19992533381622404	0.2644685903086158	0.20479661875017838	0.004737440185805279	0.07696141152900232	0.05365149282110167	0.21745713866254598	0.21321988332596215	0.20479661875017838	0.22917601472540208
0.9955144651427674	0.0006568600538328371	0.0005305646037077225	0.0008207223757729702	0.0008587919153566525	0.0008448646527217402	0.0007737312558406636	0.0006568600538328371	0.3521563722538647	0.0896849193409273	0.13873224779435417	0.1451673992595085	0.14281317996684703	0.13078902133066347	0.0005305646037077225	0.0896849193409273	0.4594743693035498	0.1120579941541475	0.1172558495679244	0.11535427948649897	0.10564202354324283	0.0008207223757729702	0.13873224779435417	0.1120579941541475	0.22515188726766946	0.18138130353618273	0.1784397934844002	0.1634160513874709	0.0008587919153566525	0.1451673992595085	0.1172558495679244	0.18138130353618273	0.19762368912025574	0.18671679552782638	0.17099617107294332	0.0008448646527217402	0.14281317996684703	0.11535427948649897	0.1784397934844002	0.18671679552782638	0.20760800733595303	0.16822307954575044	0.0007737312558406636	0.13078902133066347	0.10564202354324283	0.1634160513874709	0.17099617107294332	0.16822307954575044	0.2601599218640865
0.9931730858700102	0.0010786076044376842	0.0005340066443759326	0.0013046843777583556	0.0013618692357870717	0.0013490424096067126	0.0011987038580240552	0.0010786076044376842	0.3387338067159385	0.06133015971230944	0.14984177089329362	0.15640939793120348	0.15493624903590691	0.13767000810690694	0.0005340066443759326	0.06133015971230944	0.6416481738264402	0.07418499640913472	0.07743655560600807	0.07670721595087596	0.06815889185085396	0.0013046843777583556	0.14984177089329362	0.07418499640913472	0.23153895407833777	0.18919289756149768	0.18741097581173638	0.16652572086823703	0.0013618692357870717	0.15640939793120348	0.07743655560600807	0.18919289756149768	0.20614939060288073	0.19562527670129776	0.17382461236132077	0.0013490424096067126	0.15493624903590691	0.07670721595087596	0.18741097581173638	0.19562527670129776	0.21178380259893553	0.17218743749163634	0.0011987038580240552	0.13767000810690694	0.06815889185085396	0.16652572086823703	0.17382461236132077	0.17218743749163634	0.280434625463017
0.9951353835248725	0.0004545969320711447	0.000216481333428057	0.0012392416964653748	0.0012698104469413985	0.000535617458119251	0.0011488686081021725	0.0004545969320711447	0.6774687242119981	0.015810267556431543	0.09050546057688125	0.09273798620040041	0.03911771600194512	0.08390524852026947	0.000216481333428057	0.015810267556431543	0.8381276537800527	0.04309915313097058	0.0441622930023503	0.018628052068410873	0.039956099128354385	0.0012392416964653748	0.09050546057688125	0.04309915313097058	0.2769868285681954	0.2528058841536152	0.10663579386522265	0.22872763800864113	0.0012698104469413985	0.09273798620040041	0.0441622930023503	0.2528058841536152	0.26538808291768	0.10926621130822528	0.23436973197077868	0.000535617458119251	0.03911771600194512	0.018628052068410873	0.10663579386522265	0.10926621130822528	0.6269573501065538	0.09885925919151926	0.0011488686081021725	0.08390524852026947	0.039956099128354385	0.22872763800864113	0.23436973197077868	0.09885925919151926	0.31303315457232705
0.9999414840224913	9.232098232975574e-6	1.1828260422053128e-5	1.2367225956341403e-5	1.2256426216690463e-5	5.2642340667380454e-8	1.2779324339986264e-5	9.232098232975574e-6	0.39584964139383116	0.14499545654731336	0.15160230750586118	0.1502440808298524	0.000645310463790171	0.15665397116111784	1.1828260422053128e-5	0.14499545654731336	0.2667305001571151	0.1942344555388842	0.19249428137364102	0.0008267784880713826	0.20070669963455148	1.2367225956341403e-5	0.15160230750586118	0.1942344555388842	0.2421688739934105	0.20126545984841912	0.0008644514081510452	0.20985208447931597	1.2256426216690463e-5	0.1502440808298524	0.19249428137364102	0.20126545984841912	0.2471552251061559	0.0008567066648026058	0.20797198975091066	5.2642340667380454e-8	0.000645310463790171	0.0008267784880713826	0.0008644514081510452	0.0008567066648026058	0.9959134438370124	0.0008932564958316747	1.2779324339986264e-5	0.15665397116111784	0.20070669963455148	0.20985208447931597	0.20797198975091066	0.0008932564958316747	0.2239092191539309
0.9999999872578881	3.92572360467161e-9	3.981642496435515e-9	9.995524744222631e-13	4.727656156425406e-10	3.828203149895433e-10	3.978160317969352e-9	3.92572360467161e-9	0.3258985643676307	0.3044365580119455	7.642582555763247e-5	0.0361476794818875	0.02927045789188744	0.30417031049535626	3.981642496435515e-9	0.3044365580119455	0.3206329745395604	7.75144522409371e-5	0.036662575175017455	0.02968739289077239	0.3085029809488091	9.995524744222631e-13	7.642582555763247e-5	7.75144522409371e-5	0.9997519565481853	9.20378154685853e-6	7.452730135787577e-6	7.744666133388015e-5	4.727656156425406e-10	0.0361476794818875	0.036662575175017455	9.20378154685853e-6	0.8870250574069127	0.003524972066023682	0.036630511615844866	3.828203149895433e-10	0.02927045789188744	0.02968739289077239	7.452730135787577e-6	0.003524972066023682	0.9078482945032454	0.029661429535113682	3.978160317969352e-9	0.30417031049535626	0.3085029809488091	7.744666133388015e-5	0.036630511615844866	0.029661429535113682	0.3209573167653702
0.9999999998349454	3.066482047667488e-11	6.330177569849068e-11	3.6475687240648216e-20	7.837392317940177e-14	7.001873082413705e-11	9.909797758710755e-13	3.066482047667488e-11	0.6452875442673973	0.1670805242685154	9.627497617522937e-11	0.00020686238307382937	0.1848094484811082	0.0026156204729653903	6.330177569849068e-11	0.1670805242685154	0.4455885129283994	1.987416476759606e-10	0.0004270286266229829	0.38150447558013634	0.005399458334281728	3.6475687240648216e-20	9.627497617522937e-11	1.987416476759606e-10	0.9999999994817959	2.4606201730727844e-13	2.1983013554705645e-10	3.111270597024779e-12	7.837392317940177e-14	0.00020686238307382937	0.0004270286266229829	2.4606201730727844e-13	0.9988870832618719	0.0004723406591962076	6.685068910499247e-6	7.001873082413705e-11	0.1848094484811082	0.38150447558013634	2.1983013554705645e-10	0.0004723406591962076	0.42724133981544266	0.005972395174267284	9.909797758710755e-13	0.0026156204729653903	0.005399458334281728	3.111270597024779e-12	6.685068910499247e-6	0.005972395174267284	0.9860058409454729
0.9999920403297244	1.8265720144980373e-6	1.39596687400923e-6	5.300934144209781e-10	2.27857491664612e-6	2.266969293766104e-6	1.9105708322311536e-7	1.8265720144980373e-6	0.3874505626544686	0.13942319803069256	5.294346196147155e-5	0.22757431264749356	0.22641519269472365	0.019081963938642	1.39596687400923e-6	0.13942319803069256	0.4989876874609577	4.046230781319213e-5	0.17392481616369476	0.17303895289401436	0.014583487175950895	5.300934144209781e-10	5.294346196147155e-5	4.046230781319213e-5	0.9997693026059808	6.604483341926658e-5	6.570844271109286e-5	5.537818020754298e-6	2.27857491664612e-6	0.22757431264749356	0.17392481616369476	6.604483341926658e-5	0.29218474655898163	0.28244382084413533	0.023803980377354112	2.266969293766104e-6	0.22641519269472365	0.17303895289401436	6.570844271109286e-5	0.28244382084413533	0.2943513202338635	0.023682737921253742	1.9105708322311536e-7	0.019081963938642	0.014583487175950895	5.537818020754298e-6	0.023803980377354112	0.023682737921253742	0.9188421017116948
0.9999999977520211	1.009310226459087e-15	1.6774681327531517e-15	2.2448092053053764e-9	8.548304576672124e-17	3.166911634120766e-12	2.6378123227514356e-17	1.009310226459087e-15	0.9999995526287105	3.338338325786384e-13	4.467406836426492e-7	1.701202677511555e-14	6.302487824440776e-10	5.249524447787859e-15	1.6774681327531517e-15	3.338338325786384e-13	0.9999992564715596	7.424805979069097e-7	2.827389641033869e-14	1.047470064744528e-9	8.724681215374244e-15	2.2448092053053764e-9	4.467406836426492e-7	7.424805979069097e-7	0.998597021249574	3.7836488033670915e-8	0.0014017377723659873	1.1675479446207205e-8	8.548304576672124e-17	1.701202677511555e-14	2.827389641033869e-14	3.7836488033670915e-8	0.9999999621100873	5.337861848789194e-11	4.446059564838481e-16	3.166911634120766e-12	6.302487824440776e-10	1.047470064744528e-9	0.0014017377723659873	5.337861848789194e-11	0.9985982604768983	1.647142732876556e-11	2.6378123227514356e-17	5.249524447787859e-15	8.724681215374244e-15	1.1675479446207205e-8	4.446059564838481e-16	1.647142732876556e-11	0.9999999883080347
1.0	2.183509503239839e-36	2.5364976290441145e-33	6.406785923294667e-20	8.326185957768857e-41	5.652413811188124e-32	2.142775338578933e-38	2.183509503239839e-36	1.0	1.3425553590894316e-30	3.3910793676158383e-17	4.407008092726011e-38	2.991794026183083e-29	1.1341601431805578e-35	2.5364976290441145e-33	1.3425553590894316e-30	0.9999999999999607	3.939284332445241e-14	5.119449016270166e-35	3.4754501607352e-26	1.3175095001259666e-32	6.406785923294667e-20	3.3910793676158383e-17	3.939284332445241e-14	0.9999999999990721	1.2930906584298641e-21	8.778429323942102e-13	3.327817547535044e-19	8.326185957768857e-41	4.407008092726011e-38	5.119449016270166e-35	1.2930906584298641e-21	1.0	1.1408346687926539e-33	4.3247937524427725e-40	5.652413811188124e-32	2.991794026183083e-29	3.4754501607352e-26	8.778429323942102e-13	1.1408346687926539e-33	0.9999999999991223	2.9359810195013024e-31	2.142775338578933e-38	1.1341601431805578e-35	1.3175095001259666e-32	3.327817547535044e-19	4.3247937524427725e-40	2.9359810195013024e-31	1.0
1.0	8.37496103196407e-36	1.9036727919689186e-31	2.506547940673462e-20	1.6940306032212103e-41	1.1126740580720034e-30	2.305991171925799e-37	8.37496103196407e-36	0.9999999999999998	2.5249114262783914e-27	3.3245269684057797e-16	2.2468552603069116e-37	1.4757806356227086e-26	3.058521130026011e-33	1.9036727919689186e-31	2.5249114262783914e-27	0.9999999999924432	7.556825054786891e-12	5.107220451789274e-33	3.354527181949998e-22	6.952179761398952e-29	2.506547940673462e-20	3.3245269684057797e-16	7.556825054786891e-12	0.9999999999482572	6.724628812264289e-22	4.416874178862142e-11	9.153869266631182e-18	1.6940306032212103e-41	2.2468552603069116e-37	5.107220451789274e-33	6.724628812264289e-22	1.0	2.985109483906246e-32	6.186570152491437e-39	1.1126740580720034e-30	1.4757806356227086e-26	3.354527181949998e-22	4.416874178862142e-11	2.985109483906246e-32	0.9999999999558313	4.063466211313126e-28	2.305991171925799e-37	3.058521130026011e-33	6.952179761398952e-29	9.153869266631182e-18	6.186570152491437e-39	4.063466211313126e-28	1.0
0.9999999999469629	6.1414212089541245e-18	1.6998753172920024e-15	5.300584690886409e-11	1.741258403735285e-20	2.958393527443122e-14	7.081222205851708e-18	6.1414212089541245e-18	0.9999998847162406	3.694920677171881e-12	1.1521574421503638e-7	3.784872699081386e-17	6.430488933255883e-11	1.53920432174589e-14	1.6998753172920024e-15	3.694920677171881e-12	0.9999680917897809	3.189040339213643e-5	1.0476095778743172e-14	1.7798859651286794e-8	4.260341940054939e-12	5.300584690886409e-11	1.1521574421503638e-7	3.189040339213643e-5	0.999412853607537	3.266676816834268e-10	0.0005550075468660991	1.3284682138553198e-7	1.741258403735285e-20	3.784872699081386e-17	1.0476095778743172e-14	3.266676816834268e-10	0.9999999996731395	1.823216892994287e-13	4.364059016825076e-17	2.958393527443122e-14	6.430488933255883e-11	1.7798859651286794e-8	0.0005550075468660991	1.823216892994287e-13	0.9994449745156122	7.414524990121935e-11	7.081222205851708e-18	1.53920432174589e-14	4.260341940054939e-12	1.3284682138553198e-7	4.364059016825076e-17	7.414524990121935e-11	0.9999998670747577
0.9863920814044842	0.0020042842760592157	0.0015459956145185898	0.0025515466061904603	0.0023610694415414	0.002508315246649064	0.0026367074105570903	0.0020042842760592157	0.35596781777819586	0.08553977894308541	0.14117681227994666	0.13063773027688427	0.13878482558616062	0.14588875085967237	0.0015459956145185898	0.08553977894308541	0.4836696308575545	0.10889609586003826	0.10076682260653455	0.10705104773849584	0.11253062837977633	0.0025515466061904603	0.14117681227994666	0.10889609586003826	0.2186650385464641	0.166307874242167	0.17667950347410744	0.18572312899109172	0.0023610694415414	0.13063773027688427	0.10076682260653455	0.166307874242167	0.26457782550875975	0.16349008698776807	0.17185859093635	0.002508315246649064	0.13878482558616062	0.10705104773849584	0.17667950347410744	0.16349008698776807	0.22890983573698226	0.18257638522984232	0.0026367074105570903	0.14588875085967237	0.11253062837977633	0.18572312899109172	0.17185859093635	0.18257638522984232	0.19878580819271593
0.9910536719244063	0.001961400517333056	0.0018462268030063947	0.00033152541833038704	0.001938433991096889	0.0008894203443158207	0.001979321001511051	0.001961400517333056	0.23343441071575313	0.2020969774157503	0.03629038689718954	0.21219042529482432	0.09736028257503347	0.21666611658411372	0.0018462268030063947	0.2020969774157503	0.2665800870195948	0.03415941027290267	0.19973057366850347	0.09164327308463788	0.2039434517356021	0.00033152541833038704	0.03629038689718954	0.03415941027290267	0.8402749602472731	0.03586545373569113	0.016456306666697892	0.03662195676191491	0.001938433991096889	0.21219042529482432	0.19973057366850347	0.03586545373569113	0.23992572732137668	0.09622026682385969	0.2141291191646456	0.0008894203443158207	0.09736028257503347	0.09164327308463788	0.016456306666697892	0.09622026682385969	0.5991806283447864	0.09824982216066759	0.001979321001511051	0.21666611658411372	0.2039434517356021	0.03662195676191491	0.2141291191646456	0.09824982216066759	0.2284102125915425
0.9998198190433708	4.4068493895945496e-5	4.269209263512645e-5	3.2225498981672793e-6	4.365756512150345e-5	2.18832130261615e-6	4.4351933775785484e-5	4.4068493895945496e-5	0.2579028673441172	0.23274722622189417	0.01756858246725905	0.2380107546490042	0.011930211939227482	0.24179628888460172	4.269209263512645e-5	0.23274722622189417	0.2738115084487844	0.01701985894800659	0.23057691078856038	0.01155759292497744	0.23424421057514191	3.2225498981672793e-6	0.01756858246725905	0.01701985894800659	0.9294495885838633	0.017404759394952538	0.00087240792391611	0.01768158013210407	4.365756512150345e-5	0.2380107546490042	0.23057691078856038	0.017404759394952538	0.26260335921970535	0.011818965401449352	0.23954159298120656	2.18832130261615e-6	0.011930211939227482	0.01155759292497744	0.00087240792391611	0.011818965401449352	0.9518116887746314	0.012006944714495559	4.4351933775785484e-5	0.24179628888460172	0.23424421057514191	0.01768158013210407	0.23954159298120656	0.012006944714495559	0.2546850307786742
0.9996523280778884	6.973816450536792e-5	6.818917600607952e-5	4.8933068262218375e-5	6.927758931642352e-5	2.0691067886974473e-5	7.084285613455858e-5	6.973816450536792e-5	0.22041699857893976	0.19124833041180248	0.1372412478813597	0.1943009736697693	0.0580316762805335	0.1986910350130921	6.818917600607952e-5	0.19124833041180248	0.23348478786748347	0.13419291536351932	0.18998525965937488	0.0567427063199597	0.19427781120185603	4.8933068262218375e-5	0.1372412478813597	0.13419291536351932	0.4120478236540423	0.13633485875967505	0.04071899507174052	0.1394152262014021	6.927758931642352e-5	0.1943009736697693	0.18998525965937488	0.13633485875967505	0.22428240545377276	0.05764841482739319	0.19737881004070032	2.0691067886974473e-5	0.0580316762805335	0.0567427063199597	0.04071899507174052	0.05764841482739319	0.7278865858602797	0.05895093057220723	7.084285613455858e-5	0.1986910350130921	0.19427781120185603	0.1394152262014021	0.19737881004070032	0.05895093057220723	0.21121534411460968
0.9933709788924588	0.0011142834788305826	0.0003923096126751392	0.0012836391990039089	0.0013507970324182156	0.0011954089693105424	0.00129258281530272	0.0011142834788305826	0.31808933052944804	0.048430765791752824	0.1584657306359475	0.1667563898400164	0.14757367637070987	0.15956982335329245	0.0003923096126751392	0.048430765791752824	0.7285377881075377	0.055791574217106	0.058710495086850285	0.05195677125070426	0.05618029593337305	0.0012836391990039089	0.1584657306359475	0.055791574217106	0.23853291937234128	0.19210106113003536	0.170002839788457	0.1838222356571063	0.0013507970324182156	0.1667563898400164	0.058710495086850285	0.19210106113003536	0.20874465151727709	0.17889710104452633	0.1934395043488735	0.0011954089693105424	0.14757367637070987	0.05195677125070426	0.170002839788457	0.17889710104452633	0.27918688651914575	0.17118731605714388	0.00129258281530272	0.15956982335329245	0.05618029593337305	0.1838222356571063	0.1934395043488735	0.17118731605714388	0.23450824183490532
0.981445465759679	0.0031403554894223204	0.00012667288755690979	0.004520483001652283	0.006490026075855546	0.0029849217864158567	0.0012920749994183242	0.0031403554894223204	0.5995443137404572	0.0032651159061163177	0.11651981127683843	0.16728668446801895	0.07693923925876366	0.03330447986038568	0.00012667288755690979	0.0032651159061163177	0.9807133614903076	0.004700073288434756	0.006747862604333281	0.003103507114454861	0.001343406708796545	0.004520483001652283	0.11651981127683843	0.004700073288434756	0.47475980635183596	0.24080605399217314	0.1107525961314904	0.0479411759575789	0.006490026075855546	0.16728668446801895	0.006747862604333281	0.24080605399217314	0.3508338255171199	0.15900673370508123	0.06882881363742357	0.0029849217864158567	0.07693923925876366	0.003103507114454861	0.1107525961314904	0.15900673370508123	0.615556946549132	0.03165605545466459	0.0012920749994183242	0.03330447986038568	0.001343406708796545	0.0479411759575789	0.06882881363742357	0.03165605545466459	0.8156339933817335
0.9997970685116865	7.457336614620437e-5	1.8139145180234442e-5	2.838372907609092e-7	8.472215267120251e-5	2.295117268289152e-8	2.5190035852417658e-5	7.457336614620437e-5	0.4461177624874357	0.0782622669470432	0.0012246304662284365	0.3655380483919862	9.902400501283858e-5	0.1086836943361418	1.8139145180234442e-5	0.0782622669470432	0.8060484442015922	0.000297877794271815	0.0889130807865414	2.4086492216733138e-5	0.02643610463315315	2.838372907609092e-7	0.0012246304662284365	0.000297877794271815	0.9966718727223913	0.0013912920213658925	3.7690004830993355e-7	0.00041366625840353574	8.472215267120251e-5	0.3655380483919862	0.0889130807865414	0.0013912920213658925	0.42048575648597525	0.0001125003108263022	0.12347459985062748	2.295117268289152e-8	9.902400501283858e-5	2.4086492216733138e-5	3.7690004830993355e-7	0.0001125003108263022	0.9997305401568465	3.3449183876626576e-5	2.5190035852417658e-5	0.1086836943361418	0.02643610463315315	0.00041366625840353574	0.12347459985062748	3.3449183876626576e-5	0.7409332957019432
0.9999924200590671	1.8737585030752744e-6	1.713778389531204e-6	4.7077878870876296e-11	1.9741691543294897e-6	1.0807656178130611e-11	2.018177000386666e-6	1.8737585030752744e-6	0.30577411297425694	0.20850123985194477	5.7275760822625636e-6	0.2401808301875948	1.3148781235654233e-6	0.24553490077349172	1.713778389531204e-6	0.20850123985194477	0.3472449236889162	5.2385598774160975e-6	0.21967436875115168	1.2026148029937647e-6	0.22457131275491488	4.7077878870876296e-11	5.7275760822625636e-6	5.2385598774160975e-6	0.999976830254864	6.034504453012669e-6	3.303609986536847e-11	6.169024609209579e-6	1.9741691543294897e-6	0.2401808301875948	0.21967436875115168	6.034504453012669e-6	0.2814428238668024	1.3853395883115132e-6	0.2586925831812523	1.0807656178130611e-11	1.3148781235654233e-6	1.2026148029937647e-6	3.303609986536847e-11	1.3853395883115132e-6	0.9999946809022965	1.4162213449257437e-6	2.018177000386666e-6	0.24553490077349172	0.22457131275491488	6.169024609209579e-6	0.2586925831812523	1.4162213449257437e-6	0.2711915998673836
0.9999965767846325	8.96917895787304e-7	8.689163804810327e-7	1.0223716099661571e-9	6.764189295164488e-7	5.88147088101004e-9	9.740583191799884e-7	8.96917895787304e-7	0.3242504266651212	0.23242278496970054	0.0002734698783451898	0.18093245211628092	0.0015732098883045411	0.2605467595643517	8.689163804810327e-7	0.23242278496970054	0.3380909597935085	0.0002649322284440633	0.17528379369266003	0.0015240947340922721	0.25241256566521386	1.0223716099661571e-9	0.0002734698783451898	0.0002649322284440633	0.9989565738139168	0.00020623983893517175	1.7932579268125237e-6	0.0002969899600603354	6.764189295164488e-7	0.18093245211628092	0.17528379369266003	0.00020623983893517175	0.4458966378002538	0.0011864507928203978	0.19649374934011993	5.88147088101004e-9	0.0015732098883045411	0.0015240947340922721	1.7932579268125237e-6	0.0011864507928203978	0.9940059298870306	0.0017085155583545775	9.740583191799884e-7	0.2605467595643517	0.25241256566521386	0.0002969899600603354	0.19649374934011993	0.0017085155583545775	0.2885404458535803
0.999968044060739	5.6627220371212504e-6	6.182578685373456e-6	6.151861614424888e-6	1.3958918817789139e-6	6.29375439286744e-6	6.269130649395662e-6	5.6627220371212504e-6	0.2694998311062811	0.17176824445600627	0.17091484369555196	0.03878153602004207	0.17485699707432292	0.1741728849257645	6.182578685373456e-6	0.17176824445600627	0.2182063889055838	0.18660539272791954	0.042341809541731716	0.19090944885045041	0.19016253293962945	6.151861614424888e-6	0.17091484369555196	0.18660539272791954	0.2211634784408239	0.04213144159754993	0.18996094833254115	0.18921774334400565	1.3958918817789139e-6	0.03878153602004207	0.042341809541731716	0.04213144159754993	0.7907060464934664	0.04310320391646311	0.04293456653886643	6.29375439286744e-6	0.17485699707432292	0.19090944885045041	0.18996094833254115	0.04310320391646311	0.20758105469999186	0.19358205337184442	6.269130649395662e-6	0.1741728849257645	0.19016253293962945	0.18921774334400565	0.04293456653886643	0.19358205337184442	0.20992394974924689
0.9999966084475999	3.793646366816234e-8	6.909835832619221e-7	1.3284451213733005e-6	1.4514237415007503e-8	1.2446456609644545e-6	7.502733345952958e-8	3.793646366816234e-8	0.9719148937364517	0.0057866856301999735	0.0111251475151852	0.00012155039731370581	0.01042336364489813	0.0006283211394877819	6.909835832619221e-7	0.0057866856301999735	0.5880646884702435	0.20263602748011525	0.0022139472412981294	0.1898535726470006	0.01144438754756269	1.3284451213733005e-6	0.0111251475151852	0.20263602748011525	0.3949772595243075	0.004256407073806745	0.36500151156644406	0.022002318395026345	1.4514237415007503e-8	0.00012155039731370581	0.0022139472412981294	0.004256407073806745	0.9891797800492831	0.003987909256074784	0.00024039146798617432	1.2446456609644545e-6	0.01042336364489813	0.1898535726470006	0.36500151156644406	0.003987909256074784	0.41011800500611567	0.020614393233811708	7.502733345952958e-8	0.0006283211394877819	0.01144438754756269	0.022002318395026345	0.00024039146798617432	0.020614393233811708	0.9450701131887921
0.9993278769289627	8.122739261315318e-5	0.00011974987804583847	0.00011843476913918048	0.00011741636528308978	0.00011717337462786403	0.0001181212913280681	8.122739261315318e-5	0.4123025298909508	0.11908527337806914	0.11777746324726174	0.11676471147171989	0.11652306940011128	0.11746572521926986	0.00011974987804583847	0.11908527337806914	0.19006091974692846	0.17363399718587025	0.17214094296228552	0.17178470096466675	0.17317441588412805	0.00011843476913918048	0.11777746324726174	0.17363399718587025	0.1970489058371782	0.17025046849179343	0.1698981387906349	0.1712725916781165	0.00011741636528308978	0.11676471147171989	0.17214094296228552	0.17025046849179343	0.20248940917600067	0.168437208685864	0.16979984284704758	0.00011717337462786403	0.11652306940011128	0.17178470096466675	0.1698981387906349	0.168437208685864	0.20379126307807205	0.1694484457060174	0.0001181212913280681	0.11746572521926986	0.17317441588412805	0.1712725916781165	0.16979984284704758	0.1694484457060174	0.1987208573740867
0.9983653340562163	0.0002446520650082428	0.0002747893831390556	0.0002615944515579697	0.00028909848296990664	0.00028153982211835205	0.0002829917389901173	0.0002446520650082428	0.28689947923803566	0.1409232148090972	0.13415631516999532	0.1482615054160797	0.14438511552544953	0.14512971777633482	0.0002747893831390556	0.1409232148090972	0.21641616042299958	0.15068228052164484	0.16652501018202992	0.16217110952389793	0.16300743515719202	0.0002615944515579697	0.13415631516999532	0.15068228052164484	0.24680704624944336	0.15852875468339742	0.1543839211320023	0.15518008779195921	0.00028909848296990664	0.1482615054160797	0.16652501018202992	0.15852875468339742	0.18428407332976363	0.17061584115562567	0.1714957167501344	0.00028153982211835205	0.14438511552544953	0.16217110952389793	0.1543839211320023	0.17061584115562567	0.20115061898445433	0.1670118538564524	0.0002829917389901173	0.14512971777633482	0.16300743515719202	0.15518008779195921	0.1714957167501344	0.1670118538564524	0.1978921969289375
0.999579059256757	7.545612396792695e-5	1.75087053855953e-5	7.426307131708986e-5	0.00010987532866727172	0.00011012177946391833	3.3715734441107965e-5	7.545612396792695e-5	0.44278237470233883	0.02823523119039195	0.11975956767607146	0.17718930319046178	0.1775867394981227	0.05437132761864542	1.75087053855953e-5	0.02823523119039195	0.849020630818531	0.027788798009792674	0.04111469214028792	0.04120691255732566	0.01261622657828521	7.426307131708986e-5	0.11975956767607146	0.027788798009792674	0.44969911608568003	0.17438772583987844	0.17477887819846458	0.05351165111879593	0.00010987532866727172	0.17718930319046178	0.04111469214028792	0.17438772583987844	0.2694329906852634	0.2585926806629937	0.07917273215244776	0.00011012177946391833	0.1775867394981227	0.04120691255732566	0.17477887819846458	0.2585926806629937	0.26837435039991575	0.07935031690371389	3.3715734441107965e-5	0.05437132761864542	0.01261622657828521	0.05351165111879593	0.07917273215244776	0.07935031690371389	0.7209440298936707
0.9996271828284506	4.781845335865405e-5	3.3526905784850657e-6	0.00012055719570816794	0.00012019523569062836	6.828187405184248e-5	1.2611722161662403e-5	4.781845335865405e-5	0.6572595997802717	0.0035352206821023494	0.1271206756683032	0.1267390095079031	0.07199933537256382	0.013298340535494209	3.3526905784850657e-6	0.0035352206821023494	0.9726821194924244	0.008912799593227414	0.008886039870772518	0.005048082411830975	0.0009323852590637704	0.00012055719570816794	0.1271206756683032	0.008912799593227414	0.3292709993965489	0.31952726405649057	0.18152067571623598	0.0335270283734782	0.00012019523569062836	0.1267390095079031	0.008886039870772518	0.31952726405649057	0.33032544484854964	0.18097567940489928	0.03342636707568648	6.828187405184248e-5	0.07199933537256382	0.005048082411830975	0.18152067571623598	0.18097567940489928	0.5413987151269064	0.01898923009350726	1.2611722161662403e-5	0.013298340535494209	0.0009323852590637704	0.0335270283734782	0.03342636707568648	0.01898923009350726	0.8998140369406076
0.9999075146192794	1.8078756250427371e-6	9.475684057712273e-8	4.423819887323691e-5	4.501270786967009e-5	4.724368077522257e-7	8.594047041628164e-7	1.8078756250427371e-6	0.9608702786243452	4.088817240546159e-5	0.019089060920765996	0.019423266421739475	0.00020385945255674417	0.00037083853256244723	9.475684057712273e-8	4.088817240546159e-5	0.9979103346413329	0.0010005218707416599	0.0010180387048297308	1.0684959395700836e-5	1.943689445397731e-5	4.423819887323691e-5	0.019089060920765996	0.0010005218707416599	0.4905217162401706	0.4752817676340224	0.004988382430445822	0.009074312704984376	4.501270786967009e-5	0.019423266421739475	0.0010180387048297308	0.4752817676340224	0.48992301398599414	0.005075717520219717	0.009233183025328953	4.724368077522257e-7	0.00020385945255674417	1.0684959395700836e-5	0.004988382430445822	0.005075717520219717	0.9896239751112741	9.690808930021433e-5	8.594047041628164e-7	0.00037083853256244723	1.943689445397731e-5	0.009074312704984376	0.009233183025328953	9.690808930021433e-5	0.981204461348666
0.999982906948727	6.242066778386749e-8	7.400559955185091e-9	8.448016772051964e-6	8.51617647728115e-6	4.448016924616191e-9	5.458877893623289e-8	6.242066778386749e-8	0.9927509290940064	3.1500138283241393e-6	0.003595858937029905	0.003624870797660262	1.8932776581782833e-6	2.323545914927493e-5	7.400559955185091e-9	3.1500138283241393e-6	0.999137777600425	0.00042632305290325024	0.00042976268310313616	2.2446595524538768e-7	2.7547832252590014e-6	8.448016772051964e-6	0.003595858937029905	0.00042632305290325024	0.5019782228313888	0.4905902224754753	0.0002562363072728155	0.0031446883791610867	8.51617647728115e-6	0.003624870797660262	0.00042976268310313616	0.4905902224754753	0.5019182640752754	0.00025830365534325355	0.003170060136668761	4.448016924616191e-9	1.8932776581782833e-6	2.2446595524538768e-7	0.0002562363072728155	0.00025830365534325355	0.9994816821166623	1.6557290912852759e-6	5.458877893623289e-8	2.323545914927493e-5	2.7547832252590014e-6	0.0031446883791610867	0.003170060136668761	1.6557290912852759e-6	0.9936575509239254
0.999995725950635	1.0089131218663627e-8	2.1741337706753796e-9	2.126469943035042e-6	2.127836506039901e-6	6.521754717473203e-10	6.8274753420823825e-9	1.0089131218663627e-8	0.9953153087356127	2.3886535028096053e-6	0.002336286730173054	0.002337788130662938	7.16525011500013e-7	7.501135905793492e-6	2.1741337706753796e-9	2.3886535028096053e-6	0.9989886094800122	0.0005034526529552655	0.0005037761937475914	1.5440588404222252e-7	1.6164397645104129e-6	2.126469943035042e-6	0.002336286730173054	0.0005034526529552655	0.5026942706228815	0.4927318403632863	0.00015102082303865955	0.0015810023377219595	2.127836506039901e-6	0.002337788130662938	0.0005037761937475914	0.4927318403632863	0.5026913312408626	0.00015111787565414748	0.0015820183592803185	6.521754717473203e-10	7.16525011500013e-7	1.5440588404222252e-7	0.00015102082303865955	0.00015111787565414748	0.9996965048343802	4.848838559014817e-7	6.8274753420823825e-9	7.501135905793492e-6	1.6164397645104129e-6	0.0015810023377219595	0.0015820183592803185	4.848838559014817e-7	0.9968273700159962
0.9999905754123256	5.166193048152629e-8	4.001026928522605e-9	4.644107262331441e-6	4.6988625471668585e-6	5.480391594170834e-9	2.047451585093907e-8	5.166193048152629e-8	0.9891402840943309	4.635671962121325e-6	0.005380758042791625	0.005444198640224254	6.349694243103763e-6	2.372219451750951e-5	4.001026928522605e-9	4.635671962121325e-6	0.9991546781995576	0.0004167199642834146	0.0004216332057423313	4.917605172270472e-7	1.8371969104434975e-6	4.644107262331441e-6	0.005380758042791625	0.0004167199642834146	0.5020927768438653	0.48940181303680624	0.000570800604490131	0.0021324874004969665	4.6988625471668585e-6	0.005444198640224254	0.0004216332057423313	0.48940181303680624	0.5019924957505533	0.0005775304985079953	0.002157630005614905	5.480391594170834e-9	6.349694243103763e-6	4.917605172270472e-7	0.000570800604490131	0.0005775304985079953	0.9988423054682886	2.51649356145399e-6	2.047451585093907e-8	2.372219451750951e-5	1.8371969104434975e-6	0.0021324874004969665	0.002157630005614905	2.51649356145399e-6	0.9956817862343829
