0.6999999999990567	2.5687812843820226e-13	4.7576476e-317	2.5499011467574953e-13	1.576484536849725e-18	2.328027433504617e-13	1.8777732248463186e-96	1.9865286335445205e-13	4.3715397347201714e-192	2.5687812843820226e-13	0.19330742296600745	3.5118116716979816e-305	0.18821779723657225	1.1636625493529082e-6	0.1718404636970901	1.3860550654672157e-84	0.14663315243753125	3.226797950373374e-180	4.7576476e-317	3.5118116716979816e-305	0.7	3.4860004093393687e-305	2.1552308989535e-310	3.1826741975743697e-305	-0.0	2.715807096485522e-305	-0.0	2.5499011467574953e-13	0.18821779723657225	3.4860004093393687e-305	0.19564816240889984	1.1551098129973967e-6	0.17057746336935137	1.3758677791652253e-84	0.145555421875116	3.2030814939510255e-180	1.576484536849725e-18	1.1636625493529082e-6	2.1552308989535e-310	1.1551098129973967e-6	0.6999957267259668	1.0546006211997181e-6	8.506346535676242e-90	8.999010496252057e-7	1.9803153749330594e-185	2.328027433504617e-13	0.1718404636970901	3.1826741975743697e-305	0.17057746336935137	1.0546006211997181e-6	0.22469076270397625	1.2561498467675065e-84	0.13289025562873502	2.9243728130995328e-180	1.8777732248463186e-96	1.3860550654672157e-84	-0.0	1.3758677791652253e-84	8.506346535676242e-90	1.2561498467675065e-84	0.7	1.071884979838776e-84	2.3587818978748804e-263	1.9865286335445205e-13	0.14663315243753125	2.715807096485522e-305	0.145555421875116	8.999010496252057e-7	0.13289025562873502	1.071884979838776e-84	0.27492027015737514	2.495395992664894e-180	4.3715397347201714e-192	3.226797950373374e-180	-0.0	3.2030814939510255e-180	1.9803153749330594e-185	2.9243728130995328e-180	2.3587818978748804e-263	2.495395992664894e-180	0.7
0.6853648125095115	0.004115634894635832	7.44447918325394e-69	0.0034734587044602115	7.713944316366702e-6	0.00402275329404575	2.8452500792000633e-30	0.0030156266530300263	5.63964139655211e-38	0.004115634894635832	0.19782625932279302	3.52465864566428e-67	0.16445416733212345	0.0003652239445845365	0.19046103600004058	1.3471103946785522e-28	0.14277767850580542	2.6701412304997662e-36	7.44447918325394e-69	3.52465864566428e-67	0.7	2.974694443617992e-67	6.606276120919253e-70	3.4451141902098707e-67	2.436692162319914e-94	2.58260385743921e-67	4.82982852359221e-102	0.0034734587044602115	0.16445416733212345	2.974694443617992e-67	0.25052176670153287	0.0003082368387555189	0.1607427675902694	1.136916282919959e-28	0.12049960283284396	2.2535102205751333e-36	7.713944316366702e-6	0.0003652239445845365	6.606276120919253e-70	0.0003082368387555189	0.6986942351535489	0.0003569815748371499	2.5248922313524627e-31	0.000267608543957431	5.0046520880061194e-39	0.00402275329404575	0.19046103600004058	3.4451141902098707e-67	0.1607427675902694	0.0003569815748371499	0.2048609880282995	1.3167088229083348e-28	0.13955547351249079	2.6098815141644722e-36	2.8452500792000633e-30	1.3471103946785522e-28	2.436692162319914e-94	1.136916282919959e-28	2.5248922313524627e-31	1.3167088229083348e-28	0.7	9.870608338123482e-29	1.8459410861388e-63	0.0030156266530300263	0.14277767850580542	2.58260385743921e-67	0.12049960283284396	0.000267608543957431	0.13955547351249079	9.870608338123482e-29	0.29388400995185987	1.9564779841244815e-36	5.63964139655211e-38	2.6701412304997662e-36	4.82982852359221e-102	2.2535102205751333e-36	5.0046520880061194e-39	2.6098815141644722e-36	1.8459410861388e-63	1.9564779841244815e-36	0.7
0.5636853159789931	0.03712724945881283	1.773985814559455e-55	0.036833775075122005	1.07918016124728e-5	0.029790818427136885	3.1603130771835493e-25	0.032552049258321836	6.719284705441177e-25	0.03712724945881283	0.1831748825057168	8.579486070241544e-55	0.17813832420632825	5.219213752845798e-5	0.14407663782823893	1.5284148159906121e-24	0.15743071386337107	3.249631933874045e-24	1.773985814559455e-55	8.579486070241544e-55	0.7	8.511669051110047e-55	2.4938047648731255e-58	6.884159625136115e-55	7.302954681137167e-78	7.522233864359068e-55	1.552714256311164e-77	0.036833775075122005	0.17813832420632825	8.511669051110047e-55	0.18585205087593687	5.177958190912338e-5	0.1429377761267333	1.5163333770829344e-24	0.15618629413396687	3.2239450396678453e-24	1.07918016124728e-5	5.219213752845798e-5	2.4938047648731255e-58	5.177958190912338e-5	0.699797597142032	4.187884949999648e-5	4.442653230757866e-28	4.5760487417960135e-5	9.445726159388482e-28	0.029790818427136885	0.14407663782823893	6.884159625136115e-55	0.1429377761267333	4.187884949999648e-5	0.2568308509141948	1.2263964858219286e-24	0.12632203785419321	2.6074970892864762e-24	3.1603130771835493e-25	1.5284148159906121e-24	7.302954681137167e-78	1.5163333770829344e-24	4.442653230757866e-28	1.2263964858219286e-24	0.7	1.3400678774351145e-24	2.7661231161355733e-47	0.032552049258321836	0.15743071386337107	7.522233864359068e-55	0.15618629413396687	4.5760487417960135e-5	0.12632203785419321	1.3400678774351145e-24	0.22746314440272597	2.849178981067078e-24	6.719284705441177e-25	3.249631933874045e-24	1.552714256311164e-77	3.2239450396678453e-24	9.445726159388482e-28	2.6074970892864762e-24	2.7661231161355733e-47	2.849178981067078e-24	0.7
0.6998761030248735	3.237638383881691e-5	8.103815996539951e-104	3.210757322439346e-5	1.2057321908273712e-9	2.9059932489351066e-5	1.1828849890895425e-39	3.0351879841735816e-5	2.7049025519281342e-48	3.237638383881691e-5	0.18569556333461845	4.5536923331094525e-100	0.18041871889625405	6.775244447181589e-6	0.16329343093912368	6.646861562586261e-36	0.17055313520171725	1.519937522986997e-44	8.103815996539951e-104	4.5536923331094525e-100	0.7	4.515884502560727e-100	1.6958451754488772e-104	4.08723816829668e-100	1.6637109111948745e-134	4.268948725677769e-100	3.80440696337304e-143	3.210757322439346e-5	0.18041871889625405	4.515884502560727e-100	0.18846770816053687	6.718991789942815e-6	0.1619376585427811	6.591674826800028e-36	0.16913708783541273	1.5073179746929858e-44	1.2057321908273712e-9	6.775244447181589e-6	1.6958451754488772e-104	6.718991789942815e-6	0.6999740717442366	6.08122720604434e-6	2.4753644489397173e-40	6.351586588020817e-6	5.66041472894401e-49	2.9059932489351066e-5	0.16329343093912368	4.08723816829668e-100	0.1619376585427811	6.08122720604434e-6	0.22165112061407372	5.9659951289321506e-36	0.15308264874432556	1.364243827412186e-44	1.1828849890895425e-39	6.646861562586261e-36	1.6637109111948745e-134	6.591674826800028e-36	2.4753644489397173e-40	5.9659951289321506e-36	0.7	6.231231519759579e-36	5.55315655153463e-79	3.0351879841735816e-5	0.17055313520171725	4.268948725677769e-100	0.16913708783541273	6.351586588020817e-6	0.15308264874432556	6.231231519759579e-36	0.2071904247521141	1.4248954205113194e-44	2.7049025519281342e-48	1.519937522986997e-44	3.80440696337304e-143	1.5073179746929858e-44	5.66041472894401e-49	1.364243827412186e-44	5.55315655153463e-79	1.4248954205113194e-44	0.7
0.697909971374183	0.0005653830762005641	3.9270479107711255e-118	0.0005455420011205471	2.9207927141658855e-11	0.00042643785752226587	1.7699626490369038e-19	0.0005070242801892419	4.56413815765306e-5	0.0005653830762005641	0.19129808472069848	1.3088133879225697e-115	0.1818191911492203	9.734468981551997e-9	0.14212395410591347	5.898962436461622e-17	0.1689819378300321	0.01521143938346192	3.9270479107711255e-118	1.3088133879225697e-115	0.7	1.26288299879594e-115	6.761384923893477e-123	9.871671094098485e-116	4.0973119088563293e-131	1.1737177744564793e-115	1.0565588848551775e-116	0.0005455420011205471	0.1818191911492203	1.26288299879594e-115	0.20276943033544526	9.392855767330929e-9	0.1371363763682948	5.691949242181792e-17	0.1630518287468535	0.01467762200620578	2.9207927141658855e-11	9.734468981551997e-9	6.761384923893477e-123	9.392855767330929e-9	0.6999999639857769	7.34218315218443e-9	3.047428766587859e-24	8.729677870027088e-9	7.858293463922269e-10	0.00042643785752226587	0.14212395410591347	9.871671094098485e-116	0.1371363763682948	7.34218315218443e-9	0.28138612789341744	4.449268131465358e-17	0.12745393090372048	0.01147316552894522	1.7699626490369038e-19	5.898962436461622e-17	4.0973119088563293e-131	5.691949242181792e-17	3.047428766587859e-24	4.449268131465358e-17	0.6999999999999997	5.2900720044710566e-17	4.762024312391275e-18	0.0005070242801892419	0.1689819378300321	1.1737177744564793e-115	0.1630518287468535	8.729677870027088e-9	0.12745393090372048	5.2900720044710566e-17	0.22636395368544251	0.0136413158240805	4.56413815765306e-5	0.01521143938346192	1.0565588848551775e-116	0.01467762200620578	7.858293463922269e-10	0.01147316552894522	4.762024312391275e-18	0.0136413158240805	0.6449508150899004
0.2176507240315963	0.1304636302646913	1.2077412168762816e-69	0.12093395903048967	2.0967000199038168e-9	0.015509144159141414	0.029134551968651383	0.07032330984629466	0.11598467860244174	0.1304636302646913	0.1560609923645798	1.4191293720306351e-69	0.14210075050680154	2.463680580744415e-9	0.01822367383322445	0.034233905295211524	0.08263183631292018	0.13628520895889837	1.2077412168762816e-69	1.4191293720306351e-69	0.7	1.3154695526095971e-69	2.2807035006966307e-77	1.687020510363002e-70	3.169135977266758e-70	7.649478581794243e-70	1.2616333285860194e-69	0.12093395903048967	0.14210075050680154	1.3154695526095971e-69	0.18541313036649695	2.28372187567889e-9	0.01689253181335569	0.03173330139614577	0.07659602210214844	0.1263303025008472	2.0967000199038168e-9	2.463680580744415e-9	2.2807035006966307e-77	2.28372187567889e-9	0.6999999887945964	2.928753186717312e-10	5.501780823377982e-10	1.327988286777562e-9	2.1902594597205018e-9	0.015509144159141414	0.01822367383322445	1.687020510363002e-70	0.01689253181335569	2.928753186717312e-10	0.6192807871259915	0.004069628993740515	0.00982303695605881	0.01620119682561301	0.029134551968651383	0.034233905295211524	3.169135977266758e-70	0.03173330139614577	5.501780823377982e-10	0.004069628993740515	0.5519410404525874	0.018452970566889233	0.030434600776597775	0.07032330984629466	0.08263183631292018	7.649478581794243e-70	0.07659602210214844	1.327988286777562e-9	0.00982303695605881	0.018452970566889233	0.36871152982358346	0.07346129306412108	0.11598467860244174	0.13628520895889837	1.2616333285860194e-69	0.1263303025008472	2.1902594597205018e-9	0.01620119682561301	0.030434600776597775	0.07346129306412108	0.20130271708122827
0.13944746959484225	0.11348391712371056	4.686259616623363e-24	0.10287281959189118	7.147463747814548e-6	0.10390216026996268	0.09737877130586109	0.032607762894788575	0.11029995175520019	0.11348391712371056	0.1214891935451364	4.874501737263871e-24	0.10700511257189456	7.434569850156189e-6	0.10807580078253007	0.10129037414385973	0.033917582439332	0.11473058482369101	4.686259616623363e-24	4.874501737263871e-24	0.7	4.418720736183823e-24	3.0700671371585253e-28	4.462934251637526e-24	4.18273357083359e-24	1.400609010576055e-24	4.7377401139999065e-24	0.10287281959189118	0.10700511257189456	4.418720736183823e-24	0.1655764354328684	6.739414556026422e-6	0.09797037886901996	0.09181941062483251	0.03074618349198213	0.10400292000295931	7.147463747814548e-6	7.434569850156189e-6	3.0700671371585253e-28	6.739414556026422e-6	0.6999561300304621	6.8068488265793795e-6	6.379487909344892e-6	2.1362030589265434e-6	7.2259815890824705e-6	0.10390216026996268	0.10807580078253007	4.462934251637526e-24	0.09797037886901996	6.8068488265793795e-6	0.16120930502956812	0.09273815140366638	0.03105382838291931	0.1050435684135109	0.09737877130586109	0.10129037414385973	4.18273357083359e-24	0.09181941062483251	6.379487909344892e-6	0.09273815140366638	0.18921424960966732	0.029104146096815733	0.0984485173273917	0.032607762894788575	0.033917582439332	1.400609010576055e-24	0.03074618349198213	2.1362030589265434e-6	0.03105382838291931	0.029104146096815733	0.5096023878534742	0.03296597263763028	0.11029995175520019	0.11473058482369101	4.7377401139999065e-24	0.10400292000295931	7.2259815890824705e-6	0.1050435684135109	0.0984485173273917	0.03296597263763028	0.1345012590580319
0.12669034762916698	0.11910592410449482	2.648722621270271e-24	0.09805090406633496	2.8246843173704202e-6	0.11932029276722445	0.09849846201221545	0.024826387528048575	0.11350485720819593	0.11910592410449482	0.12812156659643062	2.640376362050753e-24	0.09774194069830466	2.8157835939285767e-6	0.11894430847744387	0.09818808836641499	0.024748158322721696	0.1131471976505939	2.648722621270271e-24	2.640376362050753e-24	0.7	2.1736222721157398e-24	6.261846132268804e-29	2.6451285517851544e-24	2.1835438728239806e-24	5.503589118427178e-25	2.5162102070383644e-24	0.09805090406633496	0.09774194069830466	2.1736222721157398e-24	0.21193732496268852	2.3180217870408325e-6	0.09791785813715273	0.0808308310880135	0.02037328802714088	0.09314553499857656	2.8246843173704202e-6	2.8157835939285767e-6	6.261846132268804e-29	2.3180217870408325e-6	0.6999836217668409	2.8208514842800004e-6	2.3286025061009265e-6	5.869207197171995e-7	2.6833687506395212e-6	0.11932029276722445	0.11894430847744387	2.6451285517851544e-24	0.09791785813715273	2.8208514842800004e-6	0.1273063688353197	0.09836480878865547	0.02479270043634494	0.11335084170637309	0.09849846201221545	0.09818808836641499	2.1835438728239806e-24	0.0808308310880135	2.3286025061009265e-6	0.09836480878865547	0.21007849612974083	0.020466282854950835	0.09357070215750148	0.024826387528048575	0.024748158322721696	5.503589118427178e-25	0.02037328802714088	5.869207197171995e-7	0.02479270043634494	0.020466282854950835	0.5612082427579838	0.023584353152089312	0.11350485720819593	0.1131471976505939	2.5162102070383644e-24	0.09314553499857656	2.6833687506395212e-6	0.11335084170637309	0.09357070215750148	0.023584353152089312	0.14969382975791756
0.13045016730568665	0.11334184479165141	9.163115092700148e-42	0.10880754282796085	1.0401529429304202e-5	0.11221073367373507	0.060321381887468335	0.06626752759392818	0.10859040039014228	0.11334184479165141	0.1206279469746485	9.360398213000018e-42	0.111150184096143	1.062547577952945e-5	0.11462664610595237	0.06162010948383351	0.06769427652003335	0.1109283665519606	9.163115092700148e-42	9.360398213000018e-42	0.7	8.985930406549969e-42	8.590159941502709e-46	9.266984782979435e-42	4.9816742992235123e-42	5.472739992986459e-42	8.9679975796169e-42	0.10880754282796085	0.111150184096143	8.985930406549969e-42	0.13935941674762822	1.0200397859006529e-5	0.11004094496896358	0.05915496358869668	0.06498613027872557	0.10649061709402526	1.0401529429304202e-5	1.062547577952945e-5	8.590159941502709e-46	1.0200397859006529e-5	0.6999362057677921	1.0519437327363178e-5	5.654958090820242e-6	6.212392349118074e-6	1.0180041372679785e-5	0.11221073367373507	0.11462664610595237	9.266984782979435e-42	0.11004094496896358	1.0519437327363178e-5	0.12526594009831266	0.06100516280590966	0.06701871182517713	0.10982134108462444	0.060321381887468335	0.06162010948383351	4.9816742992235123e-42	0.05915496358869668	5.654958090820242e-6	0.06100516280590966	0.3628284137711248	0.03602740288079015	0.05903691062408717	0.06626752759392818	0.06769427652003335	5.472739992986459e-42	0.06498613027872557	6.212392349118074e-6	0.06701871182517713	0.03602740288079015	0.33314329819832367	0.0648564403106741	0.10859040039014228	0.1109283665519606	8.9679975796169e-42	0.10649061709402526	1.0180041372679785e-5	0.10982134108462444	0.05903691062408717	0.0648564403106741	0.14026574390311558
0.23970809188606437	0.10306110167048768	2.7328964133832075e-45	0.10154816462558834	3.703014588106935e-6	0.10143288195548623	4.608885903471108e-8	0.08060309518717251	0.07364291557175326	0.10306110167048768	0.1367298895666708	3.520702937062383e-45	0.13082124873075882	4.77047511661572e-6	0.13067273375842645	5.937480124557087e-8	0.10383838647235455	0.09487180995138333	2.7328964133832075e-45	3.520702937062383e-45	0.7	3.4690190154738273e-45	1.2649985421285517e-49	3.4650808076665934e-45	1.57445611136745e-51	2.753507864384293e-45	2.5157389640203512e-45	0.10154816462558834	0.13082124873075882	3.4690190154738273e-45	0.1430782391601598	4.700444538553645e-6	0.12875445793508533	5.850317912158883e-8	0.10231403888601791	0.0934790917146715	3.703014588106935e-6	4.77047511661572e-6	1.2649985421285517e-49	4.700444538553645e-6	0.6999749912416026	4.695108353512101e-6	2.133353434172138e-12	3.730942651302198e-6	3.408771015987324e-6	0.10143288195548623	0.13067273375842645	3.4650808076665934e-45	0.12875445793508533	4.695108353512101e-6	0.14356431658077373	5.843676332054048e-8	0.1021978867562852	0.09337296946882571	4.608885903471108e-8	5.937480124557087e-8	1.57445611136745e-51	5.850317912158883e-8	2.133353434172138e-12	5.843676332054048e-8	0.6999996887311907	4.6436460303108187e-8	4.2426612993108665e-8	0.08060309518717251	0.10383838647235455	2.753507864384293e-45	0.10231403888601791	3.730942651302198e-6	0.1021978867562852	4.6436460303108187e-8	0.23684448632641847	0.07419832899263928	0.07364291557175326	0.09487180995138333	2.5157389640203512e-45	0.0934790917146715	3.408771015987324e-6	0.09337296946882571	4.2426612993108665e-8	0.07419832899263928	0.2704314331030976
0.14386122275200408	0.12067735467272218	4.1541750272309447e-38	0.11519782963387694	2.485416852728372e-6	0.11821409639426515	1.970809067627522e-6	0.08818702787987205	0.1138580124413356	0.12067735467272218	0.12873183424634646	4.2985049831103647e-38	0.11920018811888887	2.5717685597086545e-6	0.1223212500902621	2.039281576347754e-6	0.09125094063261016	0.11781382118903062	4.1541750272309447e-38	4.2985049831103647e-38	0.7	4.103325317891217e-38	8.853008715291547e-43	4.2107641802617186e-38	7.019985332733594e-43	3.141205570965402e-38	4.055601278080973e-38	0.11519782963387694	0.11920018811888887	4.103325317891217e-38	0.14925861666901216	2.454993790695393e-6	0.1167670816676098	1.946685127832968e-6	0.08710756331570921	0.1124643189159811	2.485416852728372e-6	2.5717685597086545e-6	8.853008715291547e-43	2.454993790695393e-6	0.6999856627006286	2.5192737879086064e-6	4.2000131765059796e-11	1.8793635830904598e-6	2.426440797129369e-6	0.11821409639426515	0.1223212500902621	4.2107641802617186e-38	0.1167670816676098	2.5192737879086064e-6	0.1378957093544374	1.9976558940590867e-6	0.08938833239480232	0.11540901316893788	1.970809067627522e-6	2.039281576347754e-6	7.019985332733594e-43	1.946685127832968e-6	4.2000131765059796e-11	1.9976558940590867e-6	0.6999886312426067	1.4902396702016807e-6	1.9240440571546e-6	0.08818702787987205	0.09125094063261016	3.141205570965402e-38	0.08710756331570921	1.8793635830904598e-6	0.08938833239480232	1.4902396702016807e-6	0.25796831405381365	0.08609445211993672	0.1138580124413356	0.11781382118903062	4.055601278080973e-38	0.1124643189159811	2.426440797129369e-6	0.11540901316893788	1.9240440571546e-6	0.08609445211993672	0.15435603167992049
0.3167733170746382	0.08528295359244033	4.226764904769693e-111	0.08768941662944552	9.8639646504056e-7	0.0651517558426763	2.0850236805236463e-5	0.07130855663649399	0.07377216359103046	0.08528295359244033	0.15397947541266513	6.5362321930729506e-111	0.13560214511064658	1.5253548458907638e-6	0.10075010405560582	3.2242623403490844e-5	0.11027092682705378	0.11408062702333122	4.226764904769693e-111	6.5362321930729506e-111	0.7	6.720667657738982e-111	7.559912102414531e-116	4.993342585309773e-111	1.5979979972417537e-114	5.465210383735266e-111	5.654025456490288e-111	0.08768941662944552	0.13560214511064658	6.720667657738982e-111	0.1423985366867606	1.5683963905409977e-6	0.10359300983186323	3.315242633793632e-5	0.1133824854479448	0.11729968547060286	9.8639646504056e-7	1.5253548458907638e-6	7.559912102414531e-116	1.5683963905409977e-6	0.6999921593009031	1.165292034418088e-6	3.7292340859611804e-10	1.27541141385368e-6	1.319475023850479e-6	0.0651517558426763	0.10075010405560582	4.993342585309773e-111	0.10359300983186323	1.165292034418088e-6	0.2590863755639212	2.4631692961180505e-5	0.08424127212473403	0.08715168559619788	2.0850236805236463e-5	3.2242623403490844e-5	1.5979979972417537e-114	3.315242633793632e-5	3.7292340859611804e-10	2.4631692961180505e-5	0.6998342724948903	2.6959372772952098e-5	2.789077990536621e-5	0.07130855663649399	0.11027092682705378	5.465210383735266e-111	0.1133824854479448	1.27541141385368e-6	0.08424127212473403	2.6959372772952098e-5	0.22538105797975733	0.09538746619982283	0.07377216359103046	0.11408062702333122	5.654025456490288e-111	0.11729968547060286	1.319475023850479e-6	0.08715168559619788	2.789077990536621e-5	0.09538746619982283	0.21227916186407886
0.17550079956143175	0.11735861141560353	1.6283898613525985e-192	0.11701268951318786	8.298135175306905e-7	0.08774297410331301	8.461530162557349e-11	0.09078792859270923	0.11159616691561941	0.11735861141560353	0.13407826044037596	1.794062468198496e-192	0.12891757652200092	9.142388581128775e-7	0.09666995626963118	9.322407396693189e-11	0.10002470484455822	0.1229499761757455	1.6283898613525985e-192	1.794062468198496e-192	0.7	1.7887743560219294e-192	1.2685368968225965e-197	1.3413278734988254e-192	1.2935151076740945e-201	1.3878761284662657e-192	1.705971911589168e-192	0.11701268951318786	0.12891757652200092	1.7887743560219294e-192	0.13536635774843123	9.115440814684881e-7	0.09638501548193892	9.294929013446663e-11	0.09972987572404432	0.1225875733733635	8.298135175306905e-7	9.142388581128775e-7	1.2685368968225965e-197	9.115440814684881e-7	0.6999950842759075	6.835291887321631e-7	6.591642130383602e-16	7.072497805303476e-7	8.693486654286117e-7	0.08774297410331301	0.09666995626963118	1.3413278734988254e-192	0.09638501548193892	6.835291887321631e-7	0.2524947145414532	6.96988266069267e-11	0.0747833071728106	0.09192334883196357	8.461530162557349e-11	9.322407396693189e-11	1.2935151076740945e-201	9.294929013446663e-11	6.591642130383602e-16	6.96988266069267e-11	0.6999999994987476	7.211759297712657e-11	8.864666336350823e-11	0.09078792859270923	0.10002470484455822	1.3878761284662657e-192	0.09972987572404432	7.072497805303476e-7	0.0747833071728106	7.211759297712657e-11	0.23956010099916006	0.09511337534481748	0.11159616691561941	0.1229499761757455	1.705971911589168e-192	0.1225875733733635	8.693486654286117e-7	0.09192334883196357	8.864666336350823e-11	0.09511337534481748	0.15582868992117604
0.3458526032262044	0.0747411064275407	3.2796094457773283e-198	0.0778443031322823	2.400376150799168e-5	0.07438132634322367	1.6124910538713188e-15	0.06523282305884692	0.061923834050399314	0.0747411064275407	0.1562902664549653	5.504650369044115e-198	0.1306575307364185	4.0289039542053e-5	0.12484510801504027	2.7064806409195054e-15	0.10948983086599251	0.10393586846050956	3.2796094457773283e-198	5.504650369044115e-198	0.7	5.733199472776378e-198	1.767866719654621e-201	5.478152720446544e-198	1.1875927316353415e-211	4.804369385042383e-198	4.560663766579633e-198	0.0778443031322823	0.1306575307364185	5.733199472776378e-198	0.13914063761070125	4.196181133685256e-5	0.13002858664297537	2.8188517604786012e-15	0.11403576948780643	0.10825121057848842	2.400376150799168e-5	4.0289039542053e-5	1.767866719654621e-201	4.196181133685256e-5	0.6997851067525613	4.0095100828320616e-5	8.692099827771562e-19	3.516361896790438e-5	3.337991525547927e-5	0.07438132634322367	0.12484510801504027	5.478152720446544e-198	0.13002858664297537	4.0095100828320616e-5	0.15830654849163417	2.6934524977766618e-15	0.10896278139531047	0.10343555401099656	1.6124910538713188e-15	2.7064806409195054e-15	1.1875927316353415e-211	2.8188517604786012e-15	8.692099827771562e-19	2.6934524977766618e-15	0.6999999999999855	2.3621723198927763e-15	2.2423491714214433e-15	0.06523282305884692	0.10948983086599251	4.804369385042383e-198	0.11403576948780643	3.516361896790438e-5	0.10896278139531047	2.3621723198927763e-15	0.21153009466116934	0.09071353691191401	0.061923834050399314	0.10393586846050956	4.560663766579633e-198	0.10825121057848842	3.337991525547927e-5	0.10343555401099656	2.2423491714214433e-15	0.09071353691191401	0.23170661607244386
0.23357671811097772	0.09480294201353223	5.167627710566658e-115	0.1018333915802735	2.067509615767101e-5	0.09700375291430663	4.721774636295846e-10	0.07836293277002636	0.09439958704254116	0.09480294201353223	0.1637672690858424	6.138374476910364e-115	0.12096294988421773	2.455894458155514e-5	0.11522605621069501	5.608767220961991e-10	0.09308352950190095	0.11213269379834483	5.167627710566658e-115	6.138374476910364e-115	0.7	6.593587482594616e-115	1.3386871743262964e-118	6.280874289415033e-115	3.0572912926081907e-123	5.073903997438298e-115	6.112257736158655e-115	0.1018333915802735	0.12096294988421773	6.593587482594616e-115	0.13297146053692668	2.638020052178083e-5	0.12377105449617178	6.024705315720024e-10	0.09998646991448831	0.12044829278492034	2.067509615767101e-5	2.455894458155514e-5	1.3386871743262964e-118	2.638020052178083e-5	0.6998585021157554	2.512907027384521e-5	1.2231877951934225e-13	2.0300118142668004e-5	2.445445444476328e-5	0.09700375291430663	0.11522605621069501	6.280874289415033e-115	0.12377105449617178	2.512907027384521e-5	0.1539937740939475	5.73897242111324e-10	0.09524442495576879	0.11473580768493041	4.721774636295846e-10	5.608767220961991e-10	3.0572912926081907e-123	6.024705315720024e-10	1.2231877951934225e-13	5.73897242111324e-10	0.6999999967683516	4.636137226587702e-10	5.584903782848606e-10	0.07836293277002636	0.09308352950190095	5.073903997438298e-115	0.09998646991448831	2.0300118142668004e-5	0.09524442495576879	4.636137226587702e-10	0.2406148522170686	0.09268749005898338	0.09439958704254116	0.11213269379834483	6.112257736158655e-115	0.12044829278492034	2.445445444476328e-5	0.11473580768493041	5.584903782848606e-10	0.09268749005898338	0.16557167361733616
0.12359159958039673	0.10606496612325557	4.353087301362058e-9	0.08995152995888546	1.2068547250275457e-7	0.11159507508906316	0.07705541557097646	0.07312165419709586	0.11861963444176571	0.10606496612325557	0.17486216322205772	3.878571823419681e-9	0.08014621472508965	1.075299530516681e-7	0.09943046943657985	0.0686558626062864	0.06515090739438058	0.10568930508382414	4.353087301362058e-9	3.878571823419681e-9	0.6999999745688749	3.289337491199453e-9	4.413212866172244e-15	4.08079622983015e-9	2.8177538220130067e-9	2.673904475876793e-9	4.337669530913095e-9	0.08995152995888546	0.08014621472508965	3.289337491199453e-9	0.24246548557918426	9.119395543071694e-8	0.08432494891816622	0.05822563385261313	0.05525315297347041	0.0896329395092969	1.2068547250275457e-7	1.075299530516681e-7	4.413212866172244e-15	9.119395543071694e-8	0.6999992949448008	1.1313644480100659e-7	7.811971776896796e-8	7.413162262963336e-8	1.2025802853419693e-7	0.11159507508906316	0.09943046943657985	4.08079622983015e-9	0.08432494891816622	1.1313644480100659e-7	0.15266625617571927	0.07223550266305188	0.06854780299790605	0.11119982750227124	0.07705541557097646	0.0686558626062864	2.8177538220130067e-9	0.05822563385261313	7.811971776896796e-8	0.07223550266305188	0.2997133500932081	0.04733165367974858	0.07678250059664293	0.07312165419709586	0.06515090739438058	2.673904475876793e-9	0.05525315297347041	7.413162262963336e-8	0.06854780299790605	0.04733165367974858	0.3177320801277922	0.07286267182407834	0.11861963444176571	0.10568930508382414	4.337669530913095e-9	0.0896329395092969	1.2025802853419693e-7	0.11119982750227124	0.07678250059664293	0.07286267182407834	0.1252129964464215
0.20019787793505509	0.08320644846063253	2.003912859264564e-5	0.0423800216573654	4.301430205662619e-5	0.09551141704056369	0.13497047112138075	0.00010480278141181308	0.1435659075729472	0.08320644846063253	0.34932641310875057	1.2865732221715054e-5	0.027209267492512353	2.7616494869323872e-5	0.061321245087045506	0.08665516223712953	6.728658461876295e-5	0.09217369480222362	2.003912859264564e-5	1.2865732221715054e-5	0.699902682456486	6.552977807388595e-6	6.651052919610608e-9	1.476837839487691e-5	2.086970386806014e-5	1.6205048366813478e-8	2.2198766527992616e-5	0.0423800216573654	0.027209267492512353	6.552977807388595e-6	0.5080387798028927	1.4066069064541457e-5	0.031233104439918127	0.04413657499237704	3.427146532690318e-5	0.04694736110273743	4.301430205662619e-5	2.7616494869323872e-5	6.651052919610608e-9	1.4066069064541457e-5	0.6997911140006077	3.170055455390036e-5	4.47971448390492e-5	3.478438905512931e-8	4.7649998566805575e-5	0.09551141704056369	0.061321245087045506	1.476837839487691e-5	0.031233104439918127	3.170055455390036e-5	0.3065356013351318	0.09947014314718733	7.723724739673848e-5	0.10580478276981238	0.13497047112138075	0.08665516223712953	2.086970386806014e-5	0.04413657499237704	4.47971448390492e-5	0.09947014314718733	0.18507645448785084	0.00010914661296281515	0.14951638055241073	0.00010480278141181308	6.728658461876295e-5	1.6205048366813478e-8	3.427146532690318e-5	3.478438905512931e-8	7.723724739673848e-5	0.00010914661296281515	0.6994911068316076	0.00011609748723798823	0.1435659075729472	0.09217369480222362	2.2198766527992616e-5	0.04694736110273743	4.7649998566805575e-5	0.10580478276981238	0.14951638055241073	0.00011609748723798823	0.16180592694754223
0.21349339207720303	0.04315182832344106	0.04224266180381375	0.007726494850025598	0.0005601951424878661	0.10727923910799012	0.13934905552296367	5.675363974983261e-6	0.14619145780809745	0.04315182832344106	0.5086291555275998	0.014122247148733768	0.0025830633110252767	0.00018728020242842584	0.03586478370248823	0.04658612213353111	1.897344752704426e-6	0.04887362230599884	0.04224266180381375	0.014122247148733768	0.5123636088891051	0.0025286407112953342	0.00018333439302816796	0.035109148035522425	0.04560459842599293	1.8573695675878235e-6	0.04784390322294005	0.007726494850025598	0.0025830633110252767	0.0025286407112953342	0.6636137845268508	3.353321460052552e-5	0.00642172249336711	0.008341417889629952	3.397266125229343e-7	0.008751003276592652	0.0005601951424878661	0.00018728020242842584	0.00018333439302816796	3.353321460052552e-5	0.6973307831522737	0.00046559504885677926	0.0006047789940889697	2.463124635468756e-8	0.00063447522098929	0.10727923910799012	0.03586478370248823	0.035109148035522425	0.00642172249336711	0.00046559504885677926	0.277533477176885	0.11581719546196466	4.716965869209715e-6	0.12150412200705445	0.13934905552296367	0.04658612213353111	0.04560459842599293	0.008341417889629952	0.0006047789940889697	0.11581719546196466	0.185864411344419	6.127045123304508e-6	0.15782629318228386	5.675363974983261e-6	1.897344752704426e-6	1.8573695675878235e-6	3.397266125229343e-7	2.463124635468756e-8	4.716965869209715e-6	6.127045123304508e-6	0.6999729336538247	6.427899028596372e-6	0.14619145780809745	0.04887362230599884	0.04784390322294005	0.008751003276592652	0.00063447522098929	0.12150412200705445	0.15782629318228386	6.427899028596372e-6	0.16836869507701202
0.14173315953020446	0.06365389853488297	0.1099877911078833	0.0387621515290763	6.373615294329987e-6	0.10699972827022286	0.1185294830985693	0.00026580686201314017	0.12006160745185264	0.06365389853488297	0.36575803522771755	0.06017105737100092	0.02120562309676488	3.4868158335832867e-6	0.058536376843080606	0.06484396364214202	0.00014541504818576208	0.06568214342039118	0.1099877911078833	0.06017105737100092	0.16626087522334432	0.036641269382759405	6.024881120606507e-6	0.10114520770319893	0.11204410871661956	0.000251263163952693	0.11349240245011961	0.0387621515290763	0.02120562309676488	0.036641269382759405	0.48817035560335237	2.1233025283010867e-6	0.03564582784998112	0.03948684373299154	8.855074492091836e-5	0.039997254757624966	6.373615294329987e-6	3.4868158335832867e-6	6.024881120606507e-6	2.1233025283010867e-6	0.6999630461456332	5.8612018322376e-6	6.492775586840871e-6	1.4560295543164555e-8	6.5767018753637865e-6	0.10699972827022286	0.058536376843080606	0.10114520770319893	0.03564582784998112	5.8612018322376e-6	0.17801325059505524	0.10900018144012275	0.0002444370415702223	0.11040912905493547	0.1185294830985693	0.06484396364214202	0.11204410871661956	0.03948684373299154	6.492775586840871e-6	0.10900018144012275	0.13351188640458417	0.0002707763529482242	0.12230626383643502	0.00026580686201314017	0.00014541504818576208	0.000251263163952693	8.855074492091836e-5	1.4560295543164555e-8	0.0002444370415702223	0.0002707763529482242	0.6984594597900315	0.00027427643608197267	0.12006160745185264	0.06568214342039118	0.11349240245011961	0.039997254757624966	6.5767018753637865e-6	0.11040912905493547	0.12230626383643502	0.00027427643608197267	0.12777034589068312
0.13149687324224835	0.11192950356895696	4.461055666774732e-7	0.09826428635536807	1.109076074539874e-6	0.11971198930735541	0.04289344480354771	0.0713259455526678	0.12437640198821191	0.11192950356895696	0.17531868941809298	4.032884718102177e-7	0.08883290601578393	1.0026272448329143e-6	0.10822206408383375	0.03877654326157546	0.06448010007270487	0.11243878766333311	4.461055666774732e-7	4.032884718102177e-7	0.6999975055464108	3.5405190422705374e-7	3.996065210339331e-12	4.3132921781772524e-7	1.5454756122313676e-7	2.5699150505597335e-7	4.4813536634849144e-7	0.09826428635536807	0.08883290601578393	3.5405190422705374e-7	0.22853042475758634	8.802187765735781e-7	0.09500947968156824	0.034042403740130144	0.05660787205996634	0.09871139311891396	1.109076074539874e-6	1.0026272448329143e-6	3.996065210339331e-12	8.802187765735781e-7	0.6999937984720382	1.0723401622053628e-6	3.842252043785643e-7	6.389140842612261e-7	1.114122418767322e-6	0.11971198930735541	0.10822206408383375	4.3132921781772524e-7	0.09500947968156824	1.0723401622053628e-6	0.14636217622763958	0.0414726857914285	0.06896341718951113	0.12025668404928111	0.04289344480354771	0.03877654326157546	1.5454756122313676e-7	0.034042403740130144	3.842252043785643e-7	0.0414726857914285	0.47501581128062953	0.02470996051270678	0.04308861183721538	0.0713259455526678	0.06448010007270487	2.5699150505597335e-7	0.05660787205996634	6.389140842612261e-7	0.06896341718951113	0.02470996051270678	0.34226132700930706	0.07165048169754522	0.12437640198821191	0.11243878766333311	4.4813536634849144e-7	0.09871139311891396	1.114122418767322e-6	0.12025668404928111	0.04308861183721538	0.07165048169754522	0.1294760773877117
0.2505237655553061	0.09143176480751435	1.89687371575729e-33	0.10074705245751245	4.145388508754998e-7	0.09430346539587435	1.6793131349669943e-7	0.0696412433338581	0.09335212597977445	0.09143176480751435	0.1774599939686164	2.2839562143009144e-33	0.12130583845481357	4.991310579409188e-7	0.11354735111347684	2.0219994818336005e-7	0.0838524721823702	0.11240187814220774	1.89687371575729e-33	2.2839562143009144e-33	0.7	2.5166511552878266e-33	1.03551384633062e-38	2.355691003826244e-33	4.194907183996297e-39	1.7396311973072097e-33	2.3319266416717446e-33	0.10074705245751245	0.12130583845481357	2.5166511552878266e-33	0.13658129394732885	5.499837281213091e-7	0.12511582777740363	2.2280056421771133e-7	0.09239556330815857	0.12385365127049641	4.145388508754998e-7	4.991310579409188e-7	1.03551384633062e-38	5.499837281213091e-7	0.6999971317478036	5.148078301849551e-7	9.167463227192017e-13	3.8017539675328226e-7	5.096144157275343e-7	0.09430346539587435	0.11354735111347684	2.355691003826244e-33	0.12511582777740363	5.148078301849551e-7	0.16461430024023554	2.0855067007292373e-7	0.08648612137648226	0.11593221073803246	1.6793131349669943e-7	2.0219994818336005e-7	4.194907183996297e-39	2.2280056421771133e-7	9.167463227192017e-13	2.0855067007292373e-7	0.6999988380592461	1.5401054352582715e-7	2.0644679751785323e-7	0.0696412433338581	0.0838524721823702	1.7396311973072097e-33	0.09239556330815857	3.8017539675328226e-7	0.08648612137648226	1.5401054352582715e-7	0.28201042178423036	0.08561364382896418	0.09335212597977445	0.11240187814220774	2.3319266416717446e-33	0.12385365127049641	5.096144157275343e-7	0.11593221073803246	2.0644679751785323e-7	0.08561364382896418	0.16884577397931702
0.21194497605120327	0.10480226825560354	5.0195697215556374e-26	0.10365659027596054	4.1466834727499124e-7	0.095794434000254	4.938736853042039e-6	0.07206946927843177	0.11172690873335016	0.10480226825560354	0.16401366597178788	5.647339644185318e-26	0.1166203487786374	4.665286322647419e-7	0.10777491594523957	5.556397454270164e-6	0.0810828006320327	0.12569997749061637	5.0195697215556374e-26	5.647339644185318e-26	0.7	5.585604027374732e-26	2.234467856214222e-31	5.16194652870028e-26	2.6612710666109155e-30	3.883511089653559e-26	6.020478483092249e-26	0.10365659027596054	0.1166203487786374	5.585604027374732e-26	0.1685980932242587	4.614286321430355e-7	0.10659674156016623	5.495655999762938e-6	0.08019641925157114	0.12432584982477818	4.1466834727499124e-7	4.665286322647419e-7	2.234467856214222e-31	4.614286321430355e-7	0.6999974127503419	4.264301433220562e-7	2.1984850018186367e-11	3.208181606194854e-7	4.973537575676522e-7	0.095794434000254	0.10777491594523957	5.16194652870028e-26	0.10659674156016623	4.264301433220562e-7	0.2008187613627777	5.078820888819868e-6	0.07411367256629686	0.11489596931423705	4.938736853042039e-6	5.556397454270164e-6	2.6612710666109155e-30	5.495655999762938e-6	2.1984850018186367e-11	5.078820888819868e-6	0.6999691858665914	3.82097279280851e-6	5.923527434972945e-6	0.07206946927843177	0.0810828006320327	3.883511089653559e-26	0.08019641925157114	3.208181606194854e-7	0.07411367256629686	3.82097279280851e-6	0.30609328085518167	0.0864402156255351	0.11172690873335016	0.12569997749061637	6.020478483092249e-26	0.12432584982477818	4.973537575676522e-7	0.11489596931423705	5.923527434972945e-6	0.0864402156255351	0.1369046581302949
0.19160453299237484	0.11393712621078875	2.3710947899186584e-12	0.0966189156491636	1.9172174822840874e-6	0.11300068304398633	0.011740441474072758	0.04095314110372612	0.1321432423060307	0.11393712621078875	0.20799711978211283	2.2725587137086335e-12	0.09260370340365798	1.8375432791485736e-6	0.1083046903052949	0.011252541521381174	0.03925124295524464	0.12665173827596468	2.3710947899186584e-12	2.2725587137086335e-12	0.6999999999874885	1.9271344290478934e-12	3.8240294804158965e-17	2.2538806747815093e-12	2.341716301087806e-13	8.168401359959815e-13	2.635692918958715e-12	0.0966189156491636	0.09260370340365798	1.9271344290478934e-12	0.26870497921514824	1.558240452381465e-6	0.09184259850170952	0.009542178184147413	0.03328513416427124	0.1074009326395197	1.9172174822840874e-6	1.8375432791485736e-6	3.8240294804158965e-17	1.558240452381465e-6	0.6999898835661459	1.8224406088891983e-6	1.893462652814984e-7	6.604797900199223e-7	2.131165976006121e-6	0.11300068304398633	0.1083046903052949	2.2538806747815093e-12	0.09184259850170952	1.8224406088891983e-6	0.2111507147516169	0.011160057482444093	0.038928639081719354	0.12561079439036277	0.011740441474072758	0.011252541521381174	2.341716301087806e-13	0.009542178184147413	1.893462652814984e-7	0.011160057482444093	0.6392094246276955	0.004044572090120213	0.013050595273639123	0.04095314110372612	0.03925124295524464	8.168401359959815e-13	0.03328513416427124	6.604797900199223e-7	0.038928639081719354	0.004044572090120213	0.49801337567786674	0.04552323444644363	0.1321432423060307	0.12665173827596468	2.635692918958715e-12	0.1074009326395197	2.131165976006121e-6	0.12561079439036277	0.013050595273639123	0.04552323444644363	0.14961733149942388
