0.23444635542590675	0.005493200376731187	0.0003464709346208661	0.130280956422218	0.14689494552416368	0.031945426227514	5.7150045731268905e-6	0.15058693008427015	0.005493200376731187	0.6748091518881946	1.4834273423593974e-5	0.005578024406489773	0.006289358121292036	0.0013677545212003282	2.4468990608873007e-7	0.006447431722762352	0.0003464709346208661	1.4834273423593974e-5	0.6983972467637872	0.0003518210145111348	0.0003966867467059488	8.626795943937274e-5	1.5433251045049752e-8	0.00040665687426078907	0.130280956422218	0.005578024406489773	0.0003518210145111348	0.22926919484070374	0.1491632445804494	0.0324387160402162	5.80325362372312e-6	0.15291223944178595	0.14689494552416368	0.006289358121292036	0.0003966867467059488	0.1491632445804494	0.18826151349023793	0.036575440927517945	6.543309539093419e-6	0.1724122673000915	0.031945426227514	0.0013677545212003282	8.626795943937274e-5	0.0324387160402162	0.036575440927517945	0.5600902614591478	1.4229816514041525e-6	0.0374947098833124	5.7150045731268905e-6	2.4468990608873007e-7	1.5433251045049752e-8	5.80325362372312e-6	6.543309539093419e-6	1.4229816514041525e-6	0.6999735475616262	6.707765829295429e-6	0.15058693008427015	0.006447431722762352	0.00040665687426078907	0.15291223944178595	0.1724122673000915	0.0374947098833124	6.707765829295429e-6	0.1797330569276851
0.18023870538837833	0.04438064102277926	0.09647905492406317	0.11373764113542871	0.13204190202249597	0.001919875845603475	3.466203342250701e-5	0.13116751762782417	0.04438064102277926	0.48222473515915537	0.03519063998205808	0.041485692254714594	0.048162153332421465	0.0007002728182407851	1.264294245188838e-5	0.04784322248817715	0.09647905492406317	0.03519063998205808	0.26788872876796105	0.09018572714060227	0.10469968277913921	0.001522322754603833	2.74844867290545e-5	0.10400635916484008	0.11373764113542871	0.041485692254714594	0.09018572714060227	0.20672362422568685	0.12342881008007131	0.0017946423634819756	3.240102933057424e-5	0.12261146177067982	0.13204190202249597	0.048162153332421465	0.10469968277913921	0.12342881008007131	0.14720255219243358	0.0020834614535582565	3.761545867828831e-5	0.1423438226811973	0.001919875845603475	0.0007002728182407851	0.001522322754603833	0.0017946423634819756	0.0020834614535582565	0.6899092131138156	5.469249490622888e-7	0.00206966472574695	3.466203342250701e-5	1.264294245188838e-5	2.74844867290545e-5	3.240102933057424e-5	3.761545867828831e-5	5.469249490622888e-7	0.6998172807561595	3.736636827923366e-5	0.13116751762782417	0.04784322248817715	0.10400635916484008	0.12261146177067982	0.1423438226811973	0.00206966472574695	3.736636827923366e-5	0.14992058517325077
0.17481558537176314	0.05893170505866599	0.10399655709864483	0.1028760343850345	0.12880182235466844	3.542106467922835e-7	0.0013787090954188795	0.12919923242516126	0.05893170505866599	0.41174657317650215	0.05114966420997789	0.050598546344734936	0.06334988529308115	1.7421495623012768e-7	0.0006781042492303526	0.06354534745285333	0.10399655709864483	0.05114966420997789	0.2304342223856386	0.0892910634235053	0.11179330305335727	3.074364745596333e-7	0.0011966480047321813	0.11213823438767274	0.1028760343850345	0.050598546344734936	0.0892910634235053	0.23453153547513192	0.11058877341511174	3.04123965354068e-7	0.001183754584921879	0.11092998824759753	0.12880182235466844	0.06334988529308115	0.11179330305335727	0.11058877341511174	0.1450983095402573	3.8076624155946633e-7	0.0014820725611174228	0.1388854530161692	3.542106467922835e-7	1.7421495623012768e-7	3.074364745596333e-7	3.04123965354068e-7	3.8076624155946633e-7	0.6999980932308788	4.075764386477028e-9	3.819410722888232e-7	0.0013787090954188795	0.0006781042492303526	0.0011966480047321813	0.001183754584921879	0.0014820725611174228	4.075764386477028e-9	0.6925940620243152	0.0014866454044997729	0.12919923242516126	0.06354534745285333	0.11213823438767274	0.11092998824759753	0.1388854530161692	3.819410722888232e-7	0.0014866454044997729	0.14381471712497798
0.12758486993568605	0.10472798036530435	0.09437489005039042	0.10327068518349007	0.12118047971981065	1.9652555155891618e-7	0.027076076357382732	0.12178482186238763	0.10472798036530435	0.19563604857459416	0.08064279904472638	0.0882442046609721	0.10354802076029336	1.6792994993750594e-7	0.02313635102983677	0.10406442763432598	0.09437489005039042	0.08064279904472638	0.23752383580809927	0.07952065038793024	0.0933115776710398	1.5132890471332092e-7	0.020849161580236652	0.09377693412867508	0.10327068518349007	0.0882442046609721	0.07952065038793024	0.20142637604870722	0.10210714477649202	1.6559319612947279e-7	0.02281440752664939	0.1026163658225658	0.12118047971981065	0.10354802076029336	0.0933115776710398	0.10210714477649202	0.1326688852860304	1.9431131796648784e-7	0.02677101293257052	0.12041268454244856	1.9652555155891618e-7	1.6792994993750594e-7	1.5132890471332092e-7	1.6559319612947279e-7	1.9431131796648784e-7	0.6999988856145718	4.3416135127778325e-8	1.9528037270614843e-7	0.027076076357382732	0.02313635102983677	0.020849161580236652	0.02281440752664939	0.02677101293257052	4.3416135127778325e-8	0.5524484238494164	0.026904523307773147	0.12178482186238763	0.10406442763432598	0.09377693412867508	0.1026163658225658	0.12041268454244856	1.9528037270614843e-7	0.026904523307773147	0.13044004742145457
0.15530143539179736	0.10995523904282864	0.028216312353471648	0.11933318366744755	0.14123356488290792	5.866032163358067e-7	0.0033641156470276892	0.1425955624113055	0.10995523904282864	0.2496415236159895	0.022093321521292463	0.09343766690334299	0.1105856257709201	4.5930925705593483e-7	0.0026340964649637826	0.11165206737140766	0.028216312353471648	0.022093321521292463	0.5680068366439088	0.023977633243082087	0.02837807989613856	1.1786626609836394e-7	0.000675952226302227	0.028651746249538715	0.11933318366744755	0.09343766690334299	0.023977633243082087	0.21920019480054215	0.12001733529005063	4.984831683287541e-7	0.002858755253388707	0.12117473235897991	0.14123356488290792	0.1105856257709201	0.02837807989613856	0.12001733529005063	0.15298832158939674	5.899662837571764e-7	0.003383402530255009	0.14341308007405015	5.866032163358067e-7	4.5930925705593483e-7	1.1786626609836394e-7	4.984831683287541e-7	5.899662837571764e-7	0.6999971380634227	1.405271337625554e-8	5.956556722604077e-7	0.0033641156470276892	0.0026340964649637826	0.000675952226302227	0.002858755253388707	0.003383402530255009	1.405271337625554e-8	0.6836676331738145	0.003416030651534833	0.1425955624113055	0.11165206737140766	0.028651746249538715	0.12117473235897991	0.14341308007405015	5.956556722604077e-7	0.003416030651534833	0.1490961852275138
0.16636253079091134	0.08268161292762155	0.031187735313912703	0.11879185017921698	0.14904594284431033	2.266255595546826e-7	0.0005297133075936035	0.1514003880108716	0.08268161292762155	0.36583791183045433	0.017392182381520696	0.06624557708214128	0.08311710340883813	1.2638022685574507e-7	0.0002954004310622934	0.08443008555813374	0.031187735313912703	0.017392182381520696	0.5631213244633658	0.024988016689560928	0.031352003539688617	4.7670974531418143e-8	0.00011142586760675986	0.03184726407336942	0.11879185017921698	0.06624557708214128	0.024988016689560928	0.24882847724848917	0.11941753608648686	1.81575327847139e-7	0.0004244131495154363	0.12130394798925956	0.14904594284431033	0.08311710340883813	0.031352003539688617	0.11941753608648686	0.16433685733150458	2.27819213989954e-7	0.0005325033487534525	0.15219782562120163	2.266255595546826e-7	1.2638022685574507e-7	4.7670974531418143e-8	1.81575327847139e-7	2.27819213989954e-7	0.6999989577009988	8.096756414366246e-10	2.314180227665789e-7	0.0005297133075936035	0.0002954004310622934	0.00011142586760675986	0.0004244131495154363	0.0005325033487534525	8.096756414366246e-10	0.6975656279016568	0.0005409151841360492	0.1514003880108716	0.08443008555813374	0.03184726407336942	0.12130394798925956	0.15219782562120163	2.314180227665789e-7	0.0005409151841360492	0.15827934214500283
0.1892402196139302	0.09047388289638558	0.006481483498118225	0.11921745924588359	0.1443093593768259	0.00044304208186970697	0.0008380522831068533	0.14899650100388004	0.09047388289638558	0.3357008944183218	0.004222824683873278	0.07767271640795452	0.09402062430110729	0.0002886513619693981	0.000546008929669796	0.09707439700071852	0.006481483498118225	0.004222824683873278	0.6699815711263993	0.005564417194614358	0.00673556948570785	2.0678774685249483e-5	3.9115684595220974e-5	0.006954339552006451	0.11921745924588359	0.07767271640795452	0.005564417194614358	0.24463961532597725	0.12389100132605868	0.0003803559754505713	0.0007194761099769034	0.12791495841408412	0.1443093593768259	0.09402062430110729	0.00673556948570785	0.12389100132605868	0.17487469401291608	0.00046041014042425097	0.000870905462794307	0.15483743589416568	0.00044304208186970697	0.0002886513619693981	2.0678774685249483e-5	0.0003803559754505713	0.00046041014042425097	0.6979288237336387	2.673754294345875e-6	0.0004753641776677071	0.0008380522831068533	0.000546008929669796	3.9115684595220974e-5	0.0007194761099769034	0.000870905462794307	2.673754294345875e-6	0.6960845754624522	0.0008991923131103204	0.14899650100388004	0.09707439700071852	0.006954339552006451	0.12791495841408412	0.15483743589416568	0.0004753641776677071	0.0008991923131103204	0.16284781164436726
0.1631199565686815	0.07185729068322315	0.03452489885318207	0.11292138909740586	0.1422061167603259	0.014288029340794218	0.005669058318096636	0.1554132603782876	0.07185729068322315	0.4115366138680631	0.016081586314122934	0.05259841812145442	0.06623914962944628	0.006655317893321663	0.0026406290442720576	0.07239099444609497	0.03452489885318207	0.016081586314122934	0.5530485464985062	0.025271688484416684	0.03182557983098796	0.003197645985786515	0.0012687293077075744	0.03478132472528936	0.11292138909740586	0.05259841812145442	0.025271688484416684	0.2767474760262456	0.10409266363467747	0.010458615044529723	0.00414966243418045	0.11376008715708749	0.1422061167603259	0.06623914962944628	0.03182557983098796	0.10409266363467747	0.19397742098465234	0.01317092398580724	0.005225824667477103	0.14326232050662296	0.014288029340794218	0.006655317893321663	0.003197645985786515	0.010458615044529723	0.01317092398580724	0.637310257357542	0.0005250599473481319	0.014394150444870095	0.005669058318096636	0.0026406290442720576	0.0012687293077075744	0.00414966243418045	0.005225824667477103	0.0005250599473481319	0.6748098723152588	0.005711163965659192	0.1554132603782876	0.07239099444609497	0.03478132472528936	0.11376008715708749	0.14326232050662296	0.014394150444870095	0.005711163965659192	0.16028669837608528
0.2040634381840939	0.022205262681542434	0.013013656429897595	0.07849745823261876	0.1826990876252047	1.8923111012572801e-6	0.0016474602671155188	0.19787174426841544	0.022205262681542434	0.6244115811643355	0.001466464332423768	0.008845609479868965	0.0205877338941578	2.132380511804536e-7	0.0001856466500268021	0.022297488559592453	0.013013656429897595	0.001466464332423768	0.6550934888799527	0.005184073898830538	0.01206568458167489	1.2497067815144548e-7	0.00010880041166180094	0.013067706494879996	0.07849745823261876	0.008845609479868965	0.005184073898830538	0.4552129848780753	0.07277935886812326	7.538143212354907e-7	0.0006562764136367438	0.07882348441452094	0.1826990876252047	0.0205877338941578	0.01206568458167489	0.07277935886812326	0.2268810305295456	1.7544668557345542e-6	0.0015274520309442449	0.18345789800348403	1.8923111012572801e-6	2.132380511804536e-7	1.2497067815144548e-7	7.538143212354907e-7	1.7544668557345542e-6	0.699993345207862	1.5820628730906802e-8	1.9001705017678774e-6	0.0016474602671155188	0.0001856466500268021	0.00010880041166180094	0.0006562764136367438	0.0015274520309442449	1.5820628730906802e-8	0.6942200456857158	0.0016543027202702636	0.19787174426841544	0.022297488559592453	0.013067706494879996	0.07882348441452094	0.18345789800348403	1.9001705017678774e-6	0.0016543027202702636	0.20282547536832463
0.17232807397253097	0.05494000668421635	0.046519815436174033	0.10130477451125364	0.15889729513159326	5.185000105453646e-7	6.743484681341433e-5	0.16594208091741047	0.05494000668421635	0.4879565902045356	0.015459970055086203	0.03366670236536194	0.052806474005449376	1.7231355200863376e-7	2.2410680322562632e-5	0.05514767369147694	0.046519815436174033	0.015459970055086203	0.5180852752687026	0.02850689096896641	0.04471327130861753	1.4590450785103602e-7	1.897598444785448e-5	0.04669565507349829	0.10130477451125364	0.03366670236536194	0.02850689096896641	0.33742157710771226	0.09737071880250225	3.1773176934255424e-7	4.132341901176415e-5	0.10168769509342393	0.15889729513159326	0.052806474005449376	0.04471327130861753	0.09737071880250225	0.1866490173724637	4.983646523027278e-7	6.481609122805327e-5	0.1594979089234962	5.185000105453646e-7	1.7231355200863376e-7	1.4590450785103602e-7	3.1773176934255424e-7	4.983646523027278e-7	0.6999978265141237	2.115023037832246e-10	5.204598819023783e-7	6.743484681341433e-5	2.2410680322562632e-5	1.897598444785448e-5	4.132341901176415e-5	6.481609122805327e-5	2.115023037832246e-10	0.6997173490237718	6.768974290222096e-5	0.16594208091741047	0.05514767369147694	0.04669565507349829	0.10168769509342393	0.1594979089234962	5.204598819023783e-7	6.768974290222096e-5	0.17096077609791266
0.1450965876418568	0.06567891476271948	0.11751583449550787	0.10082376463492286	0.1341488939994535	2.5126779103362232e-8	5.285348902892394e-5	0.1366831258497332	0.06567891476271948	0.39755396972525997	0.056873450322389704	0.0487950870101662	0.06492325473783778	1.2160460156127793e-8	2.557919360872496e-5	0.06614973208755875	0.11751583449550787	0.056873450322389704	0.20373642323331698	0.08730648778221638	0.11616377167991956	2.175807301718518e-8	4.576750839308497e-5	0.11835824322018489	0.10082376463492286	0.0487950870101662	0.08730648778221638	0.2618251082910838	0.09966375021069035	1.8667533972862195e-8	3.926664448209016e-5	0.10154651675890565	0.1341488939994535	0.06492325473783778	0.11616377167991956	0.09966375021069035	0.14993752283332076	2.483768628581128e-8	5.2245390235285674e-5	0.1351105363108582	2.5126779103362232e-8	1.2160460156127793e-8	2.175807301718518e-8	1.8667533972862195e-8	2.483768628581128e-8	0.699999872132782	9.785830806896767e-12	2.5306899663545233e-8	5.285348902892394e-5	2.557919360872496e-5	4.576750839308497e-5	3.926664448209016e-5	5.2245390235285674e-5	9.785830806896767e-12	0.6997310553967909	5.323236767518235e-5	0.1366831258497332	0.06614973208755875	0.11835824322018489	0.10154651675890565	0.1351105363108582	2.5306899663545233e-8	5.323236767518235e-5	0.14209858809818618
0.17169843168469345	0.005383759518532406	0.08418605979008911	0.10804158341167425	0.16464007054642188	3.447252060635959e-12	8.736239231142236e-8	0.1660500076827528	0.005383759518532406	0.6777452377090881	0.0027161118329138397	0.0034857674047567557	0.005311815814850032	1.1121938877144392e-13	2.8185904899263385e-9	0.005357304901157216	0.08418605979008911	0.0027161118329138397	0.3917572408470251	0.054507082298354645	0.08306107325997461	1.7391419658882347e-12	4.407441058463152e-8	0.08377238789549477	0.10804158341167425	0.0034857674047567557	0.054507082298354645	0.3198570064384195	0.10659781319207448	2.231956837518811e-12	5.656362964810522e-8	0.10751069068886097	0.16464007054642188	0.005311815814850032	0.08306107325997461	0.10659781319207448	0.17655807575796822	3.4011860950379165e-12	8.619496013994424e-8	0.16383106523035285	3.447252060635959e-12	1.1121938877144392e-13	1.7391419658882347e-12	2.231956837518811e-12	3.4011860950379165e-12	0.6999999999856389	1.8047596370233384e-18	3.430313017585087e-12	8.736239231142236e-8	2.8185904899263385e-9	4.407441058463152e-8	5.656362964810522e-8	8.619496013994424e-8	1.8047596370233384e-18	0.6999996360529043	8.693311261316981e-8	0.1660500076827528	0.005357304901157216	0.08377238789549477	0.10751069068886097	0.16383106523035285	3.430313017585087e-12	8.693311261316981e-8	0.17347845666484188
0.15830182316616634	0.042257779365679836	0.08070077060261502	0.12720418526594515	0.14199379558364847	0.001435053189429094	1.972372681296222e-5	0.14808686909970364	0.042257779365679836	0.5134807388841122	0.02331011428898121	0.03674245083961861	0.04101437419575059	0.00041450972037279703	5.697124361782665e-6	0.04277433558112314	0.08070077060261502	0.02331011428898121	0.3650051707062411	0.07016800553874107	0.07832620769630996	0.0007915998984917562	1.0879945257800126e-5	0.08168725132336252	0.12720418526594515	0.03674245083961861	0.07016800553874107	0.21240004058059156	0.1234612923839597	0.0012477553732428153	1.714945919254583e-5	0.12875912055870903	0.14199379558364847	0.04101437419575059	0.07832620769630996	0.1234612923839597	0.17006284093733431	0.0013928277677045255	1.914337014828079e-5	0.1437295180651447	0.001435053189429094	0.00041450972037279703	0.0007915998984917562	0.0012477553732428153	0.0013928277677045255	0.693265465397417	1.9347151243329132e-7	0.0014525951818295131	1.972372681296222e-5	5.697124361782665e-6	1.0879945257800126e-5	1.714945919254583e-5	1.914337014828079e-5	1.9347151243329132e-7	0.6999072480744086	1.996482830551286e-5	0.14808686909970364	0.04277433558112314	0.08168725132336252	0.12875912055870903	0.1437295180651447	0.0014525951818295131	1.996482830551286e-5	0.1534903453618225
0.12672337324332533	0.10533073926562278	0.07021697835608444	0.1047932040599523	0.11821512112280981	0.005277076666726134	0.04813900019760282	0.12130450708788044	0.10533073926562278	0.18931759885474267	0.06082448768042527	0.09077566563763334	0.10240221591294474	0.004571194776799024	0.04169974403652706	0.10507835383530856	0.07021697835608444	0.06082448768042527	0.3392852467303839	0.060514081585081654	0.068264727168027	0.003047310661083545	0.02779843799522934	0.07004872982368715	0.1047932040599523	0.09077566563763334	0.060514081585081654	0.19146051226261596	0.10187962586396512	0.004547866561867293	0.041486937398660835	0.10454210663022685	0.11821512112280981	0.10240221591294474	0.068264727168027	0.10187962586396512	0.13937550362278556	0.005130357462435656	0.04680058572110571	0.11793186312593022	0.005277076666726134	0.004571194776799024	0.003047310661083545	0.004547866561867293	0.005130357462435656	0.6700726019294937	0.0020891598008125696	0.005264432140782248	0.04813900019760282	0.04169974403652706	0.02779843799522934	0.041486937398660835	0.04680058572110571	0.0020891598008125696	0.4439624816287038	0.04802365322135945	0.12130450708788044	0.10507835383530856	0.07004872982368715	0.10454210663022685	0.11793186312593022	0.005264432140782248	0.04802365322135945	0.1278063541348292
0.22715571522332856	0.0845656243431538	0.0015340540515592983	0.11161895268258377	0.12403509274923151	0.008867231572503242	0.003676942979505272	0.13854638639813452	0.0845656243431538	0.3353698570802202	0.0011065097137730562	0.08051049782692742	0.08946623154266442	0.006395914054838442	0.0026521706452759613	0.09993319479314658	0.0015340540515592983	0.0011065097137730562	0.6922990270313432	0.001460492444108028	0.0016229530147952803	0.0001160244241730629	4.811143009247594e-5	0.0018128278901556056	0.11161895268258377	0.08051049782692742	0.001460492444108028	0.24447734483210934	0.11808730962273312	0.008442026341010277	0.003500624657602508	0.13190275159292528	0.12403509274923151	0.08946623154266442	0.0016229530147952803	0.11808730962273312	0.20694210181974537	0.009381090711148099	0.003890023097786363	0.14657519744189576	0.008867231572503242	0.006395914054838442	0.0001160244241730629	0.008442026341010277	0.009381090711148099	0.6560409994166138	0.00027809658432872676	0.01047861689538445	0.003676942979505272	0.0026521706452759613	4.811143009247594e-5	0.003500624657602508	0.003890023097786363	0.00027809658432872676	0.6816089002777102	0.004345130327698463	0.13854638639813452	0.09993319479314658	0.0018128278901556056	0.13190275159292528	0.14657519744189576	0.01047861689538445	0.004345130327698463	0.16640589466065925
0.176455950043176	0.015761512250347474	0.0016634991587152924	0.1403761873214422	0.1560396436715205	0.03836487440012216	1.3794055852866693e-5	0.17132453909882442	0.015761512250347474	0.6375550986633637	0.0001529351104151402	0.012905595770929682	0.014345628014908681	0.003527105061463913	1.268167431211689e-6	0.01575085696114025	0.0016634991587152924	0.0001529351104151402	0.6932726555457254	0.0013620804505727468	0.001514064117389308	0.000372257192663497	1.33844736559734e-7	0.001662374579782094	0.1403761873214422	0.012905595770929682	0.0013620804505727468	0.24588427620265074	0.12776594869062477	0.03141332842599222	1.1294633792185747e-5	0.14028128850399624	0.1560396436715205	0.014345628014908681	0.001514064117389308	0.12776594869062477	0.2094695141637246	0.034918490576353926	1.2554911669578973e-5	0.15593415585380963	0.03836487440012216	0.003527105061463913	0.000372257192663497	0.03141332842599222	0.034918490576353926	0.5530619190038416	3.0868284365092833e-6	0.03833893851112628	1.3794055852866693e-5	1.268167431211689e-6	1.33844736559734e-7	1.1294633792185747e-5	1.2554911669578973e-5	3.0868284365092833e-6	0.6999440828274536	1.3784730627462025e-5	0.17132453909882442	0.01575085696114025	0.001662374579782094	0.14028128850399624	0.15593415585380963	0.03833893851112628	1.3784730627462025e-5	0.1766940617606947
0.2930196444044369	6.120327721046574e-6	0.00026238405202061183	0.029176510231329517	0.14564118274534252	8.412106777664356e-12	2.2905043394802863e-9	0.23189415594024002	6.120327721046574e-6	0.6999815932398309	7.921297348236537e-9	8.808302613913103e-7	4.3968644656196075e-6	2.539590291324592e-16	6.914965223962685e-14	7.0008163544050814e-6	0.00026238405202061183	7.921297348236537e-9	0.6992112170137542	3.7761999628135265e-5	0.000188497604582102	1.0887456055964388e-14	2.9645088919105937e-12	0.00030013140574225054	0.029176510231329517	8.808302613913103e-7	3.7761999628135265e-5	0.6164504112287007	0.020960505207224905	1.210660368127258e-12	3.296466509668131e-10	0.03337393017199912	0.14564118274534252	4.3968644656196075e-6	0.000188497604582102	0.020960505207224905	0.366611857459004	6.043286414961047e-12	1.6455061881696485e-9	0.16659355846783655	8.412106777664356e-12	2.539590291324592e-16	1.0887456055964388e-14	1.210660368127258e-12	6.043286414961047e-12	0.6999999999747005	9.504299194269759e-20	9.622297593894859e-12	2.2905043394802863e-9	6.914965223962685e-14	2.9645088919105937e-12	3.296466509668131e-10	1.6455061881696485e-9	9.504299194269759e-20	0.699999993111286	2.6200231377360535e-9	0.23189415594024002	7.0008163544050814e-6	0.00030013140574225054	0.03337393017199912	0.16659355846783655	9.622297593894859e-12	2.6200231377360535e-9	0.26783122056819036
0.3020915863398663	3.876195892345433e-6	0.010237447575971682	0.009743991204296271	0.14401779691641045	5.138854137931315e-10	6.317252600285363e-10	0.23390530062195403	3.876195892345433e-6	0.6999884424584535	1.9762874268236894e-7	1.8810281724254479e-7	2.7801906595622776e-6	9.920297755576649e-15	1.2195136329993116e-14	4.5154234124877315e-6	0.010237447575971682	1.9762874268236894e-7	0.6699970586952494	0.0004967996416837241	0.007342780633115255	2.6200566491311616e-11	3.2208658263808485e-11	0.011925715766828115	0.009743991204296271	1.8810281724254479e-7	0.0004967996416837241	0.6714192875759493	0.006988850431047127	2.493767001436279e-11	3.0656165073934085e-11	0.011350882988612625	0.14401779691641045	2.7801906595622776e-6	0.007342780633115255	0.006988850431047127	0.37387986852012745	3.685828753738433e-10	4.53103175412057e-10	0.1677679224869553	5.138854137931315e-10	9.920297755576649e-15	2.6200566491311616e-11	2.493767001436279e-11	3.685828753738433e-10	0.6999999984677527	1.6167662453741848e-18	5.986307950430759e-10	6.317252600285363e-10	1.2195136329993116e-14	3.2208658263808485e-11	3.0656165073934085e-11	4.53103175412057e-10	1.6167662453741848e-18	0.6999999981163908	7.359037336130967e-10	0.23390530062195403	4.5154234124877315e-6	0.011925715766828115	0.011350882988612625	0.1677679224869553	5.986307950430759e-10	7.359037336130967e-10	0.2750456613777048
0.38519638433925363	8.659437796520658e-5	0.003468330319759685	0.026701258237014646	0.06528256137539024	0.0005411978874815335	3.3777058505636205e-6	0.21872029575728644	8.659437796520658e-5	0.6997239100508225	2.0883307563632553e-6	1.6077205360825894e-5	3.93075538387144e-5	3.258629050605585e-7	2.0337644812818354e-9	0.00013169458458687323	0.003468330319759685	2.0883307563632553e-6	0.689023433381344	0.0006439339379787456	0.001574369883795193	1.3051657858904168e-5	8.145756317476296e-8	0.005274711030943995	0.026701258237014646	1.6077205360825894e-5	0.0006439339379787456	0.6198093481778675	0.0121204305680743	0.0001004793819453473	6.271085015449117e-7	0.04060784538325751	0.06528256137539024	3.93075538387144e-5	0.001574369883795193	0.0121204305680743	0.5214530153943249	0.00024566450616605133	1.5332329614483348e-6	0.09928311748545005	0.0005411978874815335	3.258629050605585e-7	1.3051657858904168e-5	0.0001004793819453473	0.00024566450616605133	0.6982762026549868	1.2710629336086368e-8	0.0008230653380270384	3.3777058505636205e-6	2.0337644812818354e-9	8.145756317476296e-8	6.271085015449117e-7	1.5332329614483348e-6	1.2710629336086368e-8	0.6999892288633321	5.13688739730144e-6	0.21872029575728644	0.00013169458458687323	0.005274711030943995	0.04060784538325751	0.09928311748545005	0.0008230653380270384	5.13688739730144e-6	0.3351541335330537
0.2561184275308164	0.000607452168559372	0.012681345982593014	0.12691281225336312	0.13592398000740558	0.00031087814206335517	0.0005710811720754187	0.16687402274312207	0.000607452168559372	0.6974640300660057	5.5171732111208345e-5	0.0005521495658847168	0.0005913537429505911	1.3525130216218987e-6	2.484557828699614e-6	0.000726005653638091	0.012681345982593014	5.5171732111208345e-5	0.6481549723098728	0.011526832961562235	0.01234527062475184	2.8235450395751124e-5	5.186834300752083e-5	0.015156302595705292	0.12691281225336312	0.0005521495658847168	0.011526832961562235	0.2849753455134548	0.12354942568136792	0.00028257571553397416	0.0005190897943358946	0.15168176851449588	0.13592398000740558	0.0005913537429505911	0.01234527062475184	0.12354942568136792	0.2642797818719535	0.0003026393886232745	0.0005559466343437733	0.16245160204860182	0.00031087814206335517	1.3525130216218987e-6	2.8235450395751124e-5	0.00028257571553397416	0.0003026393886232745	0.698701496541675	1.2715317544538591e-6	0.0003715507169326069	0.0005710811720754187	2.484557828699614e-6	5.186834300752083e-5	0.0005190897943358946	0.0005559466343437733	1.2715317544538591e-6	0.6976157216599747	0.0006825363066795897	0.16687402274312207	0.000726005653638091	0.015156302595705292	0.15168176851449588	0.16245160204860182	0.0003715507169326069	0.0006825363066795897	0.20205621142082267
0.15328666366690763	0.0831707286609304	0.03121458470667378	0.09784819357472613	0.11483068953598453	0.0295868718003798	0.07540894991045106	0.11465331814394802	0.0831707286609304	0.2605330787160651	0.023992697761155653	0.07520978276579547	0.08826316459539271	0.022741576717270867	0.05796214047661994	0.08812683030677097	0.03121458470667378	0.023992697761155653	0.5200767777334909	0.028226783301181613	0.03312581327709575	0.008535080601476492	0.021753616600662096	0.033074646018264146	0.09784819357472613	0.07520978276579547	0.028226783301181613	0.1962511918518094	0.10383931166524532	0.02675487201630479	0.06819094689531044	0.1036789179296281	0.11483068953598453	0.08826316459539271	0.03312581327709575	0.10383931166524532	0.12684304888283468	0.03139843761891231	0.0800261421905572	0.12167339223397886	0.0295868718003798	0.022741576717270867	0.008535080601476492	0.02675487201630479	0.03139843761891231	0.5290139682422041	0.020619254480127518	0.03134993852332435	0.07540894991045106	0.05796214047661994	0.021753616600662096	0.06819094689531044	0.0800261421905572	0.020619254480127518	0.29613641835913224	0.07990253108714043	0.11465331814394802	0.08812683030677097	0.033074646018264146	0.1036789179296281	0.12167339223397886	0.03134993852332435	0.07990253108714043	0.12754042575694652
0.16082036616526785	0.09922402103434425	0.0022994812575514558	0.0940591105874748	0.10887609383166087	0.06036049396510726	0.06479416573089965	0.10956626742769544	0.09922402103434425	0.16750596671497492	0.0022645381571289548	0.09262978084794518	0.1072216040340704	0.05944325108902466	0.06380954842536966	0.10790128969714356	0.0022994812575514558	0.0022645381571289548	0.6854475826223186	0.0021466620958368867	0.0024848223878732863	0.0013775761185875095	0.0014787635002835912	0.002500573860419659	0.0940591105874748	0.09262978084794518	0.0021466620958368867	0.19040223164088776	0.10164039519942757	0.05634905005438488	0.0604880684063515	0.10228470116769298	0.10887609383166087	0.1072216040340704	0.0024848223878732863	0.10164039519942757	0.1261373504965178	0.0652256269778414	0.07001665835848145	0.11839744871412897	0.06036049396510726	0.05944325108902466	0.0013775761185875095	0.05634905005438488	0.0652256269778414	0.35278793460291846	0.03881697014992575	0.06563909704221117	0.06479416573089965	0.06380954842536966	0.0014787635002835912	0.0604880684063515	0.07001665835848145	0.03881697014992575	0.3301353263042423	0.07046049912444713	0.10956626742769544	0.10790128969714356	0.002500573860419659	0.10228470116769298	0.11839744871412897	0.06563909704221117	0.07046049912444713	0.12325012296626281
0.15016523561944053	0.11410153762745845	0.0014878947483603986	0.10707875591019901	0.1310099313109914	0.08239147616095456	0.06127356097559707	0.05249160764700474	0.11410153762745845	0.19522272489543877	0.0013340373017579844	0.09600615552105116	0.11746270054532137	0.07387169197736415	0.05493749880027767	0.047063653331335845	0.0014878947483603986	0.0013340373017579844	0.6921010156764933	0.0012519292691430624	0.0015317246279383618	0.0009632937892956715	0.0007163901350731481	0.0006137144519382649	0.10707875591019901	0.09600615552105116	0.0012519292691430624	0.220381985715636	0.11023304419710504	0.06932499805343575	0.05155617660086758	0.04416695473256777	0.1310099313109914	0.11746270054532137	0.0015317246279383618	0.11023304419710504	0.13782764116396673	0.08481853525392112	0.06307853595909835	0.054037886941664	0.08239147616095456	0.07387169197736415	0.0009632937892956715	0.06932499805343575	0.08481853525392112	0.3149760850283778	0.0396697688467984	0.03398415088985649	0.06127356097559707	0.05493749880027767	0.0007163901350731481	0.05155617660086758	0.06307853595909835	0.0396697688467984	0.403494459823947	0.025273608858343684	0.05249160764700474	0.047063653331335845	0.0006137144519382649	0.04416695473256777	0.054037886941664	0.03398415088985649	0.025273608858343684	0.4423684231472917
0.12603062694739942	0.10298802066650904	0.04990100118301093	0.09884333830601116	0.11518584235189097	0.07057286048762035	0.08924456041311049	0.04723374964444714	0.10298802066650904	0.170465026359867	0.04519312685547227	0.08951803412719404	0.10431871629733386	0.06391471435359547	0.08082484608111833	0.04277751525890963	0.04990100118301093	0.04519312685547227	0.42012770450950315	0.043374360415633965	0.050545765921844385	0.030968730304064825	0.03916223181889097	0.020727078991579138	0.09884333830601116	0.08951803412719404	0.043374360415633965	0.18817320674547772	0.10012048100249878	0.061342510446352555	0.07757210550338522	0.04105596345344622	0.11518584235189097	0.10431871629733386	0.050545765921844385	0.10012048100249878	0.12010274100642467	0.07148472379461393	0.09039767847332802	0.0478440511520649	0.07057286048762035	0.06391471435359547	0.030968730304064825	0.061342510446352555	0.07148472379461393	0.3170175592625309	0.05538547638357579	0.029313424967645926	0.08924456041311049	0.08082484608111833	0.03916223181889097	0.07757210550338522	0.09039767847332802	0.05538547638357579	0.23034412456463615	0.03706897676195453	0.04723374964444714	0.04277751525890963	0.020727078991579138	0.04105596345344622	0.0478440511520649	0.029313424967645926	0.03706897676195453	0.4339792397699523
0.13582384196693523	0.10288912553779678	0.05728195393723214	0.09515495262232881	0.11445710391179989	0.05153072531181705	0.09216915273000728	0.05069314398208425	0.10288912553779678	0.16894626199863802	0.05316885990924184	0.08832241217174527	0.10623858484597772	0.047830594573080504	0.08555100572904907	0.04705315523447208	0.05728195393723214	0.05316885990924184	0.3807760110274191	0.049172158079899275	0.059146714404414574	0.02662895520595259	0.0476292197434902	0.026196127692351065	0.09515495262232881	0.08832241217174527	0.049172158079899275	0.20222636435311625	0.09825263316062138	0.044235170011502775	0.07912013883284252	0.043516170767944784	0.11445710391179989	0.10623858484597772	0.059146714404414574	0.09825263316062138	0.12118365852656342	0.053208259906953395	0.09516963334372641	0.052343411899944764	0.05153072531181705	0.047830594573080504	0.02662895520595259	0.044235170011502775	0.053208259906953395	0.41015316767429033	0.042847145928495915	0.023565981387908184	0.09216915273000728	0.08555100572904907	0.0476292197434902	0.07912013883284252	0.09516963334372641	0.042847145928495915	0.215362996039212	0.042150707653177966	0.05069314398208425	0.04705315523447208	0.026196127692351065	0.043516170767944784	0.052343411899944764	0.023565981387908184	0.042150707653177966	0.41448130138211764
0.17546963985868763	0.07753775197716349	0.07950441082027071	0.08210557135220053	0.1190929226177845	0.004788276752568598	0.04304488290617974	0.11845654371513908	0.07753775197716349	0.30238303798737304	0.056930939225603605	0.05879355930707433	0.0852791923089622	0.0034287543292673543	0.03082326612349579	0.0848234987410561	0.07950441082027071	0.056930939225603605	0.29374191592293064	0.06028479254998626	0.08744220417622471	0.0035157208694435744	0.03160506398775517	0.0869749524477811	0.08210557135220053	0.05879355930707433	0.06028479254998626	0.2824226436745457	0.0903030669633514	0.0036307453601922934	0.032639092719065566	0.0898205280735797	0.1190929226177845	0.0852791923089622	0.08744220417622471	0.0903030669633514	0.1349903939322626	0.005266342698858427	0.04734252352781649	0.13028335377473352	0.004788276752568598	0.0034287543292673543	0.0035157208694435744	0.0036307453601922934	0.005266342698858427	0.6722284941354184	0.0019034641172062682	0.005238201737044851	0.04304488290617974	0.03082326612349579	0.03160506398775517	0.032639092719065566	0.04734252352781649	0.0019034641172062682	0.4655521601988635	0.04708954641961512	0.11845654371513908	0.0848234987410561	0.0869749524477811	0.0898205280735797	0.13028335377473352	0.005238201737044851	0.04708954641961512	0.13731337509104438
0.21251173506038978	0.027275957916167215	0.07012406179495873	0.10085892288943991	0.12206518137645773	0.024794336299757913	0.011081446132273728	0.13128835853055495	0.027275957916167215	0.5617163919645054	0.01691460049608004	0.02432814562465153	0.02944329984052298	0.0059806332140619175	0.002672951757904539	0.03166801918610633	0.07012406179495873	0.01691460049608004	0.3710564760525431	0.06254549858095478	0.07569610511242712	0.015375676057458596	0.006871921229030112	0.08141566067654747	0.10085892288943991	0.02432814562465153	0.06254549858095478	0.25429617871802496	0.10887315185604501	0.02211472191081365	0.009883833816809517	0.11709954660326077	0.12206518137645773	0.02944329984052298	0.07569610511242712	0.10887315185604501	0.18347529309314592	0.02676448908831275	0.011961975529583405	0.14172050410350523	0.024794336299757913	0.0059806332140619175	0.015375676057458596	0.02211472191081365	0.02676448908831275	0.5737535832243407	0.002429761220566767	0.028786798984687677	0.011081446132273728	0.002672951757904539	0.006871921229030112	0.009883833816809517	0.011961975529583405	0.002429761220566767	0.642232294572173	0.01286581574165884	0.13128835853055495	0.03166801918610633	0.08141566067654747	0.11709954660326077	0.14172050410350523	0.028786798984687677	0.01286581574165884	0.1551552961736788
0.2593616380564025	0.012983360645714858	0.06439493425906254	0.09512208805981277	0.09812852318277404	0.012589810843641335	0.008350622165265163	0.14906902278732861	0.012983360645714858	0.640664268468289	0.006979593052569718	0.010310026287118372	0.010635885672466977	0.0013645756037879554	0.0009051013891068132	0.01615718888094634	0.06439493425906254	0.006979593052569718	0.4333441807821026	0.05113571771475963	0.052751916653525736	0.006768028609483935	0.004489126200815809	0.08013650272768108	0.09512208805981277	0.010310026287118372	0.05113571771475963	0.3305050462719491	0.07792340374249852	0.009997510220177922	0.0066311902123810116	0.11837501749130412	0.09812852318277404	0.010635885672466977	0.052751916653525736	0.07792340374249852	0.3212896162218685	0.010313492201662678	0.006840776056932735	0.12211638626827241	0.012589810843641335	0.0013645756037879554	0.006768028609483935	0.009997510220177922	0.010313492201662678	0.6424214819944294	0.0008776660830824811	0.01566743444373446	0.008350622165265163	0.0009051013891068132	0.004489126200815809	0.0066311902123810116	0.006840776056932735	0.0008776660830824811	0.6615135567292532	0.010391961163162896	0.14906902278732861	0.01615718888094634	0.08013650272768108	0.11837501749130412	0.12211638626827241	0.01566743444373446	0.010391961163162896	0.1880864862375725
0.14671840203973174	0.07957227543881638	0.054037791246082	0.09953901977956749	0.1332172589866481	0.016945709761016708	0.03714466601911544	0.13282487672902024	0.07957227543881638	0.3332260556766256	0.03276216677793436	0.06034876503518718	0.08076729185218662	0.010273887154874279	0.022520160705442698	0.08052939735893161	0.054037791246082	0.03276216677793436	0.44040934793372605	0.04098304276139228	0.05484933078199731	0.00697703020680588	0.01529351443474359	0.054687775857317655	0.09953901977956749	0.06034876503518718	0.04098304276139228	0.2563360436633276	0.10103389675463688	0.012851871472601018	0.028171052160267877	0.10073630837301811	0.1332172589866481	0.08076729185218662	0.05484933078199731	0.10103389675463688	0.1404098758982243	0.017200200426125235	0.037702504604441925	0.13481964069573757	0.016945709761016708	0.010273887154874279	0.00697703020680588	0.012851871472601018	0.017200200426125235	0.6138058697045568	0.0047958928531497795	0.01714953842087011	0.03714466601911544	0.022520160705442698	0.01529351443474359	0.028171052160267877	0.037702504604441925	0.0047958928531497795	0.5167807547479925	0.037591454474845735	0.13282487672902024	0.08052939735893161	0.054687775857317655	0.10073630837301811	0.13481964069573757	0.01714953842087011	0.037591454474845735	0.14166100809025695
0.14433651333934286	0.11296438817753783	0.001328887863808332	0.10871137494780543	0.13333186795492075	0.08311109908816837	0.05841171302837281	0.05780415560004865	0.11296438817753783	0.20674311967642642	0.0011415565995998138	0.09338650077485873	0.11453628101073819	0.07139505615785864	0.050177504300759276	0.04965559330222572	0.001328887863808332	0.0011415565995998138	0.6930693085071709	0.001098577963598564	0.0013473792604594991	0.0008398755147063072	0.0005902769676110041	0.000584137323045769	0.10871137494780543	0.09338650077485873	0.001098577963598564	0.22179789969901187	0.11022408735146358	0.06870709295745919	0.048288363899355174	0.047786102406451814	0.13333186795492075	0.11453628101073819	0.0013473792604594991	0.11022408735146358	0.13845979364575164	0.08426758515535954	0.05922450858780125	0.05860849703351096	0.08311109908816837	0.07139505615785864	0.0008398755147063072	0.06870709295745919	0.08426758515535954	0.31822925434034205	0.03691701074309572	0.03653302604301346	0.05841171302837281	0.050177504300759276	0.0005902769676110041	0.048288363899355174	0.05922450858780125	0.03691701074309572	0.42071466996251544	0.025675952510491592	0.05780415560004865	0.04965559330222572	0.000584137323045769	0.047786102406451814	0.05860849703351096	0.03653302604301346	0.025675952510491592	0.4233525357812144
