0.16548585503973734	0.08137965852219477	0.14770147971358888	0.0775983496854688	0.14782233844375225	1.1678002548527863e-9	0.00014355022369039335	0.07986876720377013	0.08137965852219477	0.39207989428720175	0.07384200555568059	0.03879458607792713	0.07390242777380243	5.838310697630135e-10	7.17666230278801e-5	0.039929660576335804	0.14770147971358888	0.07384200555568059	0.20131372267433384	0.07041093404223708	0.13413054484174636	1.059634735174593e-9	0.00013025412747798957	0.07247105798530323	0.0775983496854688	0.03879458607792713	0.07041093404223708	0.4045848214896948	0.0704685487397639	5.567033375589278e-10	6.843198424018735e-5	0.03807432742396595	0.14782233844375225	0.07390242777380243	0.13413054484174636	0.0704685487397639	0.20101542002369532	1.0605017956047154e-9	0.00013036070967659754	0.07253035840706396	1.1678002548527863e-9	5.838310697630135e-10	1.059634735174593e-9	5.567033375589278e-10	1.0605017956047154e-9	0.6999999949975073	1.029852940941315e-12	5.729916866696213e-10	0.00014355022369039335	7.17666230278801e-5	0.00013025412747798957	6.843198424018735e-5	0.00013036070967659754	1.029852940941315e-12	0.6993852021239348	7.043420692225214e-5	0.07986876720377013	0.039929660576335804	0.07247105798530323	0.03807432742396595	0.07253035840706396	5.729916866696213e-10	7.043420692225214e-5	0.3970553936236484
0.1817819069236766	0.0003673968215611374	0.1471085017350406	0.09423027831114542	0.13118484872071404	5.471799258241943e-9	2.254828203223493e-9	0.1453270597612189	0.0003673968215611374	0.6985707130662098	0.0003016565673215363	0.0001932259655821264	0.0002690039711026407	1.1220318077106934e-11	4.62368746647475e-12	0.00029800359237877296	0.1471085017350406	0.0003016565673215363	0.2481865066746044	0.07736915679430553	0.10771125068946857	4.49270130944538e-9	1.8513598805617288e-9	0.119322921195185	0.09423027831114542	0.0001932259655821264	0.07736915679430553	0.382780707916387	0.06899438856355761	2.8777976103677893e-9	1.1858876593932875e-9	0.07643223838532866	0.13118484872071404	0.0002690039711026407	0.10771125068946857	0.06899438856355761	0.28543360421526937	4.006392116537747e-9	1.6509607738139244e-9	0.1064068981825234	5.471799258241943e-9	1.1220318077106934e-11	4.49270130944538e-9	2.8777976103677893e-9	4.006392116537747e-9	0.6999999787017934	6.886257083524884e-17	4.438295978726256e-9	2.254828203223493e-9	4.62368746647475e-12	1.8513598805617288e-9	1.1858876593932875e-9	1.6509607738139244e-9	6.886257083524884e-17	0.6999999912233992	1.8289404407538078e-9	0.1453270597612189	0.00029800359237877296	0.119322921195185	0.07643223838532866	0.1064068981825234	4.438295978726256e-9	1.8289404407538078e-9	0.25221287261611586
0.1886461501219594	0.0009672012708561062	0.15932189697055454	0.020420744601582594	0.14720210552101473	1.8139542389123778e-10	5.360919175169696e-7	0.1834413652407165	0.0009672012708561062	0.696341151958204	0.0008402223504299695	0.00010769370910668311	0.000776305714662474	9.566324046926515e-13	2.8272096902402938e-9	0.0009674221685743769	0.15932189697055454	0.0008402223504299695	0.23486262923817358	0.017739809224490245	0.12787669207633628	1.5758094412368838e-10	4.657111446761431e-7	0.15935828427128693	0.020420744601582594	0.00010769370910668311	0.017739809224490245	0.6249159618073264	0.01639032247945619	2.0197601680708242e-11	5.969153345757516e-8	0.02042540846630631	0.14720210552101473	0.000776305714662474	0.12787669207633628	0.01639032247945619	0.26051841897907696	1.4559358886671663e-10	4.302839871006563e-7	0.14723572479987018	1.8139542389123778e-10	9.566324046926515e-13	1.5758094412368838e-10	2.0197601680708242e-11	1.4559358886671663e-10	0.6999999993128384	5.302338982005438e-16	1.8143685253328958e-10	5.360919175169696e-7	2.8272096902402938e-9	4.657111446761431e-7	5.969153345757516e-8	4.302839871006563e-7	5.302338982005438e-16	0.6999979691798524	5.362143547851279e-7	0.1834413652407165	0.0009674221685743769	0.15935828427128693	0.02042540846630631	0.14723572479987018	1.8143685253328958e-10	5.362143547851279e-7	0.18857125865745092
0.20579620951119873	3.0631311216780555e-5	0.14197666816580667	0.02186212469077162	0.13174439980125977	3.130320053814876e-11	8.232199822304307e-8	0.19858988416644674	3.0631311216780555e-5	0.6998925850679525	2.2060046064412087e-5	3.3968924892723594e-6	2.0470177007887106e-5	4.863827660955078e-15	1.279102472523121e-11	3.085649247326936e-5	0.14197666816580667	2.2060046064412087e-5	0.30435653681551006	0.015744656646632174	0.09487963175249187	2.2543927060386207e-11	5.928662537697429e-8	0.14302038726432686	0.02186212469077162	3.3968924892723594e-6	0.015744656646632174	0.6257570338374228	0.014609938145365167	3.4714023844977263e-12	9.129187304020947e-9	0.02202284065466042	0.13174439980125977	2.0470177007887106e-5	0.09487963175249187	0.014609938145365167	0.32603260709747706	2.09191846667751e-11	5.501383415625696e-8	0.13271289799164604	3.130320053814876e-11	4.863827660955078e-15	2.2543927060386207e-11	3.4714023844977263e-12	2.09191846667751e-11	0.699999999890224	1.3071592307252685e-17	3.153332108308448e-11	8.232199822304307e-8	1.279102472523121e-11	5.928662537697429e-8	9.129187304020947e-9	5.501383415625696e-8	1.3071592307252685e-17	0.6999997113083885	8.292717541788605e-8	0.19858988416644674	3.085649247326936e-5	0.14302038726432686	0.02202284065466042	0.13271289799164604	3.153332108308448e-11	8.292717541788605e-8	0.20362305047173973
0.17187696404677047	4.994042312739878e-5	0.12332766264247556	0.08688779623025132	0.15118754604374277	7.02569740032681e-12	2.0458426927955233e-8	0.16667007014817542	4.994042312739878e-5	0.6997918372476457	3.695168378500023e-5	2.6033497289115048e-5	4.529911841298808e-5	2.1050536687667764e-15	6.129795265575471e-12	4.993802360783606e-5	0.12332766264247556	3.695168378500023e-5	0.27715804221324125	0.06428961090067987	0.11186598037799872	5.1984210875366825e-12	1.5137503353782888e-8	0.1233217370391145	0.08688779623025132	2.6033497289115048e-5	0.06428961090067987	0.38310020751799617	0.07881271970878358	3.662433411085866e-12	1.0664795542676897e-8	0.08688362147653958	0.15118754604374277	4.529911841298808e-5	0.11186598037799872	0.07881271970878358	0.20690815434891668	6.372751341320155e-12	1.855708554148126e-8	0.15118028183868296	7.02569740032681e-12	2.1050536687667764e-15	5.1984210875366825e-12	3.662433411085866e-12	6.372751341320155e-12	0.6999999999707133	8.623492546714498e-19	7.025359832134589e-12	2.0458426927955233e-8	6.129795265575471e-12	1.5137503353782888e-8	1.0664795542676897e-8	1.855708554148126e-8	8.623492546714498e-19	0.6999999147186149	2.0457443948786017e-8	0.16667007014817542	4.993802360783606e-5	0.1233217370391145	0.08688362147653958	0.15118028183868296	7.025359832134589e-12	2.0457443948786017e-8	0.17189433100940596
0.20652425961001752	2.5927788378578025e-5	0.13752543129581013	0.02577551596422379	0.13631233423334785	2.2661249100729508e-12	3.588093759929462e-8	0.19383649522502228	2.5927788378578025e-5	0.6999067712645805	1.8756906035959706e-5	3.5154874732180126e-6	1.8591453381867228e-5	3.0907368625195464e-16	4.893752149625921e-12	2.6437095255895864e-5	0.13752543129581013	1.8756906035959706e-5	0.3049699021408644	0.01864674780239934	0.09861225367257732	1.6393797798467346e-12	2.5957299759055402e-8	0.14022688222337665	0.02577551596422379	3.5154874732180126e-6	0.01864674780239934	0.6108101173268722	0.0184822668422567	3.072585142159999e-13	4.865011423876616e-9	0.026281831711456642	0.13631233423334785	1.8591453381867228e-5	0.09861225367257732	0.0184822668422567	0.3075845721161265	1.6249189868395523e-12	2.57283332050845e-8	0.1389899559523546	2.2661249100729508e-12	3.0907368625195464e-16	1.6393797798467346e-12	3.072585142159999e-13	1.6249189868395523e-12	0.6999999999918514	4.277207715546218e-19	2.310639042351005e-12	3.588093759929462e-8	4.893752149625921e-12	2.5957299759055402e-8	4.865011423876616e-9	2.57283332050845e-8	4.277207715546218e-19	0.6999998709777673	3.658575700066831e-8	0.19383649522502228	2.6437095255895864e-5	0.14022688222337665	0.026281831711456642	0.1389899559523546	2.310639042351005e-12	3.658575700066831e-8	0.2006383612044705
0.23982435689975318	7.902625270729644e-5	0.0004260629627187076	0.04925403801415958	0.17805835038031723	4.5458729267694374e-8	2.1823075291882687e-8	0.2323580982085362	7.902625270729644e-5	0.6997631201803306	1.461770331552466e-7	1.6898462851320384e-5	6.108965966210071e-5	1.559633846828003e-11	7.487232356775118e-12	7.971924433183755e-5	0.0004260629627187076	1.461770331552466e-7	0.6987235255940385	9.110654878819564e-5	0.00032935942798043103	8.40862618144313e-11	4.036674258497954e-11	0.0004297991649879058	0.04925403801415958	1.6898462851320384e-5	9.110654878819564e-5	0.5628771432013826	0.03807484622121489	9.720600705231694e-9	4.666505300300016e-9	0.049685953164496574	0.17805835038031723	6.108965966210071e-5	0.00032935942798043103	0.03807484622121489	0.3038565347795798	3.514095891552532e-8	1.6869890658986315e-8	0.1796197675203934	4.5458729267694374e-8	1.559633846828003e-11	8.40862618144313e-11	9.720600705231694e-9	3.514095891552532e-8	0.6999998637226613	4.306924053853513e-15	4.58573628554652e-8	2.1823075291882687e-8	7.487232356775118e-12	4.036674258497954e-11	4.666505300300016e-9	1.6869890658986315e-8	4.306924053853513e-15	0.6999999345782256	2.20144447150922e-8	0.2323580982085362	7.971924433183755e-5	0.0004297991649879058	0.049685953164496574	0.1796197675203934	4.58573628554652e-8	2.20144447150922e-8	0.23782659482544322
0.21198618188280077	0.00973020507035655	6.449627060012895e-7	0.14610698363696584	0.157411024327846	0.001480187996350838	1.3480761659814273e-6	0.17328342404681538	0.00973020507035655	0.6614358009758665	3.888247528863469e-8	0.008808263063740492	0.009489742905497409	8.923519554715167e-5	8.127064979609139e-8	0.010446632635867219	6.449627060012895e-7	3.888247528863469e-8	0.6999974049077737	5.838521531338195e-7	6.290237687006805e-7	5.914918830023817e-9	5.386992137571621e-12	6.924508172964347e-7	0.14610698363696584	0.008808263063740492	5.838521531338195e-7	0.2443820328209043	0.1424962476522312	0.0013399394114898529	1.220345245970031e-6	0.1568647292172759	0.157411024327846	0.009489742905497409	6.290237687006805e-7	0.1424962476522312	0.2201563553712568	0.0014436081701881412	1.314761214146088e-6	0.16900107778800474	0.001480187996350838	8.923519554715167e-5	5.914918830023817e-9	0.0013399394114898529	0.0014436081701881412	0.6940578378407029	1.2363135146071397e-8	0.0015891731076671908	1.3480761659814273e-6	8.127064979609139e-8	5.386992137571621e-12	1.220345245970031e-6	1.314761214146088e-6	1.2363135146071397e-8	0.6999945758442178	1.447333984160345e-6	0.17328342404681538	0.010446632635867219	6.924508172964347e-7	0.1568647292172759	0.16900107778800474	0.0015891731076671908	1.447333984160345e-6	0.18881282341957614
0.2246759033390993	0.022488999244413718	5.268720563443816e-6	0.05057358163625361	0.18904521620504208	0.00027378258610377904	0.002746360876564584	0.21019088739196132	0.022488999244413718	0.6278861956712225	5.773828762314451e-7	0.005542203211357936	0.02071688360692211	3.0002991261954205e-5	0.00030096523871137016	0.02303417265323424	5.268720563443816e-6	5.773828762314451e-7	0.6999825279373038	1.298426831230353e-6	4.853549483638135e-6	7.029097885089296e-9	7.051010695703867e-8	5.396443736826417e-6	0.05057358163625361	0.005542203211357936	1.298426831230353e-6	0.5447506325356917	0.04658842276424086	6.747115384848252e-5	0.0006768149131146827	0.051799575358662045	0.18904521620504208	0.02071688360692211	4.853549483638135e-6	0.04658842276424086	0.24723445631096777	0.00025220873140111076	0.002529949776957109	0.19362800905498698	0.00027378258610377904	3.0002991261954205e-5	7.029097885089296e-9	6.747115384848252e-5	0.00025220873140111076	0.6990924439735012	3.6639710147265934e-6	0.0002804195637709365	0.002746360876564584	0.00030096523871137016	7.051010695703867e-8	0.0006768149131146827	0.002529949776957109	3.6639710147265934e-6	0.6909292371563118	0.0028129375572187912	0.21019088739196132	0.02303417265323424	5.396443736826417e-6	0.051799575358662045	0.19362800905498698	0.0002804195637709365	0.0028129375572187912	0.21824860197643067
0.22901921863003002	2.1965645108481596e-6	0.07692195766702685	0.0075188578644755	0.1713578390337248	6.751582904950758e-13	5.2063492767351285e-9	0.2151799250332076	2.1965645108481596e-6	0.6999928842362907	8.034217365775153e-7	7.853172261560699e-8	1.7897700057061846e-6	7.051781606525336e-18	5.43784155266846e-14	2.247475679118156e-6	0.07692195766702685	8.034217365775153e-7	0.4789459565738052	0.0027501190211909033	0.062676334764002	2.469478330981544e-13	1.9042892464508075e-9	0.07870482664770223	0.0075188578644755	7.853172261560699e-8	0.0027501190211909033	0.6759114201720319	0.006126397024328753	2.4138304761335492e-14	1.8613775066531263e-10	0.007693127200088453	0.1713578390337248	1.7897700057061846e-6	0.062676334764002	0.006126397024328753	0.28450812685690097	5.501218158921082e-13	4.242155296924376e-9	0.17532950830833235	6.751582904950758e-13	7.051781606525336e-18	2.469478330981544e-13	2.4138304761335492e-14	5.501218158921082e-13	0.6999999999978128	1.6714299937701752e-20	6.908068622381411e-13	5.2063492767351285e-9	5.43784155266846e-14	1.9042892464508075e-9	1.8613775066531263e-10	4.242155296924376e-9	1.6714299937701752e-20	0.6999999831339939	5.327020134700456e-9	0.2151799250332076	2.247475679118156e-6	0.07870482664770223	0.007693127200088453	0.17532950830833235	6.908068622381411e-13	5.327020134700456e-9	0.2230903600072794
0.24445447847744256	2.3949991155784807e-8	0.05204209686343962	0.008031612378129506	0.16227703402306418	5.383175314631664e-12	4.905486661947487e-12	0.2331947542976408	2.3949991155784807e-8	0.6999999284154806	5.441829060729632e-9	8.398328329949667e-10	1.696864524796083e-8	5.62896609316768e-19	5.129466620850352e-19	2.4384220990874493e-8	0.05204209686343962	5.441829060729632e-9	0.5562753364027706	0.0018249134774007709	0.0368719918889166	1.2231453312703752e-12	1.1146066693874183e-12	0.05298565592330484	0.008031612378129506	8.398328329949667e-10	0.0018249134774007709	0.6762758192331494	0.005690423028849118	1.8876697471780487e-13	1.7201629569400903e-13	0.008177231042277406	0.16227703402306418	1.696864524796083e-8	0.0368719918889166	0.005690423028849118	0.3299413056658439	3.81399690828284e-12	3.475552971763208e-12	0.16521922841738895	5.383175314631664e-12	5.62896609316768e-19	1.2231453312703752e-12	1.8876697471780487e-13	3.81399690828284e-12	0.6999999999839102	1.1529364629397445e-22	5.480775990720713e-12	4.905486661947487e-12	5.129466620850352e-19	1.1146066693874183e-12	1.7201629569400903e-13	3.475552971763208e-12	1.1529364629397445e-22	0.6999999999853378	4.994426513757728e-12	0.2331947542976408	2.4384220990874493e-8	0.05298565592330484	0.008177231042277406	0.16521922841738895	5.480775990720713e-12	4.994426513757728e-12	0.2404231059246883
0.25647345778625885	2.862670622394033e-7	0.024334253558697942	0.007865693866078993	0.16546393385830319	1.4428588651157247e-11	1.9415288295634098e-10	0.245862374455021	2.862670622394033e-7	0.6999991884815295	2.881813821863184e-8	9.315044427861127e-9	1.9595269296529347e-7	1.7087233066173443e-17	2.2992793278353036e-16	2.9116553226976927e-7	0.024334253558697942	2.881813821863184e-8	0.6334661960629112	0.0007918293192548381	0.016657042129909407	1.4525075249526865e-12	1.954512186212509e-11	0.024750650090091142	0.007865693866078993	9.315044427861127e-9	0.0007918293192548381	0.677958032670632	0.005384146827935751	4.695019513088876e-13	6.317676635194465e-12	0.008000287994266886	0.16546393385830319	1.9595269296529347e-7	0.016657042129909407	0.005384146827935751	0.3441994046551772	9.876514537737017e-12	1.3289960767632372e-10	0.16829527643320802	1.4428588651157247e-11	1.7087233066173443e-17	1.4525075249526865e-12	4.695019513088876e-13	9.876514537737017e-12	0.6999999999590973	1.158895311109896e-20	1.4675484010110786e-11	1.9415288295634098e-10	2.2992793278353036e-16	1.954512186212509e-11	6.317676635194465e-12	1.3289960767632372e-10	1.158895311109896e-20	0.6999999994496093	1.9747513760565663e-10	0.245862374455021	2.9116553226976927e-7	0.024750650090091142	0.008000287994266886	0.16829527643320802	1.4675484010110786e-11	1.9747513760565663e-10	0.2530911196497338
0.19565939879323857	0.018064252358195854	0.004957116573286126	0.13893972230037172	0.16305568478543875	2.9557124369430312e-9	1.95770960786113e-6	0.1793218645241493	0.018064252358195854	0.6316526851495152	0.0005125871390338378	0.014366963878941383	0.01686065795139554	3.056333575094869e-10	2.0243557965943988e-7	0.018542650781705073	0.004957116573286126	0.0005125871390338378	0.6808724906203443	0.003942522133764982	0.004626831230546359	8.387062756970228e-11	5.5551525026016396e-8	0.00508839666762867	0.13893972230037172	0.014366963878941383	0.003942522133764982	0.27044757342129633	0.12968237417839173	2.350754018271445e-9	1.5570167347023506e-6	0.14261928471974572	0.16305568478543875	0.01686065795139554	0.004626831230546359	0.12968237417839173	0.2183987078100132	2.7587776905348456e-9	1.827270313311979e-6	0.16737391401512383	2.9557124369430312e-9	3.056333575094869e-10	8.387062756970228e-11	2.350754018271445e-9	2.7587776905348456e-9	0.6999999885112296	3.3122951817472096e-14	3.0339890321843824e-9	1.95770960786113e-6	2.0243557965943988e-7	5.5551525026016396e-8	1.5570167347023506e-6	1.827270313311979e-6	3.3122951817472096e-14	0.6999923904602684	2.0095559379233137e-6	0.1793218645241493	0.018542650781705073	0.00508839666762867	0.14261928471974572	0.16737391401512383	3.0339890321843824e-9	2.0095559379233137e-6	0.18705187670172102
0.2054484434493094	0.0001890242969152935	0.00667639864999353	0.12062604842305193	0.17748559181287296	3.3749674158477647e-14	4.628231219207725e-8	0.18957444708550766	0.0001890242969152935	0.6993052341647787	6.830072878295638e-6	0.00012340256251041295	0.0001815708723340732	3.4526508407546443e-17	4.734761685451852e-11	0.00019393798323559845	0.00667639864999353	6.830072878295638e-6	0.6756950586792988	0.004358617993534802	0.006413141308879401	1.2194873245550642e-15	1.6723329773292362e-9	0.006849951623080776	0.12062604842305193	0.00012340256251041295	0.004358617993534802	0.33526054052886034	0.11586963790269038	2.203312665627295e-14	3.021493012598619e-8	0.12376172237439799	0.17748559181287296	0.0001815708723340732	0.006413141308879401	0.11586963790269038	0.21795068413482424	3.2418889412357424e-14	4.4457352496431735e-8	0.18209932951101107	3.3749674158477647e-14	3.4526508407546443e-17	1.2194873245550642e-15	2.203312665627295e-14	3.2418889412357424e-14	0.6999999999998759	8.453763178056063e-21	3.462699688858983e-14	4.628231219207725e-8	4.734761685451852e-11	1.6723329773292362e-9	3.021493012598619e-8	4.4457352496431735e-8	8.453763178056063e-21	0.6999998298403037	4.7485420829440436e-8	0.18957444708550766	0.00019393798323559845	0.006849951623080776	0.12376172237439799	0.18209932951101107	3.462699688858983e-14	4.7485420829440436e-8	0.1975205639373082
0.1870844720277981	0.00013340441799518775	0.012752084497147143	0.1452133572961648	0.17604268947303736	7.138160862256926e-14	2.1153922346176031e-10	0.17877399207623526	0.00013340441799518775	0.6994810324245363	9.588349002782634e-6	0.00010918656866905906	0.00013236728053626023	5.367214873822011e-17	1.5905728218651232e-13	0.00013442095910132376	0.012752084497147143	9.588349002782634e-6	0.6512990187081051	0.010437108234838415	0.012652944868114187	5.1305030683310775e-15	1.520423335906423e-11	0.01284925532758199	0.1452133572961648	0.00010918656866905906	0.010437108234838415	0.25383605267368026	0.14408441258315	5.84231993865241e-14	1.731370092221391e-10	0.14631988247029276	0.17604268947303736	0.00013236728053626023	0.012652944868114187	0.14408441258315	0.18970345155601245	7.082666043349474e-14	2.0989463585378057e-10	0.17738413402917294	7.138160862256926e-14	5.367214873822011e-17	5.1305030683310775e-15	5.84231993865241e-14	7.082666043349474e-14	0.6999999999997222	8.5107861015643e-23	7.19255361811721e-14	2.1153922346176031e-10	1.5905728218651232e-13	1.520423335906423e-11	1.731370092221391e-10	2.0989463585378057e-10	8.5107861015643e-23	0.6999999991769147	2.131511514581534e-10	0.17877399207623526	0.00013442095910132376	0.01284925532758199	0.14631988247029276	0.17738413402917294	7.19255361811721e-14	2.131511514581534e-10	0.18453831492438108
0.16503968450160478	0.00038537448857418205	0.14261929438248466	0.0999164384842548	0.14257779122818304	5.076537660441736e-11	3.823364319974361e-9	0.14946141304077062	0.00038537448857418205	0.6982049373468895	0.0003760908263782796	0.00026348227342606244	0.0003759813814699578	1.338696318841462e-13	1.0082312164496176e-11	0.0003941336730457991	0.14261929438248466	0.0003760908263782796	0.17449117029951455	0.09750945387523874	0.13914309565376243	4.954243989839183e-11	3.7312595651167344e-9	0.14586089118182127	0.0999164384842548	0.00026348227342606244	0.09750945387523874	0.3026421035202475	0.09748107798172743	3.470851661341193e-11	2.6140514046222866e-9	0.10218744121634689	0.14257779122818304	0.0003759813814699578	0.13914309565376243	0.09748107798172743	0.17460360527366323	4.9528022721974804e-11	3.730173744000166e-9	0.145818444701494	5.076537660441736e-11	1.338696318841462e-13	4.954243989839183e-11	3.470851661341193e-11	4.9528022721974804e-11	0.6999999997634025	1.3281428564917117e-18	5.191922386632195e-11	3.823364319974361e-9	1.0082312164496176e-11	3.7312595651167344e-9	2.6140514046222866e-9	3.730173744000166e-9	1.3281428564917117e-18	0.699999982180803	3.910265644202541e-9	0.14946141304077062	0.0003941336730457991	0.14586089118182127	0.10218744121634689	0.145818444701494	5.191922386632195e-11	3.910265644202541e-9	0.15627767222433855
0.16275156875165198	0.13340843268637448	1.4475381487579527e-5	0.11159059595321565	0.14315351501802134	9.263675101677497e-6	0.0021215146681968573	0.14695063386594226	0.13340843268637448	0.1915657980843004	1.3442554220974138e-5	0.10362853911235664	0.13293942471940778	8.602706253140031e-6	0.0019701433072626326	0.1364656168298165	1.4475381487579527e-5	1.3442554220974138e-5	0.6999313916342949	1.1244136569525304e-5	1.4424492131443266e-5	9.334301612892444e-10	2.1376891537937187e-7	1.4807098949984151e-5	0.11159059595321565	0.10362853911235664	1.1244136569525304e-5	0.25776838874410013	0.1111982903284006	7.1958053795230385e-6	0.001647942797495517	0.11414780312247622	0.14315351501802134	0.13293942471940778	1.4424492131443266e-5	0.1111982903284006	0.1641370408071376	9.231107914292184e-6	0.002114056314467748	0.14643401721251104	9.263675101677497e-6	8.602706253140031e-6	9.334301612892444e-10	7.1958053795230385e-6	9.231107914292184e-6	0.6999560930069817	1.3680370224519866e-7	9.475961237273028e-6	0.0021215146681968573	0.0019701433072626326	2.1376891537937187e-7	0.001647942797495517	0.002114056314467748	1.3680370224519866e-7	0.6899758610972846	0.002170131242674863	0.14695063386594226	0.1364656168298165	1.4807098949984151e-5	0.11414780312247622	0.14643401721251104	9.475961237273028e-6	0.002170131242674863	0.1538075146663835
0.2564029740156257	0.009986910874329586	0.01992728373107591	0.08777574545205877	0.14635404096048046	2.1896323501590515e-8	2.3306081831517408e-7	0.17955279000928864	0.009986910874329586	0.6618584636491791	0.0012938932710779448	0.0056993440720250815	0.009502876124482588	1.4217444796990483e-9	1.5132811307326208e-8	0.011658495454349929	0.01992728373107591	0.0012938932710779448	0.6251825269442227	0.011372129763989044	0.018961469785474944	2.8368637706457655e-9	3.019510520966438e-8	0.023262663472190585	0.08777574545205877	0.0056993440720250815	0.011372129763989044	0.40916367541381937	0.08352152595143934	1.2495824095988116e-8	1.3300346924093976e-7	0.10246743384737567	0.14635404096048046	0.009502876124482588	0.018961469785474944	0.08352152595143934	0.270809424189286	2.0835076274892624e-8	2.217650796917036e-7	0.17085042038868153	2.1896323501590515e-8	1.4217444796990483e-9	2.8368637706457655e-9	1.2495824095988116e-8	2.0835076274892624e-8	0.6999999149528584	3.317872123255381e-14	2.556127627677514e-8	2.3306081831517408e-7	1.5132811307326208e-8	3.019510520966438e-8	1.3300346924093976e-7	2.217650796917036e-7	3.317872123255381e-14	0.6999990947727182	2.7206996488760906e-7	0.17955279000928864	0.011658495454349929	0.023262663472190585	0.10246743384737567	0.17085042038868153	2.556127627677514e-8	2.7206996488760906e-7	0.21220789919687358
0.2719343292564542	0.0059062964261762186	0.0277318463145404	0.1405710901908455	0.11360975434764281	1.3770213246781546e-5	6.073680591535945e-8	0.14023285251429005	0.0059062964261762186	0.6710956510547408	0.001510752802834772	0.007657916681588205	0.006189139116932099	7.501623953288701e-7	3.3087699510201738e-9	0.007639490446562788	0.0277318463145404	0.001510752802834772	0.5698680363047546	0.03595623266759201	0.029059878208854122	3.5222391084214505e-6	1.553567466834133e-8	0.035869715926641496	0.1405710901908455	0.007657916681588205	0.03595623266759201	0.18667255194614998	0.14730280538479604	1.7854021898427667e-5	7.874941683323822e-8	0.18182147035771548	0.11360975434764281	0.006189139116932099	0.029059878208854122	0.14730280538479604	0.25687555958086833	1.442964580586214e-5	6.364539030961404e-8	0.14694837006971231	1.3770213246781546e-5	7.501623953288701e-7	3.5222391084214505e-6	1.7854021898427667e-5	1.442964580586214e-5	0.6999318626477109	7.71421962639085e-12	1.781106212002732e-5	6.073680591535945e-8	3.3087699510201738e-9	1.553567466834133e-8	7.874941683323822e-8	6.364539030961404e-8	7.71421962639085e-12	0.6999996994562956	7.855993249656838e-8	0.14023285251429005	0.007639490446562788	0.035869715926641496	0.18182147035771548	0.14694837006971231	1.781106212002732e-5	7.855993249656838e-8	0.18747021106302783
0.23214530520682491	0.0030637553852133105	0.026328921471288253	0.15019310517892726	0.13904241741094192	4.405480486923694e-5	3.5377374978875482e-6	0.149178902804439	0.0030637553852133105	0.6858723174634278	0.0006267361181851685	0.003575210774230465	0.003309778755891887	1.048684710509703e-6	8.42126354853557e-8	0.00355106860570548	0.026328921471288253	0.0006267361181851685	0.5833505031374757	0.030724203430968034	0.028443166635233313	9.012056747222414e-6	7.236961140191616e-7	0.03051673345398856	0.15019310517892726	0.003575210774230465	0.030724203430968034	0.1791157021660289	0.16225379845983973	5.140919989411966e-5	4.128318233201922e-6	0.1740824424718803	0.13904241741094192	0.003309778755891887	0.028443166635233313	0.16225379845983973	0.20574127008296872	4.759246053222715e-5	3.821822222146853e-6	0.161158154372372	4.405480486923694e-5	1.048684710509703e-6	9.012056747222414e-6	5.140919989411966e-5	4.759246053222715e-5	0.6997958195310725	1.2109227915965688e-9	5.1062051251437e-5	3.5377374978875482e-6	8.42126354853557e-8	7.236961140191616e-7	4.128318233201922e-6	3.821822222146853e-6	1.2109227915965688e-9	0.6999836025612541	4.1004411202694164e-6	0.149178902804439	0.00355106860570548	0.03051673345398856	0.1740824424718803	0.161158154372372	5.1062051251437e-5	4.1004411202694164e-6	0.18145753579924484
0.19425364778504225	0.009935477239145635	0.10769420317869109	0.13586023858086727	0.13126794466072672	0.0025984972037884912	0.00012158174651943858	0.11826840960522089	0.009935477239145635	0.6498322008461439	0.008738791481418609	0.011024310134910759	0.010651670774527475	0.00021085373732956876	9.865689140363066e-6	0.009596830097383822	0.10769420317869109	0.008738791481418609	0.24219732740090916	0.11949645366769279	0.11545728191745427	0.002285519324576462	0.00010693774493226358	0.10402348528432691	0.13586023858086727	0.011024310134910759	0.11949645366769279	0.1537176817194458	0.1456536508392822	0.002883267544149302	0.00013490593839754557	0.13122949157525635	0.13126794466072672	0.010651670774527475	0.11545728191745427	0.1456536508392822	0.16725957309945727	0.002785808477748104	0.00013034590135385126	0.12679372432945193	0.0025984972037884912	0.00021085373732956876	0.002285519324576462	0.002883267544149302	0.002785808477748104	0.6867235450992762	2.5802450176902e-6	0.0025099283681142516	0.00012158174651943858	9.865689140363066e-6	0.00010693774493226358	0.00013490593839754557	0.00013034590135385126	2.5802450176902e-6	0.6993763450578967	0.00011743767674219675	0.11826840960522089	0.009596830097383822	0.10402348528432691	0.13122949157525635	0.12679372432945193	0.0025099283681142516	0.00011743767674219675	0.20746069306350526
0.18220355359100263	0.05344056556730359	0.09687746114570905	0.12996122854817008	0.12687080857478103	0.01983339899157413	0.0016105669048896726	0.08920241667657103	0.05344056556730359	0.43747324870245685	0.043621152805193575	0.058517828008764955	0.05712630019313952	0.008930412893011153	0.0007251922607211289	0.04016529956940969	0.09687746114570905	0.043621152805193575	0.2595451238351154	0.10608156087178273	0.10355898873093128	0.01618911998542084	0.0013146340109874118	0.07281195861486059	0.12996122854817008	0.058517828008764955	0.10608156087178273	0.1453562417368493	0.13892450569524492	0.02171772358128333	0.0017635830784434217	0.09767732847946256	0.12687080857478103	0.05712630019313952	0.10355898873093128	0.13892450569524492	0.15524185990013115	0.021201285813789744	0.00172164586046512	0.09535460523151844	0.01983339899157413	0.008930412893011153	0.01618911998542084	0.02171772358128333	0.021201285813789744	0.5969523690538807	0.0002691406294038875	0.014906549051636414	0.0016105669048896726	0.0007251922607211289	0.0013146340109874118	0.0017635830784434217	0.00172164586046512	0.0002691406294038875	0.6913847541412832	0.001210483113806137	0.08920241667657103	0.04016529956940969	0.07281195861486059	0.09767732847946256	0.09535460523151844	0.014906549051636414	0.001210483113806137	0.2886713592627361
0.18376138232460787	0.1167621129963687	0.03090708864008406	0.13196599265487058	0.12423020210557967	0.0055587576703086	0.02445647758598112	0.08235798602220053	0.1167621129963687	0.19627416154907704	0.029938987707752128	0.12783242957447097	0.12033894674074341	0.005384641028463086	0.02369042876694621	0.0797782916361797	0.03090708864008406	0.029938987707752128	0.5446489945011611	0.03383741635489545	0.031853881351789015	0.0014253217357150581	0.0062708884160427554	0.021117421292560588	0.13196599265487058	0.12783242957447097	0.03383741635489545	0.14732816351665562	0.13600857464936159	0.0060857882764880555	0.02677521730654863	0.09016641766671037	0.12423020210557967	0.12033894674074341	0.031853881351789015	0.13600857464936159	0.17175278730258595	0.0057290419474745995	0.025205665418003318	0.0848809004844637	0.0055587576703086	0.005384641028463086	0.0014253217357150581	0.0060857882764880555	0.0057290419474745995	0.6708905574711648	0.0011278431782512986	0.0037980486921345975	0.02445647758598112	0.02369042876694621	0.0062708884160427554	0.02677521730654863	0.025205665418003318	0.0011278431782512986	0.5757634699666391	0.0167100093615878	0.08235798602220053	0.0797782916361797	0.021117421292560588	0.09016641766671037	0.0848809004844637	0.0037980486921345975	0.0167100093615878	0.32119092484416367
0.19470765189240052	0.09238424153835208	0.03944764414653034	0.09139825006053179	0.08577173204705196	0.0705996089968362	0.06993960369892564	0.05575126761936639	0.09238424153835208	0.11406325621703256	0.047152097927895854	0.10924909029508079	0.10252366640464027	0.08438830123098177	0.08359939139584918	0.06663995499016158	0.03944764414653034	0.047152097927895854	0.4227893484985271	0.04664885661807838	0.04377713170106931	0.03603341459168684	0.03569655373834434	0.02845495277786511	0.09139825006053179	0.10924909029508079	0.04664885661807838	0.11915081180113174	0.1014294596474424	0.08348764821423393	0.08270715819574168	0.06592872516775351	0.08577173204705196	0.10252366640464027	0.04377713170106931	0.1014294596474424	0.14866410923216253	0.07834811046302591	0.07761566776650622	0.06187012273809593	0.0705996089968362	0.08438830123098177	0.03603341459168684	0.08348764821423393	0.07834811046302591	0.23233070465658912	0.0638862672533849	0.05092594459325679	0.06993960369892564	0.08359939139584918	0.03569655373834434	0.08270715819574168	0.07761566776650622	0.0638862672533849	0.2361054980518008	0.050449859899442784	0.05575126761936639	0.06663995499016158	0.02845495277786511	0.06592872516775351	0.06187012273809593	0.05092594459325679	0.050449859899442784	0.3199791722140543
0.23620400994452082	0.09264644825696024	0.003629325864356634	0.09116747509322007	0.083235668566284	0.09153811104405248	0.06293543064339395	0.03864353058721433	0.09264644825696024	0.12469103383905064	0.00471976754031772	0.1185590122682415	0.10824407104194594	0.11904100688525661	0.08184456667388944	0.05025409349434125	0.003629325864356634	0.00471976754031772	0.6729280087593982	0.004644422940901872	0.00424034611241859	0.0046633045662952365	0.0032061736663962425	0.001968650549915786	0.09116747509322007	0.1185590122682415	0.004644422940901872	0.13198241885224907	0.10651610327613366	0.11714068088377197	0.08053803069775685	0.04945185598772819	0.083235668566284	0.10824407104194594	0.00424034611241859	0.10651610327613366	0.17213424307058753	0.10694913816249359	0.07353101337165618	0.04514941639848334	0.09153811104405248	0.11904100688525661	0.0046633045662952365	0.11714068088377197	0.10694913816249359	0.1301494056151618	0.08086545327423283	0.04965289956873882	0.06293543064339395	0.08184456667388944	0.0032061736663962425	0.08053803069775685	0.07353101337165618	0.08086545327423283	0.28294134716098085	0.034137984511695946	0.03864353058721433	0.05025409349434125	0.001968650549915786	0.04945185598772819	0.04514941639848334	0.04965289956873882	0.034137984511695946	0.4307415689018837
0.2574682081195426	0.0918675245331994	0.0030302434777688394	0.08831235634993721	0.07674668925905702	0.09098249602889895	0.05030310402067114	0.04128937821092248	0.0918675245331994	0.12926997160204504	0.00413806057304167	0.12059819041113992	0.10480426779706148	0.12424449798051093	0.06869325616132299	0.05638423094167549	0.0030302434777688394	0.00413806057304167	0.6771729454241081	0.003977922359190343	0.003456960994084644	0.004098195543715226	0.0022658419556557063	0.0018598296724353215	0.08831235634993721	0.12059819041113992	0.003977922359190343	0.14668955917464518	0.10074846243781778	0.11943637793580383	0.06603490567293946	0.05420222565852331	0.07674668925905702	0.10480426779706148	0.003456960994084644	0.10074846243781778	0.20595851537008358	0.10379460997898	0.05738676438266988	0.04710372978024308	0.09098249602889895	0.12424449798051093	0.004098195543715226	0.11943637793580383	0.10379460997898	0.1335713003162452	0.06803148269931995	0.05584103951652274	0.05030310402067114	0.06869325616132299	0.0022658419556557063	0.06603490567293946	0.05738676438266988	0.06803148269931995	0.35641082055846607	0.030873824548953134	0.04128937821092248	0.05638423094167549	0.0018598296724353215	0.05420222565852331	0.04710372978024308	0.05584103951652274	0.030873824548953134	0.41244574167072307
0.24259401874795664	0.0979549613578879	0.0015525123223055065	0.09730050952091068	0.08389930783184664	0.08313800636404008	0.03420223889928364	0.059358444955773505	0.0979549613578879	0.1319452140848431	0.00203041785930591	0.1272522539192738	0.10972579770073071	0.10873014692595633	0.04473061868277224	0.07763058946923622	0.0015525123223055065	0.00203041785930591	0.6889985224419284	0.0020168523320530417	0.0017390712082749245	0.0017232908937801572	0.0007089465987907383	0.0012303863435613942	0.09730050952091068	0.1272522539192738	0.0020168523320530417	0.1348902821325441	0.1089927031348856	0.10800370445276183	0.044431766688342755	0.0771119278192342	0.08389930783184664	0.10972579770073071	0.0017390712082749245	0.1089927031348856	0.1977112903507112	0.09312835144932796	0.038312178314923666	0.06649130000930459	0.08313800636404008	0.10873014692595633	0.0017232908937801572	0.10800370445276183	0.09312835144932796	0.20142400728861723	0.03796453399770861	0.06588795862781305	0.03420223889928364	0.04473061868277224	0.0007089465987907383	0.044431766688342755	0.038312178314923666	0.03796453399770861	0.47254399465656155	0.027105722161618946	0.059358444955773505	0.07763058946923622	0.0012303863435613942	0.0771119278192342	0.06649130000930459	0.06588795862781305	0.027105722161618946	0.3251836706134618
0.2934337596647896	0.08962709772080882	0.007934063886438102	0.07020739508063509	0.05809644156336456	0.08682935071386623	0.08089229345877474	0.012979597911324699	0.08962709772080882	0.13686362628979762	0.011853546442799609	0.10489033490627682	0.08679648640211488	0.1297236518405464	0.12085364714760696	0.01939160925005144	0.007934063886438102	0.011853546442799609	0.6393452172987123	0.009285212166622177	0.0076834895443998194	0.011483533077139795	0.010698333224679906	0.0017166043592085616	0.07020739508063509	0.10489033490627682	0.009285212166622177	0.2361528148935658	0.06799009861310568	0.10161613962378126	0.09466801857913759	0.01518998613687759	0.05809644156336456	0.08679648640211488	0.0076834895443998194	0.06799009861310568	0.30443916519180086	0.08408709810081022	0.07833754553897954	0.012569675045426058	0.08682935071386623	0.1297236518405464	0.011483533077139795	0.10161613962378126	0.08408709810081022	0.15039278405812018	0.11708115045649956	0.01878629212923904	0.08089229345877474	0.12085364714760696	0.010698333224679906	0.09466801857913759	0.07833754553897954	0.11708115045649956	0.17996725391184953	0.017501757682474424	0.012979597911324699	0.01939160925005144	0.0017166043592085616	0.01518998613687759	0.012569675045426058	0.01878629212923904	0.017501757682474424	0.6018644774853986
0.23218355177693054	0.08962000285578048	0.047675692768467566	0.07722631495551589	0.06667289105825978	0.08472201015917258	0.08569189994051143	0.01620763648536015	0.08962000285578048	0.11938189322812418	0.061895544072262006	0.10025999630631405	0.08655888624341196	0.1099913731545395	0.11125054427970038	0.021041759859865294	0.047675692768467566	0.061895544072262006	0.36215648958883906	0.05333591417710175	0.04604725212475784	0.058512773338518856	0.059182622186913794	0.011193711743137998	0.07722631495551589	0.10025999630631405	0.05333591417710175	0.18581135441717828	0.0745885248630211	0.0947804971540934	0.09586553556958027	0.018131862557193373	0.06667289105825978	0.08655888624341196	0.04604725212475784	0.0745885248630211	0.24588526085584952	0.08182819243469824	0.08276495405684031	0.01565403836315962	0.08472201015917258	0.1099913731545395	0.058512773338518856	0.0947804971540934	0.08182819243469824	0.1451030071606425	0.10517037985198324	0.019891766746349678	0.08569189994051143	0.11125054427970038	0.059182622186913794	0.09586553556958027	0.08276495405684031	0.10517037985198324	0.1399545782516365	0.020119485862832083	0.01620763648536015	0.021041759859865294	0.011193711743137998	0.018131862557193373	0.01565403836315962	0.019891766746349678	0.020119485862832083	0.5777597383821014
0.1977166732918643	0.09500221045383209	0.05914314660314468	0.07844523733675686	0.07320704958738916	0.08647096268119352	0.09415078261811093	0.015863937427713016	0.09500221045383209	0.11746497161168448	0.07079686185828339	0.09390228538965387	0.08763195187209258	0.10350941996325455	0.11270249105260242	0.018989807798601856	0.05914314660314468	0.07079686185828339	0.3106231255196068	0.05845839380621077	0.05455482932378268	0.06443926694388087	0.07016236694937661	0.011822008995717502	0.07844523733675686	0.09390228538965387	0.05845839380621077	0.2026238237194799	0.07235946648031147	0.08546981145826607	0.09306071529105667	0.015680266518268482	0.07320704958738916	0.08763195187209258	0.05455482932378268	0.07235946648031147	0.23100435258440907	0.0797625571427555	0.08684657769220723	0.014633215317056445	0.08647096268119352	0.10350941996325455	0.06443926694388087	0.08546981145826607	0.0797625571427555	0.16048171969986832	0.10258174890175968	0.01728451320902611	0.09415078261811093	0.11270249105260242	0.07016236694937661	0.09306071529105667	0.08684657769220723	0.10258174890175968	0.12167569995688986	0.01881961753800175	0.015863937427713016	0.018989807798601856	0.011822008995717502	0.015680266518268482	0.014633215317056445	0.01728451320902611	0.01881961753800175	0.5869066331956156
