0.19920297665447717	0.08914026150907928	7.158912474687804e-14	0.049837017968247715	2.918728651222948e-7	0.0996562663099819	0.13039981596637765	0.0013889590217133266	0.1303744106971811	0.08914026150907928	0.2936903627470642	5.5157306064215014e-14	0.038397950290938565	2.2487942142485582e-7	0.07678220960951618	0.1004692065366879	0.0010701519000570767	0.10044963252717634	7.158912474687804e-14	5.5157306064215014e-14	0.6999999999996185	3.083764403274089e-14	1.806021283856119e-19	6.166429275638508e-14	8.068747430410238e-14	8.594459627369552e-16	8.067175428954335e-14	0.049837017968247715	0.038397950290938565	3.083764403274089e-14	0.45590800031494083	1.257267992768697e-7	0.04292781168878965	0.056170865629718986	0.0005983062935760712	0.056159922086955895	2.918728651222948e-7	2.2487942142485582e-7	1.806021283856119e-19	1.257267992768697e-7	0.6999984447375359	2.5140877006365377e-7	3.289673450805379e-7	3.5040092534832046e-9	3.289032537020592e-7	0.0996562663099819	0.07678220960951618	6.166429275638508e-14	0.04292781168878965	2.5140877006365377e-7	0.25481553836959303	0.11232170326932393	0.0011963992581888344	0.11229982008577014	0.13039981596637765	0.1004692065366879	8.068747430410238e-14	0.056170865629718986	3.289673450805379e-7	0.11232170326932393	0.15212874185036826	0.0015654835251891052	0.14694385425490264	0.0013889590217133266	0.0010701519000570767	8.594459627369552e-16	0.0005983062935760712	3.5040092534832046e-9	0.0011963992581888344	0.0015654835251891052	0.6926155179689054	0.0015651785283600415	0.1303744106971811	0.10044963252717634	8.067175428954335e-14	0.056159922086955895	3.289032537020592e-7	0.11229982008577014	0.14694385425490264	0.0015651785283600415	0.15220685291631367
0.19154031308794786	0.10194109662191606	3.5021678508779587e-16	0.08104225978463114	1.1375705771057896e-6	0.10469112048910088	0.04202563668242139	0.009593684539834427	0.16916475122356783	0.10194109662191606	0.3436404059309187	2.1918217363496512e-16	0.05072006657656903	7.119452932295144e-7	0.06552063843350261	0.026301624561304998	0.006004180039748603	0.10587127589074483	3.5021678508779587e-16	2.1918217363496512e-16	0.6999999999999986	1.742478670968716e-16	2.4458751182359237e-21	2.2509496277233467e-16	9.035875325737999e-17	2.0627251425476643e-17	3.637188445511429e-16	0.08104225978463114	0.05072006657656903	1.742478670968716e-16	0.4062992435122049	5.659901386027215e-7	0.05208832136539167	0.020909556215200253	0.0047732694143923105	0.08416671714147025	1.1375705771057896e-6	7.119452932295144e-7	2.4458751182359237e-21	5.659901386027215e-7	0.6999953114114036	7.311511543923826e-7	2.9350237757390497e-7	6.700122697518124e-8	1.1814278284707858e-6	0.10469112048910088	0.06552063843350261	2.2509496277233467e-16	0.05208832136539167	7.311511543923826e-7	0.33579456067312874	0.027011152883896866	0.006166152384164542	0.10872732261965815	0.04202563668242139	0.026301624561304998	9.035875325737999e-17	0.020909556215200253	2.9350237757390497e-7	0.027011152883896866	0.537630618956571	0.0024752479352088265	0.04364586926301807	0.009593684539834427	0.006004180039748603	2.0627251425476643e-17	0.0047732694143923105	6.700122697518124e-8	0.006166152384164542	0.0024752479352088265	0.6610238446686114	0.009963554016812707	0.16916475122356783	0.10587127589074483	3.637188445511429e-16	0.08416671714147025	1.1814278284707858e-6	0.10872732261965815	0.04364586926301807	0.009963554016812707	0.1784593284168962
0.15519657002955506	0.09014365282332376	1.5826287799485423e-15	0.05957333650188335	1.2524040311363399e-6	0.10095906282053897	0.14432258807140805	0.005746914314299815	0.1440566230349611	0.09014365282332376	0.32322010756382535	9.97754331896251e-16	0.03755748367106011	7.895670565217698e-7	0.06364874918845702	0.09098690056894299	0.003623091355836238	0.09081922526149884	1.5826287799485423e-15	9.97754331896251e-16	0.6999999999999924	6.593870194806195e-16	1.3862224440801577e-20	1.1174646147389651e-15	1.5974334623531857e-15	6.360967713797368e-17	1.5944896303812558e-15	0.05957333650188335	0.03755748367106011	6.593870194806195e-16	0.4382602242495267	5.218020623278155e-7	0.042063619950697656	0.06013061458115851	0.002394396430121707	0.06001980281349024	1.2524040311363399e-6	7.895670565217698e-7	1.3862224440801577e-20	5.218020623278155e-7	0.6999939756809392	8.842990888847611e-7	1.2641196299919805e-6	5.033714606748752e-8	1.2617900457740358e-6	0.10095906282053897	0.06364874918845702	1.1174646147389651e-15	0.042063619950697656	8.842990888847611e-7	0.2856507214667431	0.10190348319243257	0.004057788833067785	0.10171569024897502	0.14432258807140805	0.09098690056894299	1.5974334623531857e-15	0.06013061458115851	1.2641196299919805e-6	0.10190348319243257	0.15145027667979546	0.005800673757011753	0.14540419902962196	0.005746914314299815	0.003623091355836238	6.360967713797368e-17	0.002394396430121707	5.033714606748752e-8	0.004057788833067785	0.005800673757011753	0.6725871009933686	0.005789983979148034	0.1440566230349611	0.09081922526149884	1.5944896303812558e-15	0.06001980281349024	1.2617900457740358e-6	0.10171569024897502	0.14540419902962196	0.005789983979148034	0.1521932138422603
0.1612996178394469	0.09443238320741096	0.0006421678607812504	0.0723838504250792	3.3126757743487796e-7	0.07962243993120804	0.13899888639293997	0.0133251309408639	0.1392951921346988	0.09443238320741096	0.29484006616900466	0.0004491416148359377	0.050626326002069316	2.316933994343466e-7	0.05568910160712978	0.09721785861249832	0.009319791902071894	0.0974250991915843	0.0006421678607812504	0.0004491416148359377	0.6967987064766211	0.00034427384297351556	1.5755829686633767e-9	0.0003787021997457509	0.0006611099092755149	6.337731427930587e-5	0.0006625192059046851	0.0723838504250792	0.050626326002069316	0.00034427384297351556	0.3776182997489548	1.7759649602719878e-7	0.04268653891942835	0.07451895946539364	0.007143761494939103	0.07467781250466957	3.3126757743487796e-7	2.316933994343466e-7	1.5755829686633767e-9	1.7759649602719878e-7	0.6999983470116121	1.9535664728909304e-7	3.410389890852758e-7	3.2693709305371615e-8	3.4176598635303753e-7	0.07962243993120804	0.05568910160712978	0.0003787021997457509	0.04268653891942835	1.9535664728909304e-7	0.34964799355716664	0.0819710659066247	0.007858157823510717	0.0821458046985425	0.13899888639293997	0.09721785861249832	0.0006611099092755149	0.07451895946539364	3.410389890852758e-7	0.0819710659066247	0.1495096084377787	0.013718182807656477	0.1434039874288503	0.0133251309408639	0.009319791902071894	6.337731427930587e-5	0.007143761494939103	3.2693709305371615e-8	0.007858157823510717	0.013718182807656477	0.6348241389858323	0.013747426037137576	0.1392951921346988	0.0974250991915843	0.0006625192059046851	0.07467781250466957	3.4176598635303753e-7	0.0821458046985425	0.1434039874288503	0.013747426037137576	0.14864181703263268
0.13993551582497712	0.09063693409201773	0.07488042240570719	0.06168237663337714	2.058551543304701e-5	0.08815608694640681	0.11391109957130759	0.017213584272643155	0.11356339473813012	0.09063693409201773	0.22166633497509222	0.06184318532739144	0.050943017240260124	1.700142447231671e-5	0.07280745817946593	0.09407833203006066	0.01421657154327971	0.09379116518795982	0.07488042240570719	0.06184318532739144	0.2940698995520735	0.04208697798293965	1.4045861753149491e-5	0.06015045938369189	0.07772356062356843	0.011745133404898503	0.0774863154579763	0.06168237663337714	0.050943017240260124	0.04208697798293965	0.3581990541423444	1.1570208967358607e-5	0.049548642638169105	0.06402439764154788	0.009674995399531714	0.0638289681128626	2.058551543304701e-5	1.700142447231671e-5	1.4045861753149491e-5	1.1570208967358607e-5	0.6998743630048404	1.6536074052027272e-5	2.1367127819592615e-5	3.22887634981218e-6	2.1301906312277232e-5	0.08815608694640681	0.07280745817946593	0.06015045938369189	0.049548642638169105	1.6536074052027272e-5	0.23276609847439128	0.0915032894845608	0.013827446058323293	0.09122398276093899	0.11391109957130759	0.09407833203006066	0.07772356062356843	0.06402439764154788	2.1367127819592615e-5	0.0915032894845608	0.12299549735229455	0.017867167649173312	0.11787528851966719	0.017213584272643155	0.01421657154327971	0.011745133404898503	0.009674995399531714	3.22887634981218e-6	0.013827446058323293	0.017867167649173312	0.5976392432958523	0.01781262949994826	0.11356339473813012	0.09379116518795982	0.0774863154579763	0.0638289681128626	2.1301906312277232e-5	0.09122398276093899	0.11787528851966719	0.01781262949994826	0.1243969538162044
0.19442825906564945	0.053825623331564175	0.10620179012361074	0.014868504433759552	0.0003392043044965209	0.10167598985214063	0.12313474870649009	0.00022108621168042395	0.10530479397060334	0.053825623331564175	0.42192611399269536	0.05271891888003781	0.007380774638530193	0.00016838213547716937	0.05047229669879982	0.06112449536693919	0.00010974792463958581	0.05227364703131414	0.10620179012361074	0.05271891888003781	0.20263967353725731	0.014562794271463455	0.0003322299511954777	0.09958543773926383	0.12060298472316175	0.00021654047529144394	0.10313963029871343	0.014868504433759552	0.007380774638530193	0.014562794271463455	0.6178443973621331	4.651298717873e-5	0.013942199287231644	0.016884706095761995	3.031618406066253e-5	0.014439794739879884	0.0003392043044965209	0.00016838213547716937	0.0003322299511954777	4.651298717873e-5	0.698080282026275	0.0003180719374599192	0.0003852011487340244	6.916216876484705e-7	0.000329423887495522	0.10167598985214063	0.05047229669879982	0.09958543773926383	0.013942199287231644	0.0003180719374599192	0.2195908915654406	0.11546347605419399	0.00020731258053828002	0.09874432428492648	0.12313474870649009	0.06112449536693919	0.12060298472316175	0.016884706095761995	0.0003852011487340244	0.11546347605419399	0.14256896798656282	0.0002510659846577108	0.11958435393349262	0.00022108621168042395	0.00010974792463958581	0.00021654047529144394	3.031618406066253e-5	6.916216876484705e-7	0.00020731258053828002	0.0002510659846577108	0.6987485274752911	0.000214711542153116	0.10530479397060334	0.05227364703131414	0.10313963029871343	0.014439794739879884	0.000329423887495522	0.09874432428492648	0.11958435393349262	0.000214711542153116	0.20596932031141654
0.33976744878473075	0.012927500859745505	2.467907685983665e-6	0.002604623020818398	0.0001971884180178602	0.04115383695223285	0.1745797104868183	2.3725462612313676e-6	0.1287648510236849	0.012927500859745505	0.6497435126077473	2.652552638645783e-7	0.00027994967987611844	2.1194174380764295e-5	0.0044232901991442695	0.018764148851104633	2.5500564228074237e-7	0.013839883367094765	2.467907685983665e-6	2.652552638645783e-7	0.699990140646215	5.3443428405120237e-8	4.046046209537516e-9	8.444224446966509e-7	3.5821453560896777e-6	4.868151945079309e-11	2.642084878224719e-6	0.002604623020818398	0.00027994967987611844	5.3443428405120237e-8	0.6896508155903248	4.2701861015745396e-6	0.0008912011382127544	0.0037805864098478465	5.1378342459926815e-8	0.0027884491530473826	0.0001971884180178602	2.1194174380764295e-5	4.046046209537516e-9	4.2701861015745396e-6	0.6992125465071504	6.747024086605517e-5	0.00028621717898488026	3.889704571093555e-9	0.00021110535874780358	0.04115383695223285	0.0044232901991442695	8.444224446966509e-7	0.0008912011382127544	6.747024086605517e-5	0.5496697827970349	0.05973441663193897	8.117934578522768e-7	0.04405834582466621	0.1745797104868183	0.018764148851104633	3.5821453560896777e-6	0.0037805864098478465	0.00028621717898488026	0.05973441663193897	0.2559468950919452	3.4437291232756927e-6	0.18690099947487465	2.3725462612313676e-6	2.5500564228074237e-7	4.868151945079309e-11	5.1378342459926815e-8	3.889704571093555e-9	8.117934578522768e-7	3.4437291232756927e-6	0.6999905216156439	2.5399931428916023e-6	0.1287648510236849	0.013839883367094765	2.642084878224719e-6	0.0027884491530473826	0.00021110535874780358	0.04405834582466621	0.18690099947487465	2.5399931428916023e-6	0.32343118371985863
0.2884466954238009	0.04072101620976218	1.0992678978087785e-8	0.009532827754595801	0.00013653985280176307	0.10108849700280531	0.14136761031581957	1.2048588715454428e-5	0.11869475385901682	0.04072101620976218	0.5149605937265456	4.2780679632647895e-9	0.0037099314095818247	5.313779936123665e-5	0.03934104337480786	0.05501663843190046	4.689000878574335e-6	0.04619294576909318	1.0992678978087785e-8	4.2780679632647895e-9	0.6999999457703607	1.001499687684142e-9	1.4344601985646862e-11	1.0620153933648989e-8	1.485179646843938e-8	1.2658004682550693e-12	1.2469831825319889e-8	0.009532827754595801	0.0037099314095818247	1.001499687684142e-9	0.6538406699358186	1.243960823471547e-5	0.009209774830919325	0.012879446207986605	1.0976994652181975e-6	0.01081381155189795	0.00013653985280176307	5.313779936123665e-5	1.4344601985646862e-11	1.243960823471547e-5	0.6993265928601663	0.00013191272643574853	0.00018447387644856075	1.5722483114122074e-8	0.00015488753972401514	0.10108849700280531	0.03934104337480786	1.0620153933648989e-8	0.009209774830919325	0.00013191272643574853	0.29896787196943675	0.13657687864612533	1.1640280508183352e-5	0.11467237054880448	0.14136761031581957	0.05501663843190046	1.485179646843938e-8	0.012879446207986605	0.00018447387644856075	0.13657687864612533	0.19359462702069027	1.627839653014159e-5	0.16036403225269819	1.2048588715454428e-5	4.689000878574335e-6	1.2658004682550693e-12	1.0976994652181975e-6	1.5722483114122074e-8	1.1640280508183352e-5	1.627839653014159e-5	0.6999405626796047	1.3667630548809053e-5	0.11869475385901682	0.04619294576909318	1.2469831825319889e-8	0.01081381155189795	0.00015488753972401514	0.11467237054880448	0.16036403225269819	1.3667630548809053e-5	0.2490935183783811
0.2898043680786211	0.04370888381476468	2.8100682886280624e-6	0.012702739557193102	0.00010128924319070812	0.09771290528181793	0.14738862953811135	3.7383745200821004e-5	0.10854099067280913	0.04370888381476468	0.510555067343313	1.1174435405274219e-6	0.005051334276334514	4.027838433194354e-5	0.03885622825438295	0.05861013153703861	1.4865910826592596e-5	0.0431620930354662	2.8100682886280624e-6	1.1174435405274219e-6	0.6999867031089159	3.2475307137430774e-7	2.5895195816035576e-9	2.498088381667889e-6	3.768077737297818e-6	9.557376201235613e-10	2.7749148073373355e-6	0.012702739557193102	0.005051334276334514	3.2475307137430774e-7	0.6413599292515604	1.1705762794619206e-5	0.01129245372135413	0.01703336190150752	4.320352684157868e-6	0.01254383042349985	0.00010128924319070812	4.027838433194354e-5	2.5895195816035576e-9	1.1705762794619206e-5	0.6995208027412042	9.00438906152618e-5	0.00013582080686052987	3.4449675341686017e-8	0.00010002213180773355	0.09771290528181793	0.03885622825438295	2.498088381667889e-6	0.01129245372135413	9.00438906152618e-5	0.324496881558878	0.1310252226001479	3.323332031727872e-5	0.09649053328410254	0.14738862953811135	0.05861013153703861	3.768077737297818e-6	0.01703336190150752	0.00013582080686052987	0.1310252226001479	0.20020811432257252	5.012862448862447e-5	0.1455448225915323	3.7383745200821004e-5	1.4865910826592596e-5	9.557376201235613e-10	4.320352684157868e-6	3.4449675341686017e-8	3.323332031727872e-5	5.012862448862447e-5	0.6998231165602286	3.6916080840914655e-5	0.10854099067280913	0.0431620930354662	2.7749148073373355e-6	0.01254383042349985	0.00010002213180773355	0.09649053328410254	0.1455448225915323	3.6916080840914655e-5	0.2935780168651316
0.3014722118599212	0.032709893458057235	0.00021994092093274224	0.008387877189244988	0.00013132788328566148	0.06148812794809249	0.17280641165553598	2.5278238287600088e-5	0.12275893084663529	0.032709893458057235	0.5761340519695094	5.480581153276646e-5	0.002090126814256311	3.272483896960727e-5	0.015321872517103364	0.0430606345953381	6.298938631316471e-6	0.030589591056600113	0.00021994092093274224	5.480581153276646e-5	0.6991126895923795	1.4053986968291861e-5	2.2004141436841605e-7	0.000103024082183175	0.00028953917691572535	4.235398581310009e-8	0.0002056840336875925	0.008387877189244988	0.002090126814256311	1.4053986968291861e-5	0.6666826044607328	8.39170970296359e-6	0.003929024872781231	0.011042142804279932	1.6152520866453327e-6	0.007844162909946327	0.00013132788328566148	3.272483896960727e-5	2.2004141436841605e-7	8.39170970296359e-6	0.6994700936247152	6.151622255279111e-5	0.00017288536881339493	2.528978819383186e-8	0.0001228150207578174	0.06148812794809249	0.015321872517103364	0.000103024082183175	0.003929024872781231	6.151622255279111e-5	0.480636741297013	0.08094547336020166	1.1840758362487604e-5	0.057502378941706504	0.17280641165553598	0.0430606345953381	0.00028953917691572535	0.011042142804279932	0.00017288536881339493	0.08094547336020166	0.23004478455453758	3.3277301361802795e-5	0.1616048511830066	2.5278238287600088e-5	6.298938631316471e-6	4.235398581310009e-8	1.6152520866453327e-6	2.528978819383186e-8	1.1840758362487604e-5	3.3277301361802795e-5	0.699897982201019	2.363966647707035e-5	0.12275893084663529	0.030589591056600113	0.0002056840336875925	0.007844162909946327	0.0001228150207578174	0.057502378941706504	0.1616048511830066	2.363966647707035e-5	0.31934794634117614
0.2980917071526006	0.022777797997067556	2.920493672092942e-5	0.00479560616392342	0.00013580780722994578	0.07956053326935882	0.17199576509597786	7.045635731357461e-6	0.1226065319413961	0.022777797997067556	0.6115799167987446	5.056514344387692e-6	0.0008303065878768015	2.3513631681520906e-5	0.013775033363977247	0.029779179516539987	1.2198745192078502e-6	0.021227975715249807	2.920493672092942e-5	5.056514344387692e-6	0.6998815806724503	1.0645915536275577e-6	3.014839825282796e-8	1.7661890661048084e-5	3.8181875767522154e-5	1.5640826275448603e-9	2.7217806021333235e-5	0.00479560616392342	0.0008303065878768015	1.0645915536275577e-6	0.6807286626909854	4.9505275726233e-6	0.002900176519128174	0.006269667369272777	2.568306982211111e-7	0.004469308718989197	0.00013580780722994578	2.3513631681520906e-5	3.014839825282796e-8	4.9505275726233e-6	0.6994494405019253	8.21307255390507e-5	0.00017755206503143435	7.273244041001282e-9	0.0001265673193778331	0.07956053326935882	0.013775033363977247	1.7661890661048084e-5	0.002900176519128174	8.21307255390507e-5	0.42549739447403057	0.1040156472967628	4.260897707599923e-6	0.07414716156283879	0.17199576509597786	0.029779179516539987	3.8181875767522154e-5	0.006269667369272777	0.00017755206503143435	0.1040156472967628	0.22742178009901848	9.211305292954745e-6	0.16029301537634497	7.045635731357461e-6	1.2198745192078502e-6	1.5640826275448603e-9	2.568306982211111e-7	7.273244041001282e-9	4.260897707599923e-6	9.211305292954745e-6	0.6999714303745146	6.5662442095152346e-6	0.1226065319413961	0.021227975715249807	2.7217806021333235e-5	0.004469308718989197	0.0001265673193778331	0.07414716156283879	0.16029301537634497	6.5662442095152346e-6	0.31709565531557876
0.29953054858725114	0.028032606860212025	1.1084954239375622e-6	0.0048698868212841435	4.9085009638782335e-5	0.06465311053852585	0.169223942572496	7.4514488948363096e-6	0.13363225966626835	0.028032606860212025	0.5905924545973278	2.4219877360923393e-7	0.001064037424296328	1.0724743540105168e-5	0.014126268583798151	0.03697429007942081	1.628091325384569e-6	0.029197747421304585	1.1084954239375622e-6	2.4219877360923393e-7	0.6999954315002315	4.207530971387757e-8	4.2408931842811096e-10	5.585960720862746e-7	1.4620770576478583e-6	6.437973439076672e-11	1.1545686623864736e-6	0.0048698868212841435	0.001064037424296328	4.207530971387757e-8	0.6801142873634543	1.863126304594255e-6	0.002454046801755008	0.006423255920578573	2.8283564667654236e-7	0.005072297631370513	4.9085009638782335e-5	1.0724743540105168e-5	4.2408931842811096e-10	1.863126304594255e-6	0.6997977217550934	2.473505347017576e-5	6.474186985126426e-5	2.8507829756192382e-9	5.1125167229439324e-5	0.06465311053852585	0.014126268583798151	5.585960720862746e-7	0.002454046801755008	2.473505347017576e-5	0.4661213925366509	0.0852757959867537	3.7549546837295974e-6	0.06734033694828784	0.169223942572496	0.03697429007942081	1.4620770576478583e-6	0.006423255920578573	6.474186985126426e-5	0.0852757959867537	0.22576915721094265	9.828270139967048e-6	0.1762575260127527	7.4514488948363096e-6	1.628091325384569e-6	6.437973439076672e-11	2.8283564667654236e-7	2.8507829756192382e-9	3.7549546837295974e-6	9.828270139967048e-6	0.6999692903250136	7.761159132973486e-6	0.13363225966626835	0.029197747421304585	1.1545686623864736e-6	0.005072297631370513	5.1125167229439324e-5	0.06734033694828784	0.1762575260127527	7.761159132973486e-6	0.28843979142498594
0.27897967867523465	0.05916004136088466	3.791851511311398e-8	0.019629182903276133	8.00086202905262e-6	0.08074410233696126	0.1430767488514585	0.0001050257240847066	0.11829718136755189	0.05916004136088466	0.44383872035920546	2.0643311368035625e-8	0.01068637137724599	4.355768826541022e-6	0.043958093841548106	0.0778927620782652	5.717731080624974e-5	0.06440245725990423	3.791851511311398e-8	2.0643311368035625e-8	0.6999998151706207	6.8494092507576854e-9	2.7918216802943197e-12	2.817485598947693e-8	4.992521655030032e-8	3.66476877645911e-11	4.127863153500064e-8	0.019629182903276133	0.01068637137724599	6.8494092507576854e-9	0.6078655470861514	1.4452353482817715e-6	0.014585207248783786	0.0258446620134813	1.8971316887472837e-5	0.021368605969415765	8.00086202905262e-6	4.355768826541022e-6	2.7918216802943197e-12	1.4452353482817715e-6	0.6999610013175017	5.9449357335796614e-6	1.0534293555482099e-5	7.732715603805027e-9	8.709851497993384e-6	0.08074410233696126	0.043958093841548106	2.817485598947693e-8	0.014585207248783786	5.9449357335796614e-6	0.36641811015934544	0.1063113041823264	7.803798863035535e-5	0.08789917113181206	0.1430767488514585	0.0778927620782652	4.992521655030032e-8	0.0258446620134813	1.0534293555482099e-5	0.1063113041823264	0.190970285872883	0.00013828157570620813	0.15575537120710212	0.0001050257240847066	5.717731080624974e-5	3.66476877645911e-11	1.8971316887472837e-5	7.732715603805027e-9	7.803798863035535e-5	0.00013828157570620813	0.6994881658267316	0.00011433248779011103	0.11829718136755189	0.06440245725990423	4.127863153500064e-8	0.021368605969415765	8.709851497993384e-6	0.08789917113181206	0.15575537120710212	0.00011433248779011103	0.2521541294462899
0.19164502072666306	0.08920277754913232	3.154543681510065e-13	0.0788271062602963	3.01381375852156e-6	0.09008760326803567	0.12613666472826723	0.002504988125765638	0.12159282552776576	0.08920277754913232	0.2778654068257819	2.505648189448934e-13	0.06261222415093064	2.3938666729005128e-6	0.07155641601776538	0.10019011860638316	0.001989707417496011	0.09658095556558688	3.154543681510065e-13	2.505648189448934e-13	0.6999999999982566	2.2142023096962562e-13	8.465607456243708e-18	2.530502370243101e-13	3.543097135349058e-13	7.036349241993758e-15	3.415463638066839e-13	0.0788271062602963	0.06261222415093064	2.2142023096962562e-13	0.31968345357790934	2.1154227231744567e-6	0.06323329120476731	0.08853644855696402	0.001758273479090601	0.08534708734709719	3.01381375852156e-6	2.3938666729005128e-6	8.465607456243708e-18	2.1154227231744567e-6	0.6999833439335936	2.417612063548705e-6	3.385033137084886e-6	6.722444922725627e-8	3.263093601927383e-6	0.09008760326803567	0.07155641601776538	2.530502370243101e-13	0.06323329120476731	2.417612063548705e-6	0.2743879300458304	0.10118393063957996	0.0020094438466125098	0.09753896736509193	0.12613666472826723	0.10019011860638316	3.543097135349058e-13	0.08853644855696402	3.385033137084886e-6	0.10118393063957996	0.14456618421934483	0.0028135341109732305	0.13656973410499604	0.002504988125765638	0.001989707417496011	7.036349241993758e-15	0.001758273479090601	6.722444922725627e-8	0.0020094438466125098	0.0028135341109732305	0.6862118040282428	0.0027121817673629966	0.12159282552776576	0.09658095556558688	3.415463638066839e-13	0.08534708734709719	3.263093601927383e-6	0.09753896736509193	0.13656973410499604	0.0027121817673629966	0.15965498522815558
0.27275428540087876	0.07699149323448606	1.3929761934770006e-24	0.031671719466950625	9.634863349186326e-7	0.08814133178614406	0.11512894348336111	0.0004105294404272338	0.11490073370141506	0.07699149323448606	0.3048469073439523	1.2653424473974085e-24	0.028769745822836375	8.752053070029952e-7	0.08006523657863787	0.10458006374817443	0.0003729140019128844	0.10437276406469106	1.3929761934770006e-24	1.2653424473974085e-24	0.7	5.2051946702138755e-25	1.5834738434632986e-29	1.4485881984321665e-24	1.8921251295885e-24	6.746983401098757e-27	1.8883745395963282e-24	0.031671719466950625	0.028769745822836375	5.2051946702138755e-25	0.520512426911199	3.600301253407726e-7	0.032936154443070534	0.04302073257340563	0.00015340431985013707	0.04293545643256138	9.634863349186326e-7	8.752053070029952e-7	1.5834738434632986e-29	3.600301253407726e-7	0.6999941797839426	1.0019517495342157e-6	1.3087350055597104e-6	4.666717449531791e-9	1.306140817502325e-6	0.08814133178614406	0.08006523657863787	1.4485881984321665e-24	0.032936154443070534	1.0019517495342157e-6	0.25921616844983303	0.11972525417801722	0.00042691907104848236	0.11948793354149675	0.11512894348336111	0.10458006374817443	1.8921251295885e-24	0.04302073257340563	1.3087350055597104e-6	0.11972525417801722	0.16091263658122815	0.0005576355678623445	0.1560734251329424	0.0004105294404272338	0.0003729140019128844	6.746983401098757e-27	0.00015340431985013707	4.666717449531791e-9	0.00042691907104848236	0.0005576355678623445	0.6975220627153064	0.000556530216875035	0.11490073370141506	0.10437276406469106	1.8883745395963282e-24	0.04293545643256138	1.306140817502325e-6	0.11948793354149675	0.1560734251329424	0.000556530216875035	0.16167185076919757
0.24339350868243037	0.06984339761322851	1.1518723229593409e-20	0.02545746898548005	1.1259026719015647e-6	0.09055514589495617	0.13564597387797875	9.41416347866866e-5	0.13500923740846846	0.06984339761322851	0.3857477324125412	7.279076452529787e-21	0.01608744817803529	7.114965316488762e-7	0.05722490392389107	0.08571934533498803	5.9491329318329175e-5	0.08531696971146652	1.1518723229593409e-20	7.279076452529787e-21	0.7	2.653176525852712e-21	1.1734153702349092e-25	9.437654132887268e-21	1.4137018645677313e-20	9.81143787954323e-24	1.40706579931308e-20	0.02545746898548005	0.01608744817803529	2.653176525852712e-21	0.575233393847568	2.593359072826271e-7	0.020858109236135028	0.031244149767819973	2.1684206707886377e-5	0.031097486442346646	1.1259026719015647e-6	7.114965316488762e-7	1.1734153702349092e-25	2.593359072826271e-7	0.6999942226464404	9.224876570869478e-7	1.3818291097573466e-6	9.59023313920173e-10	1.3753426585663594e-6	0.09055514589495617	0.05722490392389107	9.437654132887268e-21	0.020858109236135028	9.224876570869478e-7	0.30952741324657335	0.11113903515712942	7.713321788466122e-5	0.11061733683577422	0.13564597387797875	0.08571934533498803	1.4137018645677313e-20	0.031244149767819973	1.3818291097573466e-6	0.11113903515712942	0.17043668570773138	0.0001155407608800503	0.1656978875643638	9.41416347866866e-5	5.9491329318329175e-5	9.81143787954323e-24	2.1684206707886377e-5	9.59023313920173e-10	7.713321788466122e-5	0.0001155407608800503	0.6995170094910039	0.00011499840039514954	0.13500923740846846	0.08531696971146652	1.40706579931308e-20	0.031097486442346646	1.3753426585663594e-6	0.11061733683577422	0.1656978875643638	0.00011499840039514954	0.17214470829452783
0.20718176577095648	0.08552777077047298	9.609157619874186e-10	0.0850458912455607	2.673457396856941e-6	0.07985627653904098	0.11942509901284683	0.0015313199972575681	0.1214292022455512	0.08552777077047298	0.27952504645752585	7.902370819729142e-10	0.06993996725860517	2.19859560603065e-6	0.06567213635763014	0.09821271071987481	0.0012593256288114	0.09986084342123593	9.609157619874186e-10	7.902370819729142e-10	0.6999999944856715	7.857847378255253e-10	2.4701511018459696e-14	7.378350959103909e-10	1.1034327319427755e-9	1.4148689195315268e-11	1.1219497197739556e-9	0.0850458912455607	0.06993996725860517	7.857847378255253e-10	0.2815000264100481	2.186208305431509e-6	0.06530212720641639	0.09765936186071833	0.0012522303516838103	0.0992982086728768	2.673457396856941e-6	2.19859560603065e-6	2.4701511018459696e-14	2.186208305431509e-6	0.6999846581178711	2.0528029332586928e-6	3.0699677493531425e-6	3.936444720899556e-8	3.1214856659521896e-6	0.07985627653904098	0.06567213635763014	7.378350959103909e-10	0.06530212720641639	2.0528029332586928e-6	0.30305263419695	0.09170005620680564	0.0011758175708442907	0.09323889838154366	0.11942509901284683	0.09821271071987481	1.1034327319427755e-9	0.09765936186071833	3.0699677493531425e-6	0.09170005620680564	0.15180244914586422	0.0017584357285989082	0.13943881625410853	0.0015313199972575681	0.0012593256288114	1.4148689195315268e-11	0.0012522303516838103	3.936444720899556e-8	0.0011758175708442907	0.0017584357285989082	0.691234886854408	0.0017879444898000097	0.1214292022455512	0.09986084342123593	1.1219497197739556e-9	0.0992982086728768	3.1214856659521896e-6	0.09323889838154366	0.13943881625410853	0.0017879444898000097	0.1449429639272674
0.2229761429088426	0.09798324806654687	9.984698124285651e-8	0.10618826780336117	2.097487757524254e-8	0.0888462326342032	0.01956606858447052	0.05723280531050087	0.10720711387020948	0.09798324806654687	0.17414991256927748	1.1270880023744723e-7	0.1198669415382636	2.367676275442787e-8	0.1002909868798322	0.022086477608726444	0.0646052663833686	0.12101703056841473	9.984698124285651e-8	1.1270880023744723e-7	0.6999993514390659	1.2214692306669696e-7	2.4127116964191053e-14	1.0219861541043402e-7	2.2506583105119535e-8	6.583411907705792e-8	1.2331888786769156e-7	0.10618826780336117	0.1198669415382636	1.2214692306669696e-7	0.14015328773194574	2.5659431318058357e-8	0.1086892543695436	0.023935977275988233	0.07001524713250305	0.13115087634203235	2.097487757524254e-8	2.367676275442787e-8	2.4127116964191053e-14	2.5659431318058357e-8	0.699999863756641	2.1468885888290296e-8	4.727962922771672e-9	1.3829788048940355e-8	2.590562622467816e-8	0.0888462326342032	0.1002909868798322	1.0219861541043402e-7	0.1086892543695436	2.1468885888290296e-8	0.21383363551002887	0.020026896091077762	0.058580774160426556	0.10973209668737996	0.01956606858447052	0.022086477608726444	2.2506583105119535e-8	0.023935977275988233	4.727962922771672e-9	0.020026896091077762	0.5773180273996877	0.012900889671635137	0.024165636133866693	0.05723280531050087	0.0646052663833686	6.583411907705792e-8	0.07001524713250305	1.3829788048940355e-8	0.058580774160426556	0.012900889671635137	0.3659779142685813	0.07068702340907308	0.10720711387020948	0.12101703056841473	1.2331888786769156e-7	0.13115087634203235	2.590562622467816e-8	0.10973209668737996	0.024165636133866693	0.07068702340907308	0.13604007376450183
0.658616180391793	0.009631533356495855	3.8927835344676337e-51	0.010189964611994123	6.490260852044705e-8	0.008925462297629338	1.1808566524386049e-17	0.009532793466801677	0.0031040009726771697	0.009631533356495855	0.19219396430338434	6.107546035040904e-50	0.15987448932657647	1.0182833589977113e-6	0.1400351994507913	1.8526939147001374e-16	0.1495638645856292	0.04869993069375788	3.8927835344676337e-51	6.107546035040904e-50	0.7	6.461658352791546e-50	4.115602933208188e-55	5.659812394256811e-50	7.4880458786855064e-65	6.044933115635363e-50	1.968308485445022e-50	0.010189964611994123	0.15987448932657647	6.461658352791546e-50	0.17202107561834054	1.0773228944040416e-6	0.1481543669134171	1.9601121367573997e-16	0.15823549905818143	0.05152352714858948	6.490260852044705e-8	1.0182833589977113e-6	4.115602933208188e-55	1.0773228944040416e-6	0.6999955598450625	9.43634766411074e-7	1.2484478161818357e-21	1.007844191855437e-6	3.281671173010211e-7	0.008925462297629338	0.1400351994507913	5.659812394256811e-50	0.1481543669134171	9.43634766411074e-7	0.2191546084871247	1.7168761268475287e-16	0.13859959624668178	0.045129822969583656	1.1808566524386049e-17	1.8526939147001374e-16	7.4880458786855064e-65	1.9601121367573997e-16	1.2484478161818357e-21	1.7168761268475287e-16	0.6999999999999992	1.833700594944754e-16	5.970766544066193e-17	0.009532793466801677	0.1495638645856292	6.044933115635363e-50	0.15823549905818143	1.007844191855437e-6	0.13859959624668178	1.833700594944754e-16	0.19586656669700467	0.04820067210150346	0.0031040009726771697	0.04869993069375788	1.968308485445022e-50	0.05152352714858948	3.281671173010211e-7	0.045129822969583656	5.970766544066193e-17	0.04820067210150346	0.5033417179467692
0.6958822274490072	0.0010005715491420038	1.5857293303316014e-109	0.0011058460894865787	8.817682997906497e-10	0.0009211675835473609	1.1765825340929762e-47	0.0010901864470485097	8.780812197203351e-65	0.0010005715491420038	0.22253461342033914	2.4237905467640373e-107	0.1690288024951298	1.3477846619774936e-7	0.14080065483310875	1.798408826193482e-45	0.1666352229238193	1.3421489524975397e-62	1.5857293303316014e-109	2.4237905467640373e-107	0.7	2.6788082273296242e-107	2.136000840021341e-113	2.2314419022828838e-107	2.8501606167671452e-151	2.6408742151746278e-107	2.1270692350529066e-168	0.0011058460894865787	0.1690288024951298	2.6788082273296242e-107	0.19008264170198122	1.4895910234464143e-7	0.1556149119749206	1.987627341042814e-45	0.18416764877938516	1.4833623561459761e-62	8.817682997906497e-10	1.3477846619774936e-7	2.136000840021341e-113	1.4895910234464143e-7	0.6999994444483031	1.2408263469820111e-7	1.5848740595921808e-51	1.4684972536823434e-7	1.1827883782268096e-68	0.0009211675835473609	0.14080065483310875	2.2314419022828838e-107	0.1556149119749206	1.2408263469820111e-7	0.249251857978668	1.655689604681915e-45	0.15341128354712535	1.2356378795628887e-62	1.1765825340929762e-47	1.798408826193482e-45	2.8501606167671452e-151	1.987627341042814e-45	1.5848740595921808e-51	1.655689604681915e-45	0.7	1.95948098889058e-45	1.5782469699582393e-106	0.0010901864470485097	0.1666352229238193	2.6408742151746278e-107	0.18416764877938516	1.4684972536823434e-7	0.15341128354712535	1.95948098889058e-45	0.19469551145290195	1.4623567891650212e-62	8.780812197203351e-65	1.3421489524975397e-62	2.1270692350529066e-168	1.4833623561459761e-62	1.1827883782268096e-68	1.2356378795628887e-62	1.5782469699582393e-106	1.4623567891650212e-62	0.7
0.6993940266322194	0.00014976147136680626	1.228622019237487e-106	0.0001660382726941397	1.5580295456431377e-9	0.00012708779427646145	3.1903199155497616e-45	0.0001630842714136746	3.882320917162165e-45	0.00014976147136680626	0.22674466101591095	1.2741183088942137e-103	0.17218672618944936	1.6157239076132343e-6	0.1317938983586794	3.308458542973644e-42	0.16912333724068757	4.0260845761410274e-42	1.228622019237487e-106	1.2741183088942137e-103	0.7	1.412595651511894e-103	1.325517138543581e-108	1.0812185807658303e-103	2.714212793540129e-144	1.387464040012705e-103	3.302943084369069e-144	0.0001660382726941397	0.17218672618944936	1.412595651511894e-103	0.1940230674603045	1.7913285995545317e-6	0.14611789691559038	3.668037825363339e-42	0.1875044798333639	4.463658928040815e-42	1.5580295456431377e-9	1.6157239076132343e-6	1.325517138543581e-108	1.7913285995545317e-6	0.6999934608249757	1.3711055701060858e-6	3.441924089983859e-47	1.7594589173965783e-6	4.18849966258823e-47	0.00012708779427646145	0.1317938983586794	1.0812185807658303e-103	0.14611789691559038	1.3711055701060858e-6	0.2784414450611327	2.8075625515978297e-42	0.1435183007647521	3.41654100806099e-42	3.1903199155497616e-45	3.308458542973644e-42	2.714212793540129e-144	3.668037825363339e-42	3.441924089983859e-47	2.8075625515978297e-42	0.7	3.602779446935868e-42	8.576637026682781e-83	0.0001630842714136746	0.16912333724068757	1.387464040012705e-103	0.1875044798333639	1.7594589173965783e-6	0.1435183007647521	3.602779446935868e-42	0.19968903843086702	4.3842455857129205e-42	3.882320917162165e-45	4.0260845761410274e-42	3.302943084369069e-144	4.463658928040815e-42	4.18849966258823e-47	3.41654100806099e-42	8.576637026682781e-83	4.3842455857129205e-42	0.7
0.6940712959700807	0.001391809049339819	2.752681673779718e-68	0.0015022815027746883	1.3691492660770273e-8	0.0012257177982227193	1.889477700977379e-14	0.0014936302646000733	0.00031525172347043315	0.001391809049339819	0.2061971164318097	2.987618066092156e-66	0.16304985065283295	1.4860036746972886e-6	0.1330330590995152	2.05074119855169e-12	0.1621108900853709	0.03421578867540083	2.752681673779718e-68	2.987618066092156e-66	0.7	3.2247551200896803e-66	2.938977214186673e-71	2.6310912690486477e-66	4.055899562943579e-77	3.206184616128088e-66	6.767104617215313e-67	0.0015022815027746883	0.16304985065283295	3.2247551200896803e-66	0.17994416237570887	1.6039526647795905e-6	0.1435923297362742	2.213515259886778e-12	0.17497816362748222	0.036931608150043184	1.3691492660770273e-8	1.4860036746972886e-6	2.938977214186673e-71	1.6039526647795905e-6	0.6999936563772331	1.3086717270338132e-6	2.0173534639990943e-17	1.594715929521793e-6	3.365872780852558e-7	0.0012257177982227193	0.1330330590995152	2.6310912690486477e-66	0.1435923297362742	1.3086717270338132e-6	0.24924951039326645	1.8060164128158929e-12	0.14276541983802815	0.030132654461155546	1.889477700977379e-14	2.05074119855169e-12	4.055899562943579e-77	2.213515259886778e-12	2.0173534639990943e-17	1.8060164128158929e-12	0.6999999999912456	2.2007682163526223e-12	4.645031569107114e-13	0.0014936302646000733	0.1621108900853709	3.206184616128088e-66	0.17497816362748222	1.594715929521793e-6	0.14276541983802815	2.2007682163526223e-12	0.18193137258962316	0.03671892887675955	0.00031525172347043315	0.03421578867540083	6.767104617215313e-67	0.036931608150043184	3.365872780852558e-7	0.030132654461155546	4.645031569107114e-13	0.03671892887675955	0.5616854315254267
0.5313187512458727	0.04018069576860852	6.95056148119534e-131	0.03962614959535578	0.0005024751824858496	0.039518708634782164	0.001111746880626092	0.03822190374118771	0.009519568951079749	0.04018069576860852	0.16033650236821292	2.7016894810880463e-130	0.15402719884923968	0.0019531255405805742	0.15360957487194654	0.004321370095273815	0.1485688826206421	0.037002649885490194	6.95056148119534e-131	2.7016894810880463e-130	0.7	2.6644026314107184e-130	3.3785674664459115e-132	2.657178463001805e-130	7.47521862318408e-132	2.569983254630505e-130	6.400814821060823e-131	0.03962614959535578	0.15402719884923968	2.6644026314107184e-130	0.16565878785049382	0.001926169852688845	0.1514895617589141	0.004261729533961905	0.146518437655822	0.03649196490351832	0.0005024751824858496	0.0019531255405805742	3.3785674664459115e-132	0.001926169852688845	0.6913225977346708	0.001920947302900029	5.4040408849963526e-5	0.001857911491538893	0.000462732486285057	0.039518708634782164	0.15360957487194654	2.657178463001805e-130	0.1514895617589141	0.001920947302900029	0.16669683846846212	0.004250174429075118	0.1461211726718597	0.0363930218620548	0.001111746880626092	0.004321370095273815	7.47521862318408e-132	0.004261729533961905	5.4040408849963526e-5	0.004250174429075118	0.6808664189917077	0.004110705119761615	0.001023814540743523	0.03822190374118771	0.1485688826206421	2.569983254630505e-130	0.146518437655822	0.001857911491538893	0.1461211726718597	0.004110705119761615	0.1794022004403091	0.03519878625887357	0.009519568951079749	0.037002649885490194	6.400814821060823e-131	0.03649196490351832	0.000462732486285057	0.0363930218620548	0.001023814540743523	0.03519878625887357	0.5439074611119534
