0.21024221506539897	9.597184440759787e-7	0.0013642550040954442	3.0860251438359673e-10	0.1316180275491561	0.15112189815654994	0.20468237838196565	8.967961128422556e-8	0.0009701761361670005	9.597184440759787e-7	0.6999967691094726	6.326523123620426e-9	1.4310967798499935e-15	6.103583950766959e-7	7.00804600534884e-7	9.491831042904772e-7	4.1587542856998856e-13	4.49904287762894e-9	0.0013642550040954442	6.326523123620426e-9	0.6954162247505613	2.0343267916821077e-12	0.0008676341482389232	0.0009962048651605722	0.0013492788513384192	5.911735238694941e-10	6.395460874313811e-6	3.0860251438359673e-10	1.4310967798499935e-15	2.0343267916821077e-12	0.6999999989610887	1.9626395278581637e-10	2.2534740595183947e-10	3.052148204534028e-10	1.3372693180927755e-16	1.4466909049483534e-12	0.1316180275491561	6.103583950766959e-7	0.0008676341482389232	1.9626395278581637e-10	0.3406134963105313	0.09610997870170496	0.13017318645988965	5.703412699048689e-8	0.0006170092416872639	0.15112189815654994	7.00804600534884e-7	0.0009962048651605722	2.2534740595183947e-10	0.09610997870170496	0.3015997580488187	0.1494629527065205	6.548575214960634e-8	0.0007084410055384595	0.20468237838196565	9.491831042904772e-7	0.0013492788513384192	3.052148204534028e-10	0.13017318645988965	0.1494629527065205	0.21337163942007376	8.869515049518584e-8	0.0009595259967335075	8.967961128422556e-8	4.1587542856998856e-13	5.911735238694941e-10	1.3372693180927755e-16	5.703412699048689e-8	6.548575214960634e-8	8.869515049518584e-8	0.6999996980933625	4.204070672053115e-10	0.0009701761361670005	4.49904287762894e-9	6.395460874313811e-6	1.4466909049483534e-12	0.0006170092416872639	0.0007084410055384595	0.0009595259967335075	4.204070672053115e-10	0.6967384472381026
0.15264875078702697	0.0131234158708632	0.10344219259585596	0.0005939384388330337	1.1605118064819174e-5	0.12056121407069834	0.14208165736612904	0.027525101224573568	0.1400121245279459	0.0131234158708632	0.6369561629223395	0.009666059128059182	5.550002299948599e-5	1.08442942466345e-6	0.011265730109868692	0.013276687845155632	0.0025720573903728434	0.013083302280915962	0.10344219259585596	0.009666059128059182	0.2695963492773287	0.0004374656815481718	8.547756049680945e-6	0.08879942807766245	0.10465032234197683	0.0202736283419358	0.10312600679957662	0.0005939384388330337	5.550002299948599e-5	0.0004374656815481718	0.6970937791781576	4.907901462905095e-8	0.0005098634547294581	0.0006008752088038931	0.00011640595452123939	0.0005921229813924027	1.1605118064819174e-5	1.08442942466345e-6	8.547756049680945e-6	4.907901462905095e-8	0.6999431664733271	9.962355022344873e-6	1.1740657422498201e-5	2.274486305889215e-6	1.1569645368386909e-5	0.12056121407069834	0.011265730109868692	0.08879942807766245	0.0005098634547294581	9.962355022344873e-6	0.21306303461525114	0.12196928156513284	0.023628784204829563	0.12019270154679738	0.14208165736612904	0.013276687845155632	0.10465032234197683	0.0006008752088038931	1.1740657422498201e-5	0.12196928156513284	0.14791549604037488	0.02784657443313477	0.1416473645418604	0.027525101224573568	0.0025720573903728434	0.0202736283419358	0.00011640595452123939	2.274486305889215e-6	0.023628784204829563	0.02784657443313477	0.5705942071324002	0.0274409668319243	0.1400121245279459	0.013083302280915962	0.10312600679957662	0.0005921229813924027	1.1569645368386909e-5	0.12019270154679738	0.1416473645418604	0.0274409668319243	0.15389384084420962
0.13082431953042642	0.0004376178605142012	0.10667781471455974	0.025153997176363997	3.7330828906006885e-6	0.1090185316746051	0.1251561892126967	0.08197001733071796	0.12075777941723306	0.0004376178605142012	0.6975741293059592	0.00037293524264514624	8.793592243676047e-5	1.3050493932086516e-8	0.00038111816099413806	0.000437533838853642	0.00028655919119316105	0.00042215742690976166	0.10667781471455974	0.00037293524264514624	0.19918435556902467	0.021436081309478945	3.1813102234556384e-6	0.09290492055126497	0.10665733281026407	0.06985434339206119	0.10290903510048449	0.025153997176363997	8.793592243676047e-5	0.021436081309478945	0.5655290556364789	7.50134117314453e-7	0.02190643026827853	0.025149167664584075	0.016471240633698987	0.0242653412545639	3.7330828906006885e-6	1.3050493932086516e-8	3.1813102234556384e-6	7.50134117314453e-7	0.6999792932610595	3.251114304230382e-6	3.732366146948808e-6	2.444482527588352e-6	3.6011982364821713e-6	0.1090185316746051	0.00038111816099413806	0.09290492055126497	0.02190643026827853	3.251114304230382e-6	0.19023400771905777	0.10899760035783422	0.07138708238515112	0.10516705776851662	0.1251561892126967	0.000437533838853642	0.10665733281026407	0.025149167664584075	3.732366146948808e-6	0.10899760035783422	0.13090957028991818	0.0819542792688297	0.12073459419088023	0.08197001733071796	0.00028655919119316105	0.06985434339206119	0.016471240633698987	2.444482527588352e-6	0.07138708238515112	0.0819542792688297	0.29899990329877263	0.0790741300170529	0.12075777941723306	0.00042215742690976166	0.10290903510048449	0.0242653412545639	3.6011982364821713e-6	0.10516705776851662	0.12073459419088023	0.0790741300170529	0.14666630362613003
0.4960320099154579	1.3220499568477691e-8	0.03348960661316191	0.018682683495656712	0.007989124386945403	0.036507670709017365	0.040791223563802555	0.0225274111876706	0.04398025690778965	1.3220499568477691e-8	0.6999997903956948	3.224435765447469e-8	1.7988002532778337e-8	7.692063602129958e-9	3.515020063002776e-8	3.9274477510224267e-8	2.1689771150646673e-8	4.234493255925886e-8	0.03348960661316191	3.224435765447469e-8	0.2507193001278084	0.04556644213473339	0.01948520800930792	0.0890409916339412	0.0994884342261158	0.05494360478605622	0.1072663802245215	0.018682683495656712	1.7988002532778337e-8	0.04556644213473339	0.4292154540184267	0.010870117953008848	0.04967286370519955	0.055501127546672385	0.03065112081444727	0.05984017234385472	0.007989124386945403	7.692063602129958e-9	0.01948520800930792	0.010870117953008848	0.5779847836480002	0.02124120375367284	0.023733496940585068	0.013107090148095609	0.025588967468321448	0.036507670709017365	3.515020063002776e-8	0.0890409916339412	0.04967286370519955	0.02124120375367284	0.21825470471186786	0.10845427472579817	0.0598950908640234	0.1169331647462834	0.040791223563802555	3.9274477510224267e-8	0.0994884342261158	0.055501127546672385	0.023733496940585068	0.10845427472579817	0.1744553664977074	0.06692275881641442	0.13065327840843194	0.0225274111876706	2.1689771150646673e-8	0.05494360478605622	0.03065112081444727	0.013107090148095609	0.0598950908640234	0.06692275881641442	0.3797981618112969	0.07215473988222722	0.04398025690778965	4.234493255925886e-8	0.1072663802245215	0.05984017234385472	0.025588967468321448	0.1169331647462834	0.13065327840843194	0.07215473988222722	0.143582997673643
0.10536408306796258	6.019822608990818e-7	0.08910713790171695	0.06423271234282163	0.07732036500598831	0.08648584195449652	0.09634099602524109	0.08164749413706919	0.09950076758244392	6.019822608990818e-7	0.6999958023221873	5.388212427502107e-7	3.8840827687620155e-7	4.6754789956758066e-7	5.229705491564465e-7	5.825636018448896e-7	4.937135822598166e-7	6.016703993175755e-7	0.08910713790171695	5.388212427502107e-7	0.15840503537014913	0.05749330526465144	0.06920777881428444	0.07741159809696181	0.08623273238746809	0.07308089808605067	0.08906097525747554	0.06423271234282163	3.8840827687620155e-7	0.05749330526465144	0.2935429263671545	0.04988829686536147	0.05580200452678277	0.06216070254763541	0.052680227589555505	0.06419943608776098	0.07732036500598831	4.6754789956758066e-7	0.06920777881428444	0.04988829686536147	0.22089071956081124	0.06717186929688856	0.07482617555303915	0.06341401876481985	0.07728030859090823	0.08648584195449652	5.229705491564465e-7	0.07741159809696181	0.05580200452678277	0.06717186929688856	0.1720600803655553	0.08369599383601406	0.07093105165979142	0.08644103729296122	0.09634099602524109	5.825636018448896e-7	0.08623273238746809	0.06216070254763541	0.07482617555303915	0.08369599383601406	0.12143801050076258	0.07901372076157316	0.09629108582466565	0.08164749413706919	4.937135822598166e-7	0.07308089808605067	0.052680227589555505	0.06341401876481985	0.07093105165979142	0.07901372076157316	0.1976268992683935	0.0816051960191652	0.09950076758244392	6.016703993175755e-7	0.08906097525747554	0.06419943608776098	0.07728030859090823	0.08644103729296122	0.09629108582466565	0.0816051960191652	0.10562059167422093
0.12505148512521488	1.0873784547770813e-5	0.09083840136241494	0.006616311218803615	0.06181690493989081	0.09616372200391654	0.11460960367815654	0.0850449337974073	0.11984776408964991	1.0873784547770813e-5	0.6999370544281537	8.227184265250259e-6	5.992356837739572e-7	5.598723227403351e-6	8.709495639427549e-6	1.038012904108235e-5	7.702473080583929e-6	1.0854546360959646e-5	0.09083840136241494	8.227184265250259e-6	0.24288037510957255	0.005005949061635496	0.046771118685830705	0.07275816962188328	0.08671445749960167	0.06434561381122064	0.09067768766357709	0.006616311218803615	5.992356837739572e-7	0.005005949061635496	0.6620638722837866	0.0034066239898085126	0.005299418381531113	0.006315939397679324	0.0046866809648208226	0.006604605466250859	0.06181690493989081	5.598723227403351e-6	0.046771118685830705	0.0034066239898085126	0.3739805213714181	0.04951303399948824	0.0590104988173536	0.04378816263396873	0.06170753683901505	0.09616372200391654	8.709495639427549e-6	0.07275816962188328	0.005299418381531113	0.04951303399948824	0.2203475259968617	0.0917980155930217	0.06811781830050795	0.09599358660715185	0.11460960367815654	1.038012904108235e-5	0.08671445749960167	0.006315939397679324	0.0590104988173536	0.0917980155930217	0.14595026580795112	0.0811840057368405	0.11440683334035667	0.0850449337974073	7.702473080583929e-6	0.06434561381122064	0.0046866809648208226	0.04378816263396873	0.06811781830050795	0.0811840057368405	0.2679306122277575	0.08489447005439765	0.11984776408964991	1.0854546360959646e-5	0.09067768766357709	0.006604605466250859	0.06170753683901505	0.09599358660715185	0.11440683334035667	0.08489447005439765	0.12585666139324217
0.14533851572570883	0.0001955647024008255	0.10323433028426496	0.0010450568665241247	0.008565080380521778	0.1184827411659115	0.1389160814511158	0.04715101871955184	0.137071610704003	0.0001955647024008255	0.6990409410836543	0.00014215267534092114	1.4390332077588678e-6	1.1794032927307952e-5	0.00016314958979326449	0.000191286101936996	6.492649719892422e-5	0.00018874628353968405	0.10323433028426496	0.00014215267534092114	0.26863090473296525	0.0007596341652458503	0.0062258121003131795	0.08612310111023957	0.1009757506529975	0.03427327822326824	0.09963503605536649	0.0010450568665241247	1.4390332077588678e-6	0.0007596341652458503	0.6948812406011664	6.302484519641397e-5	0.0008718372844941651	0.0010221929205310799	0.00034695362140570353	0.0010086206622285819	0.008565080380521778	1.1794032927307952e-5	0.0062258121003131795	6.302484519641397e-5	0.6585011698684271	0.007145406780843325	0.00837769197945067	0.002843563590502826	0.008266456421817581	0.1184827411659115	0.00016314958979326449	0.08612310111023957	0.0008718372844941651	0.007145406780843325	0.21763572939110742	0.11589055400184317	0.03933567391247667	0.11435180676329312	0.1389160814511158	0.000191286101936996	0.1009757506529975	0.0010221929205310799	0.00837769197945067	0.11589055400184317	0.15443426997745718	0.04611944007531354	0.13407273283935653	0.04715101871955184	6.492649719892422e-5	0.03427327822326824	0.00034695362140570353	0.002843563590502826	0.03933567391247667	0.04611944007531354	0.48435806029242096	0.045507085067861996	0.137071610704003	0.00018874628353968405	0.09963503605536649	0.0010086206622285819	0.008266456421817581	0.11435180676329312	0.13407273283935653	0.045507085067861996	0.15989790520253552
0.14877431549120884	0.031584069374126805	0.04117026999603269	6.4234030777741155e-6	2.068829460003242e-6	0.10145408372592976	0.1287251211447877	0.10476379127911155	0.14351985675626971	0.031584069374126805	0.5540478047870779	0.009061180788038373	1.4137292897948461e-6	4.5532948310797115e-7	0.02232906887455481	0.028331162141211626	0.02305750370138024	0.031587341274838546	0.04117026999603269	0.009061180788038373	0.5124994940843367	1.8428156255834742e-6	5.935282605497835e-7	0.029106249211778346	0.036930060558015385	0.03005577405418144	0.04117453496373227	6.4234030777741155e-6	1.4137292897948461e-6	1.8428156255834742e-6	0.6999689035630173	9.260253226245007e-11	4.5411694115052856e-6	5.76184379343637e-6	4.689314682248052e-6	6.42406849985298e-6	2.068829460003242e-6	4.5532948310797115e-7	5.935282605497835e-7	9.260253226245007e-11	0.6999899844946056	1.4626055608895888e-6	1.8557565264810842e-6	1.5103197237347139e-6	2.069043777053476e-6	0.10145408372592976	0.02232906887455481	0.029106249211778346	4.5411694115052856e-6	1.4626055608895888e-6	0.2805697577007124	0.0910051222937716	0.07406512072022826	0.10146459369805588	0.1287251211447877	0.028331162141211626	0.036930060558015385	5.76184379343637e-6	1.8557565264810842e-6	0.0910051222937716	0.19228850367885747	0.09397395636700215	0.1287384562160384	0.10476379127911155	0.02305750370138024	0.03005577405418144	4.689314682248052e-6	1.5103197237347139e-6	0.07406512072022826	0.09397395636700215	0.26930301012864194	0.10477464411505202	0.14351985675626971	0.031587341274838546	0.04117453496373227	6.42406849985298e-6	2.069043777053476e-6	0.10146459369805588	0.1287384562160384	0.10477464411505202	0.14873207986374118
0.16264290033804507	0.006725109752351674	0.023994917376697164	2.28821899669858e-6	4.890372315578932e-7	0.0967973950291219	0.14209743167389885	0.11127713325168734	0.1564623353219688	0.006725109752351674	0.6703861125339574	0.001035019261064836	9.870218338061569e-8	2.1094590412376567e-8	0.004175349583547235	0.006129363832407334	0.004799932186614936	0.006748993053282753	0.023994917376697164	0.001035019261064836	0.5969967443011339	3.521653656714385e-7	7.52646384489481e-8	0.01489747706214144	0.021869320226171815	0.01712596232222084	0.024080132020565775	2.28821899669858e-6	9.870218338061569e-8	3.521653656714385e-7	0.699989825204413	7.177435653343322e-12	1.4206629462945714e-6	2.0855164116968075e-6	1.633177214459072e-6	2.2963452912732147e-6	4.890372315578932e-7	2.1094590412376567e-8	7.52646384489481e-8	7.177435653343322e-12	0.6999978254411898	3.0362350598223595e-7	4.4571571768971984e-7	3.49041968777827e-7	4.907739799230354e-7	0.0967973950291219	0.004175349583547235	0.01489747706214144	1.4206629462945714e-6	3.0362350598223595e-7	0.3296768415254342	0.08822256795961944	0.06908748690953205	0.09714115764415081	0.14209743167389885	0.006129363832407334	0.021869320226171815	2.0855164116968075e-6	4.4571571768971984e-7	0.08822256795961944	0.1976570998371831	0.10141961410939913	0.14260207112919013	0.11127713325168734	0.004799932186614936	0.01712596232222084	1.633177214459072e-6	3.49041968777827e-7	0.06908748690953205	0.10141961410939913	0.28461557033886864	0.11167231866249318	0.1564623353219688	0.006748993053282753	0.024080132020565775	2.2963452912732147e-6	4.907739799230354e-7	0.09714115764415081	0.14260207112919013	0.11167231866249318	0.1612902050490764
0.1625810895594566	0.0004890981710446489	0.07394301485942319	2.3127909500906703e-5	3.8370056209168004e-7	0.12503854534664965	0.14615469718696567	0.03532357792890686	0.1564464653374844	0.0004890981710446489	0.6978270042301481	0.00023189709776789147	7.253281599208716e-8	1.2033462109995357e-9	0.00039214083751024835	0.0004583644603514986	0.00011078037891834139	0.0004906410880971033	0.07394301485942319	0.00023189709776789147	0.40630822827837926	1.0965682164060066e-5	1.8192471783511632e-7	0.059284776536937686	0.06929662000250728	0.016748038920275706	0.07417627669782426	2.3127909500906703e-5	7.253281599208716e-8	1.0965682164060066e-5	0.6998971767824467	5.690244599936483e-11	1.854310307923612e-5	2.1674609280993706e-5	5.23845462890856e-6	2.3200869180719757e-5	3.8370056209168004e-7	1.2033462109995357e-9	1.8192471783511632e-7	5.690244599936483e-11	0.6999982940688794	3.0763692992433783e-7	3.595897745928481e-7	8.690789738368606e-8	3.849109901311533e-7	0.12503854534664965	0.00039214083751024835	0.059284776536937686	1.854310307923612e-5	3.0763692992433783e-7	0.24433011862666318	0.1171814346361999	0.02832113929871054	0.12543299397731486	0.14615469718696567	0.0004583644603514986	0.06929662000250728	2.1674609280993706e-5	3.595897745928481e-7	0.1171814346361999	0.1871671580557563	0.03310393228518011	0.14661575917397823	0.03532357792890686	0.00011078037891834139	0.016748038920275706	5.23845462890856e-6	8.690789738368606e-8	0.02832113929871054	0.03310393228518011	0.5509521955626034	0.03543501026287736	0.1564464653374844	0.0004906410880971033	0.07417627669782426	2.3200869180719757e-5	3.849109901311533e-7	0.12543299397731486	0.14661575917397823	0.03543501026287736	0.16137926768224684
0.1425270252089384	1.420904417528965e-5	0.08059322026265575	0.00022891514219357123	1.3508788220274791e-6	0.10435878513818311	0.12905808377687708	0.1074528216778291	0.13576558887031942	1.420904417528965e-5	0.6999271967579712	8.471111020007492e-6	2.406115027247632e-8	1.4199016292781434e-10	1.0969097052302423e-5	1.356522734965011e-5	1.1294309606682084e-5	1.4270249684390402e-5	0.08059322026265575	8.471111020007492e-6	0.3351018473317344	0.00013647403440794883	8.053634245062407e-7	0.06221634924297338	0.07694151289955209	0.06406094390423016	0.08094037584999807	0.00022891514219357123	2.406115027247632e-8	0.00013647403440794883	0.6988274652242652	2.2875358775528887e-9	0.00017671789745221948	0.0002185429159994836	0.00018195724199999847	0.00022990119499529277	1.3508788220274791e-6	1.4199016292781434e-10	8.053634245062407e-7	2.2875358775528887e-9	0.6999930783392359	1.0428513503032538e-6	1.2896700240047453e-6	1.073769879864373e-6	1.356697737432036e-6	0.10435878513818311	1.0969097052302423e-5	0.06221634924297338	0.00017671789745221948	1.0428513503032538e-6	0.2458461504815294	0.0996302516107762	0.08295142269862261	0.10480831098205565	0.12905808377687708	1.356522734965011e-5	0.07694151289955209	0.0002185429159994836	1.2896700240047453e-6	0.0996302516107762	0.16193865570193988	0.1025840962586388	0.12961400193883682	0.1074528216778291	1.1294309606682084e-5	0.06406094390423016	0.00018195724199999847	1.073769879864373e-6	0.08295142269862261	0.1025840962586388	0.23484071504391751	0.10791567509527021	0.13576558887031942	1.4270249684390402e-5	0.08094037584999807	0.00022990119499529277	1.356697737432036e-6	0.10480831098205565	0.12961400193883682	0.10791567509527021	0.14071051912109644
0.20451674730000302	3.053197368688333e-10	0.00677748830794718	1.243645559810683e-9	6.538429550179059e-7	0.06736675466110853	0.13038910283615077	0.1358384671853019	0.15511078431756628	3.053197368688333e-10	0.6999999986274754	1.4597805385498118e-11	2.678646576102171e-18	1.4082904722739917e-15	1.4509899970499874e-10	2.808407275833937e-10	2.925779311946934e-10	3.3408793048078727e-10	0.00677748830794718	1.4597805385498118e-11	0.669856738773052	5.946060361782133e-11	3.1261235542498924e-8	0.0032209079703810176	0.006234103196576303	0.006494645672668355	0.007416084744081085	1.243645559810683e-9	2.678646576102171e-18	5.946060361782133e-11	0.6999999944093557	5.736328121885074e-15	5.910254232716576e-10	1.1439362795702115e-9	1.1917449188199492e-9	1.3608257873851969e-9	6.538429550179059e-7	1.4082904722739917e-15	3.1261235542498924e-8	5.736328121885074e-15	0.6999970607383874	3.107298588365287e-7	6.014210974228349e-7	6.26556347346609e-7	7.1545011122297e-7	0.06736675466110853	1.4509899970499874e-10	0.0032209079703810176	5.910254232716576e-10	3.107298588365287e-7	0.42917677619704714	0.06196562524251592	0.06455536059404872	0.07371426386891436	0.13038910283615077	2.808407275833937e-10	0.006234103196576303	1.1439362795702115e-9	6.014210974228349e-7	0.06196562524251592	0.23378817002632424	0.12494761835368048	0.14267477749887603	0.1358384671853019	2.925779311946934e-10	0.006494645672668355	1.1917449188199492e-9	6.26556347346609e-7	0.06455536059404872	0.12494761835368048	0.2195256819196298	0.1486375982339987	0.15511078431756628	3.3408793048078727e-10	0.007416084744081085	1.3608257873851969e-9	7.1545011122297e-7	0.07371426386891436	0.14267477749887603	0.1486375982339987	0.17244577419153645
0.1393301655376462	1.7028206951563674e-11	0.08127929034454395	2.108814795272261e-5	0.02657124778034945	0.07499625716532984	0.1262239426118408	0.11738371299440022	0.13419429540090697	1.7028206951563674e-11	0.6999999999119442	1.029674181533811e-11	2.671519570512731e-15	3.3661376341482774e-12	9.500785426086571e-12	1.5990485921798207e-11	1.4870575037079203e-11	1.7000197799181538e-11	0.08127929034454395	1.029674181533811e-11	0.32883929844543663	1.2751736894582203e-5	0.016067298153227466	0.04534929011284952	0.07632602491179086	0.07098044964259129	0.08114559664236803	2.108814795272261e-5	2.671519570512731e-15	1.2751736894582203e-5	0.6998909528495391	4.16870717275538e-6	1.1766005035191689e-5	1.9803008849610155e-5	1.8416083819981586e-5	2.1053460733384427e-5	0.02657124778034945	3.3661376341482774e-12	0.016067298153227466	4.16870717275538e-6	0.5678480907859693	0.01482526753301511	0.024951961458118937	0.023204423993110238	0.026527541585670212	0.07499625716532984	9.500785426086571e-12	0.04534929011284952	1.1766005035191689e-5	0.01482526753301511	0.3540250979224898	0.07042588792824375	0.06549353510028344	0.07487289822325162	0.1262239426118408	1.5990485921798207e-11	0.07632602491179086	1.9803008849610155e-5	0.024951961458118937	0.07042588792824375	0.16580586198360076	0.11023019719131343	0.12601632089024994	0.11738371299440022	1.4870575037079203e-11	0.07098044964259129	1.8416083819981586e-5	0.023204423993110238	0.06549353510028344	0.11023019719131343	0.1954986326961609	0.11719063228344848	0.13419429540090697	1.7000197799181538e-11	0.08114559664236803	2.1053460733384427e-5	0.026527541585670212	0.07487289822325162	0.12601632089024994	0.11719063228344848	0.14003166149636956
0.1442002416225905	1.9488505272468444e-5	0.08474956482625169	0.008374190401956581	0.06569938047643072	0.08629857620488535	0.10506463703192281	0.09178293552060467	0.11381098541008348	1.9488505272468444e-5	0.6998806403086006	1.5229111254490044e-5	1.5048039191603712e-6	1.1805879790390503e-5	1.550746155243017e-5	1.8879637312027177e-5	1.6492975971883765e-5	2.045131632648128e-5	0.08474956482625169	1.5229111254490044e-5	0.24715264092300315	0.006543933232162455	0.05134017004578125	0.06743722003066792	0.0821017837900661	0.07172292162814653	0.08893653641266505	0.008374190401956581	1.5048039191603712e-6	0.006543933232162455	0.6493563728905605	0.00507297424020549	0.00666354006505204	0.008112560474001603	0.0070870145838514385	0.00878790930829068	0.06569938047643072	1.1805879790390503e-5	0.05134017004578125	0.00507297424020549	0.33740426622047975	0.05227854073529384	0.06364677319672052	0.055600893368471925	0.06894519583682496	0.08629857620488535	1.550746155243017e-5	0.06743722003066792	0.00666354006505204	0.05227854073529384	0.24010830161521446	0.08360240031308497	0.07303383835012164	0.09056207522412583	0.10506463703192281	1.8879637312027177e-5	0.0821017837900661	0.008112560474001603	0.06364677319672052	0.08360240031308497	0.15828229513033568	0.08891541500158927	0.11025525542496536	0.09178293552060467	1.6492975971883765e-5	0.07172292162814653	0.0070870145838514385	0.055600893368471925	0.07303383835012164	0.08891541500158927	0.21552310447936357	0.09631738409187737	0.11381098541008348	2.045131632648128e-5	0.08893653641266505	0.00878790930829068	0.06894519583682496	0.09056207522412583	0.11025525542496536	0.09631738409187737	0.12236420697483884
0.12668583017496893	8.872756527408823e-5	0.09765815751855392	0.0019639042025753313	0.08319440437636946	0.096089722897223	0.11156994726557114	0.06540557055981146	0.11734373543966282	8.872756527408823e-5	0.6995005191307117	6.99784201946067e-5	1.4072650662455948e-6	5.961420054626295e-5	6.885453479918123e-5	7.994712217826674e-5	4.6867344377584755e-5	8.408441685213437e-5	0.09765815751855392	6.99784201946067e-5	0.227197362922574	0.0015489088772495092	0.06561447921291938	0.07578487006279788	0.0879939467145542	0.051584628582602765	0.09254766768856175	0.0019639042025753313	1.4072650662455948e-6	0.0015489088772495092	0.6889741851395941	0.001319506273211862	0.001524032693118108	0.0017695570564196905	0.0010373661702803875	0.0018611323224849935	0.08319440437636946	5.961420054626295e-5	0.06561447921291938	0.001319506273211862	0.2875043474840443	0.06456068070316777	0.0749615205903562	0.04394463871684795	0.0788408084425437	0.096089722897223	6.885453479918123e-5	0.07578487006279788	0.001524032693118108	0.06456068070316777	0.2335736496239785	0.08658072373347929	0.05075615588300183	0.09106130986844221	0.11156994726557114	7.994712217826674e-5	0.0879939467145542	0.0017695570564196905	0.0749615205903562	0.08658072373347929	0.1723798471186715	0.05893306239759464	0.10573144800118417	0.06540557055981146	4.6867344377584755e-5	0.051584628582602765	0.0010373661702803875	0.04394463871684795	0.05075615588300183	0.05893306239759464	0.3663088390425956	0.061982871302893275	0.11734373543966282	8.408441685213437e-5	0.09254766768856175	0.0018611323224849935	0.0788408084425437	0.09106130986844221	0.10573144800118417	0.061982871302893275	0.15054694251738476
0.16850989072628744	0.02938378539328118	0.032691172943703876	0.00033623109972642616	2.0229109286163486e-6	0.06160647279028306	0.13234704894723734	0.11615345957250155	0.15896991561605026	0.02938378539328118	0.5767205069188461	0.006113368170655973	6.28764378259504e-5	3.7829169679447296e-7	0.011520634347108524	0.024749379225627144	0.021721119149958962	0.029727952064999202	0.032691172943703876	0.006113368170655973	0.563532492588029	6.995369982256248e-5	4.2087154931042555e-7	0.01281737682268185	0.027535126114121847	0.024166010374703912	0.033074078414731624	0.00033623109972642616	6.28764378259504e-5	6.995369982256248e-5	0.6985271875051258	4.3286946024205965e-9	0.00013182765611132128	0.0002832007817645495	0.00024854918048609876	0.0003401693104427144	2.0229109286163486e-6	3.7829169679447296e-7	4.2087154931042555e-7	4.3286946024205965e-9	0.6999911346238367	7.931318859512095e-7	1.7038577243161968e-6	1.495378785344553e-6	2.046604898340314e-6	0.06160647279028306	0.011520634347108524	0.01281737682268185	0.00013182765611132128	7.931318859512095e-7	0.4541641132944812	0.0518899092622911	0.04554081504394676	0.06232805765121001	0.13234704894723734	0.024749379225627144	0.027535126114121847	0.0002832007817645495	1.7038577243161968e-6	0.0518899092622911	0.23146267355515637	0.09783375357709084	0.13389720467898616	0.11615345957250155	0.021721119149958962	0.024166010374703912	0.00024854918048609876	1.495378785344553e-6	0.04554081504394676	0.09783375357709084	0.27682085484079305	0.11751394288173313	0.15896991561605026	0.029727952064999202	0.033074078414731624	0.0003401693104427144	2.046604898340314e-6	0.06232805765121001	0.13389720467898616	0.11751394288173313	0.16414663277694827
0.2250091270515448	0.004280991317916586	0.0015019044783841041	2.699850598436347e-6	1.8822359610916653e-6	0.01121199934852618	0.17978853126970346	0.06379027404956579	0.21441259039780444	0.004280991317916586	0.6866509645032018	2.8933610051417957e-5	5.20115796553786e-8	3.6260549260479884e-8	0.00021599483969582	0.0034635566577919186	0.0012288950069640843	0.004130575792249489	0.0015019044783841041	2.8933610051417957e-5	0.6952979616834495	1.8247274664004995e-8	1.2721324870494232e-8	7.5777686277786e-5	0.0012151230565929684	0.00043113446801416405	0.0014491340486304984	2.699850598436347e-6	5.20115796553786e-8	1.8247274664004995e-8	0.6999915293165814	2.286808319624926e-11	1.3621933657546488e-7	2.184327138464874e-6	7.750151013111838e-7	2.604989521450079e-6	1.8822359610916653e-6	3.6260549260479884e-8	1.2721324870494232e-8	2.286808319624926e-11	0.699994094545953	9.496708226999105e-8	1.5228320756667867e-6	5.403118583383356e-7	1.8161023274325104e-6	0.01121199934852618	0.00021599483969582	7.5777686277786e-5	1.3621933657546488e-7	9.496708226999105e-8	0.6653883167889342	0.009071122108616053	0.0032184998740417575	0.01081805816748953	0.17978853126970346	0.0034635566577919186	0.0012151230565929684	2.184327138464874e-6	1.5228320756667867e-6	0.009071122108616053	0.2813765914816323	0.05160982865395516	0.17347153961249806	0.06379027404956579	0.0012288950069640843	0.00043113446801416405	7.750151013111838e-7	5.403118583383356e-7	0.0032184998740417575	0.05160982865395516	0.5181710929981463	0.06154895962235428	0.21441259039780444	0.004130575792249489	0.0014491340486304984	2.604989521450079e-6	1.8161023274325104e-6	0.01081805816748953	0.17347153961249806	0.06154895962235428	0.23416472126712948
0.21712002811014824	0.0369141388588626	0.0010078037999107614	7.31681380873234e-9	1.5700921584315297e-7	0.011271417885271279	0.16131982365514907	0.07230611620966618	0.20006050715498103	0.0369141388588626	0.5863244106513864	0.00017346728327696163	1.2593997102973261e-9	2.702506393027046e-8	0.0019400822257372864	0.02776702325458103	0.012445622396253813	0.034435227045441434	0.0010078037999107614	0.00017346728327696163	0.6967277777829366	3.438324319299223e-11	7.378192466006512e-10	5.2966757445242196e-5	0.0007580756970972579	0.000339781610270118	0.0009401262968607418	7.31681380873234e-9	1.2593997102973261e-9	3.438324319299223e-11	0.69999997620877	5.3566835651484544e-15	3.8454697463280165e-10	5.503748575939839e-9	2.4668678349871764e-9	6.825464511477502e-9	1.5700921584315297e-7	2.702506393027046e-8	7.378192466006512e-10	5.3566835651484544e-15	0.6999994894715562	8.251873085781527e-9	1.1810321687766151e-7	5.2935744230334274e-8	1.4646550516747677e-7	0.011271417885271279	0.0019400822257372864	5.2966757445242196e-5	3.8454697463280165e-10	8.251873085781527e-9	0.6639424323787644	0.00847842404583921	0.003800164793409198	0.010514503277114376	0.16131982365514907	0.02776702325458103	0.0007580756970972579	5.503748575939839e-9	1.1810321687766151e-7	0.00847842404583921	0.2968008209055236	0.05438906804567677	0.15048664078918178	0.07230611620966618	0.012445622396253813	0.000339781610270118	2.4668678349871764e-9	5.2935744230334274e-8	0.003800164793409198	0.05438906804567677	0.4892686805611166	0.06745051098100156	0.20006050715498103	0.034435227045441434	0.0009401262968607418	6.825464511477502e-9	1.4646550516747677e-7	0.010514503277114376	0.15048664078918178	0.06745051098100156	0.2361123311644671
0.20786210378405887	0.12028346879718155	0.0010548910115501953	6.728184341591502e-9	1.329436100306706e-7	0.03743346536835983	0.11889633856907694	0.06287049414038803	0.1515990986576088	0.12028346879718155	0.3618589230128874	0.000618026882919368	3.9418278768250135e-9	7.78874063876634e-8	0.021931069338130105	0.06965755960740402	0.03683381040860781	0.08881706012364625	0.0010548910115501953	0.000618026882919368	0.6964218819648518	3.456999401432403e-11	6.830757853337583e-10	0.00019233638794942729	0.0006108996876393231	0.00032303404540736747	0.0007789293020367492	6.728184341591502e-9	3.9418278768250135e-9	3.456999401432403e-11	0.6999999771438898	4.356715293506152e-15	1.2267377952324399e-9	3.896370020840256e-9	2.0603385395396257e-9	4.968077152794167e-9	1.329436100306706e-7	7.78874063876634e-8	6.830757853337583e-10	4.356715293506152e-15	0.6999995483813937	2.4239370204397393e-8	7.698919504682513e-8	4.0710662702640264e-8	9.816528175670077e-8	0.03743346536835983	0.021931069338130105	0.00019233638794942729	1.2267377952324399e-9	2.4239370204397393e-8	0.5796610905087404	0.021678156369142873	0.011463064543310383	0.027640792018262358	0.11889633856907694	0.06965755960740402	0.0006108996876393231	3.896370020840256e-9	7.698919504682513e-8	0.021678156369142873	0.36495512240279043	0.03640903639481374	0.08779280608357838	0.06287049414038803	0.03683381040860781	0.00032303404540736747	2.0603385395396257e-9	4.0710662702640264e-8	0.011463064543310383	0.03640903639481374	0.505677077186246	0.04642344051023107	0.1515990986576088	0.08881706012364625	0.0007789293020367492	4.968077152794167e-9	9.816528175670077e-8	0.027640792018262358	0.08779280608357838	0.04642344051023107	0.29694777017129126
0.17074333242653025	0.004998744993155199	0.014406071822025758	3.641297759613988e-7	6.408030745504945e-5	0.15014514679475743	0.14415232906879488	0.07501629280781359	0.14047363764968865	0.004998744993155199	0.6794074123057599	0.0004285028575772963	1.0830894879330074e-8	1.9060431738885522e-6	0.0044660074757193	0.004287753503905232	0.0022313296941819053	0.0041783322956323405	0.014406071822025758	0.0004285028575772963	0.6414598601655119	3.1213964653546726e-8	5.493097746838371e-6	0.012870755467825214	0.012357038620090209	0.0064305532442681425	0.01204169351098971	3.641297759613988e-7	1.0830894879330074e-8	3.1213964653546726e-8	0.6999984891185104	1.388442648767147e-10	3.253229168125942e-7	3.1233814185212625e-7	1.6253951396821086e-7	3.043674371835762e-7	6.408030745504945e-5	1.9060431738885522e-6	5.493097746838371e-6	1.388442648767147e-10	0.6997341362609012	5.725099650662591e-5	5.4965909082768475e-5	2.8604038220102633e-5	5.3563208069247875e-5	0.15014514679475743	0.0044660074757193	0.012870755467825214	3.253229168125942e-7	5.725099650662591e-5	0.21114685984942433	0.12878940216896925	0.0670214873811711	0.1255027645427072	0.14415232906879488	0.004287753503905232	0.012357038620090209	3.1233814185212625e-7	5.4965909082768475e-5	0.12878940216896925	0.22551826243896067	0.06434642550822695	0.12049351044382546	0.07501629280781359	0.0022313296941819053	0.0064305532442681425	1.6253951396821086e-7	2.8604038220102633e-5	0.0670214873811711	0.06434642550822695	0.42222080612425894	0.0627043386623439	0.14047363764968865	0.0041783322956323405	0.01204169351098971	3.043674371835762e-7	5.3563208069247875e-5	0.1255027645427072	0.12049351044382546	0.0627043386623439	0.23455185531930367
0.12279882650606906	1.675415438283649e-5	0.09367289531438958	0.0008993701574390177	0.06530527520947296	0.09892216926974981	0.11478236661109108	0.09211473661551425	0.11148760616189073	1.675415438283649e-5	0.6998984744536785	1.3757789463227029e-5	1.320909878362073e-7	9.591421554277634e-6	1.4528753205409485e-5	1.6858149079584916e-5	1.3528941841324502e-5	1.6374245807034926e-5	0.09367289531438958	1.3757789463227029e-5	0.20927452305692396	0.0007385240097961026	0.05362587729825605	0.08123062178853545	0.09425433225947027	0.07564065149806153	0.09154881698510337	0.0008993701574390177	1.320909878362073e-7	0.0007385240097961026	0.6945570239550273	0.0005148716023633917	0.0007799096725005561	0.000904952637142277	0.0007262393717871043	0.0008789765029564548	0.06530527520947296	9.591421554277634e-6	0.05362587729825605	0.0005148716023633917	0.34164446154467604	0.056630982671483865	0.06571063152506469	0.05273386230377277	0.06382444642335552	0.09892216926974981	1.4528753205409485e-5	0.08123062178853545	0.0007799096725005561	0.056630982671483865	0.18632710939150557	0.09953618897852383	0.07987942836668106	0.09667906110781407	0.11478236661109108	1.6858149079584916e-5	0.09425433225947027	0.000904952637142277	0.06571063152506469	0.09953618897852383	0.11992854714169769	0.09268650191512288	0.11217962078280716	0.09211473661551425	1.3528941841324502e-5	0.07564065149806153	0.0007262393717871043	0.05273386230377277	0.07987942836668106	0.09268650191512288	0.21617906069684184	0.09002599029037675	0.11148760616189073	1.6374245807034926e-5	0.09154881698510337	0.0008789765029564548	0.06382444642335552	0.09667906110781407	0.11217962078280716	0.09002599029037675	0.13335910749988833
0.1106183457104514	3.5809277172143514e-6	0.09697936337476191	0.037313996373580266	0.08306516734368688	0.09261189528653466	0.10546796050299802	0.07348910881873291	0.10045058166153872	3.5809277172143514e-6	0.6999764849855008	3.2800593251772216e-6	1.2620429491976077e-6	2.8094500444408125e-6	3.1323417703109887e-6	3.5671626964434155e-6	2.4855662925766267e-6	3.3974637039548927e-6	0.09697936337476191	3.2800593251772216e-6	0.15198982740519423	0.03417888643114007	0.0760860587699926	0.08483067370967289	0.09660657647242137	0.06731457759425627	0.09201075618323726	0.037313996373580266	1.2620429491976077e-6	0.03417888643114007	0.4681182406962922	0.029275041846298238	0.032639639414202073	0.03717056205273099	0.025900107165426445	0.03540226397738117	0.08306516734368688	2.8094500444408125e-6	0.0760860587699926	0.029275041846298238	0.21969953803893813	0.07265952118433334	0.08274586635686978	0.057656561746327495	0.07880943526351063	0.09261189528653466	3.1323417703109887e-6	0.08483067370967289	0.032639639414202073	0.07265952118433334	0.17284912788012757	0.092255896851792	0.0642830638857231	0.08786704944584568	0.10546796050299802	3.5671626964434155e-6	0.09660657647242137	0.03717056205273099	0.08274586635686978	0.092255896851792	0.11247850111495492	0.07320661802606358	0.10006445145947496	0.07348910881873291	2.4855662925766267e-6	0.06731457759425627	0.025900107165426445	0.057656561746327495	0.0642830638857231	0.07320661802606358	0.2684234839852013	0.06972399321197775	0.10045058166153872	3.3974637039548927e-6	0.09201075618323726	0.03540226397738117	0.07880943526351063	0.08786704944584568	0.10006445145947496	0.06972399321197775	0.13566807133333184
0.42920618819380557	7.097119183462361e-7	0.041708702948841034	0.017806035680357508	0.033684478518639156	0.04014057701017212	0.049495566137017326	0.03882036049067393	0.0491373813085747	7.097119183462361e-7	0.6999900168794156	1.428329763143335e-6	6.097741940583056e-7	1.1535372673455806e-6	1.3746287177450839e-6	1.694993736531327e-6	1.3294174209347822e-6	1.6827275662838725e-6	0.041708702948841034	1.428329763143335e-6	0.1972463704894799	0.03583551307002183	0.06779165176801034	0.0807848640712911	0.09961223480911288	0.07812786409729205	0.09889137041618691	0.017806035680357508	6.097741940583056e-7	0.03583551307002183	0.46483053374177785	0.028941215738407546	0.03448820199109576	0.04252587306267457	0.033353891092054715	0.042218125849415915	0.033684478518639156	1.1535372673455806e-6	0.06779165176801034	0.028941215738407546	0.2809275276880486	0.06524288280501911	0.08044810666341856	0.06309705586194744	0.07986592741924138	0.04014057701017212	1.3746287177450839e-6	0.0807848640712911	0.03448820199109576	0.06524288280501911	0.21311116895144538	0.09586710446054884	0.07519048360924294	0.09517334247246621	0.049495566137017326	1.694993736531327e-6	0.09961223480911288	0.04252587306267457	0.08044810666341856	0.09586710446054884	0.12198133791628005	0.09271405225222602	0.11735402970498433	0.03882036049067393	1.3294174209347822e-6	0.07812786409729205	0.033353891092054715	0.06309705586194744	0.07519048360924294	0.09271405225222602	0.2266518552052016	0.09204310797393951	0.0491373813085747	1.6827275662838725e-6	0.09889137041618691	0.042218125849415915	0.07986592741924138	0.09517334247246621	0.11735402970498433	0.09204310797393951	0.12531503212762396
