0.20553530053867458	0.09249365238264656	0.045289109159345656	0.10131592984097784	0.12730464452609727	0.00011029185798412626	0.0001451092687517325	0.1278059624255251	0.09249365238264656	0.2733350322577503	0.03765027677797131	0.08422715463687101	0.10583239967615346	9.168912916455905e-5	0.00012063395003706643	0.10624916118940822	0.045289109159345656	0.03765027677797131	0.4718703946429813	0.04124145497843936	0.051820367971846616	4.4895177912102256e-5	5.906788185798556e-5	0.05202443340964687	0.10131592984097784	0.08422715463687101	0.04124145497843936	0.24067245140364335	0.11592696043759236	0.00010043466917260265	0.00013214031994144212	0.11638347371336459	0.12730464452609727	0.10583239967615346	0.051820367971846616	0.11592696043759236	0.15258620551547963	0.00012619733024394616	0.000166035849289578	0.14623718869330044	0.00011029185798412626	9.168912916455905e-5	4.4895177912102256e-5	0.00010043466917260265	0.00012619733024394616	0.6993996537008279	1.438470872629153e-7	0.00012669428760749566	0.0001451092687517325	0.00012063395003706643	5.906788185798556e-5	0.00013214031994144212	0.000166035849289578	1.438470872629153e-7	0.6992101791947319	0.0001666896883031146	0.1278059624255251	0.10624916118940822	0.05202443340964687	0.11638347371336459	0.14623718869330044	0.00012669428760749566	0.0001666896883031146	0.15100639659284748
0.1763093241682949	0.049110359079516136	0.053280685531067455	0.12129602705803615	0.1682432560960403	0.0012182909266427624	4.7533087777979133e-5	0.1304945240526273	0.049110359079516136	0.5111466714133069	0.015688811673530274	0.03571632959097994	0.04954021769658373	0.0003587329389845044	1.3996397662249781e-5	0.03842488120943702	0.053280685531067455	0.015688811673530274	0.4964419822420507	0.03874926921588517	0.05374704664566886	0.0003891956253205491	1.5184936058045328e-5	0.041687824130419854	0.12129602705803615	0.03571632959097994	0.03874926921588517	0.28605573801505746	0.12235772042424709	0.0008860224418888933	3.456923267057508e-5	0.09490432402123695	0.1682432560960403	0.04954021769658373	0.05374704664566886	0.12235772042424709	0.17319812443056903	0.0012289545190645715	4.794914067924405e-5	0.1316367310471502	0.0012182909266427624	0.0003587329389845044	0.0003891956253205491	0.0008860224418888933	0.0012289545190645715	0.6949652422893989	3.4721155774882353e-7	0.0009532140471420131	4.7533087777979133e-5	1.3996397662249781e-5	1.5184936058045328e-5	3.456923267057508e-5	4.794914067924405e-5	3.4721155774882353e-7	0.6998032291995209	3.719079407318774e-5	0.1304945240526273	0.03842488120943702	0.041687824130419854	0.09490432402123695	0.1316367310471502	0.0009532140471420131	3.719079407318774e-5	0.2618613106979158
0.25854894574521786	0.009095288798003451	0.007647851161649288	0.12972017168821567	0.1457075142161418	0.005628985537090366	6.650571961334662e-7	0.1436505777964817	0.009095288798003451	0.6572160008069543	0.0005959125875353833	0.010107660509123758	0.011353377567714682	0.00043860468329033	5.18205632183686e-8	0.011193103226814579	0.007647851161649288	0.0005959125875353833	0.663929874958151	0.008499112549700196	0.009546584363428891	0.0003688044889067299	4.3573762571884234e-8	0.009411816316865653	0.12972017168821567	0.010107660509123758	0.008499112549700196	0.2238510341118638	0.1619258189633712	0.006255532516149079	7.390828930184629e-7	0.159639930578679	0.1457075142161418	0.011353377567714682	0.009546584363428891	0.1619258189633712	0.18512465089242622	0.007026494655103297	8.301710500370693e-7	0.1793147291707591	0.005628985537090366	0.00043860468329033	0.0003688044889067299	0.006255532516149079	0.007026494655103297	0.6733542436196549	3.207124120611823e-8	0.006927302428563836	6.650571961334662e-7	5.18205632183686e-8	4.3573762571884234e-8	7.390828930184629e-7	8.301710500370693e-7	3.207124120611823e-8	0.6999968197716742	8.184516196661985e-7	0.1436505777964817	0.011193103226814579	0.009411816316865653	0.159639930578679	0.1793147291707591	0.006927302428563836	8.184516196661985e-7	0.18986172203021173
0.20171089112702906	0.0010857557512899446	0.10092661998480387	0.08795429815365916	0.15484661690092116	2.277366780635424e-10	3.386273478671702e-9	0.15347581446828742	0.0010857557512899446	0.6951251098223872	0.0007691511489530124	0.0006702904495407512	0.0011800697706785676	1.7355572555356522e-12	2.580643379498502e-11	0.0011696230296086043	0.10092661998480387	0.0007691511489530124	0.3175811433716848	0.06230696857913967	0.10969359651959641	1.6132903499079828e-10	2.3988416673778434e-9	0.1087225178356519	0.08795429815365916	0.0006702904495407512	0.06230696857913967	0.35872583279430215	0.09559443579190938	1.405930570800771e-10	2.0905132389030704e-9	0.094748172000343	0.15484661690092116	0.0011800697706785676	0.10969359651959641	0.09559443579190938	0.17187780775791417	2.475189923131952e-10	3.6804216442634463e-9	0.16680746933104057	2.277366780635424e-10	1.7355572555356522e-12	1.6132903499079828e-10	1.405930570800771e-10	2.475189923131952e-10	0.6999999989757589	5.412885446984096e-18	2.453277940579367e-10	3.386273478671702e-9	2.580643379498502e-11	2.3988416673778434e-9	2.0905132389030704e-9	3.6804216442634463e-9	5.412885446984096e-18	0.6999999847703033	3.6478401707766703e-9	0.15347581446828742	0.0011696230296086043	0.1087225178356519	0.094748172000343	0.16680746933104057	2.453277940579367e-10	3.6478401707766703e-9	0.17507639944190137
0.26396772186699174	0.007022735869022738	2.692293864381685e-7	0.1336423466610558	0.15442858577068563	4.666590034575095e-6	2.0714688568966345e-8	0.14093365329813354	0.007022735869022738	0.6686871213586564	1.5243530949396455e-8	0.007566712068207438	0.008743610635563372	2.6421822135128455e-7	1.1728474387050844e-9	0.007979539433950293	2.692293864381685e-7	1.5243530949396455e-8	0.6999987843207475	2.9008370604735005e-7	3.3520225885906084e-7	1.0129287352806207e-11	4.4963245407104886e-14	3.059101959590803e-7	0.1336423466610558	0.007566712068207438	2.9008370604735005e-7	0.24054480967697012	0.16639051580760386	5.0280608285086585e-6	2.2319233829559936e-8	0.15185027532239334	0.15442858577068563	0.008743610635563372	3.3520225885906084e-7	0.16639051580760386	0.1949626079926992	5.8101069183174124e-6	2.5790685377036882e-8	0.17546850869358413	4.666590034575095e-6	2.6421822135128455e-7	1.0129287352806207e-11	5.0280608285086585e-6	5.8101069183174124e-6	0.6999789286295308	7.793541251751087e-13	5.3023835578417185e-6	2.0714688568966345e-8	1.1728474387050844e-9	4.4963245407104886e-14	2.2319233829559936e-8	2.5790685377036882e-8	7.793541251751087e-13	0.6999999064647859	2.3536934519661502e-8	0.14093365329813354	0.007979539433950293	3.059101959590803e-7	0.15185027532239334	0.17546850869358413	5.3023835578417185e-6	2.3536934519661502e-8	0.22376239142124932
0.1761469566962292	0.11064421496969638	0.0008357627281331813	0.11791641175438285	0.15358275113934985	0.014919540421269256	0.017954060409197375	0.10800030188174535	0.11064421496969638	0.280452820267103	0.0006247920345743275	0.08815089777248954	0.11481402116868024	0.011153416754465885	0.013421936100200513	0.08073790093279261	0.0008357627281331813	0.0006247920345743275	0.6962108335992221	0.0006658570882345985	0.0008672597983198501	8.424850786163356e-5	0.00010138400760496258	0.000609862236049289	0.11791641175438285	0.08815089777248954	0.0006658570882345985	0.25867148288051145	0.1223602824513734	0.011886485731296796	0.01430410567932291	0.08604447664239112	0.15358275113934985	0.11481402116868024	0.0008672597983198501	0.1223602824513734	0.16219272185449224	0.015481807433165335	0.018630688214923197	0.11207046793969938	0.014919540421269256	0.011153416754465885	8.424850786163356e-5	0.011886485731296796	0.015481807433165335	0.6337777551444016	0.0018098471595056236	0.010886898848034164	0.017954060409197375	0.013421936100200513	0.00010138400760496258	0.01430410567932291	0.018630688214923197	0.0018098471595056236	0.6206767679316507	0.013101210497595064	0.10800030188174535	0.08073790093279261	0.000609862236049289	0.08604447664239112	0.11207046793969938	0.010886898848034164	0.013101210497595064	0.2885488810216955
0.15947475654433282	0.10631439712318011	0.059141704311638704	0.09283126728779484	0.11317569234983214	0.02611068845192372	0.09933274547440005	0.04361874845689461	0.10631439712318011	0.15305646932105701	0.06001590735919564	0.0942034525793099	0.11484859874157641	0.026496643569114846	0.1008010323597144	0.0442634989468485	0.059141704311638704	0.06001590735919564	0.36911081208051216	0.05240449918674545	0.06388920081548762	0.014739834882380221	0.056074671083530384	0.024623370280508063	0.09283126728779484	0.0942034525793099	0.05240449918674545	0.2104744053662294	0.10028313432521363	0.023136254994175473	0.08801712497159105	0.038649861288937416	0.11317569234983214	0.11484859874157641	0.06388920081548762	0.10028313432521363	0.12517002144394268	0.028206678136045854	0.10730650726138703	0.047120166926511164	0.02611068845192372	0.026496643569114846	0.014739834882380221	0.023136254994175473	0.028206678136045854	0.545682225024259	0.024756612677088893	0.010871062265011165	0.09933274547440005	0.1008010323597144	0.056074671083530384	0.08801712497159105	0.10730650726138703	0.024756612677088893	0.18235458503507787	0.04135672113720733	0.04361874845689461	0.0442634989468485	0.024623370280508063	0.038649861288937416	0.047120166926511164	0.010871062265011165	0.04135672113720733	0.4494965706980804
0.13677945442695824	0.10387487507619222	0.10425246498268155	0.09037054306151206	0.10553262444786309	0.04191453922523793	0.0794794982231776	0.03779600055637278	0.10387487507619222	0.1225442372866055	0.10748327039081843	0.09317114484400135	0.1088031022620584	0.043213479447236136	0.08194258427815101	0.03896730641493218	0.10425246498268155	0.10748327039081843	0.12083586585127573	0.09350982620312061	0.10919860649904298	0.04337056241510098	0.0822404493077107	0.03910895435024436	0.09037054306151206	0.09317114484400135	0.09350982620312061	0.1855040267882897	0.09465807232968743	0.03759547823628896	0.07128957638359147	0.033901332153504354	0.10553262444786309	0.1088031022620584	0.10919860649904298	0.09465807232968743	0.11506496327712815	0.04390312762586279	0.08325031405881793	0.03958918949953446	0.04191453922523793	0.043213479447236136	0.04337056241510098	0.03759547823628896	0.04390312762586279	0.44121447657855783	0.033064643018099006	0.015723693453614428	0.0794794982231776	0.08194258427815101	0.0822404493077107	0.07128957638359147	0.08325031405881793	0.033064643018099006	0.23891723619222285	0.02981569853822586	0.03779600055637278	0.03896730641493218	0.03910895435024436	0.033901332153504354	0.03958918949953446	0.015723693453614428	0.02981569853822586	0.46509782503356983
0.15143454144568436	0.09902106692148328	0.10288491059514208	0.0882649013440829	0.10558437374341743	0.03644306718155012	0.06010663948820946	0.056260499280428554	0.09902106692148328	0.1466540871294967	0.10397898856403563	0.08920351015881108	0.10670715779895946	0.036830602697609786	0.06074581339299177	0.056858773336610456	0.10288491059514208	0.10397898856403563	0.12911960076600576	0.09268426863890886	0.11087091597097097	0.038267748303635635	0.06311614057766937	0.05907742658362975	0.0882649013440829	0.08920351015881108	0.09268426863890886	0.19707156585670565	0.09511609043054288	0.03282987766760113	0.05414729807395386	0.05068248782939205	0.10558437374341743	0.10670715779895946	0.11087091597097097	0.09511609043054288	0.11705001115619236	0.03927180590271001	0.06477216277339481	0.06062748222381009	0.03644306718155012	0.036830602697609786	0.038267748303635635	0.03282987766760113	0.03927180590271001	0.4730744737256164	0.02235649268689525	0.020925931834380868	0.06010663948820946	0.06074581339299177	0.06311614057766937	0.05414729807395386	0.06477216277339481	0.02235649268689525	0.34024168844206326	0.034513764564821026	0.056260499280428554	0.056858773336610456	0.05907742658362975	0.05068248782939205	0.06062748222381009	0.020925931834380868	0.034513764564821026	0.3610536343469262
0.15016194591441573	0.09156432489758919	0.11606474477958753	0.10974154343529763	0.12137604055981716	0.010054180398151782	0.0007690264899619476	0.1002681935251798	0.09156432489758919	0.2465839032357206	0.09164442750005475	0.08665164378898471	0.09583821314949517	0.007938755289736714	0.0006072213619973786	0.07917151077642211	0.11606474477958753	0.09164442750005475	0.14978247092790364	0.10983754789159199	0.12148222314497442	0.010062976029162557	0.000769699252233496	0.10035591047449241	0.10974154343529763	0.08665164378898471	0.10983754789159199	0.17377434972182199	0.11486387785712326	0.009514745611080006	0.0007277660764386895	0.09488852561766246	0.12137604055981716	0.09583821314949517	0.12148222314497442	0.11486387785712326	0.13016290406002684	0.010523472816724895	0.0008049218376809299	0.10494834657415818	0.010054180398151782	0.007938755289736714	0.010062976029162557	0.009514745611080006	0.010523472816724895	0.6431458012831033	6.667567441753521e-5	0.008693392897623206	0.0007690264899619476	0.0006072213619973786	0.000769699252233496	0.0007277660764386895	0.0008049218376809299	6.667567441753521e-5	0.6955897470483119	0.0006649422589581005	0.1002681935251798	0.07917151077642211	0.10035591047449241	0.09488852561766246	0.10494834657415818	0.008693392897623206	0.0006649422589581005	0.21100917787550444
0.135598322239723	0.10994284893933726	0.07740706426101537	0.11775329991722185	0.12524791232989868	0.028454987652008115	0.0010000363502779494	0.10459552831052094	0.10994284893933726	0.18636738271663267	0.06875967163140506	0.1045986992675586	0.11125606437266887	0.025276189271696052	0.0008883190664965104	0.09291082473420768	0.07740706426101537	0.06875967163140506	0.31802024152993724	0.07364442811819444	0.07833165510450485	0.017796115218983683	0.0006254355942924602	0.06541538854166885	0.11775329991722185	0.1045986992675586	0.07364442811819444	0.15730920025387618	0.11915980750065136	0.027071835274313685	0.0009514261497540988	0.09951130351843276	0.12524791232989868	0.11125606437266887	0.07833165510450485	0.11915980750065136	0.1303528378091069	0.02879486904766393	0.0010119813124264405	0.10584487252308214	0.028454987652008115	0.025276189271696052	0.017796115218983683	0.027071835274313685	0.02879486904766393	0.5483292679007087	0.00022991134313927629	0.024046824291487266	0.0010000363502779494	0.0008883190664965104	0.0006254355942924602	0.0009514261497540988	0.0010119813124264405	0.00022991134313927629	0.694447776536251	0.0008451136473621692	0.10459552831052094	0.09291082473420768	0.06541538854166885	0.09951130351843276	0.10584487252308214	0.024046824291487266	0.0008451136473621692	0.20683014443324094
0.21349785563799137	0.08581884856316702	0.004186706912073121	0.099591771030436	0.09789008256039643	0.07125895392750972	0.027640982287729713	0.1001147990806995	0.08581884856316702	0.19395613168869796	0.004390896783700325	0.10444896102937984	0.10266427951551271	0.07473432417919572	0.028989060561063307	0.10499749767928589	0.004186706912073121	0.004390896783700325	0.6711357620037253	0.005095584413238635	0.005008518010518761	0.0036459439487800723	0.0014142429344781591	0.005122344993485721	0.099591771030436	0.10444896102937984	0.005095584413238635	0.1295048413969995	0.11914069682475242	0.08672830999696375	0.0336414660662783	0.12184836924195477	0.09789008256039643	0.10266427951551271	0.005008518010518761	0.11914069682475242	0.13721697138085376	0.08524641482007463	0.033066646537235914	0.11976639035065874	0.07125895392750972	0.07473432417919572	0.0036459439487800723	0.08672830999696375	0.08524641482007463	0.2671314495012481	0.02407082086870599	0.08718378275752445	0.027640982287729713	0.028989060561063307	0.0014142429344781591	0.0336414660662783	0.033066646537235914	0.02407082086870599	0.5173586391334287	0.033818141611080835	0.1001147990806995	0.10499749767928589	0.005122344993485721	0.12184836924195477	0.11976639035065874	0.08718378275752445	0.033818141611080835	0.12714867428531348
0.256774877411279	0.11192306853941497	0.006166240398362662	0.12362149823889348	0.12573652404361282	6.661930246375605e-8	0.016755774682578214	0.05902195006654942	0.11192306853941497	0.20808207031845488	0.007072517768320554	0.14179065141105132	0.14421653113969535	7.641061164484375e-8	0.019218438871760044	0.06769664554068337	0.006166240398362662	0.007072517768320554	0.6662156219787837	0.007811751895750449	0.007945402248439504	4.209732689933439e-9	0.0010588122333581042	0.0037296492672517765	0.12362149823889348	0.14179065141105132	0.007811751895750449	0.1714860458869526	0.15929034007879042	8.439720618952932e-8	0.02122718969506181	0.07477243839628497	0.12573652404361282	0.14421653113969535	0.007945402248439504	0.15929034007879042	0.16516904210913813	8.584114815334636e-8	0.021590363209428778	0.07605171132973802	6.661930246375605e-8	7.641061164484375e-8	4.209732689933439e-9	8.439720618952932e-8	8.584114815334636e-8	0.6999996307880499	1.1439277074753451e-8	4.029467172326727e-8	0.016755774682578214	0.019218438871760044	0.0010588122333581042	0.02122718969506181	0.021590363209428778	1.1439277074753451e-8	0.6100146829150239	0.010134726953510873	0.05902195006654942	0.06769664554068337	0.0037296492672517765	0.07477243839628497	0.07605171132973802	4.029467172326727e-8	0.010134726953510873	0.4085928381513057
0.1711484366924072	0.09402116878245331	0.08677977382964189	0.11457346744623517	0.11449625545023702	7.040854968564518e-8	0.007940020805513523	0.11104080658495925	0.09402116878245331	0.21476983302134922	0.07807418435102988	0.10307966504608024	0.10301019881744608	6.334529171321756e-8	0.0071434923227344125	0.09990139431361245	0.08677977382964189	0.07807418435102988	0.24612848677759644	0.09514059583572726	0.09507647981071145	5.8466515139424685e-8	0.006593309316915942	0.0922071116118596	0.11457346744623517	0.10307966504608024	0.09514059583572726	0.1312346956481356	0.1255274297658323	7.719208144252585e-8	0.008705004369654106	0.1217390646962506	0.11449625545023702	0.10301019881744608	0.09507647981071145	0.1255274297658323	0.13153339727392724	7.714006106803358e-8	0.008699137996072725	0.1216570237457089	7.040854968564518e-8	6.334529171321756e-8	5.8466515139424685e-8	7.719208144252585e-8	7.714006106803358e-8	0.6999995732860298	5.349464813589259e-9	7.481200644793427e-8	0.007940020805513523	0.0071434923227344125	0.006593309316915942	0.008705004369654106	0.008699137996072725	5.349464813589259e-9	0.6524824281719365	0.008436601667707919	0.11104080658495925	0.09990139431361245	0.0922071116118596	0.1217390646962506	0.1216570237457089	7.481200644793427e-8	0.008436601667707919	0.14501792256789164
0.17767326637836148	0.10155153061525517	0.08651253297858517	0.12698443303158052	0.12546733182316705	1.770827849396631e-8	7.593144842635843e-5	0.08173495601634706	0.10155153061525517	0.2315075271264268	0.07544406167830728	0.11073795978428784	0.10941495751861481	1.544266950600254e-8	6.621672815682569e-5	0.07127773110628281	0.08651253297858517	0.07544406167830728	0.28971496222120147	0.09433852291321634	0.09321144706860483	1.315572938016105e-8	5.6410541955345385e-5	0.06072204944240096	0.12698443303158052	0.11073795978428784	0.09433852291321634	0.14191029934192548	0.13681720267039088	1.9310182917314196e-8	8.280026535550486e-5	0.08912876268306191	0.12546733182316705	0.10941495751861481	0.09321144706860483	0.13681720267039088	0.1469433022109427	1.907948139635488e-8	8.181103872646953e-5	0.08806392859007318	1.770827849396631e-8	1.544266950600254e-8	1.315572938016105e-8	1.9310182917314196e-8	1.907948139635488e-8	0.6999999028628957	1.1546692167574113e-11	1.2429216036439451e-8	7.593144842635843e-5	6.621672815682569e-5	5.6410541955345385e-5	8.280026535550486e-5	8.181103872646953e-5	1.1546692167574113e-11	0.6995835346454112	5.3295320421606014e-5	0.08173495601634706	0.07127773110628281	0.06072204944240096	0.08912876268306191	0.08806392859007318	1.2429216036439451e-8	5.3295320421606014e-5	0.3090192644121974
0.20059932375262526	0.11015500611528513	0.013230490458610725	0.10524862166084337	0.09503540779410308	0.06375252433714934	0.0845191293293825	0.0274594965519941	0.11015500611528513	0.13234126893762194	0.015550587025508364	0.1237050021366789	0.1117008008153659	0.07493215621159838	0.0993403895394797	0.03227478921845423	0.013230490458610725	0.015550587025508364	0.6181368431748383	0.014857952517735317	0.0134161526699948	0.008999946645757713	0.011931569179717777	0.003876458327836078	0.10524862166084337	0.1237050021366789	0.014857952517735317	0.1521152923879302	0.1067255655355854	0.07159462322658253	0.09491569600876003	0.03083724652587719	0.09503540779410308	0.1117008008153659	0.0134161526699948	0.1067255655355854	0.19492490448730732	0.0646471574338422	0.08570517821431534	0.027844833049479607	0.06375252433714934	0.07493215621159838	0.008999946645757713	0.07159462322658253	0.0646471574338422	0.3399009316114001	0.0574935341127341	0.018679126420931277	0.0845191293293825	0.0993403895394797	0.011931569179717777	0.09491569600876003	0.08570517821431534	0.0574935341127341	0.24133088024311627	0.024763623372488542	0.0274594965519941	0.03227478921845423	0.003876458327836078	0.03083724652587719	0.027844833049479607	0.018679126420931277	0.024763623372488542	0.534264426532937
0.303413456138626	0.07823635804723672	0.05755462445168982	0.07946530974954875	0.033854599293990165	0.07123897761290382	0.07610835243787309	0.00012832226812811037	0.07823635804723672	0.13413182335270815	0.08815910101778987	0.12172071899280273	0.05185666777447018	0.1091200626120264	0.11657871100349106	0.00019655719946941384	0.05755462445168982	0.08815910101778987	0.26041392651987216	0.08954392106788343	0.03814838923449979	0.0802742405262291	0.08576119975851804	0.00014459742351385647	0.07946530974954875	0.12172071899280273	0.08954392106788343	0.12715506998910586	0.052671242247622256	0.11083414146296779	0.1184099517324445	0.00019964475761908868	0.033854599293990165	0.05185666777447018	0.03814838923449979	0.052671242247622256	0.42571920487949383	0.04721866005617002	0.050446181874291236	8.505463946018808e-5	0.07123897761290382	0.1091200626120264	0.0802742405262291	0.11083414146296779	0.04721866005617002	0.17498291095879465	0.10615202944779983	0.00017897732310343922	0.07610835243787309	0.11657871100349106	0.08576119975851804	0.1184099517324445	0.050446181874291236	0.10615202944779983	0.1463523628433213	0.00019121090225579385	0.00012832226812811037	0.00019655719946941384	0.00014459742351385647	0.00019964475761908868	8.505463946018808e-5	0.00017897732310343922	0.00019121090225579385	0.6988756354864502
0.47235728245009817	0.0450951781847017	0.03919000205267698	0.050548938356312315	0.0020783059362071026	0.04118233449613477	0.04954593922049415	2.019303374323394e-6	0.0450951781847017	0.1925341822196543	0.09926349255576558	0.1280342919984847	0.005264095305481241	0.1043098274960893	0.12549381759080538	5.114649016745603e-6	0.03919000205267698	0.09926349255576558	0.2459879376983482	0.11126830779295771	0.00457476639702653	0.09065054221413237	0.10906050639911598	4.44488997568662e-6	0.050548938356312315	0.1280342919984847	0.11126830779295771	0.146646159897468	0.005900729075925804	0.11692494080988336	0.14067089886004597	5.7332089209785015e-6	0.0020783059362071026	0.005264095305481241	0.00457476639702653	0.005900729075925804	0.6715908842509135	0.004807337334424932	0.005783645980685849	2.3571933499365378e-7	0.04118233449613477	0.1043098274960893	0.09065054221413237	0.11692494080988336	0.004807337334424932	0.2275154470819551	0.11460489970909418	4.670858285008407e-6	0.04954593922049415	0.12549381759080538	0.10906050639911598	0.14067089886004597	0.005783645980685849	0.11460489970909418	0.15483467278997307	5.6194497841857045e-6	2.019303374323394e-6	5.114649016745603e-6	4.44488997568662e-6	5.7332089209785015e-6	2.3571933499365378e-7	4.670858285008407e-6	5.6194497841857045e-6	0.6999721619213081
0.5190669245296718	0.03613148656967789	0.02680934336292454	0.03593952553808687	0.014571102036935464	0.03200301385061524	0.03544504576710193	3.355834498505555e-5	0.03613148656967789	0.13633796852040736	0.09766983650037192	0.13093224760067262	0.053084371903932955	0.11659103649033772	0.129130795109612	0.00012225730498294105	0.02680934336292454	0.09766983650037192	0.25656678795877536	0.09715093167939856	0.03938828121099391	0.08650984022705249	0.09581426488348073	9.071417699885329e-5	0.03593952553808687	0.13093224760067262	0.09715093167939856	0.1386369953139318	0.05280234279969474	0.11597160624365266	0.12844474305383485	0.00012160777072315334	0.014571102036935464	0.053084371903932955	0.03938828121099391	0.05280234279969474	0.44100992418572393	0.047018820717952055	0.052075853231895904	4.930391286923056e-5	0.03200301385061524	0.11659103649033772	0.08650984022705249	0.11597160624365266	0.047018820717952055	0.18742140243165667	0.114375992154776	0.0001082878839530359	0.03544504576710193	0.129130795109612	0.09581426488348073	0.12844474305383485	0.052075853231895904	0.114375992154776	0.14459337118873958	0.0001199346105543179	3.355834498505555e-5	0.00012225730498294105	9.071417699885329e-5	0.00012160777072315334	4.930391286923056e-5	0.0001082878839530359	0.0001199346105543179	0.6993543359949334
0.14985916924015272	0.11423025096477106	0.018005879438744432	0.1128760900026885	0.10114704922245905	0.09161889376025201	0.05199282659416639	0.06026984077675929	0.11423025096477106	0.12449897349290176	0.019053416819880317	0.11944294079809292	0.10703153353285193	0.09694905363156978	0.05501764021649414	0.06377619054343114	0.018005879438744432	0.019053416819880317	0.5932348913175539	0.01882754501242253	0.016871160420813713	0.015281879857978931	0.008672317432340464	0.010052909700264663	0.1128760900026885	0.11944294079809292	0.01882754501242253	0.12990538773863158	0.10576271092940061	0.09579975541476722	0.05436542471335166	0.06302014539063806	0.10114704922245905	0.10703153353285193	0.016871160420813713	0.10576271092940061	0.1781544704819691	0.08584512961253532	0.04871627188140816	0.056471673918555905	0.09161889376025201	0.09694905363156978	0.015281879857978931	0.09579975541476722	0.08584512961253532	0.21922615397465547	0.04412714925654237	0.051151984491693336	0.05199282659416639	0.05501764021649414	0.008672317432340464	0.05436542471335166	0.04871627188140816	0.04412714925654237	0.4080801187396889	0.02902825116600474	0.06026984077675929	0.06377619054343114	0.010052909700264663	0.06302014539063806	0.056471673918555905	0.051151984491693336	0.02902825116600474	0.3662290040126492
0.16969895742276325	0.0987624160378328	0.029625799938742977	0.13856507611061358	0.12894188927989003	0.031250467975925005	0.00249633120012835	0.10065906203410094	0.0987624160378328	0.27725947727195677	0.022241602450065946	0.10402788591996961	0.09680326764015199	0.023461323796697877	0.0018741234414515055	0.07556990344187117	0.029625799938742977	0.022241602450065946	0.5576205823379936	0.03120528496523227	0.029038113440087797	0.00703770232628559	0.0005621815298208369	0.02266873301177017	0.13856507611061358	0.10402788591996961	0.03120528496523227	0.1488137460647338	0.13581636300974498	0.03291657138379305	0.0026294218764953514	0.10602565066941406	0.12894188927989003	0.09680326764015199	0.029038113440087797	0.13581636300974498	0.1776607122443121	0.030630552964547034	0.0024468115197983486	0.09866228990146476	0.031250467975925005	0.023461323796697877	0.00703770232628559	0.03291657138379305	0.030630552964547034	0.5501984921511298	0.0005930113593775933	0.023911878042243186	0.00249633120012835	0.0018741234414515055	0.0005621815298208369	0.0026294218764953514	0.0024468115197983486	0.0005930113593775933	0.6874880047265924	0.001910114346335602	0.10065906203410094	0.07556990344187117	0.02266873301177017	0.10602565066941406	0.09866228990146476	0.023911878042243186	0.001910114346335602	0.2705923685527979
0.16713113915399327	0.11374699495570564	0.008963714151039623	0.1294300840506161	0.12233780966578678	0.07037148396768354	0.004557518244811393	0.08346125581035976	0.11374699495570564	0.19387351147055262	0.008391777917989325	0.12117170438031977	0.11453195766728685	0.06588138078317174	0.004266722512922382	0.07813595031204817	0.008963714151039623	0.008391777917989325	0.6523847536228314	0.009548810688866292	0.009025572324687014	0.005191713991618944	0.00033623464938599044	0.006157422653581083	0.1294300840506161	0.12117170438031977	0.009548810688866292	0.14079711873003423	0.1303232750292096	0.07496490483513067	0.004855005212957488	0.08890909707286183	0.12233780966578678	0.11453195766728685	0.009025572324687014	0.1303232750292096	0.16429808350053907	0.07085711429923452	0.0045889694658385605	0.08403721804741389	0.07037148396768354	0.06588138078317174	0.005191713991618944	0.07496490483513067	0.07085711429923452	0.3617536081351518	0.0026396793605808645	0.04834011462742563	0.004557518244811393	0.004266722512922382	0.00033623464938599044	0.004855005212957488	0.0045889694658385605	0.0026396793605808645	0.6756251854812382	0.0031306850722650536	0.08346125581035976	0.07813595031204817	0.006157422653581083	0.08890909707286183	0.08403721804741389	0.04834011462742563	0.0031306850722650536	0.3078282564040418
0.19104947276977496	0.11299643154103933	0.0005157803409425463	0.12116905373263455	0.11309654848862603	0.08792908125113764	0.015309318480386766	0.057934313395463274	0.11299643154103933	0.16914625890567786	0.0005443120501420632	0.12787182995470323	0.11935277342936294	0.09279310334987369	0.016156192601503843	0.061139098167702514	0.0005157803409425463	0.0005443120501420632	0.6970350524095389	0.0005836801671655469	0.0005447943207788581	0.00042356079594895975	7.374610343611251e-5	0.00027907381204692635	0.12116905373263455	0.12787182995470323	0.0005836801671655469	0.1400000384022901	0.12798512678295518	0.09950449206650527	0.017324711433346608	0.06556106746040544	0.11309654848862603	0.11935277342936294	0.0005447943207788581	0.12798512678295518	0.16878166136706776	0.09287531977155875	0.016170507289727406	0.06119326854992852	0.08792908125113764	0.09279310334987369	0.00042356079594895975	0.09950449206650527	0.09287531977155875	0.2663264911023876	0.012572071105189818	0.04757588055740249	0.015309318480386766	0.016156192601503843	7.374610343611251e-5	0.017324711433346608	0.016170507289727406	0.012572071105189818	0.614110023919776	0.008283429066634216	0.057934313395463274	0.061139098167702514	0.00027907381204692635	0.06556106746040544	0.06119326854992852	0.04757588055740249	0.008283429066634216	0.3980338689904195
0.18596931820816798	0.10540346107543784	0.0031736755625352917	0.12299464961398612	0.10510407385300256	0.08620828558545034	0.03714584352414338	0.054000692577277555	0.10540346107543784	0.20336702762355519	0.003038553176124263	0.11775803035528856	0.1006291636106987	0.08253788227951066	0.03556432237513744	0.05170155950424816	0.0031736755625352917	0.003038553176124263	0.6820994249316468	0.0035456689886434645	0.0030299224918342036	0.0024851978986384494	0.0010708341041981476	0.0015567228463794077	0.12299464961398612	0.11775803035528856	0.0035456689886434645	0.14013513305744016	0.11742355130433707	0.09631294653202335	0.0414997887608095	0.06033023138747291	0.10510407385300256	0.1006291636106987	0.0030299224918342036	0.11742355130433707	0.20449183395505993	0.08230344228039464	0.03546330573313112	0.05155470677154264	0.08620828558545034	0.08253788227951066	0.0024851978986384494	0.09631294653202335	0.08230344228039464	0.27877847847016396	0.02908765261298735	0.04228611434083182	0.03714584352414338	0.03556432237513744	0.0010708341041981476	0.0414997887608095	0.03546330573313112	0.02908765261298735	0.5019478071878675	0.018220445701725863	0.054000692577277555	0.05170155950424816	0.0015567228463794077	0.06033023138747291	0.05155470677154264	0.04228611434083182	0.018220445701725863	0.4203495268705222
0.36639704398640305	0.07301461949435645	0.000321898700049882	0.07305376858488587	0.05406563090966989	0.0681451568595294	0.05951574919223279	0.005486132272873233	0.07301461949435645	0.1415733521819833	0.0005996181678469936	0.13608121706114223	0.10071098312768699	0.12693767976517176	0.1108632140582044	0.010219316143608997	0.000321898700049882	0.0005996181678469936	0.6969410963227496	0.0005999396720347671	0.0004440033348671194	0.0005596286659675779	0.0004887613567779554	4.5053779706141906e-5	0.07305376858488587	0.13608121706114223	0.0005999396720347671	0.14134689836194156	0.10076498249689657	0.12700574140476034	0.11092265686614622	0.010224795552193544	0.05406563090966989	0.10071098312768699	0.0004440033348671194	0.10076498249689657	0.2603611917312896	0.09399440537033973	0.08209163663715177	0.007567166392099064	0.0681451568595294	0.12693767976517176	0.0005596286659675779	0.12700574140476034	0.09399440537033973	0.17035004679224286	0.10346956766010212	0.009537773481887188	0.05951574919223279	0.1108632140582044	0.0004887613567779554	0.11092265686614622	0.08209163663715177	0.10346956766010212	0.22431843510012126	0.008329979129264371	0.005486132272873233	0.010219316143608997	4.5053779706141906e-5	0.010224795552193544	0.007567166392099064	0.009537773481887188	0.008329979129264371	0.6485897832483675
0.5484598192889	0.036071243950814354	0.0025857397788161263	0.0361324082619354	0.013651044581573296	0.03015861200822223	0.03291307289260015	2.8059237137223015e-5	0.036071243950814354	0.1625441147018355	0.011227696798756697	0.15689271128421256	0.05927502481258559	0.130953529923531	0.14291384082070488	0.0001218377075536172	0.0025857397788161263	0.011227696798756697	0.6510500344158179	0.011246735075925857	0.004249085220271566	0.00938730452327573	0.010244670343428776	8.733843706935465e-6	0.0361324082619354	0.15689271128421256	0.011246735075925857	0.1618988116341526	0.05937553468311539	0.13117558166251633	0.14315617309611467	0.00012204430202153313	0.013651044581573296	0.05927502481258559	0.004249085220271566	0.05937553468311539	0.45975898872338655	0.04955893613034533	0.05408527676582296	4.610908289714163e-5	0.03015861200822223	0.130953529923531	0.00938730452327573	0.13117558166251633	0.04955893613034533	0.2291761059468378	0.1194880631728023	0.00010186663246466249	0.03291307289260015	0.14291384082070488	0.010244670343428776	0.14315617309611467	0.05408527676582296	0.1194880631728023	0.19708773254369377	0.00011117036482710403	2.8059237137223015e-5	0.0001218377075536172	8.733843706935465e-6	0.00012204430202153313	4.610908289714163e-5	0.00010186663246466249	0.00011117036482710403	0.6994601788293918
0.6628982840680945	0.009361647147802361	0.00040336432910868596	0.009365257832011522	0.001091478597130738	0.008008773308151619	0.008871065973605782	1.2874409507614493e-7	0.009361647147802361	0.1783968303786157	0.007448429910619923	0.17293662707052693	0.020154984570981978	0.147888105990001	0.16381099757357076	2.3773578856113167e-6	0.00040336432910868596	0.007448429910619923	0.6703982376290587	0.007451302688010133	0.0008684157500615186	0.006372039632984292	0.007058107627181734	1.0243297503537759e-7	0.009365257832011522	0.17293662707052693	0.007451302688010133	0.17826235353286682	0.02016275812657293	0.14794514480385398	0.16387417767135565	2.378274806366989e-6	0.001091478597130738	0.020154984570981978	0.0008684157500615186	0.02016275812657293	0.621380948912577	0.017242339933329003	0.019098796932136033	2.7717721132801647e-7	0.008008773308151619	0.147888105990001	0.006372039632984292	0.14794514480385398	0.017242339933329003	0.232403280855549	0.14013828167587758	2.033800257327285e-6	0.008871065973605782	0.16381099757357076	0.007058107627181734	0.16387417767135565	0.019098796932136033	0.14013828167587758	0.197146319769782	2.2527764946877674e-6	1.2874409507614493e-7	2.3773578856113167e-6	1.0243297503537759e-7	2.378274806366989e-6	2.7717721132801647e-7	2.033800257327285e-6	2.2527764946877674e-6	0.6999904494362745
0.33537501457080626	0.07219362404035702	0.0548067842202803	0.07227015966159078	0.03137265893561334	0.06535304360355154	0.06854209443895617	8.662052884427667e-5	0.07219362404035702	0.12908437169565848	0.09346928162488574	0.12325189303818157	0.053503958225107	0.1114552171693272	0.11689392872467903	0.0001477254818035158	0.0548067842202803	0.09346928162488574	0.2440707470541805	0.09356837250209998	0.04061826695021016	0.08461276350677557	0.08874163630700907	0.00011214783455830232	0.07227015966159078	0.12325189303818157	0.09356837250209998	0.12860978377272406	0.05356068011344072	0.1115733757241745	0.11701785309573424	0.00014788209205368925	0.03137265893561334	0.053503958225107	0.04061826695021016	0.05356068011344072	0.42164820970557165	0.04843428434751184	0.05079774573268694	6.41959898581916e-5	0.06535304360355154	0.1114552171693272	0.08461276350677557	0.1115733757241745	0.04843428434751184	0.17261973844965078	0.10581784918656946	0.0001337280124386603	0.06854209443895617	0.11689392872467903	0.08874163630700907	0.11701785309573424	0.05079774573268694	0.10581784918656946	0.15204863893852033	0.0001402535758442694	8.662052884427667e-5	0.0001477254818035158	0.00011214783455830232	0.00014788209205368925	6.41959898581916e-5	0.0001337280124386603	0.0001402535758442694	0.699167446484599
0.2936662785042444	0.08473278254299482	0.034184705429194315	0.08342944267476002	0.05201900265318468	0.07209545855570679	0.07545284320926092	0.004419486430653593	0.08473278254299482	0.13089423220308097	0.05148662772155985	0.1256556287989586	0.07834740684247798	0.1085851695507884	0.1136418290014208	0.006656323338718023	0.034184705429194315	0.05148662772155985	0.43968442441507377	0.05069467244077555	0.03160858104349811	0.04380774387043547	0.04584780922162239	0.0026854358578403473	0.08342944267476002	0.1256556287989586	0.05069467244077555	0.13771527865504962	0.07714228533170026	0.10691493783730999	0.11189381693346444	0.00655393732798114	0.05201900265318468	0.07834740684247798	0.03160858104349811	0.07714228533170026	0.32036707279109355	0.06666241864644103	0.06976679423147773	0.004086438460126484	0.07209545855570679	0.1085851695507884	0.04380774387043547	0.10691493783730999	0.06666241864644103	0.19957777862034898	0.09669291538737507	0.005663577531593802	0.07545284320926092	0.1136418290014208	0.04584780922162239	0.11189381693346444	0.06976679423147773	0.09669291538737507	0.1807766696006848	0.005927322414693402	0.004419486430653593	0.006656323338718023	0.0026854358578403473	0.00655393732798114	0.004086438460126484	0.005663577531593802	0.005927322414693402	0.6640074786383932
0.262065179410353	0.086224794585636	0.04197717179023297	0.0849887690203869	0.05898211866374869	0.0770462893612318	0.0805059660661424	0.008209711102267836	0.086224794585636	0.12362297091889099	0.05850047775023727	0.11844255768212644	0.08219901373520656	0.10737371157443738	0.11219520696031111	0.011441266793153576	0.04197717179023297	0.05850047775023727	0.3893795483394873	0.057661878059439925	0.04001728432212807	0.05227318613138147	0.054620454583237575	0.0055699990238550585	0.0849887690203869	0.11844255768212644	0.057661878059439925	0.13018742510608916	0.08102069741791953	0.10583451796801044	0.11058689760141052	0.01127725714461648	0.05898211866374869	0.08219901373520656	0.04001728432212807	0.08102069741791953	0.2797582401820619	0.07344904708541472	0.07674719368411588	0.007826404909404217	0.0770462893612318	0.10737371157443738	0.05227318613138147	0.10583451796801044	0.07344904708541472	0.17354769872699888	0.10025218873467101	0.01022336041785377	0.0805059660661424	0.11219520696031111	0.054620454583237575	0.11058689760141052	0.07674719368411588	0.10025218873467101	0.154409663486056	0.01068242888405496	0.008209711102267836	0.011441266793153576	0.0055699990238550585	0.01127725714461648	0.007826404909404217	0.01022336041785377	0.01068242888405496	0.6347695717247941
