0.6973752872223146	0.0006163795051753545	1.3499501702817285e-243	0.00047420016050530185	2.2379345110199867e-6	0.0006441955218959274	5.041994584808812e-12	0.0005762975532394695	0.00031140209731644907	0.0006163795051753545	0.1894335991774922	3.427753389018411e-241	0.12040749673789072	0.0005682496860568635	0.1635722141439057	1.2802482940451093e-9	0.14633176354852792	0.07907029592071059	1.3499501702817285e-243	3.427753389018411e-241	0.7	2.6370786075742393e-241	1.2445396935071134e-243	3.58244127981032e-241	2.803907962607242e-249	3.204853299977299e-241	1.731740892520803e-241	0.00047420016050530185	0.12040749673789072	2.6370786075742393e-241	0.27943097390226557	0.00043717237525376843	0.12584125453551684	9.849353221926436e-10	0.1125776330638944	0.06083126823974404	2.2379345110199867e-6	0.0005682496860568635	1.2445396935071134e-243	0.00043717237525376843	0.697580062427825	0.0005938936969886048	4.64829186541969e-12	0.0005312975219876945	0.0002870863527287125	0.0006441955218959274	0.1635722141439057	3.58244127981032e-241	0.12584125453551684	0.0005938936969886048	0.1737744216455467	1.3380234271483954e-9	0.1529354334425469	0.08263858567558396	5.041994584808812e-12	1.2802482940451093e-9	2.803907962607242e-249	9.849353221926436e-10	4.64829186541969e-12	1.3380234271483954e-9	0.6999999945433101	1.1969962550706529e-9	6.467963332720389e-10	0.0005762975532394695	0.14633176354852792	3.204853299977299e-241	0.1125776330638944	0.0005312975219876945	0.1529354334425469	1.1969962550706529e-9	0.213119064223003	0.0739285094498115	0.00031140209731644907	0.07907029592071059	1.731740892520803e-241	0.06083126823974404	0.0002870863527287125	0.08263858567558396	6.467963332720389e-10	0.0739285094498115	0.4029328516173121
0.6988439463341563	0.00030608830817581114	6.967411604732795e-225	0.0002485842990843702	3.8922720562612405e-6	0.00033482570903415915	1.2347351111639637e-20	0.0002626630774930066	1.4172323054963612e-17	0.00030608830817581114	0.2312146190826771	3.8402601123157865e-222	0.13701334476539734	0.0021453213864655305	0.1845474170218834	6.805545969837412e-18	0.14477320943538372	7.811424100430684e-15	6.967411604732795e-225	3.8402601123157865e-222	0.7	3.1188004991466866e-222	4.883341416411085e-224	4.200806697403103e-222	1.5491294080906955e-238	3.29543635784719e-222	1.778094931204274e-235	0.0002485842990843702	0.13701334476539734	3.1188004991466866e-222	0.293543762906779	0.001742285474226379	0.1498769769470117	5.527005865989446e-18	0.11757504560748719	6.3439123056637244e-15	3.8922720562612405e-6	0.0021453213864655305	4.883341416411085e-224	0.001742285474226379	0.6919208026191571	0.0023467369878005396	8.65405038299753e-20	0.001840961260294001	9.933142473461731e-17	0.00033482570903415915	0.1845474170218834	4.200806697403103e-222	0.1498769769470117	0.0023467369878005396	0.2045286592160488	7.444491324400898e-18	0.15836538411820275	8.54480730930418e-15	1.2347351111639637e-20	6.805545969837412e-18	1.5491294080906955e-238	5.527005865989446e-18	8.65405038299753e-20	7.444491324400898e-18	0.7	5.840032437406524e-18	3.151064365207382e-31	0.0002626630774930066	0.14477320943538372	3.29543635784719e-222	0.11757504560748719	0.001840961260294001	0.15836538411820275	5.840032437406524e-18	0.2771827365011246	6.703205052326485e-15	1.4172323054963612e-17	7.811424100430684e-15	1.778094931204274e-235	6.3439123056637244e-15	9.933142473461731e-17	8.54480730930418e-15	3.151064365207382e-31	6.703205052326485e-15	0.6999999999999705
0.6994462516895757	0.00014134738461543583	4.828024030650611e-178	0.00011844014264601995	2.669068196366322e-11	0.00014641922943994408	4.526721351138667e-46	0.00014754152703211796	4.616318721406405e-69	0.00014134738461543583	0.20329115364765582	5.813371570770864e-175	0.14261249606987417	3.213796177214493e-8	0.17630181217752625	5.450576269804688e-43	0.17765315858236363	5.558459495286502e-66	4.828024030650611e-178	5.813371570770864e-175	0.7	4.871236634266147e-175	1.097741229200656e-181	6.021967708537234e-175	1.8617615941821412e-216	6.068125852418277e-175	1.8986114309546717e-239	0.00011844014264601995	0.14261249606987417	4.871236634266147e-175	0.2606772227176723	2.6929573454799538e-8	0.14772973578442636	4.5672371841550115e-43	0.14886207835580526	4.657636484077986e-66	2.669068196366322e-11	3.213796177214493e-8	1.097741229200656e-181	2.6929573454799538e-8	0.6999998740683184	3.329114020220763e-8	1.0292344505124975e-49	3.354631547278222e-8	1.0496060822082904e-72	0.00014641922943994408	0.17630181217752625	6.021967708537234e-175	0.14772973578442636	3.329114020220763e-8	0.1917942677134953	5.646154540458997e-43	0.18402773180396892	5.757908845552929e-66	4.526721351138667e-46	5.450576269804688e-43	1.8617615941821412e-216	4.5672371841550115e-43	1.0292344505124975e-49	5.646154540458997e-43	0.7	5.689432091297345e-43	1.780124715091835e-107	0.00014754152703211796	0.17765315858236363	6.068125852418277e-175	0.14886207835580526	3.354631547278222e-8	0.18402773180396892	5.689432091297345e-43	0.18930945618451162	5.802042988711846e-66	4.616318721406405e-69	5.558459495286502e-66	1.8986114309546717e-239	4.657636484077986e-66	1.0496060822082904e-72	5.757908845552929e-66	1.780124715091835e-107	5.802042988711846e-66	0.7
0.6999855502773923	3.841545110993382e-6	9.120033140258622e-204	1.9602053139294054e-7	7.848092684708241e-15	5.147530662471514e-6	3.5157999678983195e-64	5.264626294977714e-6	3.983794592040376e-105	3.841545110993382e-6	0.32656932342623146	3.2104149011324493e-199	0.006900273554202805	2.7626690948341687e-10	0.18120229267463064	1.2376245165729383e-59	0.18532426852355585	1.4023670007162502e-100	9.120033140258622e-204	3.2104149011324493e-199	0.7	1.6381617727484274e-200	6.558723891684455e-208	4.301839146843017e-199	2.938186661934841e-257	4.399697053647143e-199	3.3292941126051294e-298	1.9602053139294054e-7	0.006900273554202805	1.6381617727484274e-200	0.6743969695353141	1.409692840733585e-11	0.00924611547526909	6.315162477444519e-61	0.009456445400585586	7.155785413053218e-102	7.848092684708241e-15	2.7626690948341687e-10	6.558723891684455e-208	1.409692840733585e-11	0.6999999989608321	3.7018760589912544e-10	2.528407615762704e-68	3.786086051512021e-10	2.8649686211159517e-109	5.147530662471514e-6	0.18120229267463064	4.301839146843017e-199	0.00924611547526909	3.7018760589912544e-10	0.26121866771276847	1.658371817489418e-59	0.24832777623647992	1.8791207515869628e-100	3.5157999678983195e-64	1.2376245165729383e-59	2.938186661934841e-257	6.315162477444519e-61	2.528407615762704e-68	1.658371817489418e-59	0.7	1.6960963323359493e-59	1.2834528070464063e-158	5.264626294977714e-6	0.18532426852355585	4.399697053647143e-199	0.009456445400585586	3.786086051512021e-10	0.24832777623647992	1.6960963323359493e-59	0.25688624483447325	1.9218668462468353e-100	3.983794592040376e-105	1.4023670007162502e-100	3.3292941126051294e-298	7.155785413053218e-102	2.8649686211159517e-109	1.8791207515869628e-100	1.2834528070464063e-158	1.9218668462468353e-100	0.7
0.6999986120440892	1.409929837003614e-7	1.885145473270409e-246	1.1271078892557698e-10	1.8778643392200166e-17	6.207897922158346e-7	7.047363366221176e-75	6.260604241238643e-7	1.1676304467319934e-137	1.409929837003614e-7	0.5590585501443022	2.1307359233779914e-241	1.2739437370813059e-5	2.122506227524765e-12	0.07016642110096197	7.965470305830117e-70	0.0707621483222601	1.3197454378762842e-132	1.885145473270409e-246	2.1307359233779914e-241	0.7	1.7033253755831088e-244	2.8378951220083353e-251	9.38159528527835e-241	1.0650225206538035e-308	9.461246942053044e-241	-0.0	1.1271078892557698e-10	1.2739437370813059e-5	1.7033253755831088e-244	0.6998746011542201	1.6967464984795073e-15	5.6091533570073706e-5	6.36765333118536e-73	5.656776212652195e-5	1.055013842391547e-135	1.8778643392200166e-17	2.122506227524765e-12	2.8378951220083353e-251	1.6967464984795073e-15	0.6999999999791057	9.345360069563068e-12	1.0609090069491166e-79	9.424704081968383e-12	1.7577490947372775e-142	6.207897922158346e-7	0.07016642110096197	9.38159528527835e-241	5.6091533570073706e-5	9.345360069563068e-12	0.3182122893737667	3.5071834968515555e-69	0.3115645771925693	5.810817493572299e-132	7.047363366221176e-75	7.965470305830117e-70	1.0650225206538035e-308	6.36765333118536e-73	1.0609090069491166e-79	3.5071834968515555e-69	0.7	3.536960199815438e-69	6.596587580125811e-200	6.260604241238643e-7	0.0707621483222601	9.461246942053044e-241	5.656776212652195e-5	9.424704081968383e-12	0.3115645771925693	3.536960199815438e-69	0.3176160806532009	5.860152518853629e-132	1.1676304467319934e-137	1.3197454378762842e-132	-0.0	1.055013842391547e-135	1.7577490947372775e-142	5.810817493572299e-132	6.596587580125811e-200	5.860152518853629e-132	0.7
0.6999995974303408	1.2277030434020706e-8	1.4108009184853357e-242	1.0836531202176786e-11	6.753151002298952e-20	1.8801031106677043e-7	7.921338500538672e-85	2.0227148112771843e-7	5.507638766202087e-171	1.2277030434020706e-8	0.6589625105421887	1.4833923635193342e-237	1.1394114805089787e-6	7.1006280866745315e-15	0.019768420621583307	8.328923582759134e-80	0.02126791714771069	5.791029180487554e-166	1.4108009184853357e-242	1.4833923635193342e-237	0.7	1.3093416782451973e-240	8.15960559871518e-249	2.2716654585013096e-236	9.5710873e-314	2.4439783877308305e-236	-0.0	1.0836531202176786e-11	1.1394114805089787e-6	1.3093416782451973e-240	0.6999626391512517	6.267491005241539e-18	1.7448935069014527e-5	7.3516670639674e-83	1.877249136222911e-5	5.1115510989669837e-169	6.753151002298952e-20	7.1006280866745315e-15	8.15960559871518e-249	6.267491005241539e-18	0.6999999999997671	1.0873894159663809e-13	4.5814400268258187e-91	1.169871303771269e-13	3.1854359834590967e-177	1.8801031106677043e-7	0.019768420621583307	2.2716654585013096e-236	1.7448935069014527e-5	1.0873894159663809e-13	0.35451728963301227	1.2754904551727724e-78	0.32569665279992777	8.868375813446921e-165	7.921338500538672e-85	8.328923582759134e-80	9.5710873e-314	7.3516670639674e-83	4.5814400268258187e-91	1.2754904551727724e-78	0.7	1.3722403950517336e-78	3.7364656422144053e-242	2.0227148112771843e-7	0.02126791714771069	2.4439783877308305e-236	1.877249136222911e-5	1.169871303771269e-13	0.32569665279992777	1.3722403950517336e-78	0.35301645528941406	9.54106985305759e-165	5.507638766202087e-171	5.791029180487554e-166	-0.0	5.1115510989669837e-169	3.1854359834590967e-177	8.868375813446921e-165	3.7364656422144053e-242	9.54106985305759e-165	0.7
0.6999999772467036	3.869322474826787e-9	4.5906276664543204e-204	1.6315929049204578e-10	2.4179515632017737e-20	9.199788233384374e-9	2.607288686331945e-102	9.521026372528478e-9	5.309813057483778e-186	3.869322474826787e-9	0.4648284120887678	5.716938532047118e-197	0.002031904354804478	3.011196172868561e-13	0.11456957013185848	3.2469871743212806e-95	0.11857010955494461	6.612576116359704e-179	4.5906276664543204e-204	5.716938532047118e-197	0.7	2.4106846631262013e-198	3.5725325428996684e-208	1.3592721769839882e-196	3.8522788555453414e-290	1.4067352330508841e-196	-0.0	1.6315929049204578e-10	0.002031904354804478	2.4106846631262013e-198	0.6881372000292105	1.2697433059507185e-14	0.004831101542015962	1.3691702540836907e-96	0.004999793910796988	2.788351796701036e-180	2.4179515632017737e-20	3.011196172868561e-13	3.5725325428996684e-208	1.2697433059507185e-14	0.6999999999982293	7.159487817258848e-13	2.0290523121099405e-106	7.409482761196274e-13	4.132219235115164e-190	9.199788233384374e-9	0.11456957013185848	1.3592721769839882e-196	0.004831101542015962	7.159487817258848e-13	0.2986843570589054	7.72010981111315e-95	0.28191496206671346	1.5722209855452236e-178	2.607288686331945e-102	3.2469871743212806e-95	3.8522788555453414e-290	1.3691702540836907e-96	2.0290523121099405e-106	7.72010981111315e-95	0.7	7.989680549786315e-95	4.455791681324076e-272	9.521026372528478e-9	0.11857010955494461	1.4067352330508841e-196	0.004999793910796988	7.409482761196274e-13	0.28191496206671346	7.989680549786315e-95	0.29451512494577503	1.6271197865727403e-178	5.309813057483778e-186	6.612576116359704e-179	-0.0	2.788351796701036e-180	4.132219235115164e-190	1.5722209855452236e-178	4.455791681324076e-272	1.6271197865727403e-178	0.7
0.6999999993275703	1.341887966195256e-10	5.3105625909078665e-185	2.505706084307119e-10	1.0666844746931623e-20	2.5908203156936607e-11	3.476307368384607e-114	2.617620981499172e-10	3.1971340387227595e-186	1.341887966195256e-10	0.41387564658278886	2.8230505325269686e-176	0.13320123385364316	5.670405202409985e-12	0.013772583500706486	1.8479758405159623e-105	0.13915053592300666	1.699569639952855e-177	5.3105625909078665e-185	2.8230505325269686e-176	0.7	5.271479492968334e-176	2.2440801692699667e-186	5.450541964869536e-177	7.313420803207054e-280	5.506924938545684e-176	-0.0	2.505706084307119e-10	0.13320123385364316	5.271479492968334e-176	0.2812455748407413	1.0588342077805029e-11	0.025717531674567962	3.4507234760905767e-105	0.2598356593698968	3.173604723208213e-177	1.0666844746931623e-20	5.670405202409985e-12	2.2440801692699667e-186	1.0588342077805029e-11	0.6999999999715851	1.0948008601845638e-12	1.468980412929343e-115	1.1061259960111049e-11	1.3510103632107278e-187	2.5908203156936607e-11	0.013772583500706486	5.450541964869536e-177	0.025717531674567962	1.0948008601845638e-12	0.633643704871304	3.567938211782995e-106	0.026866179926419303	3.281406244077832e-178	3.476307368384607e-114	1.8479758405159623e-105	7.313420803207054e-280	3.4507234760905767e-105	1.468980412929343e-115	3.567938211782995e-106	0.7	3.604846645397431e-105	4.402920818496398e-281	2.617620981499172e-10	0.13915053592300666	5.506924938545684e-176	0.2598356593698968	1.1061259960111049e-11	0.026866179926419303	3.604846645397431e-105	0.2741476245078623	3.315350656041463e-177	3.1971340387227595e-186	1.699569639952855e-177	-0.0	3.173604723208213e-177	1.3510103632107278e-187	3.281406244077832e-178	4.402920818496398e-281	3.315350656041463e-177	0.7
0.6999999982575285	3.8855542484277715e-10	7.88195204941167e-175	4.046326547111068e-10	3.631131993495282e-16	4.579106629971562e-10	4.357831601343389e-121	4.913724151815701e-10	3.0527465747631943e-216	3.8855542484277715e-10	0.2715632169277354	2.4941857086169248e-166	0.12804302516601843	1.1490449913297343e-7	0.14490245871973534	1.379003733147704e-112	0.15549118389345368	9.660191829474482e-208	7.88195204941167e-175	2.4941857086169248e-166	0.7	2.5973874512974248e-166	2.3308688915982254e-172	2.9393856280167665e-166	2.7973464287695777e-277	3.1541807865643966e-166	-0.0	4.046326547111068e-10	0.12804302516601843	2.5973874512974248e-166	0.25913384601154177	1.1965889432952383e-7	0.15089807733261656	1.4360626714344906e-112	0.16192493142629355	1.0059900892029623e-207	3.631131993495282e-16	1.1490449913297343e-7	2.3308688915982254e-172	1.1965889432952383e-7	0.6999994847124426	1.3541438882400437e-7	1.2887079305631109e-118	1.4530977473044884e-7	9.027652008590548e-214	4.579106629971562e-10	0.14490245871973534	2.9393856280167665e-166	0.15089807733261656	1.3541438882400437e-7	0.2209537302673249	1.6251491379298827e-112	0.1832455978080206	1.1384488704807748e-207	4.357831601343389e-121	1.379003733147704e-112	2.7973464287695777e-277	1.4360626714344906e-112	1.2887079305631109e-118	1.6251491379298827e-112	0.7	1.7439066644748832e-112	1.083254e-318	4.913724151815701e-10	0.15549118389345368	3.1541807865643966e-166	0.16192493142629355	1.4530977473044884e-7	0.1832455978080206	1.7439066644748832e-112	0.1993381410710817	1.2216408488665022e-207	3.0527465747631943e-216	9.660191829474482e-208	-0.0	1.0059900892029623e-207	9.027652008590548e-214	1.1384488704807748e-207	1.083254e-318	1.2216408488665022e-207	0.7
0.6999977686780976	5.202749834204953e-7	8.338414431572691e-215	5.780847820911363e-7	1.799893220754385e-16	5.122707752428677e-7	2.7826423782291943e-123	6.206913615214572e-7	1.5106757018796852e-251	5.202749834204953e-7	0.25180494459916003	2.184178433839905e-209	0.15142450934000376	4.7146708624854276e-11	0.13418507664182977	7.288900691484187e-118	0.16258494909687513	3.957089582976318e-246	8.338414431572691e-215	2.184178433839905e-209	0.7	2.4268710858888503e-209	7.556173333840733e-219	2.1505757824754259e-209	0.0	2.605738751828846e-209	-0.0	5.780847820911363e-7	0.15142450934000376	2.4268710858888503e-209	0.2188296025860555	5.2385364759476395e-11	0.1490949080049864	8.098799100849834e-118	0.18065040193178555	4.396777362330232e-246	1.799893220754385e-16	4.7146708624854276e-11	7.556173333840733e-219	5.2385364759476395e-11	0.6999999997978	4.642137667012086e-11	2.521597877934319e-127	5.6246323002551364e-11	1.3689565981996247e-255	5.122707752428677e-7	0.13418507664182977	2.1505757824754259e-209	0.1490949080049864	4.642137667012086e-11	0.256635853868169	7.176764070697368e-118	0.16008364916781706	3.8962114515862016e-246	2.7826423782291943e-123	7.288900691484187e-118	0.0	8.098799100849834e-118	2.521597877934319e-127	7.176764070697368e-118	0.7	8.695704845250091e-118	-0.0	6.206913615214572e-7	0.16258494909687513	2.605738751828846e-209	0.18065040193178555	5.6246323002551364e-11	0.16008364916781706	8.695704845250091e-118	0.19668037905591287	4.720833019439758e-246	1.5106757018796852e-251	3.957089582976318e-246	-0.0	4.396777362330232e-246	1.3689565981996247e-255	3.8962114515862016e-246	-0.0	4.720833019439758e-246	0.7
0.6999999995086549	1.0378737642987671e-10	1.6637179624074975e-222	1.1975200642129705e-10	2.715722964167199e-20	1.2181114917334263e-10	9.617361252417466e-120	1.459946722387472e-10	4.3157939473416956e-225	1.0378737642987671e-10	0.3089478199099071	1.678718604842474e-213	0.12083173091173739	2.7402088386113128e-11	0.12290943958952517	9.70407462606329e-111	0.14731100945764453	4.3547066015835394e-216	1.6637179624074975e-222	1.678718604842474e-213	0.7	1.936940002356369e-213	4.392571449790566e-223	1.9702457989454272e-213	1.53e-322	2.361404449419274e-213	-0.0	1.1975200642129705e-10	0.12083173091173739	1.936940002356369e-213	0.26738236526945214	3.16170923405879e-11	0.14181543560750287	1.1196760597549458e-110	0.1699704680599426	5.024549910152461e-216	2.715722964167199e-20	2.7402088386113128e-11	4.392571449790566e-223	3.16170923405879e-11	0.6999999998702743	3.216075009196483e-11	2.53918917834848e-120	3.854571769901824e-11	1.1394619583742155e-225	1.2181114917334263e-10	0.12290943958952517	1.9702457989454272e-213	0.14181543560750287	3.216075009196483e-11	0.2623820044529788	1.1389289550673815e-110	0.17289312019602557	5.1109473396317036e-216	9.617361252417466e-120	9.70407462606329e-111	1.53e-322	1.1196760597549458e-110	2.53918917834848e-120	1.1389289550673815e-110	0.7	1.3650438455486606e-110	-0.0	1.459946722387472e-10	0.14731100945764453	2.361404449419274e-213	0.1699704680599426	3.854571769901824e-11	0.17289312019602557	1.3650438455486606e-110	0.20982540210185213	6.125638636059438e-216	4.3157939473416956e-225	4.3547066015835394e-216	-0.0	5.024549910152461e-216	1.1394619583742155e-225	5.1109473396317036e-216	-0.0	6.125638636059438e-216	0.7
0.6999768351021708	5.962361759705169e-6	1.501588817581827e-128	5.193156015606247e-6	4.2666921843946523e-16	5.803114033826243e-6	5.958920548410278e-66	6.206266019497027e-6	3.5933773602067625e-108	5.962361759705169e-6	0.20268253693506194	4.340972664146677e-124	0.15012996927281075	1.2334664404742178e-11	0.16776336566180455	1.7226760685477288e-61	0.1794181657562249	1.0388165328602727e-103	1.501588817581827e-128	4.340972664146677e-124	0.7	3.7809427225211392e-124	3.1064190475589877e-134	4.225030349217077e-124	4.3384672468699816e-184	4.518550236104964e-124	2.616203699352929e-226	5.193156015606247e-6	0.15012996927281075	3.7809427225211392e-124	0.24747328014508463	1.0743366342994016e-11	0.14612017296113067	1.5004332089976924e-61	0.15627138445421193	9.047985587176637e-104	4.2666921843946523e-16	1.2334664404742178e-11	3.1064190475589877e-134	1.0743366342994016e-11	0.6999999999520771	1.2005219910245077e-11	1.2327545382418652e-71	1.2839242508632405e-11	7.43381659886744e-114	5.803114033826243e-6	0.16776336566180455	4.225030349217077e-124	0.14612017296113067	1.2005219910245077e-11	0.21148454236187236	1.676665400728767e-61	0.1746261158891501	1.0110709553306717e-103	5.958920548410278e-66	1.7226760685477288e-61	4.3384672468699816e-184	1.5004332089976924e-61	1.2327545382418652e-71	1.676665400728767e-61	0.7	1.7931461353256054e-61	1.0382169739387801e-163	6.206266019497027e-6	0.1794181657562249	4.518550236104964e-124	0.15627138445421193	1.2839242508632405e-11	0.1746261158891501	1.7931461353256054e-61	0.1896781276215507	1.0813117365594456e-103	3.5933773602067625e-108	1.0388165328602727e-103	2.616203699352929e-226	9.047985587176637e-104	7.43381659886744e-114	1.0110709553306717e-103	1.0382169739387801e-163	1.0813117365594456e-103	0.7
0.699952010587933	1.1506600906580091e-5	3.5569406028467126e-94	9.893275641386924e-6	1.509111463416819e-11	1.274427336302815e-5	4.589809638734642e-31	1.3845247064930769e-5	6.568973200587234e-19	1.1506600906580091e-5	0.2594156918688708	4.295423615741411e-90	0.11947292511165958	1.8224293690928527e-7	0.1539020716994932	5.542734308860756e-27	0.1671976224761294	7.932806804362272e-15	3.5569406028467126e-94	4.295423615741411e-90	0.7	3.6931679626388428e-90	5.6335255488349946e-96	4.75744776528322e-90	1.7133797264754477e-115	5.168442156924836e-90	2.4522031176764914e-103	9.893275641386924e-6	0.11947292511165958	3.6931679626388428e-90	0.3044382933627817	1.5669089622361072e-7	0.13232366616911848	4.7655948763438606e-27	0.14375506538989952	6.82055847444451e-15	1.509111463416819e-11	1.8224293690928527e-7	5.6335255488349946e-96	1.5669089622361072e-7	0.6999992399230351	2.0184534297395016e-7	7.269396020672045e-33	2.1928269763008336e-7	1.0404019208390297e-20	1.274427336302815e-5	0.1539020716994932	4.75744776528322e-90	0.13232366616911848	2.0184534297395016e-7	0.2285795908634505	6.138921631527318e-27	0.18518172514922807	8.786074990492578e-15	4.589809638734642e-31	5.542734308860756e-27	1.7133797264754477e-115	4.7655948763438606e-27	7.269396020672045e-33	6.138921631527318e-27	0.7	6.669261108861533e-27	3.164277046582929e-40	1.3845247064930769e-5	0.1671976224761294	5.168442156924836e-90	0.14375506538989952	2.1928269763008336e-7	0.18518172514922807	6.669261108861533e-27	0.2038515224549762	9.545101200299033e-15	6.568973200587234e-19	7.932806804362272e-15	2.4522031176764914e-103	6.82055847444451e-15	1.0404019208390297e-20	8.786074990492578e-15	3.164277046582929e-40	9.545101200299033e-15	0.6999999999999669
0.6907663876278288	0.002370920494502766	1.2749801949143972e-100	0.002096813667048855	2.267554273420681e-10	0.002239227576873255	6.975105998868209e-18	0.0025266503712092435	3.578166720233034e-11	0.002370920494502766	0.2131212898427135	9.001392560140397e-99	0.14803557747688378	1.600899076542432e-8	0.15809003568311447	4.924442551722806e-16	0.1783821579676056	2.5261947929010845e-9	1.2749801949143972e-100	9.001392560140397e-99	0.7	7.960723687840327e-99	8.608954291722951e-106	8.50140968356483e-99	2.6481557433063775e-113	9.592633707546e-99	1.35848010800558e-106	0.002096813667048855	0.14803557747688378	7.960723687840327e-99	0.2522956174167169	1.415815954623166e-8	0.13981293266188385	4.3551179674689305e-16	0.15775904238517555	2.2341363954060105e-9	2.267554273420681e-10	1.600899076542432e-8	8.608954291722951e-106	1.415815954623166e-8	0.6999999374258095	1.5119770436404062e-8	4.709749136786446e-23	1.7060514072036728e-8	2.4160589996238045e-16	0.002239227576873255	0.15809003568311447	8.50140968356483e-99	0.13981293266188385	1.5119770436404062e-8	0.23138387600932547	4.650914101975572e-16	0.16847391056316072	2.385877155279334e-9	6.975105998868209e-18	4.924442551722806e-16	2.6481557433063775e-113	4.3551179674689305e-16	4.709749136786446e-23	4.650914101975572e-16	0.6999999999999981	5.24789617794352e-16	7.431913678728983e-24	0.0025266503712092435	0.1783821579676056	9.592633707546e-99	0.15775904238517555	1.7060514072036728e-8	0.16847391056316072	5.24789617794352e-16	0.1928582189602173	2.6921235975772355e-9	3.578166720233034e-11	2.5261947929010845e-9	1.35848010800558e-106	2.2341363954060105e-9	2.4160589996238045e-16	2.385877155279334e-9	7.431913678728983e-24	2.6921235975772355e-9	0.6999999901258861
0.6762416165006575	0.00604395676520178	2.1521012149521202e-154	0.005652565365075094	6.025103120196706e-8	0.005935686332456612	4.503398131012176e-20	0.006126114785577976	1.2422864323877043e-25	0.00604395676520178	0.1862508475107501	6.168040236094173e-153	0.1620056267182174	1.726827633096087e-6	0.17012002908163015	1.290698628774873e-18	0.17557781309656967	3.560461118875265e-24	2.1521012149521202e-154	6.168040236094173e-153	0.7	5.768613503272063e-153	6.1487995225176175e-158	6.057546992761179e-153	4.595853668438187e-170	6.251884974745494e-153	1.2677907863004757e-175	0.005652565365075094	0.1620056267182174	5.768613503272063e-153	0.2090288713096059	1.615002629815746e-6	0.15910348496020169	1.207116240104208e-18	0.16420783664427224	3.329894634608448e-24	6.025103120196706e-8	1.726827633096087e-6	6.1487995225176175e-158	1.615002629815746e-6	0.6999931517240547	1.6958935310872705e-6	1.2866723965067069e-23	1.7503011199818509e-6	3.549354542075092e-29	0.005935686332456612	0.17012002908163015	6.057546992761179e-153	0.15910348496020169	1.6958935310872705e-6	0.1924065622751894	1.2675772689587947e-18	0.17243254145699313	3.496679612638745e-24	4.503398131012176e-20	1.290698628774873e-18	4.595853668438187e-170	1.207116240104208e-18	1.2866723965067069e-23	1.2675772689587947e-18	0.7	1.3082436325467314e-18	2.6529266457697903e-41	0.006126114785577976	0.17557781309656967	6.251884974745494e-153	0.16420783664427224	1.7503011199818509e-6	0.17243254145699313	1.3082436325467314e-18	0.1816539437154692	3.608859949065018e-24	1.2422864323877043e-25	3.560461118875265e-24	1.2677907863004757e-175	3.329894634608448e-24	3.549354542075092e-29	3.496679612638745e-24	2.6529266457697903e-41	3.608859949065018e-24	0.7
0.6877627455791888	0.0030277837175366976	1.1021166803832254e-293	0.0030275190613359686	2.8704370708255984e-6	0.0030027237592832766	1.6341499568280777e-16	0.0031083345554036392	6.802289018052919e-5	0.0030277837175366976	0.18875666482316314	6.081922127123993e-292	0.16707065138535349	0.00015840223677134448	0.16570234711333615	9.017895254081009e-15	0.17153037466450496	0.0037537760593191615	1.1021166803832254e-293	6.081922127123993e-292	0.7	6.0813905110795695e-292	5.765859243662968e-295	6.031584081601284e-292	3.2825240204268136e-305	6.243724940298477e-292	1.3663787097595806e-293	0.0030275190613359686	0.16707065138535349	6.0813905110795695e-292	0.18878674868759476	0.00015838839095602813	0.16568786320109868	9.01710700692759e-15	0.1715153813289489	0.0037534479446970723	2.8704370708255984e-6	0.00015840223677134448	5.765859243662968e-295	0.00015838839095602813	0.6993570726865679	0.00015709119417020123	8.549256899761572e-18	0.00016261635312913707	3.5587013345238237e-6	0.0030027237592832766	0.16570234711333615	6.031584081601284e-292	0.16568786320109868	0.00015709119417020123	0.19161659259328875	8.943257136010656e-15	0.17011067483476175	0.0037227073040463233	1.6341499568280777e-16	9.017895254081009e-15	3.2825240204268136e-305	9.01710700692759e-15	8.549256899761572e-18	8.943257136010656e-15	0.6999999999999634	9.257806385878598e-15	2.02598123166779e-16	0.0031083345554036392	0.17153037466450496	6.243724940298477e-292	0.1715153813289489	0.00016261635312913707	0.17011067483476175	9.257806385878598e-15	0.17971897714255494	0.0038536411206812797	6.802289018052919e-5	0.0037537760593191615	1.3663787097595806e-293	0.0037534479446970723	3.5587013345238237e-6	0.0037227073040463233	2.02598123166779e-16	0.0038536411206812797	0.6848448459797407
0.6999541948360273	1.1380820530425033e-5	-0.0	1.1377414348049184e-5	6.930303563238248e-11	1.1242626439693603e-5	1.47461107717446e-29	1.177162565189638e-5	3.260769958499659e-8	1.1380820530425033e-5	0.19380312819902284	-0.0	0.16729678744679732	1.0190518572083551e-6	0.1653148271028437	2.1683107285887686e-25	0.17309338434406657	0.00047947303488472825	-0.0	-0.0	0.7	-0.0	-0.0	-0.0	-0.0	-0.0	-0.0	1.1377414348049184e-5	0.16729678744679732	-0.0	0.19390455809956583	1.0187468636916913e-6	0.16526534978712307	2.1676617717082583e-25	0.17304157897260394	0.00047932953270079067	6.930303563238248e-11	1.0190518572083551e-6	-0.0	1.0187468636916913e-6	0.699995898489446	1.0066777981992884e-6	1.3203838447653004e-30	1.0540450006093296e-6	2.9197312032599037e-9	1.1242626439693603e-5	0.1653148271028437	-0.0	0.16526534978712307	1.0066777981992884e-6	0.19794236263188233	2.1419815435568587e-25	0.1709915602447316	0.00047365092918426533	1.47461107717446e-29	2.1683107285887686e-25	-0.0	2.1676617717082583e-25	1.3203838447653004e-30	2.1419815435568587e-25	0.7	2.2427681840427403e-25	6.212524365508744e-28	1.177162565189638e-5	0.17309338434406657	-0.0	0.17304157897260394	1.0540450006093296e-6	0.1709915602447316	2.2427681840427403e-25	0.18236471314537073	0.0004959376225776303	3.260769958499659e-8	0.00047947303488472825	-0.0	0.00047932953270079067	2.9197312032599037e-9	0.00047365092918426533	6.212524365508744e-28	0.0004959376225776303	0.6980715733532218
0.699990939850397	1.9941222068922874e-6	-0.0	2.5223494767587457e-6	2.7118556972106203e-11	2.0207302172103172e-6	2.134439341855848e-30	2.5146428216893576e-6	8.277762002222871e-9	1.9941222068922874e-6	0.2710255429203697	-0.0	0.15312967340938533	1.646344335206338e-6	0.12267679838224434	1.2957998181541876e-25	0.15266180898983206	0.0005025358316286347	-0.0	-0.0	0.7	-0.0	-0.0	-0.0	-0.0	-0.0	-0.0	2.5223494767587457e-6	0.15312967340938533	-0.0	0.19795643186918951	2.082447985444223e-6	0.15517291625377613	1.6390469861919746e-25	0.19310072005398707	0.000635653616202608	2.7118556972106203e-11	1.646344335206338e-6	-0.0	2.082447985444223e-6	0.6999925199492013	1.668311869044933e-6	1.7621899536349375e-30	2.0760853824537823e-6	6.834108026801597e-9	2.0207302172103172e-6	0.12267679838224434	-0.0	0.15517291625377613	1.668311869044933e-6	0.2669385460277823	1.3130899595569458e-25	0.15469880901657612	0.0005092412775370843	2.134439341855848e-30	1.2957998181541876e-25	-0.0	1.6390469861919746e-25	1.7621899536349375e-30	1.3130899595569458e-25	0.7	1.6340391274945615e-25	5.378969483480319e-28	2.5146428216893576e-6	0.15266180898983206	-0.0	0.19310072005398707	2.0760853824537823e-6	0.15469880901657612	1.6340391274945615e-25	0.19890035973811512	0.000633711473288305	8.277762002222871e-9	0.0005025358316286347	-0.0	0.000635653616202608	6.834108026801597e-9	0.0005092412775370843	5.378969483480319e-28	0.000633711473288305	0.6977188426894734
0.6977154543746537	0.0005170446168750076	1.0239337332789328e-176	0.0007217901155006749	1.5645840694896396e-9	0.000436988934648058	1.4299740609652202e-24	0.000608720393738496	3.51412968571473e-24	0.0005170446168750076	0.3133651051029614	2.2368252692819903e-174	0.1576780134296113	3.417898120558463e-7	0.09546202646212824	3.1238370316621346e-22	0.1329774685986083	7.676760541299001e-22	1.0239337332789328e-176	2.2368252692819903e-174	0.7	3.122590037254321e-174	6.768663802560209e-180	1.8904904132358258e-174	6.186317407803188e-195	2.633430683160384e-174	1.5202738456207373e-194	0.0007217901155006749	0.1576780134296113	3.122590037254321e-174	0.2227000264427213	4.771358212987288e-7	0.1332642190967536	4.360851304315526e-22	0.18563547377958656	1.0716695807152625e-21	1.5645840694896396e-9	3.417898120558463e-7	6.768663802560209e-180	4.771358212987288e-7	0.6999984882487519	2.8886939534649624e-7	9.452773505234857e-28	4.023916354219334e-7	2.322998220307678e-27	0.000436988934648058	0.09546202646212824	1.8904904132358258e-174	0.1332642190967536	2.8886939534649624e-7	0.3584483375122248	2.6401632894481687e-22	0.11238813912484673	6.488142997727928e-22	1.4299740609652202e-24	3.1238370316621346e-22	6.186317407803188e-195	4.360851304315526e-22	9.452773505234857e-28	2.6401632894481687e-22	0.7	3.677716092241912e-22	2.1231375568025022e-42	0.000608720393738496	0.1329774685986083	2.633430683160384e-174	0.18563547377958656	4.023916354219334e-7	0.11238813912484673	3.677716092241912e-22	0.26838979571158006	9.037906104852354e-22	3.51412968571473e-24	7.676760541299001e-22	1.5202738456207373e-194	1.0716695807152625e-21	2.322998220307678e-27	6.488142997727928e-22	2.1231375568025022e-42	9.037906104852354e-22	0.7
0.6968830352244512	0.0007610523999147128	4.709963000808479e-67	0.0008775038721241261	2.9847911373703327e-10	0.0007293516167034249	2.680017405995954e-27	0.000749056588327497	1.309165397005593e-25	0.0007610523999147128	0.24268479495218234	9.127475151779693e-65	0.17005218060160113	5.784250732951303e-8	0.14134163595824725	5.193627269548869e-25	0.14516027824555117	2.5370421442137022e-23	4.709963000808479e-67	9.127475151779693e-65	0.7	1.0524104239472862e-64	3.579728142589526e-71	8.747280422631724e-65	3.214206049715688e-88	8.983606645222175e-65	1.5701119439446547e-86	0.0008775038721241261	0.17005218060160113	1.0524104239472862e-64	0.1987296059115336	6.669320556732217e-8	0.16296884795267674	5.988323589688847e-25	0.16737179496886334	2.925244445111933e-23	2.9847911373703327e-10	5.784250732951303e-8	3.579728142589526e-71	6.669320556732217e-8	0.6999997628018796	5.5433142632081274e-8	2.036902143228451e-31	5.693078585049956e-8	9.950091357747113e-30	0.0007293516167034249	0.14134163595824725	8.747280422631724e-65	0.16296884795267674	5.5433142632081274e-8	0.25584631919851275	4.977292557023617e-25	0.13911378984072104	2.4313645022791487e-23	2.680017405995954e-27	5.193627269548869e-25	3.214206049715688e-88	5.988323589688847e-25	2.036902143228451e-31	4.977292557023617e-25	0.7	5.11176460912402e-25	8.934098502284447e-47	0.000749056588327497	0.14516027824555117	8.983606645222175e-65	0.16737179496886334	5.693078585049956e-8	0.13911378984072104	5.11176460912402e-25	0.247605023425755	2.49705294037672e-23	1.309165397005593e-25	2.5370421442137022e-23	1.5701119439446547e-86	2.925244445111933e-23	9.950091357747113e-30	2.4313645022791487e-23	8.934098502284447e-47	2.49705294037672e-23	0.7
0.6995291562975544	0.0001161601424745189	2.5002438675639277e-72	0.00013050234414361622	4.576989015217854e-11	0.00011671810959550707	6.656600578795778e-28	0.00010746306046208245	8.197592021743116e-23	0.0001161601424745189	0.23242366047515117	3.295231521095566e-69	0.1719973973650433	6.032306956260695e-8	0.1538302718432596	8.77316022455157e-25	0.14163244985101378	1.0804131539956173e-19	2.5002438675639277e-72	3.295231521095566e-69	0.7	3.7020911720493007e-69	1.2984004800065125e-75	3.31105993526283e-69	1.8883447956688363e-92	3.048512653690418e-69	2.3254933277182443e-87	0.00013050234414361622	0.1719973973650433	3.7020911720493007e-69	0.1959287603546188	6.777111164085836e-8	0.17282357483505012	9.85637543534062e-25	0.159119697330046	1.2138109185855647e-19	4.576989015217854e-11	6.032306956260695e-8	1.2984004800065125e-75	6.777111164085836e-8	0.6999997554406296	6.0612827208698e-8	3.45683615060365e-31	5.5806591947722947e-8	4.257087700128785e-26	0.00011671810959550707	0.1538302718432596	3.31105993526283e-69	0.17282357483505012	6.0612827208698e-8	0.2309166031801409	8.81530148615974e-25	0.14231277141913862	1.0856028430246653e-19	6.656600578795778e-28	8.77316022455157e-25	1.8883447956688363e-92	9.85637543534062e-25	3.45683615060365e-31	8.81530148615974e-25	0.7	8.116300717015171e-25	6.191348144914183e-43	0.00010746306046208245	0.14163244985101378	3.048512653690418e-69	0.159119697330046	5.5806591947722947e-8	0.14231277141913862	8.116300717015171e-25	0.2568275625327586	9.995210200205213e-20	8.197592021743116e-23	1.0804131539956173e-19	2.3254933277182443e-87	1.2138109185855647e-19	4.257087700128785e-26	1.0856028430246653e-19	6.191348144914183e-43	9.995210200205213e-20	0.7
0.5101386707916344	0.05043063266239639	4.2947871962691414e-52	0.05385141617152927	1.9881530989037657e-6	0.046546155700013726	6.602350453856188e-21	0.039031136521327496	1.6860858797646058e-19	0.05043063266239639	0.20706408638776033	1.363018375425171e-51	0.17090595279837192	6.309717066583405e-6	0.1477215578448976	2.095359927826038e-20	0.12387146058950844	5.351059159952039e-19	4.2947871962691414e-52	1.363018375425171e-51	0.7	1.4554739036457437e-51	5.373498336032099e-56	1.2580303314700682e-51	1.7844560963267278e-70	1.0549174873224734e-51	4.557083493377828e-69	0.05385141617152927	0.17090595279837192	1.4554739036457437e-51	0.1852203235546956	6.737714395769344e-6	0.15774172698301034	2.237491253736407e-20	0.13227384277799828	5.714029322418539e-19	1.9881530989037657e-6	6.309717066583405e-6	5.373498336032099e-56	6.737714395769344e-6	0.6999742572624102	5.8237039176234115e-6	8.260646583028907e-25	4.883449110889346e-6	2.1095759243188702e-23	0.046546155700013726	0.1477215578448976	1.2580303314700682e-51	0.15774172698301034	5.8237039176234115e-6	0.23365461562103534	1.933962441063807e-20	0.11433012014712635	4.938887728942418e-19	6.602350453856188e-21	2.095359927826038e-20	1.7844560963267278e-70	2.237491253736407e-20	8.260646583028907e-25	1.933962441063807e-20	0.7	1.6217182907816157e-20	7.005576969424805e-38	0.039031136521327496	0.12387146058950844	1.0549174873224734e-51	0.13227384277799828	4.883449110889346e-6	0.11433012014712635	1.6217182907816157e-20	0.2904885565149294	4.1414892016915546e-19	1.6860858797646058e-19	5.351059159952039e-19	4.557083493377828e-69	5.714029322418539e-19	2.1095759243188702e-23	4.938887728942418e-19	7.005576969424805e-38	4.1414892016915546e-19	0.7
0.18104672710746628	0.11130224814392539	1.3618308620551079e-37	0.12166183673115429	1.061214048701594e-5	0.10044859112202079	3.010088960320269e-8	0.06464653646373315	0.12088341819031875	0.11130224814392539	0.17597191967315415	1.3787841602524928e-37	0.12317639294721203	1.0744249978144249e-5	0.10169906573399204	3.0475612611520747e-8	0.06545131482544828	0.12238828395067244	1.3618308620551079e-37	1.3787841602524928e-37	0.7	1.5071161291839158e-37	1.3146051812853999e-41	1.2443317962421619e-37	3.7288222373314157e-44	8.008249786304537e-38	1.4974732767523725e-37	0.12166183673115429	0.12317639294721203	1.5071161291839158e-37	0.13866217404807324	1.1744283771783235e-5	0.11116482674312586	3.3312166354719783e-8	0.07154327348209691	0.13377971845239428	1.061214048701594e-5	1.0744249978144249e-5	1.3146051812853999e-41	1.1744283771783235e-5	0.6999392931869937	9.696522675551142e-6	2.9057048519193272e-12	6.240471864408381e-6	1.1669141323810896e-5	0.10044859112202079	0.10169906573399204	1.2443317962421619e-37	0.11116482674312586	9.696522675551142e-6	0.21715540294711688	2.7503778238596368e-8	0.05906881910236538	0.11045357032492105	3.010088960320269e-8	3.0475612611520747e-8	3.7288222373314157e-44	3.3312166354719783e-8	2.9057048519193272e-12	2.7503778238596368e-8	0.6999998278047839	1.770083565066613e-8	3.30990279653725e-8	0.06464653646373315	0.06545131482544828	8.008249786304537e-38	0.07154327348209691	6.240471864408381e-6	0.05906881910236538	1.770083565066613e-8	0.36819827368895147	0.07108552426470185	0.12088341819031875	0.12238828395067244	1.4974732767523725e-37	0.13377971845239428	1.1669141323810896e-5	0.11045357032492105	3.30990279653725e-8	0.07108552426470185	0.1413977825766347
