0.47203124197658664	3.986713119418372e-11	0.04222644665320468	0.014162339548185294	0.013963118186767539	0.04646534559851547	0.04615077109961628	0.029158615593842876	0.03584212130341513	3.986713119418372e-11	0.6999999994026755	1.0325731631705858e-10	3.463149969796416e-11	3.4144339049520946e-11	1.1362279491928866e-10	1.1285355854936908e-10	7.130224379210108e-11	8.764557641556242e-11	0.04222644665320468	1.0325731631705858e-10	0.17669422749318775	0.036680973290847275	0.0361649827363017	0.12034693103142895	0.11953217166537625	0.07552187236838871	0.09283239465800991	0.014162339548185294	3.463149969796416e-11	0.036680973290847275	0.5001098015601795	0.012129383499212651	0.04036319027378505	0.040089927906082914	0.025329301529439994	0.031135082357636665	0.013963118186767539	3.4144339049520946e-11	0.0361649827363017	0.012129383499212651	0.5027510293775261	0.03979540204288236	0.03952598365171621	0.024972994725942794	0.030697105745507134	0.04646534559851547	1.1362279491928866e-10	0.12034693103142895	0.04036319027378505	0.03979540204288236	0.13624323188463264	0.1315314005032737	0.08310313033592275	0.1021513682159389	0.04615077109961628	1.1285355854936908e-10	0.11953217166537625	0.040089927906082914	0.03952598365171621	0.1315314005032737	0.139169435847537	0.08254051479426171	0.10145979441928513	0.029158615593842876	7.130224379210108e-11	0.07552187236838871	0.025329301529439994	0.024972994725942794	0.08310313033592275	0.08254051479426171	0.31527004482796134	0.06410352575293932	0.03584212130341513	8.764557641556242e-11	0.09283239465800991	0.031135082357636665	0.030697105745507134	0.1021513682159389	0.10145979441928513	0.06410352575293932	0.24177860745962437
0.5972108119053359	2.6748565903040568e-11	0.020959591137212567	0.010980407183686319	4.7572774409661873e-7	0.02246180333644083	0.022215128265439817	0.009579354146046881	0.016592428271346004	2.6748565903040568e-11	0.6999999991705583	1.6367597204506227e-10	8.57473224298524e-11	3.715015261226801e-15	1.7540692806977677e-10	1.734806127251185e-10	7.480633048391791e-11	1.29572271144107e-10	0.020959591137212567	1.6367597204506227e-10	0.1783205245663339	0.06718972619897154	2.911004695581365e-6	0.1374450319431541	0.135935613375754	0.05861660423596363	0.101529997374245	0.010980407183686319	8.57473224298524e-11	0.06718972619897154	0.39471008974981797	1.5250305534040652e-6	0.0720053366609381	0.07121457550666901	0.030708336723856068	0.05319000285976362	4.7572774409661873e-7	3.715015261226801e-15	2.911004695581365e-6	1.5250305534040652e-6	0.6999852483055925	3.1196417218041318e-6	3.0853818793641748e-6	1.3304431712062398e-6	2.3044646383025174e-6	0.02246180333644083	1.7540692806977677e-10	0.1374450319431541	0.0720053366609381	3.1196417218041318e-6	0.15078173983544554	0.14567836720075972	0.0628177633799635	0.10880683782617605	0.022215128265439817	1.734806127251185e-10	0.135935613375754	0.07121457550666901	3.0853818793641748e-6	0.14567836720075972	0.15521340679724693	0.062127899970077005	0.10761192332870008	0.009579354146046881	7.480633048391791e-11	0.05861660423596363	0.030708336723856068	1.3304431712062398e-6	0.0628177633799635	0.062127899970077005	0.42974552525173926	0.04640318577437902	0.016592428271346004	1.29572271144107e-10	0.101529997374245	0.05319000285976362	2.3044646383025174e-6	0.10880683782617605	0.10761192332870008	0.04640318577437902	0.2658633199711845
0.5643034233957285	3.734944794590717e-9	0.02606630720149942	0.00019539299232039983	7.34133599645878e-8	0.03015671723452171	0.02987117200865181	0.023412691038767204	0.02599421898020581	3.734944794590717e-9	0.6999999137452562	1.585144256728669e-8	1.1882238522988568e-10	4.4644131988257515e-14	1.833890269019111e-8	1.8165256929276448e-8	1.4237725523517875e-8	1.580760427861848e-8	0.02606630720149942	1.585144256728669e-8	0.2086529417707897	0.0008292654821305095	3.1157292092659415e-7	0.12798782781294332	0.12677594812069323	0.09936557238654306	0.11032180980103586	0.00019539299232039983	1.1882238522988568e-10	0.0008292654821305095	0.6954938140177637	2.335550059900797e-9	0.0009593965291531804	0.0009503122811401958	0.0007448441534947886	0.0008269720896248179	7.34133599645878e-8	4.4644131988257515e-14	3.1157292092659415e-7	2.335550059900797e-9	0.6999983045940988	3.6046596096959995e-7	3.570528131311592e-7	2.7985400760108336e-7	3.107112439157607e-7	0.03015671723452171	1.833890269019111e-8	0.12798782781294332	0.0009593965291531804	3.6046596096959995e-7	0.1516334249594303	0.14667004382554888	0.11495834243582487	0.12763386839771257	0.02987117200865181	1.8165256929276448e-8	0.12677594812069323	0.0009503122811401958	3.570528131311592e-7	0.14667004382554888	0.15543697313229465	0.11386983516889695	0.1264253402447028	0.023412691038767204	1.4237725523517875e-8	0.09936557238654306	0.0007448441534947886	2.7985400760108336e-7	0.11495834243582487	0.11386983516889695	0.24855765087603882	0.09909076984870008	0.02599421898020581	1.580760427861848e-8	0.11032180980103586	0.0008269720896248179	3.107112439157607e-7	0.12763386839771257	0.1264253402447028	0.09909076984870008	0.20970669411916856
0.15884406832586037	2.729916723876622e-5	0.07841198927291579	7.663295371207483e-5	1.4736520278942846e-6	0.1266460680842651	0.12584413964776847	0.0990682549864457	0.11108007390975888	2.729916723876622e-5	0.6998500051401354	1.777916147115195e-5	1.7375782334971338e-8	3.341363686748454e-10	2.8715773123924525e-5	2.853394359386175e-5	2.246277027788223e-5	2.5186334240231408e-5	0.07841198927291579	1.777916147115195e-5	0.32021620697236175	4.990883590483723e-5	9.597471280741941e-7	0.08248093703602719	0.08195866413897944	0.06452030154121569	0.07234325329399141	7.663295371207483e-5	1.7375782334971338e-8	4.990883590483723e-5	0.6995789728001816	9.379720872151207e-10	8.060958392486132e-5	8.009916051747614e-5	6.305644490522989e-5	7.070190709948298e-5	1.4736520278942846e-6	3.341363686748454e-10	9.597471280741941e-7	9.379720872151207e-10	0.6999919027252105	1.5501226439072903e-6	1.5403071995985142e-6	1.2125757054272933e-6	1.359597976147558e-6	0.1266460680842651	2.8715773123924525e-5	0.08248093703602719	8.060958392486132e-5	1.5501226439072903e-6	0.13733436046254727	0.13237443221231812	0.10420909579740169	0.11684423092774034	0.12584413964776847	2.853394359386175e-5	0.08195866413897944	8.009916051747614e-5	1.5403071995985142e-6	0.13237443221231812	0.1400589831875015	0.10354923924973586	0.11610436815237817	0.0990682549864457	2.246277027788223e-5	0.06452030154121569	6.305644490522989e-5	1.2125757054272933e-6	0.10420909579740169	0.10354923924973586	0.23716555986719925	0.09140081676710743	0.11108007390975888	2.5186334240231408e-5	0.07234325329399141	7.070190709948298e-5	1.359597976147558e-6	0.11684423092774034	0.11610436815237817	0.09140081676710743	0.1921300091097013
0.15768153576571503	1.4512437603253495e-5	0.0005048210026875694	2.0349647610907465e-10	9.070917315079218e-8	0.14631828004482106	0.1407496773376955	0.11844833288867014	0.1362827496101341	1.4512437603253495e-5	0.6999309377639708	5.0779427010608646e-8	2.0469501863994597e-14	9.124342712924003e-12	1.4718005753124623e-5	1.4157865716929328e-5	1.1914596346877798e-5	1.3708542037257165e-5	0.0005048210026875694	5.0779427010608646e-8	0.697599357833288	7.120398886800523e-13	3.1739394601570394e-10	0.0005119717737968491	0.0004924870764325576	0.0004144540454802766	0.0004768571707816614	2.0349647610907465e-10	2.0469501863994597e-14	7.120398886800523e-13	0.6999999990315743	1.279434675037145e-16	2.06378996278509e-10	1.9852459396446926e-10	1.6706899537732567e-10	1.9222408209007894e-10	9.070917315079218e-8	9.124342712924003e-12	3.1739394601570394e-10	1.279434675037145e-16	0.6999995683213195	9.199406528337005e-8	8.849294156308345e-8	7.447151282210791e-8	8.568446923235688e-8	0.14631828004482106	1.4718005753124623e-5	0.0005119717737968491	2.06378996278509e-10	9.199406528337005e-8	0.15207220758543744	0.14274339138879205	0.12012614920822381	0.13821318979272784	0.1407496773376955	1.4157865716929328e-5	0.0004924870764325576	1.9852459396446926e-10	8.849294156308345e-8	0.14274339138879205	0.16749277534871337	0.11555437048397572	0.1329530518072042	0.11844833288867014	1.1914596346877798e-5	0.0004144540454802766	1.6706899537732567e-10	7.447151282210791e-8	0.12012614920822381	0.11555437048397572	0.23355764594503908	0.11188705819367938	0.1362827496101341	1.3708542037257165e-5	0.0004768571707816614	1.9222408209007894e-10	8.568446923235688e-8	0.13821318979272784	0.1329530518072042	0.11188705819367938	0.18017329900673884
0.168351589519872	1.3203025037912272e-6	0.04876179194532568	1.619324129098066e-6	0.013995151716142695	0.1404892526241253	0.1409514136708949	0.055876957089868735	0.13157090380713635	1.3203025037912272e-6	0.6999934875040037	4.762194009918323e-7	1.5814709345287388e-11	1.3668002140947103e-7	1.3720518680992516e-6	1.376565444161041e-6	5.457078169813736e-7	1.2849531261944269e-6	0.04876179194532568	4.762194009918323e-7	0.47706601981350333	5.840733957228336e-7	0.005047905876050017	0.05067301435719331	0.05083971104694615	0.020154238106929515	0.047456258561254704	1.619324129098066e-6	1.5814709345287388e-11	5.840733957228336e-7	0.6999920125598881	1.676352623724134e-7	1.6827936703954906e-6	1.6883294795031667e-6	6.692995226002398e-7	1.5759688374685132e-6	0.013995151716142695	1.3668002140947103e-7	0.005047905876050017	1.676352623724134e-7	0.6324164787341683	0.014543692828974861	0.014591536547808771	0.00578448020011253	0.01362044978145889	0.1404892526241253	1.3720518680992516e-6	0.05067301435719331	1.6827936703954906e-6	0.014543692828974861	0.15302007442830398	0.14647601582444766	0.05806705897982522	0.1367278361115896	0.1409514136708949	1.376565444161041e-6	0.05083971104694615	1.6883294795031667e-6	0.014591536547808771	0.14647601582444766	0.15170255509706138	0.058258079518832204	0.13717762339908368	0.055876957089868735	5.457078169813736e-7	0.020154238106929515	6.692995226002398e-7	0.00578448020011253	0.05806705897982522	0.058258079518832204	0.44747704665842086	0.054380924438670854	0.13157090380713635	1.2849531261944269e-6	0.047456258561254704	1.5759688374685132e-6	0.01362044978145889	0.1367278361115896	0.13717762339908368	0.054380924438670854	0.17906314297884082
0.10188403857226652	0.00013902142512620325	0.09020980255655307	0.0786963942925411	0.08610682943241678	0.09289410167055606	0.09360240653518284	0.0714576998042222	0.08500970571113167	0.00013902142512620325	0.6989713908946026	0.0001342017118480651	0.00011707364977002854	0.00012809787389120336	0.00013819504212927942	0.00013924876049080265	0.00010630491772155133	0.00012646572442038195	0.09020980255655307	0.0001342017118480651	0.1194925622637576	0.07596808060873998	0.08312160446599846	0.08967356976422687	0.09035731851199674	0.06898034335172597	0.08206251676515004	0.0786963942925411	0.00011707364977002854	0.07596808060873998	0.18388653541572603	0.07251285751550157	0.07822860048231702	0.07882508289915632	0.060176434766489276	0.0715889403697557	0.08610682943241678	0.00012809787389120336	0.08312160446599846	0.07251285751550157	0.1421149452908635	0.08559498588242173	0.08624763598396629	0.06584294046595429	0.07833010308898317	0.09289410167055606	0.00013819504212927942	0.08967356976422687	0.07822860048231702	0.08559498588242173	0.10488722138526503	0.09304600713730868	0.07103293485835943	0.08450438377741243	0.09360240653518284	0.00013924876049080265	0.09035731851199674	0.07882508289915632	0.08624763598396629	0.09304600713730868	0.10105903067983057	0.07157455130551905	0.08514871818654532	0.0714576998042222	0.00010630491772155133	0.06898034335172597	0.060176434766489276	0.06584294046595429	0.07103293485835943	0.07157455130551905	0.22582478296101807	0.0650040075689875	0.08500970571113167	0.00012646572442038195	0.08206251676515004	0.0715889403697557	0.07833010308898317	0.08450438377741243	0.08514871818654532	0.0650040075689875	0.1482251588076106
0.14267745042465468	4.3529185825676945e-5	0.04046152952503181	0.0003811890049447463	0.017473342546112002	0.13761076193335842	0.13214143497191844	0.10638911699923728	0.12282164540891728	4.3529185825676945e-5	0.6997817606971177	1.2684917789769318e-5	1.1950490371592734e-7	5.477991472684819e-6	4.3141750265082116e-5	4.14270854047655e-5	3.335358842592873e-5	3.85052787945759e-5	0.04046152952503181	1.2684917789769318e-5	0.5089190774467832	0.0001110829687798986	0.005091937960832794	0.040101397924205764	0.03850757158550337	0.03100304260837819	0.03579167506269536	0.0003811890049447463	1.1950490371592734e-7	0.0001110829687798986	0.6980897857581274	4.797126523181547e-5	0.0003777961968087339	0.00036278072202968896	0.0002920803810650795	0.0003371941981089458	0.017473342546112002	5.477991472684819e-6	0.005091937960832794	4.797126523181547e-5	0.6145885764503751	0.017317819438192418	0.016629524311881555	0.01338868771959683	0.015456662316304742	0.13761076193335842	4.3141750265082116e-5	0.040101397924205764	0.0003777961968087339	0.017317819438192418	0.14641313416531884	0.13096529785919644	0.10544219078401103	0.12172845994864354	0.13214143497191844	4.14270854047655e-5	0.03850757158550337	0.00036278072202968896	0.016629524311881555	0.13096529785919644	0.16321018916116115	0.10125140069734927	0.11689037360555576	0.10638911699923728	3.335358842592873e-5	0.03100304260837819	0.0002920803810650795	0.01338868771959683	0.10544219078401103	0.10125140069734927	0.2480898760637832	0.09411025115815332	0.12282164540891728	3.85052787945759e-5	0.03579167506269536	0.0003371941981089458	0.015456662316304742	0.12172845994864354	0.11689037360555576	0.09411025115815332	0.1928252330228268
0.1457423239705758	0.024886132286018534	0.06924620842165742	1.6171903643972463e-9	3.2044082323545e-7	0.1281462936897223	0.1400898643151534	0.05547934557606589	0.13640950968279345	0.024886132286018534	0.5811401004246802	0.012292551711161647	2.8708281123631925e-10	5.688449201439608e-8	0.022748464900526535	0.024868681485310764	0.009848665218497367	0.02421534680223014	0.06924620842165742	0.012292551711161647	0.39118146762085704	7.988142131798478e-10	1.582823455536318e-7	0.06329810207830563	0.06919765118628446	0.02740412678664201	0.06737973311393235	1.6171903643972463e-9	2.8708281123631925e-10	7.988142131798478e-10	0.6999999919889734	3.696558842974437e-15	1.4782770508147205e-9	1.6160563486156344e-9	6.400016808749509e-10	1.5736003115721398e-9	3.2044082323545e-7	5.688449201439608e-8	1.582823455536318e-7	3.696558842974437e-15	0.6999984126428173	2.9291561807548736e-7	3.2021612182823057e-7	1.268141772339082e-7	3.1180360110028093e-7	0.1281462936897223	0.022748464900526535	0.06329810207830563	1.4782770508147205e-9	2.9291561807548736e-7	0.18234441199878434	0.1280564341885785	0.050713784329209304	0.12469221442097855	0.1400898643151534	0.024868681485310764	0.06919765118628446	1.6160563486156344e-9	3.2021612182823057e-7	0.1280564341885785	0.14603274917039133	0.055440442021591506	0.1363138558005123	0.05547934557606589	0.009848665218497367	0.02740412678664201	6.400016808749509e-10	1.268141772339082e-7	0.050713784329209304	0.055440442021591506	0.44712956373862134	0.053983944875193896	0.13640950968279345	0.02421534680223014	0.06737973311393235	1.5736003115721398e-9	3.1180360110028093e-7	0.12469221442097855	0.1363138558005123	0.053983944875193896	0.1570050819271584
0.15827028829146422	0.0007050813312260086	0.09592534484913881	8.54972772870899e-7	0.0016131215014924083	0.11702025557982637	0.1420659564528665	0.042689092517824094	0.14171000450338977	0.0007050813312260086	0.6965548596969949	0.0004858209534593399	4.330072394852014e-9	8.169772307134317e-6	0.000592657678002158	0.0007195034693551511	0.00021620204401599777	0.0007177007245669782	0.09592534484913881	0.0004858209534593399	0.29690285386749116	5.891003906963095e-7	0.0011114862799417931	0.08063026153450052	0.09788745689526877	0.029413990572210252	0.09764219594759939	8.54972772870899e-7	4.330072394852014e-9	5.891003906963095e-7	0.6999958181412862	9.906563362001055e-9	7.186492619846608e-7	8.724608765561283e-7	2.6216388505323e-7	8.702748908519788e-7	0.0016131215014924083	8.169772307134317e-6	0.0011114862799417931	9.906563362001055e-9	0.6921285514575342	0.0013559128586591342	0.001646117214303525	0.0004946382075701584	0.0016419928016283961	0.11702025557982637	0.000592657678002158	0.08063026153450052	7.186492619846608e-7	0.0013559128586591342	0.22598926836101202	0.11941385503443852	0.035882411471086284	0.11911465883321393	0.1420659564528665	0.0007195034693551511	0.09788745689526877	8.724608765561283e-7	0.001646117214303525	0.11941385503443852	0.15009533651180734	0.04356227971146212	0.14460862224962276	0.042689092517824094	0.00021620204401599777	0.029413990572210252	2.6216388505323e-7	0.0004946382075701584	0.035882411471086284	0.04356227971146212	0.5042879906387622	0.04345313267318424	0.14171000450338977	0.0007177007245669782	0.09764219594759939	8.702748908519788e-7	0.0016419928016283961	0.11911465883321393	0.14460862224962276	0.04345313267318424	0.1511108219919048
0.22216147195605807	0.0013251746640011016	0.05394896713300927	0.0009499157253499619	0.05598083213383317	0.06566291937507816	0.10008483087625132	0.09964722167800488	0.10023866645841532	0.0013251746640011016	0.690850701798941	0.0008858164845776817	1.5597166233043796e-5	0.0009191787453922169	0.0010781540314670898	0.001643345512579927	0.0016361601768411758	0.0016458714199668006	0.05394896713300927	0.0008858164845776817	0.36270094257656305	0.0006349736614598165	0.037420534267386334	0.043892550912738484	0.06690196806107895	0.06660944704317849	0.0670047998600088	0.0009499157253499619	1.5597166233043796e-5	0.0006349736614598165	0.6934371555317168	0.0006588884985313828	0.0007728456456810094	0.001177987918867779	0.0011728373046917197	0.0011797985474684832	0.05598083213383317	0.0009191787453922169	0.037420534267386334	0.0006588884985313828	0.35140670084998293	0.04554566389591377	0.06942167834680879	0.06911814019086356	0.06952838307128885	0.06566291937507816	0.0010781540314670898	0.043892550912738484	0.0007728456456810094	0.04554566389591377	0.29899351707006694	0.08142840851796011	0.0810723723409086	0.08155356821018697	0.10008483087625132	0.001643345512579927	0.06690196806107895	0.001177987918867779	0.06942167834680879	0.08142840851796011	0.13146383213042026	0.12357224978266744	0.12430569885336708	0.09964722167800488	0.0016361601768411758	0.06660944704317849	0.0011728373046917197	0.06911814019086356	0.0810723723409086	0.12357224978266744	0.13340938473552344	0.12376218674732233	0.10023866645841532	0.0016458714199668006	0.0670047998600088	0.0011797985474684832	0.06952838307128885	0.08155356821018697	0.12430569885336708	0.12376218674732233	0.1307810268319771
0.10603444363929343	9.571771780961756e-5	0.09821513523820932	0.06047017922011437	0.08906874124762032	0.09030615190258197	0.10060596688446226	0.058805835170309746	0.0963978289795984	9.571771780961756e-5	0.6993433775554324	9.276331278277282e-5	5.711354095701056e-5	8.412462583777534e-5	8.529334908341911e-5	9.502143179135951e-5	5.554158295587642e-5	9.10468833497659e-5	0.09821513523820932	9.276331278277282e-5	0.12133618264583668	0.05860371807216422	0.08631956227743115	0.08751877924847565	0.09750068208353102	0.056990745351928065	0.09342243176964078	0.06047017922011437	5.711354095701056e-5	0.05860371807216422	0.32119993609438346	0.05314618147659389	0.05388452862631764	0.06003029681092163	0.035088691543930954	0.057519354614616554	0.08906874124762032	8.412462583777534e-5	0.08631956227743115	0.05314618147659389	0.16718629042212713	0.07936849533713683	0.08842082233967147	0.05168341863958574	0.08472236363399532	0.09030615190258197	8.529334908341911e-5	0.08751877924847565	0.05388452862631764	0.07936849533713683	0.16088668484015384	0.08964923161267782	0.052401443976125166	0.08589939110744736	0.10060596688446226	9.502143179135951e-5	0.09750068208353102	0.06003029681092163	0.08842082233967147	0.08964923161267782	0.1096233234411407	0.058378059814209876	0.09569659558159334	0.058805835170309746	5.554158295587642e-5	0.056990745351928065	0.035088691543930954	0.05168341863958574	0.052401443976125166	0.058378059814209876	0.3306600366731836	0.05593622724777063	0.0963978289795984	9.10468833497659e-5	0.09342243176964078	0.057519354614616554	0.08472236363399532	0.08589939110744736	0.09569659558159334	0.05593622724777063	0.13031476018198748
0.1736964409407606	1.0661339153550593e-5	0.09069267515254725	0.009142158581398557	0.08857603951867427	0.09470989810938649	0.10583607985904817	0.03328839029943301	0.1040476561995946	1.0661339153550593e-5	0.69992982644928	1.0255357225181963e-5	1.033778107259544e-6	1.0016012046484727e-5	1.0709617245699523e-5	1.1967744963325632e-5	3.7641886006532602e-6	1.1765513377733813e-5	0.09069267515254725	1.0255357225181963e-5	0.19028442713271132	0.008794026783237732	0.08520307944179019	0.09110336177129061	0.10180586046790886	0.03202077422499732	0.10008553966828818	0.009142158581398557	1.033778107259544e-6	0.008794026783237732	0.6407112204328478	0.008588786939740715	0.009183557318281051	0.01026240894700542	0.0032278130000211254	0.01008899421936003	0.08857603951867427	1.0016012046484727e-5	0.08520307944179019	0.008588786939740715	0.2001919336551215	0.08897714130677803	0.09942985919061689	0.03127345574933399	0.09774968818589469	0.09470989810938649	1.0709617245699523e-5	0.09110336177129061	0.009183557318281051	0.08897714130677803	0.17174204119471276	0.10631534085455031	0.0334391312102341	0.10451881861751762	0.10583607985904817	1.1967744963325632e-5	0.10180586046790886	0.01026240894700542	0.09942985919061689	0.10631534085455031	0.12217372416594913	0.03736744133222519	0.11679731743772878	0.03328839029943301	3.7641886006532602e-6	0.03202077422499732	0.0032278130000211254	0.03127345574933399	0.0334391312102341	0.03736744133222519	0.49264322565738977	0.036736004337763604	0.1040476561995946	1.1765513377733813e-5	0.10008553966828818	0.01008899421936003	0.09774968818589469	0.10451881861751762	0.11679731743772878	0.036736004337763604	0.12996421582047096
0.48066995471451684	3.4759491874615266e-8	0.034428020057401705	0.025902900435391635	0.03249357522190548	0.03164526995730791	0.03643619314617155	0.02252727880111858	0.03589677290669337	3.4759491874615266e-8	0.6999993356120666	9.883216873938591e-8	7.435919412158453e-8	9.327897752827258e-8	9.084375619072747e-8	1.045970109009823e-7	6.46688312600969e-8	1.030485026788812e-7	0.034428020057401705	9.883216873938591e-8	0.13983736266122299	0.07365009350265347	0.09238945496848795	0.08997745627312029	0.10359955784834501	0.06405213941971599	0.1020658164368809	0.025902900435391635	7.435919412158453e-8	0.07365009350265347	0.2603083518989466	0.06951183510811092	0.06769709926352169	0.07794607495935112	0.04819144950236627	0.07679212097046204	0.03249357522190548	9.327897752827258e-8	0.09238945496848795	0.06951183510811092	0.16612064631538412	0.08492179448053327	0.09777849612869678	0.06045317177370073	0.09633093272420043	0.03164526995730791	9.084375619072747e-8	0.08997745627312029	0.06769709926352169	0.08492179448053327	0.17784151908647106	0.09522580648269904	0.058874929197221204	0.09381603441536665	0.03643619314617155	1.045970109009823e-7	0.10359955784834501	0.07794607495935112	0.09777849612869678	0.09522580648269904	0.11320621489176352	0.06778827592847683	0.1080192760174821	0.02252727880111858	6.46688312600969e-8	0.06405213941971599	0.04819144950236627	0.06045317177370073	0.058874929197221204	0.06778827592847683	0.3113279874609262	0.06678470324764108	0.03589677290669337	1.030485026788812e-7	0.1020658164368809	0.07679212097046204	0.09633093272420043	0.09381603441536665	0.1080192760174821	0.06678470324764108	0.12029424023276775
0.6935019656830189	1.5764156868936723e-11	0.0010335604857495213	0.0010860758166591794	0.0010118843846070918	0.0009152975800704156	0.0011262421712539949	0.00023659130416232914	0.0010883825587144258	1.5764156868936723e-11	0.6999999902491446	1.548438364876802e-9	1.6271147019135703e-9	1.5159641100337991e-9	1.3712616801832727e-9	1.687290303912088e-9	3.544514880476667e-10	1.6305705692241591e-9	0.0010335604857495213	1.548438364876802e-9	0.16221709132566742	0.10668007655987044	0.09939260405564947	0.08990534032636294	0.11062542707553383	0.02323924173090881	0.1069066568918168	0.0010860758166591794	1.6271147019135703e-9	0.10668007655987044	0.14031270527692632	0.1044427540603392	0.0944734413353334	0.11624631815060328	0.02442003036051977	0.11233859681263111	0.0010118843846070918	1.5159641100337991e-9	0.09939260405564947	0.1044427540603392	0.1714111275855616	0.08801982198754453	0.10830536165190767	0.022751862268189465	0.10466458249023446	0.0009152975800704156	1.3712616801832727e-9	0.08990534032636294	0.0944734413353334	0.08801982198754453	0.21346450582305126	0.09796735371811716	0.020580142151571317	0.09467409570668511	0.0011262421712539949	1.687290303912088e-9	0.11062542707553383	0.11624631815060328	0.10830536165190767	0.09796735371811716	0.1239129224683285	0.025323156628162834	0.11649321644879979	0.00023659130416232914	3.544514880476667e-10	0.02323924173090881	0.02442003036051977	0.022751862268189465	0.020580142151571317	0.025323156628162834	0.5589770785627889	0.02447189663924447	0.0010883825587144258	1.6305705692241591e-9	0.1069066568918168	0.11233859681263111	0.10466458249023446	0.09467409570668511	0.11649321644879979	0.02447189663924447	0.13936257082130069
0.6358964660350594	2.0037402239632296e-8	0.007621888546514669	0.01017939438349344	0.009153245657385975	0.006583423946644868	0.010467401298426108	0.009624919528983696	0.010473240566089724	2.0037402239632296e-8	0.6999986718742301	1.555313139072236e-7	2.0771946133593336e-7	1.8677999749285488e-7	1.3434053386915205e-7	2.1359649477987255e-7	1.9640491611211847e-7	2.1371565015277465e-7	0.007621888546514669	1.555313139072236e-7	0.2539647673227591	0.07901296606768124	0.07104794856056919	0.05110086448255809	0.08124849008212884	0.07470910463798729	0.08129381476848872	0.01017939438349344	2.0771946133593336e-7	0.07901296606768124	0.13081135417237144	0.0948879118505222	0.06824763308081654	0.10851121983245769	0.09977755978805398	0.10857175310514329	0.009153245657385975	1.8677999749285488e-7	0.07104794856056919	0.0948879118505222	0.17862393276267208	0.061367830696964346	0.09757258774841122	0.08971933706739296	0.09762701887608571	0.006583423946644868	1.3434053386915205e-7	0.05110086448255809	0.06824763308081654	0.061367830696964346	0.3077736570932168	0.07017857214404175	0.06453016276799688	0.07021772144722754	0.010467401298426108	2.1359649477987255e-7	0.08124849008212884	0.10851121983245769	0.09757258774841122	0.07017857214404175	0.11777734848976046	0.10260057912412233	0.11164358768415805	0.009624919528983696	1.9640491611211847e-7	0.07470910463798729	0.09977755978805398	0.08971933706739296	0.06453016276799688	0.10260057912412233	0.15638032555038478	0.10265781513016309	0.010473240566089724	2.1371565015277465e-7	0.08129381476848872	0.10857175310514329	0.09762701887608571	0.07021772144722754	0.11164358768415805	0.10265781513016309	0.11751483470699498
0.12417347374652421	0.00035821159579364303	0.0721895530773754	0.04023965956277255	0.079712657387261	0.07671781449699239	0.1075800288543477	0.09170641238217023	0.107322188896758	0.00035821159579364303	0.6976881495279811	0.00024507399235904124	0.0001366083262719083	0.00027061393726188627	0.00026044684143820753	0.00036521998053065663	0.00031133115041360207	0.00036434464794993726	0.0721895530773754	0.00024507399235904124	0.2832422498981085	0.027530359530567573	0.05453619987974481	0.05248724861120735	0.07360193661799859	0.06274184552185823	0.07342553287077708	0.04023965956277255	0.0001366083262719083	0.027530359530567573	0.45550780843940336	0.030399386385673896	0.02925726681307747	0.041026945678615714	0.03497334997258625	0.040928615291029265	0.079712657387261	0.00027061393726188627	0.05453619987974481	0.030399386385673896	0.24549398315528942	0.05795711273154313	0.08127222993583227	0.06928037399771328	0.08107744258967672	0.07671781449699239	0.00026044684143820753	0.05248724861120735	0.02925726681307747	0.05795711273154313	0.26039251627478505	0.07821879315455517	0.06667747701368473	0.07803132406271292	0.1075800288543477	0.00036521998053065663	0.07360193661799859	0.041026945678615714	0.08127222993583227	0.07821879315455517	0.11501226388043537	0.0935006419056492	0.10942193999203026	0.09170641238217023	0.00031133115041360207	0.06274184552185823	0.03497334997258625	0.06928037399771328	0.06667747701368473	0.0935006419056492	0.18753202166130867	0.09327654639461153	0.107322188896758	0.00036434464794993726	0.07342553287077708	0.040928615291029265	0.08107744258967672	0.07803132406271292	0.10942193999203026	0.09327654639461153	0.11615206525444936
0.15753419783210956	1.4917454964707021e-5	0.0794294589132414	0.013019788360431415	0.07485512816281525	0.08569610510008457	0.10581513779979672	0.07677099344785568	0.106864272928702	1.4917454964707021e-5	0.6999027964828004	1.2048901722903242e-5	1.975012200186167e-6	1.1355007260898404e-5	1.299950877815151e-5	1.605142743749286e-5	1.1645630826129893e-5	1.62105740089939e-5	0.0794294589132414	1.2048901722903242e-5	0.24657380992804445	0.010516147075957915	0.06046085507366579	0.06921716545009762	0.085467407085298	0.0620083088845463	0.08631479868742664	0.013019788360431415	1.975012200186167e-6	0.010516147075957915	0.6168836476423194	0.0099105237265895	0.011345826314309717	0.014009506890646978	0.010164176733809578	0.014148408243735294	0.07485512816281525	1.1355007260898404e-5	0.06046085507366579	0.0099105237265895	0.26920462524931704	0.06523095916457385	0.08054535179575487	0.0584372595787425	0.08134394224128111	0.08569610510008457	1.299950877815151e-5	0.06921716545009762	0.011345826314309717	0.06523095916457385	0.21626135341581793	0.09221042168011567	0.06690050049381278	0.0931246688724107	0.10581513779979672	1.605142743749286e-5	0.085467407085298	0.014009506890646978	0.08054535179575487	0.09221042168011567	0.12434154970355576	0.08260685442308606	0.11498771919430974	0.07677099344785568	1.1645630826129893e-5	0.0620083088845463	0.010164176733809578	0.0584372595787425	0.06690050049381278	0.08260685442308606	0.25967437656803327	0.08342588423928869	0.106864272928702	1.62105740089939e-5	0.08631479868742664	0.014148408243735294	0.08134394224128111	0.0931246688724107	0.11498771919430974	0.08342588423928869	0.11977409501883814
0.13745724121224995	0.003532928140073715	0.07054487019155209	4.596362673136541e-5	1.6959360947153693e-6	0.10401397720984518	0.12579967095242994	0.12648253004871735	0.13212112268231158	0.003532928140073715	0.6815618769396153	0.0018809777273770807	1.2255541461259295e-6	4.521970219170507e-8	0.0027733834357676003	0.003354267695586785	0.0033724751534439717	0.0035228201342872895	0.07054487019155209	0.0018809777273770807	0.367508938526253	2.4471643555526222e-5	9.029388356446779e-7	0.0553784188951955	0.06697741074573599	0.06734097397151578	0.07034303535998261	4.596362673136541e-5	1.2255541461259295e-6	2.4471643555526222e-5	0.6997589092005212	5.883112902487936e-10	3.6081900330391074e-5	4.363924263509399e-5	4.387612285554969e-5	4.583212091337386e-5	1.6959360947153693e-6	4.521970219170507e-8	9.029388356446779e-7	5.883112902487936e-10	0.6999911038214084	1.3313265616282413e-6	1.6101724775428573e-6	1.6189127303158356e-6	1.6910838783160758e-6	0.10401397720984518	0.0027733834357676003	0.0553784188951955	3.6081900330391074e-5	1.3313265616282413e-6	0.23603640671210804	0.09875398247902212	0.09929003360475125	0.10371638443642289	0.12579967095242994	0.003354267695586785	0.06697741074573599	4.363924263509399e-5	1.6101724775428573e-6	0.09875398247902212	0.1595433723492463	0.12008629889359856	0.12543974746927328	0.12648253004871735	0.0033724751534439717	0.06734097397151578	4.387612285554969e-5	1.6189127303158356e-6	0.09929003360475125	0.12008629889359856	0.1572615404443784	0.1261206528480145	0.13212112268231158	0.0035228201342872895	0.07034303535998261	4.583212091337386e-5	1.6910838783160758e-6	0.10371638443642289	0.12543974746927328	0.1261206528480145	0.1386887138649221
0.16775439519471372	0.003984823774959687	0.01121146387497305	9.003225693856267e-7	5.413556316243943e-8	0.061724355568915805	0.14901136387656636	0.1530398896227531	0.15327275362898315	0.003984823774959687	0.6832503569660213	0.00027091223716044796	2.1755268014801416e-8	1.308124138812556e-9	0.001491498651820981	0.0036006896512635104	0.0036980343811336353	0.0037036612742481685	0.01121146387497305	0.00027091223716044796	0.6533655079742197	6.120933200885912e-8	3.6804605057912694e-9	0.004196392161565817	0.01013068688352186	0.010404570242985845	0.01042040173578067	9.003225693856267e-7	2.1755268014801416e-8	6.120933200885912e-8	0.699996193871089	2.9555477286896965e-13	3.369860185238051e-7	8.135321262528343e-7	8.355259865242857e-7	8.367973147316632e-7	5.413556316243943e-8	1.308124138812556e-9	3.6804605057912694e-9	2.9555477286896965e-13	0.699999771140712	2.0262657530737316e-8	4.891693411116777e-8	5.023940458163872e-8	5.031584837057721e-8	0.061724355568915805	0.001491498651820981	0.004196392161565817	3.369860185238051e-7	2.0262657530737316e-8	0.46216200716082123	0.05577417243003496	0.05728202850061475	0.05736918827754949	0.14901136387656636	0.0036006896512635104	0.01013068688352186	8.135321262528343e-7	4.891693411116777e-8	0.05577417243003496	0.20469789825113502	0.13828695518680292	0.13849737127161277	0.1530398896227531	0.0036980343811336353	0.010404570242985845	8.355259865242857e-7	5.023940458163872e-8	0.05728202850061475	0.13828695518680292	0.19504598532122397	0.14224165097909233	0.15327275362898315	0.0037036612742481685	0.01042040173578067	8.367973147316632e-7	5.031584837057721e-8	0.05736918827754949	0.13849737127161277	0.14224165097909233	0.19449408571956794
0.1641420324015378	0.08384375225401808	0.0014142422996201273	8.073139753354575e-7	7.118082896647475e-8	0.00526569656148212	0.1411685795922887	0.15349839295232087	0.15066642544392872	0.08384375225401808	0.3811031134387037	0.0007354239621475873	4.1981352318326036e-7	3.7014935334302735e-8	0.0027382291066759103	0.07340945477475411	0.07982111435827154	0.07834845527697097	0.0014142422996201273	0.0007354239621475873	0.6938979579366789	7.081243700061967e-9	6.243528689994421e-10	4.6187334471621566e-5	0.0012382408151292235	0.0013463900802802302	0.0013215498660757762	8.073139753354575e-7	4.1981352318326036e-7	7.081243700061967e-9	0.6999965095990165	3.564090798439756e-13	2.636583604694109e-8	7.068443046521105e-7	7.685808353739815e-7	7.544009087214069e-7	7.118082896647475e-8	3.7014935334302735e-8	6.243528689994421e-10	3.564090798439756e-13	0.6999996922512116	2.3246743194747728e-9	6.23224236078189e-8	6.776573013855376e-8	6.651548678262191e-8	0.00526569656148212	0.0027382291066759103	4.6187334471621566e-5	2.636583604694109e-8	2.3246743194747728e-9	0.6774058423275577	0.0046103842349108975	0.0050130600803338764	0.0049205716640575384	0.1411685795922887	0.07340945477475411	0.0012382408151292235	7.068443046521105e-7	6.23224236078189e-8	0.0046103842349108975	0.21326085611410228	0.13439562319792075	0.13191609210416627	0.15349839295232087	0.07982111435827154	0.0013463900802802302	7.685808353739815e-7	6.776573013855376e-8	0.0050130600803338764	0.13439562319792075	0.1824867995836314	0.1434377834006765	0.15066642544392872	0.07834845527697097	0.0013215498660757762	7.544009087214069e-7	6.651548678262191e-8	0.0049205716640575384	0.13191609210416627	0.1434377834006765	0.18938830132772955
0.19078588009364045	0.0034344141476916074	4.69333870404414e-6	9.372833041141137e-13	1.7736916101956502e-10	0.0019196943850880621	0.1429857669472416	0.17512108300581955	0.18574846790349275	0.0034344141476916074	0.6872671912601777	8.628364232064352e-8	1.7231276595402642e-14	3.260803920871432e-12	3.5292194774939104e-5	0.002628690054179959	0.003219474630257955	0.0034148514259970983	4.69333870404414e-6	8.628364232064352e-8	0.6999825136660022	2.3547601974459092e-17	4.456089624022536e-15	4.822896033060469e-8	3.592267048081854e-6	4.399610599972017e-6	4.666605038581284e-6	9.372833041141137e-13	1.7231276595402642e-14	2.3547601974459092e-17	0.6999999999965079	8.899034716232108e-22	9.631565532167171e-15	7.173937660167533e-13	8.786243269431994e-13	9.319444568933675e-13	1.7736916101956502e-10	3.260803920871432e-12	4.456089624022536e-15	8.899034716232108e-22	0.6999999993391576	1.8226535032117268e-12	1.3575781179557406e-10	1.6626868209136664e-10	1.7635885085165861e-10	0.0019196943850880621	3.5292194774939104e-5	4.822896033060469e-8	9.631565532167171e-15	1.8226535032117268e-12	0.6928673252043313	0.001469328194020481	0.0017995521520879285	0.0019087596389045732	0.1429857669472416	0.002628690054179959	3.592267048081854e-6	7.173937660167533e-13	1.3575781179557406e-10	0.001469328194020481	0.2767041750391067	0.13403713977943843	0.14217130758247776	0.17512108300581955	0.003219474630257955	4.399610599972017e-6	8.786243269431994e-13	1.6626868209136664e-10	0.0017995521520879285	0.13403713977943843	0.21169477256882763	0.17412357808580672	0.18574846790349275	0.0034148514259970983	4.666605038581284e-6	9.319444568933675e-13	1.7635885085165861e-10	0.0019087596389045732	0.14217130758247776	0.17412357808580672	0.19262836858097618
0.20402261139863329	0.00027110958316590414	3.91982082342196e-6	6.623389493329043e-12	2.285922699508507e-11	0.012065230452670422	0.15623713622494395	0.14579780641980544	0.18160218607048037	0.00027110958316590414	0.6989596317241599	6.08294945973853e-9	1.0278465612341754e-14	3.547394862258084e-14	1.872335251273599e-5	0.00024245562391827502	0.00022625541516925287	0.00028181821807875235	3.91982082342196e-6	6.08294945973853e-9	0.6999849519058461	1.486105473277521e-16	5.1289785066248e-16	2.7071041239726447e-7	3.5055293593551643e-6	3.2712996620620966e-6	4.074650946472677e-6	6.623389493329043e-12	1.0278465612341754e-14	1.486105473277521e-16	0.6999999999745727	8.666524283279023e-22	4.574240971661371e-13	5.92335399326748e-12	5.527571995578565e-12	6.8850086479948205e-12	2.285922699508507e-11	3.547394862258084e-14	5.1289785066248e-16	8.666524283279023e-22	0.6999999999122435	1.5787024575066937e-12	2.044320262921585e-11	1.907724483149742e-11	2.3762150135690137e-11	0.012065230452670422	1.872335251273599e-5	2.7071041239726447e-7	4.574240971661371e-13	1.5787024575066937e-12	0.654514859353036	0.010790039005481655	0.010069078685098183	0.012541798438752864	0.15623713622494395	0.00024245562391827502	3.5055293593551643e-6	5.92335399326748e-12	2.044320262921585e-11	0.010790039005481655	0.23993024414511585	0.1303882279210981	0.1624083915237211	0.14579780641980544	0.00022625541516925287	3.2712996620620966e-6	5.527571995578565e-12	1.907724483149742e-11	0.010069078685098183	0.1303882279210981	0.26195864458768164	0.15155671564688497	0.18160218607048037	0.00028181821807875235	4.074650946472677e-6	6.8850086479948205e-12	2.3762150135690137e-11	0.012541798438752864	0.1624083915237211	0.15155671564688497	0.19160501542049382
