0.21556776549526027	0.08978689344495845	0.05269870767937836	0.09977140606518431	0.09956252104444396	0.061752051169439735	0.0035433954087566964	0.07731725969257668	0.08978689344495845	0.1736143343051847	0.05830093169270533	0.11037777179055283	0.11014668089929405	0.06831670596208478	0.0039200819675319735	0.08553659993768647	0.05269870767937836	0.05830093169270533	0.36696564542215476	0.06478413170021632	0.06464849730126836	0.0400971899013408	0.002300817477473039	0.05020407882546224	0.09977140606518431	0.11037777179055283	0.06478413170021632	0.1273532831936773	0.12239524951904673	0.0759136835016724	0.0043560042539081785	0.09504846997574043	0.09956252104444396	0.11014668089929405	0.06464849730126836	0.12239524951904673	0.12829594593435498	0.07575474787093303	0.004346884366008349	0.09484947306464897	0.061752051169439735	0.06831670596208478	0.0400971899013408	0.0759136835016724	0.07575474787093303	0.316640677512954	0.002696085062747261	0.05882885901882709	0.0035433954087566964	0.0039200819675319735	0.002300817477473039	0.0043560042539081785	0.004346884366008349	0.002696085062747261	0.6754610717890847	0.0033756596744897757	0.07731725969257668	0.08553659993768647	0.05020407882546224	0.09504846997574043	0.09484947306464897	0.05882885901882709	0.0033756596744897757	0.23483959981056704
0.20213343827167948	0.08204741166082415	0.08431378334204387	0.1140266376915627	0.11337159645919728	0.002024922043737978	8.449947821172103e-5	0.10199771105273953	0.08204741166082415	0.26820911507650913	0.07091591482781831	0.09590725271848935	0.09535630071038548	0.0017031521240618698	7.107210188336257e-5	0.0857897807800254	0.08431378334204387	0.07091591482781831	0.2582407712112954	0.09855647073993432	0.09799029994547749	0.0017501977975895098	7.30353057891614e-5	0.08815952683004899	0.1140266376915627	0.09590725271848935	0.09855647073993432	0.13729336311211252	0.13252286857822385	0.0023669815567959806	9.877353407482996e-5	0.11922765206880245	0.11337159645919728	0.09535630071038548	0.09799029994547749	0.13252286857822385	0.13976461115942734	0.002353384115467019	9.82061163310877e-5	0.11854273291548638	0.002024922043737978	0.0017031521240618698	0.0017501977975895098	0.0023669815567959806	0.002353384115467019	0.6876823249646361	1.7540524787466126e-6	0.002117283345232797	8.449947821172103e-5	7.107210188336257e-5	7.30353057891614e-5	9.877353407482996e-5	9.82061163310877e-5	1.7540524787466126e-6	0.6994843057195659	8.835369166522302e-5	0.10199771105273953	0.0857897807800254	0.08815952683004899	0.11922765206880245	0.11854273291548638	0.002117283345232797	8.835369166522302e-5	0.18407695931599566
0.20275861070762832	0.04899645198792135	0.09122524092306417	0.12329768842092821	0.12263651368572212	8.97882100875767e-6	5.978554911526356e-6	0.11107053689881229	0.04899645198792135	0.4458630850925042	0.04174946908590838	0.0564275082094308	0.05612491986996947	4.109180818159486e-6	2.7361012251826165e-6	0.050831720472220954	0.09122524092306417	0.04174946908590838	0.26281177712667625	0.10506093446036667	0.10449755296950533	7.650778677310026e-6	5.094276898227392e-6	0.09464228037890092	0.12329768842092821	0.0564275082094308	0.10506093446036667	0.14604436810206084	0.1412362038884571	1.0340595606955043e-5	6.885293580723994e-6	0.12791607102956498	0.12263651368572212	0.05612491986996947	0.10449755296950533	0.1412362038884571	0.1482575455105213	1.0285144927790964e-5	6.848371703125528e-6	0.1272301305591902	8.97882100875767e-6	4.109180818159486e-6	7.650778677310026e-6	1.0340595606955043e-5	1.0285144927790964e-5	0.6999493198353147	5.014029009450226e-10	9.315142243356503e-6	5.978554911526356e-6	2.7361012251826165e-6	5.094276898227392e-6	6.885293580723994e-6	6.848371703125528e-6	5.014029009450226e-10	0.6999662544056127	6.202494665643322e-6	0.11107053689881229	0.050831720472220954	0.09464228037890092	0.12791607102956498	0.1272301305591902	9.315142243356503e-6	6.202494665643322e-6	0.1882937430243984
0.2542791569271716	0.0001991805914718766	0.06455477719009044	0.12818349862970624	0.12760515967066072	5.666807509787377e-9	1.2699954107776897e-8	0.12517820862413215	0.0001991805914718766	0.6989197784744123	0.00012766023739547213	0.0002534891541343968	0.0002523454604835087	1.1206389727652119e-11	2.511478200190081e-11	0.00024754604578125196	0.06455477719009044	0.00012766023739547213	0.3911455644038894	0.08215627709671197	0.08178560398915055	3.632010461601854e-9	8.139744662518074e-9	0.08023010531100362	0.12818349862970624	0.0002534891541343968	0.08215627709671197	0.1676994523437837	0.16239797135388873	7.211918750132203e-9	1.6162722484838964e-8	0.15930928804712696	0.12760515967066072	0.0002523454604835087	0.08178560398915055	0.16239797135388873	0.16936838066305931	7.179379978548809e-9	1.6089799431582113e-8	0.158590515593571	5.666807509787377e-9	1.1206389727652119e-11	3.632010461601854e-9	7.211918750132203e-9	7.179379978548809e-9	0.6999999692558425	7.14530638770291e-16	7.042833746426728e-9	1.2699954107776897e-8	2.511478200190081e-11	8.139744662518074e-9	1.6162722484838964e-8	1.6089799431582113e-8	7.14530638770291e-16	0.6999999310988799	1.5783783940753246e-8	0.12517820862413215	0.00024754604578125196	0.08023010531100362	0.15930928804712696	0.158590515593571	7.042833746426728e-9	1.5783783940753246e-8	0.17644431355176066
0.220895545321729	3.770802169738458e-5	0.0742745630235449	0.13607489775597523	0.13449147174454382	3.144164010889587e-13	2.8558037504098435e-12	0.1342258141293434	3.770802169738458e-5	0.6998071943076574	2.4046360540665035e-5	4.4054194582566045e-5	4.354156103468133e-5	1.017921860824245e-16	9.24565340007045e-16	4.3455554486336407e-5	0.0742745630235449	2.4046360540665035e-5	0.36756589706500176	0.08677480028609572	0.08576505140385754	2.0050296462537164e-13	1.8211426514719945e-12	0.08559564185894034	0.13607489775597523	4.4054194582566045e-5	0.08677480028609572	0.1631644638445198	0.1571260755464338	3.6733195458206277e-13	3.3364289200805044e-12	0.15681570836869368	0.13449147174454382	4.354156103468133e-5	0.08576505140385754	0.1571260755464338	0.1675829263723638	3.6305752203567024e-13	3.29760479877327e-12	0.1549909333681104	3.144164010889587e-13	1.017921860824245e-16	2.0050296462537164e-13	3.6733195458206277e-13	3.6305752203567024e-13	0.6999999999983922	7.70919538313428e-24	3.62340383660772e-13	2.8558037504098435e-12	9.24565340007045e-16	1.8211426514719945e-12	3.3364289200805044e-12	3.29760479877327e-12	7.70919538313428e-24	0.6999999999853971	3.291091123107802e-12	0.1342258141293434	4.3455554486336407e-5	0.08559564185894034	0.15681570836869368	0.1549909333681104	3.62340383660772e-13	3.291091123107802e-12	0.16832844671677694
0.18222061935292502	0.051032723964058	0.09161476700631646	0.12890899556513505	0.12959508769361755	0.0002485849891425782	8.616622830560455e-6	0.11637060480597274	0.051032723964058	0.44794818188541113	0.039456774270862756	0.05551870408780825	0.0558141911924219	0.00010706092613920344	3.7110190104958292e-6	0.050118652654287395	0.09161476700631646	0.039456774270862756	0.27888918307685784	0.0996680706889064	0.10019853389250918	0.0001921974968577327	6.662081025540298e-6	0.0899738114866626	0.12890899556513505	0.05551870408780825	0.0996680706889064	0.14803736040281867	0.14098701315577175	0.0002704366018674186	9.374058368960692e-6	0.12660004543932118	0.12959508769361755	0.0558141911924219	0.10019853389250918	0.14098701315577175	0.14585002552317372	0.00027187594613491036	9.42394990392056e-6	0.12727384864646477	0.0002485849891425782	0.00010706092613920344	0.0001921974968577327	0.0002704366018674186	0.00027187594613491036	0.6986656934975845	1.807670742956461e-8	0.0002441324655662373	8.616622830560455e-6	3.7110190104958292e-6	6.662081025540298e-6	9.374058368960692e-6	9.42394990392056e-6	1.807670742956461e-8	0.6999537319057385	8.462286414536947e-6	0.11637060480597274	0.050118652654287395	0.0899738114866626	0.12660004543932118	0.12727384864646477	0.0002441324655662373	8.462286414536947e-6	0.18941044221530848
0.1976855724396765	0.09508030794854276	0.006447647647572115	0.0979490977378673	0.09852355709609176	0.08537742785039856	0.020664175788557088	0.09827221349129758	0.09508030794854276	0.1396543705084797	0.007366442818699126	0.11190692591597629	0.1125632462122041	0.09754378257695213	0.02360883808520031	0.11227608593394987	0.006447647647572115	0.007366442818699126	0.655134573122089	0.00758870520297079	0.007633212021525872	0.00661470239040397	0.001600977874665011	0.007613738922074364	0.0979490977378673	0.11190692591597629	0.00758870520297079	0.1261239518370163	0.11595953613126452	0.10048690101552829	0.024321170587039635	0.11566371157234136	0.09852355709609176	0.1125632462122041	0.007633212021525872	0.11595953613126452	0.12343832806204168	0.10107624427647216	0.02446381124805	0.11634206495235436	0.08537742785039856	0.09754378257695213	0.00661470239040397	0.10048690101552829	0.10107624427647216	0.18688298100311518	0.021199572379822357	0.10081838850731101	0.020664175788557088	0.02360883808520031	0.001600977874665011	0.024321170587039635	0.02446381124805	0.021199572379822357	0.5597400524567947	0.024401401579871942	0.09827221349129758	0.11227608593394987	0.007613738922074364	0.11566371157234136	0.11634206495235436	0.10081838850731101	0.024401401579871942	0.12461239504080394
0.19153424274354927	0.07832681692376672	0.04757629861741484	0.12301943531141153	0.12132715674137404	0.013392562828971269	0.0004258887815509626	0.12439759805196463	0.07832681692376672	0.3171608767617836	0.0336811366268973	0.08709030607460377	0.08589227538737962	0.009481122986347141	0.0003015034514271809	0.08806596178779699	0.04757629861741484	0.0336811366268973	0.45423767217848154	0.052899307940983915	0.052171615077074	0.005758905521028739	0.000183135467553109	0.053491928570567844	0.12301943531141153	0.08709030607460377	0.052899307940983915	0.148409106382104	0.13490168030256722	0.014890971466817763	0.0004735387673817105	0.13831565375413363	0.12132715674137404	0.08589227538737962	0.052171615077074	0.13490168030256722	0.15414116184370052	0.014686128452894432	0.0004670246787249589	0.13641295751628854	0.013392562828971269	0.009481122986347141	0.005758905521028739	0.014890971466817763	0.014686128452894432	0.6266809646299696	5.1551998089239154e-5	0.01505779211588234	0.0004258887815509626	0.0003015034514271809	0.000183135467553109	0.0004735387673817105	0.0004670246787249589	5.1551998089239154e-5	0.6976185131254373	0.0004788437298354957	0.12439759805196463	0.08806596178779699	0.053491928570567844	0.13831565375413363	0.13641295751628854	0.01505779211588234	0.0004788437298354957	0.14377926447353412
0.1803687022870453	0.00018860507515059124	0.05470769214407901	0.1414582746245639	0.1615515985659166	7.441515324863051e-14	3.719269889427496e-10	0.1617251269312453	0.00018860507515059124	0.6991901558213592	6.542888773545052e-5	0.00016918018667805995	0.00019321124675144845	8.899846652090864e-17	4.448143990653251e-13	0.00019341878188022167	0.05470769214407901	6.542888773545052e-5	0.48400590360599016	0.04907321588388395	0.05604378035751277	2.5815321797854223e-14	1.290249967339918e-10	0.05610397899174858	0.1414582746245639	0.00016918018667805995	0.04907321588388395	0.21931764780691865	0.14491301245047697	6.675095836221607e-14	3.336213374412256e-10	0.1450686687137923	0.1615515985659166	0.00019321124675144845	0.05604378035751277	0.14491301245047697	0.17162356889263577	7.623254318521412e-14	3.810103051403257e-10	0.16567482810562217	7.441515324863051e-14	8.899846652090864e-17	2.5815321797854223e-14	6.675095836221607e-14	7.623254318521412e-14	0.6999999999996803	1.7550392876339253e-22	7.631442729358078e-14	3.719269889427496e-10	4.448143990653251e-13	1.290249967339918e-10	3.336213374412256e-10	3.810103051403257e-10	1.7550392876339253e-22	0.699999998402552	3.814195619722685e-10	0.1617251269312453	0.00019341878188022167	0.05610397899174858	0.1450686687137923	0.16567482810562217	7.631442729358078e-14	3.814195619722685e-10	0.17123397809421784
0.1831755696400464	0.0010121607602338104	0.014329169521568073	0.1514615807702918	0.176254179076792	5.43155901421316e-13	6.770097629327491e-9	0.17376733346043244	0.0010121607602338104	0.6960154317511318	8.25729306999055e-5	0.0008728088947387102	0.001015678130722821	3.1299772495397905e-15	3.901320321018003e-11	0.0010013474934565134	0.014329169521568073	8.25729306999055e-5	0.6446768421907867	0.012356363834688076	0.014378964969077371	4.431111772891357e-14	5.523102893743061e-10	0.01417608600082574	0.1514615807702918	0.0008728088947387102	0.012356363834688076	0.23347785033818763	0.1519879265004871	4.683754998374326e-13	5.838006827849662e-9	0.14984346382313612	0.176254179076792	0.001015678130722821	0.014378964969077371	0.1519879265004871	0.18199205038266913	5.45043428199325e-13	6.793624466708161e-9	0.17437119414608734	5.43155901421316e-13	3.1299772495397905e-15	4.431111772891357e-14	4.683754998374326e-13	5.45043428199325e-13	0.6999999999978587	2.0935658039206478e-20	5.373531772943945e-13	6.770097629327491e-9	3.901320321018003e-11	5.523102893743061e-10	5.838006827849662e-9	6.793624466708161e-9	2.0935658039206478e-20	0.6999999733091772	6.697770312708979e-9	0.17376733346043244	0.0010013474934565134	0.01417608600082574	0.14984346382313612	0.17437119414608734	5.373531772943945e-13	6.697770312708979e-9	0.1868405683777593
0.13384059659440048	0.12698951037252063	0.07155683161540805	0.10527710285986824	0.1284500907519599	0.0001675605574380673	0.08257144953808232	0.05114685771032795	0.12698951037252063	0.14394174915556365	0.06991098456530923	0.1028556707579534	0.1254956669998675	0.0001637065711317064	0.080672260130493	0.04997045144716633	0.07155683161540805	0.06991098456530923	0.35615175895280377	0.057957746994427045	0.07071507154905957	9.224638720508214e-5	0.04545770211459318	0.02815765782119717	0.10527710285986824	0.1028556707579534	0.057957746994427045	0.22142940207868667	0.10403867378066321	0.00013571635544787792	0.06687908160904095	0.04142660556391719	0.1284500907519599	0.1254956669998675	0.07071507154905957	0.10403867378066321	0.1389895979090609	0.00016558945582886633	0.0816001188171355	0.050545190736430094	0.0001675605574380673	0.0001637065711317064	9.224638720508214e-5	0.00013571635544787792	0.00016558945582886633	0.6991027997769755	0.00010644571222930898	6.593518374357736e-5	0.08257144953808232	0.080672260130493	0.04545770211459318	0.06687908160904095	0.0816001188171355	0.00010644571222930898	0.31022102524245626	0.03249191683597314	0.05114685771032795	0.04997045144716633	0.02815765782119717	0.04142660556391719	0.050545190736430094	6.593518374357736e-5	0.03249191683597314	0.4461953847012468
0.14346410518224714	0.1057828359478579	0.0400599455822295	0.10786480974535925	0.11578608888941506	0.06745832410494215	0.003380886014265256	0.11620300453368194	0.1057828359478579	0.1674039275707207	0.037932332772379895	0.10213603134561974	0.10963660560023196	0.06387556350927302	0.00320132470213549	0.1100313785517798	0.0400599455822295	0.037932332772379895	0.47473857631607325	0.03867890117549137	0.04151936762529751	0.024189667211011637	0.0012123412291745403	0.041668868088341804	0.10786480974535925	0.10213603134561974	0.03867890117549137	0.15893179200754387	0.11179442768981165	0.06513273579374923	0.0032643318439597576	0.11219697039846348	0.11578608888941506	0.10963660560023196	0.04151936762529751	0.11179442768981165	0.12740716918543177	0.06991589522133558	0.003504054917832311	0.12043639087064237	0.06745832410494215	0.06387556350927302	0.024189667211011637	0.06513273579374923	0.06991589522133558	0.33721866674047385	0.002041503211619904	0.07016764420759368	0.003380886014265256	0.00320132470213549	0.0012123412291745403	0.0032643318439597576	0.003504054917832311	0.002041503211619904	0.6798788859711875	0.0035166721098251236	0.11620300453368194	0.1100313785517798	0.041668868088341804	0.11219697039846348	0.12043639087064237	0.07016764420759368	0.0035166721098251236	0.12577907123966994
0.13996246606964952	0.11478997270075497	0.012707569877262993	0.11523708889512271	0.12665051204019764	0.06518898809602744	0.0020220266151053054	0.12344137570587903	0.11478997270075497	0.17480152849239664	0.011713247035891853	0.10622019024587312	0.116740552999308	0.06008817806737446	0.0018638101135492562	0.11378252034485159	0.012707569877262993	0.011713247035891853	0.6314425076228648	0.011758871077044205	0.01292350455223406	0.006651928767150586	0.00020632897367803689	0.012596042093873501	0.11523708889512271	0.10622019024587312	0.011758871077044205	0.17316957432224578	0.11719526686113205	0.060322226363335056	0.0018710698041423247	0.11422571243110449	0.12665051204019764	0.116740552999308	0.01292350455223406	0.11719526686113205	0.13259809297452538	0.0662967186135196	0.0020563861082367844	0.12553896585084634	0.06518898809602744	0.06008817806737446	0.006651928767150586	0.060322226363335056	0.0662967186135196	0.37577664819705847	0.001058453908880657	0.0646168579866536	0.0020220266151053054	0.0018638101135492562	0.00020632897367803689	0.0018710698041423247	0.0020563861082367844	0.001058453908880657	0.6889176441454868	0.00200428033092073	0.12344137570587903	0.11378252034485159	0.012596042093873501	0.11422571243110449	0.12553896585084634	0.0646168579866536	0.00200428033092073	0.14379424525587042
0.11739417170125414	0.09873284686708246	0.05774572612824679	0.0887676284054299	0.10763784766456996	0.07926211491366489	0.09119861455703838	0.0592610497627075	0.09873284686708246	0.15277822889103768	0.053522969011819466	0.08227634048353386	0.09976664198931313	0.07346593427388184	0.08452955652538838	0.05492748195793766	0.05774572612824679	0.053522969011819466	0.3577281827540675	0.04812083491112774	0.05835036026871087	0.0429679063751352	0.04943866986260915	0.03212535068828014	0.0887676284054299	0.08227634048353386	0.04812083491112774	0.1997056996968476	0.08969708141088269	0.06605093402057988	0.07599789230247672	0.049383588769116644	0.10763784766456996	0.09976664198931313	0.05835036026871087	0.08969708141088269	0.11242095764761306	0.08009203920305305	0.09215352151936052	0.05988155029649067	0.07926211491366489	0.07346593427388184	0.0429679063751352	0.06605093402057988	0.08009203920305305	0.2462058287535337	0.06785980183409705	0.044095440626049885	0.09119861455703838	0.08452955652538838	0.04943866986260915	0.07599789230247672	0.09215352151936052	0.06785980183409705	0.18808593795987905	0.05073600543914571	0.0592610497627075	0.05492748195793766	0.03212535068828014	0.049383588769116644	0.05988155029649067	0.044095440626049885	0.05073600543914571	0.3495895324602685
0.12420700092598394	0.10452101922511811	0.04125887399818048	0.0925273506156902	0.11532472953448408	0.09693151367570706	0.1041580532287693	0.021071458796068126	0.10452101922511811	0.16460932036488576	0.03772173561898307	0.08459494695865764	0.10543789823305366	0.08862153950648563	0.09522854517689629	0.019264994915921124	0.04125887399818048	0.03772173561898307	0.46582724997075353	0.03339320916812532	0.041620804983358815	0.03498267582090479	0.03759074084439653	0.007604709595297952	0.0925273506156902	0.08459494695865764	0.03339320916812532	0.21633762026426487	0.09333901879562537	0.07845231819216955	0.08430117744285535	0.017054358562612927	0.11532472953448408	0.10543789823305366	0.041620804983358815	0.09333901879562537	0.12016768239186332	0.09778181604316921	0.10507174822735331	0.02125630179109368	0.09693151367570706	0.08862153950648563	0.03498267582090479	0.07845231819216955	0.09778181604316921	0.19705022931745533	0.08831378700250692	0.017866120441602743	0.1041580532287693	0.09522854517689629	0.03759074084439653	0.08430117744285535	0.10507174822735331	0.08831378700250692	0.1661378539447634	0.019198094132460035	0.021071458796068126	0.019264994915921124	0.007604709595297952	0.017054358562612927	0.02125630179109368	0.017866120441602743	0.019198094132460035	0.5766839617649436
0.11623862251606405	0.09601626690272703	0.07916953792142323	0.07859282302403514	0.11107485885434454	0.09618293699173829	0.1028883435631316	0.019836610226535493	0.09601626690272703	0.18315437635088944	0.06830794403593254	0.06781035102263779	0.09583604302392365	0.08298720505056059	0.08877266936982331	0.017115144243504944	0.07916953792142323	0.06830794403593254	0.2618534652667435	0.055912548258000086	0.07902093558905256	0.06842651655994222	0.07319688049505477	0.014112171873850565	0.07859282302403514	0.06781035102263779	0.055912548258000086	0.2646378699768874	0.07844530319361048	0.06792805979850881	0.07266367375251029	0.014009370973809583	0.11107485885434454	0.09583604302392365	0.07902093558905256	0.07844530319361048	0.11712586173701597	0.09600240027084167	0.10269522070011311	0.019799376631097345	0.09618293699173829	0.08298720505056059	0.06842651655994222	0.06792805979850881	0.09600240027084167	0.1824012620757912	0.0889267656410377	0.017144853611578956	0.1028883435631316	0.08877266936982331	0.07319688049505477	0.07266367375251029	0.10269522070011311	0.0889267656410377	0.15251633705872084	0.018340109419607904	0.019836610226535493	0.017115144243504944	0.014112171873850565	0.014009370973809583	0.019799376631097345	0.017144853611578956	0.018340109419607904	0.5796423630200151
0.12195890462564096	0.10425245489820403	0.04695552847530805	0.09852356224917697	0.11512875348002469	0.012904070862925578	0.08770887130247046	0.11256785410624852	0.10425245489820403	0.16558345403634822	0.04263205256837557	0.08945190952838017	0.10452816164283972	0.011715916000467879	0.07963299175827829	0.1022030595671053	0.04695552847530805	0.04263205256837557	0.435867160655095	0.04028933121173816	0.04707970738228169	0.005276873603709873	0.035866869664900575	0.046032476438590736	0.09852356224917697	0.08945190952838017	0.04028933121173816	0.19003520087761083	0.09878411832571406	0.011072101664227679	0.07525699062190706	0.09658678552124446	0.11512875348002469	0.10452816164283972	0.04707970738228169	0.09878411832571406	0.12073468352734644	0.012938197055672212	0.08794082677446476	0.11286555181165571	0.012904070862925578	0.011715916000467879	0.005276873603709873	0.011072101664227679	0.012938197055672212	0.6235856941560814	0.009856744089901467	0.012650402567013804	0.08770887130247046	0.07963299175827829	0.035866869664900575	0.07525699062190706	0.08794082677446476	0.009856744089901467	0.23775201595949802	0.08598468982857871	0.11256785410624852	0.1022030595671053	0.046032476438590736	0.09658678552124446	0.11286555181165571	0.012650402567013804	0.08598468982857871	0.13110918015956197
0.1361968859969741	0.09528149528951463	0.08893379877183166	0.10838628135628439	0.1306479779746852	4.202653023226427e-5	0.010921887046966046	0.12958964703351017	0.09528149528951463	0.2651451341770468	0.06445711061576366	0.07855580918720513	0.09469055954357157	3.0459833554706962e-5	0.007915925005355167	0.09392350634798707	0.08893379877183166	0.06445711061576366	0.28982120095939706	0.07332238547879004	0.08838223143383919	2.84305856005589e-5	0.007388562484038165	0.08766627967073845	0.10838628135628439	0.07855580918720513	0.07332238547879004	0.21614062497181408	0.10771406973923692	3.4649205280570056e-5	0.0090046621562633	0.10684151790512428	0.1306479779746852	0.09469055954357157	0.08838223143383919	0.10771406973923692	0.13888331375128465	4.176588173050914e-5	0.010854149513569937	0.12878593216208045	4.202653023226427e-5	3.0459833554706962e-5	2.84305856005589e-5	3.4649205280570056e-5	4.176588173050914e-5	0.6997777488748779	3.4915369510422223e-6	4.1427551772356885e-5	0.010921887046966046	0.007915925005355167	0.007388562484038165	0.0090046621562633	0.010854149513569937	3.4915369510422223e-6	0.6431450981934036	0.01076622406345255	0.12958964703351017	0.09392350634798707	0.08766627967073845	0.10684151790512428	0.12878593216208045	4.1427551772356885e-5	0.01076622406345255	0.14238546526533313
0.15865881633714582	0.07872273107212766	0.09407376516233609	0.06939860234384558	0.1451584467767265	1.8629841439247702e-6	0.001375252858803754	0.15261052246487214	0.07872273107212766	0.3820002530900765	0.048657137800301814	0.03589457009152189	0.0750793224392037	9.635786986340054e-7	0.0007113127421401868	0.0789337091859303	0.09407376516233609	0.048657137800301814	0.3294780969341983	0.04289405755370702	0.08971988714697506	1.1514777876249169e-6	0.0008500196442595895	0.09432588428043528	0.06939860234384558	0.03589457009152189	0.04289405755370702	0.4154135372552248	0.066186728677258	8.494498859831569e-7	0.0006270629773841132	0.06958459165117323	0.1451584467767265	0.0750793224392037	0.08971988714697506	0.066186728677258	0.17699476053176252	1.7767623828078068e-6	0.0013116040489875892	0.14554747361670517	1.8629841439247702e-6	9.635786986340054e-7	1.1514777876249169e-6	8.494498859831569e-7	1.7767623828078068e-6	0.6999915109368186	1.6833312842826422e-8	1.8679769696991886e-6	0.001375252858803754	0.0007113127421401868	0.0008500196442595895	0.0006270629773841132	0.0013116040489875892	1.6833312842826422e-8	0.6937457923377787	0.0013789385573332715	0.15261052246487214	0.0789337091859303	0.09432588428043528	0.06958459165117323	0.14554747361670517	1.8679769696991886e-6	0.0013789385573332715	0.15761701226658228
0.22992938900491627	0.00018594434196506172	0.01502501407238373	0.06608323320205496	0.1839289750648743	5.247779684884962e-6	4.4157192406196256e-8	0.20484215237693257	0.00018594434196506172	0.6993672780010505	1.4286145217786555e-5	6.283352956857717e-5	0.00017488409893506073	4.989715303296391e-9	4.19857219491162e-11	0.0001947688515619835	0.01502501407238373	1.4286145217786555e-5	0.6500137313411576	0.005077189528911825	0.01413130412986247	4.0318808228810436e-7	3.392606929890844e-9	0.015738068201777717	0.06608323320205496	6.283352956857717e-5	0.005077189528911825	0.4974030521044385	0.06215250526648652	1.7733076280511622e-6	1.492141264100099e-8	0.06921939813950019	0.1839289750648743	0.00017488409893506073	0.01413130412986247	0.06215250526648652	0.24694951449485886	4.935634028451729e-6	4.1530657635771174e-8	0.19265783978030046	5.247779684884962e-6	4.989715303296391e-9	4.0318808228810436e-7	1.7733076280511622e-6	4.935634028451729e-6	0.6999821382719067	1.1849342462982829e-12	5.496827769394571e-6	4.4157192406196256e-8	4.19857219491162e-11	3.392606929890844e-9	1.492141264100099e-8	4.1530657635771174e-8	1.1849342462982829e-12	0.6999998497021641	4.6252795660608885e-8	0.20484215237693257	0.0001947688515619835	0.015738068201777717	0.06921939813950019	0.19265783978030046	5.496827769394571e-6	4.6252795660608885e-8	0.21734222956936627
0.28048428136846826	0.0009500365158626929	2.438616764410596e-5	0.1349183802774508	0.1382660203805449	0.00026282205399136353	2.3895213931591194e-9	0.14509407084651843	0.0009500365158626929	0.6954434068708426	2.1012256366841637e-7	0.0011625195218708426	0.0011913643461567668	2.264597069093465e-6	2.0589227811384862e-11	0.0012501980050451265	2.438616764410596e-5	2.1012256366841637e-7	0.6998828336152355	2.9840322426075634e-5	3.0580730514561144e-5	5.8129180143267035e-8	5.284979605391154e-13	3.209091190739409e-5	0.1349183802774508	0.0011625195218708426	2.9840322426075634e-5	0.21683188807021608	0.16919028397325964	0.0003216042367231611	2.923956312303441e-9	0.1775454806740997	0.1382660203805449	0.0011913643461567668	3.0580730514561144e-5	0.16919028397325964	0.20904136489473646	0.0003295839889108572	2.9965064970198074e-9	0.18195079868937286	0.00026282205399136353	2.264597069093465e-6	5.8129180143267035e-8	0.0003216042367231611	0.0003295839889108572	0.6987378070113701	5.695889634905739e-12	0.00034585997705940204	2.3895213931591194e-9	2.0589227811384862e-11	5.284979605391154e-13	2.923956312303441e-9	2.9965064970198074e-9	5.695889634905739e-12	0.6999999885187179	3.1444842686151467e-9	0.14509407084651843	0.0012501980050451265	3.209091190739409e-5	0.1775454806740997	0.18195079868937286	0.00034585997705940204	3.1444842686151467e-9	0.1937814977515154
0.21961207967926297	0.000529248861870947	0.05051548965616365	0.017602041843883982	0.19881460750511668	2.158439926646274e-13	8.623170024139511e-9	0.21292652383031335	0.000529248861870947	0.6982711035833584	0.00012628881637132718	4.400513674742633e-5	0.0004970368817574671	5.396103757484067e-16	2.155794080448772e-11	0.0005323166983359222	0.05051548965616365	0.00012628881637132718	0.5469087952683601	0.004200181030761909	0.047440936141821245	5.150447042647402e-14	2.057651917979625e-9	0.05080830702881781	0.017602041843883982	4.400513674742633e-5	0.004200181030761909	0.6439189791080372	0.016530718572961036	1.794665061676313e-14	7.169855307144638e-10	0.01770407359060478	0.19881460750511668	0.0004970368817574671	0.047440936141821245	0.016530718572961036	0.23674963935362864	2.0270695468452034e-13	8.098333030913309e-9	0.19996705344617693	2.158439926646274e-13	5.396103757484067e-16	5.150447042647402e-14	1.794665061676313e-14	2.0270695468452034e-13	0.6999999999992943	8.791992486141526e-21	2.170951508987737e-13	8.623170024139511e-9	2.155794080448772e-11	2.057651917979625e-9	7.169855307144638e-10	8.098333030913309e-9	8.791992486141526e-21	0.6999999718091466	8.673154969501921e-9	0.21292652383031335	0.0005323166983359222	0.05080830702881781	0.01770407359060478	0.19996705344617693	2.170951508987737e-13	8.673154969501921e-9	0.21806171673237668
0.17552599325041482	4.897255493477744e-5	0.1294081412746603	0.06213290781322986	0.1632892772457723	8.739454861098135e-14	1.629170184569712e-10	0.16959470769799292	4.897255493477744e-5	0.6998018852323169	3.6802622451052253e-5	1.767009343858096e-5	4.6438141847865984e-5	2.4854298540488194e-17	4.633227447720918e-14	4.8231354964434276e-5	0.1294081412746603	3.6802622451052253e-5	0.27370189842541687	0.04669255976294766	0.12271104966414115	6.567655253220243e-14	1.224312991043311e-10	0.12744954812789294	0.06213290781322986	1.767009343858096e-5	0.04669255976294766	0.4710469124027657	0.058917424061168414	3.1533372968499065e-14	5.878310704237679e-11	0.06119252580763846	0.1632892772457723	4.6438141847865984e-5	0.12271104966414115	0.058917424061168414	0.1942179178695442	8.287173194316855e-14	1.5448578540801453e-10	0.16081789286296624	8.739454861098135e-14	2.4854298540488194e-17	6.567655253220243e-14	3.1533372968499065e-14	8.287173194316855e-14	0.6999999999996463	8.268280508232768e-23	8.607183149064967e-14	1.629170184569712e-10	4.633227447720918e-14	1.224312991043311e-10	5.878310704237679e-11	1.5448578540801453e-10	8.268280508232768e-23	0.6999999993408852	1.6045126821360474e-10	0.16959470769799292	4.8231354964434276e-5	0.12744954812789294	0.06119252580763846	0.16081789286296624	8.607183149064967e-14	1.6045126821360474e-10	0.18089709398801687
0.1848390664144382	0.0001427538904194721	0.07049456081054661	0.09206063218887724	0.17291549084596927	5.445129020842079e-13	4.92011144914102e-10	0.17954749535719336	0.0001427538904194721	0.699448120500359	5.600021761463361e-5	7.313210235003795e-5	0.00013736244335700232	4.325559399205353e-16	3.9084903668046707e-13	0.0001426308455085938	0.07049456081054661	5.600021761463361e-5	0.45506946712494695	0.03611401007124255	0.06783216266724337	2.1360427320817878e-13	1.9300861856060825e-10	0.07043379891518357	0.09206063218887724	7.313210235003795e-5	0.03611401007124255	0.39118720466409584	0.08858373903013128	2.789512297642203e-13	2.5205484278913523e-10	0.09198128169096932	0.17291549084596927	0.00013736244335700232	0.06783216266724337	0.08858373903013128	0.1977647960143815	5.239480510823023e-13	4.734291501666742e-10	0.17276644852496423	5.445129020842079e-13	4.325559399205353e-16	2.1360427320817878e-13	2.789512297642203e-13	5.239480510823023e-13	0.6999999999978944	1.4908339283387296e-21	5.440435660730339e-13	4.92011144914102e-10	3.9084903668046707e-13	1.9300861856060825e-10	2.5205484278913523e-10	4.734291501666742e-10	1.4908339283387296e-21	0.6999999980975183	4.91587062128693e-10	0.17954749535719336	0.0001426308455085938	0.07043379891518357	0.09198128169096932	0.17276644852496423	5.440435660730339e-13	4.91587062128693e-10	0.1851283441740496
0.16507189432402924	0.0819347444177093	0.0833704370602112	0.04780700619371325	0.15917140758721426	1.304099718724161e-7	0.005253846168939111	0.15739053383821344	0.0819347444177093	0.38822656277657003	0.04230029380416464	0.024256204947457505	0.0807600097058259	6.616710094984927e-8	0.0026656839568623735	0.07985643422431016	0.0833704370602112	0.04230029380416464	0.3835047489464499	0.024681231658965203	0.08217511818717946	6.732650677560108e-8	0.0027123931139031495	0.08125570990262054	0.04780700619371325	0.024256204947457505	0.024681231658965203	0.5079842175753496	0.04712157597670216	3.8606955174022514e-8	0.0015553642150454691	0.046594360825812225	0.15917140758721426	0.0807600097058259	0.08217511818717946	0.04712157597670216	0.17045928449171177	1.2854022635941062e-7	0.005178519449982332	0.15513395606115937	1.304099718724161e-7	6.616710094984927e-8	6.732650677560108e-8	3.8606955174022514e-8	1.2854022635941062e-7	0.699999437604384	4.242788237221086e-9	1.2710206659011493e-7	0.005253846168939111	0.0026656839568623735	0.0027123931139031495	0.0015553642150454691	0.005178519449982332	4.242788237221086e-9	0.6775136087616255	0.005120580090853963	0.15739053383821344	0.07985643422431016	0.08125570990262054	0.046594360825812225	0.15513395606115937	1.2710206659011493e-7	0.005120580090853963	0.17464829795496525
0.15311386762067933	0.10434131582057264	0.10347549948958676	0.10528771049719006	0.1478193749680232	0.00010103905131364938	0.004228028529839984	0.08163316402279909	0.10434131582057264	0.28766093264153425	0.07201580492994503	0.0732770487515184	0.10287779546920525	7.032011099828266e-5	0.0029425794448456897	0.056814202831383546	0.10347549948958676	0.07201580492994503	0.2904849092811592	0.07266900135441048	0.1020241233191795	6.973660004655427e-5	0.0029181621436210055	0.056342762882054684	0.10528771049719006	0.0732770487515184	0.07266900135441048	0.2845855785794428	0.10381091575054825	7.09579271709516e-5	0.0029692691746063785	0.057329517965115866	0.1478193749680232	0.10287779546920525	0.1020241233191795	0.10381091575054825	0.15871128908726267	9.962184944382951e-5	0.004168725024311806	0.08048815453203012	0.00010103905131364938	7.032011099828266e-5	6.973660004655427e-5	7.09579271709516e-5	9.962184944382951e-5	0.6995304589017967	2.849450701134754e-6	5.5016108528817494e-5	0.004228028529839984	0.0029425794448456897	0.0029181621436210055	0.0029692691746063785	0.004168725024311806	2.849450701134754e-6	0.6804682102571776	0.00230217597489645	0.08163316402279909	0.056814202831383546	0.056342762882054684	0.057329517965115866	0.08048815453203012	5.5016108528817494e-5	0.00230217597489645	0.3650350056831939
0.15259869408080512	0.06680262897754971	0.10621257076196296	0.11480218412737273	0.1476030241278184	8.7721860896923e-6	0.00032941669074806564	0.11164270904766226	0.06680262897754971	0.4180665952299142	0.04754401924771665	0.05138899484943456	0.06607166147858039	3.926700778456659e-6	0.00014745706061992792	0.04997471645541012	0.10621257076196296	0.04754401924771665	0.2797895217119643	0.0817057252891355	0.10505037193240695	6.243242080084088e-6	0.00023444875935509367	0.07945709905538476	0.11480218412737273	0.05138899484943456	0.0817057252891355	0.25241399610557924	0.11354599605974439	6.748144985925286e-6	0.00025340907810468414	0.08588294634564958	0.1476030241278184	0.06607166147858039	0.10505037193240695	0.11354599605974439	0.15697336547631988	8.67619910497901e-6	0.0003258121485580303	0.11042109257747583	8.7721860896923e-6	3.926700778456659e-6	6.243242080084088e-6	6.748144985925286e-6	8.67619910497901e-6	0.6999590517345968	1.9363321411074383e-8	6.562429042632352e-6	0.00032941669074806564	0.00014745706061992792	0.00023444875935509367	0.00025340907810468414	0.0003258121485580303	1.9363321411074383e-8	0.6984630019016321	0.0002464349976607455	0.11164270904766226	0.04997471645541012	0.07945709905538476	0.08588294634564958	0.11042109257747583	6.562429042632352e-6	0.0002464349976607455	0.2623684390917207
0.17089960830255405	0.08103694598503579	0.09978756444353148	0.08197780922525201	0.16590331595010066	3.6472232275919485e-8	0.001167087508875671	0.09922763211242241	0.08103694598503579	0.40221819119669755	0.048270936121319725	0.039655698729045265	0.08025357078510753	1.7642967880923858e-8	0.0005645633992881723	0.04800007614054004	0.09978756444353148	0.048270936121319725	0.3444854728910242	0.0488313761627764	0.09882292908744664	2.1725260904056616e-8	0.0006951940982490965	0.05910650547039421	0.08197780922525201	0.039655698729045265	0.0488313761627764	0.3992212696647125	0.08118533880437295	1.784780802791732e-8	0.0005711181496271081	0.04855737141640782	0.16590331595010066	0.08025357078510753	0.09882292908744664	0.08118533880437295	0.17441059429009934	3.611965923773695e-8	0.0011558054029240463	0.09826840956029377	3.6472232275919485e-8	1.7642967880923858e-8	2.1725260904056616e-8	1.784780802791732e-8	3.611965923773695e-8	0.699999848334624	2.5409258928789335e-10	2.1603355173119117e-8	0.001167087508875671	0.0005645633992881723	0.0006951940982490965	0.0005711181496271081	0.0011558054029240463	2.5409258928789335e-10	0.6951549379921202	0.0006912931948231371	0.09922763211242241	0.04800007614054004	0.05910650547039421	0.04855737141640782	0.09826840956029377	2.1603355173119117e-8	0.0006912931948231371	0.34614869050176605
0.16819524647203576	0.13496218233213192	0.060751629516301385	0.104480291510596	0.1632847089128571	4.883118353050464e-6	0.011124968848082855	0.05719608928963029	0.13496218233213192	0.23984104605527476	0.04978355454499943	0.08561746133738707	0.1338053526670649	4.001522112481695e-6	0.009116471407756087	0.04686993013326372	0.060751629516301385	0.04978355454499943	0.46549081494034983	0.038539687202856096	0.06023089633007691	1.8012378332807854e-6	0.004103671738924552	0.02109794448865436	0.104480291510596	0.08561746133738707	0.038539687202856096	0.32443313465751944	0.10358473767065535	3.097758124341224e-6	0.007057470276276047	0.0362841195865783	0.1632847089128571	0.1338053526670649	0.06023089633007691	0.10358473767065535	0.17135401963660604	4.841262656356552e-6	0.011029611068858912	0.05670583245121286	4.883118353050464e-6	4.001522112481695e-6	1.8012378332807854e-6	3.097758124341224e-6	4.841262656356552e-6	0.699979349435507	3.298465398012088e-7	1.6958188737397375e-6	0.011124968848082855	0.009116471407756087	0.004103671738924552	0.007057470276276047	0.011029611068858912	3.298465398012088e-7	0.6537039759155007	0.0038635008980603663	0.05719608928963029	0.04686993013326372	0.02109794448865436	0.0362841195865783	0.05670583245121286	1.6958188737397375e-6	0.0038635008980603663	0.4779808873337222
0.1434129897056675	0.12215322064232272	0.08925823351528116	0.09045790337136528	0.13584664010896716	0.00430000994538326	0.0701338776644348	0.044437125046584106	0.12215322064232272	0.2002316955523698	0.07758433190978349	0.07862709940171081	0.11807953619470436	0.0037376204488840767	0.06096121140360796	0.038625284446621895	0.08925823351528116	0.07758433190978349	0.313922814532691	0.05745338487289581	0.08628156310265427	0.002731106040951957	0.04454479394178498	0.028223772083961148	0.09045790337136528	0.07862709940171081	0.05745338487289581	0.3095059663379817	0.08744122520119167	0.0027678133055040657	0.04514349553415168	0.028603111975202884	0.13584664010896716	0.11807953619470436	0.08628156310265427	0.08744122520119167	0.15744424891845535	0.004156609030147441	0.06779498487724138	0.04295519256664406	0.00430000994538326	0.0037376204488840767	0.002731106040951957	0.0027678133055040657	0.004156609030147441	0.6788012200074366	0.002145942726190418	0.0013596784955024446	0.0701338776644348	0.06096121140360796	0.04454479394178498	0.04514349553415168	0.06779498487724138	0.002145942726190418	0.3870991113614477	0.022176582491143938	0.044437125046584106	0.038625284446621895	0.028223772083961148	0.028603111975202884	0.04295519256664406	0.0013596784955024446	0.022176582491143938	0.49361925289434155
