0.6995013985090396	0.00011829452287103804	2.087770752784634e-138	0.00010779465637479102	4.456511603588215e-12	5.100217556582374e-5	6.0877832320902e-32	0.0001234396453287732	9.807048636345044e-5	0.00011829452287103804	0.19036511467763106	2.797092679300598e-135	0.1444179844992561	5.970615291448444e-9	0.06833020901039771	8.156112872515645e-29	0.16537837203824007	0.13139001928098823	2.087770752784634e-138	2.797092679300598e-135	0.7	2.5488216774191016e-135	1.0537492082540558e-142	1.2059544976489878e-135	1.439465961599259e-162	2.9187499125465127e-135	2.318892141453626e-135	0.00010779465637479102	0.1444179844992561	2.5488216774191016e-135	0.22278190463329378	5.440661224775353e-9	0.06226519386973911	7.432173215705864e-29	0.15069932531972693	0.1197277915809477	4.456511603588215e-12	5.970615291448444e-9	1.0537492082540558e-142	5.440661224775353e-9	0.6999999748299011	2.574205144412476e-9	3.07265381138286e-36	6.2303022666097385e-9	4.949858466057189e-9	5.100217556582374e-5	0.06833020901039771	1.2059544976489878e-135	0.06226519386973911	2.574205144412476e-9	0.44140317480975333	3.5164730417164714e-29	0.07130217495090371	0.05664824260943506	6.0877832320902e-32	8.156112872515645e-29	1.439465961599259e-162	7.432173215705864e-29	3.07265381138286e-36	3.5164730417164714e-29	0.7	8.510856257836633e-29	6.76171590053085e-29	0.0001234396453287732	0.16537837203824007	2.9187499125465127e-135	0.15069932531972693	6.2303022666097385e-9	0.07130217495090371	8.510856257836633e-29	0.17539196228873521	0.13710471952676248	9.807048636345044e-5	0.13139001928098823	2.318892141453626e-135	0.1197277915809477	4.949858466057189e-9	0.05664824260943506	6.76171590053085e-29	0.13710471952676248	0.2550311515656442
0.2704158685565691	0.1170852181339481	8.953674606021884e-165	0.10757800693930343	3.095814310137127e-7	0.08809004304166224	1.773526993081487e-13	0.1168305167541485	3.6992756357650365e-8	0.1170852181339481	0.16224538877371053	1.2052959872955943e-164	0.14481578322937225	4.167420338138026e-7	0.1185821241788292	2.387427578263629e-13	0.15727101914418365	4.979767833744146e-8	8.953674606021884e-165	1.2052959872955943e-164	0.7	1.1074270702289868e-164	3.1868861201178985e-170	9.068145158797549e-165	1.82570012012622e-176	1.202674046149446e-164	3.8080999042826036e-171	0.10757800693930343	0.14481578322937225	1.1074270702289868e-164	0.19415165742044177	3.829029669162127e-7	0.10895336560071428	2.193570671642806e-13	0.1445007581528243	4.57541530103125e-8	3.095814310137127e-7	4.167420338138026e-7	3.1868861201178985e-170	3.829029669162127e-7	0.6999981613986084	3.13539354335316e-7	6.312523971001242e-19	4.158354738506872e-7	1.3166851261470887e-13	0.08809004304166224	0.1185821241788292	9.068145158797549e-165	0.10895336560071428	3.13539354335316e-7	0.2660499496697377	1.7962011044596315e-13	0.11832416650381883	3.7465699752991954e-8	1.773526993081487e-13	2.387427578263629e-13	1.82570012012622e-176	2.193570671642806e-13	6.312523971001242e-19	1.7962011044596315e-13	0.6999999999989467	2.3822340866508806e-13	7.543012528123271e-20	0.1168305167541485	0.15727101914418365	1.202674046149446e-164	0.1445007581528243	4.158354738506872e-7	0.11832416650381883	2.3822340866508806e-13	0.16307307391995648	4.96893509363783e-8	3.6992756357650365e-8	4.979767833744146e-8	3.8080999042826036e-171	4.57541530103125e-8	1.3166851261470887e-13	3.7465699752991954e-8	7.543012528123271e-20	4.96893509363783e-8	0.6999997803002299
0.42137690397242195	0.06245678622287961	1.6540866497513113e-156	0.05439645819008234	0.002087448892661175	0.05590897177154698	5.664324722278842e-12	0.0629703360175849	0.04080309492716018	0.06245678622287961	0.15017413318353914	3.7293077281087573e-156	0.12264238511357238	0.004706367280458862	0.12605250186233738	1.277080010559781e-11	0.14197307062921505	0.09199475569523022	1.6540866497513113e-156	3.7293077281087573e-156	0.7	3.2480238606274225e-156	1.2464200863062703e-157	3.3383363619478826e-156	3.382180102243826e-166	3.7599718934298595e-156	2.436361305873127e-156	0.05439645819008234	0.12264238511357238	3.2480238606274225e-156	0.2053040750353403	0.0040989895010779265	0.10978486185378009	1.112267114607905e-11	0.12365080990623598	0.08012242038879132	0.002087448892661175	0.004706367280458862	1.2464200863062703e-157	0.0040989895010779265	0.6770744901012551	0.004212963415868425	4.26829399189638e-13	0.00474506530027151	0.003074675507980207	0.05590897177154698	0.12605250186233738	3.3383363619478826e-156	0.10978486185378009	0.004212963415868425	0.19460148096980714	1.1431941119352358e-11	0.12708896627826943	0.08235025383696168	5.664324722278842e-12	1.277080010559781e-11	3.382180102243826e-166	1.112267114607905e-11	4.26829399189638e-13	1.1431941119352358e-11	0.6999999999373644	1.2875807778407744e-11	8.343179348757559e-12	0.0629703360175849	0.14197307062921505	3.7599718934298595e-156	0.12365080990623598	0.00474506530027151	0.12708896627826943	1.2875807778407744e-11	0.14682057094605078	0.09275118090950007	0.04080309492716018	0.09199475569523022	2.436361305873127e-156	0.08012242038879132	0.003074675507980207	0.08235025383696168	8.343179348757559e-12	0.09275118090950007	0.30890361872603533
0.31920984293018295	0.0821069729988697	4.1133768504818976e-74	0.06838451449289176	6.826352953072373e-5	0.07859033724368206	3.63951116109685e-11	0.08241549778222645	0.06922457098622434	0.0821069729988697	0.13883874850625139	6.597394444600124e-74	0.10968108014689334	0.00010948703385687401	0.12605007349860858	5.837367104467341e-11	0.1321852013519537	0.11102843640519809	4.1133768504818976e-74	6.597394444600124e-74	0.7	5.494778330438409e-74	5.485057042609439e-77	6.314828514477765e-74	2.924391173891047e-83	6.62218478356156e-74	5.562277884250226e-74	0.06838451449289176	0.10968108014689334	5.494778330438409e-74	0.21429419024643487	9.118857242091e-5	0.10498344736340887	4.861773620143953e-11	0.11009321726819633	0.0924723618611406	6.826352953072373e-5	0.00010948703385687401	5.485057042609439e-77	9.118857242091e-5	0.6994240559492465	0.00010479771206205127	4.85317223572433e-14	0.00010989844183073187	9.230876100377808e-5	0.07859033724368206	0.12605007349860858	6.314828514477765e-74	0.10498344736340887	0.00010479771206205127	0.1574745290025144	5.587353090724456e-11	0.12652371867389467	0.10627309644996101	3.63951116109685e-11	5.837367104467341e-11	2.924391173891047e-83	4.861773620143953e-11	4.85317223572433e-14	5.587353090724456e-11	0.6999999996928835	5.859301568198021e-11	4.921497148621142e-11	0.08241549778222645	0.1321852013519537	6.62218478356156e-74	0.11009321726819633	0.00010989844183073187	0.12652371867389467	5.859301568198021e-11	0.13722683007714231	0.11144563634616811	0.06922457098622434	0.11102843640519809	5.562277884250226e-74	0.0924723618611406	9.230876100377808e-5	0.10627309644996101	4.921497148621142e-11	0.11144563634616811	0.2094635891410935
0.19901732448383613	0.11043426893656393	5.526046955512194e-35	0.08519148167931827	2.5932355237644107e-7	0.09647226110434134	2.8096757077324233e-7	0.11312518613728748	0.09575893736753223	0.11043426893656393	0.14530000273182223	6.286117761909105e-35	0.09690900031414598	2.949917729252844e-7	0.10974137551520755	3.196127813203549e-7	0.12868479902935695	0.10892993886835199	5.526046955512194e-35	6.286117761909105e-35	0.7	4.849252784525918e-35	1.4761164304997598e-40	5.491375094880054e-35	1.5993180868274475e-40	6.439289622185663e-35	5.450771421263824e-35	0.08519148167931827	0.09690900031414598	4.849252784525918e-35	0.2499407166666517	2.2756329589277857e-7	0.08465696809237082	2.4655649615401134e-7	0.09927035153565908	0.08403100759206424	2.5932355237644107e-7	2.949917729252844e-7	1.4761164304997598e-40	2.2756329589277857e-7	0.6999984024533348	2.5769648873781986e-7	7.505199485181464e-13	3.0217974495136416e-7	2.557910599627004e-7	0.09647226110434134	0.10974137551520755	5.491375094880054e-35	0.08465696809237082	2.5769648873781986e-7	0.20155532838167584	2.7920470691514867e-7	0.11241540919921342	0.09515812080599775	2.8096757077324233e-7	3.196127813203549e-7	1.5993180868274475e-40	2.4655649615401134e-7	7.505199485181464e-13	2.7920470691514867e-7	0.699998269116764	3.2740068573723554e-7	2.771402446273207e-7	0.11312518613728748	0.12868479902935695	6.439289622185663e-35	0.09927035153565908	3.0217974495136416e-7	0.11241540919921342	3.2740068573723554e-7	0.1349194239880176	0.11158420053003773	0.09575893736753223	0.10892993886835199	5.450771421263824e-35	0.08403100759206424	2.557910599627004e-7	0.09515812080599775	2.771402446273207e-7	0.11158420053003773	0.2045372619047139
0.33348867963980533	0.08476839228877804	1.7204082644885376e-32	0.06377391239444856	2.0572315035447827e-7	0.07641031140977936	2.6568024832213164e-7	0.08851578837294291	0.053042444490843894	0.08476839228877804	0.16715240038417903	2.736108326507893e-32	0.10142495610965387	3.271786332691577e-7	0.12152167226510747	4.2253339200214737e-7	0.14077401893126823	0.08435781030898301	1.7204082644885376e-32	2.736108326507893e-32	0.7	2.0584598575610318e-32	6.640220599239082e-38	2.4663307116541297e-32	8.575483384732105e-38	2.857064750851498e-32	1.7120753397719398e-32	0.06377391239444856	0.10142495610965387	2.0584598575610318e-32	0.27400229773970264	2.46146717332575e-7	0.09142455426853503	3.1788508425966023e-7	0.10590869672451776	0.06346501873133667	2.0572315035447827e-7	3.271786332691577e-7	6.640220599239082e-38	2.46146717332575e-7	0.6999983796622471	2.949191388407624e-7	1.0254400040585992e-12	3.416423725949957e-7	2.0472671505493337e-7	0.07641031140977936	0.12152167226510747	2.4663307116541297e-32	0.09142455426853503	2.949191388407624e-7	0.20770873601355613	3.808720112790034e-7	0.1268938378387575	0.07604021241310965	2.6568024832213164e-7	4.2253339200214737e-7	8.575483384732105e-38	3.1788508425966023e-7	1.0254400040585992e-12	3.808720112790034e-7	0.6999979074223085	4.41212523879789e-7	2.64393406382545e-7	0.08851578837294291	0.14077401893126823	2.857064750851498e-32	0.10590869672451776	3.416423725949957e-7	0.1268938378387575	4.41212523879789e-7	0.1498198196746555	0.08808705560295631	0.053042444490843894	0.08435781030898301	1.7120753397719398e-32	0.06346501873133667	2.0472671505493337e-7	0.07604021241310965	2.64393406382545e-7	0.08808705560295631	0.3350069893326458
0.346599692556076	0.07965760874864933	4.983122199430777e-54	0.07122628544175659	1.7957847917114897e-8	0.05924863538935597	2.927178167844029e-11	0.08660821049166942	0.05665954938537348	0.07965760874864933	0.18526410078775513	7.920022334962678e-54	0.11320488419882176	2.854165539180628e-8	0.09416797277284553	4.652367640189132e-11	0.13765244640469096	0.0900529584990589	4.983122199430777e-54	7.920022334962678e-54	0.7	7.081731179191392e-54	1.7854735890979724e-60	5.890843611442403e-54	2.910370626476147e-63	8.611091548700316e-54	5.633421636306496e-54	0.07122628544175659	0.11320488419882176	7.081731179191392e-54	0.22776396813884958	2.5520676880116794e-8	0.08420080659656988	4.159939906879531e-11	0.12308268592788832	0.08052134413383812	1.7957847917114897e-8	2.854165539180628e-8	1.7854735890979724e-60	2.5520676880116794e-8	0.6999998554173458	2.1229034618070302e-8	1.0488202175468864e-17	3.103208515528234e-8	2.0301354241188917e-8	0.05924863538935597	0.09416797277284553	5.890843611442403e-54	0.08420080659656988	2.1229034618070302e-8	0.29301726763913255	3.460390518130864e-11	0.10238469037174916	0.06698060596670892	2.927178167844029e-11	4.652367640189132e-11	2.910370626476147e-63	4.159939906879531e-11	1.0488202175468864e-17	3.460390518130864e-11	0.6999999997643264	5.0583144811381715e-11	3.309176087622379e-11	0.08660821049166942	0.13765244640469096	8.611091548700316e-54	0.12308268592788832	3.103208515528234e-8	0.10238469037174916	5.0583144811381715e-11	0.15236131917629164	0.09791061654504295	0.05665954938537348	0.0900529584990589	5.633421636306496e-54	0.08052134413383812	2.0301354241188917e-8	0.06698060596670892	3.309176087622379e-11	0.09791061654504295	0.3078749051355321
0.6480034304551066	0.012319159472664811	1.796972061857975e-55	0.010213448101923926	1.6976311455865003e-9	0.011669726458661179	9.883589520457622e-18	0.013745565040232052	0.0040486687737795995	0.012319159472664811	0.2201766506951806	2.1173054551711647e-54	0.12034126651892411	2.0002557422636537e-8	0.13750005364986828	1.1645466533686954e-16	0.16195888885440893	0.04770396080638795	1.796972061857975e-55	2.1173054551711647e-54	0.7	1.7553948733511535e-54	2.9177345202766906e-61	2.0056867959299026e-54	1.6987017705852267e-69	2.362463113548595e-54	6.958484870600018e-55	0.010213448101923926	0.12034126651892411	1.7553948733511535e-54	0.28162284846374736	1.658352443566992e-8	0.11399719802968865	9.654909357121513e-17	0.134275289611293	0.03954993269089189	1.6976311455865003e-9	2.0002557422636537e-8	2.9177345202766906e-61	1.658352443566992e-8	0.6999999138758025	1.8948076296421062e-8	1.6047934712055284e-23	2.2318604985503285e-8	6.573803173216325e-9	0.011669726458661179	0.13750005364986828	2.0056867959299026e-54	0.11399719802968865	1.8948076296421062e-8	0.23822301580264998	1.1031548802754717e-16	0.1534208510469768	0.04518913606407118	9.883589520457622e-18	1.1645466533686954e-16	1.6987017705852267e-69	9.654909357121513e-17	1.6047934712055284e-23	1.1031548802754717e-16	0.6999999999999994	1.2993866831404326e-16	3.8272608464605565e-17	0.013745565040232052	0.16195888885440893	2.362463113548595e-54	0.134275289611293	2.2318604985503285e-8	0.1534208510469768	1.2993866831404326e-16	0.18337189651334795	0.053227486615127405	0.0040486687737795995	0.04770396080638795	6.958484870600018e-55	0.03954993269089189	6.573803173216325e-9	0.04518913606407118	3.8272608464605565e-17	0.053227486615127405	0.510280808475936
0.6836583259337476	0.004131445515744349	1.4823820115913157e-51	0.0032007854081401266	2.9275129654414297e-9	0.004116975968236694	1.4819596662757176e-15	0.004329122923274014	0.0005633413233426663	0.004131445515744349	0.20188685103054305	5.997181692594569e-50	0.1294922057979879	1.1843659072961611e-7	0.16655796355121893	5.995473036138369e-14	0.1751406623760901	0.022790753291763884	1.4823820115913157e-51	5.997181692594569e-50	0.7	4.646241025924162e-50	4.249560376452265e-56	5.976177783652204e-50	2.1512038210071963e-62	6.284129039463519e-50	8.177429081801529e-51	0.0032007854081401266	0.1294922057979879	4.646241025924162e-50	0.2849233585506769	9.175725782962916e-8	0.12903868568825283	4.644917265842687e-14	0.13568802356682813	0.017656849230808878	2.9275129654414297e-9	1.1843659072961611e-7	4.249560376452265e-56	9.175725782962916e-8	0.6999995286040518	1.1802179066274461e-7	4.248349634616278e-20	1.2410343012586662e-7	1.6149366002662862e-8	0.004116975968236694	0.16655796355121893	5.976177783652204e-50	0.12903868568825283	1.1802179066274461e-7	0.20304805562310888	5.974475111417669e-14	0.17452726783291736	0.02271093331441365	1.4819596662757176e-15	5.995473036138369e-14	2.1512038210071963e-62	4.644917265842687e-14	4.248349634616278e-20	5.974475111417669e-14	0.6999999999997614	6.282338628866465e-14	8.175099251272467e-15	0.004329122923274014	0.1751406623760901	6.284129039463519e-50	0.13568802356682813	1.2410343012586662e-7	0.17452726783291736	6.282338628866465e-14	0.186433575994025	0.02388122320337117	0.0005633413233426663	0.022790753291763884	8.177429081801529e-51	0.017656849230808878	1.6149366002662862e-8	0.02271093331441365	8.175099251272467e-15	0.02388122320337117	0.6123968834869254
0.6619421578772872	0.00876725571399846	9.459874853661813e-48	0.007530798781694517	1.9091029309312512e-6	0.008668007798575876	1.534260474975879e-16	0.009094639640526004	0.003995231084986986	0.00876725571399846	0.1808664384065585	1.6483116164956063e-46	0.13121847070263362	3.326467407675801e-5	0.1510334773692758	2.673332790077961e-15	0.15846721441053382	0.06961387872292268	9.459874853661813e-48	1.6483116164956063e-46	0.7	1.4158481876533313e-46	3.5892605859726197e-50	1.6296522437978519e-46	2.8845278912019333e-60	1.7098623168233817e-46	7.51134222930634e-47	0.007530798781694517	0.13121847070263362	1.4158481876533313e-46	0.23557458413925608	2.8573315890710473e-5	0.1297330389886502	2.2963093555533368e-15	0.13611838688769212	0.0597961471841824	1.9091029309312512e-6	3.326467407675801e-5	3.5892605859726197e-50	2.8573315890710473e-5	0.6998536992824195	3.288810817437894e-5	5.821282772377171e-19	3.45068323950696e-5	1.5158684112660946e-5	0.008668007798575876	0.1510334773692758	1.6296522437978519e-46	0.1297330389886502	3.288810817437894e-5	0.18503343971436723	2.643069875968767e-15	0.15667331889680342	0.06882582912415267	1.534260474975879e-16	2.673332790077961e-15	2.8845278912019333e-60	2.2963093555533368e-15	5.821282772377171e-19	2.643069875968767e-15	0.6999999999999882	2.7731594877677678e-15	1.2182355131242537e-15	0.009094639640526004	0.15846721441053382	1.7098623168233817e-46	0.13611838688769212	3.45068323950696e-5	0.15667331889680342	2.7731594877677678e-15	0.16739855646505689	0.07221337686699228	0.003995231084986986	0.06961387872292268	7.51134222930634e-47	0.0597961471841824	1.5158684112660946e-5	0.06882582912415267	1.2182355131242537e-15	0.07221337686699228	0.4255403783326502
0.18399234108013546	0.13442851431255248	8.85523161981322e-168	0.11659233564019766	0.0024972492593130944	0.12439249668523432	1.2840202595329852e-28	0.1380970630225627	1.5972775886177482e-71	0.13442851431255248	0.16334541514274015	9.334380739980466e-168	0.12290104866304499	0.002632373312168012	0.13112326984861253	1.3534975136632536e-28	0.14556937872087725	1.6837049328259621e-71	8.85523161981322e-168	9.334380739980466e-168	0.7	8.095880980271877e-168	1.7340275988519204e-169	8.637504707945086e-168	8.915916419683476e-195	9.589115612247088e-168	1.1091097179673097e-237	0.11659233564019766	0.12290104866304499	8.095880980271877e-168	0.21824286034339388	0.002283106038269539	0.11372563601264249	1.1739134156782358e-28	0.1262550133024475	1.4603084148551849e-71	0.0024972492593130944	0.002632373312168012	1.7340275988519204e-169	0.002283106038269539	0.6874472122649136	0.0024358484521135766	2.514362879603781e-30	0.0027042106732219798	3.127782017009782e-73	0.12439249668523432	0.13112326984861253	8.637504707945086e-168	0.11372563601264249	0.0024358484521135766	0.19362113043029866	1.2524495702628458e-28	0.13470161857109436	1.5580047235254563e-71	1.2840202595329852e-28	1.3534975136632536e-28	8.915916419683476e-195	1.1739134156782358e-28	2.514362879603781e-30	1.2524495702628458e-28	0.7	1.3904344059821455e-28	1.608223713458304e-98	0.1380970630225627	0.14556937872087725	9.589115612247088e-168	0.1262550133024475	0.0027042106732219798	0.13470161857109436	1.3904344059821455e-28	0.15267271570979166	1.729653172237396e-71	1.5972775886177482e-71	1.6837049328259621e-71	1.1091097179673097e-237	1.4603084148551849e-71	3.127782017009782e-73	1.5580047235254563e-71	1.608223713458304e-98	1.729653172237396e-71	0.7
0.6988262631560307	0.0002743740094053355	8.747115566505003e-224	0.0002274135405477198	0.00013212347827161624	0.00026371553226979414	1.6404522182530292e-37	0.0002761102834747342	6.710986731597908e-92	0.0002743740094053355	0.17000919202134754	5.151970581097907e-221	0.1339444828111839	0.07781951295284811	0.15532602189860162	9.66211261744346e-35	0.16262641630660574	3.9527094330074714e-89	8.747115566505003e-224	5.151970581097907e-221	0.7	4.2701853327306627e-221	2.4809065355825884e-221	4.951834421114578e-221	3.0803069089721366e-254	5.184572914480915e-221	1.260134160894717e-308	0.0002274135405477198	0.1339444828111839	4.2701853327306627e-221	0.23779447955462937	0.06450031838898436	0.12874120495491345	8.008394250847305e-35	0.13479210074973472	3.276183662092591e-89	0.00013212347827161624	0.07781951295284811	2.4809065355825884e-221	0.06450031838898436	0.4044395851196215	0.0747964952067264	4.6527436371816766e-35	0.0783119648535442	1.903408125346364e-89	0.00026371553226979414	0.15532602189860162	4.951834421114578e-221	0.12874120495491345	0.0747964952067264	0.1845636174371576	9.286773106834393e-35	0.15630894497032372	3.7991604025928966e-89	1.6404522182530292e-37	9.66211261744346e-35	3.0803069089721366e-254	8.008394250847305e-35	4.6527436371816766e-35	9.286773106834393e-35	0.7	9.723255710514254e-35	2.3632817742250362e-122	0.0002761102834747342	0.16262641630660574	5.184572914480915e-221	0.13479210074973472	0.0783119648535442	0.15630894497032372	9.723255710514254e-35	0.167684462836309	3.9777226873870424e-89	6.710986731597908e-92	3.9527094330074714e-89	1.260134160894717e-308	3.276183662092591e-89	1.903408125346364e-89	3.7991604025928966e-89	2.3632817742250362e-122	3.9777226873870424e-89	0.7
0.688842312806377	0.002398399224640288	1.3898219312688602e-112	0.0020567569791008857	0.00018578710517493628	0.0022032344729885607	5.062827756618986e-10	0.0025466484773228448	0.0017668604281126429	0.002398399224640288	0.18399283988923362	8.149346413761866e-111	0.12059980300003659	0.010893794702881794	0.12918864314318027	2.9686347792935706e-8	0.14932503343673517	0.10360145691694436	1.3898219312688602e-112	8.149346413761866e-111	0.7	6.988505057630406e-111	6.312725019779149e-112	7.486210288372123e-111	1.7202614476363902e-117	8.653071774944248e-111	6.003486636223813e-111	0.0020567569791008857	0.12059980300003659	6.988505057630406e-111	0.2403170147798297	0.00934201781498859	0.11078624470667972	2.545764790942764e-8	0.12805428784340142	0.08884384941831495	0.00018578710517493628	0.010893794702881794	6.312725019779149e-112	0.00934201781498859	0.6499786284616249	0.01000733480250733	2.2995923960461894e-9	0.011567159214922795	0.008025275598307348	0.0022032344729885607	0.12918864314318027	7.486210288372123e-111	0.11078624470667972	0.01000733480250733	0.2154693926760579	2.727068294659468e-8	0.13717401922414627	0.09517110370375687	5.062827756618986e-10	2.9686347792935706e-8	1.7202614476363902e-117	2.545764790942764e-8	2.2995923960461894e-9	2.727068294659468e-8	0.6999998613886993	3.1521312893809285e-8	2.1869433842230288e-8	0.0025466484773228448	0.14932503343673517	8.653071774944248e-111	0.12805428784340142	0.011567159214922795	0.13717401922414627	3.1521312893809285e-8	0.16132757603616138	0.11000524424599695	0.0017668604281126429	0.10360145691694436	6.003486636223813e-111	0.08884384941831495	0.008025275598307348	0.09517110370375687	2.1869433842230288e-8	0.11000524424599695	0.29258618781913287
0.2873241521934324	0.08794018346899274	8.857654069510616e-11	0.07616986302500092	1.4746424732127512e-7	0.08710711787143713	0.0037683322606488112	0.08932423696066935	0.06836596666699107	0.08794018346899274	0.14182255546851738	1.282642914378449e-10	0.1102986573324062	2.1353732090514445e-7	0.12613647660311045	0.005456777421216188	0.1293470017238934	0.09899813431627291	8.857654069510616e-11	1.282642914378449e-10	0.6999999993095192	1.1109680608369728e-10	2.1508253052198366e-16	1.2704923178733384e-10	5.496264031390339e-12	1.3028298907320487e-10	9.971450964844537e-11	0.07616986302500092	0.1102986573324062	1.1109680608369728e-10	0.20176872157196127	1.8495649932099038e-7	0.10925378781706568	0.00472641712054772	0.11203460142287977	0.08574776664253783	1.4746424732127512e-7	2.1353732090514445e-7	2.1508253052198366e-16	1.8495649932099038e-7	0.6999988504720772	2.1151446185683474e-7	9.1503058496927e-9	2.1689809481922484e-7	1.6600699233595644e-7	0.08710711787143713	0.12613647660311045	1.2704923178733384e-10	0.10925378781706568	2.1151446185683474e-7	0.1459153200377733	0.0054050848574323474	0.12812168545739805	0.09806031571426652	0.0037683322606488112	0.005456777421216188	5.496264031390339e-12	0.00472641712054772	9.1503058496927e-9	0.0054050848574323474	0.6708585423923552	0.005542659341689998	0.004242177450307385	0.08932423696066935	0.1293470017238934	1.3028298907320487e-10	0.11203460142287977	2.1689809481922484e-7	0.12812168545739805	0.005542659341689998	0.13507337382831386	0.10055622423677234	0.06836596666699107	0.09899813431627291	9.971450964844537e-11	0.08574776664253783	1.6600699233595644e-7	0.09806031571426652	0.004242177450307385	0.10055622423677234	0.2440292488661411
0.45160561415174894	0.05592214786342033	1.3531856709933006e-29	0.051354086148951136	3.6554889176663484e-9	0.04944727145199653	2.1394403663008925e-7	0.06468437923794937	0.026986283546409053	0.05592214786342033	0.22024365017413666	2.979787500666251e-29	0.1130844549236585	8.049582861523013e-9	0.10888554658323747	4.711162554096974e-7	0.1424384760149824	0.05942524527472856	1.3531856709933006e-29	2.979787500666251e-29	0.7	2.7363803047857964e-29	1.947811484689275e-36	2.6347765070570497e-29	1.1399915606772104e-34	3.446679215761588e-29	1.4379524655851935e-29	0.051354086148951136	0.1130844549236585	2.7363803047857964e-29	0.25019564431008184	7.392043895441505e-9	0.09999111180900926	4.3263260963383763e-7	0.13080323356076703	0.05457102922288063	3.6554889176663484e-9	8.049582861523013e-9	1.947811484689275e-36	7.392043895441505e-9	0.6999999605899623	7.117571910885525e-9	3.079567427897586e-14	9.310841775851028e-9	3.884477507228719e-9	0.04944727145199653	0.10888554658323747	2.6347765070570497e-29	0.09999111180900926	7.117571910885525e-9	0.26318446534930307	4.165686451025854e-7	0.12594641403837448	0.05254476708186398	2.1394403663008925e-7	4.711162554096974e-7	1.1399915606772104e-34	4.3263260963383763e-7	3.079567427897586e-14	4.165686451025854e-7	0.6999976934587259	5.449336925418236e-7	2.2734600399933507e-7	0.06468437923794937	0.1424384760149824	3.446679215761588e-29	0.13080323356076703	9.310841775851028e-9	0.12594641403837448	5.449336925418236e-7	0.16739057907404606	0.06873636382934882	0.026986283546409053	0.05942524527472856	1.4379524655851935e-29	0.05457102922288063	3.884477507228719e-9	0.05254476708186398	2.2734600399933507e-7	0.06873636382934882	0.43773607981428847
0.6340915057080596	0.01651343584231092	7.782210288108278e-57	0.014751049087059364	5.956069154629804e-7	0.017180287605605	2.5631652398349406e-23	0.01746312615004974	4.0501680766436874e-16	0.01651343584231092	0.20211886489649397	7.583966451570379e-56	0.14375281219613523	5.804344393130732e-6	0.1674263737492901	2.497871230547898e-22	0.17018270897137688	3.946994193079517e-15	7.782210288108278e-57	7.583966451570379e-56	0.7	6.774572079971855e-56	2.7353864503599465e-60	7.890225030904594e-56	1.1771601848558255e-76	8.0201215619937735e-56	1.8600816395692342e-69	0.014751049087059364	0.14375281219613523	6.774572079971855e-56	0.23991300246490296	5.1848791419828095e-6	0.14955789220533944	2.231287388452353e-22	0.1520200591674211	3.5257535527086583e-15	5.956069154629804e-7	5.804344393130732e-6	2.7353864503599465e-60	5.1848791419828095e-6	0.6999762382787852	6.038737606650111e-6	9.009326666219418e-27	6.1381531574346865e-6	1.423602610104309e-19	0.017180287605605	0.1674263737492901	7.890225030904594e-56	0.14955789220533944	6.038737606650111e-6	0.1887743167114721	2.598741203973084e-22	0.17705509099068684	4.106383193799929e-15	2.5631652398349406e-23	2.497871230547898e-22	1.1771601848558255e-76	2.231287388452353e-22	9.009326666219418e-27	2.598741203973084e-22	0.7	2.641524200183259e-22	6.126404228737427e-36	0.01746312615004974	0.17018270897137688	8.0201215619937735e-56	0.1520200591674211	6.1381531574346865e-6	0.17705509099068684	2.641524200183259e-22	0.18327287656730804	4.173986453543253e-15	4.0501680766436874e-16	3.946994193079517e-15	1.8600816395692342e-69	3.5257535527086583e-15	1.423602610104309e-19	4.106383193799929e-15	6.126404228737427e-36	4.173986453543253e-15	0.6999999999999837
0.6998696312518523	3.2017268403578235e-5	3.1602617612102134e-103	2.36503035287736e-5	4.907772889664309e-11	3.323236900792099e-5	5.7472432670505485e-56	4.146875812964957e-5	4.152155007852124e-87	3.2017268403578235e-5	0.29376657902499304	1.3052195725212253e-99	0.09767810831594523	2.0269590676646532e-7	0.13725299278302727	2.3736686917107027e-52	0.17127009991172365	1.714881359167932e-83	3.1602617612102134e-103	1.3052195725212253e-99	0.7	9.641309393643722e-100	2.0007082279270927e-105	1.354754500716202e-99	2.3429276681694852e-150	1.6905200680054966e-99	1.6926721905435685e-181	2.36503035287736e-5	0.09767810831594523	9.641309393643722e-100	0.3744002992540491	1.4972606840286053e-7	0.10138513063120613	1.753365850205731e-52	0.1265126617692018	1.2667371915970426e-83	4.907772889664309e-11	2.0269590676646532e-7	2.0007082279270927e-105	1.4972606840286053e-7	0.6999991746087557	2.1038850301500131e-7	3.6384824299754445e-58	2.625316883881684e-7	2.628659052804913e-89	3.323236900792099e-5	0.13725299278302727	1.354754500716202e-99	0.10138513063120613	2.1038850301500131e-7	0.2835583914703069	2.4637527746328056e-52	0.17777004235794816	1.7799635313768585e-83	5.7472432670505485e-56	2.3736686917107027e-52	2.3429276681694852e-150	1.753365850205731e-52	3.6384824299754445e-58	2.4637527746328056e-52	0.7	3.0743751033261796e-52	3.0782889474003065e-134	4.146875812964957e-5	0.17127009991172365	1.6905200680054966e-99	0.1265126617692018	2.625316883881684e-7	0.17777004235794816	3.0743751033261796e-52	0.22440546467130773	2.2211139129043262e-83	4.152155007852124e-87	1.714881359167932e-83	1.6926721905435685e-181	1.2667371915970426e-83	2.628659052804913e-89	1.7799635313768585e-83	3.0782889474003065e-134	2.2211139129043262e-83	0.7
0.6999940238001422	1.3491371130582403e-6	1.0417805744879595e-121	1.3164362244404314e-6	6.620946571675356e-13	1.3275818174184872e-6	2.9546119251501873e-66	1.983044040878158e-6	2.4421048460760964e-98	1.3491371130582403e-6	0.3326196898316107	8.271516644235008e-117	0.10452224209387745	5.2568910487816336e-8	0.10540717851989181	2.345899157137478e-61	0.1574494878485979	1.9389794142796114e-93	1.0417805744879595e-121	8.271516644235008e-117	0.7	8.071028538270493e-117	4.0592812426648655e-123	8.139361813617784e-117	1.811463155196741e-176	1.215797981659011e-116	1.4972466983356502e-208	1.3164362244404314e-6	0.10452224209387745	8.071028538270493e-117	0.3389909417401083	5.129472562551952e-8	0.1028522800066614	2.289038378270999e-61	0.15363316842840435	1.8919817079346636e-93	6.620946571675356e-13	5.2568910487816336e-8	4.0592812426648655e-123	5.129472562551952e-8	0.6999997671376981	5.172901186220075e-8	1.151259781649413e-67	7.726899191292304e-8	9.515622230881057e-100	1.3275818174184872e-6	0.10540717851989181	8.139361813617784e-117	0.1028522800066614	5.172901186220075e-8	0.3368052601844675	2.3084184968074676e-61	0.15493390197815143	1.9080001504896987e-93	2.9546119251501873e-66	2.345899157137478e-61	1.811463155196741e-176	2.289038378270999e-61	1.151259781649413e-67	2.3084184968074676e-61	0.7	3.448145706641567e-61	4.246367285134462e-153	1.983044040878158e-6	0.1574494878485979	1.215797981659011e-116	0.15363316842840435	7.726899191292304e-8	0.15493390197815143	3.448145706641567e-61	0.23398138143181563	2.8500302420385776e-93	2.4421048460760964e-98	1.9389794142796114e-93	1.4972466983356502e-208	1.8919817079346636e-93	9.515622230881057e-100	1.9080001504896987e-93	4.246367285134462e-153	2.8500302420385776e-93	0.7
0.6999903196231573	2.137454699170589e-6	1.4526980720782009e-99	2.5544496836794555e-6	1.6504701950287043e-13	1.8732237569108536e-6	7.859637192917347e-51	3.1152485379507763e-6	5.6847791830949825e-59	2.137454699170589e-6	0.327134995813252	7.180999052358366e-95	0.1262719426037198	8.158629197801289e-9	0.09259747969506424	3.885187728891113e-46	0.15399343627463055	2.810108632433988e-54	1.4526980720782009e-99	7.180999052358366e-95	0.7	8.581936620653176e-95	5.5449244894153185e-102	6.293288006736114e-95	2.640526007691337e-139	1.0465998089955273e-94	1.9098600752807642e-147	2.5544496836794555e-6	0.1262719426037198	8.581936620653176e-95	0.27902727688254925	9.750292149662152e-9	0.11066227640209458	4.6431470893639444e-46	0.18403593991165465	3.358331341483562e-54	1.6504701950287043e-13	8.158629197801289e-9	5.5449244894153185e-102	9.750292149662152e-9	0.6999999630499975	7.150064065955764e-9	3.000010503667884e-53	1.1890852091506494e-8	2.1698708021390508e-61	1.8732237569108536e-6	0.09259747969506424	6.293288006736114e-95	0.11066227640209458	7.150064065955764e-9	0.3617815088410966	3.404903016958171e-46	0.13495685468791935	2.4627245909905025e-54	7.859637192917347e-51	3.885187728891113e-46	2.640526007691337e-139	4.6431470893639444e-46	3.000010503667884e-53	3.404903016958171e-46	0.7	5.662494459783813e-46	1.0333053763519117e-98	3.1152485379507763e-6	0.15399343627463055	1.0465998089955273e-94	0.18403593991165465	1.1890852091506494e-8	0.13495685468791935	5.662494459783813e-46	0.22701064198639817	4.095612792200828e-54	5.6847791830949825e-59	2.810108632433988e-54	1.9098600752807642e-147	3.358331341483562e-54	2.1698708021390508e-61	2.4627245909905025e-54	1.0333053763519117e-98	4.095612792200828e-54	0.7
0.6999785640682284	4.977524233742969e-6	4.455861199507041e-79	6.073335922632079e-6	8.538141875695597e-15	4.0707898174574044e-6	3.440136513860448e-27	6.2632646246127625e-6	5.101716460507001e-8	4.977524233742969e-6	0.2746057163573953	1.1516762478140704e-74	0.1569733978218427	2.2067956694416686e-10	0.10521494572424595	8.891487716649011e-23	0.16188235627130043	0.0013186060803011554	4.455861199507041e-79	1.1516762478140704e-74	0.7	1.4052200247816023e-74	1.975515283691749e-83	9.41880284746226e-75	7.959626766642006e-96	1.4491648384233884e-74	1.1804112636594322e-76	6.073335922632079e-6	0.1569733978218427	1.4052200247816023e-74	0.2155123337013401	2.692626049366429e-10	0.12837822167353505	1.0848966116345553e-22	0.1975210734119316	0.0016088997861637788	8.538141875695597e-15	2.2067956694416686e-10	1.975515283691749e-83	2.692626049366429e-10	0.6999999990496251	1.8047930895992756e-10	1.525191642385365e-31	2.7768313324250856e-10	2.2618565501789774e-12	4.0707898174574044e-6	0.10521494572424595	9.41880284746226e-75	0.12837822167353505	1.8047930895992756e-10	0.332931424368221	7.271763221886795e-23	0.13239293604396554	0.0010784012197346837	3.440136513860448e-27	8.891487716649011e-23	7.959626766642006e-96	1.0848966116345553e-22	1.525191642385365e-31	7.271763221886795e-23	0.7	1.1188240952870142e-22	9.113335689038552e-25	6.2632646246127625e-6	0.16188235627130043	1.4491648384233884e-74	0.1975210734119316	2.7768313324250856e-10	0.13239293604396554	1.1188240952870142e-22	0.20653815654514324	0.00165921418534996	5.101716460507001e-8	0.0013186060803011554	1.1804112636594322e-76	0.0016088997861637788	2.2618565501789774e-12	0.0010784012197346837	9.113335689038552e-25	0.00165921418534996	0.694334827709024
0.17508837018467532	0.1141631095994223	3.217506723274889e-44	0.10514412753999743	4.627551112323537e-9	0.09061688284593612	2.6519081065649255e-7	0.11469833279668866	0.10028890721491937	0.1141631095994223	0.13337509001398806	3.544258379807916e-44	0.11582196625277727	5.097498845674017e-9	0.09981941733190343	2.921220789122891e-7	0.12634644217647206	0.11047367740586023	3.217506723274889e-44	3.544258379807916e-44	0.7	3.264258974977271e-44	1.4366494452885095e-51	2.8132524377244756e-44	8.232998875164522e-50	3.5608746870251504e-44	3.113525910825883e-44	0.10514412753999743	0.11582196625277727	3.264258974977271e-44	0.1689889032337931	4.694792132460016e-9	0.091933599073645	2.6904418800588056e-7	0.11636496655566844	0.10174616360513955	4.627551112323537e-9	5.097498845674017e-9	1.4366494452885095e-51	4.694792132460016e-9	0.6999999719346114	4.04613589561925e-9	1.1841039158341812e-14	5.121397105276583e-9	4.478001611516607e-9	0.09061688284593612	0.09981941733190343	2.8132524377244756e-44	0.091933599073645	4.04613589561925e-9	0.22965407206321284	2.3187168161754558e-7	0.10028739396534575	0.08768839880214013	2.6519081065649255e-7	2.921220789122891e-7	8.232998875164522e-50	2.6904418800588056e-7	1.1841039158341812e-14	2.3187168161754558e-7	0.699998391659028	2.9349161512776306e-7	2.5662058584651735e-7	0.11469833279668866	0.12634644217647206	3.5608746870251504e-44	0.11636496655566844	5.121397105276583e-9	0.10028739396534575	2.9349161512776306e-7	0.131310962205492	0.11099160368732196	0.10028890721491937	0.11047367740586023	3.113525910825883e-44	0.10174616360513955	4.478001611516607e-9	0.08768839880214013	2.5662058584651735e-7	0.11099160368732196	0.18881098818603204
0.16450020968694545	0.11577246615775852	8.081915338230061e-28	0.10697317257450015	1.2660847680919927e-7	0.08330598074139496	0.00026180804638420077	0.1186158275163112	0.11057040866822654	0.11577246615775852	0.1420020772813152	8.515120399960369e-28	0.11270712521929142	1.3339491674531983e-7	0.08777132973594201	0.00027584142413549477	0.12497384720977764	0.11649717957686051	8.081915338230061e-28	8.515120399960369e-28	0.7	7.8679281375623e-28	9.31211417934949e-34	6.127194829581852e-28	1.9256107351138775e-30	8.724250991302173e-28	8.132506577166618e-28	0.10697317257450015	0.11270712521929142	7.8679281375623e-28	0.1758464323957789	1.2325622769505017e-7	0.08110026429031944	0.00025487607931779996	0.11547520208003137	0.10764280410453089	1.2660847680919927e-7	1.3339491674531983e-7	9.31211417934949e-34	1.2325622769505017e-7	0.6999992563801092	9.598650468620841e-8	3.016594852793921e-10	1.366710839056889e-7	1.2740102157533266e-7	0.08330598074139496	0.08777132973594201	6.127194829581852e-28	0.08110026429031944	9.598650468620841e-8	0.2738693971210545	0.0001984862301835878	0.08992698570184231	0.08382746019275668	0.00026180804638420077	0.00027584142413549477	1.9256107351138775e-30	0.00025487607931779996	3.016594852793921e-10	0.0001984862301835878	0.6984629249391024	0.0002826160647085499	0.0002634469145083795	0.1186158275163112	0.12497384720977764	8.724250991302173e-28	0.11547520208003137	1.366710839056889e-7	0.08992698570184231	0.0002826160647085499	0.13136704492442258	0.11935833983181997	0.11057040866822654	0.11649717957686051	8.132506577166618e-28	0.10764280410453089	1.2740102157533266e-7	0.08382746019275668	0.0002634469145083795	0.11935833983181997	0.16184023331027306
0.21030310404174313	0.11470220125586184	5.039284597711656e-16	0.09220458246569807	5.628008512723079e-7	0.10313149387474062	0.002043296089195158	0.08626987323160928	0.09134488624030385	0.11470220125586184	0.1391911357151524	5.994907308549061e-16	0.1096897614308856	6.695273646743629e-7	0.12268879329657614	0.0024307757224523927	0.10262962599465553	0.10866703705705522	5.039284597711656e-16	5.994907308549061e-16	0.699999999999997	4.819069897990116e-16	2.9414770593843052e-21	5.390164614122163e-16	1.0679281238309946e-17	4.508892487513137e-16	4.774137899054443e-16	0.09220458246569807	0.1096897614308856	4.819069897990116e-16	0.2276733574497631	5.382066815915089e-7	0.0986246892847056	0.001954004876127209	0.08249991464714254	0.08735315163899933	5.628008512723079e-7	6.695273646743629e-7	2.9414770593843052e-21	5.382066815915089e-7	0.6999965787963296	6.019880747960495e-7	1.192690838423079e-8	5.035652345215902e-7	5.331885551570846e-7	0.10313149387474062	0.12268879329657614	5.390164614122163e-16	0.0986246892847056	6.019880747960495e-7	0.18338696703920265	0.0021855686184414505	0.09227675257098719	0.09770513332727493	0.002043296089195158	0.0024307757224523927	1.0679281238309946e-17	0.001954004876127209	1.192690838423079e-8	0.0021855686184414505	0.6876223204504207	0.001828236172753699	0.0019357861437010475	0.08626987323160928	0.10262962599465553	4.508892487513137e-16	0.08249991464714254	5.035652345215902e-7	0.09227675257098719	0.001828236172753699	0.2527643911046444	0.0817307027129756	0.09134488624030385	0.10866703705705522	4.774137899054443e-16	0.08735315163899933	5.331885551570846e-7	0.09770513332727493	0.0019357861437010475	0.0817307027129756	0.23126276969113793
