0.16449267222332498	0.12459821283383074	4.652497403036111e-45	0.1267397724161024	4.1642016211910976e-5	0.10942072457680672	0.008783521534501184	0.062160772774614015	0.10376268162461297	0.12459821283383074	0.14548250316748687	4.867739068278473e-45	0.13260322107691797	4.356852925147809e-5	0.1144829302976672	0.009189879590831198	0.06503655906436645	0.10856312543965307	4.652497403036111e-45	4.867739068278473e-45	0.7	4.951404419559014e-45	1.6268489297429723e-48	4.27479274210939e-45	3.4315011393925614e-46	2.4284651863578955e-45	4.0537472222581364e-45	0.1267397724161024	0.13260322107691797	4.951404419559014e-45	0.13823075741936278	4.431737306859142e-5	0.11645063120452112	0.00934783269665876	0.06615438943363522	0.11042907837973827	4.1642016211910976e-5	4.356852925147809e-5	1.6268489297429723e-48	4.431737306859142e-5	0.6997711205277876	3.826138377923924e-5	3.071353161519796e-6	2.1735893198862245e-5	3.62829235408285e-5	0.10942072457680672	0.1144829302976672	4.27479274210939e-45	0.11645063120452112	3.826138377923924e-5	0.19908374923972535	0.008070447085331936	0.05711436187528558	0.0953388943368874	0.008783521534501184	0.009189879590831198	3.4315011393925614e-46	0.00934783269665876	3.071353161519796e-6	0.008070447085331936	0.6523673790530906	0.004584736843967121	0.0076531318424579746	0.062160772774614015	0.06503655906436645	2.4284651863578955e-45	0.06615438943363522	2.1735893198862245e-5	0.05711436187528558	0.004584736843967121	0.39076641227769626	0.05416103183723902	0.10376268162461297	0.10856312543965307	4.0537472222581364e-45	0.11042907837973827	3.62829235408285e-5	0.0953388943368874	0.0076531318424579746	0.05416103183723902	0.22005577361587453
0.48495968490943436	0.060063423302167566	7.138254380787522e-109	0.062078107318173925	5.319954511448121e-9	0.0527864715807046	5.456022840313946e-6	0.04010685154672542	5.812596754922131e-16	0.060063423302167566	0.19709904751074797	2.039715015715313e-108	0.17738461098397645	1.5201463160417668e-8	0.15083429780757446	1.5590270561703207e-5	0.11460301492351066	1.6609159955441047e-15	7.138254380787522e-109	2.039715015715313e-108	0.7	2.10813238211643e-108	1.80662215094416e-115	1.7925944408484495e-108	1.8528300755498985e-112	1.362002743689245e-108	1.973920271188557e-122	0.062078107318173925	0.17738461098397645	2.10813238211643e-108	0.18618037964061554	1.5711359918967855e-8	0.1558936739162202	1.611320893549291e-5	0.11844709922072058	1.7166274539356416e-15	5.319954511448121e-9	1.5201463160417668e-8	1.80662215094416e-115	1.5711359918967855e-8	0.6999999402554528	1.335973807329688e-8	1.3808658522871223e-12	1.0150650641417645e-8	1.4711112117567784e-22	0.0527864715807046	0.15083429780757446	1.7925944408484495e-108	0.1558936739162202	1.335973807329688e-8	0.23975349356132955	1.3701439723152496e-5	0.10071834833471181	1.4596886120802003e-15	5.456022840313946e-6	1.5590270561703207e-5	1.8528300755498985e-112	1.611320893549291e-5	1.3808658522871223e-12	1.3701439723152496e-5	0.6999387287830074	1.0410273551107253e-5	1.5087377823841718e-19	0.04010685154672542	0.11460301492351066	1.362002743689245e-108	0.11844709922072058	1.0150650641417645e-8	0.10071834833471181	1.0410273551107253e-5	0.3261142655501311	1.10906284727972e-15	5.812596754922131e-16	1.6609159955441047e-15	1.973920271188557e-122	1.7166274539356416e-15	1.4711112117567784e-22	1.4596886120802003e-15	1.5087377823841718e-19	1.10906284727972e-15	0.6999999999999934
0.458454168273166	0.06506501965142159	1.250720087556673e-165	0.06659052492666173	0.0016124726843171613	0.05766773772906621	6.666299576728735e-19	0.05061007673536453	1.6128665207055247e-56	0.06506501965142159	0.18488079366043458	3.189535480714535e-165	0.16981644737785448	0.004112062234772057	0.1470619184974612	1.7000125956708233e-18	0.12906375857804875	4.113066580306104e-56	1.250720087556673e-165	3.189535480714535e-165	0.7	3.264316879805211e-165	7.90446059321251e-167	2.826915239014736e-165	3.2678694541182756e-182	2.480943466918688e-165	7.906391208374098e-220	0.06659052492666173	0.16981644737785448	3.264316879805211e-165	0.17678487386861522	0.004208473066043104	0.150509911499795	1.739870851252152e-18	0.13208976926102306	4.209500959320909e-56	0.0016124726843171613	0.004112062234772057	7.90446059321251e-167	0.004208473066043104	0.6832239123676439	0.0036445593615562957	4.2130531708130006e-20	0.0031985202856672224	1.0193199886901884e-57	0.05766773772906621	0.1470619184974612	2.826915239014736e-165	0.150509911499795	0.0036445593615562957	0.22672545207030978	1.5067371227807228e-18	0.11439042084180513	3.645449522431634e-56	6.666299576728735e-19	1.7000125956708233e-18	3.2678694541182756e-182	1.739870851252152e-18	4.2130531708130006e-20	1.5067371227807228e-18	0.7	1.322335232955037e-18	4.214082182752806e-73	0.05061007673536453	0.12906375857804875	2.480943466918688e-165	0.13208976926102306	0.0031985202856672224	0.11439042084180513	1.322335232955037e-18	0.2706474542980856	3.1993015042823746e-56	1.6128665207055247e-56	4.113066580306104e-56	7.906391208374098e-220	4.209500959320909e-56	1.0193199886901884e-57	3.645449522431634e-56	4.214082182752806e-73	3.1993015042823746e-56	0.7
0.52238748648902	0.047405707689536836	1.2467836830452914e-252	0.048392509571223874	0.00031282106710528137	0.03787324165960016	1.4694412936426729e-33	0.04362823352351524	5.420776638886881e-97	0.047405707689536836	0.18684883760300994	4.459704158460607e-252	0.1730984124254793	0.0011189506510190907	0.13547133766713462	5.256143096022461e-33	0.15605675396382568	1.9389939447620886e-96	1.2467836830452914e-252	4.459704158460607e-252	0.7	4.552537799594243e-252	2.9428722443298235e-254	3.5629349619641265e-252	1.3823806809909457e-283	4.1043373035449026e-252	-0.0	0.048392509571223874	0.1730984124254793	4.552537799594243e-252	0.17977026605752477	0.0011422428380099894	0.13829132237868222	5.365555488545737e-33	0.15930524672908533	1.9793562337464022e-96	0.00031282106710528137	0.0011189506510190907	2.9428722443298235e-254	0.0011422428380099894	0.695502248131211	0.0008939490723089973	3.4684268462438983e-35	0.0010297882403456904	1.2795044826322298e-98	0.03787324165960016	0.13547133766713462	3.5629349619641265e-252	0.13829132237868222	0.0008939490723089973	0.26279370320881135	4.199223835593848e-33	0.12467644601346699	1.5490958752775761e-96	1.4694412936426729e-33	5.256143096022461e-33	1.3823806809909457e-283	5.365555488545737e-33	3.4684268462438983e-35	4.199223835593848e-33	0.7	4.83731283853176e-33	6.010326413047901e-128	0.04362823352351524	0.15605675396382568	4.1043373035449026e-252	0.15930524672908533	0.0010297882403456904	0.12467644601346699	4.83731283853176e-33	0.21530353152976617	1.784487243113845e-96	5.420776638886881e-97	1.9389939447620886e-96	-0.0	1.9793562337464022e-96	1.2795044826322298e-98	1.5490958752775761e-96	6.010326413047901e-128	1.784487243113845e-96	0.7
0.6861273502016272	0.003640276067947747	1.3669963388424669e-272	0.0037760226478601136	3.954915588189328e-5	0.002949546741900712	3.3826051648926673e-29	0.003467255184782375	9.561832254290395e-70	0.003640276067947747	0.2033473039807089	6.586410844958e-271	0.18193491680989024	0.0019055426983075113	0.14211396253639966	1.629794221769856e-27	0.16705799790674644	4.6070464029666345e-68	1.3669963388424669e-272	6.586410844958e-271	0.7	6.83201934536078e-271	7.155693259173316e-273	5.336663012900988e-271	6.120202678699644e-297	6.273361339916731e-271	-0.0	0.0037760226478601136	0.18193491680989024	6.83201934536078e-271	0.19161141874347293	0.001976600744275453	0.1474134189545461	1.690569555133768e-27	0.17328762209995577	4.77884403068141e-68	3.954915588189328e-5	0.0019055426983075113	7.155693259173316e-273	0.001976600744275453	0.6927193615881836	0.0015439728065773414	1.7706620192826048e-29	0.0018149730067740988	5.0052466611073115e-70	0.002949546741900712	0.14211396253639966	5.336663012900988e-271	0.1474134189545461	0.0015439728065773414	0.2706197569115293	1.3205466143396046e-27	0.1353593420490473	3.732875873701645e-68	3.3826051648926673e-29	1.629794221769856e-27	6.120202678699644e-297	1.690569555133768e-27	1.7706620192826048e-29	1.3205466143396046e-27	0.7	1.552330746372669e-27	4.280944265405867e-94	0.003467255184782375	0.16705799790674644	6.273361339916731e-271	0.17328762209995577	0.0018149730067740988	0.1353593420490473	1.552330746372669e-27	0.21901280975269455	4.388075307767659e-68	9.561832254290395e-70	4.6070464029666345e-68	-0.0	4.77884403068141e-68	5.0052466611073115e-70	3.732875873701645e-68	4.280944265405867e-94	4.388075307767659e-68	0.7
0.3205200828952388	0.08070074950102514	5.5860279337807055e-145	0.08079922334467501	2.669475146955316e-5	0.07526677377872718	5.394249369737585e-7	0.06869563176072646	0.07399030454320052	0.08070074950102514	0.13643301124533974	9.02775224385061e-145	0.13058211997833385	4.314221220071574e-5	0.12164095738927175	8.717812984257446e-7	0.11102113185296864	0.11957801603956161	5.5860279337807055e-145	9.02775224385061e-145	0.7	9.038768219147833e-145	2.986262258632822e-148	8.419869580761068e-145	6.034385944695548e-150	7.684775514541606e-145	8.277074773073617e-145	0.08079922334467501	0.13058211997833385	9.038768219147833e-145	0.13590466814401442	4.319485581908647e-5	0.12178938788952653	8.728450760958265e-7	0.11115660367507087	0.1197239292674839	2.669475146955316e-5	4.314221220071574e-5	2.986262258632822e-148	4.319485581908647e-5	0.6997704514765366	4.0237236284699774e-5	2.883738409019855e-10	3.672433702298939e-5	3.9554842292484405e-5	0.07526677377872718	0.12164095738927175	8.419869580761068e-145	0.12178938788952653	4.0237236284699774e-5	0.16619004993877223	8.13080004570491e-7	0.10354553665860913	0.11152624402880378	5.394249369737585e-7	8.717812984257446e-7	6.034385944695548e-150	8.728450760958265e-7	2.883738409019855e-10	8.13080004570491e-7	0.6999953611952351	7.420943104349012e-7	7.992907645147489e-7	0.06869563176072646	0.11102113185296864	7.684775514541606e-145	0.11115660367507087	3.672433702298939e-5	0.10354553665860913	7.420943104349012e-7	0.20375414925930743	0.10178948036198375	0.07399030454320052	0.11957801603956161	8.277074773073617e-145	0.1197239292674839	3.9554842292484405e-5	0.11152624402880378	7.992907645147489e-7	0.10178948036198375	0.17335167162590912
0.14802989158715155	0.10169906365214915	9.819126474895656e-35	0.10189400217535136	4.960913918169714e-7	0.08583288594430527	0.08141674032706471	0.08567385186325539	0.09545306835933173	0.10169906365214915	0.1155601478492368	1.0527198921658202e-34	0.1092417367844522	5.318653118820364e-7	0.0920224285394291	0.08728782780905259	0.09185192626401636	0.10233633723635298	9.819126474895656e-35	1.0527198921658202e-34	0.7	1.0547377638526852e-34	5.13520240741093e-40	8.88483956397377e-35	8.427710051565346e-35	8.868377432009002e-35	9.880655752528046e-35	0.10189400217535136	0.1092417367844522	1.0547377638526852e-34	0.11464927988731716	5.328848005057997e-7	0.09219881872117464	0.08745514262627473	0.09202798962405306	0.10253249729657742	4.960913918169714e-7	5.318653118820364e-7	5.13520240741093e-40	5.328848005057997e-7	0.6999966172203784	4.48888446098672e-7	4.2579290734264236e-7	4.4805673036718037e-7	4.992000334111281e-7	0.08583288594430527	0.0920224285394291	8.88483956397377e-35	0.09219881872117464	4.48888446098672e-7	0.19238270716186598	0.07366996213737743	0.07752201079992388	0.08637073780747852	0.08141674032706471	0.08728782780905259	8.427710051565346e-35	0.08745514262627473	4.2579290734264236e-7	0.07366996213737743	0.21470951793496362	0.0735334639339138	0.08192691943844656	0.08567385186325539	0.09185192626401636	8.868377432009002e-35	0.09202798962405306	4.4805673036718037e-7	0.07752201079992388	0.0735334639339138	0.19317960228184622	0.08621070717626189	0.09545306835933173	0.10233633723635298	9.880655752528046e-35	0.10253249729657742	4.992000334111281e-7	0.08637073780747852	0.08192691943844656	0.08621070717626189	0.1451692334855186
0.5308265617881952	0.03941031466996787	1.1632468721192841e-172	0.04067356514177949	2.6748987548427503e-6	0.03546676924544336	8.648383484000025e-10	0.040519719823163186	0.013100393567857704	0.03941031466996787	0.173995595758264	4.36201778468747e-172	0.15252034522289543	1.0030507040698037e-5	0.13299556776987084	3.24302634893628e-9	0.151943446172505	0.04912469665642982	1.1632468721192841e-172	4.36201778468747e-172	0.7	4.501837044459995e-172	2.9606350618037226e-176	3.9255377560312354e-172	9.57221551817573e-180	4.4848091160733526e-172	1.4499795347471974e-172	0.04067356514177949	0.15252034522289543	4.501837044459995e-172	0.162024011219529	1.0352022939715393e-5	0.13725858153012818	3.3469776774069753e-9	0.15681381149877754	0.050699330016973056	2.6748987548427503e-6	1.0030507040698037e-5	2.9606350618037226e-176	1.0352022939715393e-5	0.6999542686439014	9.026816497314768e-6	2.2011413040815891e-13	1.0312867034351986e-5	3.3342436115702066e-6	0.03546676924544336	0.13299556776987084	3.9255377560312354e-172	0.13725858153012818	9.026816497314768e-6	0.2133215491754127	2.918516843567986e-9	0.13673940918478011	0.044209093359350735	8.648383484000025e-10	3.24302634893628e-9	9.57221551817573e-180	3.3469776774069753e-9	2.2011413040815891e-13	2.918516843567986e-9	0.6999999852140875	3.334317935252889e-9	1.0780152829983108e-9	0.040519719823163186	0.151943446172505	4.4848091160733526e-172	0.15681381149877754	1.0312867034351986e-5	0.13673940918478011	3.334317935252889e-9	0.16346573427488406	0.050507562844537945	0.013100393567857704	0.04912469665642982	1.4499795347471974e-172	0.050699330016973056	3.3342436115702066e-6	0.044209093359350735	1.0780152829983108e-9	0.050507562844537945	0.4923555882332239
0.6999757970155689	5.6653405946777545e-6	-0.0	5.447607691145844e-6	3.6955243012749866e-11	5.441019815792479e-6	5.6277719796272424e-30	5.66452633832268e-6	1.9844530359268415e-6	5.6653405946777545e-6	0.16827895372520382	-0.0	0.15625377336170782	1.0599875199578612e-6	0.15606481328220853	1.6142142703581525e-25	0.16247565258935248	0.056920081713417975	-0.0	-0.0	0.7	-0.0	-0.0	-0.0	-0.0	-0.0	-0.0	5.447607691145844e-6	0.15625377336170782	-0.0	0.18270907988379284	1.0192496055163479e-6	0.15006686057888416	1.5521760655699164e-25	0.15623131564255785	0.05473250367576585	3.6955243012749866e-11	1.0599875199578612e-6	-0.0	1.0192496055163479e-6	0.6999954715817688	1.0180170113693754e-6	1.052958416865091e-30	1.0598351722640196e-6	3.7129196680620535e-7	5.441019815792479e-6	0.15606481328220853	-0.0	0.15006686057888416	1.0180170113693754e-6	0.18315316955914157	1.5502989952986723e-25	0.15604238272152204	0.054666314821421653	5.6277719796272424e-30	1.6142142703581525e-25	-0.0	1.5521760655699164e-25	1.052958416865091e-30	1.5502989952986723e-25	0.7	1.613982265908265e-25	5.654262715392616e-26	5.66452633832268e-6	0.16247565258935248	-0.0	0.15623131564255785	1.0598351722640196e-6	0.15604238272152204	1.613982265908265e-25	0.16833202386341806	0.05691190082164422	1.9844530359268415e-6	0.056920081713417975	-0.0	0.05473250367576585	3.7129196680620535e-7	0.054666314821421653	5.654262715392616e-26	0.05691190082164422	0.4767668432227493
0.6999999998647939	4.541087979865269e-11	-0.0	5.199518323323414e-22	1.8977627244397676e-17	4.48526043562392e-11	1.5686938180483954e-34	4.4942545369788796e-11	1.6104179553033878e-17	4.541087979865269e-11	0.2379049297994393	-0.0	2.675724527453228e-12	9.766078227462183e-8	0.23081602204920207	8.072656473173969e-25	0.23127886756875557	8.287373088248132e-8	-0.0	-0.0	0.7	-0.0	-0.0	-0.0	-0.0	-0.0	-0.0	5.199518323323414e-22	2.675724527453228e-12	-0.0	0.6999999999920333	1.1182100614621005e-18	2.64282951857069e-12	9.243142928802883e-36	2.648129071828537e-12	9.488992156862368e-19	1.8977627244397676e-17	9.766078227462183e-8	-0.0	1.1182100614621005e-18	0.699999709225449	9.64601533356417e-8	3.373637905701068e-31	9.665358076494438e-8	3.4633699677558794e-14	4.48526043562392e-11	0.23081602204920207	-0.0	2.64282951857069e-12	9.64601533356417e-8	0.24074824429808275	7.973412285789893e-25	0.22843555529017104	8.185489202760747e-8	1.5686938180483954e-34	8.072656473173969e-25	-0.0	9.243142928802883e-36	3.373637905701068e-31	7.973412285789893e-25	0.7	7.989401029202359e-25	2.8628273640673218e-31	4.4942545369788796e-11	0.23127886756875557	-0.0	2.648129071828537e-12	9.665358076494438e-8	0.22843555529017104	7.989401029202359e-25	0.2402853984208665	8.201903214964994e-8	1.6104179553033878e-17	8.287373088248132e-8	-0.0	9.488992156862368e-19	3.4633699677558794e-14	8.185489202760747e-8	2.8628273640673218e-31	8.201903214964994e-8	0.6999997532523102
0.17566984575421007	0.12330597940617163	4.984331641219865e-141	0.0988673786136059	3.770983850264346e-5	0.12371674222726253	5.5680956978520505e-5	0.0927374252572663	0.08560923794600482	0.12330597940617163	0.14077193175043434	5.418078003396543e-141	0.10747101274118986	4.099142296494631e-5	0.1344828169478226	6.052642358676541e-5	0.10080761876331604	0.09305912254451627	4.984331641219865e-141	5.418078003396543e-141	0.7	4.344243254865586e-141	1.6569743615578652e-144	5.436126965955242e-141	2.4466272411627395e-144	4.0748924447769066e-141	3.7616791272944036e-141	0.0988673786136059	0.10747101274118986	4.344243254865586e-141	0.23030781953108465	3.2867137130764015e-5	0.1078290253581908	4.853040270795425e-5	0.08082807548674294	0.07461529072934918	3.770983850264346e-5	4.099142296494631e-5	1.6569743615578652e-144	3.2867137130764015e-5	0.6997879961536193	4.112797556862944e-5	1.8510389111635197e-8	3.0829316158940715e-5	2.8459645665616217e-5	0.12371674222726253	0.1344828169478226	5.436126965955242e-141	0.1078290253581908	4.112797556862944e-5	0.13935699989952263	6.07280521259715e-5	0.10114343396116851	0.09336912557834089	5.5680956978520505e-5	6.052642358676541e-5	2.4466272411627395e-144	4.853040270795425e-5	1.8510389111635197e-8	6.07280521259715e-5	0.6996869717594686	4.5521431405834626e-5	4.2022463337254284e-5	0.0927374252572663	0.10080761876331604	4.0748924447769066e-141	0.08082807548674294	3.0829316158940715e-5	0.10114343396116851	4.5521431405834626e-5	0.2544180858183251	0.06998900996561823	0.08560923794600482	0.09305912254451627	3.7616791272944036e-141	0.07461529072934918	2.8459645665616217e-5	0.09336912557834089	4.2022463337254284e-5	0.06998900996561823	0.28328773112716954
0.28684700064728524	0.08390223454614301	2.5207748816737182e-54	0.0767123885928183	5.354495030078055e-7	0.0786801148347846	0.015259299226925118	0.0840604887532082	0.0745379379493314	0.08390223454614301	0.13017933241888002	3.720237312907752e-54	0.1132145089512287	7.902328901916549e-7	0.11611854002523331	0.022520144407000304	0.124059061788694	0.11000538762992884	2.5207748816737182e-54	3.720237312907752e-54	0.7	3.401438495041858e-54	2.3741909033090487e-59	3.488687763509491e-54	6.7659955256151e-55	3.727254327522837e-54	3.305023036469925e-54	0.0767123885928183	0.1132145089512287	3.401438495041858e-54	0.16930734801520803	7.225153522921862e-7	0.1061679776877398	0.020590322513592788	0.11342805120596447	0.10057868051809402	5.354495030078055e-7	7.902328901916549e-7	2.3741909033090487e-59	7.225153522921862e-7	0.6999955732755219	7.41048374728434e-7	1.437196541381823e-7	7.917234068639535e-7	7.020352968338688e-7	0.0786801148347846	0.11611854002523331	3.488687763509491e-54	0.1061679776877398	7.41048374728434e-7	0.158417994192445	0.021118478639138575	0.11633755978765875	0.10315859378462376	0.015259299226925118	0.022520144407000304	6.7659955256151e-55	0.020590322513592788	1.437196541381823e-7	0.021118478639138575	0.5779423105521272	0.02256262131617206	0.02000667962538951	0.0840604887532082	0.124059061788694	3.727254327522837e-54	0.11342805120596447	7.917234068639535e-7	0.11633755978765875	0.02256262131617206	0.12933854850118842	0.11021287692370565	0.0745379379493314	0.11000538762992884	3.305023036469925e-54	0.10057868051809402	7.020352968338688e-7	0.10315859378462376	0.02000667962538951	0.11021287692370565	0.18149914153362853
0.229669880319526	0.09663317297493267	1.0033706093896277e-52	0.08771717362699138	2.8172902623765798e-8	0.09092886630505234	0.0161239668381791	0.0953534384468761	0.08357347331554102	0.09663317297493267	0.12684907529565273	1.2794429046123871e-52	0.11185210565214619	3.5924532796750135e-8	0.11594747915649901	0.02056039390855107	0.12158944971037616	0.10656828737731112	1.0033706093896277e-52	1.2794429046123871e-52	0.7	1.1613932561111284e-52	3.7301497254636703e-59	1.2039167217310203e-52	2.134846070993153e-53	1.262498958643292e-52	1.1065298194763755e-52	0.08771717362699138	0.11185210565214619	1.1613932561111284e-52	0.16941147745275076	3.2609903864157714e-8	0.10524941743784932	0.018663359453006376	0.11037082342543077	0.09673561034192281	2.8172902623765798e-8	3.5924532796750135e-8	3.7301497254636703e-59	3.2609903864157714e-8	0.6999997969762849	3.3803888863243e-8	5.994276682212817e-9	3.5448776246396276e-8	3.106943392867068e-8	0.09092886630505234	0.11594747915649901	1.2039167217310203e-52	0.10524941743784932	3.3803888863243e-8	0.1538380334726485	0.01934670311793263	0.1144119609907426	0.10027750571538832	0.0161239668381791	0.02056039390855107	2.134846070993153e-53	0.018663359453006376	5.994276682212817e-9	0.01934670311793263	0.5872357477336725	0.020288108054892486	0.017781714899489483	0.0953534384468761	0.12158944971037616	1.262498958643292e-52	0.11037082342543077	3.5448776246396276e-8	0.1144119609907426	0.020288108054892486	0.13282920399576115	0.10515697992714619	0.08357347331554102	0.10656828737731112	1.1065298194763755e-52	0.09673561034192281	3.106943392867068e-8	0.10027750571538832	0.017781714899489483	0.10515697992714619	0.18990639735376857
0.16248624281293092	0.10539564676047113	2.013310530677784e-37	0.08329857526583352	3.8988191495871704e-5	0.1027576516218458	0.07983856988583848	0.07673313484133379	0.0894511906202419	0.10539564676047113	0.11911397972776626	2.2153891566406785e-37	0.09165936282338907	4.290148755537804e-5	0.11307157226672804	0.08785207215264547	0.0844349405083126	0.0984295242731226	2.013310530677784e-37	2.2153891566406785e-37	0.7	1.7509144455172761e-37	8.19521672211791e-41	2.159939183088515e-37	1.6781860299103212e-37	1.6129105907844243e-37	1.8802408243582799e-37	0.08329857526583352	0.09165936282338907	1.7509144455172761e-37	0.22168440610693432	3.390683486453234e-5	0.08936517932559132	0.06943315658091478	0.06673245492750002	0.077792958134965	3.8988191495871704e-5	4.290148755537804e-5	8.19521672211791e-41	3.390683486453234e-5	0.6997422317372001	4.182768689008028e-5	3.249843345219745e-5	3.123436053257644e-5	3.641126800929081e-5	0.1027576516218458	0.11307157226672804	2.159939183088515e-37	0.08936517932559132	4.182768689008028e-5	0.13082311836441124	0.08565318304877634	0.08232158033227746	0.09596588735347057	0.07983856988583848	0.08785207215264547	1.6781860299103212e-37	0.06943315658091478	3.249843345219745e-5	0.08565318304877634	0.23866831523587942	0.06396056294336266	0.07456164171912337	0.07673313484133379	0.0844349405083126	1.6129105907844243e-37	0.06673245492750002	3.123436053257644e-5	0.08232158033227746	0.06396056294336266	0.2541246317648559	0.07166146032181808	0.0894511906202419	0.0984295242731226	1.8802408243582799e-37	0.077792958134965	3.641126800929081e-5	0.09596588735347057	0.07456164171912337	0.07166146032181808	0.19210092630924114
0.18042224400666707	0.12069329074467314	2.0545745537432783e-32	0.05044404335483383	0.002774355744141499	0.11805074549576389	0.10782929809006678	0.016717878934812386	0.10306814362904862	0.12069329074467314	0.13701102561252962	2.2781771064372922e-32	0.05593394725819821	0.0030762932062506757	0.13089839222252386	0.11956452875580943	0.018537311770015608	0.11428521043000744	2.0545745537432783e-32	2.2781771064372922e-32	0.7	9.521694538118703e-33	5.236806207220694e-34	2.228297067110787e-32	2.0353595199560393e-32	3.15562603542325e-33	1.9454891300911242e-32	0.05044404335483383	0.05593394725819821	9.521694538118703e-33	0.43214121736793204	0.0012857439457556496	0.05470928940300243	0.04997227463966984	0.007747712841693397	0.04776577118891793	0.002774355744141499	0.0030762932062506757	5.236806207220694e-34	0.0012857439457556496	0.684053091089526	0.003008938642080021	0.002748409088049426	0.0004261139709818914	0.0026270543132150457	0.11805074549576389	0.13089839222252386	2.228297067110787e-32	0.05470928940300243	0.003008938642080021	0.14647152592661852	0.11694669742937606	0.018131442604934732	0.11178296827570826	0.10782929809006678	0.11956452875580943	2.0353595199560393e-32	0.04997227463966984	0.002748409088049426	0.11694669742937606	0.18427304636185066	0.01656152802118984	0.10210421761399506	0.016717878934812386	0.018537311770015608	3.15562603542325e-33	0.007747712841693397	0.0004261139709818914	0.018131442604934732	0.01656152802118984	0.6060477507025008	0.015830261153872368	0.10306814362904862	0.11428521043000744	1.9454891300911242e-32	0.04776577118891793	0.0026270543132150457	0.11178296827570826	0.10210421761399506	0.015830261153872368	0.2025363733952421
0.22216555610088098	0.10020587404333241	8.036151249460488e-49	0.05238254426365765	0.02892593346206863	0.09976481271939157	0.09029077899755739	0.023352197834137584	0.08291230257896752	0.10020587404333241	0.12911135668789006	1.0016397662399608e-48	0.0652905075608513	0.03605378287667773	0.12434858502437172	0.11253998582319989	0.029106582558840244	0.10334332542482874	8.036151249460488e-49	1.0016397662399608e-48	0.7	5.236064241964034e-49	2.8913839141495872e-49	9.972309971370787e-49	9.025302721238534e-49	2.3342433967154516e-49	8.28776358337048e-49	0.05238254426365765	0.0652905075608513	5.236064241964034e-49	0.3704084524206733	0.018847087512985364	0.06500312802366864	0.058830191793606046	0.01521544384307185	0.05402264458148172	0.02892593346206863	0.03605378287667773	2.8913839141495872e-49	0.018847087512985364	0.5095580863490716	0.03589509029143282	0.032486360433683914	0.008402053057699385	0.029831606016378114	0.09976481271939157	0.12434858502437172	9.972309971370787e-49	0.06500312802366864	0.03589509029143282	0.13107682579018878	0.11204463526997788	0.028978468434180817	0.10288845444677998	0.09029077899755739	0.11253998582319989	9.025302721238534e-49	0.058830191793606046	0.032486360433683914	0.11204463526997788	0.17446369303037523	0.02622656643918842	0.0931177882124041	0.023352197834137584	0.029106582558840244	2.3342433967154516e-49	0.01521544384307185	0.008402053057699385	0.028978468434180817	0.02622656643918842	0.5446353314109333	0.0240833564219466	0.08291230257896752	0.10334332542482874	8.28776358337048e-49	0.05402264458148172	0.029831606016378114	0.10288845444677998	0.0931177882124041	0.0240833564219466	0.20980052231720672
0.20652609005393213	0.09981631623478864	1.2563677886609611e-83	0.08280104670920119	9.663797253464853e-5	0.09851884094497952	0.028693876732052682	0.09943761643457215	0.08410957491793544	0.09981631623478864	0.12566247187247417	1.5144459936308242e-83	0.09980971701832436	0.00011648897055350914	0.1187561996676911	0.0345880617529272	0.119863706459745	0.10138703802349164	1.2563677886609611e-83	1.5144459936308242e-83	0.7	1.2562847256577483e-83	1.4662231172051233e-86	1.4947602716105447e-83	4.353529392567243e-84	1.5087002356539662e-83	1.2761381462008303e-83	0.08280104670920119	0.09980971701832436	1.2562847256577483e-83	0.20655324111723264	9.663158344994296e-5	0.09851232750928354	0.02869197967643195	0.09943104225531674	0.08410401413075616	9.663797253464853e-5	0.00011648897055350914	1.4662231172051233e-86	9.663158344994296e-5	0.6993275742938095	0.00011497477361126816	3.348671126916573e-5	0.00011604701525461522	9.815867951725459e-5	0.09851884094497952	0.1187561996676911	1.4947602716105447e-83	0.09851232750928354	0.00011497477361126816	0.13158440466334834	0.03413846436104135	0.1183056425765755	0.10006914550346527	0.028693876732052682	0.0345880617529272	4.353529392567243e-84	0.02869197967643195	3.348671126916573e-5	0.03413846436104135	0.510251887881017	0.03445683579138301	0.029145407093876287	0.09943761643457215	0.119863706459745	1.5087002356539662e-83	0.09943104225531674	0.00011604701525461522	0.1183056425765755	0.03445683579138301	0.12738673051035443	0.10100237895679433	0.08410957491793544	0.10138703802349164	1.2761381462008303e-83	0.08410401413075616	9.815867951725459e-5	0.10006914550346527	0.029145407093876287	0.10100237895679433	0.20008428269415998
0.391769793110969	0.06860397876219711	6.610343441693466e-91	0.05773319416424677	1.929329837162005e-5	0.0685786165721391	0.0004474714595438159	0.06888693683456318	0.04396071579796989	0.06860397876219711	0.14736969209010176	1.3352379226179426e-90	0.11661655846162598	3.897096098772516e-5	0.13852346755577488	0.0009038575186632638	0.1391462504872994	0.08879722416335084	6.610343441693466e-91	1.3352379226179426e-90	0.7	1.1236600505223873e-90	3.7550509610333666e-94	1.3347442987993667e-90	8.70912843325253e-93	1.3407451301524165e-90	8.556065682771081e-91	0.05773319416424677	0.11661655846162598	1.1236600505223873e-90	0.21645914779684036	3.279573718705943e-5	0.11657344651137205	0.0007606349159817929	0.1170975450921922	0.07472667732055452	1.929329837162005e-5	3.897096098772516e-5	3.7550509610333666e-94	3.279573718705943e-5	0.6998056253768096	3.895655382159359e-5	2.5418923373889754e-7	3.91316972627678e-5	2.4972186326009107e-5	0.0685786165721391	0.13852346755577488	1.3347442987993667e-90	0.11657344651137205	3.895655382159359e-5	0.1475227831582713	0.0009035233717728455	0.13909480954007747	0.08876439673677165	0.0004474714595438159	0.0009038575186632638	8.70912843325253e-93	0.0007606349159817929	2.5418923373889754e-7	0.0009035233717728455	0.695497490559394	0.000907585491672833	0.0005791824937376484	0.06888693683456318	0.1391462504872994	1.3407451301524165e-90	0.1170975450921922	3.91316972627678e-5	0.13909480954007747	0.000907585491672833	0.14566427129741044	0.0891634695595226	0.04396071579796989	0.08879722416335084	8.556065682771081e-91	0.07472667732055452	2.4972186326009107e-5	0.08876439673677165	0.0005791824937376484	0.0891634695595226	0.31398336174176733
0.6625342590654758	0.008879916433433247	1.1439697669718667e-99	0.00815478213349955	1.1109102306716745e-6	0.009218135532572495	8.962220622097818e-8	0.009339305419573023	0.0018724008830088526	0.008879916433433247	0.19260407778747302	1.9950001405105356e-98	0.1422134742706404	1.9373467116627797e-5	0.16075758480407074	1.5629461474055957e-6	0.1628706995783499	0.0326533107127697	1.1439697669718667e-99	1.9950001405105356e-98	0.7	1.832088356249811e-98	2.4958186069637436e-102	2.0709858950347218e-98	2.013490952803792e-103	2.098208441936352e-98	4.206616191376112e-99	0.00815478213349955	0.1422134742706404	1.832088356249811e-98	0.22242488980991595	1.779142908505221e-5	0.14763011456380606	1.435315907985106e-6	0.1495706723085216	0.02998684016862438	1.1109102306716745e-6	1.9373467116627797e-5	2.4958186069637436e-102	1.779142908505221e-5	0.6999171518591035	2.0111365569221265e-5	1.9553031587150323e-10	2.037572400535382e-5	4.085049359196713e-6	0.009218135532572495	0.16075758480407074	2.0709858950347218e-98	0.14763011456380606	2.0111365569221265e-5	0.1794012839228818	1.622475788471632e-6	0.16907413422782108	0.03389701310749111	8.962220622097818e-8	1.5629461474055957e-6	2.013490952803792e-103	1.435315907985106e-6	1.9553031587150323e-10	1.622475788471632e-6	0.6999933160820233	1.6438027918830618e-6	3.2955960435385107e-7	0.009339305419573023	0.1628706995783499	2.098208441936352e-98	0.1495706723085216	2.037572400535382e-5	0.16907413422782108	1.6438027918830618e-6	0.17478058880399588	0.03434258013494225	0.0018724008830088526	0.0326533107127697	4.206616191376112e-99	0.02998684016862438	4.085049359196713e-6	0.03389701310749111	3.2955960435385107e-7	0.03434258013494225	0.5672434403842003
0.6996479675718451	8.792195454277208e-5	5.993651931626031e-170	9.294549200132942e-5	3.0258794273444813e-11	7.443718514758369e-5	2.3846552191933437e-28	9.672776620446573e-5	6.019914609154988e-34	8.792195454277208e-5	0.22456345691874524	1.0787433539631504e-166	0.16728420822740087	5.446007474872077e-8	0.13397277599985027	4.291925855127991e-25	0.174091582439391	1.0834701364264678e-30	5.993651931626031e-170	1.0787433539631504e-166	0.7	1.1403787859207891e-166	3.712550908492084e-173	9.132942867713083e-167	2.9258118550434724e-190	1.186784751082934e-166	7.386031065645222e-196	9.294549200132942e-5	0.16728420822740087	1.1403787859207891e-166	0.2069567646525132	5.7571723334318784e-8	0.14162748820639876	4.537150730015154e-25	0.18403853584996774	1.1453756393679286e-30	3.0258794273444813e-11	5.446007474872077e-8	3.712550908492084e-173	5.7571723334318784e-8	0.6999997819160046	4.61074220688493e-8	1.4770884264637044e-31	5.991451629080107e-8	3.7288183742094514e-37	7.443718514758369e-5	0.13397277599985027	9.132942867713083e-167	0.14162748820639876	4.61074220688493e-8	0.27693445094237157	3.6336644377308997e-25	0.14739080155881387	9.172961129727849e-31	2.3846552191933437e-28	4.291925855127991e-25	2.9258118550434724e-190	4.537150730015154e-25	1.4770884264637044e-31	3.6336644377308997e-25	0.7	4.721783118228581e-25	2.93863202780892e-54	9.672776620446573e-5	0.174091582439391	1.186784751082934e-166	0.18403853584996774	5.991451629080107e-8	0.14739080155881387	4.721783118228581e-25	0.19438229247111202	1.1919849438150999e-30	6.019914609154988e-34	1.0834701364264678e-30	7.386031065645222e-196	1.1453756393679286e-30	3.7288183742094514e-37	9.172961129727849e-31	2.93863202780892e-54	1.1919849438150999e-30	0.7
0.6997132557229877	7.666037823831541e-5	8.181046966750802e-244	6.901219453559705e-5	1.173150571223948e-11	6.173151337059032e-5	3.1058260788246533e-27	7.9340179136299e-5	3.868587917482799e-24	7.666037823831541e-5	0.2064687456043089	1.921601433129673e-240	0.1620989739601706	2.755549293510737e-8	0.14499777967819513	7.295105221100192e-24	0.18635781282359326	9.086714838132186e-21	8.181046966750802e-244	1.921601433129673e-240	0.7	1.7298888287606396e-240	2.940668792335939e-247	1.5473881982870404e-240	7.78519488329114e-263	1.9887744547662095e-240	9.697165937941556e-260	6.901219453559705e-5	0.1620989739601706	1.7298888287606396e-240	0.23953478341984888	2.4806361286793573e-8	0.13053177154009743	6.567293721290142e-24	0.16776543407898553	8.180159640606214e-21	1.173150571223948e-11	2.755549293510737e-8	2.940668792335939e-247	2.4806361286793573e-8	0.6999998969183415	2.218932804203925e-8	1.1163859419878283e-30	2.8518744570552258e-8	1.3905598886773963e-27	6.173151337059032e-5	0.14499777967819513	1.5473881982870404e-240	0.13053177154009743	2.218932804203925e-8	0.2743422581737469	5.874454259751196e-24	0.1500664369052612	7.317165286885298e-21	3.1058260788246533e-27	7.295105221100192e-24	7.78519488329114e-263	6.567293721290142e-24	1.1163859419878283e-30	5.874454259751196e-24	0.7	7.550118697052729e-24	3.681400557062272e-43	7.9340179136299e-5	0.18635781282359326	1.9887744547662095e-240	0.16776543407898553	2.8518744570552258e-8	0.1500664369052612	7.550118697052729e-24	0.1957309474942783	9.404357238842085e-21	3.868587917482799e-24	9.086714838132186e-21	9.697165937941556e-260	8.180159640606214e-21	1.3905598886773963e-27	7.317165286885298e-21	3.681400557062272e-43	9.404357238842085e-21	0.7
0.6988687696702831	0.0002785098020087321	-0.0	0.00023698994430627708	4.776629411427922e-9	0.00030440203335849354	3.2064495961173313e-18	0.00030997748778251687	1.3462856313451325e-6	0.0002785098020087321	0.22794595983961885	-0.0	0.131116881829042	2.6427144658505778e-6	0.16841324450798037	1.7739979390921357e-15	0.171497916311241	0.0007448449956386671	-0.0	-0.0	0.7	-0.0	-0.0	-0.0	-0.0	-0.0	-0.0	0.00023698994430627708	0.131116881829042	-0.0	0.2787724018438137	2.2487422329921628e-6	0.14330642996591672	1.5095327695924835e-15	0.14593124314514896	0.0006338045295356696	4.776629411427922e-9	2.6427144658505778e-6	-0.0	2.2487422329921628e-6	0.6999892612882928	2.8883998020493342e-6	3.0425251357632065e-20	2.9413039869426007e-6	1.277458993350263e-8	0.00030440203335849354	0.16841324450798037	-0.0	0.14330642996591672	2.8883998020493342e-6	0.19971737444853405	1.9389212729270192e-15	0.18744156961574282	0.0008140910286604554	3.2064495961173313e-18	1.7739979390921357e-15	-0.0	1.5095327695924835e-15	3.0425251357632065e-20	1.9389212729270192e-15	0.6999999999999929	1.9744347255465772e-15	8.575310162192205e-18	0.00030997748778251687	0.171497916311241	-0.0	0.14593124314514896	2.9413039869426007e-6	0.18744156961574282	1.9744347255465772e-15	0.1939873501445283	0.0008290019915644292	1.3462856313451325e-6	0.0007448449956386671	-0.0	0.0006338045295356696	1.277458993350263e-8	0.0008140910286604554	8.575310162192205e-18	0.0008290019915644292	0.6969768983943795
0.6999999364302697	1.7508220314937554e-8	-0.0	9.232902621222992e-9	2.1780484215638597e-13	1.843519472883623e-8	3.533839596399147e-26	1.837234690366334e-8	2.0847846878018288e-11	1.7508220314937554e-8	0.2213099244668248	-0.0	0.09595210188647632	2.2635170393673206e-6	0.19158608679055006	3.672510703456773e-19	0.19093294647577286	0.00021665935511494603	-0.0	-0.0	0.7	-0.0	-0.0	-0.0	-0.0	-0.0	-0.0	9.232902621222992e-9	0.09595210188647632	-0.0	0.4022122816683015	1.1936582947912247e-6	0.1010322951790337	1.9366864872888409e-19	0.10068786377390751	0.00011425460108281729	2.1780484215638597e-13	2.2635170393673206e-6	-0.0	1.1936582947912247e-6	0.6999917815360007	2.38335916741771e-6	4.568657463155148e-24	2.375234005601883e-6	2.695274322213913e-9	1.843519472883623e-8	0.19158608679055006	-0.0	0.1010322951790337	2.38335916741771e-6	0.20610917608090193	3.8669521370026465e-19	0.2010419097495742	0.00022813040557642506	3.533839596399147e-26	3.672510703456773e-19	-0.0	1.9366864872888409e-19	4.568657463155148e-24	3.8669521370026465e-19	0.7	3.853769225976589e-19	4.3730281791249595e-22	1.837234690366334e-8	0.19093294647577286	-0.0	0.10068786377390751	2.375234005601883e-6	0.2010419097495742	3.853769225976589e-19	0.20710753371316534	0.00022735268122595417	2.0847846878018288e-11	0.00021665935511494603	-0.0	0.00011425460108281729	2.695274322213913e-9	0.00022813040557642506	4.3730281791249595e-22	0.00022735268122595417	0.6992136002408776
0.6984766339144831	0.00039828336913497913	-0.0	0.00026324105409891496	5.90869752102153e-9	0.00040654995091091617	6.835495173688416e-12	0.0004096679948037601	4.5617801035289844e-5	0.00039828336913497913	0.2001479305163387	-0.0	0.11685962215586275	2.623026116133095e-6	0.1804782077535756	3.034455951332343e-9	0.1818623893829586	0.02025094076155072	-0.0	-0.0	0.7	-0.0	-0.0	-0.0	-0.0	-0.0	-0.0	0.00026324105409891496	0.11685962215586275	-0.0	0.3300056919408325	1.7336605373192244e-6	0.11928510536133688	2.0055906049512675e-9	0.12019996513058737	0.013384638691149187	5.90869752102153e-9	2.623026116133095e-6	-0.0	1.7336605373192244e-6	0.6999899615018504	2.6774684091581002e-6	4.501740154560668e-14	2.6980033126865655e-6	3.004310316446497e-7	0.00040654995091091617	0.1804782077535756	-0.0	0.11928510536133688	2.6774684091581002e-6	0.19351915726170188	3.0974376879829286e-9	0.18563703936913972	0.020671259737481348	6.835495173688416e-12	3.034455951332343e-9	-0.0	2.0055906049512675e-9	4.501740154560668e-14	3.0974376879829286e-9	0.699999988386887	3.121193555238208e-9	3.475545768804556e-10	0.0004096679948037601	0.1818623893829586	-0.0	0.12019996513058737	2.6980033126865655e-6	0.18563703936913972	3.121193555238208e-9	0.19105843857409535	0.020829798423902125	4.5617801035289844e-5	0.02025094076155072	-0.0	0.013384638691149187	3.004310316446497e-7	0.020671259737481348	3.475545768804556e-10	0.020829798423902125	0.6248174438062943
