12.825761671486523	12.12328494061536	12.56006694777596	12.779324730586946	10.838843614335518	12.632539202818034	12.598210249674818	12.112452356005127	12.12328494061536	18.97073967772009	13.09974118562419	12.122537601731553	10.93506259609595	12.343851703124319	12.468905421698537	11.277329817762654	12.56006694777596	13.09974118562419	17.607474358322627	12.553497435808833	11.091934634568652	12.670672757182787	12.736556932475656	11.766486172537281	12.779324730586946	12.122537601731553	12.553497435808833	12.797707046019735	10.840255736816088	12.649068696926488	12.61028497845389	12.131143641898534	10.838843614335518	10.93506259609595	11.091934634568652	10.840255736816088	15.739509284839498	11.114427835145683	10.787177202255107	10.767215569407268	12.632539202818034	12.343851703124319	12.670672757182787	12.649068696926488	11.114427835145683	13.325043301701559	12.455465118002088	12.052152021299346	12.598210249674818	12.468905421698537	12.736556932475656	12.61028497845389	10.787177202255107	12.455465118002088	13.767127886863712	12.142051489608116	12.112452356005127	11.277329817762654	11.766486172537281	12.131143641898534	10.767215569407268	12.052152021299346	12.142051489608116	13.244536905841452
12.722760941983063	12.1022297394872	12.607625206480163	12.608133468128111	10.788957286201628	12.568229010758937	12.568221383589666	12.316666205294416	12.1022297394872	17.81395566700175	12.120120490660758	12.116223145013507	10.79416610629911	12.167372049532656	12.212479473947564	11.742402529012837	12.607625206480163	12.120120490660758	12.66929220421915	12.64552426603955	10.79569752403534	12.607356476576873	12.604420416147015	12.356312460643704	12.608133468128111	12.116223145013507	12.64552426603955	12.64915691199026	10.793827129901704	12.607731470111958	12.604573445582353	12.35741895238447	10.788957286201628	10.79416610629911	10.79569752403534	10.793827129901704	15.84808645440027	10.882250204028722	10.775537798692183	10.7700019118483	12.568229010758937	12.167372049532656	12.607356476576873	12.607731470111958	10.882250204028722	12.825004546515135	12.56240583500374	12.329918621005772	12.568221383589666	12.212479473947564	12.604420416147015	12.604573445582353	10.775537798692183	12.56240583500374	12.998034518570268	12.346288048130267	12.316666205294416	11.742402529012837	12.356312460643704	12.35741895238447	10.7700019118483	12.329918621005772	12.346288048130267	12.843438831850579
12.783386755684319	12.758204298762456	12.698611606343619	12.769233110700904	10.869569716251164	12.761580951926408	12.687357354597344	11.961460008111455	12.758204298762456	12.901223814676111	12.706800080755665	12.761968879106076	10.870024720381156	12.75483261519449	12.685272833859557	11.94887584198247	12.698611606343619	12.706800080755665	17.50695266681432	12.696383683300015	11.047351255777649	12.70232999221782	12.758563353179804	11.730001533624874	12.769233110700904	12.761968879106076	12.696383683300015	12.776264279778173	10.86910215433366	12.765485285534606	12.690873590899725	11.96629031869027	10.869569716251164	10.870024720381156	11.047351255777649	10.86910215433366	15.704047173348172	10.887440006875002	10.843731978438006	10.765891831579289	12.761580951926408	12.75483261519449	12.70232999221782	12.765485285534606	10.887440006875002	12.809374829166483	12.682185391554313	11.964779519209745	12.687357354597344	12.685272833859557	12.758563353179804	12.690873590899725	10.843731978438006	12.682185391554313	13.280635685181258	12.016883015377232	11.961460008111455	11.94887584198247	11.730001533624874	11.96629031869027	10.765891831579289	11.964779519209745	12.016883015377232	13.294937897420764
12.554708760231959	12.517018914894118	12.444724996485391	12.518262879550589	11.568979920585983	12.516758226371671	12.330347266727808	11.751103988326278	12.517018914894118	12.54897189980852	12.436364156434996	12.525959709892442	11.572827229528826	12.52452886907123	12.337731928413714	11.76068568566111	12.444724996485391	12.436364156434996	20.090302113357776	12.430882409088442	11.6851440172267	12.43898075266996	12.790671470451796	11.446237235826327	12.518262879550589	12.525959709892442	12.430882409088442	12.530668462899014	11.572751133955673	12.525780949284275	12.336688674912793	11.763059251706588	11.568979920585983	11.572827229528826	11.6851440172267	11.572751133955673	13.962301469055479	11.577335608491461	11.459234865767678	11.18075188254901	12.516758226371671	12.52452886907123	12.43898075266996	12.525780949284275	11.577335608491461	12.547455158029118	12.334158029855391	11.763518886089372	12.330347266727808	12.337731928413714	12.790671470451796	12.336688674912793	11.459234865767678	12.334158029855391	13.813138905196134	11.903208255038905	11.751103988326278	11.76068568566111	11.446237235826327	11.763059251706588	11.18075188254901	11.763518886089372	11.903208255038905	13.247178476742455
12.612842378777662	12.586842183756879	12.565817285107226	12.587593823154476	12.180261740384601	12.583999670744824	12.151619502057574	11.161524328410971	12.586842183756879	12.612547298881177	12.56094686576501	12.591415591805232	12.183314020004751	12.587995212306678	12.156356337246258	11.16772568519007	12.565817285107226	12.56094686576501	20.069420501809592	12.555407012674719	12.219519257848715	12.57623593926937	12.905874333325045	10.806146921669217	12.587593823154476	12.591415591805232	12.555407012674719	12.595469744997217	12.183646652739531	12.588696135736459	12.154072889178545	11.17014867693159	12.180261740384601	12.183314020004751	12.219519257848715	12.183646652739531	13.053266753614142	12.187126624043161	11.822861703029133	11.047859947139234	12.583999670744824	12.587995212306678	12.57623593926937	12.588696135736459	12.187126624043161	12.656035558216235	12.145911392438393	11.175675245933016	12.151619502057574	12.156356337246258	12.905874333325045	12.154072889178545	11.822861703029133	12.145911392438393	14.45164255704063	11.747785391519693	11.161524328410971	11.16772568519007	10.806146921669217	11.17014867693159	11.047859947139234	11.175675245933016	11.747785391519693	14.21769580671197
12.545264234890698	12.186376373955973	12.190166863621736	12.189101300692998	12.055923058874903	12.189586675798859	12.070808720269838	11.624335198664363	12.186376373955973	12.32741431889758	12.26476627313854	12.264044138478852	12.125116326840303	12.264872506661561	12.14144095024026	11.71814607766331	12.190166863621736	12.26476627313854	12.288952584630792	12.268018371786683	12.12881293157852	12.268830396595487	12.142175616954272	11.72369593964719	12.189101300692998	12.264044138478852	12.268018371786683	12.272855659883591	12.127969884279018	12.268150271277168	12.14036783590161	11.723760459619289	12.055923058874903	12.125116326840303	12.12881293157852	12.127969884279018	12.487979298622513	12.12908287171497	12.007607189627937	11.629975110632737	12.189586675798859	12.264872506661561	12.268830396595487	12.268150271277168	12.12908287171497	12.275682447968322	12.140627992811208	11.724843056121214	12.070808720269838	12.14144095024026	12.142175616954272	12.14036783590161	12.007607189627937	12.140627992811208	13.374597738180716	11.830231083532146	11.624335198664363	11.71814607766331	11.72369593964719	11.723760459619289	11.629975110632737	11.724843056121214	11.830231083532146	12.975577666471523
12.40594491553758	12.27212571501372	12.272864694759772	12.271915367467384	12.066324139304166	12.272305274680358	12.180598711448296	11.627824698558879	12.27212571501372	12.312305297222128	12.301443216965474	12.30066304399012	12.091799365301195	12.301229454231244	12.207764441523402	11.66533952624646	12.272864694759772	12.301443216965474	12.325602600699897	12.301210128562401	12.092401975260367	12.301787453178695	12.208755752526612	11.665513022244477	12.271915367467384	12.30066304399012	12.301210128562401	12.306039536795751	12.091374848814883	12.301007202213265	12.207100282829083	11.665777113675695	12.066324139304166	12.091799365301195	12.092401975260367	12.091374848814883	12.622933415838443	12.092688209145564	12.005607435086038	11.535181945330356	12.272305274680358	12.301229454231244	12.301787453178695	12.301007202213265	12.092688209145564	12.313708218909868	12.207064035359593	11.667143273739576	12.180598711448296	12.207764441523402	12.208755752526612	12.207100282829083	12.005607435086038	12.207064035359593	13.03695699167488	11.756749547451046	11.627824698558879	11.66533952624646	11.665513022244477	11.665777113675695	11.535181945330356	11.667143273739576	11.756749547451046	13.107177668084809
12.562099007058873	12.544646685308322	12.552671282348383	12.5437902047093	12.10973918733446	12.53523346382073	12.338541564294587	11.26048061341819	12.544646685308322	12.552988172244726	12.553674354013287	12.547052646330673	12.112328249009302	12.538703608063887	12.341721696051831	11.26569389824686	12.552671282348383	12.553674354013287	14.578709630697166	12.551945830852867	12.136700827406738	12.55786561621434	12.45101697854426	11.149303508834112	12.5437902047093	12.547052646330673	12.551945830852867	12.553058414594535	12.111145832741885	12.537870990225045	12.340658506553781	11.265684081899519	12.10973918733446	12.112328249009302	12.136700827406738	12.111145832741885	13.070988648234046	12.118502468000754	11.94211069229007	11.117189220094634	12.53523346382073	12.538703608063887	12.55786561621434	12.537870990225045	12.118502468000754	12.677879742834193	12.325473948527026	11.279727097847752	12.338541564294587	12.341721696051831	12.45101697854426	12.340658506553781	11.94211069229007	12.325473948527026	13.444286763215363	11.545856363380764	11.26048061341819	11.26569389824686	11.149303508834112	11.265684081899519	11.117189220094634	11.279727097847752	11.545856363380764	14.04036621253015
20.715263320603714	9.910647117076106	15.168729475412746	10.296331194708227	9.940183733990292	9.906577482140218	11.425096002981723	9.52158183837299	9.910647117076106	12.781453650859005	11.269116176433368	12.441637433758007	12.671978493832217	12.777300501162435	12.041454342001844	12.603729337883152	15.168729475412746	11.269116176433368	21.40258997426403	10.905401601801765	11.256191159075943	11.267615970469992	13.152859727670048	10.96324849916686	10.296331194708227	12.441637433758007	10.905401601801765	13.369441414401404	12.33319840914497	12.443382231082387	11.806673373089062	12.275965008584176	9.940183733990292	12.671978493832217	11.256191159075943	12.33319840914497	12.86586289368114	12.673554103858804	11.967337357365958	12.508154225491593	9.906577482140218	12.777300501162435	11.267615970469992	12.443382231082387	12.673554103858804	12.783433192218798	12.039928769034981	12.605475826485954	11.425096002981723	12.041454342001844	13.152859727670048	11.806673373089062	11.967337357365958	12.039928769034981	15.916579108947468	12.08969887546979	9.52158183837299	12.603729337883152	10.96324849916686	12.275965008584176	12.508154225491593	12.605475826485954	12.08969887546979	13.123928337854839
20.44587989930901	9.778603815095462	14.493235785364805	10.76400619832223	9.779108434336807	9.772967464795887	10.770340899330556	9.73503044995871	9.778603815095462	12.815127932092901	11.493020526174355	11.941676781163162	12.78687813278325	12.804206084224681	12.376632404106266	12.788952446916397	14.493235785364805	11.493020526174355	20.997953860471483	10.50556791541087	11.486774412647986	11.48936681813701	12.624933060821604	11.456616781008378	10.76400619832223	11.941676781163162	10.50556791541087	14.382012359629922	11.924787496929827	11.944751346837648	11.671235422290826	11.93021466239168	9.779108434336807	12.78687813278325	11.486774412647986	11.924787496929827	12.823504485502033	12.789506029095199	12.361966054961728	12.774394039382756	9.772967464795887	12.804206084224681	11.48936681813701	11.944751346837648	12.789506029095199	12.810290104484134	12.37588551813197	12.79162920858095	10.770340899330556	12.376632404106266	12.624933060821604	11.671235422290826	12.361966054961728	12.37588551813197	14.67465581022217	12.373682706744033	9.73503044995871	12.788952446916397	11.456616781008378	11.93021466239168	12.774394039382756	12.79162920858095	12.373682706744033	12.841333946270336
15.711683791420215	11.069887487221358	11.054082789014817	11.77057594087814	11.043148467208923	11.046832534220213	11.05989699032152	11.046208532137111	11.069887487221358	13.190375687497852	12.47505080531668	11.181254886739259	12.465431621722905	12.475865087174194	12.46731707280561	12.47413389911205	11.054082789014817	12.47505080531668	12.560733252836226	11.273361515015269	12.52694495876023	12.537650009673353	12.521462214822392	12.536278235969831	11.77057594087814	11.181254886739259	11.273361515015269	15.824286235748064	11.261913514298245	11.279611156332079	11.278961819276255	11.276216126732878	11.043148467208923	12.465431621722905	12.52694495876023	11.261913514298245	12.558686269870012	12.528136077923582	12.511712891235973	12.526766420833013	11.046832534220213	12.475865087174194	12.537650009673353	11.279611156332079	12.528136077923582	12.546429264821963	12.522332080785372	12.537481127765506	11.05989699032152	12.46731707280561	12.521462214822392	11.278961819276255	12.511712891235973	12.522332080785372	12.69616944081938	12.521140229829374	11.046208532137111	12.47413389911205	12.536278235969831	11.276216126732878	12.526766420833013	12.537481127765506	12.521140229829374	12.541222113123222
12.536270140687424	12.474529513856321	12.476492333276575	12.201548723345407	12.291980615247963	12.47439359806447	12.30812473427753	11.320276024505906	12.474529513856321	12.493450030392633	12.489734881259583	12.207386763359821	12.304548018128692	12.488033091688019	12.321034246111205	11.340598259027393	12.476492333276575	12.489734881259583	12.581090531979115	12.203014470232164	12.30655597187298	12.489635421954764	12.326275893813484	11.336721378491974	12.201548723345407	12.207386763359821	12.203014470232164	13.604335736066737	11.996127683126145	12.208063618097372	12.068404910447525	11.16291453414412	12.291980615247963	12.304548018128692	12.30655597187298	11.996127683126145	12.734028272310363	12.304647883182515	12.149357293984625	11.271347972958665	12.47439359806447	12.488033091688019	12.489635421954764	12.208063618097372	12.304647883182515	12.493363169399364	12.320433302310814	11.341677654031619	12.30812473427753	12.321034246111205	12.326275893813484	12.068404910447525	12.149357293984625	12.320433302310814	13.265587105144332	11.56351333938967	11.320276024505906	11.340598259027393	11.336721378491974	11.16291453414412	11.271347972958665	11.341677654031619	11.56351333938967	13.898167712854251
13.321507057665873	11.99143480990927	12.02103420362539	11.758686129428957	11.906883869779778	11.991592712755262	11.879956115991462	11.539732997862608	11.99143480990927	12.37239428905249	12.353412427881953	11.80247667483585	12.256508766972741	12.35693728808998	12.18341153178971	11.954972180927488	12.02103420362539	12.353412427881953	12.714023053639012	11.762300891675302	12.255692749200213	12.35426517582005	12.210749693929237	11.944578279759366	11.758686129428957	11.80247667483585	11.762300891675302	14.399333853786722	11.672310415232747	11.804736534688633	11.707253435947438	11.46548960980569	11.906883869779778	12.256508766972741	12.255692749200213	11.672310415232747	12.535556420026591	12.25751440743663	12.087474309993357	11.880029190004446	11.991592712755262	12.35693728808998	12.35426517582005	11.804736534688633	12.25751440743663	12.360971174740635	12.182537029532927	11.9565054423122	11.879956115991462	12.18341153178971	12.210749693929237	11.707253435947438	12.087474309993357	12.182537029532927	13.936303909904561	12.021754243928504	11.539732997862608	11.954972180927488	11.944578279759366	11.46548960980569	11.880029190004446	11.9565054423122	12.021754243928504	12.868142712750844
13.38888298259335	11.800512076999777	11.825984140896162	11.640755446995854	11.806077647226152	11.821571705041949	11.790878475370251	11.701524747158265	11.800512076999777	12.94924233423177	12.217798368144548	11.594533098345781	12.198578472895	12.217442851715672	12.182696571914517	12.108552186599201	11.825984140896162	12.217798368144548	12.316875842947	11.674058158720127	12.251613672976188	12.271215851116931	12.185703746341616	12.16757689076024	11.640755446995854	11.594533098345781	11.674058158720127	14.440635162395223	11.653294644384959	11.68043408190023	11.644121354849903	11.593414665275786	11.806077647226152	12.198578472895	12.251613672976188	11.653294644384959	12.310482536322677	12.252311837822834	12.164153478396731	12.150308495767398	11.821571705041949	12.217442851715672	12.271215851116931	11.68043408190023	12.252311837822834	12.274733516741874	12.183306019608388	12.16869645513028	11.790878475370251	12.182696571914517	12.185703746341616	11.644121354849903	12.164153478396731	12.183306019608388	13.393780505779198	12.1235470540566	11.701524747158265	12.108552186599201	12.16757689076024	11.593414665275786	12.150308495767398	12.16869645513028	12.1235470540566	12.413434540578661
13.876302851762578	11.622459151437939	11.650686408347655	11.616770885029053	11.604081308111212	11.644972684627367	11.645925020290951	11.630876282328492	11.622459151437939	13.499414719966035	12.167194937788729	11.637221466855369	12.112812707291537	12.166834388394035	12.173859210544425	12.153839617127662	11.650686408347655	12.167194937788729	12.316068649100902	11.782208413921365	12.214682762929236	12.273270529491604	12.237993789563964	12.261804018786266	11.616770885029053	11.637221466855369	11.782208413921365	13.962188421213813	11.713135796620854	11.787656156130737	11.7691819833283	11.777070371892867	11.604081308111212	12.112812707291537	12.214682762929236	11.713135796620854	12.385354684080964	12.215996652853134	12.179766911607437	12.204972654386452	11.644972684627367	12.166834388394035	12.273270529491604	11.787656156130737	12.215996652853134	12.277615028349844	12.238056160109778	12.263302437545018	11.645925020290951	12.173859210544425	12.237993789563964	11.7691819833283	12.179766911607437	12.238056160109778	12.76458507550889	12.228849006088941	11.630876282328492	12.153839617127662	12.261804018786266	11.777070371892867	12.204972654386452	12.263302437545018	12.228849006088941	12.291701181640153
14.616355546470624	11.430003077847243	11.428743930050969	11.581822487377629	11.394649436540488	11.422930962270607	11.434803876129278	11.420428723564047	11.430003077847243	14.089703351857457	12.198926812742002	11.459917286711379	12.155531829846257	12.198661546677508	12.21500992643343	12.19554552534034	11.428743930050969	12.198926812742002	12.387367801284094	11.683288242188278	12.31006770559431	12.358757592922752	12.325590016820065	12.356452300417315	11.581822487377629	11.459917286711379	11.683288242188278	14.436275843771053	11.623809323121531	11.688099864776316	11.674450633383561	11.685293569457581	11.394649436540488	12.155531829846257	12.31006770559431	11.623809323121531	12.448935905413409	12.311348450139835	12.277725793448589	12.309080032901148	11.422930962270607	12.198661546677508	12.358757592922752	11.688099864776316	12.311348450139835	12.364331198417302	12.32609571637074	12.357806452036776	11.434803876129278	12.21500992643343	12.325590016820065	11.674450633383561	12.277725793448589	12.32609571637074	12.745384050141219	12.324248344447987	11.420428723564047	12.19554552534034	12.356452300417315	11.685293569457581	12.309080032901148	12.357806452036776	12.324248344447987	12.36372691339115
16.493734214123982	10.910584257532605	11.409183318495861	11.576348573968637	10.905769987387654	10.909001463733986	11.032880136979507	10.777293985404038	10.910584257532605	12.551496654798882	12.421442382625179	11.595156878605225	12.53136545184605	12.543318258138163	12.409311621029786	12.463135236923359	11.409183318495861	12.421442382625179	14.04502982339661	11.360900706484847	12.411515128396214	12.421970108808894	12.417277239732867	12.328273032650975	11.576348573968637	11.595156878605225	11.360900706484847	14.813051005698396	11.581160847760973	11.59710948495885	11.55745015980551	11.525648497765571	10.905769987387654	12.53136545184605	12.411515128396214	11.581160847760973	12.562926064629771	12.53236277146564	12.397994677686802	12.4527975036013	10.909001463733986	12.543318258138163	12.421970108808894	11.59710948495885	12.53236277146564	12.548124081309528	12.409254230443791	12.464245510577285	11.032880136979507	12.409311621029786	12.417277239732867	11.55745015980551	12.397994677686802	12.409254230443791	13.691863348836836	12.367768845360906	10.777293985404038	12.463135236923359	12.328273032650975	11.525648497765571	12.4527975036013	12.464245510577285	12.367768845360906	12.680507758257168
18.673147530531104	10.248351207530135	12.099322309899698	11.326547120874531	10.246390830196578	10.244747948472561	10.409668907462335	10.243063506773955	10.248351207530135	12.718107151978174	12.218014951334823	11.696194518552552	12.62305804856673	12.710865765690803	12.621856667355246	12.708844259931062	12.099322309899698	12.218014951334823	16.481277777938196	11.050779284911684	12.165655545349491	12.218493907862571	12.324295123337281	12.21471274846996	11.326547120874531	11.696194518552552	11.050779284911684	14.734107749814635	11.592791583670348	11.698883910497685	11.661757382966938	11.695808119728763	10.246390830196578	12.62305804856673	12.165655545349491	11.592791583670348	12.827158459691594	12.624525447702167	12.537497584235403	12.62247819290796	10.244747948472561	12.710865765690803	12.218493907862571	11.698883910497685	12.624525447702167	12.719596854377082	12.622551281796921	12.710263893991234	10.409668907462335	12.621856667355246	12.324295123337281	11.661757382966938	12.537497584235403	12.622551281796921	13.263029357108179	12.621260304274154	10.243063506773955	12.708844259931062	12.21471274846996	11.695808119728763	12.62247819290796	12.710263893991234	12.621260304274154	12.715267994848174
14.257415405999962	11.522462418590603	11.851660380410662	11.57231131292431	11.508823880893463	11.518588367125759	11.52459927134836	11.51577411282821	11.522462418590603	12.509344836982986	12.50446123805105	10.810128182587407	12.486885381682862	12.50424240754476	12.500413617418321	12.500913281557365	11.851660380410662	12.50446123805105	14.820767114298528	10.235426889782426	12.489395750464421	12.504418126387371	12.50687010655682	12.498100662684388	11.57231131292431	10.810128182587407	10.235426889782426	18.126474065668155	10.772967699389437	10.824324985788532	10.812034336324292	10.807519519373415	11.508823880893463	12.486885381682862	12.489395750464421	10.772967699389437	12.551088419730767	12.485431647367314	12.481478676777757	12.482046039057478	11.518588367125759	12.50424240754476	12.504418126387371	10.824324985788532	12.485431647367314	12.533199648526763	12.498713329421994	12.499365770830753	11.52459927134836	12.500413617418321	12.50687010655682	10.812034336324292	12.481478676777757	12.498713329421994	12.567604202382602	12.495619383147472	11.51577411282821	12.500913281557365	12.498100662684388	10.807519519373415	12.482046039057478	12.499365770830753	12.495619383147472	12.513449731888528
12.54980684475539	12.500830659611763	12.522656501185361	12.09363431612978	11.388239317678556	12.494049680365608	12.491564385843901	12.106338467143862	12.500830659611763	12.518879839112007	12.525557705256213	12.097901617655284	11.396285097398325	12.509423951091621	12.506628987259	12.123308913695892	12.522656501185361	12.525557705256213	16.296096571216793	11.58781326072129	11.612481271384322	12.528515546826457	12.53489987163331	12.047699230395708	12.09363431612978	12.097901617655284	11.58781326072129	15.112486244462364	10.520571768212658	12.102670506329568	12.090127596696892	11.754286583799395	11.388239317678556	11.396285097398325	11.612481271384322	10.520571768212658	14.72417881036585	11.406890155349506	11.390229506161013	11.24095117958511	12.494049680365608	12.509423951091621	12.528515546826457	12.102670506329568	11.406890155349506	12.563679344005555	12.499660419828961	12.120406974728466	12.491564385843901	12.506628987259	12.53489987163331	12.090127596696892	11.390229506161013	12.499660419828961	12.612531159694557	12.12605111782131	12.106338467143862	12.123308913695892	12.047699230395708	11.754286583799395	11.24095117958511	12.120406974728466	12.12605111782131	12.841948827573589
13.016667971111007	12.202850935539828	12.498022732500939	11.548207620906762	11.606533141698899	12.200285698326898	12.201177741416435	11.99931256618739	12.202850935539828	12.488725179873288	12.542310140812221	11.45201095884823	11.821594960004823	12.48363992014311	12.482424580392383	12.29793375719024	12.498022732500939	12.542310140812221	17.68953198656313	10.190214558566858	12.135671999305336	12.543522037013156	12.54940890602264	12.28471239837038	11.548207620906762	11.45201095884823	10.190214558566858	17.726321365878164	10.174143372528112	11.459068895075482	11.450174947246257	11.324010432155635	11.606533141698899	11.821594960004823	12.135671999305336	10.174143372528112	14.029420835182147	11.823035797852311	11.8189446105902	11.705915024390494	12.200285698326898	12.48363992014311	12.543522037013156	11.459068895075482	11.823035797852311	12.504136782185936	12.48030165970443	12.296577023212262	12.201177741416435	12.482424580392383	12.54940890602264	11.450174947246257	11.8189446105902	12.48030165970443	12.526816975873935	12.297163843538781	11.99931256618739	12.29793375719024	12.28471239837038	11.324010432155635	11.705915024390494	12.296577023212262	12.297163843538781	12.66971077224851
18.897768645890984	10.032952115567788	12.749098201034398	12.025257944030049	10.028403471691554	10.02762896610096	10.043801974320564	9.992134063087269	10.032952115567788	12.978094778890352	12.34121396189364	10.887879452110301	12.860856854239227	12.974912677309288	12.969140346621856	12.959303370469387	12.749098201034398	12.34121396189364	19.425102472108687	9.563875233381685	12.305395319662146	12.343955789457008	12.351793030902146	12.305907951411147	12.025257944030049	10.887879452110301	9.563875233381685	17.513371357505775	10.716791699380648	10.895862437711987	10.887710090032611	10.874792679485887	10.028403471691554	12.860856854239227	12.305395319662146	10.716791699380648	13.148477187944652	12.86130076351603	12.855284016774696	12.84623969245021	10.02762896610096	12.974912677309288	12.343955789457008	10.895862437711987	12.86130076351603	12.997523865291642	12.9690906872587	12.95939440454638	10.043801974320564	12.969140346621856	12.351793030902146	10.887710090032611	12.855284016774696	12.9690906872587	13.003836111472026	12.95375552777552	9.992134063087269	12.959303370469387	12.305907951411147	10.874792679485887	12.84623969245021	12.95939440454638	12.95375552777552	13.01250631876652
20.618983427283915	9.435396576413059	13.511488769272848	12.233587415891005	9.444777551657934	9.42246423034586	9.488704167499892	9.429928764354566	9.435396576413059	13.194096585004225	12.181874568716035	10.672450501348637	13.111518405439437	13.182463047951506	13.157002403726073	13.182419182525626	13.511488769272848	12.181874568716035	21.268509959078052	9.037679554006049	12.172278504598445	12.18655942826592	12.232855146734586	12.176760259177742	12.233587415891005	10.672450501348637	9.037679554006049	18.059958580867487	10.569947015969538	10.69067393770491	10.672533809566218	10.674150284348656	9.444777551657934	13.111518405439437	12.172278504598445	10.569947015969538	13.280031401840633	13.113070387768206	13.087578743061203	13.112520733533575	9.42246423034586	13.182463047951506	12.18655942826592	10.69067393770491	13.113070387768206	13.22926634125771	13.157639500919139	13.183507635999991	9.488704167499892	13.157002403726073	12.232855146734586	10.672533809566218	13.087578743061203	13.157639500919139	13.272411404186307	13.15796164232594	9.429928764354566	13.182419182525626	12.176760259177742	10.674150284348656	13.112520733533575	13.183507635999991	13.15796164232594	13.18695976225068
20.313423151201835	9.634277491612027	13.530264612618867	11.732914929895006	9.654892842071824	9.629224739104643	9.778235716967448	9.627963733388942	9.634277491612027	13.037178243494175	12.025784408605388	11.164244025487678	12.913647927674699	13.033073558848622	12.96581574783481	13.031262879069244	13.530264612618867	12.025784408605388	20.51780613747419	9.724743702416363	12.004085301008132	12.027491575646927	12.167012956660763	12.020380522534484	11.732914929895006	11.164244025487678	9.724743702416363	16.657258007509743	11.0060161081168	11.169371380526544	11.147976979481037	11.163559571750135	9.654892842071824	12.913647927674699	12.004085301008132	11.0060161081168	13.181903206083511	12.914758757270794	12.849888664910402	12.912744620891377	9.629224739104643	13.033073558848622	12.027491575646927	11.169371380526544	12.914758757270794	13.049293406718185	12.96622737459196	13.032125397197056	9.778235716967448	12.96581574783481	12.167012956660763	11.147976979481037	12.849888664910402	12.96622737459196	13.28780644541542	12.964936601918206	9.627963733388942	13.031262879069244	12.020380522534484	11.163559571750135	12.912744620891377	13.032125397197056	12.964936601918206	13.038139555025106
18.283818046298027	10.292260302766593	11.47058507930936	11.716005075694518	10.28034140266611	10.287505760946956	10.355124411728045	10.287953511720504	10.292260302766593	12.777881891232344	12.464028059402928	11.383010905262934	12.675077574862682	12.76393455416004	12.72338217609573	12.762581554992337	11.47058507930936	12.464028059402928	15.358949444823585	10.916604293359292	12.400266486261996	12.464821476456603	12.48517296988268	12.462346415518208	11.716005075694518	11.383010905262934	10.916604293359292	15.584029528891653	11.27099196143819	11.387646232655182	11.379807030921791	11.38417453464301	10.28034140266611	12.675077574862682	12.400266486261996	11.27099196143819	12.895396708643652	12.677189660515676	12.637083085098057	12.67574634656021	10.287505760946956	12.76393455416004	12.464821476456603	11.387646232655182	12.677189660515676	12.77579642072511	12.724906999481219	12.764649664720599	10.355124411728045	12.72338217609573	12.48517296988268	11.379807030921791	12.637083085098057	12.724906999481219	13.02874718530976	12.723884260028555	10.287953511720504	12.762581554992337	12.462346415518208	11.38417453464301	12.67574634656021	12.764649664720599	12.723884260028555	12.76767580552292
16.857840855718255	10.692978855006121	11.214206330168242	11.82318550005959	10.68651342554466	10.68732398510524	10.797763589811884	10.682883448487383	10.692978855006121	12.708195068125	12.531168636654948	11.213869168492462	12.645101173046449	12.650634743989412	12.56090365872844	12.647454405795168	11.214206330168242	12.531168636654948	14.177562607343146	10.943118283480537	12.528460966621628	12.53331251434915	12.5286890795528	12.529403437720305	11.82318550005959	11.213869168492462	10.943118283480537	15.96617655442543	11.2145328635085	11.22341140311914	11.225731759311879	11.21958036312617	10.68651342554466	12.645101173046449	12.528460966621628	11.2145328635085	12.666055680588503	12.651298304158404	12.55816796133097	12.648154725787071	10.68732398510524	12.650634743989412	12.53331251434915	11.22341140311914	12.651298304158404	12.660882541177388	12.563404111645955	12.653694534473429	10.797763589811884	12.56090365872844	12.5286890795528	11.225731759311879	12.55816796133097	12.563404111645955	13.403480879121217	12.561457919796306	10.682883448487383	12.647454405795168	12.529403437720305	11.21958036312617	12.648154725787071	12.653694534473429	12.561457919796306	12.662229314310006
16.93520210626655	10.700745667597582	11.13704100146428	11.755778051914504	10.691099873220848	10.691719502141241	10.821504423807314	10.661172808169148	10.700745667597582	12.722898959925365	12.52288851463187	11.326759567893324	12.620728305366159	12.62539426285439	12.518498992727938	12.6070864268291	11.13704100146428	12.52288851463187	13.862397863440084	11.124416582074986	12.523522913770043	12.52773080131826	12.503608631000642	12.506743258165143	11.755778051914504	11.326759567893324	11.124416582074986	15.564427227019543	11.334182377315273	11.341239949478034	11.33630374708794	11.324611486582985	10.691099873220848	12.620728305366159	12.523522913770043	11.334182377315273	12.64353756945042	12.631427925732188	12.517360036476378	12.61336721925451	10.691719502141241	12.62539426285439	12.52773080131826	11.341239949478034	12.631427925732188	12.639290920140281	12.521731834559224	12.618013933050563	10.821504423807314	12.518498992727938	12.503608631000642	11.33630374708794	12.517360036476378	12.521731834559224	13.562656551489788	12.511008552474893	10.661172808169148	12.6070864268291	12.506743258165143	11.324611486582985	12.61336721925451	12.618013933050563	12.511008552474893	12.667884973201602
20.096765982203248	11.061580571217075	13.770037966883994	10.711311915918706	9.820365940645694	9.78247169925655	10.117001015521623	9.782768548048097	11.061580571217075	16.5801418379888	12.647484831570704	11.210707043423227	12.02399038047238	12.097406078133318	12.244452700953346	12.093466396305251	13.770037966883994	12.647484831570704	19.493504532149682	10.635405328604227	11.617113835170382	11.643843159006954	11.963658326202214	11.639453795392342	10.711311915918706	11.210707043423227	10.635405328604227	14.490535198489347	11.908387225695765	12.050968368946977	11.929858014354528	12.048993637479045	9.820365940645694	12.02399038047238	11.617113835170382	11.908387225695765	12.988786285271525	12.74976316555073	12.595670699350222	12.748758338288859	9.78247169925655	12.097406078133318	11.643843159006954	12.050968368946977	12.74976316555073	12.884306875953834	12.711470657779055	12.87318735865319	10.117001015521623	12.244452700953346	11.963658326202214	11.929858014354528	12.595670699350222	12.711470657779055	13.355460295235753	12.711098651238254	9.782768548048097	12.093466396305251	11.639453795392342	12.048993637479045	12.748758338288859	12.87318735865319	12.711098651238254	12.875725121058561
20.331423160829218	11.40681279747542	14.109925320907195	10.545264243489218	9.750980014649624	9.68547321925417	10.100633394270318	9.68481706444329	11.40681279747542	17.60630219912869	12.92404345691923	11.062838721024367	11.810721542694775	11.8985885714822	12.147908241284256	11.894436055322949	14.109925320907195	12.92404345691923	19.98495200805638	10.557819644553101	11.478900127270727	11.503774699032192	11.914446957641097	11.499425415054676	10.545264243489218	11.062838721024367	10.557819644553101	14.442824607159503	11.956928195367944	12.169944940114997	12.008975792365057	12.16841363920372	9.750980014649624	11.810721542694775	11.478900127270727	11.956928195367944	13.089534292697781	12.742311226447205	12.55538659600309	12.741392741787308	9.68547321925417	11.8985885714822	11.503774699032192	12.169944940114997	12.742311226447205	12.939006207615614	12.727968014557511	12.930084393874747	10.100633394270318	12.147908241284256	11.914446957641097	12.008975792365057	12.55538659600309	12.727968014557511	13.4381157373511	12.727656151540941	9.68481706444329	11.894436055322949	11.499425415054676	12.16841363920372	12.741392741787308	12.930084393874747	12.727656151540941	12.933027964552007
19.467292422086963	11.163388317885293	12.709667837484544	11.022235218315107	9.95985938365477	9.93441864489778	10.077144772959056	9.9378238037645	11.163388317885293	17.623493441318573	12.669021337507045	10.939668214721687	11.95070598095269	12.01807603826743	12.112287517915576	12.010469652570904	12.709667837484544	12.669021337507045	17.601343376795512	10.834777516978699	11.950247864067371	12.001904277092509	12.099539707868786	11.99639782403693	11.022235218315107	10.939668214721687	10.834777516978699	14.809271538338953	11.74485259200505	11.887908725415793	11.834750665154399	11.884214238202253	9.95985938365477	11.95070598095269	11.950247864067371	11.74485259200505	12.984013433030393	12.741639305699685	12.669548768038652	12.74048444004081	9.93441864489778	12.01807603826743	12.001904277092509	11.887908725415793	12.741639305699685	12.881907912328165	12.785216227926723	12.860009386370708	10.077144772959056	12.112287517915576	12.099539707868786	11.834750665154399	12.669548768038652	12.785216227926723	13.103123806078317	12.784843545158145	9.9378238037645	12.010469652570904	11.99639782403693	11.884214238202253	12.74048444004081	12.860009386370708	12.784843545158145	12.862164212490075
19.04939062908646	11.157655050442585	12.06620716942201	10.870646125686187	10.133360423692036	10.11473047017469	10.496814297125376	10.111108523777732	11.157655050442585	17.145945153815273	12.398002755169692	11.284363908853123	11.893675602758583	11.981971596222824	12.280608528115296	11.97775041835649	12.06620716942201	12.398002755169692	15.931795839477147	11.40282709029282	12.046929662026775	12.136470433923785	12.324779183510183	12.132837823440038	10.870646125686187	11.284363908853123	11.40282709029282	14.0451243308996	11.937502521170835	12.10764791617113	11.945774997340095	12.105436245854829	10.133360423692036	11.893675602758583	12.046929662026775	11.937502521170835	12.931474281012928	12.617541718647026	12.405743271078208	12.615646742187618	10.11473047017469	11.981971596222824	12.136470433923785	12.10764791617113	12.617541718647026	12.774329457184875	12.545557920645104	12.768738757930008	10.496814297125376	12.280608528115296	12.324779183510183	11.945774997340095	12.405743271078208	12.545557920645104	13.698364633778034	12.54461722042742	10.111108523777732	11.97775041835649	12.132837823440038	12.105436245854829	12.615646742187618	12.768738757930008	12.54461722042742	12.7749552755993
15.043364833184373	11.320427286373064	11.310844594363594	11.57009887767073	11.278331167948046	11.287301083729947	11.29590234220187	11.292278938468375	11.320427286373064	14.083971829002204	12.234556880390311	11.43611708256759	12.208393607580426	12.236629561967339	12.23522057029962	12.232305175610103	11.310844594363594	12.234556880390311	12.472704688373947	11.648003560362495	12.36159800023138	12.390106586777804	12.385261687982164	12.388985008022063	11.57009887767073	11.43611708256759	11.648003560362495	14.518996145712634	11.6231040690475	11.666601790063122	11.658195780710818	11.659157066104843	11.278331167948046	12.208393607580426	12.36159800023138	11.6231040690475	12.444566643255685	12.36619730398858	12.36097878965692	12.364993524376358	11.287301083729947	12.236629561967339	12.390106586777804	11.666601790063122	12.36619730398858	12.428720803984197	12.389441082876829	12.393583773330098	11.29590234220187	12.23522057029962	12.385261687982164	11.658195780710818	12.36097878965692	12.389441082876829	12.44587811896765	12.38855743776948	11.292278938468375	12.232305175610103	12.388985008022063	11.659157066104843	12.364993524376358	12.393583773330098	12.38855743776948	12.395574593583955
20.75992109596645	10.94216529219926	14.702385882944817	10.412977288315732	9.60327992934079	9.547619703953897	11.086703553363593	9.54304337330138	10.94216529219926	15.609012671683601	12.54085330369756	11.435554218578279	12.093654779514768	12.179963757861122	12.560682404190214	12.176240334991004	14.702385882944817	12.54085330369756	20.78026957833821	10.446302138375394	11.26711942236954	11.272497612763278	12.897740701057785	11.267227815005631	10.412977288315732	11.435554218578279	10.446302138375394	14.308223012456832	12.056459955333677	12.210793311755857	11.663275401194657	12.208367213990082	9.60327992934079	12.093654779514768	11.26711942236954	12.056459955333677	13.063828047384916	12.813836980352614	12.13814990984543	12.811642395365691	9.547619703953897	12.179963757861122	11.272497612763278	12.210793311755857	12.813836980352614	12.957038256575085	12.237294124574213	12.951320674841378	11.086703553363593	12.560682404190214	12.897740701057785	11.663275401194657	12.13814990984543	12.237294124574213	15.181863460638224	12.23754056866056	9.54304337330138	12.176240334991004	11.267227815005631	12.208367213990082	12.811642395365691	12.951320674841378	12.23754056866056	12.958306083269456
