140.80039799578785	138.79138314518053	129.26143815793768	140.24798056260892	131.18457038052443	130.9594341304497	139.34908779418336	139.1703944844973	139.3512542144591	138.79138314518053	148.09497247773368	129.24870833786204	137.73073911827365	130.00052016756104	133.77377363083303	137.12582221051437	135.70558020054725	137.1258620846386	129.26143815793768	129.24870833786204	124.52358323725426	130.69668406472422	122.27341889427412	123.20352934953024	129.92308030359973	130.5489114193499	129.9306302960612	140.24798056260892	137.73073911827365	130.69668406472422	143.08722367331046	133.16492663256554	133.86699413913047	141.76252825641734	140.08956906108082	141.76908799242062	131.18457038052443	130.00052016756104	122.27341889427412	133.16492663256554	127.85374503393322	125.80197524406255	132.14915427827532	131.56853308273813	132.15638016360168	130.9594341304497	133.77377363083303	123.20352934953024	133.86699413913047	125.80197524406255	161.48433765877172	132.9465082935771	138.61766701769983	132.9448061925807	139.34908779418336	137.12582221051437	129.92308030359973	141.76252825641734	132.14915427827532	132.9465082935771	141.10193538378118	139.43784085976398	141.090621014135	139.1703944844973	135.70558020054725	130.5489114193499	140.08956906108082	131.56853308273813	138.61766701769983	139.43784085976398	145.02548489199347	139.44138375257526	139.3512542144591	137.1258620846386	129.9306302960612	141.76908799242062	132.15638016360168	132.9448061925807	141.090621014135	139.44138375257526	141.0997204447477
138.16541273510603	136.40157495232984	126.28740143478056	138.28440836594584	131.30322613982491	130.186664012118	136.87913421686122	136.71374790323495	136.88638017578864	136.40157495232984	142.76460792951747	126.51480914473998	136.683964709712	130.44460182307247	132.24351524448667	135.64301565003038	134.24836895450323	135.64843837169153	126.28740143478056	126.51480914473998	121.24481391562969	127.74336171150298	121.38605600461386	121.18585608962336	126.45208928398587	127.54878139055606	126.46805151786471	138.28440836594584	136.683964709712	127.74336171150298	140.90642306359652	133.25040422107952	132.8806139618079	138.85364956024085	137.56518665650933	138.86652124918314	131.30322613982491	130.44460182307247	121.38605600461386	133.25040422107952	128.94427401539804	126.53231230346144	131.74867537607088	131.22429320607202	131.76277889069667	130.186664012118	132.24351524448667	121.18585608962336	132.8806139618079	126.53231230346144	157.89164728311422	131.4010518165126	136.84950547137308	131.4001444097639	136.87913421686122	135.64301565003038	126.45208928398587	138.85364956024085	131.74867537607088	131.4010518165126	137.68538042669505	136.47248696155427	137.66102683239723	136.71374790323495	134.24836895450323	127.54878139055606	137.56518665650933	131.22429320607202	136.84950547137308	136.47248696155427	142.182531939106	136.4802861459368	136.88638017578864	135.64843837169153	126.46805151786471	138.86652124918314	131.76277889069667	131.4001444097639	137.66102683239723	136.4802861459368	137.67563388061006
123.45816886058971	123.33191976503828	113.4558369250059	123.27617147028205	123.2121589807778	123.02055434404416	123.20794527167307	125.6248319055541	123.21988518815337	123.33191976503828	125.72609445439369	113.86433138424945	123.4040832688865	123.34380458228908	123.18151513134376	123.33945434860918	124.73237869539213	123.35183050273238	113.4558369250059	113.86433138424945	109.8219285656121	113.49439101890502	113.43424791165641	113.3381241460372	113.4215586150352	118.5879514461153	113.44343267307528	123.27617147028205	123.4040832688865	113.49439101890502	123.4410969883013	123.35346947692179	123.16255957713652	123.34832816094901	125.42911092452547	123.3614845672975	123.2121589807778	123.34380458228908	113.43424791165641	123.35346947692179	123.29491273948045	123.09933356430261	123.28516868240985	125.3819734102041	123.29827588899283	123.02055434404416	123.18151513134376	113.3381241460372	123.16255957713652	123.09933356430261	124.53074888561525	123.09498983715827	125.71733961959613	123.10709792117594	123.20794527167307	123.33945434860918	113.4215586150352	123.34832816094901	123.28516868240985	123.09498983715827	123.32698903010225	125.37598024039877	123.29321290774111	125.6248319055541	124.73237869539213	118.5879514461153	125.42911092452547	125.3819734102041	125.71733961959613	125.37598024039877	134.5451231159154	125.39125933053035	123.21988518815337	123.35183050273238	113.44343267307528	123.3614845672975	123.29827588899283	123.10709792117594	123.29321290774111	125.39125933053035	123.31473518882873
164.10126026136948	155.83118127925442	146.21130940834135	169.32120152773675	154.30517072581753	155.79760549932138	155.79885600194578	157.41145378153087	158.8131107173554	155.83118127925442	157.37792357899315	141.17406105400113	160.84381064361065	146.98814976736404	157.06963984364876	157.06987816720064	151.43979734525715	156.5541812806803	146.21130940834135	141.17406105400113	141.04905441743722	156.81869889989662	142.82078949238957	141.17677856035266	141.17777375658858	144.60226638310962	150.80969255381197	169.32120152773675	160.84381064361065	156.81869889989662	186.61961538027307	168.19831585214823	160.99551929739937	160.99768932458102	160.25858230952517	174.72911271397618	154.30517072581753	146.98814976736404	142.82078949238957	168.19831585214823	156.60336317113357	147.04763117829256	147.0487361761694	148.03644761917292	158.49048567607753	155.79760549932138	157.06963984364876	141.17677856035266	160.99551929739937	147.04763117829256	157.4345751133893	157.42975078101063	151.62825954974218	156.84759976848568	155.79885600194578	157.06987816720064	141.17777375658858	160.99768932458102	147.0487361761694	157.42975078101063	157.4349865740802	151.62815339148113	156.85220472689323	157.41145378153087	151.43979734525715	144.60226638310962	160.25858230952517	148.03644761917292	151.62825954974218	151.62815339148113	160.0885483286818	154.57598958834862	158.8131107173554	156.5541812806803	150.80969255381197	174.72911271397618	158.49048567607753	156.84759976848568	156.85220472689323	154.57598958834862	174.58827473525457
164.2040366808104	155.81624981545752	146.27359467680603	169.42401905642552	154.39488678221036	155.77687978302828	155.7782400147804	157.4827638042263	158.83707027078725	155.81624981545752	157.38306611018314	141.16480346090356	160.8271604111316	146.9742757136698	157.06909307351097	157.0697680424717	151.4274020539221	156.54803321607633	146.27359467680603	141.16480346090356	141.08681608157892	156.88113055582423	142.87521951897816	141.1644637281223	141.1655011514078	144.64562406500124	150.82440328611509	169.42401905642552	160.8271604111316	156.88113055582423	186.72346528335922	168.2885531771062	160.97682036538302	160.97887180783928	160.33109033307827	174.75463367196426	154.39488678221036	146.9742757136698	142.87521951897816	168.2885531771062	156.68191807907976	147.03053762799036	147.03161456501786	148.09926837030972	158.51215459146937	155.77687978302828	157.06909307351097	141.1644637281223	160.97682036538302	147.03053762799036	157.4430752518604	157.43757294861263	151.61632927180793	156.84591264219364	155.7782400147804	157.0697680424717	141.1655011514078	160.97887180783928	147.03161456501786	157.43757294861263	157.44247769861207	151.6159699094701	156.85026716448976	157.4827638042263	151.4274020539221	144.64562406500124	160.33109033307827	148.09926837030972	151.61632927180793	151.6159699094701	160.13942326278024	154.59443263782853	158.83707027078725	156.54803321607633	150.82440328611509	174.75463367196426	158.51215459146937	156.84591264219364	156.85026716448976	154.59443263782853	174.59631684636247
163.76936535949466	155.87312022612065	146.01062526926114	168.9929090946029	154.01721117583642	155.87148581551153	155.87277548693805	157.18537244788925	158.741947484695	155.87312022612065	157.23550668714526	141.20956145471789	160.96657356166534	147.0634414699873	157.21648426994543	157.21586803435076	151.56096588619977	156.69566084154877	146.01062526926114	141.20956145471789	140.92690866137914	156.61411994398463	142.64373637807142	141.2098899968308	141.21102356914628	144.45870841969105	150.756789818649	168.9929090946029	160.96657356166534	156.61411994398463	186.2466220410812	167.89033532844405	160.97590139504652	160.9788398104001	159.9800455598289	174.58012842751992	154.01721117583642	147.0634414699873	142.64373637807142	167.89033532844405	156.34240581828834	147.06742638653822	147.06883196146757	147.81402745587081	158.3910475496417	155.87148581551153	157.21648426994543	141.2098899968308	160.97590139504652	147.06742638653822	157.2403595729118	157.23570270746387	151.5731112077826	156.71205647265165	155.87277548693805	157.21586803435076	141.21102356914628	160.9788398104001	147.06883196146757	157.23570270746387	157.24304663884726	151.57347211998305	156.71840418562738	157.18537244788925	151.56096588619977	144.45870841969105	159.9800455598289	147.81402745587081	151.5731112077826	151.57347211998305	159.87199009880678	154.43794465128926	158.741947484695	156.69566084154877	150.756789818649	174.58012842751992	158.3910475496417	156.71205647265165	156.71840418562738	154.43794465128926	174.44514878022667
135.6727673528024	135.57922605941442	123.60675188319004	139.53377675742308	135.58718955888878	135.40498604993797	134.17245638395414	134.16093232606997	135.53918603925686	135.57922605941442	135.62005847842366	123.5903311278487	139.50471960568203	135.57281554832227	135.39072807928144	134.15470626712818	134.0652204694322	135.56218834066883	123.60675188319004	123.5903311278487	120.01778516204752	127.88046245160683	123.5879334173882	123.46079715298833	122.33533343672937	126.61080755803414	126.4506615142313	139.53377675742308	139.50471960568203	127.88046245160683	145.4585632735624	139.5178725223426	139.32597798266727	138.34256946754596	137.19205940143127	141.117173418146	135.58718955888878	135.57281554832227	123.5879334173882	139.5178725223426	135.58382909165383	135.3985221036873	134.15968251560875	134.08699529775993	135.5667575701258	135.40498604993797	135.39072807928144	123.46079715298833	139.32597798266727	135.3985221036873	136.52895482298936	134.00363819504707	134.323693992704	135.29350387937123	134.17245638395414	134.15470626712818	122.33533343672937	138.34256946754596	134.15968251560875	134.00363819504707	137.25941705427974	133.35317893304943	136.9313712808251	134.16093232606997	134.0652204694322	126.61080755803414	137.19205940143127	134.08699529775993	134.323693992704	133.35317893304943	140.86001987538094	136.341005367385	135.53918603925686	135.56218834066883	126.4506615142313	141.117173418146	135.5667575701258	135.29350387937123	136.9313712808251	136.341005367385	145.5423507798813
131.80054845254756	130.09319088008613	119.12683342113093	134.01845467178882	131.7542586637504	131.6953963924343	131.64027445026863	131.75249020489701	131.0302913963884	130.09319088008613	140.3179152723109	120.01853451722044	131.79991191985752	130.05063689230178	130.02912052801207	129.98701846191258	126.93200733702244	130.3147723878466	119.12683342113093	120.01853451722044	115.43693344190606	121.46240025972993	119.11489557261996	119.08174209658567	119.02161011532172	122.95044942631493	121.33867688482098	134.01845467178882	131.79991191985752	121.46240025972993	137.39629406882557	134.02272240323208	133.95975374541143	133.91528774672486	133.65394695268486	134.10139231451197	131.7542586637504	130.05063689230178	119.11489557261996	134.02272240323208	131.76234913313615	131.70058893572235	131.64523145958074	131.72630942634808	131.05906359536291	131.6953963924343	130.02912052801207	119.08174209658567	133.95975374541143	131.70058893572235	132.09600471195492	131.5869159577911	131.79916055164117	130.9661721190598	131.64027445026863	129.98701846191258	119.02161011532172	133.91528774672486	131.64523145958074	131.5869159577911	131.83844227944914	131.64841916042639	131.13541914108166	131.75249020489701	126.93200733702244	122.95044942631493	133.65394695268486	131.72630942634808	131.79916055164117	131.64841916042639	140.3439423452223	133.00584270836762	131.0302913963884	130.3147723878466	121.33867688482098	134.10139231451197	131.05906359536291	130.9661721190598	131.13541914108166	133.00584270836762	138.4671017416824
137.80001512075023	134.88874154123573	121.66915987635917	135.269999708354	132.94044639476976	132.93953437544272	127.53948820148818	135.30773659018553	126.83147153520765	134.88874154123573	144.5544126943994	121.39133901405296	131.57122066656484	129.6655574436914	129.66889323619833	128.11802427172793	129.56428581195755	126.75055147168966	121.66915987635917	121.39133901405296	117.72100668343802	124.24136090520685	122.02024073322623	122.01868351942286	114.89981865094403	124.80791400960096	120.05903533886938	135.269999708354	131.57122066656484	124.24136090520685	141.9013485399868	138.79435106889838	138.7887825071689	128.60084679800883	135.01434462559618	134.1710516728661	132.94044639476976	129.6655574436914	122.02024073322623	138.79435106889838	136.85814772143758	136.85029363723763	125.87797545383549	133.08422543707297	131.12012246587148	132.93953437544272	129.66889323619833	122.01868351942286	138.7887825071689	136.85029363723763	136.88920471215658	125.88127786024714	133.0950787722724	131.11430077903597	127.53948820148818	128.11802427172793	114.89981865094403	128.60084679800883	125.87797545383549	125.88127786024714	140.37127510787815	128.63404127883592	133.6032780047	135.30773659018553	129.56428581195755	124.80791400960096	135.01434462559618	133.08422543707297	133.0950787722724	128.63404127883592	142.58188200272338	130.71809710339238	126.83147153520765	126.75055147168966	120.05903533886938	134.1710516728661	131.12012246587148	131.11430077903597	133.6032780047	130.71809710339238	141.95749158450334
118.96003362647552	118.91321304098088	114.2451525090549	119.38041924259453	118.90143053285921	118.84413234112479	111.17269290835598	122.31332943332555	115.06395494079801	118.91321304098088	119.11615633057195	114.27461704080545	119.39444012425815	118.91812146397479	118.86143995281367	111.22561429214005	122.21888059170534	115.15049795829012	114.2451525090549	114.27461704080545	112.61337301590387	114.74307382479032	114.24805731137681	114.19774528300171	106.70430311316406	119.26361237908314	111.47853775083634	119.38041924259453	119.39444012425815	114.74307382479032	120.10362147032185	119.38530661142093	119.32762282134216	111.77168206993969	122.64729166018515	115.8223300721057	118.90143053285921	118.91812146397479	114.24805731137681	119.38530661142093	118.91002158495452	118.84992310531004	111.15952247862339	122.2640073347541	115.09685391237385	118.84413234112479	118.86143995281367	114.19774528300171	119.32762282134216	118.84992310531004	119.30730761839864	111.14724180065497	122.36266637005232	115.02052473988793	111.17269290835598	111.22561429214005	106.70430311316406	111.77168206993969	111.15952247862339	111.14724180065497	123.48001163685181	117.68165721281929	118.98233425790745	122.31332943332555	122.21888059170534	119.26361237908314	122.64729166018515	122.2640073347541	122.36266637005232	117.68165721281929	132.09627839308985	121.79276857070445	115.06395494079801	115.15049795829012	111.47853775083634	115.8223300721057	115.09685391237385	115.02052473988793	118.98233425790745	121.79276857070445	124.89831248734153
115.50319691336685	115.3310052436631	112.41401854044312	115.70011315034552	115.3208945214258	114.83533575402998	110.07855639965211	120.27492915633971	114.70212200409792	115.3310052436631	115.4312164748694	112.46807065634492	115.75959946014618	115.38459599001241	114.89851634375219	110.01001902865485	120.10609594323242	114.78591943824746	112.41401854044312	112.46807065634492	111.47750326756191	112.83353909921928	112.45715580505599	112.00979075868392	106.73538993958513	118.14753718372098	111.97390037328718	115.70011315034552	115.75959946014618	112.83353909921928	116.29072426412152	115.75062500715316	115.26416604778663	110.34433646550727	120.38764190985975	115.18063731501094	115.3208945214258	115.38459599001241	112.45715580505599	115.75062500715316	115.37803112095496	114.88802216869556	109.99453429911091	120.10938369051271	114.77513663834479	114.83533575402998	114.89851634375219	112.00979075868392	115.26416604778663	114.88802216869556	118.34530976674546	109.95093984343234	120.82313491813042	114.25853096685373	110.07855639965211	110.01001902865485	106.73538993958513	110.34433646550727	109.99453429911091	109.95093984343234	116.52061380858815	115.82403252183656	111.43077064941617	120.27492915633971	120.10609594323242	118.14753718372098	120.38764190985975	120.10938369051271	120.82313491813042	115.82403252183656	130.7353435851474	120.04445227044596	114.70212200409792	114.78591943824746	111.97390037328718	115.18063731501094	114.77513663834479	114.25853096685373	111.43077064941617	120.04445227044596	116.55459623746545
116.86768563445867	116.82652872866566	110.56251143459193	116.94653280825136	116.813237094317	116.46298568944194	116.5423420594727	120.03403828215	116.79386669910976	116.82652872866566	116.89446946028653	110.58510038806769	116.96933913782313	116.83670386125482	116.49006861284498	116.56344622255513	119.99418549817749	116.81986359074767	110.56251143459193	110.58510038806769	107.95905354587438	110.70024226134477	110.56718791169838	110.24952772179691	110.23569797235564	115.2451386538017	110.60946413668302	116.94653280825136	116.96933913782313	110.70024226134477	117.14540570376573	116.95648989379667	116.61015973195542	116.68182916530924	120.09738858588076	116.94176072773533	116.813237094317	116.83670386125482	110.56718791169838	116.95648989379667	116.82663086966409	116.475834959421	116.5500887123804	119.99400127870716	116.80662957983243	116.46298568944194	116.49006861284498	110.24952772179691	116.61015973195542	116.475834959421	118.70193276858419	116.221392778602	120.29800248687287	116.44424201992601	116.5423420594727	116.56344622255513	110.23569797235564	116.68182916530924	116.5500887123804	116.221392778602	116.9648023688894	119.73828338967654	116.55542775462554	120.03403828215	119.99418549817749	115.2451386538017	120.09738858588076	119.99400127870716	120.29800248687287	119.73828338967654	127.97027633982117	120.0530068162438	116.79386669910976	116.81986359074767	110.60946413668302	116.94176072773533	116.80662957983243	116.44424201992601	116.55542775462554	120.0530068162438	117.17915430158973
105.8479455351121	105.90908265473618	105.5053870164277	106.14613775946076	105.81437156639636	105.61523755801177	100.21276222628615	108.34546588293189	105.43668345097676	105.90908265473618	106.37255605457139	105.8038490002841	106.43568090882437	106.11046540691768	105.91820662589072	100.4179562654052	108.5301411225457	105.75524519338528	105.5053870164277	105.8038490002841	105.57127255163694	106.04082366205711	105.71332798523143	105.51767967163491	99.95395346493673	108.18862844445255	105.35638596367237	106.14613775946076	106.43568090882437	106.04082366205711	106.79254426634967	106.34808855871057	106.1552627460092	100.60916887660466	108.76443809686478	106.00113021494018	105.81437156639636	106.11046540691768	105.71332798523143	106.34808855871057	106.02393385318747	105.82679949850504	100.30032991721244	108.46550408254055	105.66128967094248	105.61523755801177	105.91820662589072	105.51767967163491	106.1552627460092	105.82679949850504	106.22658685091011	100.15269979380648	108.34037728675993	105.45878590724494	100.21276222628615	100.4179562654052	99.95395346493673	100.60916887660466	100.30032991721244	100.15269979380648	104.44643108431822	103.06749204150422	100.85139589672272	108.34546588293189	108.5301411225457	108.18862844445255	108.76443809686478	108.46550408254055	108.34037728675993	103.06749204150422	112.88938826407006	108.19761786767889	105.43668345097676	105.75524519338528	105.35638596367237	106.00113021494018	105.66128967094248	105.45878590724494	100.85139589672272	108.19761786767889	106.46638623287141
108.9904020598699	108.6247645885531	108.37095135542636	108.50523988607046	108.46085474421592	108.33298352524059	103.1536657890563	114.20512497596798	108.17666287697381	108.6247645885531	109.51913361802981	108.88292258963658	109.01490797709431	108.97262451955655	108.85375050670896	103.1850543129663	113.92506692306775	108.73536808785867	108.37095135542636	108.88292258963658	108.72678074989666	108.8007907109174	108.75815259788193	108.63574857400357	102.87910013394549	113.8387788031737	108.51557606628043	108.50523988607046	109.01490797709431	108.8007907109174	108.94968460817547	108.89126820314199	108.76894255846847	103.02212700178634	113.94168323095397	108.64863347847354	108.46085474421592	108.97262451955655	108.75815259788193	108.89126820314199	108.85181355294918	108.7262368403783	102.98163131712688	113.90611594751846	108.60470746801452	108.33298352524059	108.85375050670896	108.63574857400357	108.76894255846847	108.7262368403783	109.31791704195975	102.9349385640392	113.9552713364337	108.47830942090856	103.1536657890563	103.1850543129663	102.87910013394549	103.02212700178634	102.98163131712688	102.9349385640392	108.0522992327537	109.05257700664203	103.6022676669811	114.20512497596798	113.92506692306775	113.8387788031737	113.94168323095397	113.90611594751846	113.9552713364337	109.05257700664203	123.49105665240998	113.81525009462594	108.17666287697381	108.73536808785867	108.51557606628043	108.64863347847354	108.60470746801452	108.47830942090856	103.6022676669811	113.81525009462594	109.3868344042955
105.09796402868831	109.94366889471918	104.16165697205645	104.2308654432494	104.20538105972437	103.93447624306995	103.89397056875325	106.19659255536855	104.22438125433051	109.94366889471918	122.25549043959816	109.03593296295702	109.08930016504226	109.06913742704586	109.00440699176275	108.82863732555114	109.97068184811229	109.11013452788438	104.16165697205645	109.03593296295702	104.21660318886751	104.25710160113732	104.23234249494342	103.98365020183618	103.87210852643834	106.0483577891093	104.2678550765612	104.2308654432494	109.08930016504226	104.25710160113732	104.33390885490421	104.30163407226739	104.05316960324942	103.94164138356189	106.11308028668074	104.3370893785942	104.20538105972437	109.06913742704586	104.23234249494342	104.30163407226739	104.28135196084624	104.02832097542407	103.91696491058424	106.08932392910376	104.31220005303972	103.93447624306995	109.00440699176275	103.98365020183618	104.05316960324942	104.02832097542407	104.98830386041001	103.67751900223531	105.93818007909665	104.0602401804788	103.89397056875325	108.82863732555114	103.87210852643834	103.94164138356189	103.91696491058424	103.67751900223531	104.25653314424237	105.74320776024415	103.96249223599091	106.19659255536855	109.97068184811229	106.0483577891093	106.11308028668074	106.08932392910376	105.93818007909665	105.74320776024415	109.84407917114643	106.12953342575295	104.22438125433051	109.11013452788438	104.2678550765612	104.3370893785942	104.31220005303972	104.0602401804788	103.96249223599091	106.12953342575295	104.52483801526759
102.93420183220026	108.68333148903434	102.74006927541194	102.83790139903125	102.78597926994962	102.52094087775632	102.69201351424809	103.1603611559237	102.82642391892372	108.68333148903434	121.42522404501605	108.48960726923745	108.56213901845433	108.52386478976337	108.46216942621406	108.45055322174709	108.67992752812573	108.60238997696622	102.74006927541194	108.48960726923745	102.75110307491254	102.82139860190682	102.76989612409177	102.50916672545492	102.67338890621185	103.13839414273748	102.8155827185852	102.83790139903125	108.56213901845433	102.82139860190682	102.93792949513437	102.86741473018182	102.60723510761618	102.77089480663739	103.23472915979013	102.9133896533813	102.78597926994962	108.52386478976337	102.76989612409177	102.86741473018182	102.81932010133713	102.55537881555634	102.71950020768415	103.18375520266034	102.86131758158375	102.52094087775632	108.46216942621406	102.50916672545492	102.60723510761618	102.55537881555634	103.26843077799082	102.4611130897066	102.93938525703929	102.59565570860343	102.69201351424809	108.45055322174709	102.67338890621185	102.77089480663739	102.71950020768415	102.4611130897066	102.81662244811338	103.08771249901375	102.76953880406376	103.1603611559237	108.67992752812573	103.13839414273748	103.23472915979013	103.18375520266034	102.93938525703929	103.08771249901375	103.93302910404907	103.23141666431427	102.82642391892372	108.60238997696622	102.8155827185852	102.9133896533813	102.86131758158375	102.59565570860343	102.76953880406376	103.23141666431427	103.1799835750416
125.34490546597118	125.87689412281992	113.8408995976078	125.54939773229016	125.30973864675943	125.17325658692705	124.48118271569149	125.32116046287412	124.94042673515641	125.87689412281992	136.20575844607433	117.66681520872199	125.98192301717073	125.82276195542372	125.84900424009724	125.21987907067592	125.82170667687147	125.78204190892775	113.8408995976078	117.66681520872199	108.64402874786417	114.09555381298098	113.85295756920776	113.68865903004688	112.71134161137579	113.87264702344804	113.72505954370259	125.54939773229016	125.98192301717073	114.09555381298098	125.90978238753014	125.57007946986165	125.43547816992526	124.72369231425824	125.58119363554349	125.21657990754305	125.30973864675943	125.82276195542372	113.85295756920776	125.57007946986165	125.33399424230204	125.19527801131913	124.49236303058245	125.34226294053349	124.96624076159394	125.17325658692705	125.84900424009724	113.68865903004688	125.43547816992526	125.19527801131913	125.7662427611659	124.3791827501651	125.2072477760966	124.8171268743875	124.48118271569149	125.21987907067592	112.71134161137579	124.72369231425824	124.49236303058245	124.3791827501651	126.43008119391992	124.50370637894295	124.37324254370958	125.32116046287412	125.82170667687147	113.87264702344804	125.58119363554349	125.34226294053349	125.2072477760966	124.50370637894295	125.37869473220698	124.97840827408618	124.94042673515641	125.78204190892775	113.72505954370259	125.21657990754305	124.96624076159394	124.8171268743875	124.37324254370958	124.97840827408618	125.6864219735207
132.17799483405946	130.84701682615702	119.81409212329376	134.473025999813	131.81099441353953	131.8200940838745	131.59716144846018	131.83989590211746	131.67921830887482	130.84701682615702	137.83690541288004	121.20672329159163	132.4698467816087	130.49574112441638	130.5047534367945	130.337950737821	130.34593653090005	130.6580769312449	119.81409212329376	121.20672329159163	114.28757328484339	122.55047668407485	119.82550954407799	119.83303485183254	119.52475656919049	120.06846540266343	120.19813011926968	134.473025999813	132.4698467816087	122.55047668407485	138.2389603752095	134.47888300995785	134.48751485588312	134.2356300661963	134.4457030310514	134.63237662386967	131.81099441353953	130.49574112441638	119.82550954407799	134.47888300995785	131.87946375558312	131.88342914191074	131.64543207700052	131.88031634949058	131.8026941320144	131.8200940838745	130.5047534367945	119.83303485183254	134.48751485588312	131.88342914191074	131.8975892390136	131.6548063957427	131.88961544754147	131.81148812833004	131.59716144846018	130.337950737821	119.52475656919049	134.2356300661963	131.64543207700052	131.6548063957427	132.07834403908697	131.6528336350722	131.66522811897238	131.83989590211746	130.34593653090005	120.06846540266343	134.4457030310514	131.88031634949058	131.88961544754147	131.6528336350722	132.44815055684822	131.83680961604128	131.67921830887482	130.6580769312449	120.19813011926968	134.63237662386967	131.8026941320144	131.81148812833004	131.66522811897238	131.83680961604128	133.55750985496778
125.98692008376302	125.29798590756947	118.54548473923461	128.44690249007226	125.20746108673889	125.28634399160877	120.89897296784214	126.01190022643988	124.56738150058392	125.29798590756947	125.61839395104434	118.82658086835407	128.43937811643053	125.38290645691025	125.46305861680975	120.8126031101211	125.94904850026009	124.94295347045103	118.54548473923461	118.82658086835407	115.85319646293232	121.98534987518406	118.73341559122309	118.80465314431501	113.42335294900032	119.89395962627258	118.60951891917722	128.44690249007226	128.43937811643053	121.98534987518406	132.73974882007832	128.382801459126	128.4543725790193	123.86680410731358	128.7725343839791	128.42553010832054	125.20746108673889	125.38290645691025	118.73341559122309	128.382801459126	125.35951765882814	125.38691667908695	120.6940083607756	125.88472319400236	124.85896583593114	125.28634399160877	125.46305861680975	118.80465314431501	128.4543725790193	125.38691667908695	125.46985715843309	120.78631376617757	125.96339488432325	124.93689969683557	120.89897296784214	120.8126031101211	113.42335294900032	123.86680410731358	120.6940083607756	120.78631376617757	127.15152508452671	121.63908252113997	123.2488898215955	126.01190022643988	125.94904850026009	119.89395962627258	128.7725343839791	125.88472319400236	125.96339488432325	121.63908252113997	128.4283055409146	125.65432799726646	124.56738150058392	124.94295347045103	118.60951891917722	128.42553010832054	124.85896583593114	124.93689969683557	123.2488898215955	125.65432799726646	128.82166585970805
111.79287929211037	111.60158127847889	109.07652610187007	112.43496273903081	111.34980807873474	111.58336582854679	106.70886848948024	113.7346160838473	110.68620594572816	111.60158127847889	112.04797996906946	109.50314146479674	112.80713011126448	111.75304838974785	111.98774183032577	106.91675042811968	113.91806193245829	111.22216650375381	109.07652610187007	109.50314146479674	108.32269908714385	110.32251201910476	109.25864728485632	109.4855500339449	104.1629299399716	111.68652334136262	108.80229938020253	112.43496273903081	112.80713011126448	110.32251201910476	113.9415145606117	112.5642914363204	112.79324796131203	107.71811143354353	114.66201861312551	112.1260868155192	111.34980807873474	111.75304838974785	109.25864728485632	112.5642914363204	111.64778342306846	111.73813366085409	106.62990726265483	113.67984285134739	110.9688515866283	111.58336582854679	111.98774183032577	109.4855500339449	112.79324796131203	111.73813366085409	111.97565644393586	106.89395679313864	113.9089212261709	111.2044365948699	106.70886848948024	106.91675042811968	104.1629299399716	107.71811143354353	106.62990726265483	106.89395679313864	111.6922281861884	109.2553558683047	108.39591206794282	113.7346160838473	113.91806193245829	111.68652334136262	114.66201861312551	113.67984285134739	113.9089212261709	109.2553558683047	118.05415689954144	113.38530765617931	110.68620594572816	111.22216650375381	108.80229938020253	112.1260868155192	110.9688515866283	111.2044365948699	108.39591206794282	113.38530765617931	113.78113345346821
135.56062909119586	135.09200874310162	127.86728866528534	139.02796818496694	130.919834567464	135.09375546203813	131.97875487506354	135.4226778680997	134.8721499040354	135.09200874310162	135.14817753278422	127.93101454169533	138.90456552089626	130.88888669043365	135.12861983886765	131.93760808733532	135.3187898335893	135.08376702567813	127.86728866528534	127.93101454169533	124.66839884618885	132.29919904118213	124.33511091325032	127.93005081154134	124.35827311513722	128.85398228402858	128.91857740697031	139.02796818496694	138.90456552089626	132.29919904118213	145.24735566632373	135.61687993943946	138.90993826461948	136.29445140451477	138.7935800802291	140.89523210752577	130.919834567464	130.88888669043365	124.33511091325032	135.61687993943946	129.94819681197185	130.89133018103374	127.26978889632178	131.16508853180693	131.5202726861742	135.09375546203813	135.12861983886765	127.93005081154134	138.90993826461948	130.89133018103374	135.1343612112837	131.93644989586667	135.32366681551156	135.08404991890004	131.97875487506354	131.93760808733532	124.35827311513722	136.29445140451477	127.26978889632178	131.93644989586667	140.45232116994313	132.60293342141034	137.70430430246614	135.4226778680997	135.3187898335893	128.85398228402858	138.7935800802291	131.16508853180693	135.32366681551156	132.60293342141034	137.8323542324962	135.76524033299862	134.8721499040354	135.08376702567813	128.91857740697031	140.89523210752577	131.5202726861742	135.08404991890004	137.70430430246614	135.76524033299862	144.92751800722118
130.25638150038247	130.00758514751556	122.60467683082285	132.42491422185864	125.46976278913367	130.0054758405292	129.81956855209253	130.37595772595122	130.045347857765	130.00758514751556	130.12050255745254	122.71492216192671	132.42052096019668	125.51848947645263	130.09029338692852	129.89669289702087	130.40598020395058	130.16326856465244	122.60467683082285	122.71492216192671	118.75565424196287	125.28116094478051	118.51716161039018	122.70849930526673	122.46072055482573	123.3767286543161	122.9422092127494	132.42491422185864	132.42052096019668	125.28116094478051	136.04372109021298	128.2881319645996	132.4221107956478	132.21072048567302	132.61334964738944	132.67657519741428	125.46976278913367	125.51848947645263	118.51716161039018	128.2881319645996	123.76463201339138	125.51644463521534	125.28096980003669	125.88693570120677	125.68341153903725	130.0054758405292	130.09029338692852	122.70849930526673	132.4221107956478	125.51644463521534	130.09215075543324	129.89555075792418	130.40665533948416	130.16193190811356	129.81956855209253	129.89669289702087	122.46072055482573	132.21072048567302	125.28096980003669	129.89555075792418	130.2542805191926	130.21855734304228	130.01632759546382	130.37595772595122	130.40598020395058	123.3767286543161	132.61334964738944	125.88693570120677	130.40665533948416	130.21855734304228	131.85524735007917	130.51263259291258	130.045347857765	130.16326856465244	122.9422092127494	132.67657519741428	125.68341153903725	130.16193190811356	130.01632759546382	130.51263259291258	131.39769345228268
126.8209890579692	126.75689472445117	122.30003973668941	129.68308542224062	120.92307985178233	126.75041167499835	126.63823979677565	126.82360972659266	127.09073689015337	126.75689472445117	126.83245104251353	122.35278614147249	129.68590748833282	120.94785276557188	126.79376807361074	126.68070886855135	126.86466544490757	127.15003512777555	122.30003973668941	122.35278614147249	119.86501004234628	125.46763660187582	116.83171183764222	122.34286798106278	122.21335293460314	122.43905135043038	122.85380892429374	129.68308542224062	129.68590748833282	125.46763660187582	134.16377134395333	124.59822172269571	129.6839671191299	129.56158872128015	129.73380273895555	130.41225571583783	120.92307985178233	120.94785276557188	116.83171183764222	124.59822172269571	119.19620303252688	120.94080857069301	120.79880693092579	121.01609967469986	121.53433672560355	126.75041167499835	126.79376807361074	122.34286798106278	129.6839671191299	120.94080857069301	126.79059707419606	126.67451943419532	126.85887936684567	127.14343023571283	126.63823979677565	126.68070886855135	122.21335293460314	129.56158872128015	120.79880693092579	126.67451943419532	126.84614949771645	126.74617623657845	127.06980810376709	126.82360972659266	126.86466544490757	122.43905135043038	129.73380273895555	121.01609967469986	126.85887936684567	126.74617623657845	127.06683668507905	127.21963916930976	127.09073689015337	127.15003512777555	122.85380892429374	130.41225571583783	121.53433672560355	127.14343023571283	127.06980810376709	127.21963916930976	129.3415488633978
115.32829867089083	115.33339158822179	114.20443812755725	117.4647867043524	110.20596866616391	115.29950936138685	115.07906719064124	115.33643282836357	115.86108148054477	115.33339158822179	115.3564265142574	114.21508822305134	117.47288193613306	110.21608159396993	115.30969449546657	115.0892718301863	115.34656133307847	115.87318253124529	114.20443812755725	114.21508822305134	113.56628730308715	116.38184163631978	109.15156560596314	114.18013021190963	113.95413667329942	114.21818598141016	114.79695263183255	117.4647867043524	117.47288193613306	116.38184163631978	120.56135594556505	112.74545213717118	117.44255159659994	117.21786376011606	117.4759943240356	118.37341008931384	110.20596866616391	110.21608159396993	109.15156560596314	112.74545213717118	108.53323266332615	110.18330628666641	109.92434714740247	110.21897286996611	110.96736954584502	115.29950936138685	115.30969449546657	114.18013021190963	117.44255159659994	110.18330628666641	115.34556232193658	115.0553838937969	115.31274951156183	115.83475729794273	115.07906719064124	115.0892718301863	113.95413667329942	117.21786376011606	109.92434714740247	115.0553838937969	115.35852132779081	115.09227932498624	115.7461293296695	115.33643282836357	115.34656133307847	114.21818598141016	117.4759943240356	110.21897286996611	115.31274951156183	115.09227932498624	115.35910434009428	115.87644095655921	115.86108148054477	115.87318253124529	114.79695263183255	118.37341008931384	110.96736954584502	115.83475729794273	115.7461293296695	115.87644095655921	119.43661260134951
117.54350637882807	117.5422504368752	116.71727084093278	120.91575435816372	113.19508460150115	116.3070773692672	117.40119321987412	117.5418146844242	118.13764514342527	117.5422504368752	117.56221101786316	116.72539211982912	120.918940196457	113.20169437786463	116.31742419809274	117.40894498090039	117.54957503041001	118.14654987021407	116.71727084093278	116.72539211982912	116.26980809736773	120.13483640490367	112.42694439496867	115.46691914662968	116.58121596774549	116.72486728120215	117.34611387659326	120.91575435816372	120.918940196457	120.13483640490367	125.79628655965412	117.15775606723763	119.91374093690708	120.77268250747619	120.91928327330837	121.80941971538603	113.19508460150115	113.20169437786463	112.42694439496867	117.15775606723763	112.16642975041835	112.08584660116243	113.04071181475406	113.20111610985646	113.94561487072676	116.3070773692672	116.31742419809274	115.46691914662968	119.91374093690708	112.08584660116243	118.7251498418304	116.17929879820812	116.316847110127	116.82206169664948	117.40119321987412	117.40894498090039	116.58121596774549	120.77268250747619	113.04071181475406	116.17929879820812	117.52006405308171	117.40848096182813	118.03603924235821	117.5418146844242	117.54957503041001	116.72486728120215	120.91928327330837	113.20111610985646	116.316847110127	117.40848096182813	117.55416686219078	118.14614519312563	118.13764514342527	118.14654987021407	117.34611387659326	121.80941971538603	113.94561487072676	116.82206169664948	118.03603924235821	118.14614519312563	120.29394900371888
117.95739368975461	117.94640780570006	117.41213074800054	122.95710587051497	115.60713243185134	117.47237583797214	117.72631755757601	117.94688277289755	119.33140879686077	117.94640780570006	117.96034063902779	117.41680706763121	122.95345927642143	115.60975652395622	117.47818939816328	117.73064997332234	117.95130615833418	119.33828289048883	117.41213074800054	117.41680706763121	117.14026591201656	122.45686739075798	115.1003410546618	116.9360225536643	117.19382960449366	117.41725497318954	118.83180029818988	122.95710587051497	122.95345927642143	122.45686739075798	129.9206170681832	121.10206322835228	122.60751063106851	122.7302590607866	122.95462287254307	124.92488076014378	115.60713243185134	115.60975652395622	115.1003410546618	121.10206322835228	115.35778221792349	115.17633201000007	115.37213058074208	115.61021399036015	117.17400156858318	117.47237583797214	117.47818939816328	116.9360225536643	122.60751063106851	115.17633201000007	118.65488175006382	117.2597882642926	117.47868253859352	118.80976250017208	117.72631755757601	117.73064997332234	117.19382960449366	122.7302590607866	115.37213058074208	117.2597882642926	117.89758496601624	117.73109401781066	119.19177038384724	117.94688277289755	117.95130615833418	117.41725497318954	122.95462287254307	115.61021399036015	117.47868253859352	117.73109401781066	117.95629431303844	119.338862844693	119.33140879686077	119.33828289048883	118.83180029818988	124.92488076014378	117.17400156858318	118.80976250017208	119.19177038384724	119.338862844693	123.17345211096853
