13.512909318988532	10.876012772645458	11.546336548061282	12.77042972018718	9.85991001408799	10.52151067264626	12.702789065325385	12.76073350864032	10.876012772645458	21.709579767942092	15.245775060956532	10.779226321437324	12.768669652580412	16.051816076549276	11.279988539139364	10.773720101329891	11.546336548061282	15.245775060956532	21.883965683920355	11.218679640073177	12.835301571605338	15.987207518672577	11.67716431642533	11.213352797337016	12.77042972018718	10.779226321437324	11.218679640073177	13.109855323198113	9.830269332234403	10.760703042819731	12.962623461037412	13.097931706821917	9.85991001408799	12.768669652580412	12.835301571605338	9.830269332234403	17.886736298561374	14.76776671786316	9.820315340158357	9.834628027376656	10.52151067264626	16.051816076549276	15.987207518672577	10.760703042819731	14.76776671786316	21.380403170232093	10.647543397447395	10.762339476635976	12.702789065325385	11.279988539139364	11.67716431642533	12.962623461037412	9.820315340158357	10.647543397447395	13.96653813928305	12.955439004547987	12.76073350864032	10.773720101329891	11.213352797337016	13.097931706821917	9.834628027376656	10.762339476635976	12.955439004547987	13.109178147587693
12.978220764307137	11.91965908864372	11.987421843431791	11.867628926318774	11.939186270477364	11.952403829090306	11.782311462513018	11.709973001205228	11.91965908864372	12.841848335007512	12.151053523945302	11.98791835225157	12.137003134466628	12.15209969211788	12.029160086991611	11.926250274996377	11.987421843431791	12.151053523945302	12.884493697370244	12.012302257330077	12.175084549291588	12.190230156502484	12.04768867862094	11.964469691619756	11.867628926318774	11.98791835225157	12.012302257330077	12.808588286003191	12.03807914563261	12.055321994027013	11.815580269363066	11.84499169366945	11.939186270477364	12.137003134466628	12.175084549291588	12.03807914563261	12.238330029881581	12.195513876943084	11.919142570184867	11.975293373461753	11.952403829090306	12.15209969211788	12.190230156502484	12.055321994027013	12.195513876943084	12.213783310968275	11.932959758691457	11.988837316863057	11.782311462513018	12.029160086991611	12.04768867862094	11.815580269363066	11.919142570184867	11.932959758691457	15.596656559766672	11.977656808941813	11.709973001205228	11.926250274996377	11.964469691619756	11.84499169366945	11.975293373461753	11.988837316863057	11.977656808941813	12.491854023106429
15.564799933635529	12.23234532610121	13.691499521489291	12.18793714655406	12.043412319541812	12.187432614952971	11.366508847669136	9.697673003089962	12.23234532610121	13.46268701808175	12.44322562585544	12.85011873794708	12.642301294928014	12.85154363450869	11.463625713246104	10.788006345020229	13.691499521489291	12.44322562585544	21.02420150343427	12.229925666153179	12.10858357152935	12.23340023760656	13.508307131549168	10.235302863401085	12.18793714655406	12.85011873794708	12.229925666153179	12.953833153552516	12.730453495420408	12.94934493123153	11.234035328331172	10.867879407432119	12.043412319541812	12.642301294928014	12.10858357152935	12.730453495420408	13.079800242368313	12.731932102815616	11.160340378695071	10.836176353990238	12.187432614952971	12.85154363450869	12.23340023760656	12.94934493123153	12.731932102815616	12.955097197956158	11.233895223216082	10.868969553125662	11.366508847669136	11.463625713246104	13.508307131549168	11.234035328331172	11.160340378695071	11.233895223216082	18.343607372692553	12.875867815597903	9.697673003089962	10.788006345020229	10.235302863401085	10.867879407432119	10.836176353990238	10.868969553125662	12.875867815597903	15.453225311058779
16.371744327781837	11.340947500620585	13.842172575104378	11.337640975465272	11.094788304510232	11.336164400038715	11.891647003926233	10.524645802273989	11.340947500620585	12.772745406387585	11.726436827001333	12.75076281145497	12.009906845570475	12.752480604752563	11.743568383349395	12.101627882506309	13.842172575104378	11.726436827001333	21.12664581903853	11.71477118926811	11.439448733443278	11.718783423849462	13.873577801814129	11.070667104985763	11.337640975465272	12.75076281145497	11.71477118926811	12.76171104754324	12.010518618463704	12.755017395843511	11.734903036502853	12.104233530277016	11.094788304510232	12.009906845570475	11.439448733443278	12.010518618463704	13.52898411921825	12.013231616939528	11.298153603719852	11.576117795190706	11.336164400038715	12.752480604752563	11.718783423849462	12.755017395843511	12.013231616939528	12.7609170535277	11.735099491010091	12.105916754860953	11.891647003926233	11.743568383349395	13.873577801814129	11.734903036502853	11.298153603719852	11.735099491010091	17.88570325061226	12.154587569900627	10.524645802273989	12.101627882506309	11.070667104985763	12.104233530277016	11.576117795190706	12.105916754860953	12.154587569900627	13.443042231885228
21.947801247658802	9.059639844826373	14.907005224371524	11.849340969492966	9.21255762245264	8.777925333191277	11.80979757218178	8.657329610541057	9.059639844826373	14.090009807396234	11.809184100623998	11.215621238106552	12.513834940884704	13.68013251929348	12.382231562524368	13.58707169233655	14.907005224371524	11.809184100623998	22.592935945025985	8.981799192919377	11.665775136347225	11.538513919885007	14.487347238978565	11.435925767868124	11.849340969492966	11.215621238106552	8.981799192919377	18.514408102946135	9.70829683822131	11.36535836209539	10.863304948917325	11.293570673733756	9.21255762245264	12.513834940884704	11.665775136347225	9.70829683822131	15.06151560199887	12.59507909944581	11.552086837329183	12.543666519286875	8.777925333191277	13.68013251929348	11.538513919885007	11.36535836209539	12.59507909944581	13.849266948838345	12.212065896045168	13.753650016125453	11.80979757218178	12.382231562524368	14.487347238978565	10.863304948917325	11.552086837329183	12.212065896045168	18.069494969589957	12.261232219911696	8.657329610541057	13.58707169233655	11.435925767868124	11.293570673733756	12.543666519286875	13.753650016125453	12.261232219911696	13.929158871839839
14.432417410942985	11.627329475829956	12.715687843033896	11.57485447091604	11.237788373503147	11.574581846330593	11.71548607108269	11.551620420609675	11.627329475829956	13.783883265514772	12.157104215012314	12.201307251737717	11.64347217414741	12.204411050222742	12.25813977601979	12.184852614317705	12.715687843033896	12.157104215012314	19.412528064000696	11.844528650389442	11.51656726869507	11.851231166503338	12.545290253109712	11.825157343495937	11.57485447091604	12.201307251737717	11.844528650389442	12.414870177509945	11.763363043613667	12.402406671130866	12.210919334882554	12.385170872868558	11.237788373503147	11.64347217414741	11.51656726869507	11.763363043613667	13.392988738047329	11.767108291328418	11.628378636618704	11.755301455335314	11.574581846330593	12.204411050222742	11.851231166503338	12.402406671130866	11.767108291328418	12.407928844079823	12.212999322937813	12.387493432646925	11.71548607108269	12.25813977601979	12.545290253109712	12.210919334882554	11.628378636618704	12.212999322937813	14.126088055338476	12.205906651718898	11.551620420609675	12.184852614317705	11.825157343495937	12.385170872868558	11.755301455335314	12.387493432646925	12.205906651718898	12.427365952800399
12.105684876741716	11.929397254616083	12.084297544648742	12.089411625595663	12.057740612178788	12.09123640456865	12.065560404216736	12.021650965735532	11.929397254616083	14.227847006418656	11.957412752187214	11.929511398228863	11.902170751101561	11.932347632410389	11.965845462618686	11.849091634041017	12.084297544648742	11.957412752187214	12.585976358811779	12.085125624571985	12.054316089108967	12.08733352734238	12.07306647718554	12.01525245740731	12.089411625595663	11.929511398228863	12.085125624571985	12.103487780879698	12.059253339830164	12.092881665087612	12.067044641170892	12.023473331918883	12.057740612178788	11.902170751101561	12.054316089108967	12.059253339830164	12.158494136433799	12.061182420278165	12.035494473413962	11.993255641227828	12.09123640456865	11.932347632410389	12.08733352734238	12.092881665087612	12.061182420278165	12.098760820177368	12.068759043160235	12.025296929318037	12.065560404216736	11.965845462618686	12.07306647718554	12.067044641170892	12.035494473413962	12.068759043160235	12.501116739114504	12.009605602659068	12.021650965735532	11.849091634041017	12.01525245740731	12.023473331918883	11.993255641227828	12.025296929318037	12.009605602659068	12.192601626319325
12.099922106622358	11.772286156266132	12.093777104776159	12.079860892899013	12.023404756000753	12.094405866432826	12.086014090637251	12.091980180425809	11.772286156266132	16.257993246480066	11.77736808006549	11.750767333242377	11.71830892520446	11.775424422048449	11.801920998823725	11.76928308261994	12.093777104776159	11.77736808006549	12.136827046852492	12.080174947684345	12.024012577099949	12.09497141761916	12.086863857001932	12.092509637354691	12.079860892899013	11.750767333242377	12.080174947684345	12.168046108311245	12.009050071955102	12.081076111262329	12.072672649871373	12.078595082972512	12.023404756000753	11.71830892520446	12.024012577099949	12.009050071955102	12.233244792343845	12.024737150768706	12.01626980676401	12.022227683588474	12.094405866432826	11.775424422048449	12.09497141761916	12.081076111262329	12.024737150768706	12.106129986267842	12.087109867144083	12.093171826115517	12.086014090637251	11.801920998823725	12.086863857001932	12.072672649871373	12.01626980676401	12.087109867144083	12.225755079732602	12.08486827316718	12.091980180425809	11.76928308261994	12.092509637354691	12.078595082972512	12.022227683588474	12.093171826115517	12.08486827316718	12.099679741245264
12.092082896033768	11.878296671416619	12.067362519169496	12.066242656289898	12.054712528140392	12.067825116375756	12.053552682636516	12.058386095471565	11.878296671416619	14.553072614638655	11.884246250381672	11.880169469572326	11.870904748542662	11.88302897247989	11.910178519993272	11.87064464718061	12.067362519169496	11.884246250381672	12.106612272743307	12.071586431862423	12.060059730967458	12.073222131912202	12.059222804285554	12.063771338350685	12.066242656289898	11.880169469572326	12.071586431862423	12.081440446080824	12.05894589263635	12.072138443999407	12.057680130465773	12.062723984608732	12.054712528140392	11.870904748542662	12.060059730967458	12.05894589263635	12.099351507270866	12.060593129413068	12.046137260509854	12.05124262466316	12.067825116375756	11.88302897247989	12.073222131912202	12.072138443999407	12.060593129413068	12.078959886993141	12.05919891894163	12.064334919947738	12.053552682636516	11.910178519993272	12.059222804285554	12.057680130465773	12.046137260509854	12.05919891894163	12.323558560330238	12.050703448071534	12.058386095471565	11.87064464718061	12.063771338350685	12.062723984608732	12.05124262466316	12.064334919947738	12.050703448071534	12.08734195419607
12.223668451379496	12.039008526883796	12.075786228834183	12.074204767106584	12.061983418709287	12.075846528558749	12.018420865150928	11.930675516994409	12.039008526883796	12.622468853731771	12.071279020070156	12.069259413156654	12.057347140172444	12.071284825409522	12.04285737849079	11.92288722840933	12.075786228834183	12.071279020070156	12.145735008924635	12.108287572292125	12.095924760986453	12.110123710471058	12.050712049010375	11.967081668864296	12.074204767106584	12.069259413156654	12.108287572292125	12.11852943013738	12.094572370588148	12.108805400642405	12.047682357618976	11.966163432464164	12.061983418709287	12.057347140172444	12.095924760986453	12.094572370588148	12.1368450333008	12.096418662854235	12.035368581907704	11.955011376612987	12.075846528558749	12.071284825409522	12.110123710471058	12.108805400642405	12.096418662854235	12.114503459956596	12.04915075851698	11.967947031141101	12.018420865150928	12.04285737849079	12.050712049010375	12.047682357618976	12.035368581907704	12.04915075851698	13.056986657302476	11.956304177433655	11.930675516994409	11.92288722840933	11.967081668864296	11.966163432464164	11.955011376612987	11.967947031141101	11.956304177433655	12.305543312014606
12.141454904010928	12.079656356806879	12.099367820578996	12.096571923762621	12.08289240373983	12.099700713952958	12.030034580010264	11.943822678406912	12.079656356806879	12.375966950551838	12.088945243585025	12.085768160089346	12.072382442462109	12.089119011298544	12.038073317428282	11.930960529524482	12.099367820578996	12.088945243585025	12.147575084469269	12.105798952561384	12.092137859120117	12.109042692032828	12.04043015825959	11.953563295682653	12.096571923762621	12.085768160089346	12.105798952561384	12.12370521294328	12.089333137344072	12.106300296003695	12.035670831235521	11.9513369831835	12.08289240373983	12.072382442462109	12.092137859120117	12.089333137344072	12.140858724766867	12.092594384674692	12.02197558812068	11.93916761914224	12.099700713952958	12.089119011298544	12.109042692032828	12.106300296003695	12.092594384674692	12.113007613328374	12.03837874500426	11.954417322890132	12.030034580010264	12.038073317428282	12.04043015825959	12.035670831235521	12.02197558812068	12.03837874500426	13.211667306299018	11.946098167106205	11.943822678406912	11.930960529524482	11.953563295682653	11.9513369831835	11.93916761914224	11.954417322890132	11.946098167106205	12.317946612353294
14.001008534475845	11.756094293414314	12.663092337193886	11.702014570924673	11.293063958445668	11.689047865630776	11.821051500274276	11.680997931744137	11.756094293414314	16.859356982477955	12.8771470510559	11.803804360259221	11.376723203367712	11.837873311184424	12.430112382273897	11.783047483709906	12.663092337193886	12.8771470510559	20.182696769686864	11.75894416086754	11.456112264874196	11.80586043875653	12.748418937591754	11.736143944340098	11.702014570924673	11.803804360259221	11.75894416086754	12.433612392573533	11.738568114313608	12.424828716111918	12.151822928851422	12.415021411621675	11.293063958445668	11.376723203367712	11.456112264874196	11.738568114313608	13.482242056155211	11.75475249532269	11.549664197734694	11.728804653394588	11.689047865630776	11.837873311184424	11.80586043875653	12.424828716111918	11.75475249532269	12.544260438678613	12.14008837962222	12.409118606155797	11.821051500274276	12.430112382273897	12.748418937591754	12.151822928851422	11.549664197734694	12.14008837962222	14.42018739625029	12.146237233059008	11.680997931744137	11.783047483709906	11.736143944340098	12.415021411621675	11.728804653394588	12.409118606155797	12.146237233059008	12.452628432187916
17.371735518257086	11.125533757852214	13.861287727403974	10.701211360381306	10.686131550005603	10.69890459981094	11.196691592618924	10.68040395254754	11.125533757852214	14.294949801414253	12.056344175558085	12.2765287186006	11.746323353788627	12.278496626361296	12.336544890318567	12.264868199329797	13.861287727403974	12.056344175558085	20.474653729229964	11.472159972382167	11.30475302552651	11.47609295169033	12.34807451663583	11.454387818065568	10.701211360381306	12.2765287186006	11.472159972382167	12.64461905977356	11.983577884228573	12.641531326429032	12.347850723723829	12.631317825422842	10.686131550005603	11.746323353788627	11.30475302552651	11.983577884228573	13.38467540027743	11.985702294921644	11.774855379787601	11.97751888622357	10.69890459981094	12.278496626361296	11.47609295169033	12.641531326429032	11.985702294921644	12.650751063854825	12.348041504638708	12.632200245630376	11.196691592618924	12.336544890318567	12.34807451663583	12.347850723723829	11.774855379787601	12.348041504638708	14.104141469551525	12.344129101753381	10.68040395254754	12.264868199329797	11.454387818065568	12.631317825422842	11.97751888622357	12.632200245630376	12.344129101753381	12.66053821812055
18.463792411096343	11.246084162603678	14.303975272709348	10.272421731608825	10.581767206460874	10.157738096260285	10.957715962906189	10.256572369949376	11.246084162603678	15.912391611108504	12.490836282834485	12.429570740990364	10.890550336693938	12.508493540190702	12.646564034052464	12.419459220478789	14.303975272709348	12.490836282834485	20.890838284715905	11.340904747536108	11.069562233294143	11.512761463027642	12.307658193174616	11.3276259228019	10.272421731608825	12.429570740990364	11.340904747536108	13.371836927195279	10.906439488522665	13.307422363817903	12.911349714046734	13.361346282728302	10.581767206460874	10.890550336693938	11.069562233294143	10.906439488522665	15.740368769596003	11.103646267188449	10.818947047182952	10.906252031012983	10.157738096260285	12.508493540190702	11.512761463027642	13.307422363817903	11.103646267188449	13.810155254906459	12.824395610259794	13.300395861715081	10.957715962906189	12.646564034052464	12.307658193174616	12.911349714046734	10.818947047182952	12.824395610259794	14.532624786861954	12.907349055820342	10.256572369949376	12.419459220478789	11.3276259228019	13.361346282728302	10.906252031012983	13.300395861715081	12.907349055820342	13.380440476917867
12.309774821546133	12.126531989485114	12.121804902769703	12.245486800870092	11.48773969829141	12.199647111743147	12.208692441965578	12.231077937184692	12.126531989485114	13.507023089769696	12.258240974490157	12.14066154353252	11.451507885554081	12.170244623825845	12.16541946629598	12.125140313050656	12.121804902769703	12.258240974490157	18.135877431953805	12.109178702933718	11.58038192761683	12.323438610734625	12.284653439208578	12.091241680891391	12.245486800870092	12.14066154353252	12.109178702933718	12.266481011378175	11.497434670248081	12.219882886958937	12.224451663606242	12.249433712337302	11.48773969829141	11.451507885554081	11.58038192761683	11.497434670248081	13.74434648228194	11.623805582009593	11.464915763218105	11.490236254041186	12.199647111743147	12.170244623825845	12.323438610734625	12.219882886958937	11.623805582009593	12.9779501177192	12.159956920243923	12.206933416605244	12.208692441965578	12.16541946629598	12.284653439208578	12.224451663606242	11.464915763218105	12.159956920243923	12.92053034598237	12.213058529131326	12.231077937184692	12.125140313050656	12.091241680891391	12.249433712337302	11.490236254041186	12.206933416605244	12.213058529131326	12.27925014786157
13.79190000319375	13.741536623774268	13.789177989383674	10.001706901535735	13.20062551396651	12.089067354767145	13.355591606857462	10.376219914675781	13.741536623774268	14.775331495338705	13.743476198322401	9.902616873657989	13.1875994460697	12.244711721755378	13.35976904892955	10.242966587480604	13.789177989383674	13.743476198322401	13.79669003352462	9.997554643654455	13.202530204421171	12.091334109418614	13.35744044209225	10.377605244662377	10.001706901535735	9.902616873657989	9.997554643654455	23.842651976660232	9.459537038943216	13.890278155086785	9.881418825525207	10.406448074644386	13.20062551396651	13.1875994460697	13.202530204421171	9.459537038943216	14.092392138976297	12.033157245737247	12.827115774155828	10.499524535105163	12.089067354767145	12.244711721755378	12.091334109418614	13.890278155086785	12.033157245737247	16.66304101090881	11.609466186804791	11.214750102819798	13.355591606857462	13.35976904892955	13.35744044209225	9.881418825525207	12.827115774155828	11.609466186804791	14.422250610005838	10.98506911291307	10.376219914675781	10.242966587480604	10.377605244662377	10.406448074644386	10.499524535105163	11.214750102819798	10.98506911291307	15.92454327903247
14.840643099854443	14.113722710399362	14.831126338472592	11.642626437952563	12.309937066681881	11.840244437689995	13.491362402940421	9.457086472471097	14.113722710399362	19.020804525502435	14.185384877272385	11.150960288705102	12.386109670767285	12.938994073858769	13.443521259517368	9.069082382572589	14.831126338472592	14.185384877272385	15.13300451941939	11.557177129929919	12.34756769886051	11.912590158839706	13.522142160958175	9.44569446863128	11.642626437952563	11.150960288705102	11.557177129929919	20.571228324625025	9.899655052582515	14.071526297276467	10.891676151213327	10.178523234671118	12.309937066681881	12.386109670767285	12.34756769886051	9.899655052582515	15.144620909509488	12.266092519911247	11.606576873575232	10.340921918442723	11.840244437689995	12.938994073858769	11.912590158839706	14.071526297276467	12.266092519911247	18.54736626408309	10.692522499491012	11.103512869211297	13.491362402940421	13.443521259517368	13.522142160958175	10.891676151213327	11.606576873575232	10.692522499491012	15.934054284561906	11.160678247291639	9.457086472471097	9.069082382572589	9.44569446863128	10.178523234671118	10.340921918442723	11.103512869211297	11.160678247291639	17.049310118955262
15.951354133459938	14.335929551444808	15.899349820063527	12.483467994194626	11.148027916088171	11.245424301383116	14.386765930403534	9.062832193673836	14.335929551444808	21.223260211831324	14.457177249404694	11.502109136057758	11.796540490859728	13.24270893246368	13.823104605182753	8.693420297657445	15.899349820063527	14.457177249404694	16.267464190586423	12.357874880781342	11.227278618261137	11.37423197925431	14.397749732716242	9.054852954012446	12.483467994194626	11.502109136057758	12.357874880781342	20.445759750650996	9.34856898793573	13.831015607896145	11.550741875306723	9.960212027296238	11.148027916088171	11.796540490859728	11.227278618261137	9.34856898793573	16.256694248412224	12.626787923163691	10.771399874143114	10.732338048917493	11.245424301383116	13.24270893246368	11.37423197925431	13.831015607896145	12.626787923163691	19.287564735616762	10.32104069710897	11.327229234549774	14.386765930403534	13.823104605182753	14.397749732716242	11.550741875306723	10.771399874143114	10.32104069710897	16.460261277386113	10.749757705983752	9.062832193673836	8.693420297657445	9.054852954012446	9.960212027296238	10.732338048917493	11.327229234549774	10.749757705983752	17.24624901956501
13.297989591458533	13.275865374599087	13.295400489107648	10.590064819779393	13.24137659471023	12.644092387273602	12.991563226070319	10.544993291770023	13.275865374599087	15.69160706071204	13.278064950530013	10.26643643362586	13.228810088527538	12.831085382759259	13.056011944469406	10.188883500586948	13.295400489107648	13.278064950530013	13.30334931748191	10.586156040383841	13.243157527738372	12.646208227424738	12.99343048468937	10.546191281268115	10.590064819779393	10.26643643362586	10.586156040383841	21.273492819465652	10.514758844235342	12.237112270441004	10.507236672436454	10.224164616557003	13.24137659471023	13.228810088527538	13.243157527738372	10.514758844235342	13.340715750471698	12.617859233972055	12.944019565712214	10.554613961828384	12.644092387273602	12.831085382759259	12.646208227424738	12.237112270441004	12.617859233972055	14.770395929873745	12.320527179802452	10.915846383170068	12.991563226070319	13.056011944469406	12.99343048468937	10.507236672436454	12.944019565712214	12.320527179802452	13.774556059824793	10.986322946845053	10.544993291770023	10.188883500586948	10.546191281268115	10.224164616557003	10.554613961828384	10.915846383170068	10.986322946845053	15.86098544253546
12.95289677258554	12.93441253896151	12.951581977980585	11.046902524196163	12.932165392142139	12.730357195686459	12.635911400369189	10.93855746481489	12.93441253896151	13.94304770100504	12.936820398156526	10.89922872006208	12.917671967956599	12.757654882327227	12.67133253733761	10.808263953102616	12.951581977980585	12.936820398156526	12.967284710260312	11.041732499436609	12.934113837742926	12.732654166720597	12.638340195936571	10.939033141457575	11.046902524196163	10.89922872006208	11.041732499436609	19.31076716997849	11.016415211485512	11.665677281994904	10.946953008408965	10.280537116387201	12.932165392142139	12.917671967956599	12.934113837742926	11.016415211485512	12.97346678067607	12.717279180316675	12.620216999118565	10.93889668249454	12.730357195686459	12.757654882327227	12.732654166720597	11.665677281994904	12.717279180316675	13.7249348902597	12.384976676310341	11.051706665496463	12.635911400369189	12.67133253733761	12.638340195936571	10.946953008408965	12.620216999118565	12.384976676310341	13.706447378950697	11.37782610883273	10.93855746481489	10.808263953102616	10.939033141457575	10.280537116387201	10.93889668249454	11.051706665496463	11.37782610883273	15.04159512810623
12.113938481523737	11.956580874357229	12.007166227680006	12.086156191097633	12.056035550011055	12.085031627468696	11.982236436665016	12.027488643200357	11.956580874357229	13.665847218026355	12.153712063539553	11.960901531699394	11.934009663902046	11.993491829549585	12.055076852203355	11.896497534956916	12.007166227680006	12.153712063539553	16.94947780840138	12.002555504222036	11.97957825212431	12.083028762822519	12.356366648292314	11.931384272598516	12.086156191097633	11.960901531699394	12.002555504222036	12.095460230892744	12.062362507333015	12.092021706766577	11.98630846104053	12.034190069714759	12.056035550011055	11.934009663902046	11.97957825212431	12.062362507333015	12.15160593683667	12.064527084544174	11.957069319485955	12.005122215611246	12.085031627468696	11.993491829549585	12.083028762822519	12.092021706766577	12.064527084544174	12.42320671668054	11.962179225769972	12.035296991346973	11.982236436665016	12.055076852203355	12.356366648292314	11.98630846104053	11.957069319485955	11.962179225769972	13.787386162342095	11.961407268075341	12.027488643200357	11.896497534956916	11.931384272598516	12.034190069714759	12.005122215611246	12.035296991346973	11.961407268075341	12.172360427262927
12.54888536998844	12.415561688651348	12.49928594014919	12.542483066738068	12.446573952860309	12.515690592345571	11.866665706957766	11.078302385267394	12.415561688651348	14.22018704724487	12.571069195388892	12.411188558414349	12.324658390730042	12.47021359500352	12.099158644414345	10.894689574940436	12.49928594014919	12.571069195388892	15.37723866003034	12.492767185030232	12.410010201111625	12.590008000606835	12.305409750714242	10.969680628224554	12.542483066738068	12.411188558414349	12.492767185030232	12.561545892878165	12.442850380602659	12.513649943960155	11.863661235385731	11.077388814991018	12.446573952860309	12.324658390730042	12.410010201111625	12.442850380602659	12.650867954245195	12.437900565649826	11.793036764732026	11.05442783794867	12.515690592345571	12.47021359500352	12.590008000606835	12.513649943960155	12.437900565649826	13.43903558421553	11.719004510049636	11.147672709909157	11.866665706957766	12.099158644414345	12.305409750714242	11.863661235385731	11.793036764732026	11.719004510049636	15.44585693588029	11.99653436680283	11.078302385267394	10.894689574940436	10.969680628224554	11.077388814991018	11.05442783794867	11.147672709909157	11.99653436680283	14.334916089270346
13.398039472239393	13.228566870822148	13.38702264212164	12.342970109719284	13.248606211789786	13.007056639832516	11.502788425844743	9.788531630454811	13.228566870822148	15.150827815249201	13.362330617763215	12.118319228842806	13.098177247514622	13.102689189378582	11.852089524509942	9.665033540746482	13.38702264212164	13.362330617763215	14.98018589515616	12.11518618208407	13.251681802991234	13.16150387282178	11.844534556681339	9.779426948090547	12.342970109719284	12.118319228842806	12.11518618208407	15.935298539219463	12.189757960418016	12.95005886559645	10.88847596516603	9.902487093836639	13.248606211789786	13.098177247514622	13.251681802991234	12.189757960418016	13.446893967737878	12.943933005779282	11.434003622013172	9.83848980338225	13.007056639832516	13.102689189378582	13.16150387282178	12.95005886559645	12.943933005779282	16.042076223908666	10.723670363843038	10.201683021090084	11.502788425844743	11.852089524509942	11.844534556681339	10.88847596516603	11.434003622013172	10.723670363843038	17.11656790283611	12.863522865811873	9.788531630454811	9.665033540746482	9.779426948090547	9.902487093836639	9.83848980338225	10.201683021090084	12.863522865811873	17.001931115803703
14.441633511717894	14.004034571534499	14.339616538819959	12.491848851563352	12.96859522103292	12.875699562201603	11.70307418634836	9.029426763055655	14.004034571534499	16.718660765897155	14.21889303556917	12.073610292369265	12.826651156923038	13.247678050805737	12.17609881343389	8.987684830069254	14.339616538819959	14.21889303556917	16.37338118758734	12.038297143885886	13.048629726887613	13.194935216499246	12.153628508348705	9.085252005069634	12.491848851563352	12.073610292369265	12.038297143885886	18.107374152280723	11.231418059224053	13.724863974363096	10.513857594798473	9.581534970960247	12.96859522103292	12.826651156923038	13.048629726887613	11.231418059224053	14.529044263009007	12.762380824796423	11.072688442424024	9.707922914292558	12.875699562201603	13.247678050805737	13.194935216499246	13.724863974363096	12.762380824796423	18.30677564487419	9.961427474929568	10.16362313359333	11.70307418634836	12.17609881343389	12.153628508348705	10.513857594798473	11.072688442424024	9.961427474929568	17.970820793728613	13.015451384741748	9.029426763055655	8.987684830069254	9.085252005069634	9.581534970960247	9.707922914292558	10.16362313359333	13.015451384741748	17.93084459527947
13.696356167428808	13.487290351312577	13.698617341276238	12.173516148918539	12.6095707816416	12.55526905220292	12.652555827502582	9.987875036817337	13.487290351312577	16.007622282304574	13.556652762401198	11.922428236116817	12.56251271531175	12.901644794443042	12.762138204816365	9.723889832443142	13.698617341276238	13.556652762401198	14.266325406250152	12.074959020633827	12.645952699235941	12.651447251407781	12.717669143939325	9.963351464174696	12.173516148918539	11.922428236116817	12.074959020633827	17.37884259029167	11.13897752016167	13.15255007646807	11.428195084034565	10.138408188199781	12.6095707816416	12.56251271531175	12.645952699235941	11.13897752016167	14.119935535468432	12.410764750484928	11.842613909730117	10.298791390864526	12.55526905220292	12.901644794443042	12.651447251407781	13.15255007646807	12.410764750484928	16.855833065511277	11.363092357658726	10.839984827623073	12.652555827502582	12.762138204816365	12.717669143939325	11.428195084034565	11.842613909730117	11.363092357658726	15.250836459846262	11.521404956742463	9.987875036817337	9.723889832443142	9.963351464174696	10.138408188199781	10.298791390864526	10.839984827623073	11.521404956742463	16.53732525131677
14.533401470533205	14.200890737773832	14.530506452549126	12.343066318567258	11.726000598552364	12.274478715328843	13.74974541763253	9.758683540568715	14.200890737773832	17.066298051651025	14.218433862108178	11.99702361555613	11.857578247128334	12.779820037095952	13.650031224981586	9.432823649853812	14.530506452549126	14.218433862108178	14.660074870762296	12.311724720904792	11.743857203552336	12.300816079896066	13.758118712724066	9.752347448952696	12.343066318567258	11.99702361555613	12.311724720904792	19.204176245968846	9.896023379091142	13.39549965743428	11.832401412608153	10.068288413914226	11.726000598552364	11.857578247128334	11.743857203552336	9.896023379091142	15.47286882454319	12.218775103719743	11.385836798206011	10.614237347812047	12.274478715328843	12.779820037095952	12.300816079896066	13.39549965743428	12.218775103719743	17.159060574803892	11.553621691887486	11.081837842963308	13.74974541763253	13.650031224981586	13.758118712724066	11.832401412608153	11.385836798206011	11.553621691887486	15.156309164178513	10.765681227298488	9.758683540568715	9.432823649853812	9.752347448952696	10.068288413914226	10.614237347812047	11.081837842963308	10.765681227298488	16.637431568268507
14.66155200051469	14.417328435163466	14.660495840043577	11.67994436596089	12.038110061916582	12.408282974224484	13.75179277562606	9.70090509326888	14.417328435163466	16.781236210390166	14.423124011313229	11.374996476970534	12.128861585126904	12.75826054178792	13.719074972306128	9.428617196946872	14.660495840043577	14.423124011313229	14.700209748809343	11.667188056271161	12.044312068180787	12.415443672357217	13.755997041409785	9.699739020306895	11.67994436596089	11.374996476970534	11.667188056271161	21.343732654523265	9.377453524252182	13.623416533133542	11.213577134989183	10.091165850459127	12.038110061916582	12.128861585126904	12.044312068180787	9.377453524252182	15.530527494017429	12.125858950999612	11.605369395385624	10.525090712189217	12.408282974224484	12.75826054178792	12.415443672357217	13.623416533133542	12.125858950999612	16.83523225384459	11.59187879228131	10.944118509413148	13.75179277562606	13.719074972306128	13.755997041409785	11.213577134989183	11.605369395385624	11.59187879228131	15.315954778762613	10.860330130708045	9.70090509326888	9.428617196946872	9.699739020306895	10.091165850459127	10.525090712189217	10.944118509413148	10.860330130708045	16.726078731153844
13.989298567601066	13.872415375578173	13.989478699245002	11.459630078257598	12.663228998546975	12.62104540300797	13.16250732206534	9.953593357908954	13.872415375578173	15.733459384920286	13.878621084928659	11.243140827601827	12.66946168037124	12.832857635400245	13.204984001293225	9.719862159576943	13.989478699245002	13.878621084928659	14.034439407765383	11.446847340044508	12.668538745900069	12.62810469631033	13.168099648107003	9.951919340069319	11.459630078257598	11.243140827601827	11.446847340044508	20.37575045527709	10.134279459747265	13.216299545669148	11.051685854370557	10.140844418413758	12.663228998546975	12.66946168037124	12.668538745900069	10.134279459747265	14.56266999337067	12.285620726660184	12.095071410964113	10.34291249897857	12.62104540300797	12.832857635400245	12.62810469631033	13.216299545669148	12.285620726660184	16.176979618051877	11.781108708980042	10.814158035118389	13.16250732206534	13.204984001293225	13.168099648107003	11.051685854370557	12.095071410964113	11.781108708980042	14.879101617611461	11.112611415217637	9.953593357908954	9.719862159576943	9.951919340069319	10.140844418413758	10.34291249897857	10.814158035118389	11.112611415217637	16.57830332144001
13.808737427669424	13.686787456544673	13.807948003887335	11.196672070579107	12.690456097166383	12.32853840867327	13.365558759789131	10.198011271069204	13.686787456544673	15.94110597760657	13.690937177929143	10.974498842138889	12.698469632614632	12.64885633248134	13.35191597326569	9.890772336879456	13.807948003887335	13.690937177929143	13.832887750943772	11.18943233985059	12.693667311988126	12.333294178337292	13.368419215049979	10.197406135019486	11.196672070579107	10.974498842138889	11.18943233985059	20.551819528153693	10.121775263023691	13.329520676956236	10.982069194839529	10.314078967255043	12.690456097166383	12.698469632614632	12.693667311988126	10.121775263023691	14.343191897904203	12.16598568897953	12.36793265180939	10.471021315486807	12.32853840867327	12.64885633248134	12.333294178337292	13.329520676956236	12.16598568897953	16.403794289127145	11.86584504086013	11.094026410560422	13.365558759789131	13.35191597326569	13.368419215049979	10.982069194839529	12.36793265180939	11.86584504086013	14.34741489207723	10.818482620165906	10.198011271069204	9.890772336879456	10.197406135019486	10.314078967255043	10.471021315486807	11.094026410560422	10.818482620165906	16.21937879281837
14.827251814763928	14.414294108144436	14.824602796996947	10.011557000737687	12.58702864611083	11.349976495367923	14.397991601333588	9.869029225640862	14.414294108144436	18.255937644760053	14.416669767886344	9.75680860648115	12.674547519349302	12.25370918071975	14.146290393821577	9.39937438846301	14.824602796996947	14.416669767886344	14.832660320891902	10.007393187404062	12.589123276606948	11.352656773106773	14.399514008336128	9.870147250790623	10.011557000737687	9.75680860648115	10.007393187404062	24.719609555137367	8.738003578239706	14.932808918392448	9.877021940437931	10.618484639185805	12.58702864611083	12.674547519349302	12.589123276606948	8.738003578239706	15.23546065319035	11.80875161612154	12.341317677082937	10.49773284809025	11.349976495367923	12.25370918071975	11.352656773106773	14.932808918392448	11.80875161612154	18.249509656414368	11.00428980135592	11.49310502749966	14.397991601333588	14.146290393821577	14.399514008336128	9.877021940437931	12.341317677082937	11.00428980135592	15.133991656476379	10.394536153282889	9.869029225640862	9.39937438846301	9.870147250790623	10.618484639185805	10.49773284809025	11.49310502749966	10.394536153282889	16.444093522776893
15.904062239519586	14.914732788200247	15.901794822079838	9.8585515804229	12.021017772773593	10.500757306691456	15.278194065764371	9.435855387910909	14.914732788200247	20.192507555001033	14.91917217760414	9.619773436627554	12.32444195387431	12.173131674054668	14.5984322841705	8.92328637491251	15.901794822079838	14.91917217760414	15.916389236149612	9.852025746705248	12.024473290001769	10.50534026652969	15.279580417469592	9.436145145154425	9.8585515804229	9.619773436627554	9.852025746705248	25.420725870998446	8.383321765361892	15.634995200412204	9.681064693512281	10.737639139941626	12.021017772773593	12.32444195387431	12.024473290001769	8.383321765361892	15.960759549653192	11.952968844730577	11.776739861882422	10.612362321086614	10.500757306691456	12.173131674054668	10.50534026652969	15.634995200412204	11.952968844730577	19.599215284610793	10.138000800121333	11.759866156741877	15.278194065764371	14.5984322841705	15.279580417469592	9.681064693512281	11.776739861882422	10.138000800121333	16.10326802816151	10.115956786098666	9.435855387910909	8.92328637491251	9.436145145154425	10.737639139941626	10.612362321086614	11.759866156741877	10.115956786098666	16.73489997037377
13.204566191845881	13.175687889170712	13.199259116202475	10.357936987201146	13.161311111603341	12.517595556599005	12.995710713751578	10.81715075866736	13.175687889170712	15.276350288599865	13.17827884811098	10.063413511946612	13.143781571021718	12.688100427716007	13.030579901548663	10.529529181552219	13.199259116202475	13.17827884811098	13.2055975661777	10.353084741121284	13.163819169752658	12.520409247051864	12.99818681426471	10.819891205121637	10.357936987201146	10.063413511946612	10.353084741121284	22.070644455316923	10.29954589475168	12.285187418842387	10.307784832960309	10.229858282639508	13.161311111603341	13.143781571021718	13.163819169752658	10.29954589475168	13.23906646733087	12.501754379463817	12.96236429810555	10.821964848913348	12.517595556599005	12.688100427716007	12.520409247051864	12.285187418842387	12.501754379463817	14.799483668400107	12.290762109592956	11.11423072797595	12.995710713751578	13.030579901548663	12.99818681426471	10.307784832960309	12.96236429810555	12.290762109592956	13.600111762867336	11.10030691073867	10.81715075866736	10.529529181552219	10.819891205121637	10.229858282639508	10.821964848913348	11.11423072797595	11.10030691073867	15.353988016511758
13.197905219080244	13.180622511409513	13.188154651587295	10.297145659632283	13.168303231535468	12.714089096607463	12.908041705254254	10.862806205084466	13.180622511409513	14.769341423651767	13.184914264722455	10.020758847386823	13.16630067502591	12.803166891214673	12.963100677674333	10.655131589001785	13.188154651587295	13.184914264722455	13.195764670836544	10.288806389146005	13.17269770805659	12.718645758388899	12.912239634383331	10.868011699394641	10.297145659632283	10.020758847386823	10.288806389146005	22.483585089154104	10.25672929232631	11.711409140201793	10.255842222863414	10.09883879708923	13.168303231535468	13.16630067502591	13.17269770805659	10.25672929232631	13.214946768720928	12.705564473249776	12.89391762869987	10.868778681619098	12.714089096607463	12.803166891214673	12.718645758388899	11.711409140201793	12.705564473249776	14.221254811841757	12.414493953527657	11.045797298115117	12.908041705254254	12.963100677674333	12.912239634383331	10.255842222863414	12.89391762869987	12.414493953527657	13.73692801529069	11.24491000368842	10.862806205084466	10.655131589001785	10.868011699394641	10.09883879708923	10.868778681619098	11.045797298115117	11.24491000368842	15.300365397817364
