15.926893627730685	11.161571915641714	11.95567555891662	11.611099097363603	10.98953395093531	10.957705332192955	10.995006817651303	10.987937980927976	11.161571915641714	15.097699447323556	12.513183980926724	10.82883888173756	12.313387263816438	12.338797060895674	12.317744056249044	12.312889033939655	11.95567555891662	12.513183980926724	16.270054196211333	10.530719954900217	12.355684932173485	12.377637824348101	12.361787347336795	12.35475426889359	11.611099097363603	10.82883888173756	10.530719954900217	16.228328561423556	11.270610632904944	11.326361639875879	11.27114713432868	11.272102218838086	10.98953395093531	12.313387263816438	12.355684932173485	11.270610632904944	12.578948454641406	12.570341147859198	12.570103059325046	12.57323060909687	10.957705332192955	12.338797060895674	12.377637824348101	11.326361639875879	12.570341147859198	12.763972325266021	12.567181024655735	12.57068228201431	10.995006817651303	12.317744056249044	12.361787347336795	11.27114713432868	12.570103059325046	12.567181024655735	12.607378301932984	12.57048327116497	10.987937980927976	12.312889033939655	12.35475426889359	11.272102218838086	12.57323060909687	12.57068228201431	12.57048327116497	12.578483536845942
15.671675144746667	11.13165807865785	12.263301799551149	11.707029893289345	11.045738086194145	10.979770750742938	11.057239273622763	11.044434737479758	11.13165807865785	14.006368022636252	12.700718426852545	10.423788721972373	12.551011880747293	12.562375941994302	12.55176797032244	12.550850957246743	12.263301799551149	12.700718426852545	18.275837311473097	9.348638299730728	12.505810299007397	12.554944477600536	12.52432372633936	12.504356654555675	11.707029893289345	10.423788721972373	9.348638299730728	18.510180930987616	10.708858580207574	10.910365664456673	10.708592519811408	10.711019647988518	11.045738086194145	12.551011880747293	12.505810299007397	10.708858580207574	12.678099451207583	12.64703595152253	12.664280267324253	12.672239599955313	10.979770750742938	12.562375941994302	12.554944477600536	10.910365664456673	12.64703595152253	13.113628644896153	12.637432339701537	12.647276972256744	11.057239273622763	12.55176797032244	12.52432372633936	10.708592519811408	12.664280267324253	12.637432339701537	12.743548683579963	12.66460810974276	11.044434737479758	12.550850957246743	12.504356654555675	10.711019647988518	12.672239599955313	12.647276972256744	12.66460810974276	12.677024114141199
16.684994358217896	10.761345033168189	12.523319986536428	12.011159978282603	10.53473131140034	10.301596297045672	10.784702935721832	10.758786723555627	10.761345033168189	13.081405137694448	12.737066443148812	10.111908190944359	12.574609079829136	12.728810560998868	13.06165443690981	13.073934404892444	12.523319986536428	12.737066443148812	20.625702718700623	8.04952082991063	12.688737533683828	12.977826318209633	12.76807172337926	12.733453382529017	12.011159978282603	10.111908190944359	8.04952082991063	22.1767050511715	9.21210016524339	11.759276226873018	10.104158919413338	10.112830230238812	10.53473131140034	12.574609079829136	12.688737533683828	9.21210016524339	14.09125210906572	12.553997405429884	12.562102612154455	12.574028327552956	10.301596297045672	12.728810560998868	12.977826318209633	11.759276226873018	12.553997405429884	15.7716161112951	12.697664655500342	12.727886138772003	10.784702935721832	13.06165443690981	12.76807172337926	10.104158919413338	12.562102612154455	12.697664655500342	13.168764245069097	13.061142823312846	10.758786723555627	13.073934404892444	12.733453382529017	10.112830230238812	12.574028327552956	12.727886138772003	13.061142823312846	13.077488120173335
22.050349332772672	8.352136540587047	12.08820282656405	15.552780241719768	8.053549447480519	7.796806381472088	8.609420475204788	8.347204344001408	8.352136540587047	15.498283690854473	13.441717543959955	6.915242797231805	12.470697372512907	12.579491586949562	15.391945867583505	15.492683161616494	12.08820282656405	13.441717543959955	23.160511013940102	4.644309536602906	13.84148739955508	13.304776072354448	13.600301965363089	13.43703577981341	15.552780241719768	6.915242797231805	4.644309536602906	34.733113823603226	4.204738831650228	13.807653852301762	6.869956394479556	6.915904945881602	8.053549447480519	12.470697372512907	13.84148739955508	4.204738831650228	19.183122488684287	13.634514545391648	12.366859398608977	12.47044426811313	7.796806381472088	12.579491586949562	13.304776072354448	13.807653852301762	13.634514545391648	21.224403013375156	12.290203455440258	12.579666779164148	8.609420475204788	15.391945867583505	13.600301965363089	6.869956394479556	12.366859398608977	12.290203455440258	15.808918570719591	15.390752628529818	8.347204344001408	15.492683161616494	13.43703577981341	6.915904945881602	12.47044426811313	12.579666779164148	15.390752628529818	15.497377314292748
31.21529468574686	15.788417693276429	20.063237657475522	14.355904312714923	7.670287327236787	5.509081250158564	13.152102100649014	0.665364592276943	15.788417693276429	25.731854368192984	20.902253746029743	5.9416471822532655	13.378702921433051	13.558571434247742	15.634663513627128	7.778830481304203	20.063237657475522	20.902253746029743	30.384420333712434	3.5435065424250225	13.79360020826357	11.934580439901325	16.867330001196123	6.415032095554924	14.355904312714923	5.9416471822532655	3.5435065424250225	34.97177702171833	4.256706301420292	14.172101807085152	6.1120649440116	7.901856418501895	7.670287327236787	13.378702921433051	13.79360020826357	4.256706301420292	19.556516871708112	14.561537169442012	11.156913057542464	12.360559641004233	5.509081250158564	13.558571434247742	11.934580439901325	14.172101807085152	14.561537169442012	23.77750130090233	8.663689873597157	13.481937149644478	13.152102100649014	15.634663513627128	16.867330001196123	6.1120649440116	11.156913057542464	8.663689873597157	21.30656004019088	12.834124794395592	0.665364592276943	7.778830481304203	6.415032095554924	7.901856418501895	12.360559641004233	13.481937149644478	12.834124794395592	22.462919714825745
30.4687348765386	16.275697956459332	20.07031055309102	13.965056371647204	7.939510688662866	5.896161940389446	13.265816683785207	1.0078232811093926	16.275697956459332	25.407208169783672	20.914049032512825	6.188768331609385	13.205907370142942	13.305748046859687	15.564584472166736	7.557258322174022	20.07031055309102	20.914049032512825	30.30168061426319	3.5874767244901262	13.77388678529714	11.92529874709806	16.850205841485074	6.40698426250254	13.965056371647204	6.188768331609385	3.5874767244901262	34.74752893439084	4.406011347048789	14.377468268876697	6.179455532930597	8.083484491312673	7.939510688662866	13.205907370142942	13.77388678529714	4.406011347048789	19.455769898539977	14.420570356497848	11.11277051178215	12.236225379881791	5.896161940389446	13.305748046859687	11.92529874709806	14.377468268876697	14.420570356497848	23.575873714619306	8.604123783380796	13.30445309639153	13.265816683785207	15.564584472166736	16.850205841485074	6.179455532930597	11.11277051178215	8.604123783380796	21.285601994295234	12.7807082061568	1.0078232811093926	7.557258322174022	6.40698426250254	8.083484491312673	12.236225379881791	13.30445309639153	12.7807082061568	22.305241448051778
21.973649497987797	8.238681271372279	13.197243390704305	14.848042690983048	8.266714208981952	7.909416227458185	11.013263333103545	8.234216591832254	8.238681271372279	14.700532935459396	12.753287180573064	8.712150121710822	13.052113398489	14.399041620237046	13.161949836892102	14.695019355574647	13.197243390704305	12.753287180573064	23.45925896444878	5.639463808945354	13.147781540548257	12.646164735094878	14.834474323228433	12.748735478024138	14.848042690983048	8.712150121710822	5.639463808945354	28.474883665914135	5.4601429239075525	9.818464031264247	9.039930159274785	8.712167107572375	8.266714208981952	13.052113398489	13.147781540548257	5.4601429239075525	17.50651619377283	13.227824225631485	11.983134273315686	13.051397189113187	7.909416227458185	14.399041620237046	12.646164735094878	9.818464031264247	13.227824225631485	16.059785556178532	12.428150221863719	14.397925881913576	11.013263333103545	13.161949836892102	14.834474323228433	9.039930159274785	11.983134273315686	12.428150221863719	18.154688017428292	13.161517873630332	8.234216591832254	14.695019355574647	12.748735478024138	8.712167107572375	13.051397189113187	14.397925881913576	13.161517873630332	14.699978996735414
23.88150283288113	7.127557452673218	13.193595781345444	16.35664294760096	7.479638668611171	7.085534666924696	10.99410926827001	7.1150209990414774	7.127557452673218	15.420526709856736	12.753401428862041	8.3252250414515	13.147664022615317	15.371491777943554	13.10831412414574	15.405749872758806	13.193595781345444	12.753401428862041	23.865356909503582	5.0097778551905074	13.47194767219629	12.731221959559264	15.17300717495083	12.74041051916525	16.35664294760096	8.3252250414515	5.0097778551905074	30.79003149107347	3.4156906498392035	8.471276001168233	9.29825831070805	8.31901584477691	7.479638668611171	13.147664022615317	13.47194767219629	3.4156906498392035	19.224768173145705	13.182362131369754	11.819516498450069	13.144629547151947	7.085534666924696	15.371491777943554	12.731221959559264	8.471276001168233	13.182362131369754	15.580529761641413	12.997956519565784	15.35978214495475	10.99410926827001	13.10831412414574	15.17300717495083	9.29825831070805	11.819516498450069	12.997956519565784	18.73665710107005	13.111723869612195	7.1150209990414774	15.405749872758806	12.74041051916525	8.31901584477691	13.144629547151947	15.35978214495475	13.111723869612195	15.422804751327815
23.893370378485727	7.127418736245286	13.19156319864005	16.400316305421967	7.436321934191042	7.092478843605134	11.013734468467117	7.11919059073838	7.127418736245286	15.33827834504142	12.775425228889315	8.137372807512197	13.380411368738764	15.300564777607041	13.04895919376391	15.328742878785746	13.19156319864005	12.775425228889315	23.860996470171525	5.0654695459011645	13.39954992070511	12.756203639039532	15.198428210623963	12.766948870722148	16.400316305421967	8.137372807512197	5.0654695459011645	30.393723942350416	3.895175905115874	8.26155496487988	9.207862312600966	8.134434708398148	7.436321934191042	13.380411368738764	13.39954992070511	3.895175905115874	18.62052791876662	13.40206238513129	11.946199295670926	13.37811838307575	7.092478843605134	15.300564777607041	12.756203639039532	8.26155496487988	13.40206238513129	15.472971842159147	12.960306140795453	15.294124673902898	11.013734468467117	13.04895919376391	15.198428210623963	9.207862312600966	11.946199295670926	12.960306140795453	18.724760708877096	13.05080567271699	7.11919059073838	15.328742878785746	12.766948870722148	8.134434708398148	13.37811838307575	15.294124673902898	13.05080567271699	15.339648781624978
24.433281779543456	7.982613989240545	13.989547455633504	16.466973413520563	7.980275930811205	7.865554527875226	10.742644363367148	6.100998623076898	7.982613989240545	15.363871623050509	13.661800190000559	7.119399863836749	15.353928655611577	15.287930993047077	12.411535683916286	13.662685763567078	13.989547455633504	13.661800190000559	24.66672325112806	5.529056922971755	13.660536184831765	13.57548128719348	14.898232234690521	11.614230069349505	16.466973413520563	7.119399863836749	5.529056922971755	27.90187937765986	7.106158731026781	7.49408013708935	8.474385547899375	6.9363965422392235	7.980275930811205	15.353928655611577	13.660536184831765	7.106158731026781	15.36985746663877	15.281292417894822	12.40787039625565	13.660112574205021	7.865554527875226	15.287930993047077	13.57548128719348	7.49408013708935	15.281292417894822	15.71527832786799	12.23401495985108	13.661573266440984	10.742644363367148	12.411535683916286	14.898232234690521	8.474385547899375	12.40787039625565	12.23401495985108	18.778684555675717	13.344097613814517	6.100998623076898	13.662685763567078	11.614230069349505	6.9363965422392235	13.660112574205021	13.661573266440984	13.344097613814517	16.723793462757172
14.630788504762679	12.105353388359775	12.976300025541779	11.494926739652845	12.100510010076949	12.053219113924468	11.559428690237667	10.6419482340255	12.105353388359775	13.076204949476482	13.076893985497556	10.598203285367122	13.06761671749673	13.04130205292787	11.827058306665236	11.691201939075873	12.976300025541779	13.076893985497556	19.438297824514063	8.773714790745181	13.073299764339149	13.059753064272673	13.503300426191494	11.600383483690576	11.494926739652845	10.598203285367122	8.773714790745181	20.269793055171277	10.58718976417171	10.772462346318365	10.17565579133371	10.095091514914749	12.100510010076949	13.06761671749673	13.073299764339149	10.58718976417171	13.083201881569456	13.03590983621538	11.822957806602533	11.689271488082829	12.053219113924468	13.04130205292787	13.059753064272673	10.772462346318365	13.03590983621538	13.33507828952714	11.721725503908615	11.691750377422387	11.559428690237667	11.827058306665236	13.503300426191494	10.17565579133371	11.822957806602533	11.721725503908615	18.158578211127477	12.686615681480905	10.6419482340255	11.691201939075873	11.600383483690576	10.095091514914749	11.689271488082829	11.691750377422387	12.686615681480905	14.30000398084026
13.798037252145582	11.658195369415209	11.856737714779992	11.56223687310355	11.64665529604111	11.655283365068186	11.688524303432867	11.6526797933293	11.658195369415209	12.302705738104962	12.252638198656488	11.577069232626949	12.283297682149092	12.299387518788048	12.108768500109896	12.294741188765274	11.856737714779992	12.252638198656488	13.911386393568169	11.340424575009859	12.238490846054987	12.25385958832618	12.315726726208828	12.247671198405955	11.56223687310355	11.577069232626949	11.340424575009859	14.801960989502302	11.554812039365068	11.583403614132397	11.5129178416688	11.573796531421255	11.64665529604111	12.283297682149092	12.238490846054987	11.554812039365068	12.332011281642131	12.283642916836016	12.092810696462946	12.278950681444721	11.655283365068186	12.299387518788048	12.25385958832618	11.583403614132397	12.283642916836016	12.326016477896111	12.104137811546684	12.295006261907936	11.688524303432867	12.108768500109896	12.315726726208828	11.5129178416688	12.092810696462946	12.104137811546684	14.986187142647557	12.108224298862535	11.6526797933293	12.294741188765274	12.247671198405955	11.573796531421255	12.278950681444721	12.295006261907936	12.108224298862535	12.305700434903757
14.609948018362367	11.399000330338652	11.902679461669045	11.66041047771675	11.39401934316159	11.369439484154114	11.520244361430548	11.361354503176281	11.399000330338652	12.649697551263792	12.627405566691635	10.448034803187051	12.639984693469312	12.632378792092474	12.41810569954736	12.616385358349971	11.902679461669045	12.627405566691635	15.767351527709987	9.584192060558172	12.622450852600306	12.62347328641363	12.782571611209187	12.590759399107014	11.66041047771675	10.448034803187051	9.584192060558172	19.571012945204828	10.433152789802143	10.562828646428065	10.509499564899842	10.433882692423332	11.39401934316159	12.639984693469312	12.622450852600306	10.433152789802143	12.664453779226424	12.625807465608993	12.411026988500335	12.609651056891813	11.369439484154114	12.632378792092474	12.62347328641363	10.562828646428065	12.625807465608993	12.835986367487001	12.37630027671084	12.602742587840414	11.520244361430548	12.41810569954736	12.782571611209187	10.509499564899842	12.411026988500335	12.37630027671084	14.802511050623972	12.410663993327592	11.361354503176281	12.616385358349971	12.590759399107014	10.433882692423332	12.609651056891813	12.602742587840414	12.410663993327592	12.683394349124882
22.391736526031764	11.013484286833316	14.998708037318872	13.092321344371916	11.004388434667694	11.005428346812316	10.46706884766179	5.9862984214863655	11.013484286833316	14.225688303810275	13.262814626691593	11.564005251840026	14.20259957675087	14.222627799333665	11.280965565944218	10.771261057083464	14.998708037318872	13.262814626691593	20.993381078756457	10.454026192512487	13.250957367490264	13.261219949016063	12.926888128250951	9.245375181557845	13.092321344371916	11.564005251840026	10.454026192512487	17.796752271107344	11.541195948727104	11.568740392337414	10.253243444039553	9.246121251107754	11.004388434667694	14.20259957675087	13.250957367490264	11.541195948727104	14.22742063157513	14.202790623830285	11.276028042518302	10.773687841140614	11.005428346812316	14.222627799333665	13.261219949016063	11.568740392337414	14.202790623830285	14.237932077436682	11.276505541704772	10.775612496147584	10.46706884766179	11.280965565944218	12.926888128250951	10.253243444039553	11.276028042518302	11.276505541704772	18.525853651098416	13.90960989341227	5.9862984214863655	10.771261057083464	9.245375181557845	9.246121251107754	10.773687841140614	10.775612496147584	13.90960989341227	18.66263007433482
21.407950802671678	9.948715318918074	14.903740897014838	11.619463336010972	9.947027119982147	9.943517543088149	11.508475347430714	8.368950569823626	9.948715318918074	13.296458976278322	11.910206847594466	11.712991857620818	13.286950756219793	13.292954597877229	11.755274334151185	12.342850649302738	14.903740897014838	11.910206847594466	21.36246313932221	10.288532509013468	11.907054391079647	11.908660710112638	13.733436690849313	10.690204721565534	11.619463336010972	11.712991857620818	10.288532509013468	15.835157978987322	11.707450850985717	11.715759535239915	10.929000683153715	10.962659517432618	9.947027119982147	13.286950756219793	11.907054391079647	11.707450850985717	13.297452518418703	13.288441238474277	11.751175784556075	12.340579455141127	9.943517543088149	13.292954597877229	11.908660710112638	11.715759535239915	13.288441238474277	13.302014287330856	11.751938511293528	12.345048645250168	11.508475347430714	11.755274334151185	13.733436690849313	10.929000683153715	11.751175784556075	11.751938511293528	17.79628356897951	12.450191442637621	8.368950569823626	12.342850649302738	10.690204721565534	10.962659517432618	12.340579455141127	12.345048645250168	12.450191442637621	14.711987452376661
18.197052248960627	10.354362338055948	13.01700410339454	11.464317123888428	10.353248995757344	10.34930476018795	10.365751749253079	10.342825505948221	10.354362338055948	12.71963994042974	12.080600364270982	11.404862703309517	12.70656364095803	12.716317631447078	12.709792416261363	12.71160871382947	13.01700410339454	12.080600364270982	19.41584244488139	10.230750087309795	12.076776610760493	12.08388294332815	12.094602657466798	12.070142620914524	11.464317123888428	11.404862703309517	10.230750087309795	15.699713791115897	11.392783979590664	11.410446186708768	11.402934016158877	11.401680349496303	10.353248995757344	12.70656364095803	12.076776610760493	11.392783979590664	12.730111149942442	12.707332365310075	12.700783812813063	12.702617671741951	10.34930476018795	12.716317631447078	12.08388294332815	11.410446186708768	12.707332365310075	12.73730442058308	12.710466834351918	12.712366410601854	10.365751749253079	12.709792416261363	12.094602657466798	11.402934016158877	12.700783812813063	12.710466834351918	12.751610183296359	12.70588402915971	10.342825505948221	12.71160871382947	12.070142620914524	11.401680349496303	12.702617671741951	12.712366410601854	12.70588402915971	12.726799304613468
20.569067012545542	9.014306883569466	12.416003526372549	14.22723980017273	9.013145558351594	9.011760678855328	9.09311829587561	8.97952991278772	9.014306883569466	13.747597784613534	13.103787816591868	8.680730159935775	13.737870461382585	13.74239936748164	13.701420859879818	13.732078964948261	12.416003526372549	13.103787816591868	22.033863033660772	6.489109800808512	13.103207995083098	13.103435010848088	13.163222359436165	13.07169170148922	14.22723980017273	8.680730159935775	6.489109800808512	24.039670649335335	8.666792323601786	8.693158988617423	8.704356475234482	8.672894024079936	9.013145558351594	13.737870461382585	13.103207995083098	8.666792323601786	13.757802639350299	13.736244070326904	13.695272323678406	13.725962098016476	9.011760678855328	13.74239936748164	13.103435010848088	8.693158988617423	13.736244070326904	13.758340666449255	13.69958075245126	13.730490956700795	9.09311829587561	13.701420859879818	13.163222359436165	8.704356475234482	13.695272323678406	13.69958075245126	13.85887255347939	13.690223796334639	8.97952991278772	13.732078964948261	13.07169170148922	8.672894024079936	13.725962098016476	13.730490956700795	13.690223796334639	13.774952550586777
17.899273850101967	10.561070620073984	12.785873030635049	13.140310244983137	10.170469134705954	10.44118922030557	10.590468606439597	9.758476623380085	10.561070620073984	13.583005001774703	13.35647285851944	9.568528316300036	12.788480792439799	13.44700187748576	13.546482283128567	13.11646076943496	12.785873030635049	13.35647285851944	21.81098933074349	6.7079126798406286	13.257397810440672	13.32595165646855	13.392667004120451	12.509439241323753	13.140310244983137	9.568528316300036	6.7079126798406286	25.236917386664462	7.651083105059901	10.009660641872484	9.569030993266317	9.331221916583953	10.170469134705954	12.788480792439799	13.257397810440672	7.651083105059901	15.278497382061051	12.769545888136001	12.762318021005994	12.514216904104268	10.44118922030557	13.44700187748576	13.32595165646855	10.009660641872484	12.769545888136001	14.059998948094458	13.408512704567249	13.047093632210881	10.590468606439597	13.546482283128567	13.392667004120451	9.569030993266317	12.762318021005994	13.408512704567249	13.693838409407357	13.104957178505195	9.758476623380085	13.11646076943496	12.509439241323753	9.331221916583953	12.514216904104268	13.047093632210881	13.104957178505195	14.18558124568079
12.741270291310771	12.72685969760063	12.75910005808362	12.44759557690898	12.054539394880333	12.519326230687145	12.676916108426056	11.144562422738906	12.72685969760063	12.732646849193992	12.76026000289638	12.448975861243023	12.056862170484996	12.523852610291172	12.679685772916175	11.149641918848612	12.75910005808362	12.76026000289638	14.769894405570868	12.362422952436534	12.136011442020672	12.705708202011644	12.728809070958892	11.024440061964448	12.44759557690898	12.448975861243023	12.362422952436534	13.818620369498928	11.715966246155348	12.436076045100938	12.403202260413918	11.028951234961786	12.054539394880333	12.056862170484996	12.136011442020672	11.715966246155348	13.47629585404992	12.127674376672	12.017665782372903	11.013894446539636	12.519326230687145	12.523852610291172	12.705708202011644	12.436076045100938	12.127674376672	14.139311414618257	12.459309277902738	11.346757800443044	12.676916108426056	12.679685772916175	12.728809070958892	12.403202260413918	12.017665782372903	12.459309277902738	12.902544617381691	11.220091312727224	11.144562422738906	11.149641918848612	11.024440061964448	11.028951234961786	11.013894446539636	11.346757800443044	11.220091312727224	14.40415294117957
12.858561060384451	12.846137974393569	12.873924349231432	12.266236836993855	12.132877996772658	12.535946647377678	12.814089512502521	11.045245493909155	12.846137974393569	12.851773789174366	12.875834942911112	12.266254680040047	12.135137742069055	12.54020972663097	12.816629508978465	11.049819517144213	12.873924349231432	12.875834942911112	13.886550434672438	12.178610864627489	12.189890532257005	12.646685608360041	12.848755481993084	10.986372652105771	12.266236836993855	12.266254680040047	12.178610864627489	15.012090067475482	11.445456583512797	12.429426188044705	12.24002481556388	10.83101162647925	12.132877996772658	12.135137742069055	12.189890532257005	11.445456583512797	13.60295277906312	12.160181797219078	12.109979470547728	10.96290773124388	12.535946647377678	12.54020972663097	12.646685608360041	12.429426188044705	12.160181797219078	14.406665372693103	12.4988644749877	11.31045378828181	12.814089512502521	12.816629508978465	12.848755481993084	12.24002481556388	12.109979470547728	12.4988644749877	12.942837028616777	11.096250118575389	11.045245493909155	11.049819517144213	10.986372652105771	10.83101162647925	10.96290773124388	11.31045378828181	11.096250118575389	14.65524010094082
12.134466965638454	12.075078596883978	12.069876697978037	12.080720391641997	12.030212744631926	12.080343634825532	12.07733578560957	11.996665033202593	12.075078596883978	12.176074730810322	12.07392111865807	12.087165656404407	12.036508451679197	12.08847140063725	12.084069841648306	12.003057126422089	12.069876697978037	12.07392111865807	13.808007850547405	12.075158466211871	12.027931545894884	12.092875937425475	12.078242783585202	11.981504228796632	12.080720391641997	12.087165656404407	12.075158466211871	12.095835478437317	12.042027936842375	12.093276559070336	12.089457041244271	12.009530367101918	12.030212744631926	12.036508451679197	12.027931545894884	12.042027936842375	12.191859187769754	12.045022679363727	12.038581632546965	11.961531461251578	12.080343634825532	12.08847140063725	12.092875937425475	12.093276559070336	12.045022679363727	12.28905984709856	12.088971734922719	12.012014002155913	12.07733578560957	12.084069841648306	12.078242783585202	12.089457041244271	12.038581632546965	12.088971734922719	12.163921493801702	12.008131652151034	11.996665033202593	12.003057126422089	11.981504228796632	12.009530367101918	11.961531461251578	12.012014002155913	12.008131652151034	12.20963532832502
12.284471950244049	12.085790734043787	12.087910145004074	12.088367256041176	11.871720640244693	12.081086255593464	12.086130727861885	12.025840037694092	12.085790734043787	12.17741356765784	12.099598557476094	12.133602745819914	11.910879361875038	12.131307131785979	12.131153521159439	12.072485748829699	12.087910145004074	12.099598557476094	14.656388061027723	12.098890168574016	11.90047475188076	12.142178011674847	12.103953499162472	12.027474762753446	12.088367256041176	12.133602745819914	12.098890168574016	12.13930513508181	11.913059885167808	12.13326724141043	12.133830544528788	12.07556395335236	11.871720640244693	11.910879361875038	11.90047475188076	11.913059885167808	12.564924552386774	11.931173268167852	11.910628153115933	11.861356174442312	12.081086255593464	12.131307131785979	12.142178011674847	12.13326724141043	11.931173268167852	12.48499993540837	12.129537359076267	12.075319532540314	12.086130727861885	12.131153521159439	12.103953499162472	12.133830544528788	11.910628153115933	12.129537359076267	12.192214130790733	12.074111101187238	12.025840037694092	12.072485748829699	12.027474762753446	12.07556395335236	11.861356174442312	12.075319532540314	12.074111101187238	12.216882586490591
12.192803134540426	11.918705977156208	12.073145848172059	12.091046125520359	12.041706684122321	12.07522440262172	12.08801433392219	11.976958367403764	11.918705977156208	14.52313975564791	12.081544032771276	11.934543645840128	11.893208618892753	12.070505074109317	11.93984030725766	11.796754912840859	12.073145848172059	12.081544032771276	14.37680703331755	12.080081839547557	12.03641624645821	12.18922433530302	12.083604188751515	11.948772150855518	12.091046125520359	11.934543645840128	12.080081839547557	12.117967326275009	12.065165156033153	12.105003612128916	12.111990165142533	12.002936997474675	12.041706684122321	11.893208618892753	12.03641624645821	12.065165156033153	12.208870542077857	12.067930206263796	12.061972882840388	11.95678454627696	12.07522440262172	12.070505074109317	12.18922433530302	12.105003612128916	12.067930206263796	13.052539083660955	12.099354457480947	12.005772164585741	12.08801433392219	11.93984030725766	12.083604188751515	12.111990165142533	12.061972882840388	12.099354457480947	12.166632774001565	12.001699305754597	11.976958367403764	11.796754912840859	11.948772150855518	12.002936997474675	11.95678454627696	12.005772164585741	12.001699305754597	12.27840690570304
12.171182116037135	11.959653904034703	12.151223707475728	12.165145789782946	12.029256729530486	12.093441658176888	12.16626389291569	11.940848557102585	11.959653904034703	14.971410394369483	12.054376260679136	11.958491817661294	11.860624763645795	12.423661804541183	11.961004803499993	11.690254799145418	12.151223707475728	12.054376260679136	13.147207648239892	12.149902290139954	12.025465799256425	12.25285004803366	12.151728530550066	11.91334739486793	12.165145789782946	11.958491817661294	12.149902290139954	12.175665123267704	12.02841254582844	12.095867948827067	12.165566900860966	11.940526303960011	12.029256729530486	11.860624763645795	12.025465799256425	12.02841254582844	12.40702293701301	12.072898342169934	12.029613729217852	11.827078806404142	12.093441658176888	12.423661804541183	12.25285004803366	12.095867948827067	12.072898342169934	15.193283107474551	12.093579394672684	11.960666711328306	12.16626389291569	11.961004803499993	12.151728530550066	12.165566900860966	12.029613729217852	12.093579394672684	12.175104953217222	11.941988937904409	11.940848557102585	11.690254799145418	11.91334739486793	11.940526303960011	11.827078806404142	11.960666711328306	11.941988937904409	12.477612986303107
12.183265108406284	11.970664130752613	12.16799615606186	12.068023353770021	12.089114749221649	12.051362369053	12.179714894097975	11.92622576005087	11.970664130752613	15.066120175896922	12.079158352170627	11.857264615693614	11.910540377944281	12.625863793559482	11.97207107079239	11.673529941380105	12.16799615606186	12.079158352170627	13.14100229634282	12.03774461317449	12.085758413446536	12.277934015225338	12.167948378088076	11.9018982037854	12.068023353770021	11.857264615693614	12.03774461317449	12.677524128534332	11.97456896616322	12.156214741526343	12.067375566952538	11.832017351227611	12.089114749221649	11.910540377944281	12.085758413446536	11.97456896616322	12.33812055476451	12.071084011798362	12.088578718956404	11.853046270949017	12.051362369053	12.625863793559482	12.277934015225338	12.156214741526343	12.071084011798362	16.58582020579686	12.048665712380826	11.949045051325832	12.179714894097975	11.97207107079239	12.167948378088076	12.067375566952538	12.088578718956404	12.048665712380826	12.194288807368409	11.92693691157446	11.92622576005087	11.673529941380105	11.9018982037854	11.832017351227611	11.853046270949017	11.949045051325832	11.92693691157446	12.527158542967321
12.273495852691337	12.134019565464964	12.255522631687777	12.070673334183423	11.879002258148347	12.054148699312913	12.270143580228451	11.992882221096021	12.134019565464964	13.92396226330073	12.195758608861137	11.92955471717175	11.818349023980883	12.363130807873597	12.134734070533414	11.83305805302245	12.255522631687777	12.195758608861137	13.311473775328407	12.018604272628446	11.902914488590351	12.274277516656408	12.255727789719987	11.966092691369456	12.070673334183423	11.92955471717175	12.018604272628446	13.1808614756243	11.65882723912897	12.217553424226795	12.070335985924581	11.824742992471762	11.879002258148347	11.818349023980883	11.902914488590351	11.65882723912897	12.960022541637784	12.095484669785629	11.878743643090882	11.679645962137254	12.054148699312913	12.363130807873597	12.274277516656408	12.217553424226795	12.095484669785629	16.27276201322828	12.052571405862595	11.946531462030006	12.270143580228451	12.134734070533414	12.255727789719987	12.070335985924581	11.878743643090882	12.052571405862595	12.28112701790206	11.993737126000005	11.992882221096021	11.83305805302245	11.966092691369456	11.824742992471762	11.679645962137254	11.946531462030006	11.993737126000005	12.587861375467075
12.393526768346332	12.259613827482948	12.33961142525272	12.388580076964075	11.423239841493215	12.269746155868267	12.38942019185153	12.096027321806742	12.259613827482948	13.819852255424554	12.32667765790987	12.258059644351318	11.400171184370361	12.292277470561695	12.260446665905869	11.937853199401907	12.33961142525272	12.32667765790987	14.578685248113027	12.336830931336902	11.492794196954573	12.412946153547807	12.340337557002771	12.012886937968393	12.388580076964075	12.258059644351318	12.336830931336902	12.401844122138815	11.42055790146454	12.270198766362602	12.388355122905438	12.095290799149172	11.423239841493215	11.400171184370361	11.492794196954573	11.42055790146454	14.090943366897527	11.697604284665315	11.422767215135703	11.2983930309863	12.269746155868267	12.292277470561695	12.412946153547807	12.270198766362602	11.697604284665315	13.718579971029556	12.268854129598326	12.042654824962966	12.38942019185153	12.260446665905869	12.340337557002771	12.388355122905438	11.422767215135703	12.268854129598326	12.403540903133672	12.097033206810353	12.096027321806742	11.937853199401907	12.012886937968393	12.095290799149172	11.2983930309863	12.042654824962966	12.097033206810353	12.6685232253831
12.24440326775845	12.120764163743416	12.24063924599088	11.953650953890127	12.131117094558572	12.118452586806614	12.24082709644509	11.866181436340085	12.120764163743416	14.044296735890526	12.195637077211277	11.809099819578229	12.028922960492531	12.311395187205404	12.121412089323432	11.697827420797204	12.24063924599088	12.195637077211277	13.339271627162574	11.890281466524781	12.13948292087938	12.274922361358207	12.240619169378824	11.841358018065243	11.953650953890127	11.809099819578229	11.890281466524781	13.50187290275072	11.83102877235433	12.18934363953129	11.95292243041769	11.635428929299213	12.131117094558572	12.028922960492531	12.13948292087938	11.83102877235433	12.43257368985886	12.092659961058201	12.130648568778128	11.785271610090813	12.118452586806614	12.311395187205404	12.274922361358207	12.18934363953129	12.092659961058201	15.017872961343924	12.116752539221247	11.896498752383282	12.24082709644509	12.121412089323432	12.240619169378824	11.95292243041769	12.130648568778128	12.116752539221247	12.253629747121842	11.867331893942728	11.866181436340085	11.697827420797204	11.841358018065243	11.635428929299213	11.785271610090813	11.896498752383282	11.867331893942728	12.72978794037283
12.277512679050918	12.024249103705946	12.268866939837645	11.930251551009093	12.181865050062628	12.03316073211481	12.273833360510277	11.827610658200804	12.024249103705946	15.918853066199887	12.166728697419035	11.673502201559531	11.968792958755987	12.7545492756309	12.025689388215426	11.483924628891	12.268866939837645	12.166728697419035	13.225271841892251	11.87233839800011	12.184968353038279	12.254904584804471	12.268697309801334	11.799653169117196	11.930251551009093	11.673502201559531	11.87233839800011	13.720124032729807	11.831701340411186	12.334826157208822	11.929322273314394	11.574893962235366	12.181865050062628	11.968792958755987	12.184968353038279	11.831701340411186	12.421812218134388	12.05142413767925	12.181318056755792	11.764947742475158	12.03316073211481	12.7545492756309	12.254904584804471	12.334826157208822	12.05142413767925	16.637953561058143	12.031003756496029	11.860706440664826	12.273833360510277	12.025689388215426	12.268697309801334	11.929322273314394	12.181318056755792	12.031003756496029	12.286230997585049	11.828872256776638	11.827610658200804	11.483924628891	11.799653169117196	11.574893962235366	11.764947742475158	11.860706440664826	11.828872256776638	12.85792301621254
12.702547286525954	12.05204236132558	12.673992252353836	12.163041824701732	11.358469676810628	11.676192443647368	12.696998309018552	12.04519720925942	12.05204236132558	17.89233376727264	12.150300474328294	11.609888770799014	11.613498011652021	13.344671582906388	12.053550493267313	11.366986344661022	12.673992252353836	12.150300474328294	13.078282392002134	12.113413576794201	11.404396013822854	11.825870052344722	12.674920880006344	12.01998514489357	12.163041824701732	11.609888770799014	12.113413576794201	14.82845314406719	10.824916136330074	12.449519649617727	12.163133401581979	11.684725895079362	11.358469676810628	11.613498011652021	11.404396013822854	10.824916136330074	14.596439444110118	12.447388702572274	11.359156271985492	11.197834923020277	11.676192443647368	13.344671582906388	11.825870052344722	12.449519649617727	12.447388702572274	18.38365355664894	11.677819665691777	11.666419339010924	12.696998309018552	12.053550493267313	12.674920880006344	12.163133401581979	11.359156271985492	11.677819665691777	12.702096034183631	12.047140747356622	12.04519720925942	11.366986344661022	12.01998514489357	11.684725895079362	11.197834923020277	11.666419339010924	12.047140747356622	13.127085471890982
13.226755510650865	12.109354085580332	13.093591901500563	12.23967199256659	10.68822190961675	11.246287505850809	13.214789516947475	12.12614973322713	12.109354085580332	19.30919983157871	12.481456392912582	11.341956937460218	11.643520710941036	13.724977462956943	12.111819977881806	11.111597062325984	13.093591901500563	12.481456392912582	14.2665939776792	11.992357642465045	10.95387636494499	11.757879188402308	13.095891455623429	12.015976577724675	12.23967199256659	11.341956937460218	11.992357642465045	16.736281427141176	9.806425735453825	12.643234622682655	12.239581135063897	11.575445617810946	10.68822190961675	11.643520710941036	10.95387636494499	9.806425735453825	16.33459677335966	12.945693593881646	10.69034237556805	10.791711619035203	11.246287505850809	13.724977462956943	11.757879188402308	12.643234622682655	12.945693593881646	19.18957316366779	11.251558537655958	11.4151111255829	13.214789516947475	12.111819977881806	13.095891455623429	12.239581135063897	10.69034237556805	11.251558537655958	13.220786745614674	12.130843204162218	12.12614973322713	11.111597062325984	12.015976577724675	11.575445617810946	10.791711619035203	11.4151111255829	12.130843204162218	13.518096937946982
13.274142067522803	12.152177200223267	13.169551877975698	11.631049124707287	10.907447422516675	11.12855429797915	13.237629593594189	12.204830756659648	12.152177200223267	19.410523941859196	12.43238613289075	10.902579109644638	11.735729428981905	13.585912853347107	12.160149687853012	11.201425809137248	13.169551877975698	12.43238613289075	14.016515925433755	11.407331394750251	11.098978108109467	11.480619373996674	13.179479781829876	12.147565561912016	11.631049124707287	10.902579109644638	11.407331394750251	19.19647000270776	9.424053083070302	13.476398937954421	11.626161989733752	11.249845481815443	10.907447422516675	11.735729428981905	11.098978108109467	9.424053083070302	16.1764183972689	12.683090474823633	10.916295393368145	10.918330667323382	11.12855429797915	13.585912853347107	11.480619373996674	13.476398937954421	12.683090474823633	19.31128732524447	11.146167425184423	11.343686909540908	13.237629593594189	12.160149687853012	13.179479781829876	11.626161989733752	10.916295393368145	11.146167425184423	13.251892104533097	12.219896504862094	12.204830756659648	11.201425809137248	12.147565561912016	11.249845481815443	10.918330667323382	11.343686909540908	12.219896504862094	13.488179501581362
13.519806928275223	12.395890997024772	13.231955113282197	9.747993440387411	11.742295584960974	10.767172559311428	13.23146363924075	12.241782220615844	12.395890997024772	18.959779964429742	12.510015614073236	9.48053435792495	12.070659936289136	12.921651599853066	12.497938450311164	11.529456078515924	13.231955113282197	12.510015614073236	13.410268144552465	9.51629470102649	11.871817480812513	10.896296124562262	13.369454577270695	12.390567282535136	9.747993440387411	9.48053435792495	9.51629470102649	27.6051843546463	8.18238265302838	16.17017562801339	9.532408165406313	9.926856829922613	11.742295584960974	12.070659936289136	11.871817480812513	8.18238265302838	15.295241426680443	11.766954499815018	11.864629525230665	11.512971050215134	10.767172559311428	12.921651599853066	10.896296124562262	16.17017562801339	11.766954499815018	19.652623830255376	10.884392177363987	11.182490371167136	13.23146363924075	12.497938450311164	13.369454577270695	9.532408165406313	11.864629525230665	10.884392177363987	13.372156059183341	12.392239567880216	12.241782220615844	11.529456078515924	12.390567282535136	9.926856829922613	11.512971050215134	11.182490371167136	12.392239567880216	13.5307789167925
