133.95089814315241	133.89275890577312	130.228800158446	137.80302351040316	126.68261203913389	127.97778838076319	133.79510594638123	134.36244958238876	135.16724383778157	133.89275890577312	133.88678468757337	130.21616593697632	137.77214284359388	126.65432655286497	127.97286022684342	133.78608134358208	134.32304090875724	135.16357991031975	130.228800158446	130.21616593697632	128.4962560619936	134.3469021373282	123.56555011372383	124.86889258894855	130.10894801605156	131.63451050216145	131.78273589605857	137.80302351040316	137.77214284359388	134.3469021373282	145.19499764094778	132.71520919416852	133.3275077331201	137.65901199827226	137.0239478066287	140.07450958994775	126.68261203913389	126.65432655286497	123.56555011372383	132.71520919416852	126.03189813412713	123.51175637945458	126.52360259620791	127.57445970625957	128.68627639401797	127.97778838076319	127.97286022684342	124.86889258894855	133.3275077331201	123.51175637945458	162.90279425928276	127.9448738701924	138.99738504194434	128.24931796327564	133.79510594638123	133.78608134358208	130.10894801605156	137.65901199827226	126.52360259620791	127.9448738701924	133.94504004853712	134.2677290755066	135.11505766544968	134.36244958238876	134.32304090875724	131.63451050216145	137.0239478066287	127.57445970625957	138.99738504194434	134.2677290755066	143.11011726113225	135.40324234730124	135.16724383778157	135.16357991031975	131.78273589605857	140.07450958994775	128.68627639401797	128.24931796327564	135.11505766544968	135.40324234730124	139.41192805846836
125.77283881328829	125.56967249087081	125.30009511443394	132.87321085532108	122.70531750891007	125.42872715968825	124.3213600949675	125.56614218345375	128.86772165295622	125.56967249087081	125.59533287571487	125.28749530854988	132.7382063691833	122.63991288923746	125.41893732654485	124.29981288936287	125.55281329718544	128.88798586756704	125.30009511443394	125.28749530854988	125.15953799250957	132.51733958522948	122.40445858232124	125.14893185050536	124.02130064005192	125.28443216195822	128.65664463651638	132.87321085532108	132.7382063691833	132.51733958522948	143.20164398624854	131.2234784010493	132.66528597938847	131.61448528566868	132.74450300112014	137.88353162134774	122.70531750891007	122.63991288923746	122.40445858232124	131.2234784010493	123.67780936631186	122.53153888774501	121.22950085437812	122.63848512134706	126.77688091386402	125.42872715968825	125.41893732654485	125.14893185050536	132.66528597938847	122.53153888774501	125.80849065996614	124.16189461753085	125.41574958218682	128.72982006166865	124.3213600949675	124.29981288936287	124.02130064005192	131.61448528566868	121.22950085437812	124.16189461753085	126.14544847059905	124.29485795988836	128.80203322427496	125.56614218345375	125.55281329718544	125.28443216195822	132.74450300112014	122.63848512134706	125.41574958218682	124.29485795988836	125.55277209654182	128.88657317400663	128.86772165295622	128.88798586756704	128.65664463651638	137.88353162134774	126.77688091386402	128.72982006166865	128.80203322427496	128.88657317400663	137.80618295140073
123.82574425338152	123.69098343607985	123.54205282855473	130.78821302968683	121.37552903944231	123.5804851964393	122.5199121833761	123.69398709934649	126.97958099516553	123.69098343607985	123.6888720225433	123.53566295537635	130.71239853152838	121.34438386853579	123.57563409068476	122.50703022996522	123.68726769883348	127.00082152524193	123.54205282855473	123.53566295537635	123.46587384218768	130.5833298217795	121.20880326601655	123.42638432683393	122.3543086859957	123.53865670111422	126.87094506674056	130.78821302968683	130.71239853152838	130.5833298217795	140.6715245880212	129.35365729592544	130.64396245820757	129.65274751951466	130.71455788777132	135.6620183476947	121.37552903944231	121.34438386853579	121.20880326601655	129.35365729592544	121.97015398194198	121.25150720940233	120.05972317442814	121.34720504957555	125.23938900752195	123.5804851964393	123.57563409068476	123.42638432683393	130.64396245820757	121.25150720940233	123.88431854616806	122.39925096967558	123.57869225655654	126.87182469124932	122.5199121833761	122.50703022996522	122.3543086859957	129.65274751951466	120.05972317442814	122.39925096967558	124.12767375818468	122.51010792288906	126.8860353538135	123.69398709934649	123.68726769883348	123.53865670111422	130.71455788777132	121.34720504957555	123.57869225655654	122.51010792288906	123.69658824750648	127.00392423401279	126.97958099516553	127.00082152524193	126.87094506674056	135.6620183476947	125.23938900752195	126.87182469124932	126.8860353538135	127.00392423401279	135.76875218937687
130.89638256187035	130.53152626224175	130.12435035695427	139.7090956485746	128.1990947962941	130.4158464052961	129.2360318476575	130.5335268649178	134.7221835921502	130.53152626224175	130.42872126706175	130.01666492567003	139.40240898842	127.99197707706375	130.31188295381995	129.11144628451237	130.42575651628687	134.6338691498492	130.12435035695427	130.01666492567003	129.84472144244515	139.0807284476623	127.65455237287662	129.90294355093567	128.68951016289614	130.0186888872253	134.2972991082021	139.7090956485746	139.40240898842	139.0807284476623	152.70877253364247	139.05348905344252	139.37005835484433	138.25712791330886	139.40381377208038	145.9757714391672	128.1990947962941	127.99197707706375	127.65455237287662	139.05348905344252	130.3506342490185	127.92281843170632	126.49541044300013	127.99374911949054	133.36694373743245	130.4158464052961	130.31188295381995	129.90294355093567	139.37005835484433	127.92281843170632	130.78131182332078	129.00154960958542	130.31395096917768	134.50819921347264	129.2360318476575	129.11144628451237	128.68951016289614	138.25712791330886	126.49541044300013	129.00154960958542	131.30383173250553	129.11346489248888	134.6447399943939	130.5335268649178	130.42575651628687	130.0186888872253	139.40381377208038	127.99374911949054	130.31395096917768	129.11346489248888	130.43308183074782	134.6359030040822	134.7221835921502	134.6338691498492	134.2972991082021	145.9757714391672	133.36694373743245	134.50819921347264	134.6447399943939	134.6359030040822	144.75885683499914
127.37823074499707	127.01764721245323	126.69324834112179	134.63659272061426	123.70977894552065	126.86864440695845	126.21812746478182	127.02025309827583	128.697029724656	127.01764721245323	126.92500346184777	126.59626182387312	134.3399840629196	123.50729216096964	126.77669893547589	126.11248462637421	126.92320614880182	128.61207345185855	126.69324834112179	126.59626182387312	126.43867797852722	134.0619644453555	123.22645153276632	126.45075793111806	125.78049062580487	126.5988547868184	128.3083010621209	134.63659272061426	134.3399840629196	134.0619644453555	145.3303492926462	132.70814659327172	134.29279667322947	133.46697625825155	134.34142087252883	136.91987293359426	123.70977894552065	123.50729216096964	123.22645153276632	132.70814659327172	124.93065388189973	123.41828678910343	122.54530400531128	123.50949352655596	125.68068710785404	126.86864440695845	126.77669893547589	126.45075793111806	134.29279667322947	123.41828678910343	127.34651601656708	125.97058246971105	126.77939100299886	128.45994275297662	126.21812746478182	126.11248462637421	125.78049062580487	133.46697625825155	122.54530400531128	125.97058246971105	126.74140891859878	126.11509491299148	128.02713497235322	127.02025309827583	126.92320614880182	126.5988547868184	134.34142087252883	123.50949352655596	126.77939100299886	126.11509491299148	126.93211813361387	128.6145977706952	128.697029724656	128.61207345185855	128.3083010621209	136.91987293359426	125.68068710785404	128.45994275297662	128.02713497235322	128.6145977706952	132.54979489699588
138.5543193218307	135.18082951548158	133.46479244498659	144.28215868516511	132.37907516110585	134.6190138407187	132.67182976536995	137.6353958028548	137.43369034370633	135.18082951548158	134.34292730889544	132.52743930074345	141.8441273750603	130.3998113720375	133.80879384657948	131.2016685687345	135.6833554116582	136.62220911518168	133.46479244498659	132.52743930074345	131.81991152362582	140.3657860510316	129.02162437354744	132.0030782449346	129.25338532458562	134.2502309289241	135.0769590061519	144.28215868516511	141.8441273750603	140.3657860510316	155.50125432085494	141.67319004621748	141.50204673588755	138.9296120308996	142.06174339534405	146.52105179012605	132.37907516110585	130.3998113720375	129.02162437354744	141.67319004621748	133.82304829401411	130.0865664347163	126.52780710512926	131.6123439953728	134.02461643547807	134.6190138407187	133.80879384657948	132.0030782449346	141.50204673588755	130.0865664347163	136.67441108503914	130.8235844976515	135.82801365929691	136.02726741643485	132.67182976536995	131.2016685687345	129.25338532458562	138.9296120308996	126.52780710512926	130.8235844976515	138.26390807544726	133.67137351278117	136.84030837549477	137.6353958028548	135.6833554116582	134.2502309289241	142.06174339534405	131.6123439953728	135.82801365929691	133.67137351278117	142.27395490094855	137.94940203977083	137.43369034370633	136.62220911518168	135.0769590061519	146.52105179012605	134.02461643547807	136.02726741643485	136.84030837549477	137.94940203977083	145.24379380687947
139.49287866722526	135.98127049705656	134.2058118339376	145.4903871500057	133.34489559611444	135.33797218003082	133.60323036205799	138.37834029364197	138.77477833181695	135.98127049705656	135.12580930530868	133.23679977268313	142.90262194929068	131.22861726859526	134.5112770123191	132.02161186843955	136.36632948581544	137.89204740090824	134.2058118339376	133.23679977268313	132.52440192815953	141.4210019975137	129.8479624603317	132.6332578468615	130.01977589542938	134.8792469875603	136.3680166922705	145.4903871500057	142.90262194929068	141.4210019975137	157.37074707119706	143.22271025856503	142.50831842939368	140.44239929164465	143.03915123806482	148.84410170499044	133.34489559611444	131.22861726859526	129.8479624603317	143.22271025856503	135.21340999224026	130.87143624855915	127.51072943608281	132.34681719660253	135.80032227415194	135.33797218003082	134.5112770123191	132.6332578468615	142.50831842939368	130.87143624855915	137.72617365662092	131.59041419348858	136.51509157904962	137.2023508168829	133.60323036205799	132.02161186843955	130.01977589542938	140.44239929164465	127.51072943608281	131.59041419348858	140.8464445292566	134.5293965859604	139.52851531836268	138.37834029364197	136.36632948581544	134.8792469875603	143.03915123806482	132.34681719660253	136.51509157904962	134.5293965859604	142.90791907388927	139.15881958399996	138.77477833181695	137.89204740090824	136.3680166922705	148.84410170499044	135.80032227415194	137.2023508168829	139.52851531836268	139.15881958399996	148.9325106168283
127.84977871899021	127.02191508957935	125.46579069589106	131.80139556871117	120.97402712496083	126.27854937508485	126.90486305606534	128.10939967248453	127.41729711034819	127.02191508957935	126.98308074776551	125.41665478272894	131.32672140416312	120.61690696875489	126.29409923428642	126.85753809028985	127.91398700262103	127.40415667081693	125.46579069589106	125.41665478272894	124.59386109233347	129.8818240392397	119.25029435138893	124.7151270078825	125.28745996876619	126.4571412369279	125.8742904738705	131.80139556871117	131.32672140416312	129.8818240392397	138.6346688065977	126.77619952661743	130.88603129059987	131.18518755871406	131.86692979906059	132.0228363115736	120.97402712496083	120.61690696875489	119.25029435138893	126.77619952661743	120.33485879871562	120.1498084319919	120.45585448636763	121.52700865086742	121.24008940030839	126.27854937508485	126.29409923428642	124.7151270078825	130.88603129059987	120.1498084319919	128.73204663120288	126.17448733054731	127.47789509574861	126.69431175414364	126.90486305606534	126.85753809028985	125.28745996876619	131.18518755871406	120.45585448636763	126.17448733054731	126.98117764734995	127.80070301315389	127.29601333167717	128.10939967248453	127.91398700262103	126.4571412369279	131.86692979906059	121.52700865086742	127.47789509574861	127.80070301315389	130.63424611111674	128.33176281358737	127.41729711034819	127.40415667081693	125.8742904738705	132.0228363115736	121.24008940030839	126.69431175414364	127.29601333167717	128.33176281358737	128.69106018070448
138.54788333973244	136.5750071222155	134.12177382520127	144.61737652515805	132.63410641489648	133.45266994111154	134.3268178916483	137.7484225700584	139.26790262041004	136.5750071222155	136.0954323180662	133.55237688931115	143.17462385179635	131.4317345325456	133.03760733853682	133.53481335829338	136.59530491683424	138.8022822037255	134.12177382520127	133.55237688931115	132.55611655516492	141.11043594911052	129.5246937316839	130.58794055364757	130.856968338758	134.60141326014784	136.71863541740933	144.61737652515805	143.17462385179635	141.11043594911052	156.46628364524747	142.46413659184685	141.23671238758507	140.85156977515638	142.38212905539805	148.80118680979183	132.63410641489648	131.4317345325456	129.5246937316839	142.46413659184685	134.55792664336764	129.75214091102302	128.24998452428503	131.85335139496334	135.91312549459272	133.45266994111154	133.03760733853682	130.58794055364757	141.23671238758507	129.75214091102302	149.74177609236395	131.25368713181385	137.70284084258455	135.29380570242358	134.3268178916483	133.53481335829338	130.856968338758	140.85156977515638	128.24998452428503	131.25368713181385	139.88020501016516	135.06467600269028	139.55688575728644	137.7484225700584	136.59530491683424	134.60141326014784	142.38212905539805	131.85335139496334	137.70284084258455	135.06467600269028	143.18973450170253	139.17927777601065	139.26790262041004	138.8022822037255	136.71863541740933	148.80118680979183	135.91312549459272	135.29380570242358	139.55688575728644	139.17927777601065	148.8165707852382
137.7564591416056	136.09010562318375	133.8004436363574	144.0360816572154	132.0587766059133	132.94558765422684	134.32887981413774	137.229679014473	139.29815231398297	136.09010562318375	135.6773476883574	133.31754764634837	142.82549902914346	131.0428920909904	132.59671552566047	133.70484798212587	136.259493289145	138.9257122605101	133.8004436363574	133.31754764634837	132.39620083262258	140.919588688991	129.27609184402036	130.32007024854653	131.2608233102143	134.40299242368897	137.05086683579287	144.0360816572154	142.82549902914346	140.919588688991	156.13976806399222	142.10132621222184	140.84864001073706	141.150877858534	142.05135964161144	149.27284448433105	132.0587766059133	131.0428920909904	129.27609184402036	142.10132621222184	134.1443825232598	129.3470408796736	128.63147034599257	131.50263074103677	136.2882430046222	132.94558765422684	132.59671552566047	130.32007024854653	140.84864001073706	129.3470408796736	149.47513429993174	131.2345419343884	137.34990697362315	135.264466544813	134.32887981413774	133.70484798212587	131.2608233102143	141.150877858534	128.63147034599257	131.2345419343884	139.0524120676714	135.0926469049325	139.9554492451817	137.229679014473	136.259493289145	134.40299242368897	142.05135964161144	131.50263074103677	137.34990697362315	135.0926469049325	142.81228505276118	139.28780968022235	139.29815231398297	138.9257122605101	137.05086683579287	149.27284448433105	136.2882430046222	135.264466544813	139.9554492451817	139.28780968022235	150.05058938137194
130.82310798265777	129.84495606375006	128.46311155895467	135.6601416304153	124.61840284411183	128.45747320031853	129.14080104202188	131.62295491742577	131.8502058709821	129.84495606375006	129.69733231063265	128.29791511927533	135.07381936768962	124.13757928085626	128.37572112583146	128.94978888992756	131.17807860116304	131.80076165680828	128.46311155895467	128.29791511927533	127.64835492413917	133.83485455279572	122.98167389942151	126.97210944386066	127.52519361067267	129.9821665865904	130.5626229068601	135.6601416304153	135.07381936768962	133.83485455279572	144.41930754824716	131.95955243328896	134.19460183002673	134.29588618372648	135.66694749769303	138.66271322099297	124.61840284411183	124.13757928085626	122.98167389942151	131.95955243328896	125.13733990090103	123.30581088648796	123.18513091486254	125.51195862725675	127.25812367095659	128.45747320031853	128.37572112583146	126.97210944386066	134.19460183002673	123.30581088648796	134.3398963951167	127.69054861809299	130.99188898635694	130.26129764996472	129.14080104202188	128.94978888992756	127.52519361067267	134.29588618372648	123.18513091486254	127.69054861809299	130.1932997032137	130.5857177009839	131.6084225993154	131.62295491742577	131.17807860116304	129.9821665865904	135.66694749769303	125.51195862725675	130.99188898635694	130.5857177009839	136.34496871849072	133.19188436879608	131.8502058709821	131.80076165680828	130.5626229068601	138.66271322099297	127.25812367095659	130.26129764996472	131.6084225993154	133.19188436879608	138.16782483308586
127.12555292051564	126.62594165725713	125.90641551021895	132.13986271061228	121.52300270858957	126.13262717425127	125.35780251148189	127.72611124315306	128.91132369473462	126.62594165725713	126.65937800506461	125.93722490521426	131.913505320684	121.37595781162315	126.18558598939794	125.35285782569024	127.65178287473199	129.04981571162907	125.90641551021895	125.93722490521426	125.58683795424805	131.2779061808705	120.77022807569575	125.45966520240538	124.61094245148966	126.98342826422927	128.42525928160694	132.13986271061228	131.913505320684	131.2779061808705	140.4345549050174	128.58359233716095	131.57408175007328	130.6888702906286	132.47408661415105	135.99637149255213	121.52300270858957	121.37595781162315	120.77022807569575	128.58359233716095	122.08136089317377	121.02071142696036	119.78764554203805	122.29543450952465	124.8352067939958	126.13262717425127	126.18558598939794	125.45966520240538	131.57408175007328	121.02071142696036	127.62614825789048	124.89461207175697	127.33567944311409	128.49271080457459	125.35780251148189	125.35285782569024	124.61094245148966	130.6888702906286	119.78764554203805	124.89461207175697	127.6938409038615	126.477227041181	129.10935013011587	127.72611124315306	127.65178287473199	126.98342826422927	132.47408661415105	122.29543450952465	127.33567944311409	126.477227041181	130.38792448447293	130.056132893675	128.91132369473462	129.04981571162907	128.42525928160694	135.99637149255213	124.8352067939958	128.49271080457459	129.10935013011587	130.056132893675	137.20215384579578
135.34452136100003	133.89214429339964	131.8499092279261	141.29366513722326	129.69582368833196	132.94294835876903	132.5009312849742	135.56538589978564	136.96954046048816	133.89214429339964	133.5950305845771	131.50747240212496	140.32103614135764	128.89622501798812	132.68276125385643	132.0572097541707	134.79464279135738	136.78051800522516	131.8499092279261	131.50747240212496	130.65455266277414	138.59242309445122	127.27841992859445	130.60117721026717	129.90888414551935	133.08460264455198	135.10896030901668	141.29366513722326	140.32103614135764	138.59242309445122	152.38445205960926	138.91482342227536	139.71427197231188	139.02674690418084	140.31260492428032	146.39577407633757	129.69582368833196	128.89622501798812	127.27841992859445	138.91482342227536	131.31153142255533	128.34247618291943	127.00994312660072	129.88018094082344	133.90114689008053	132.94294835876903	132.68276125385643	130.60117721026717	139.71427197231188	128.34247618291943	137.23915077940603	131.2598406743391	134.88419559231568	135.67122097133367	132.5009312849742	132.0572097541707	129.90888414551935	139.02674690418084	127.00994312660072	131.2598406743391	136.26222676688374	133.74434056869168	137.67996929975646	135.56538589978564	134.79464279135738	133.08460264455198	140.31260492428032	129.88018094082344	134.88419559231568	133.74434056869168	140.53051687300623	137.86988298837798	136.96954046048816	136.78051800522516	135.10896030901668	146.39577407633757	133.90114689008053	135.67122097133367	137.67996929975646	137.86988298837798	147.5774461135505
128.17393952968152	128.12021578273112	126.65872655835425	131.84236441510842	122.05481784588918	120.5523540113735	126.18774204587052	128.64529167863253	129.83051075358804	128.12021578273112	128.12391777349862	126.65976424579121	131.82423821138298	122.04342843701869	120.59100657973958	126.18374387355982	128.6355123779063	129.84220067871078	126.65872655835425	126.65976424579121	125.95861843663587	130.4781551716395	120.77178063488711	118.9366944579781	124.65304692046728	127.28802871478615	128.54381513092076	131.84236441510842	131.82423821138298	130.4781551716395	138.1094724719201	127.23150031777867	125.94476659581481	129.93260473707178	132.04373698105104	134.73916364788647	122.05481784588918	122.04342843701869	120.77178063488711	127.23150031777867	121.41949545090975	116.05003547849695	119.69537692885089	122.66063255467381	124.4376908010673	120.5523540113735	120.59100657973958	118.9366944579781	125.94476659581481	116.05003547849695	143.26999350481321	119.08052122162263	124.21039372510697	120.81882977747313	126.18774204587052	126.18374387355982	124.65304692046728	129.93260473707178	119.69537692885089	119.08052122162263	129.30296583576472	126.94079101660387	129.62526219459173	128.64529167863253	128.6355123779063	127.28802871478615	132.04373698105104	122.66063255467381	124.21039372510697	126.94079101660387	131.52676525461186	130.33966991660196	129.83051075358804	129.84220067871078	128.54381513092076	134.73916364788647	124.4376908010673	120.81882977747313	129.62526219459173	130.33966991660196	136.89048351587044
134.8582657462602	134.8440204868414	130.3722843350736	137.9670367597407	127.43076256046635	127.7631482423984	132.96142142466675	134.90910177126733	135.81354692702308	134.8440204868414	134.84734886595837	130.3716590172127	137.96262925368205	127.42697001562209	127.76493449235703	132.95963397476189	134.89888253903692	135.81648144535	130.3722843350736	130.3716590172127	128.3411878447194	133.77239297151854	123.65814755899049	123.83270472479202	128.3363839849859	131.64123802820177	131.87505664524298	137.9670367597407	137.96262925368205	133.77239297151854	143.8655046559576	132.2267779221507	131.73075302805597	136.04147653634786	137.10576396914468	140.26488563753884	127.43076256046635	127.42697001562209	123.65814755899049	132.2267779221507	126.15784072746536	122.53668619566211	125.02653097461882	128.08945888385406	129.25618950286574	127.7631482423984	127.76493449235703	123.83270472479202	131.73075302805597	122.53668619566211	162.0749548050678	127.25886615542166	138.88381115936423	127.25934255131538	132.96142142466675	132.95963397476189	128.3363839849859	136.04147653634786	125.02653097461882	127.25886615542166	137.14605655296808	133.93534944630494	136.01133573163477	134.90910177126733	134.89888253903692	131.64123802820177	137.10576396914468	128.08945888385406	138.88381115936423	133.93534944630494	143.50139635800653	136.0315665681699	135.81354692702308	135.81648144535	131.87505664524298	140.26488563753884	129.25618950286574	127.25934255131538	136.01133573163477	136.0315665681699	142.5439389040131
133.3227544275453	133.30657292548207	129.5950339063675	136.41376169477115	125.9891914069093	126.3430219313116	131.57861844696313	133.7852386512297	134.4783508826359	133.30657292548207	133.30979611826115	129.59451114292565	136.40885697111878	125.98497695138295	126.34593244143451	131.57681133525585	133.7745401375609	134.48185610324597	129.5950339063675	129.59451114292565	127.8906045679523	132.93270367486036	122.84932175340913	122.99201808848886	127.74838918756383	131.00344447187328	131.21697479857363	136.41376169477115	136.40885697111878	132.93270367486036	142.20604257844414	130.722287927065	130.33558289575535	134.66283832027267	136.03213851046044	138.88973203365154	125.9891914069093	125.98497695138295	122.84932175340913	130.722287927065	124.78602342991896	121.14380012947446	123.79622205141689	126.99136424112491	128.0044437741773	126.3430219313116	126.34593244143451	122.99201808848886	130.33558289575535	121.14380012947446	159.7723288271037	125.77792107554302	137.08860859140972	125.92722929770753	131.57861844696313	131.57681133525585	127.74838918756383	134.66283832027267	123.79622205141689	125.77792107554302	135.31449044281857	132.82946402098534	134.66252250589267	133.7852386512297	133.7745401375609	131.00344447187328	136.03213851046044	126.99136424112491	137.08860859140972	132.82946402098534	142.10305237895	135.04123681395728	134.4783508826359	134.48185610324597	131.21697479857363	138.88973203365154	128.0044437741773	125.92722929770753	134.66252250589267	135.04123681395728	141.40725813577927
134.25973307018216	133.8841169744211	132.9084592620031	143.3227922051124	130.9020016825855	133.63505490207788	132.59858168361868	133.88596147193252	138.36299301825645	133.8841169744211	133.7739170933173	132.78589721101736	142.9647979365775	130.6269612544408	133.52193515396462	132.46110436868318	133.76590146879897	138.23803383210134	132.9084592620031	132.78589721101736	132.3851554068772	142.25720660917744	129.91308588634232	132.53602333802237	131.44306128170976	132.78778904276734	137.47767689516073	143.3227922051124	142.9647979365775	142.25720660917744	157.54547319977812	143.2616295428922	142.94522570536088	141.87408594542214	142.96883960779726	150.57313745895948	130.9020016825855	130.6269612544408	129.91308588634232	143.2616295428922	134.68225093654377	130.53900712378785	129.05637001911805	130.6296090431058	137.12618170476497	133.63505490207788	133.52193515396462	132.53602333802237	142.94522570536088	130.53900712378785	134.64425691008475	132.223298805326	133.52387938970367	137.98261416872217	132.59858168361868	132.46110436868318	131.44306128170976	141.87408594542214	129.05637001911805	132.223298805326	135.19970256086188	132.46262601973612	138.54767334607914	133.88596147193252	133.76590146879897	132.78778904276734	142.96883960779726	130.6296090431058	133.52387938970367	132.46262601973612	133.77129048298795	138.240695693809	138.36299301825645	138.23803383210134	137.47767689516073	150.57313745895948	137.12618170476497	137.98261416872217	138.54767334607914	138.240695693809	149.51731739019954
122.74045475084696	122.36835864701219	121.21171144784324	127.3548043051912	118.16452824008897	122.36359106740422	121.60670399702003	122.37208325415504	122.64298386352533	122.36835864701219	122.41244683942536	121.24612288979537	127.17156676633314	118.0923521045136	122.39457352902596	121.61938457895155	122.40244886772652	122.68660613743606	121.21171144784324	121.24612288979537	120.62839691322752	126.10379742537752	117.03481698308086	121.24160314803876	120.4410927798323	121.25001339963649	121.54844809642161	127.3548043051912	127.17156676633314	126.10379742537752	134.22363210707402	123.87527099596896	127.17031865085518	126.31597352010373	127.17529435588065	127.62305426596598	118.16452824008897	118.0923521045136	117.03481698308086	123.87527099596896	117.74237523753443	118.08851479588128	117.17280635983168	118.09596053617328	118.46268840001142	122.36359106740422	122.39457352902596	121.24160314803876	127.17031865085518	118.08851479588128	122.3948852325911	121.6149332707685	122.39837139437857	122.68252036655394	121.60670399702003	121.61938457895155	120.4410927798323	126.31597352010373	117.17280635983168	121.6149332707685	122.17303655231038	121.62307336925136	121.96622274312726	122.37208325415504	122.40244886772652	121.25001339963649	127.17529435588065	118.09596053617328	122.39837139437857	121.62307336925136	122.41699123280759	122.69045457149556	122.64298386352533	122.68660613743606	121.54844809642161	127.62305426596598	118.46268840001142	122.68252036655394	121.96622274312726	122.69045457149556	123.5764543205032
117.08861449499705	117.59395432418738	110.98175639424946	116.85115188993214	116.60487202492367	116.78570172258577	112.59257539227917	118.82714754486585	116.01178043927825	117.59395432418738	121.48039445472469	112.36811789460543	117.80364439430505	117.56969523080808	117.74570358424884	113.68456578280143	119.05296366768403	117.16777126829226	110.98175639424946	112.36811789460543	108.90271017794738	111.4692196006501	111.23670976015592	111.40433773480993	106.17315212867761	113.91804649140326	110.82684182178522	116.85115188993214	117.80364439430505	111.4692196006501	117.3612902042096	117.09029856135984	117.27184906776816	112.68263564328917	119.00261183833113	116.57093568303488	116.60487202492367	117.56969523080808	111.23670976015592	117.09029856135984	116.94485724882789	117.0270471225383	112.41848873059824	118.77160584538814	116.32109479883081	116.78570172258577	117.74570358424884	111.40433773480993	117.27184906776816	117.0270471225383	117.21177858100701	112.62359324359262	118.9462822236193	116.5037144641475	112.59257539227917	113.68456578280143	106.17315212867761	112.68263564328917	112.41848873059824	112.62359324359262	118.81693100726609	114.72634756758907	113.38982470948946	118.82714754486585	119.05296366768403	113.91804649140326	119.00261183833113	118.77160584538814	118.9462822236193	114.72634756758907	123.73824525000974	118.43713549204435	116.01178043927825	117.16777126829226	110.82684182178522	116.57093568303488	116.32109479883081	116.5037144641475	113.38982470948946	118.43713549204435	117.69826142524545
131.7789356557078	130.3188677657028	119.14362416203602	132.25051881725616	131.32810660887634	131.35066040063788	123.29152176741064	131.18381517901955	125.11830884537963	130.3188677657028	135.46672066660878	119.5964811582113	130.92938092450368	130.12766423096704	130.14916153017833	124.07052366275369	128.8303374210392	125.96908488796493	119.14362416203602	119.5964811582113	114.59909160271029	120.25140913524875	119.26090874862314	119.2795988456268	111.49948237627498	121.52518686027378	115.75732290921941	132.25051881725616	130.92938092450368	120.25140913524875	133.82482133068487	132.43715288703956	132.4592713582901	124.4085214746018	131.85682401252944	126.94220569385773	131.32810660887634	130.12766423096704	119.26090874862314	132.43715288703956	131.5461519621808	131.557140236231	123.24478217054346	131.04178386309752	125.54381933657291	131.35066040063788	130.14916153017833	119.2795988456268	132.4592713582901	131.557140236231	131.58314686616004	123.27052398645657	131.06337761225566	125.56559461971459	123.29152176741064	124.07052366275369	111.49948237627498	124.4085214746018	123.24478217054346	123.27052398645657	135.33389739561497	124.79378767565295	128.97560153241764	131.18381517901955	128.8303374210392	121.52518686027378	131.85682401252944	131.04178386309752	131.06337761225566	124.79378767565295	136.31197836447632	127.48940835042988	125.11830884537963	125.96908488796493	115.75732290921941	126.94220569385773	125.54381933657291	125.56559461971459	128.97560153241764	127.48940835042988	133.73883069917244
134.69810395499195	132.2383406359797	121.51560919529206	136.16232344987677	134.19098222995714	134.21498957280178	126.2813011533867	133.69508534134198	128.4770771721905	132.2383406359797	139.42832433466148	121.57850663704329	133.47145982712524	131.84305154374906	131.86545864601766	126.8413630327459	129.66808945695425	128.86227177765787	121.51560919529206	121.57850663704329	117.0972116056196	123.67849307669702	121.577153347763	121.59634595143729	114.41333404266715	123.87981006919895	119.20654977381405	136.16232344987677	133.47145982712524	123.67849307669702	139.3670950022368	136.37868899339196	136.40148535510448	128.63580567035126	135.26276436620225	131.8855236759628	134.19098222995714	131.84305154374906	121.577153347763	136.37868899339196	134.46021237853105	134.47146843922712	126.14953700578936	133.52366170114212	128.87895372083477	134.21498957280178	131.86545864601766	121.59634595143729	136.40148535510448	134.47146843922712	134.49899083237824	126.17636572701488	133.54655153433674	128.90098867949354	126.2813011533867	126.8413630327459	114.41333404266715	128.63580567035126	126.14953700578936	126.17636572701488	139.30567475484503	127.52287332468254	133.49040399622808	133.69508534134198	129.66808945695425	123.87981006919895	135.26276436620225	133.52366170114212	133.54655153433674	127.52287332468254	139.46077032334952	130.6932343727891	128.4770771721905	128.86227177765787	119.20654977381405	131.8855236759628	128.87895372083477	128.90098867949354	133.49040399622808	130.6932343727891	139.04816914163302
115.58432749955196	117.31936166792813	110.44162930003428	115.45286698771606	115.1155710930495	115.12740980174462	109.69701027888742	116.26265294779085	113.06278515830384	117.31936166792813	125.61776827100941	113.17929817695489	117.27786128426061	117.00521399469996	117.01677558439029	112.93747415008204	117.4792342046563	116.00062144397079	110.44162930003428	113.17929817695489	108.7762426884575	111.16787845162641	110.83390595678175	110.84498984687731	104.71511482811565	112.14283710185632	109.29997864149902	115.45286698771606	117.27786128426061	111.16787845162641	116.30645468185979	115.8436002377191	115.85550689173945	110.03819534928621	116.81670436918094	114.06249349645383	115.1155710930495	117.00521399469996	110.83390595678175	115.8436002377191	115.52488828768682	115.52949260526006	109.6991004552113	116.50443183093081	113.67375343131202	115.12740980174462	117.01677558439029	110.84498984687731	115.85550689173945	115.52949260526006	115.54542709891938	109.71304593760797	116.51650046832522	113.68571180501355	109.69701027888742	112.93747415008204	104.71511482811565	110.03819534928621	109.6991004552113	109.71304593760797	117.04167313504406	111.01463529098814	112.26207163916744	116.26265294779085	117.4792342046563	112.14283710185632	116.81670436918094	116.50443183093081	116.51650046832522	111.01463529098814	119.24833901677466	114.93104338997541	113.06278515830384	116.00062144397079	109.29997864149902	114.06249349645383	113.67375343131202	113.68571180501355	112.26207163916744	114.93104338997541	117.47724005063026
102.21433773181968	106.19670552249829	101.89199989682048	101.92751539227116	101.57457659024725	101.88864410344146	101.74816136368001	102.54904769956669	101.92103584742797	106.19670552249829	115.21150682672823	106.00733467951365	106.03689852566445	105.7047036722364	106.01356670940204	105.88033872749736	106.42035443811125	106.03748395614294	101.89199989682048	106.00733467951365	102.12466865653323	102.14681216510542	101.79139715479769	102.1099196764889	101.95547196812619	102.73194038277732	102.1432330250904	101.92751539227116	106.03689852566445	102.14681216510542	102.18565762210494	101.82663664804902	102.14519633589659	101.99079827945545	102.7664935574469	102.17848691208052	101.57457659024725	105.7047036722364	101.79139715479769	101.82663664804902	101.67357655319621	101.78978754345867	101.63398408803305	102.41278042028364	101.82302680473666	101.88864410344146	106.01356670940204	102.1099196764889	102.14519633589659	101.78978754345867	102.1984185042269	101.95424638996997	102.73211741393764	102.14151559297254	101.74816136368001	105.88033872749736	101.95547196812619	101.99079827945545	101.63398408803305	101.95424638996997	102.12659723533726	102.57718277199177	101.98845129296679	102.54904769956669	106.42035443811125	102.73194038277732	102.7664935574469	102.41278042028364	102.73211741393764	102.57718277199177	103.90444502090816	102.76356331958405	101.92103584742797	106.03748395614294	102.1432330250904	102.17848691208052	101.82302680473666	102.14151559297254	101.98845129296679	102.76356331958405	102.2190449013834
109.06806113580927	114.43810286175491	106.15411721092312	107.21319189135332	107.18790697153203	107.18528640211372	105.29245367858066	108.95812591938004	107.1895114470943	114.43810286175491	128.5545537897145	111.33963232359666	112.10879015204054	112.08915503023609	112.09433963859901	110.98548714308521	112.79725371805796	112.09563041379836	106.15411721092312	111.33963232359666	106.16556020079271	106.6449143367532	106.62093159349551	106.61964304272345	103.6843241601013	108.09194505956198	106.62781255820406	107.21319189135332	112.10879015204054	106.6449143367532	107.7600933787434	107.72924254794293	107.72819611574803	104.84387785075916	109.12719354207644	107.73574748986684	107.18790697153203	112.08915503023609	106.62093159349551	107.72924254794293	107.71028550638921	107.70409128984639	104.82012603390685	109.10379072154109	107.71162707890434	107.18528640211372	112.09433963859901	106.61964304272345	107.72819611574803	107.70409128984639	107.74575656377515	104.82199285807393	109.10556231916144	107.7105685556012	105.29245367858066	110.98548714308521	103.6843241601013	104.84387785075916	104.82012603390685	104.82199285807393	107.82548692527966	106.37994070596478	104.84054789809588	108.95812591938004	112.79725371805796	108.09194505956198	109.12719354207644	109.10379072154109	109.10556231916144	106.37994070596478	112.32952836097647	109.11080808821754	107.1895114470943	112.09563041379836	106.62781255820406	107.73574748986684	107.71162707890434	107.7105685556012	104.84054789809588	109.11080808821754	107.74969958775075
115.15568834572954	118.34391536000402	109.16739099602907	114.26655297691632	114.18505207524505	114.0840459268846	114.24338954471622	116.16923289610625	114.25645928987494	118.34391536000402	131.2633984681433	113.48357413874793	117.28456150436625	117.21403970248082	117.27673637035697	117.26851594140467	117.53011788896853	117.27899654597212	109.16739099602907	113.48357413874793	106.96254734764652	109.1561383773104	109.07873257089786	108.99051683441589	109.12802730163564	111.33112441786635	109.14875683352368	114.26655297691632	117.28456150436625	109.1561383773104	114.41370774230852	114.32691435601524	114.2403393444868	114.38383156296563	116.03818408108636	114.40106973904123	114.18505207524505	117.21403970248082	109.07873257089786	114.32691435601524	114.28367084623491	114.15777125991023	114.30092221111995	115.95820332157567	114.31818955727087	114.0840459268846	117.27673637035697	108.99051683441589	114.2403393444868	114.15777125991023	115.05738357636622	114.21484713209689	115.98422243979815	114.23142361412542	114.24338954471622	117.26851594140467	109.12802730163564	114.38383156296563	114.30092221111995	114.21484713209689	114.40012797831646	116.01349906788143	114.37515894923825	116.16923289610625	117.53011788896853	111.33112441786635	116.03818408108636	115.95820332157567	115.98422243979815	116.01349906788143	120.71109341182213	116.03075863831536	114.25645928987494	117.27899654597212	109.14875683352368	114.40106973904123	114.31818955727087	114.23142361412542	114.37515894923825	116.03075863831536	114.40298326870874
117.53409738076517	120.34574909415609	110.00255247192126	115.37825353219576	115.34005615487018	115.19391487003719	115.36076325701922	118.14525476404005	115.36343582760584	120.34574909415609	133.27328386053625	113.89103406918233	117.87228208904791	117.84055973818847	117.85068748536519	117.86064450879718	118.5744102938667	117.86251041414856	110.00255247192126	113.89103406918233	107.54263620223084	109.84974342102097	109.81358493948645	109.69919200230055	109.82871702353603	112.65509469547814	109.8397766002626	115.37825353219576	117.87228208904791	109.84974342102097	115.67909073199336	115.63532448810405	115.51402484370881	115.65374357998795	117.59182999423895	115.66265188163177	115.34005615487018	117.84055973818847	109.81358493948645	115.63532448810405	115.61113927415475	115.47551803758401	115.61513598845366	117.55553521995127	115.624043166859	115.19391487003719	117.85068748536519	109.69919200230055	115.51402484370881	115.47551803758401	116.38826926119391	115.49405975082688	117.584857004447	115.50255557642984	115.36076325701922	117.86064450879718	109.82871702353603	115.65374357998795	115.61513598845366	115.49405975082688	115.65547074165842	117.57367701440427	115.64248897112117	118.14525476404005	118.5744102938667	112.65509469547814	117.59182999423895	117.55553521995127	117.584857004447	117.57367701440427	123.66389909865315	117.58187008257325	115.36343582760584	117.86251041414856	109.8397766002626	115.66265188163177	115.624043166859	115.50255557642984	115.64248897112117	117.58187008257325	115.66251304777497
