127.06107097153503	126.72265659189291	115.98715792566011	126.93390321832409	126.9094268993289	122.22785300592248	123.07500875516102	127.11109757745575	126.27073970881975	126.72265659189291	129.9344926818988	116.44351889326245	126.80090087206477	126.77808331687446	122.9638286226098	123.21259303852034	126.04170780971769	126.23909666604162	115.98715792566011	116.44351889326245	112.36396701523091	116.09591395601507	116.07299831664713	112.45076764543126	110.77638009428345	119.53111663473248	115.69218780945057	126.93390321832409	126.80090087206477	116.09591395601507	127.12148565523177	127.09000976825672	122.37168043952474	123.05853724079454	127.00279433032277	126.46234262923313	126.9094268993289	126.77808331687446	116.07299831664713	127.09000976825672	127.0696003077004	122.34817494055976	123.0349801866385	126.98343077060676	126.43732837574666	122.22785300592248	122.9638286226098	112.45076764543126	122.37168043952474	122.34817494055976	145.1743709496495	121.45144882433671	130.58179514992597	121.64297178603077	123.07500875516102	123.21259303852034	110.77638009428345	123.05853724079454	123.0349801866385	121.45144882433671	130.81816709454893	124.06128075767816	123.52291072446847	127.11109757745575	126.04170780971769	119.53111663473248	127.00279433032277	126.98343077060676	130.58179514992597	124.06128075767816	136.1830037129641	126.69224245688315	126.27073970881975	126.23909666604162	115.69218780945057	126.46234262923313	126.43732837574666	121.64297178603077	123.52291072446847	126.69224245688315	127.14448062271039
123.46090006842628	123.41713166438237	114.22217816817265	123.29507840210718	123.2657284998885	118.29994407507189	121.01831592479122	124.35743552798553	123.22487891031254	123.41713166438237	133.69140497837998	115.81230493515528	123.25875634526211	123.23345924219424	121.49341699327238	121.66234422276412	122.01080553820947	123.22411433486076	114.22217816817265	115.81230493515528	111.14833642753933	114.24711430420578	114.22120251965154	110.85053524224816	111.26340945216516	117.82038734112554	114.2215608998545	123.29507840210718	123.25875634526211	114.24711430420578	123.41632250572192	123.38354341414362	118.35177539153612	121.01253752034002	124.26319783921582	123.34507993012667	123.2657284998885	123.23345924219424	114.22120251965154	123.38354341414362	123.36487639069185	118.3265523765674	120.98246725471634	124.23819242206166	123.31561639836883	118.29994407507189	121.49341699327238	110.85053524224816	118.35177539153612	118.3265523765674	148.15436966548577	118.48902580306566	128.92703029749333	118.24729905034793	121.01831592479122	121.66234422276412	111.26340945216516	121.01253752034002	120.98246725471634	118.48902580306566	125.07399254234832	122.46930864736964	121.04693998282046	124.35743552798553	122.01080553820947	117.82038734112554	124.26319783921582	124.23819242206166	128.92703029749333	122.46930864736964	134.80286954343012	124.23187065010679	123.22487891031254	123.22411433486076	114.2215608998545	123.34507993012667	123.31561639836883	118.24729905034793	121.04693998282046	124.23187065010679	123.4810841085707
118.73849915811913	119.83011781649518	111.89377869522124	118.48582234137959	118.46515121446392	117.12841561171186	117.78941024299831	121.40265852309916	118.41212067127233	119.83011781649518	131.23418132867238	114.20744766531257	119.59350721964987	119.57644666664675	119.37793250321752	119.08537766311224	119.42448120583128	119.6021895562232	111.89377869522124	114.20744766531257	109.53158251150613	111.8640587628347	111.84481923320676	110.96467067752809	111.00171170818494	116.32066988933161	111.90985227709771	118.48582234137959	119.59350721964987	111.8640587628347	118.53628044341924	118.51076698431734	117.16505174237534	117.79752315128754	121.2583221596236	118.46973446623267	118.46515121446392	119.57644666664675	111.84481923320676	118.51076698431734	118.49541632711089	117.14510662369919	117.77696093642655	121.24059433206226	118.4488770684185	117.12841561171186	119.37793250321752	110.96467067752809	117.16505174237534	117.14510662369919	128.37888119768283	116.70238914399542	123.25047697771215	117.02731095243264	117.78941024299831	119.08537766311224	111.00171170818494	117.79752315128754	117.77696093642655	116.70238914399542	118.93797721355469	120.60164528942096	117.82616388088663	121.40265852309916	119.42448120583128	116.32066988933161	121.2583221596236	121.24059433206226	123.25047697771215	120.60164528942096	131.54230107486381	121.29475922543791	118.41212067127233	119.6021895562232	111.90985227709771	118.46973446623267	118.4488770684185	117.02731095243264	117.82616388088663	121.29475922543791	119.00104064938814
112.75320503606619	113.71119945168616	109.39290484599502	112.14347878725326	112.11671145952522	111.67140278684006	111.79066069950284	117.40950227039205	112.13022334050649	113.71119945168616	120.52209220458867	110.88760985193417	113.38968840738879	113.3655396454699	113.20863395013708	113.06907860293174	116.42817392499057	113.37928134750871	109.39290484599502	110.88760985193417	108.27762857030655	109.31158990132944	109.28576159962444	108.94188057016686	108.89880121799499	114.94397115080436	109.3000186522087	112.14347878725326	113.38968840738879	109.31158990132944	112.12205690611239	112.08918241257327	111.65479921981375	111.73031891592457	116.95846481625176	112.10331550385571	112.11671145952522	113.3655396454699	109.28576159962444	112.08918241257327	112.0701317072404	111.62857265347377	111.70381054138868	116.93588883250189	112.07676357200859	111.67140278684006	113.20863395013708	108.94188057016686	111.65479921981375	111.62857265347377	117.32134192628463	111.32929037411802	118.19051866420894	111.64150849348935	111.79066069950284	113.06907860293174	108.89880121799499	111.73031891592457	111.70381054138868	111.32929037411802	112.15263897329251	116.62677379435003	111.7187015704844	117.40950227039205	116.42817392499057	114.94397115080436	116.95846481625176	116.93588883250189	118.19051866420894	116.62677379435003	128.2916762966385	116.95027076200593	112.13022334050649	113.37928134750871	109.3000186522087	112.10331550385571	112.07676357200859	111.64150849348935	111.7187015704844	116.95027076200593	112.10041701125729
113.05576150054767	113.21561892442331	109.33478121393603	112.73406376214683	112.71261353103183	112.5318438866812	112.65662584174669	118.00305293462256	112.74378929606455	113.21561892442331	115.67787422061716	109.86337168209036	113.16869913202345	113.1482046669345	113.00925502018764	113.09251752522451	117.4551955826215	113.19470239084716	109.33478121393603	109.86337168209036	108.01246069615988	109.31777645233394	109.29701625683671	109.15927982747714	109.23095669475317	115.30310992995558	109.37059287300201	112.73406376214683	113.16869913202345	109.31777645233394	112.75468784974663	112.72727736528412	112.55071998624776	112.66811411467509	117.72867512931933	112.76893753587873	112.71261353103183	113.1482046669345	109.29701625683671	112.72727736528412	112.71048745745044	112.52949781489929	112.64686845760967	117.71145774802919	112.74748701609597	112.5318438866812	113.00925502018764	109.15927982747714	112.55071998624776	112.52949781489929	114.70249640477135	112.47423897460556	118.21354037331194	112.56030220041673	112.65662584174669	113.09251752522451	109.23095669475317	112.66811411467509	112.64686845760967	112.47423897460556	112.73606928354229	117.65967187241426	112.69260913412202	118.00305293462256	117.4551955826215	115.30310992995558	117.72867512931933	117.71145774802919	118.21354037331194	117.65967187241426	128.50817451869767	117.81243342268075	112.74378929606455	113.19470239084716	109.37059287300201	112.76893753587873	112.74748701609597	112.56030220041673	112.69260913412202	117.81243342268075	113.13141547727433
114.25956413897782	114.38587787773255	110.43661845458999	113.79310671178284	113.77102658307598	113.3705282976708	111.74473213332037	119.00133365949644	113.74360996970267	114.38587787773255	117.50460359701157	111.09793336353941	114.33877315506655	114.31802465834515	114.00843399104471	112.2871947659203	118.24366106277543	114.30950598112341	110.43661845458999	111.09793336353941	109.25621384215597	110.47619141924729	110.45490296631725	110.11664739329812	108.04427824852614	116.24253337169712	110.4612584318827	113.79310671178284	114.33877315506655	110.47619141924729	113.88624533036283	113.85789046258357	113.46004538446893	111.65740112596646	118.61774354972117	113.8410948386601	113.77102658307598	114.31802465834515	110.45490296631725	113.85789046258357	113.84025820531225	113.43835493718329	111.63610088261518	118.60009148995827	113.8191656033789	113.3705282976708	114.00843399104471	110.11664739329812	113.46004538446893	113.43835493718329	117.02572264210927	111.46134401277193	119.36043163908852	113.41106381987005	111.74473213332037	112.2871947659203	108.04427824852614	111.65740112596646	111.63610088261518	111.46134401277193	114.32681334211377	116.7300835453006	111.74238212899252	119.00133365949644	118.24366106277543	116.24253337169712	118.61774354972117	118.60009148995827	119.36043163908852	116.7300835453006	129.55131133432613	118.63733850263272	113.74360996970267	114.30950598112341	110.4612584318827	113.8410948386601	113.8191656033789	113.41106381987005	111.74238212899252	118.63733850263272	114.10881761188519
116.82759738733856	117.06777514745295	111.90793214738342	116.5934729055892	116.53870030974971	115.723089389716	112.45668077044677	120.42738913194842	116.12234412749227	117.06777514745295	120.60607018608374	112.67846700393991	117.12701999233445	117.07668898884768	116.43898292228081	113.15431219617562	119.786273360959	116.75444498927934	111.90793214738342	112.67846700393991	110.36446145513925	112.06230153761247	112.00862557136197	111.26088842597274	107.17122128986453	116.8514115446739	111.72414908039384	116.5934729055892	117.12701999233445	112.06230153761247	116.80377861260467	116.72835943325478	115.91439347761073	112.40128197780187	120.27826379027799	116.33596276377776	116.53870030974971	117.07668898884768	112.00862557136197	116.72835943325478	116.67731027119179	115.86022024209862	112.35113639886235	120.2350707744553	116.27974195237519	115.723089389716	116.43898292228081	111.26088842597274	115.91439347761073	115.86022024209862	120.60083775306323	112.10733779616281	120.91554036665825	115.43028397200374	112.45668077044677	113.15431219617562	107.17122128986453	112.40128197780187	112.35113639886235	112.10733779616281	118.18064598742835	116.56134221785764	113.01119723417817	120.42738913194842	119.786273360959	116.8514115446739	120.27826379027799	120.2350707744553	120.91554036665825	116.56134221785764	129.73469528487578	120.10593934994762	116.12234412749227	116.75444498927934	111.72414908039384	116.33596276377776	116.27974195237519	115.43028397200374	113.01119723417817	120.10593934994762	117.25536924925122
104.96953356887958	105.6432023000829	104.80151063252589	104.9641905723066	104.88672014166104	103.68529835097664	100.70959541022093	107.5788157002606	104.84235640707752	105.6432023000829	107.8879228342934	105.70740597280604	105.86283092222747	105.7894720713777	104.72946729888312	101.65421002285282	108.17347885371778	105.75567069320758	104.80151063252589	105.70740597280604	104.96109141718136	105.07395788047447	104.99769242467528	103.8260120707258	100.68893986550711	107.59862543339777	104.95793093645901	104.9641905723066	105.86283092222747	105.07395788047447	105.26216966046358	105.15898001533702	103.99125272495402	100.85438651741352	107.74418820405212	105.11955527967206	104.88672014166104	105.7894720713777	104.99769242467528	105.15898001533702	105.085735859646	103.91280443616085	100.78260531579946	107.67447043430533	105.04273370601632	103.68529835097664	104.72946729888312	103.8260120707258	103.99125272495402	103.91280443616085	106.55866814011921	99.88556696358673	106.97590865920829	103.86198135103649	100.70959541022093	101.65421002285282	100.68893986550711	100.85438651741352	100.78260531579946	99.88556696358673	103.81845211187644	103.61375440117422	100.88317046732828	107.5788157002606	108.17347885371778	107.59862543339777	107.74418820405212	107.67447043430533	106.97590865920829	103.61375440117422	112.48276471840256	107.65087904914317	104.84235640707752	105.75567069320758	104.95793093645901	105.11955527967206	105.04273370601632	103.86198135103649	100.88317046732828	107.65087904914317	105.22963259240585
117.77734564457887	118.2811403089274	111.1844662631004	117.38453760881282	117.34437710197719	116.97997032996744	117.09538058946704	121.01519914919676	117.35060686170057	118.2811403089274	124.16993517037662	112.46175734057095	118.13530185997716	118.10004879677417	117.90129486398422	117.87074088114326	119.89109970788479	118.10718372673388	111.1844662631004	112.46175734057095	108.80871163904294	111.18332429067716	111.14511276958022	110.88792721455633	110.81537598916977	116.11023054591872	111.1535981816337	117.38453760881282	118.13530185997716	111.18332429067716	117.49236520336245	117.43816207379652	117.08033615599187	117.16564076915415	120.73367054832094	117.44501650532803	117.34437710197719	118.10004879677417	111.14511276958022	117.43816207379652	117.40260356394724	117.04076727695038	117.12643716038234	120.7018525049632	117.40552843352881	116.97997032996744	117.90129486398422	110.88792721455633	117.08033615599187	117.04076727695038	120.07168611023928	116.796643686396	121.27273349979964	117.04690278181984	117.09538058946704	117.87074088114326	110.81537598916977	117.16564076915415	117.12643716038234	116.796643686396	117.56755594328185	120.45073644260151	117.13414331503546	121.01519914919676	119.89109970788479	116.11023054591872	120.73367054832094	120.7018525049632	121.27273349979964	120.45073644260151	130.34141209955186	120.7105552090021	117.35060686170057	118.10718372673388	111.1535981816337	117.44501650532803	117.40552843352881	117.04690278181984	117.13414331503546	120.7105552090021	117.42611407441407
117.82293911988586	119.28444564469227	111.25890442869897	117.12778194511236	117.08233516798187	116.60250174997371	116.85714015629368	120.55979812682237	117.08839609203214	119.28444564469227	130.840767843251	113.85000598694492	118.62331853869753	118.5882837364021	118.55826213436038	118.42169666630167	118.91905602718518	118.59536690345729	111.25890442869897	113.85000598694492	108.97341511670339	111.16413570827356	111.12137704951633	110.79041698102677	110.8119835838491	115.57632434575176	111.12963127682485	117.12778194511236	118.62331853869753	111.16413570827356	117.22986297116398	117.16806436127494	116.69114980591684	116.9042482372391	120.18231583052777	117.1750119486459	117.08233516798187	118.5882837364021	111.12137704951633	117.16806436127494	117.12747550564231	116.64664383218283	116.86013695428781	120.14488049781356	117.13054669853912	116.60250174997371	118.55826213436038	110.79041698102677	116.69114980591684	116.64664383218283	120.7907686780058	116.42190830264933	120.82492211572924	116.65268693969958	116.85714015629368	118.42169666630167	110.8119835838491	116.9042482372391	116.86013695428781	116.42190830264933	117.2891212002007	119.90151913389114	116.86782052403235	120.55979812682237	118.91905602718518	115.57632434575176	120.18231583052777	120.14488049781356	120.82492211572924	119.90151913389114	129.805986087668	120.15305876987587	117.08839609203214	118.59536690345729	111.12963127682485	117.1750119486459	117.13054669853912	116.65268693969958	116.86782052403235	120.15305876987587	117.14993158194157
109.57898173349508	112.86669959240405	107.71459905305119	109.47056991976731	109.44684118599048	105.14840587760828	108.81810534868755	111.62880289089995	109.4606139643119	112.86669959240405	125.8087123471167	111.39548635290322	112.75487250586137	112.73647007423634	112.7352401964148	112.29752045840502	113.44917321120411	112.75285984683727	107.71459905305119	111.39548635290322	106.98497402485224	107.71882102839028	107.69541716981814	103.50127224563381	107.0312222765137	110.06525199968982	107.71124842815598	109.47056991976731	112.75487250586137	107.71882102839028	109.48793164963253	109.45677558245688	105.1957607619236	108.81749917793424	111.60539579844203	109.47100843573202	109.44684118599048	112.73647007423634	107.69541716981814	109.45677558245688	109.43739827092506	105.1710655390084	108.79405608740709	111.58348629064152	109.44731769597895	105.14840587760828	112.7352401964148	103.50127224563381	105.1957607619236	105.1710655390084	129.15969056117356	104.96513485527647	111.37752266489167	105.16583793452858	108.81810534868755	112.29752045840502	107.0312222765137	108.81749917793424	108.79405608740709	104.96513485527647	109.3869467180188	111.01216837120543	108.81274737931955	111.62880289089995	113.44917321120411	110.06525199968982	111.60539579844203	111.58348629064152	111.37752266489167	111.01216837120543	117.74926595155708	111.59842054659978	109.4606139643119	112.75285984683727	107.71124842815598	109.47100843573202	109.44731769597895	105.16583793452858	108.81274737931955	111.59842054659978	109.50509730016357
110.97137544702292	113.65895593694718	108.54293915617207	110.48895848748528	110.4608085422695	106.92946991975138	110.40265405131693	113.94808233133426	110.47414176542364	113.65895593694718	126.45087027308534	111.6718331365047	113.20608617033477	113.18345457757118	113.81552454467202	113.1461209633415	114.45633261860951	113.1959960410438	108.54293915617207	111.6718331365047	107.68744954706379	108.45726475331571	108.42981195560293	105.28904193882875	108.36402407305904	112.1736727319494	108.44361284187093	110.48895848748528	113.20608617033477	108.45726475331571	110.4396582713728	110.40402574442994	106.95830952448004	110.34142565915539	113.7089439642962	110.41778959503664	110.4608085422695	113.18345457757118	108.42981195560293	110.40402574442994	110.38293604834499	106.93132354617485	110.31348324428495	113.68417200361644	110.38981945290337	106.92946991975138	113.81552454467202	105.28904193882875	106.95830952448004	106.93132354617485	141.57641010051177	106.9363529193303	118.33703093636949	106.93768459902283	110.40265405131693	113.1461209633415	108.36402407305904	110.34142565915539	110.31348324428495	106.9363529193303	110.39817673363703	113.63788373077995	110.32736296266934	113.94808233133426	114.45633261860951	112.1736727319494	113.7089439642962	113.68417200361644	118.33703093636949	113.63788373077995	123.89365482148068	113.69691499811256	110.47414176542364	113.1959960410438	108.44361284187093	110.41778959503664	110.38981945290337	106.93768459902283	110.32736296266934	113.69691499811256	110.41233213524016
111.07846625173711	112.27252873447361	109.5103953825462	110.74180888227116	110.7136128432215	105.50199035329105	107.2821381830267	114.40721755861775	110.71216146496819	112.27252873447361	119.24582861697095	111.02314831141905	112.12031213028052	112.09578199335954	109.37890299170645	109.1541821036848	114.44575655649882	112.10206524102365	109.5103953825462	111.02314831141905	109.09556318488625	109.57730332344006	109.54961434807956	104.50834848156038	105.841215006183	113.30099189617187	109.55256679743407	110.74180888227116	112.12031213028052	109.57730332344006	110.8290857364842	110.79146324905572	105.64363638401336	107.1761202507867	114.2453705896744	110.79228669065287	110.7136128432215	112.09578199335954	109.54961434807956	110.79146324905572	110.76715522566585	105.61481021201907	107.1497770024344	114.22160144834305	110.76437736495251	105.50199035329105	109.37890299170645	104.50834848156038	105.64363638401336	105.61481021201907	138.36700757089613	104.93311176123748	117.84861990218975	105.584161044873	107.2821381830267	109.1541821036848	105.841215006183	107.1761202507867	107.1497770024344	104.93311176123748	110.26576960528963	111.52590703194986	107.20372078029918	114.40721755861775	114.44575655649882	113.30099189617187	114.2453705896744	114.22160144834305	117.84861990218975	111.52590703194986	124.54987817727346	114.22866769321806	110.71216146496819	112.10206524102365	109.55256679743407	110.79228669065287	110.76437736495251	105.584161044873	107.20372078029918	114.22866769321806	110.86474229561084
107.07887134436106	107.4242229696612	105.35454253970194	106.70364345082092	106.66943762480992	105.27063409991405	106.47801462486701	110.56969126153334	106.68039059515289	107.4242229696612	109.74110193975358	106.18147854156811	107.48762944568962	107.45526599238933	106.31276950047715	107.26072370969408	110.75759924925686	107.46663991149391	105.35454253970194	106.18147854156811	104.87730693150507	105.50497387656189	105.47160277957794	104.1545427120677	105.25976861567476	109.31626467721023	105.48313534003702	106.70364345082092	107.48762944568962	105.50497387656189	106.86984201363914	106.82651818172675	105.51869526542038	106.62172193620891	110.44932215705923	106.83798046900706	106.66943762480992	107.45526599238933	105.47160277957794	106.82651818172675	106.79890885986016	105.48440162858522	106.58831551470888	110.41950399525696	106.804513702325	105.27063409991405	106.31276950047715	104.1545427120677	105.51869526542038	105.48440162858522	111.38317243634606	105.3093257687735	110.40168143501732	105.49460143603115	106.47801462486701	107.26072370969408	105.25976861567476	106.62172193620891	106.58831551470888	105.3093257687735	106.77699717780857	110.23682897267403	106.60009200998141	110.56969126153334	110.75759924925686	109.31626467721023	110.44932215705923	110.41950399525696	110.40168143501732	110.23682897267403	117.66038019121268	110.4310340160615	106.68039059515289	107.46663991149391	105.48313534003702	106.83798046900706	106.804513702325	105.49460143603115	106.60009200998141	110.4310340160615	106.8242020409313
107.90256277831753	108.1436661614488	107.02675376424132	108.04653810551818	107.75859649933601	106.965209298594	101.7484586035074	110.57213328859302	106.94711715047423	108.1436661614488	109.62087223557795	107.72289115690315	108.71088238232052	108.43680795888099	107.71793327705556	102.36564862138995	110.92627442580776	107.73657567272976	107.02675376424132	107.72289115690315	107.05031303299788	107.65557870260784	107.37422199903357	106.60373164213428	101.04101543363757	110.07814762016592	106.64719282536302	108.04653810551818	108.71088238232052	107.65557870260784	108.77046602577633	108.38287976901098	107.62727626420529	102.1319667064584	110.97164499207241	107.66211409965372	107.75859649933601	108.43680795888099	107.37422199903357	108.38287976901098	108.10539312494136	107.34221947075466	101.85825227911884	110.71790653380182	107.35841060222364	106.965209298594	107.71793327705556	106.60373164213428	107.62727626420529	107.34221947075466	109.23755673175057	101.29702228298315	110.31581396721964	106.53390464384287	101.7484586035074	102.36564862138995	101.04101543363757	102.1319667064584	101.85825227911884	101.29702228298315	106.99136130314815	105.02625650646236	103.14140926832717	110.57213328859302	110.92627442580776	110.07814762016592	110.97164499207241	110.71790653380182	110.31581396721964	105.02625650646236	115.85499880255853	110.19036845124748	106.94711715047423	107.73657567272976	106.64719282536302	107.66211409965372	107.35841060222364	106.53390464384287	103.14140926832717	110.19036845124748	109.1096511411032
110.43409932902657	111.10163844704796	107.18356164059938	109.36280386417427	109.27872552446206	108.86347098680473	109.17553021773433	113.9265202781954	109.28655827138448	111.10163844704796	116.14850207343748	108.7447464715942	110.77054260723952	110.69768236882899	110.45560424998739	110.59222203077854	113.81518036262922	110.70618327889753	107.18356164059938	108.7447464715942	106.33031520759762	107.30974365930206	107.23086139387374	106.874512468013	107.09802815474174	111.60124079208052	107.2398207256173	109.36280386417427	110.77054260723952	107.30974365930206	109.56974712605071	109.45896135832442	109.0959881966488	109.33294182136281	113.38187091010215	109.46781656790208	109.27872552446206	110.69768236882899	107.23086139387374	109.45896135832442	109.38448162303962	109.01625334224443	109.25413887176897	113.31321766823461	109.38881996699149	108.86347098680473	110.45560424998739	106.874512468013	109.0959881966488	109.01625334224443	111.42859070477002	108.89824130834201	113.5039183768696	109.02472430443815	109.17553021773433	110.59222203077854	107.09802815474174	109.33294182136281	109.25413887176897	108.89824130834201	109.39566612609765	113.20653936128615	109.26316212141201	113.9265202781954	113.81518036262922	111.60124079208052	113.38187091010215	113.31321766823461	113.5039183768696	113.20653936128615	121.83576586140939	113.32203464894442	109.28655827138448	110.70618327889753	107.2398207256173	109.46781656790208	109.38881996699149	109.02472430443815	109.26316212141201	113.32203464894442	109.4047560121133
121.85005072992301	122.13958414925936	114.29868041188669	119.71205386949788	119.29040070863105	119.05782297404026	113.0703071818197	123.46207838649181	114.9088705920294	122.13958414925936	133.9348683282678	115.7819425646994	119.93080002146847	119.59582292901307	119.58834458281243	116.6970148064806	120.5616099417088	117.85675048617082	114.29868041188669	115.7819425646994	112.58935308832118	114.81943321547244	114.41121812870483	114.167292672427	107.10914134235895	118.56615071208651	111.85843809770111	119.71205386949788	119.93080002146847	114.81943321547244	120.86652110587204	120.26780053871708	119.96187965564268	112.3369762133578	122.65135890073293	116.64591292115644	119.29040070863105	119.59582292901307	114.41121812870483	120.26780053871708	119.87347987529681	119.56631607152407	111.84741391665806	122.29506631712019	116.07657008173246	119.05782297404026	119.58834458281243	114.167292672427	119.96187965564268	119.56631607152407	121.54154829769143	111.8355279265001	122.62619375606225	115.71603390186135	113.0703071818197	116.6970148064806	107.10914134235895	112.3369762133578	111.84741391665806	111.8355279265001	125.3330815445448	117.2463058037676	119.32206214595728	123.46207838649181	120.5616099417088	118.56615071208651	122.65135890073293	122.29506631712019	122.62619375606225	117.2463058037676	132.8644404326709	120.49726595273	114.9088705920294	117.85675048617082	111.85843809770111	116.64591292115644	116.07657008173246	115.71603390186135	119.32206214595728	120.49726595273	125.63088524783551
130.29253936150695	128.45696467293823	118.08830709570185	129.94910811414462	129.23180048517048	128.91026398734297	121.3114714410987	130.02931392240802	122.9539638460839	128.45696467293823	138.10808296875567	118.63402678756847	127.99999858198731	127.4239829900574	127.30629729794781	122.86916155264109	125.57497916894634	124.16345981553869	118.08830709570185	118.63402678756847	114.4159976316819	118.98665201706582	118.25456731785387	118.01229236124865	110.72030217361923	121.60982977329914	115.15970363583288	129.94910811414462	127.99999858198731	118.98665201706582	131.73262713576744	130.67155801159862	130.30181992920188	121.85998951799712	130.17476732135742	124.95884838052473	129.23180048517048	127.4239829900574	118.25456731785387	130.67155801159862	129.98444835355883	129.61470686424448	120.99403515332881	129.56301891951617	123.9250329768328	128.91026398734297	127.30629729794781	118.01229236124865	130.30181992920188	129.61470686424448	131.3598095478882	120.89853232399854	129.83651191542384	123.54099985477173	121.3114714410987	122.86916155264109	110.72030217361923	121.85998951799712	120.99403515332881	120.89853232399854	133.6677719245066	123.74992270059727	127.24524885150717	130.02931392240802	125.57497916894634	121.60982977329914	130.17476732135742	129.56301891951617	129.83651191542384	123.74992270059727	138.29837041787428	126.62674955997045	122.9539638460839	124.16345981553869	115.15970363583288	124.95884838052473	123.9250329768328	123.54099985477173	127.24524885150717	126.62674955997045	132.54112943923514
132.07950919243282	130.95964762710835	119.84194947564112	132.8872862530149	131.4980534672182	131.33776177768414	123.98898323334947	131.31655106950086	126.10144792914798	130.95964762710835	133.92228670172153	119.98187338376849	132.1958596529846	130.92537231741244	130.7966767961784	124.2593495027453	129.52178781152602	126.61807679667986	119.84194947564112	119.98187338376849	115.87118003926574	121.39019048601052	119.91755157121956	119.78961869989213	112.73297948688798	122.97850321825017	117.39225059448232	132.8872862530149	132.1958596529846	121.39019048601052	135.16117473751717	133.0712540038957	132.90589577855974	125.62204863867022	132.0613445164273	128.62206191173902	131.4980534672182	130.92537231741244	119.91755157121956	133.0712540038957	131.7233932469947	131.55643836490955	123.89254790951951	130.90686678470053	126.54938399148273	131.33776177768414	130.7966767961784	119.78961869989213	132.90589577855974	131.55643836490955	132.43681509465083	123.82622814746345	131.05142670915612	126.35431794788875	123.98898323334947	124.2593495027453	112.73297948688798	125.62204863867022	123.89254790951951	123.82622814746345	136.28906223308917	126.03816255557925	130.29733575943436	131.31655106950086	129.52178781152602	122.97850321825017	132.0613445164273	130.90686678470053	131.05142670915612	126.03816255557925	138.20894942834363	129.01872599016826	126.10144792914798	126.61807679667986	117.39225059448232	128.62206191173902	126.54938399148273	126.35431794788875	130.29733575943436	129.01872599016826	135.55194385483773
110.90767637623554	110.95230856780783	107.96209815723094	111.31652936154184	110.89515087170888	110.5676558388904	104.4326517418922	112.13872154220829	108.18481579564725	110.95230856780783	111.16242446262987	108.04611408165611	111.3855925546589	110.96638557830886	110.64303425595565	104.53695702370348	112.19247569880238	108.30002581758478	107.96209815723094	108.04611408165611	106.51828588693174	108.41237278020945	107.97848849424983	107.62511411476427	101.28420793009403	109.41614324428903	105.44760585498375	111.31652936154184	111.3855925546589	108.41237278020945	111.9185245407019	111.33049929994769	111.00732692345136	104.91954733183599	112.54774514872015	108.7671969463953	110.89515087170888	110.96638557830886	107.97848849424983	111.33049929994769	110.91256613773884	110.58314237947144	104.4435329033879	112.14758363733893	108.21412046848118	110.5676558388904	110.64303425595565	107.62511411476427	111.00732692345136	110.58314237947144	111.3311522008806	104.12382106636485	111.90034063473387	107.76798636450744	104.4326517418922	104.53695702370348	101.28420793009403	104.91954733183599	104.4435329033879	104.12382106636485	110.64803755173998	106.11060471788086	107.3905810568454	112.13872154220829	112.19247569880238	109.41614324428903	112.54774514872015	112.14758363733893	111.90034063473387	106.11060471788086	114.7808146497065	109.90433119204437	108.18481579564725	108.30002581758478	105.44760585498375	108.7671969463953	108.21412046848118	107.76798636450744	107.3905810568454	109.90433119204437	113.26880167704833
104.13028290275373	104.60328535461412	103.86111485536736	103.97480232879172	103.9487292221701	103.51035375205592	103.64374855176497	108.10671187558945	104.01988229720395	104.60328535461412	106.47768899908783	104.54748044048281	104.65798619142069	104.63248990568091	104.24900068501921	104.3292261778069	108.3883526701048	104.71929246685573	103.86111485536736	104.54748044048281	103.89212858524452	103.9493253917737	103.92335841423402	103.497764495648	103.60889660141007	107.97275586643396	104.00601097012732	103.97480232879172	104.65798619142069	103.9493253917737	104.06667934081038	104.03703841880038	103.6119525734216	103.7233283082785	108.06889997259896	104.11894256424829	103.9487292221701	104.63248990568091	103.92335841423402	104.03703841880038	104.02107203718842	103.58598093116595	103.69727306837143	108.04481037528468	104.09282340662405	103.51035375205592	104.24900068501921	103.497764495648	103.6119525734216	103.58598093116595	105.31974240689658	103.28510895970338	107.99561473322548	103.65210462643334	103.64374855176497	104.3292261778069	103.60889660141007	103.7233283082785	103.69727306837143	103.28510895970338	103.97331681701205	107.7567977891554	103.8006718165467	108.10671187558945	108.3883526701048	107.97275586643396	108.06889997259896	108.04481037528468	107.99561473322548	107.7567977891554	115.1938079708905	108.16298220716514	104.01988229720395	104.71929246685573	104.00601097012732	104.11894256424829	104.09282340662405	103.65210462643334	103.8006718165467	108.16298220716514	104.59953192638413
106.81161596620953	107.7031365715451	106.51665003917905	106.73112266154307	106.70965554950664	105.99778844001821	101.67097664716981	110.24491160510651	106.43517005207748	107.7031365715451	110.85092082446738	107.58346934583993	107.7870830324082	107.76657137372081	107.17165695008313	102.91882879964638	110.75881919421519	107.55327910587413	106.51665003917905	107.58346934583993	106.5600213845565	106.6581691189399	106.63683949725235	105.9348953997991	101.45768568256032	110.09777346267528	106.37802635365198	106.73112266154307	107.7870830324082	106.6581691189399	106.87687998584099	106.85114252021447	106.15112929095238	101.69457506184631	110.28107499784393	106.59009768116702	106.70965554950664	107.76657137372081	106.63683949725235	106.85114252021447	106.83614791746936	106.12968822425103	101.6728409185131	110.26141000616457	106.56828460894657	105.99778844001821	107.17165695008313	105.9348953997991	106.15112929095238	106.12968822425103	108.19176492137862	101.21826616816662	110.01135407856222	105.84037294881965	101.67097664716981	102.91882879964638	101.45768568256032	101.69457506184631	101.6728409185131	101.21826616816662	105.96188755951249	105.50960126675743	102.23397918614657	110.24491160510651	110.75881919421519	110.09777346267528	110.28107499784393	110.26141000616457	110.01135407856222	105.50960126675743	116.69174509214832	110.1135359582992	106.43517005207748	107.55327910587413	106.37802635365198	106.59009768116702	106.56828460894657	105.84037294881965	102.23397918614657	110.1135359582992	107.38783838972124
105.53463402418288	106.24854000161032	105.11986819742444	105.42147170780513	104.82459275578722	103.40894790335788	105.22504942798008	108.93544234788152	105.42983922130907	106.24854000161032	108.77503996150456	105.98203558134286	106.27222335461396	105.6843474692672	104.56332937863289	106.0814016169494	109.37208997871032	106.28405735129617	105.11986819742444	105.98203558134286	105.03039267321283	105.17545886145236	104.57941097022092	103.1993092353969	104.97413906067185	108.65549321190252	105.18609269058793	105.42147170780513	106.27222335461396	105.17545886145236	105.48003993438354	104.8793643362256	103.50590038934013	105.277364789417	108.91488296521963	105.48741625686993	104.82459275578722	105.6843474692672	104.57941097022092	104.8793643362256	104.62436206648894	102.93018148177214	104.67685400782864	108.34088165093377	104.88957637474307	103.40894790335788	104.56332937863289	103.1993092353969	103.50590038934013	102.93018148177214	110.71435531185439	103.33940172436462	108.46457401424227	103.5002287909814	105.22504942798008	106.0814016169494	104.97413906067185	105.277364789417	104.67685400782864	103.33940172436462	105.42150557299415	108.73214738788768	105.29022071349756	108.93544234788152	109.37208997871032	108.65549321190252	108.91488296521963	108.34088165093377	108.46457401424227	108.73214738788768	115.52002432339167	108.93199052676621	105.42983922130907	106.28405735129617	105.18609269058793	105.48741625686993	104.88957637474307	103.5002287909814	105.29022071349756	108.93199052676621	105.59254656736081
107.56569641490194	107.99480324912945	107.38530890814238	107.44917026379356	106.22100532625183	100.00214064369383	106.39925638539503	109.9760892239344	107.44489170941344	107.99480324912945	109.95472965062342	107.95749529378824	108.0193147225378	106.80842827581439	101.46296384625687	107.00002849421455	110.30893291507246	108.01575700210593	107.38530890814238	107.95749529378824	107.39997313567387	107.43387445245796	106.20480102413822	100.11942892720225	106.36695679447001	109.91125041690252	107.42994227640806	107.44917026379356	108.0193147225378	107.43387445245796	107.50102199453558	106.26812241302738	100.18906474387832	106.43204101266912	109.9671307837987	107.4937612057104	106.22100532625183	106.80842827581439	106.20480102413822	106.26812241302738	105.74144869058048	99.10209976743221	105.17904658719002	108.79861324144161	106.26393309364532	100.00214064369383	101.46296384625687	100.11942892720225	100.18906474387832	99.10209976743221	123.44335393356539	99.67989891963035	107.56654167752171	100.17408877914475	106.39925638539503	107.00002849421455	106.36695679447001	106.43204101266912	105.17904658719002	99.67989891963035	107.09044036902189	109.04447846946668	106.43071229626837	109.9760892239344	110.30893291507246	109.91125041690252	109.9671307837987	108.79861324144161	107.56654167752171	109.04447846946668	115.99444399566008	109.96411100336952	107.44489170941344	108.01575700210593	107.42994227640806	107.4937612057104	106.26393309364532	100.17408877914475	106.43071229626837	109.96411100336952	107.5075689995375
108.36505593068581	108.95727638344647	108.15726102416431	108.21818903839804	107.18989639538296	101.84470743282698	106.68827723689733	111.56605395807448	108.21590951869716	108.95727638344647	111.79043641735188	108.89704620519205	108.95523838891148	107.94773412170866	103.72845964574329	107.49796754071191	111.85823730986692	108.95422296082481	108.15726102416431	108.89704620519205	108.1628920802268	108.1936174353947	107.16410524097746	101.93258247764801	106.63367019067641	111.46718137094345	108.19190074213347	108.21818903839804	108.95523838891148	108.1936174353947	108.25763746090796	107.22455003714761	101.99503683167276	106.69634511927478	111.51750239920698	108.25284157994415	107.18989639538296	107.94773412170866	107.16410524097746	107.22455003714761	106.79556284501125	101.11726785547246	105.63782189499422	110.55745455605688	107.22262120798685	101.84470743282698	103.72845964574329	101.93258247764801	101.99503683167276	101.11726785547246	129.99120016250183	101.43202895615624	112.12270942235978	101.97656582329647	106.68827723689733	107.49796754071191	106.63367019067641	106.69634511927478	105.63782189499422	101.43202895615624	107.75815047281789	110.25642263489797	106.70149226947935	111.56605395807448	111.85823730986692	111.46718137094345	111.51750239920698	110.55745455605688	112.12270942235978	110.25642263489797	119.7149951545388	111.5172660942585	108.21590951869716	108.95422296082481	108.19190074213347	108.25284157994415	107.22262120798685	101.97656582329647	106.70149226947935	111.5172660942585	108.2826831516253
113.1762914744431	113.80610000741275	110.34936862494337	113.09427894085486	113.05086988100899	109.52032580944612	110.17648374415035	116.99558416560758	112.99137052304006	113.80610000741275	118.13806045392582	111.22921130293867	113.79294847921265	113.75129873705181	111.27830747704246	111.14821190546157	116.67731101579639	113.74723091247044	110.34936862494337	111.22921130293867	109.34713515324492	110.36596388273935	110.32421678388609	107.06700807827282	107.23779565725403	114.97717562632145	110.33366578660325	113.09427894085486	113.79294847921265	110.36596388273935	113.11991270878741	113.07355680937383	109.55056050668688	110.16176902351349	116.94101364787943	113.02103751639254	113.05086988100899	113.75129873705181	110.32421678388609	113.07355680937383	113.05136797000773	109.51219439124444	110.11639131720382	116.90265410092645	112.97734883446337	109.52032580944612	111.27830747704246	107.06700807827282	109.55056050668688	109.51219439124444	136.09332626366822	108.5265144455631	121.39449884810901	109.18088385796507	110.17648374415035	111.14821190546157	107.23779565725403	110.16176902351349	110.11639131720382	108.5265144455631	113.319079619033	114.74410817250843	110.60150315353617	116.99558416560758	116.67731101579639	114.97717562632145	116.94101364787943	116.90265410092645	121.39449884810901	114.74410817250843	128.11914042836838	116.98414510270347	112.99137052304006	113.74723091247044	110.33366578660325	113.02103751639254	112.97734883446337	109.18088385796507	110.60150315353617	116.98414510270347	114.04572064566507
