13.781547949584528	12.129731212576564	12.193576414291291	11.425107784313514	11.938881128664544	12.12820274741819	11.745338409248777	11.369042552272452	12.129731212576564	12.85440206106478	12.865880159703842	10.449372642344063	12.641031728957879	12.84995257260372	12.184853096273244	12.120223206633188	12.193576414291291	12.865880159703842	13.465032302413945	10.238526276335843	12.667563209674487	12.864738971488736	12.31241567704675	12.123457806570789	11.425107784313514	10.449372642344063	10.238526276335843	21.07643913693159	9.956085750227679	10.456559279135439	10.649871952411713	10.170056233999208	11.938881128664544	12.641031728957879	12.667563209674487	9.956085750227679	13.324939423543913	12.640301183061919	12.00428284847428	11.991812653503333	12.12820274741819	12.84995257260372	12.864738971488736	10.456559279135439	12.640301183061919	12.859191452633334	12.181044983636426	12.119903289477211	11.745338409248777	12.184853096273244	12.31241567704675	10.649871952411713	12.00428284847428	12.181044983636426	16.454173197174637	12.374129744008712	11.369042552272452	12.120223206633188	12.123457806570789	10.170056233999208	11.991812653503333	12.119903289477211	12.374129744008712	13.465528133757669
14.341800371583249	11.539969234573167	11.971889811057537	11.563806032104967	11.462945492700346	11.539389001962322	11.569327625135015	11.490232200817855	11.539969234573167	12.347476941770264	12.234791713501911	11.760688439989526	12.216071112842108	12.340057405474704	12.272987192641965	12.302940841776707	11.971889811057537	12.234791713501911	15.052888657206186	11.409615170591845	12.135100084371727	12.235023076108343	12.306389995608873	12.188781051880696	11.563806032104967	11.760688439989526	11.409615170591845	14.289407838156658	11.600717164319224	11.76229667939473	11.72376354310595	11.72962310524469	11.462945492700346	12.216071112842108	12.135100084371727	11.600717164319224	12.56855978321792	12.21677246048495	12.151392564622387	12.182403941720619	11.539389001962322	12.340057405474704	12.235023076108343	11.76229667939473	12.21677246048495	12.344500223102642	12.27301059176669	12.303647867475286	11.569327625135015	12.272987192641965	12.306389995608873	11.72376354310595	12.151392564622387	12.27301059176669	13.161508608638352	12.247419536343706	11.490232200817855	12.302940841776707	12.188781051880696	11.72962310524469	12.182403941720619	12.303647867475286	12.247419536343706	12.39467829078836
15.043049177586985	11.419018662701596	11.953720639045441	11.568933388747773	11.231024199067264	11.417878571581982	11.452480879237482	11.269256978485373	11.419018662701596	12.46154158278775	12.311653963206345	11.925505986678335	12.10067821967184	12.457321967968912	12.392875878562226	12.352601546196196	11.953720639045441	12.311653963206345	14.99170118203613	11.591087656242012	12.023249039999286	12.312102045519815	12.357575170482693	12.181706054167206	11.568933388747773	11.925505986678335	11.591087656242012	14.154862391311271	11.486106614644587	11.926823871436616	11.88640123247071	11.831134388226172	11.231024199067264	12.10067821967184	12.023249039999286	11.486106614644587	13.057910023395547	12.101396133152818	12.043122277645276	12.017806247803717	11.417878571581982	12.457321967968912	12.312102045519815	11.926823871436616	12.101396133152818	12.463353038549576	12.392829029831539	12.353125965216622	11.452480879237482	12.392875878562226	12.357575170482693	11.88640123247071	12.043122277645276	12.392829029831539	13.10294013577982	12.313904251933007	11.269256978485373	12.352601546196196	12.181706054167206	11.831134388226172	12.017806247803717	12.353125965216622	12.313904251933007	12.607875843625445
16.494161541698805	10.910375349999887	11.864282821737918	11.451843424489525	10.816384011248555	10.90531566988665	10.987844428668243	10.907613655986257	10.910375349999887	12.584114047927493	12.31307831411853	11.788895668150154	12.26160099405558	12.577281356413948	12.516379552523523	12.57578113931431	11.864282821737918	12.31307831411853	15.522148884704247	11.311475767567387	12.08429754249569	12.314971677130742	12.372724319119042	12.311217816821529	11.451843424489525	11.788895668150154	11.311475767567387	14.641203926547368	11.394983640859856	11.793390554045903	11.762355814327218	11.788829024376065	10.816384011248555	12.26160099405558	12.08429754249569	11.394983640859856	13.077599919364093	12.263716835429612	12.206819019567098	12.261233796324886	10.90531566988665	12.577281356413948	12.314971677130742	11.793390554045903	12.263716835429612	12.597842299632807	12.516459498618323	12.57686780979151	10.987844428668243	12.516379552523523	12.372724319119042	11.762355814327218	12.206819019567098	12.516459498618323	13.103676969685576	12.51591288476736	10.907613655986257	12.57578113931431	12.311217816821529	11.788829024376065	12.261233796324886	12.57686780979151	12.51591288476736	12.579933296711182
13.799255083091374	11.698809167009012	11.725836051641101	11.608893758778995	11.618279106794331	11.698005405826875	11.694598328635324	11.647627259360794	11.698809167009012	12.356128673355645	12.348115161723728	11.489726460721053	12.244342927104455	12.352179706805945	12.271339608018593	12.309797643560604	11.725836051641101	12.348115161723728	12.57619267342205	11.453132237189172	12.242165099822492	12.348270849490529	12.280867026366987	12.30513737088227	11.608893758778995	11.489726460721053	11.453132237189172	15.375753486246552	11.329781092780639	11.492080504810858	11.483480614762783	11.456233183404168	11.618279106794331	12.244342927104455	12.242165099822492	11.329781092780639	12.57417907042496	12.244626422296767	12.16422283575791	12.205018624007973	11.698005405826875	12.352179706805945	12.348270849490529	11.492080504810858	12.244626422296767	12.359446897172205	12.270738995342963	12.309990996275035	11.694598328635324	12.271339608018593	12.280867026366987	11.483480614762783	12.16422283575791	12.270738995342963	13.411582237027135	12.245535499457574	11.647627259360794	12.309797643560604	12.30513737088227	11.456233183404168	12.205018624007973	12.309990996275035	12.245535499457574	12.408765767592053
14.273728243243678	11.570073168536663	11.798292835462231	11.605711438104768	11.489967058736255	11.568929954924807	11.601148974682841	11.485609785691098	11.570073168536663	12.380411867893852	12.324132673399141	11.635142700221657	12.255111062836066	12.37693466311265	12.235930366489184	12.310248393058854	11.798292835462231	12.324132673399141	13.845356286600724	11.416929124309831	12.215799797078963	12.324536841014604	12.334001603961365	12.25089610486629	11.605711438104768	11.635142700221657	11.416929124309831	14.82963856103678	11.468143957638548	11.637305320485549	11.585367438443864	11.580378566579308	11.489967058736255	12.255111062836066	12.215799797078963	11.468143957638548	12.607903674014786	12.25555437530195	12.11750404105221	12.193638079116544	11.568929954924807	12.37693466311265	12.324536841014604	11.637305320485549	12.25555437530195	12.385271154610203	12.23494337176921	12.310588016183889	11.601148974682841	12.235930366489184	12.334001603961365	11.585367438443864	12.11750404105221	12.23494337176921	14.050896044971555	12.21017945116839	11.485609785691098	12.310248393058854	12.25089610486629	11.580378566579308	12.193638079116544	12.310588016183889	12.21017945116839	12.466784612640744
14.132258990232435	11.863914864789235	12.104387770415867	11.75423193802154	11.61962855305694	11.861689586311414	11.75501792694914	11.29823981307545	11.863914864789235	12.570822320696559	12.529913529155145	11.617384247608765	12.24440274066098	12.567313231150273	12.264653349075875	12.086639665252163	12.104387770415867	12.529913529155145	14.389579905149905	11.297249269005206	12.246276291281715	12.529940978487575	12.46526513945827	12.007308871769498	11.75423193802154	11.617384247608765	11.297249269005206	15.872470930111918	11.139342711768936	11.621410544459014	11.48778780286488	11.245994761111705	11.61962855305694	12.24440274066098	12.246276291281715	11.139342711768936	13.13660204096245	12.244916219880828	11.970855667075812	11.849156718497065	11.861689586311414	12.567313231150273	12.529940978487575	11.621410544459014	12.244916219880828	12.581818847824714	12.261830273801113	12.087073704559039	11.75501792694914	12.264653349075875	12.46526513945827	11.48778780286488	11.970855667075812	12.261830273801113	14.785037713364169	12.172862829759962	11.29823981307545	12.086639665252163	12.007308871769498	11.245994761111705	11.849156718497065	12.087073704559039	12.172862829759962	13.115720003876962
13.864846273271086	11.689485906343938	11.989477304908434	11.50219626361452	11.577984833900612	11.682100426794781	11.697535602651758	11.68628203829401	11.689485906343938	12.471443477393764	12.468348538890837	10.97841388023607	12.320857805309505	12.464060528650133	12.430238524187526	12.465248724608841	11.989477304908434	12.468348538890837	15.002917788324563	10.352335382160259	12.354808478440606	12.468541483636216	12.49448678482788	12.465054086064834	11.50219626361452	10.97841388023607	10.352335382160259	17.900817258404288	10.692014993272958	11.004414969491783	10.982276761167103	10.977396544176269	11.577984833900612	12.320857805309505	12.354808478440606	10.692014993272958	12.815941693132322	12.319247383750492	12.283987649668205	12.318661138215237	11.682100426794781	12.464060528650133	12.468541483636216	11.004414969491783	12.319247383750492	12.522161381626315	12.424912025830112	12.461673083402498	11.697535602651758	12.430238524187526	12.49448678482788	10.982276761167103	12.283987649668205	12.424912025830112	12.925558408684024	12.42815452733926	11.68628203829401	12.465248724608841	12.465054086064834	10.977396544176269	12.318661138215237	12.461673083402498	12.42815452733926	12.471494280066509
14.75010616369563	11.407181794589025	12.162940978863242	11.739919789895062	11.185608677177408	11.397923118904737	11.459482554863344	11.404519162861456	11.407181794589025	12.735655600855644	12.703779253346513	10.515982900221356	12.397335068688802	12.72506069658342	12.659158872314862	12.729514613956324	12.162940978863242	12.703779253346513	17.563118426452434	9.013888111713689	12.540896200327492	12.703803058709575	12.81844733546427	12.700566631866268	11.739919789895062	10.515982900221356	9.013888111713689	20.468089918214858	9.736167965481597	10.551282341182482	10.522764414225541	10.515970225648767	11.185608677177408	12.397335068688802	12.540896200327492	9.736167965481597	13.571133891171147	12.395968803140715	12.330544914956407	12.395949999186946	11.397923118904737	12.72506069658342	12.703803058709575	10.551282341182482	12.395968803140715	12.786712537732338	12.650345824809147	12.723434385120957	11.459482554863344	12.659158872314862	12.81844733546427	10.522764414225541	12.330544914956407	12.650345824809147	13.39775403853653	12.65775720526232	11.404519162861456	12.729514613956324	12.700566631866268	10.515970225648767	12.395949999186946	12.723434385120957	12.65775720526232	12.734100879824542
15.57348378762023	11.148621676560332	12.451280726832302	11.815131026705714	10.899952916731934	11.138808662352304	11.233799930453323	11.145483038185636	11.148621676560332	12.796500426488086	12.56555134579597	10.880842740000153	12.284469658391615	12.787490742364506	12.716616464898491	12.790527456505117	12.451280726832302	12.56555134579597	19.114931666050456	9.147076180779145	12.383032676849778	12.570283453350145	12.73755654245873	12.561770236335464	11.815131026705714	10.880842740000153	9.147076180779145	19.196949364068193	9.87400334136548	10.906532793637068	10.863161086839874	10.880558510978712	10.899952916731934	12.284469658391615	12.383032676849778	9.87400334136548	13.88940064199744	12.28664844792235	12.221112895298322	12.283253082707795	11.138808662352304	12.787490742364506	12.570283453350145	10.906532793637068	12.28664844792235	12.847573558874405	12.709653637728634	12.785936583291495	11.233799930453323	12.716616464898491	12.73755654245873	10.863161086839874	12.221112895298322	12.709653637728634	13.386177189061153	12.71525421961742	11.145483038185636	12.790527456505117	12.561770236335464	10.880558510978712	12.283253082707795	12.785936583291495	12.71525421961742	12.795399858820344
15.448452020899058	11.225927207317625	12.280001510981595	11.420942732338045	11.12888212227994	11.223432580515167	11.267479993429749	11.221568960761935	11.225927207317625	12.436609255673126	12.144866405392253	11.876015580121916	12.200462734035527	12.43244665747507	12.39542619332836	12.429790385835657	12.280001510981595	12.144866405392253	16.86985987079254	11.274562361760152	11.996198079613315	12.146688142937984	12.222648695529871	12.140669704928913	11.420942732338045	11.876015580121916	11.274562361760152	14.137966758662328	11.589713312310977	11.878501906500214	11.85167111950345	11.874332146099068	11.12888212227994	12.200462734035527	11.996198079613315	11.589713312310977	12.818741878288888	12.20158305056006	12.166746075151478	12.198618085506721	11.223432580515167	12.43244665747507	12.146688142937984	11.878501906500214	12.20158305056006	12.446186875252511	12.395541708233974	12.43033666949839	11.267479993429749	12.39542619332836	12.222648695529871	11.85167111950345	12.166746075151478	12.395541708233974	12.799836324368876	12.393542508970253	11.221568960761935	12.429790385835657	12.140669704928913	11.874332146099068	12.198618085506721	12.43033666949839	12.393542508970253	12.436985218509102
15.161592099295838	11.304769420862414	11.913570525805424	11.428298373069355	11.237787070622737	11.298267430965101	11.314184154262314	11.302635377738655	11.304769420862414	12.355931794326219	12.180931670794756	11.967710326720026	12.207067357722073	12.350130258999654	12.338753972211792	12.348162108022033	11.913570525805424	12.180931670794756	15.054086732316978	11.663282421178138	12.068380490564909	12.185308786236456	12.19325313835133	12.179259846318313	11.428298373069355	11.967710326720026	11.663282421178138	13.503948662867053	11.803455162079374	11.972771228540182	11.961040043676654	11.96737196718332	11.237787070622737	12.207067357722073	12.068380490564909	11.803455162079374	12.587092522058555	12.20949458314735	12.19739801188466	12.206533135278837	11.298267430965101	12.350130258999654	12.185308786236456	11.972771228540182	12.20949458314735	12.387630516022334	12.339790642675455	12.34955191739653	11.314184154262314	12.338753972211792	12.19325313835133	11.961040043676654	12.19739801188466	12.339790642675455	12.473713176187537	12.338177239375701	11.302635377738655	12.348162108022033	12.179259846318313	11.96737196718332	12.206533135278837	12.34955191739653	12.338177239375701	12.352065618788295
14.001254620770533	11.610960652938473	11.73962111836856	11.599680605356568	11.552501776148597	11.608570543855906	11.615182303974834	11.60504315699539	11.610960652938473	12.260666401707468	12.222374061817021	11.888547034275692	12.170155267506079	12.257547396427478	12.237382647781475	12.252765652541829	11.73962111836856	12.222374061817021	13.189299150545672	11.79547834541939	12.140812780212826	12.223454689709211	12.21947624191019	12.217547321946451	11.599680605356568	11.888547034275692	11.79547834541939	13.522475982784274	11.784903635977535	11.891352108465174	11.876931845289857	11.88470383127669	11.552501776148597	12.170155267506079	12.140812780212826	11.784903635977535	12.41837078325435	12.17099729568375	12.150690143111573	12.166088070120969	11.608570543855906	12.257547396427478	12.223454689709211	11.891352108465174	12.17099729568375	12.277402815946507	12.23742478820292	12.253253387633265	11.615182303974834	12.237382647781475	12.21947624191019	11.876931845289857	12.150690143111573	12.23742478820292	12.554319254652421	12.233524359072577	11.60504315699539	12.252765652541829	12.217547321946451	11.88470383127669	12.166088070120969	12.253253387633265	12.233524359072577	12.264486477064553
13.856093230898013	11.66427298299257	11.79941885455036	11.595571501895058	11.574656548102435	11.658009075266975	11.667841800887865	11.66263096734314	11.66427298299257	12.329226579995803	12.298550923319851	11.591489501688091	12.198567984051344	12.322645487506726	12.298959688749079	12.322124360646013	11.79941885455036	12.298550923319851	13.416841478162286	11.428588043594457	12.183884094163771	12.299970899616822	12.296302553201501	12.297264362659714	11.595571501895058	11.591489501688091	11.428588043594457	14.925335950526943	11.415461317344906	11.60392844085078	11.585665281288266	11.591098031216687	11.574656548102435	12.198567984051344	12.183884094163771	11.415461317344906	12.575845664014512	12.199616540851382	12.174674727885666	12.197701660632424	11.658009075266975	12.322645487506726	12.299970899616822	11.60392844085078	12.199616540851382	12.375331956928889	12.297276560517926	12.32171388635939	11.667841800887865	12.298959688749079	12.296302553201501	11.585665281288266	12.174674727885666	12.297276560517926	12.66956205605301	12.298073494066259	11.66263096734314	12.322124360646013	12.297264362659714	11.591098031216687	12.197701660632424	12.32171388635939	12.298073494066259	12.325888537358964
14.340979181377277	13.091964372009953	13.240399834699296	11.508629503703176	12.590887049572464	13.005432171755299	12.176275374575088	10.108817871477381	13.091964372009953	13.598174312749661	13.68082406969511	10.713847697549543	13.080517197967254	13.513643369298476	12.56868948894237	10.74425475201786	13.240399834699296	13.68082406969511	14.875503016070997	10.273966565253517	13.198864470200144	13.600789705859079	12.75628014688477	10.688177908642759	11.508629503703176	10.713847697549543	10.273966565253517	22.2754313059463	9.742536490498045	10.919967413663628	10.567887379828843	9.638118048278349	12.590887049572464	13.080517197967254	13.198864470200144	9.742536490498045	14.19404765918431	13.028051495952946	12.20727833637239	10.796736970169276	13.005432171755299	13.513643369298476	13.600789705859079	10.919967413663628	13.028051495952946	13.757221655446514	12.474991205511065	10.779221008870481	12.176275374575088	12.56868948894237	12.75628014688477	10.567887379828843	12.20727833637239	12.474991205511065	15.186152255889251	12.042024420590213	10.108817871477381	10.74425475201786	10.688177908642759	9.638118048278349	10.796736970169276	10.779221008870481	12.042024420590213	15.962316541544984
14.35968356372192	11.46959455176647	11.569099077942171	11.723747241487148	11.423507779484142	11.43337842856875	11.495312669309754	11.46775625527894	11.46959455176647	12.669194756437903	12.670437153899675	10.273057572809641	12.605028112593827	12.63924623167877	12.578542653501655	12.662623313802536	11.569099077942171	12.670437153899675	13.35930431163215	10.058870567592363	12.615952408220085	12.649024142008416	12.61653202734547	12.669042459002386	11.723747241487148	10.273057572809641	10.058870567592363	20.37332488495192	10.136842482756999	10.436636106521567	10.34133436244007	10.273253033842531	11.423507779484142	12.605028112593827	12.615952408220085	10.136842482756999	12.819063935224822	12.583695973567265	12.519187966201068	12.603886089655095	11.43337842856875	12.63924623167877	12.649024142008416	10.436636106521567	12.583695973567265	12.884947030103922	12.540456461693168	12.638079443223315	11.495312669309754	12.578542653501655	12.61653202734547	10.34133436244007	12.519187966201068	12.540456461693168	13.488762966700678	12.577547748791986	11.46775625527894	12.662623313802536	12.669042459002386	10.273253033842531	12.603886089655095	12.638079443223315	12.577547748791986	12.666341428584442
23.656577873657827	9.92793711604742	15.100875433649474	15.483166748176195	9.653934917299383	9.636212092659385	10.472306530782255	5.286333145301931	9.92793711604742	16.02036341324979	14.717246100750298	8.18301666750522	15.389903912741332	15.79585628466495	11.956940641872883	11.699907110032111	15.100875433649474	14.717246100750298	25.61617714846946	5.930632584661032	14.525551259862462	14.487245059526987	14.308320358001104	9.7722700745074	15.483166748176195	8.18301666750522	5.930632584661032	27.530779633445214	7.308912469891424	8.793517517162536	8.592604657768518	7.355732274384488	9.653934917299383	15.389903912741332	14.525551259862462	7.308912469891424	16.229543435059252	15.238194274581502	11.845054649405903	11.766428728612036	9.636212092659385	15.79585628466495	14.487245059526987	8.793517517162536	15.238194274581502	16.483529377075314	11.671444414365224	11.817729009702278	10.472306530782255	11.956940641872883	14.308320358001104	8.592604657768518	11.845054649405903	11.671444414365224	18.946042082613108	14.0279969070034	5.286333145301931	11.699907110032111	9.7722700745074	7.355732274384488	11.766428728612036	11.817729009702278	14.0279969070034	19.02856768969002
23.74186442411082	9.847961130636502	14.986414657857527	15.799422258318259	9.316385967970122	9.542902110095337	10.520360207958658	5.368617885833711	9.847961130636502	16.311499045048574	14.76953521568852	8.33967231083299	15.037963957623068	16.04371807595144	12.073535466691094	11.893341177549617	14.986414657857527	14.76953521568852	25.664066424649583	5.79054637769325	14.417274154988222	14.519037245263164	14.422831221051013	9.983236795609733	15.799422258318259	8.33967231083299	5.79054637769325	28.604803378164554	6.530478409095791	8.955106870517412	8.577753975291825	7.233487055876174	9.316385967970122	15.037963957623068	14.417274154988222	6.530478409095791	16.79961290970155	14.921842109999115	11.833590574912243	11.98071083936861	9.542902110095337	16.04371807595144	14.519037245263164	8.955106870517412	14.921842109999115	16.735008189948523	11.760938366240506	12.001264871116225	10.520360207958658	12.073535466691094	14.422831221051013	8.577753975291825	11.833590574912243	11.760938366240506	18.98955740448849	13.979630243958374	5.368617885833711	11.893341177549617	9.983236795609733	7.233487055876174	11.98071083936861	12.001264871116225	13.979630243958374	18.81472330556978
17.20511097703089	13.903315405397533	14.881122304905896	12.398989836675348	12.09513945413362	13.048443287782817	11.299565926130999	8.082243391576625	13.903315405397533	15.516315145453111	15.481670877561646	10.336293058534691	13.49567106720084	14.672706480292337	11.882608955942683	9.679193976815702	14.881122304905896	15.481670877561646	22.11787302570356	7.481480714552134	14.176783381950386	14.70664395735679	13.473475066218759	9.48536885855765	12.398989836675348	10.336293058534691	7.481480714552134	27.181037655947772	7.484988609376165	11.729886717105103	9.237038733630765	8.834174413520678	12.09513945413362	13.49567106720084	14.176783381950386	7.484988609376165	16.384289292909944	13.273754540263331	11.361468833926928	10.412660004402207	13.048443287782817	14.672706480292337	14.70664395735679	11.729886717105103	13.273754540263331	16.197804560926496	11.1153146394578	10.064000570137319	11.299565926130999	11.882608955942683	13.473475066218759	9.237038733630765	11.361468833926928	11.1153146394578	18.632918338469842	13.645318099597993	8.082243391576625	9.679193976815702	9.48536885855765	8.834174413520678	10.412660004402207	10.064000570137319	13.645318099597993	18.074246646638652
13.730744887062999	13.699587286266533	13.724353129064768	10.97889820058176	12.567588488340657	13.222247132369258	12.92991060350652	10.546975135993994	13.699587286266533	13.715040853181396	13.736801470197866	10.9565532063751	12.580096107984227	13.2354560121787	12.940919881731087	10.563032081177406	13.724353129064768	13.736801470197866	14.017521517233671	10.838813536349532	12.620583166030531	13.262149948800591	12.981265242171931	10.55320184460002	10.97889820058176	10.9565532063751	10.838813536349532	23.4433302962845	9.015214062828235	11.929705583711236	10.778988851285307	9.918575559802065	12.567588488340657	12.580096107984227	12.620583166030531	9.015214062828235	14.926258316265647	12.40158580730712	12.037188480446689	10.706515923976134	13.222247132369258	13.2354560121787	13.262149948800591	11.929705583711236	12.40158580730712	14.331139810888175	12.443936584102003	10.741958052951924	12.92991060350652	12.940919881731087	12.981265242171931	10.778988851285307	12.037188480446689	12.443936584102003	14.770070481163987	11.55109265844449	10.546975135993994	10.563032081177406	10.55320184460002	9.918575559802065	10.706515923976134	10.741958052951924	11.55109265844449	15.721237407308159
13.056643034961757	12.18783767144503	12.194510379024615	11.561567955689021	11.973182167669485	12.187557493511614	12.070646202585994	11.685385301192445	12.18783767144503	12.479675448718327	12.47514011701099	11.402791868302877	12.239120041100497	12.473260896877287	12.320205461608275	12.003451982257614	12.194510379024615	12.47514011701099	12.570911840711565	11.383564147146958	12.24237043843973	12.47514510590207	12.327720793837562	12.002843721206018	11.561567955689021	11.402791868302877	11.383564147146958	16.779448699009166	11.00560028068632	11.405160702901561	11.375964408359494	11.072606047471035	11.973182167669485	12.239120041100497	12.24237043843973	11.00560028068632	12.945585631377666	12.239278852065127	12.094374423854738	11.834706258479331	12.187557493511614	12.473260896877287	12.47514510590207	11.405160702901561	12.239278852065127	12.477615721763497	12.319439718249555	12.003922013541722	12.070646202585994	12.320205461608275	12.327720793837562	11.375964408359494	12.094374423854738	12.319439718249555	13.69069741266169	12.06491937602481	11.685385301192445	12.003451982257614	12.002843721206018	11.072606047471035	11.834706258479331	12.003922013541722	12.06491937602481	12.997108085297308
12.450480674216108	12.21952190474678	12.228412779441786	11.947288668156016	11.995183574115456	12.219408121700795	12.179077476900725	11.839996159149969	12.21952190474678	12.283930080293256	12.280867096969923	11.972457910856633	12.04858382445693	12.27961854595028	12.236297607957365	11.909133179752642	12.228412779441786	12.280867096969923	12.762895734362806	11.93617779346928	12.05442416521797	12.280937046662304	12.248939960378378	11.898729547993819	11.947288668156016	11.972457910856633	11.93617779346928	13.654362127922562	11.690480080561453	11.973432668495315	11.940943878198432	11.639082394475873	11.995183574115456	12.04858382445693	12.05442416521797	11.690480080561453	12.702510644510298	12.048902905988907	12.008139029438807	11.73093837323876	12.219408121700795	12.27961854595028	12.280937046662304	11.973432668495315	12.048902905988907	12.28593496546047	12.236014495629863	11.90957916903644	12.179077476900725	12.236297607957365	12.248939960378378	11.940943878198432	12.008139029438807	12.236014495629863	12.732151573262186	11.928425803164112	11.839996159149969	11.909133179752642	11.898729547993819	11.639082394475873	11.73093837323876	11.90957916903644	11.928425803164112	12.733489818747273
13.850783368193948	11.651325155596258	11.791021664403912	11.622718468562152	11.584981331501865	11.654628546130896	11.656344955405546	11.647975406564104	11.651325155596258	12.469405229060289	12.196944604044242	11.885660035991593	12.126748955342155	12.226363339991142	12.218927653908878	12.22070363126386	11.791021664403912	12.196944604044242	13.326020305075055	11.808682005378747	12.114120025501505	12.208228041914934	12.207914392321623	12.202029198612317	11.622718468562152	11.885660035991593	11.808682005378747	13.431790225841025	11.792320409004857	11.912301960539196	11.905596566281753	11.906920232651975	11.584981331501865	12.126748955342155	12.114120025501505	11.792320409004857	12.433532153234465	12.145545885879834	12.135843779884071	12.14034384606971	11.654628546130896	12.226363339991142	12.208228041914934	11.912301960539196	12.145545885879834	12.249611897234894	12.23675915948494	12.241129542660024	11.656344955405546	12.218927653908878	12.207914392321623	11.905596566281753	12.135843779884071	12.23675915948494	12.392023111751698	12.231599248542198	11.647975406564104	12.22070363126386	12.202029198612317	11.906920232651975	12.14034384606971	12.241129542660024	12.231599248542198	12.254728139688801
13.073131773428685	11.76955082059586	11.882921766337368	11.776515076547756	11.781608249161234	11.857989957737091	11.856572260669079	11.854911156654293	11.76955082059586	14.173557451618361	12.026205237760777	11.789982055543623	11.929035193557866	12.011141703957875	12.016106339096646	12.007244818554184	11.882921766337368	12.026205237760777	12.561284943940311	11.965709936429171	12.076051384554171	12.167469743649445	12.164440051686121	12.164426274064349	11.776515076547756	11.789982055543623	11.965709936429171	12.931191702835486	11.887913412661277	11.9930398258454	11.98897423060381	11.990082677098245	11.781608249161234	11.929035193557866	12.076051384554171	11.887913412661277	12.354554749479725	12.085022166572994	12.08038733869392	12.082244321214317	11.857989957737091	12.011141703957875	12.167469743649445	11.9930398258454	12.085022166572994	12.181940097482377	12.1737105425417	12.1755039665049	11.856572260669079	12.016106339096646	12.164440051686121	11.98897423060381	12.08038733869392	12.1737105425417	12.248370116309422	12.170928049477494	11.854911156654293	12.007244818554184	12.164426274064349	11.990082677098245	12.082244321214317	12.1755039665049	12.170928049477494	12.182648363138945
13.515358403177467	11.678958332950113	11.805932587515624	11.713375086078091	11.631368597245022	11.765565918619242	11.765013468188938	11.761029151911858	11.678958332950113	15.000433543126316	12.02264231514397	11.706961989546304	11.849115517994926	11.997838645849738	12.007549405349542	11.992214820420973	11.805932587515624	12.02264231514397	12.652973395376481	11.972724853575627	12.051297563805193	12.227040581580301	12.223053637384867	12.222875537244217	11.713375086078091	11.706961989546304	11.972724853575627	13.152213766159882	11.803366057234989	12.009727579462412	12.004525490320432	12.005785012085509	11.631368597245022	11.849115517994926	12.051297563805193	11.803366057234989	12.572820925106582	12.063000939869722	12.05699193453755	12.059380864600058	11.765565918619242	11.997838645849738	12.227040581580301	12.009727579462412	12.063000939869722	12.246613106851163	12.237229349693312	12.23947420984835	11.765013468188938	12.007549405349542	12.223053637384867	12.004525490320432	12.05699193453755	12.237229349693312	12.323441130851162	12.233429251853153	11.761029151911858	11.992214820420973	12.222875537244217	12.005785012085509	12.059380864600058	12.23947420984835	12.233429251853153	12.24935506430397
13.427957965934915	12.01548327447532	12.108945742031148	11.905274677782979	11.660298114927018	12.015254951674763	11.948836217886459	11.5872976751518	12.01548327447532	12.400451384555161	12.367323844548224	12.1028842449983	11.96043975008688	12.393482951467238	12.277718970380404	12.017494807287173	12.108945742031148	12.367323844548224	13.529183644862615	12.007166844074867	11.959288193372	12.3676283927046	12.323700654493994	11.965681285463498	11.905274677782979	12.1028842449983	12.007166844074867	13.562521792903006	11.596092988701109	12.103878106060368	12.013314779907692	11.75551478615194	11.660298114927018	11.96043975008688	11.959288193372	11.596092988701109	13.126485428707861	11.961088137876697	11.860446102748345	11.678260307554977	12.015254951674763	12.393482951467238	12.3676283927046	12.103878106060368	11.961088137876697	12.397737751767044	12.277376238311115	12.01827763224845	11.948836217886459	12.277718970380404	12.323700654493994	12.013314779907692	11.860446102748345	12.277376238311115	13.483530601134067	12.051913911729457	11.5872976751518	12.017494807287173	11.965681285463498	11.75551478615194	11.678260307554977	12.01827763224845	12.051913911729457	12.841605325275658
13.63448694950755	12.062009840203158	12.20290833916001	11.889065963856245	11.573173927237141	12.061085066136568	11.937453695166218	11.5239709585377	12.062009840203158	12.529119477067336	12.49123956039471	11.979707703110666	11.924487723822853	12.525214580124112	12.299810645644268	12.047947301825529	12.20290833916001	12.49123956039471	14.064871336279333	11.77361689010323	11.943364998528523	12.491294329598793	12.428213352732739	11.979804867118466	11.889065963856245	11.979707703110666	11.77361689010323	14.735572034859658	11.18768050468344	11.981166671175309	11.835635897514202	11.565887731212806	11.573173927237141	11.924487723822853	11.943364998528523	11.18768050468344	13.557634344615145	11.925275512839676	11.741278931772502	11.602791781650241	12.061085066136568	12.525214580124112	12.491294329598793	11.981166671175309	11.925275512839676	12.532652063066315	12.29846253570495	12.04835357803127	11.937453695166218	12.299810645644268	12.428213352732739	11.835635897514202	11.741278931772502	12.29846253570495	14.328332791780264	12.127428469006103	11.5239709585377	12.047947301825529	11.979804867118466	11.565887731212806	11.602791781650241	12.04835357803127	12.127428469006103	13.028329806769404
14.154851656744187	13.216506165613115	13.382881669318685	11.331234386692373	11.720021577771663	12.543302207553394	12.799859157783196	10.935697420422851	13.216506165613115	13.623983306637884	13.719745510873144	10.688889669639995	12.094656002350343	12.953446278478784	13.142461700498854	11.418347220268046	13.382881669318685	13.719745510873144	15.543342289867295	9.876476744614234	12.38333394806317	13.091934714868305	13.350849208572782	11.370563432019777	11.331234386692373	10.688889669639995	9.876476744614234	25.09039854108591	7.844459013421884	12.120493809180138	10.541820428530169	9.96798669260054	11.720021577771663	12.094656002350343	12.38333394806317	7.844459013421884	15.870732331802127	12.050676070521948	11.794208776661252	11.20323758278414	12.543302207553394	12.953446278478784	13.091934714868305	12.120493809180138	12.050676070521948	14.69977538702555	12.395825441040746	11.470656379888824	12.799859157783196	13.142461700498854	13.350849208572782	10.541820428530169	11.794208776661252	12.395825441040746	14.763880537625102	11.90727119900933	10.935697420422851	11.418347220268046	11.370563432019777	9.96798669260054	11.20323758278414	11.470656379888824	11.90727119900933	14.762166946057533
13.570451212488416	11.760524649881393	11.893229768173736	11.667419604653169	11.62061661580454	11.760226774997593	11.758616110518348	11.737265893212964	11.760524649881393	12.27555482864957	12.23095950278211	11.855426073503715	12.082102720632761	12.269314779580755	12.196359824449859	12.24974271563655	11.893229768173736	12.23095950278211	13.561381128045852	11.715472899573314	12.059515273156663	12.231372565365284	12.241914938590895	12.209815252619244	11.667419604653169	11.855426073503715	11.715472899573314	13.82950401334495	11.622359611424823	11.856734351450047	11.814031568866842	11.83869565108256	11.62061661580454	12.082102720632761	12.059515273156663	11.622359611424823	12.629888540228293	12.08272038733832	12.011590513362622	12.065271826072944	11.760226774997593	12.269314779580755	12.231372565365284	11.856734351450047	12.08272038733832	12.274116057106037	12.19610356350501	12.250266444412086	11.758616110518348	12.196359824449859	12.241914938590895	11.814031568866842	12.011590513362622	12.19610356350501	13.375954521791709	12.184603588282608	11.737265893212964	12.24974271563655	12.209815252619244	11.83869565108256	12.065271826072944	12.250266444412086	12.184603588282608	12.295748595452174
14.625098773292578	11.474332241384845	11.70672806878401	11.494821310169494	11.391583339381183	11.443733922212298	11.459030661439204	11.439459641640727	11.474332241384845	14.610985088371908	12.110674089341405	11.761001450180991	11.982083190288547	12.062833526251357	12.095317123267163	12.058173285294595	11.70672806878401	12.110674089341405	13.662340655751569	11.89578277700456	12.126006231683144	12.212235523478988	12.215756277967266	12.208175462322002	11.494821310169494	11.761001450180991	11.89578277700456	13.138328523441443	11.931609473581176	12.039469106643708	12.013928705541868	12.036090604372204	11.391583339381183	11.982083190288547	12.126006231683144	11.931609473581176	12.459387351914007	12.203891146686605	12.173526464346498	12.200683933812298	11.443733922212298	12.062833526251357	12.212235523478988	12.039469106643708	12.203891146686605	12.303212522155285	12.268679406143784	12.296654695471611	11.459030661439204	12.095317123267163	12.215756277967266	12.013928705541868	12.173526464346498	12.268679406143784	12.641255183578709	12.265846032713744	11.439459641640727	12.058173285294595	12.208175462322002	12.036090604372204	12.200683933812298	12.296654695471611	12.265846032713744	12.305377310986776
13.54749489252145	11.762924266822973	11.8819562722196	11.643099069178142	11.728967878917876	11.762565999612034	11.75108740951219	11.673282878757233	11.762924266822973	12.2629241287527	12.230528516562387	11.776335423597764	12.212889418763202	12.257647095321971	12.177351970334332	12.18267600547278	11.8819562722196	12.230528516562387	13.410113179438596	11.647681256186281	12.189228433240201	12.230907927722509	12.224137555560521	12.149500941612768	11.643099069178142	11.776335423597764	11.647681256186281	14.002025042065075	11.719652064302249	11.777697601616254	11.733849325205385	11.71187072812071	11.728967878917876	12.212889418763202	12.189228433240201	11.719652064302249	12.343586274807647	12.213330186891518	12.133327045309816	12.140480226903335	11.762565999612034	12.257647095321971	12.230907927722509	11.777697601616254	12.213330186891518	12.262769803519584	12.17704623706193	12.183160425232737	11.75108740951219	12.177351970334332	12.224137555560521	11.733849325205385	12.133327045309816	12.17704623706193	13.364855695238086	12.13311112748629	11.673282878757233	12.18267600547278	12.149500941612768	11.71187072812071	12.140480226903335	12.183160425232737	12.13311112748629	12.361893228267757
14.782129585057474	13.268723007420816	13.556298700645044	11.233230537683836	12.32970763717147	12.50957738948437	12.514899771137099	10.077116590980044	13.268723007420816	13.903598592611031	14.054367327984483	10.193086851382322	12.939432715007179	13.158554862007215	13.01374313153196	10.866850706826563	13.556298700645044	14.054367327984483	16.31117797407667	9.280872306433436	13.212028163381436	13.337561021301276	13.338943029706314	10.761999407201841	11.233230537683836	10.193086851382322	9.280872306433436	24.882429096958223	8.639906546142523	11.916017980440232	10.01427969815362	9.662341400688609	12.32970763717147	12.939432715007179	13.212028163381436	8.639906546142523	14.896060387887616	12.600069062657248	12.26777085155139	10.951904481099001	12.50957738948437	13.158554862007215	13.337561021301276	11.916017980440232	12.600069062657248	15.04725349514495	12.20536397140734	11.108449802110101	12.514899771137099	13.01374313153196	13.338943029706314	10.01427969815362	12.26777085155139	12.20536397140734	15.292532579100394	11.91375345045431	10.077116590980044	10.866850706826563	10.761999407201841	9.662341400688609	10.951904481099001	11.108449802110101	11.91375345045431	15.832795691257054
13.21261971841628	12.12264233308623	12.37588361403335	10.941591888972765	12.108453066445241	12.097598007948184	12.027453571509962	11.801078889449597	12.12264233308623	12.585437388933855	12.7055449026191	10.326308764732483	12.567515843118851	12.559715298395199	12.398326388375427	12.281638571547601	12.37588361403335	12.7055449026191	15.473382032537156	9.328479347779604	12.6944255281097	12.688680378317397	12.74028526844689	12.352989526823478	10.941591888972765	10.326308764732483	9.328479347779604	21.215164812798292	10.285727346937263	10.454516105275376	10.355522799534027	10.233797519578903	12.108453066445241	12.567515843118851	12.6944255281097	10.285727346937263	12.624694035076045	12.545041345040135	12.383313948095598	12.269281390406446	12.097598007948184	12.559715298395199	12.688680378317397	10.454516105275376	12.545041345040135	12.727333483820402	12.359062627642022	12.266400138918156	12.027453571509962	12.398326388375427	12.74028526844689	10.355522799534027	12.383313948095598	12.359062627642022	14.228608457977304	12.26819808012879	11.801078889449597	12.281638571547601	12.352989526823478	10.233797519578903	12.269281390406446	12.266400138918156	12.26819808012879	12.886864958092987
