110.18441256960934	110.92798337981117	106.54983496936924	110.26177451536422	108.56487864921979	110.18118750860864	108.95635446273216	110.45883854139089	109.3629211027533	110.92798337981117	113.06826246201781	107.4527095387536	111.0104017506542	109.34453823773157	110.93351165877773	109.77942672334946	111.18327541649805	110.29481946125176	106.54983496936924	107.4527095387536	104.55059543224647	106.64196779581758	104.99138173374922	106.55797607231557	105.2677641371673	106.88174435733403	105.94984231821334	110.26177451536422	111.0104017506542	106.64196779581758	110.38173411110121	108.65633066890562	110.26917280003424	109.04521203441706	110.54552764236836	109.475488728199	108.56487864921979	109.34453823773157	104.99138173374922	108.65633066890562	107.82663749729849	108.57226093932364	107.30422909336545	108.85561187065893	107.78492857336857	110.18118750860864	110.93351165877773	106.55797607231557	110.26917280003424	108.57226093932364	110.19235447190204	108.96340589757561	110.46588771397036	109.37562137283399	108.95635446273216	109.77942672334946	105.2677641371673	109.04521203441706	107.30422909336545	108.96340589757561	110.23466377277501	109.25496383480662	109.09797249462609	110.45883854139089	111.18327541649805	106.88174435733403	110.54552764236836	108.85561187065893	110.46588771397036	109.25496383480662	111.03215502971254	109.7086397201213	109.3629211027533	110.29481946125176	105.94984231821334	109.475488728199	107.78492857336857	109.37562137283399	109.09797249462609	109.7086397201213	113.3575009308559
110.8382317632401	110.84473562418798	106.88484490762382	111.07072384278106	109.4859638747691	110.8310522160015	110.28564157659561	111.77345862724981	110.45098674153456	110.84473562418798	110.90430094665828	106.9230548098746	111.10328888547453	109.51939638898483	110.86424571485908	110.31868576080005	111.80074795330044	110.49798185347079	106.88484490762382	106.9230548098746	104.7543195652282	107.15617551601167	105.60637248434665	106.90647408389779	106.32307252853248	108.0240236753436	106.74146997839101	111.07072384278106	111.10328888547453	107.15617551601167	111.4244317750934	109.7534378972486	111.08990387929492	110.54467608801609	112.01876898818772	110.76646171395113	109.4859638747691	109.51939638898483	105.60637248434665	109.7534378972486	108.88350429977719	109.50540234788774	108.94239446047366	110.46220332712873	109.163060931497	110.8310522160015	110.86424571485908	106.90647408389779	111.08990387929492	109.50540234788774	110.85387525538658	110.30457455344494	111.78905195075686	110.48190950596147	110.28564157659561	110.31868576080005	106.32307252853248	110.54467608801609	108.94239446047366	110.30457455344494	110.88675269433628	111.26316578543394	110.28556193701455	111.77345862724981	111.80074795330044	108.0240236753436	112.01876898818772	110.46220332712873	111.78905195075686	111.26316578543394	113.68933057839928	111.56834559747672	110.45098674153456	110.49798185347079	106.74146997839101	110.76646171395113	109.163060931497	110.48190950596147	110.28556193701455	111.56834559747672	113.87213385251171
117.87224023690291	120.69182012488982	110.7546117300202	117.91528948834906	117.0245491488304	117.85190875975631	117.29028232001913	117.86245277233294	116.89747318654557	120.69182012488982	132.80659784095167	115.72788701170438	120.70968033777865	119.94799375613766	120.6661976771417	120.36565900827362	120.66486085712539	121.15434643874237	110.7546117300202	115.72788701170438	107.47765735027829	110.82711414337345	110.0044528855248	110.760781060981	110.18157378379139	110.77656005638542	110.60414674594087	117.91528948834906	120.70968033777865	110.82711414337345	118.01549943002331	117.09686524114036	117.92316486420472	117.36083616799196	117.9336312362697	116.99995375773149	117.0245491488304	119.94799375613766	110.0044528855248	117.09686524114036	116.63079263285209	117.03210193461304	116.46018046049078	117.04276577467374	116.12714011216569	117.85190875975631	120.6661976771417	110.760781060981	117.92316486420472	117.03210193461304	117.86340302071312	117.29706055405825	117.87033592970589	116.91863354526264	117.29028232001913	120.36565900827362	110.18157378379139	117.36083616799196	116.46018046049078	117.29706055405825	118.11454334226049	117.30785888689148	116.9821494706215	117.86245277233294	120.66486085712539	110.77656005638542	117.9336312362697	117.04276577467374	117.87033592970589	117.30785888689148	117.90246664972855	116.93316542306296	116.89747318654557	121.15434643874237	110.60414674594087	116.99995375773149	116.12714011216569	116.91863354526264	116.9821494706215	116.93316542306296	121.54801487740109
130.29376076888732	130.02054170376496	116.02178291596559	127.41650186465407	126.4474379220741	127.38692578240992	127.0994095941205	129.61761596210917	125.5713088379052	130.02054170376496	141.0076336154482	118.17147606121593	126.70623727352168	125.87336829213007	126.68409952649777	126.61668383188258	126.53254105748222	125.53552751222362	116.02178291596559	118.17147606121593	111.55988330691002	116.28516268692992	115.41053597975271	116.25826522226993	115.63419368526803	119.32759499477429	116.24193391384236	127.41650186465407	126.70623727352168	116.28516268692992	129.5448556765291	128.4482855372866	129.50616461687946	128.84030826240846	129.11301503981878	128.73820049873981	126.4474379220741	125.87336829213007	115.41053597975271	128.4482855372866	127.83417727648596	128.42188734291736	127.7505687314896	128.16611455039052	127.66460543150508	127.38692578240992	126.68409952649777	116.25826522226993	129.50616461687946	128.42188734291736	129.48362414126893	128.81459913914293	129.08991669990925	128.7089497380624	127.0994095941205	126.61668383188258	115.63419368526803	128.84030826240846	127.7505687314896	128.81459913914293	129.75677829711907	128.65201148364469	128.3951676661612	129.61761596210917	126.53254105748222	119.32759499477429	129.11301503981878	128.16611455039052	129.08991669990925	128.65201148364469	136.10578125877927	128.5181094156668	125.5713088379052	125.53552751222362	116.24193391384236	128.73820049873981	127.66460543150508	128.7089497380624	128.3951676661612	128.5181094156668	131.6034419295787
107.40626874016405	113.92758679251625	105.79729456765565	105.91027890721489	105.32175171164374	105.83521314935155	102.82850370325492	106.32182121758211	105.50178818025168	113.92758679251625	128.92455052847495	111.65775217884807	111.73715388983481	111.22236420845785	111.6848654179768	110.09749721106893	111.87580082017307	111.63957323553008	105.79729456765565	111.65775217884807	106.55035586408783	106.63626115476477	106.03451434015838	106.56744437325483	102.36581711118971	106.96026489829114	106.39610834435506	105.91027890721489	111.73715388983481	106.63626115476477	106.77381013896346	106.14342676001743	106.67554901884603	102.47311967770018	107.06704044885579	106.50658260882936	105.32175171164374	111.22236420845785	106.03451434015838	106.14342676001743	105.87491927252547	106.07347380244389	101.83404115896204	106.46759610223857	105.89935906125193	105.83521314935155	111.6848654179768	106.56744437325483	106.67554901884603	106.07347380244389	106.60991833413827	102.407621006974	106.99893936773812	106.4346177409197	102.82850370325492	110.09749721106893	102.36581711118971	102.47311967770018	101.83404115896204	102.407621006974	106.69150635798614	102.86203570671103	103.05385639469101	106.32182121758211	111.87580082017307	106.96026489829114	107.06704044885579	106.46759610223857	106.99893936773812	102.86203570671103	107.8801628736173	106.83583304566308	105.50178818025168	111.63957323553008	106.39610834435506	106.50658260882936	105.89935906125193	106.4346177409197	103.05385639469101	106.83583304566308	107.65790733816144
103.42701691663217	103.44738163582035	103.12718704749885	103.44595826774885	102.66764092739534	103.42831038434475	100.03253271585649	105.09801640538433	103.29910870995155	103.44738163582035	103.56203601194197	103.21786727331298	103.53597976552557	102.75771405193765	103.51844584385239	100.10221767502253	105.16953910849243	103.39300766569707	103.12718704749885	103.21786727331298	103.04373414565202	103.21645716107298	102.44037505010249	103.19885488435796	99.7571181341712	104.87001550753781	103.0746450556773	103.44595826774885	103.53597976552557	103.21645716107298	103.54003480751365	102.75657428735	103.51719442195633	100.09802324197963	105.16987194681067	103.39174282696415	102.66764092739534	102.75771405193765	102.44037505010249	102.75657428735	102.42735823876855	102.73874081157369	99.26106059380317	104.40323486929921	102.61234602547403	103.42831038434475	103.51844584385239	103.19885488435796	103.51719442195633	102.73874081157369	103.50653619231682	100.08155333998756	105.15366390527672	103.3738083721151	100.03253271585649	100.10221767502253	99.7571181341712	100.09802324197963	99.26106059380317	100.08155333998756	102.64208356973796	101.82939811694798	100.23354712147564	105.09801640538433	105.16953910849243	104.87001550753781	105.16987194681067	104.40323486929921	105.15366390527672	101.82939811694798	108.00753295193529	105.05503662951055	103.29910870995155	103.39300766569707	103.0746450556773	103.39174282696415	102.61234602547403	103.3738083721151	100.23354712147564	105.05503662951055	103.79809986495654
101.84545405121577	101.92233602955098	101.77111182490572	101.9128467414722	101.77323440499825	101.89155320293116	96.64636522014432	102.77632142695758	101.77068950431676	101.92233602955098	102.19215609229514	102.003300012319	102.1442004991353	102.00484828914665	102.12319057697059	96.8082997739718	102.98667785223506	102.00637890707699	101.77111182490572	102.003300012319	101.91221174957087	101.99444877421345	101.85516830079293	101.97338353471838	96.63848075716136	102.84249921471948	101.8564302744516	101.9128467414722	102.1442004991353	101.99444877421345	102.14156618170448	101.9961191327687	102.11444706750629	96.7928132268514	102.97938864859344	101.9974915454463	101.77323440499825	102.00484828914665	101.85516830079293	101.9961191327687	101.92916730571686	101.9750249981463	96.64046786504018	102.84135069352469	101.85769578660195	101.89155320293116	102.12319057697059	101.97338353471838	102.11444706750629	101.9750249981463	102.09934439525874	96.77340128215826	102.95908155769499	101.97623147965038	96.64636522014432	96.8082997739718	96.63848075716136	96.7928132268514	96.64046786504018	96.77340128215826	100.19789592729235	97.71450294092995	96.87748032921081	102.77632142695758	102.98667785223506	102.84249921471948	102.97938864859344	102.84135069352469	102.95908155769499	97.71450294092995	104.4576722917142	102.84991693309615	101.77068950431676	102.00637890707699	101.8564302744516	101.9974915454463	101.85769578660195	101.97623147965038	96.87748032921081	102.84991693309615	102.15978183007869
102.17468485454901	102.86028238852514	102.20372338836097	102.34489683787018	102.24043240368218	102.2513977311494	96.19540435481565	102.76541386849547	101.76395028144626	102.86028238852514	104.6092784452333	103.14223042833979	103.27773297092746	103.177507728516	103.18856520733802	97.1503352700887	103.65765670706098	102.75236017098429	102.20372338836097	103.14223042833979	102.5481464947042	102.66304800414402	102.56034462358262	102.57137875386616	96.36634099472153	103.06561935402505	102.10805370254465	102.34489683787018	103.27773297092746	102.66304800414402	102.83226627827783	102.69939248796881	102.71041087201213	96.50744014903825	103.20241203080451	102.25020244058207	102.24043240368218	103.177507728516	102.56034462358262	102.69939248796881	102.60483157606495	102.60773231691645	96.40724435948948	103.10114997891289	102.14406001814528	102.2513977311494	103.18856520733802	102.57137875386616	102.71041087201213	102.60773231691645	102.62390227480898	96.42040747592954	103.11225572116501	102.15510459100562	96.19540435481565	97.1503352700887	96.36634099472153	96.50744014903825	96.40724435948948	96.42040747592954	100.36315054762046	96.97661948295237	96.85199240383037	102.76541386849547	103.65765670706098	103.06561935402505	103.20241203080451	103.10114997891289	103.11225572116501	96.97661948295237	103.99561640725818	102.66586434060036	101.76395028144626	102.75236017098429	102.10805370254465	102.25020244058207	102.14406001814528	102.15510459100562	96.85199240383037	102.66586434060036	102.80916125713493
103.47521057970641	107.98159612373084	103.36268520423206	103.47740326025499	103.45229914476496	103.31012183438243	100.24363053618193	103.72718018175247	103.40071553286059	107.98159612373084	118.20459473475752	107.89043285523225	107.98314372366283	107.96177526766833	107.89850257896438	105.28250310073102	108.11613958730902	107.97170121475696	103.36268520423206	107.89043285523225	103.33100780446581	103.39258685167829	103.36750822282455	103.22540685969281	100.1405120626419	103.64251100969064	103.3171654771692	103.47740326025499	107.98314372366283	103.39258685167829	103.51236320494733	103.48219919503485	103.34041535708835	100.26139310562075	103.75615481791519	103.43154995079162	103.45229914476496	107.96177526766833	103.36750822282455	103.48219919503485	103.4642765796873	103.315292579757	100.23637133765733	103.73119639224315	103.40626899427164	103.31012183438243	107.89850257896438	103.22540685969281	103.34041535708835	103.315292579757	103.6161543846676	100.12445779110726	103.59470441121371	103.26196682360033	100.24363053618193	105.28250310073102	100.1405120626419	100.26139310562075	100.23637133765733	100.12445779110726	103.02784209144102	100.51961837773005	100.38458768729224	103.72718018175247	108.11613958730902	103.64251100969064	103.75615481791519	103.73119639224315	103.59470441121371	100.51961837773005	104.25943215763307	103.68308918801256	103.40071553286059	107.97170121475696	103.3171654771692	103.43154995079162	103.40626899427164	103.26196682360033	100.38458768729224	103.68308918801256	103.73512614441445
110.89256342782645	115.93088527551248	107.26011781264455	108.10044092803685	108.02722950463814	107.80592888638854	105.98422807387911	110.95684975790823	108.08810807523754	115.93088527551248	130.40348132907243	111.86926419886218	112.4753924439794	112.41113453717111	112.41887025813472	111.60619434287673	113.73254920546373	112.46791440244348	107.26011781264455	111.86926419886218	107.56934993991179	107.93903890400635	107.86391841731324	107.67108059753673	103.751789676583	110.07920989439526	107.92991856414075	108.10044092803685	112.4753924439794	107.93903890400635	108.8512202232165	108.77167093856661	108.58085392410239	104.7059928537623	110.8883492382699	108.83860048565266	108.02722950463814	112.41113453717111	107.86391841731324	108.77167093856661	108.73761011243606	108.50496164196906	104.62591772449053	110.8144686063672	108.76236827341893	107.80592888638854	112.41887025813472	107.67108059753673	108.58085392410239	108.50496164196906	109.57839183552231	104.54643779094532	110.75679569803816	108.57141384283521	105.98422807387911	111.60619434287673	103.751789676583	104.7059928537623	104.62591772449053	104.54643779094532	109.28389412077999	107.24038451247668	104.70506622157735	110.95684975790823	113.73254920546373	110.07920989439526	110.8883492382699	110.8144686063672	110.75679569803816	107.24038451247668	115.84064354436981	110.87982213367486	108.08810807523754	112.46791440244348	107.92991856414075	108.83860048565266	108.76236827341893	108.57141384283521	104.70506622157735	110.87982213367486	108.84291805196469
104.79259349899186	106.71266403031531	104.19659967406537	104.26371777084962	102.9038252266958	103.30375957041664	103.35729699276693	105.86657880611406	104.23002668880834	106.71266403031531	112.36687817168233	106.81001898185686	106.86862743456977	105.54978012856968	106.21270653611916	105.9729062980516	107.99990431985096	106.84088657500163	104.19659967406537	106.81001898185686	104.90841695681041	104.95605197032795	103.57855914171634	104.12058017678282	103.90734275057609	106.3196517557768	104.92578224826114	104.26371777084962	106.86862743456977	104.95605197032795	105.03343779131683	103.6435084971454	104.1859001008271	103.97183985548668	106.38081164557936	104.98997681231648	102.9038252266958	105.54978012856968	103.57855914171634	103.6435084971454	103.04901867281446	102.81831371985149	102.56773540505534	105.02492502658191	103.61200703244843	103.30375957041664	106.21270653611916	104.12058017678282	104.1859001008271	102.81831371985149	106.0723965942716	103.17423208517489	105.71767883361699	104.15477426876456	103.35729699276693	105.9729062980516	103.90734275057609	103.97183985548668	102.56773540505534	103.17423208517489	104.66422704961181	105.38080312701028	103.94253662724303	105.86657880611406	107.99990431985096	106.3196517557768	106.38081164557936	105.02492502658191	105.71767883361699	105.38080312701028	109.118873539563	106.35182024077213	104.23002668880834	106.84088657500163	104.92578224826114	104.98997681231648	103.61200703244843	104.15477426876456	103.94253662724303	106.35182024077213	104.9635481841643
104.04714161078286	104.55207963829993	102.91825019577112	104.06374160233094	104.0368701055449	103.33199585017282	99.70506490237051	104.83035974346205	103.84074627736678	104.55207963829993	105.84628580115883	103.46428219995359	104.58441917368141	104.55803853369267	103.89211910376054	100.30820002324718	105.3113418017111	104.37640576918402	102.91825019577112	103.46428219995359	102.35517286180126	102.95365838493417	102.92681454457384	102.20605266997049	98.47724584332005	103.75123143043486	102.73643847707385	104.06374160233094	104.58441917368141	102.95365838493417	104.10365488736548	104.07173116027444	103.36859751598847	99.73160357173859	104.86275013323227	103.87686189505408	104.0368701055449	104.55803853369267	102.92681454457384	104.07173116027444	104.05192691752065	103.34147797277208	99.70440047446037	104.83638529146194	103.84964949644302	103.33199585017282	103.89211910376054	102.20605266997049	103.36859751598847	103.34147797277208	104.32199219663889	99.11291257810912	104.19758027405827	103.1285241080696	99.70506490237051	100.30820002324718	98.47724584332005	99.73160357173859	99.70440047446037	99.11291257810912	102.98931905400794	100.55508134174868	99.90175163493377	104.83035974346205	105.3113418017111	103.75123143043486	104.86275013323227	104.83638529146194	104.19758027405827	100.55508134174868	106.2713734628727	104.65731942198096	103.84074627736678	104.37640576918402	102.73643847707385	103.87686189505408	103.84964949644302	103.1285241080696	99.90175163493377	104.65731942198096	104.26941144304499
109.26432560830006	109.94769647029983	106.97695052746153	109.2285624182532	109.00535013608543	106.87208928321556	106.66126748010106	111.59828625558832	109.21492894461339	109.94769647029983	112.4732410780501	107.82638674844708	109.98298688158097	109.76394340147564	107.9601004584921	107.51022775337455	112.04223922003764	109.97178270103228	106.97695052746153	107.82638674844708	105.99191434162093	107.03224101947956	106.81472676301003	104.62598909604566	104.2835035625626	109.62490027056725	107.02074014902153	109.2285624182532	109.98298688158097	107.03224101947956	109.28651630534907	109.0604421032964	106.9501542112209	106.68866590900153	111.61853671618326	109.27052257376687	109.00535013608543	109.76394340147564	106.81472676301003	109.0604421032964	108.96025753339235	106.73227383980108	106.4523425319651	111.40327661275064	109.0471800189541	106.87208928321556	107.9601004584921	104.62598909604566	106.9501542112209	106.73227383980108	113.51469115406499	104.82887581329013	110.51356523931386	106.92973276315807	106.66126748010106	107.51022775337455	104.2835035625626	106.68866590900153	106.4523425319651	104.82887581329013	109.0183554850269	109.177173669925	106.69727155992163	111.59828625558832	112.04223922003764	109.62490027056725	111.61853671618326	111.40327661275064	110.51356523931386	109.177173669925	116.59132924214174	111.61002711853494	109.21492894461339	109.97178270103228	107.02074014902153	109.27052257376687	109.0471800189541	106.92973276315807	106.69727155992163	111.61002711853494	109.30893737569464
107.33109724064599	108.0587327712351	107.04004167308065	107.119143222642	106.22244723870489	102.9825566759518	103.57163628843348	109.69014331618281	107.10877670121862	108.0587327712351	111.06705137342219	108.13581916858602	108.21097132106529	107.32951817466375	104.78581266432712	104.7204680595686	110.35008996878558	108.20257656307263	107.04004167308065	108.13581916858602	107.26685456896526	107.30706077262518	106.40820598077916	103.34399595449844	103.57317926122195	109.71775172062901	107.29767015856919	107.119143222642	108.21097132106529	107.30706077262518	107.38900925319737	106.4864456198843	103.42745731445589	103.65798203274423	109.78813176841814	107.37652467501984	106.22244723870489	107.32951817466375	106.40820598077916	106.4864456198843	106.12257125182936	102.56719346333334	102.69089772431316	108.9176643793061	106.47679875635112	102.9825566759518	104.78581266432712	103.34399595449844	103.42745731445589	102.56719346333334	113.51614104880753	100.57623504038358	107.70431294411217	103.413346494814	103.57163628843348	104.7204680595686	103.57317926122195	103.65798203274423	102.69089772431316	100.57623504038358	106.24383913176213	106.38302986435255	103.66063828762485	109.69014331618281	110.35008996878558	109.71775172062901	109.78813176841814	108.9176643793061	107.70431294411217	106.38302986435255	114.89116086430263	109.78060617539133	107.10877670121862	108.20257656307263	107.29767015856919	107.37652467501984	106.47679875635112	103.413346494814	103.66063828762485	109.78060617539133	107.38943638078388
105.34599764742205	106.12465977742167	105.11409807380043	105.17890323470792	104.36331332408375	102.17928866305478	102.76687841553242	107.37209036800469	105.16948916520677	106.12465977742167	108.88483788465007	106.24740235358311	106.30915023697015	105.50560133508486	103.77863864333476	103.91758688951201	108.17839575567561	106.30166503977779	105.11409807380043	106.24740235358311	105.36041926351982	105.39569034420207	104.57794271168187	102.53256988525372	102.86675392052692	107.46451523653876	105.38736140299542	105.17890323470792	106.30915023697015	105.39569034420207	105.46334305501884	104.64207754443558	102.60023311890144	102.93426140931544	107.52365199114712	105.45183235395885	104.36331332408375	105.50560133508486	104.57794271168187	104.64207754443558	104.30138849762352	101.80417910168686	102.07433075524602	106.72535628594575	104.63355362175194	102.17928866305478	103.77863864333476	102.53256988525372	102.60023311890144	101.80417910168686	109.00198754264653	100.44858762592598	105.64087623024542	102.58812450722836	102.76687841553242	103.91758688951201	102.86675392052692	102.93426140931544	102.07433075524602	100.44858762592598	104.65127226192972	105.14800322215224	102.93403415528626	107.37209036800469	108.17839575567561	107.46451523653876	107.52365199114712	106.72535628594575	105.64087623024542	105.14800322215224	111.6086732001032	107.51683024607705	105.16948916520677	106.30166503977779	105.38736140299542	105.45183235395885	104.63355362175194	102.58812450722836	102.93403415528626	107.51683024607705	105.46559211585009
105.01861206066474	105.49564985176775	104.75212780703673	104.82005808497853	103.36155157898487	102.70851248782836	103.56860767048425	106.94795895800513	104.80732658166801	105.49564985176775	107.55181709826	105.76024386009914	105.82552766275091	104.377815069892	104.004280484925	104.54084437005756	107.66567174471102	105.81419297583024	104.75212780703673	105.76024386009914	105.13298505414681	105.17313565117347	103.70821037115759	103.20712187620349	103.8374827415516	107.13395891358606	105.16136495622382	104.82005808497853	105.82552766275091	105.17313565117347	105.24536532890693	103.77508357409964	103.27677258878543	103.9061030583658	107.19614836659963	105.22854529742322	103.36155157898487	104.377815069892	103.70821037115759	103.77508357409964	103.1500104702086	101.83667480896929	102.4009353357099	105.76331941990769	103.76281647603588	102.70851248782836	104.004280484925	103.20712187620349	103.27677258878543	101.83667480896929	107.50261618682228	102.0641002539778	105.81757253627133	103.26358825241171	103.56860767048425	104.54084437005756	103.8374827415516	103.9061030583658	102.4009353357099	102.0641002539778	104.82067627201022	105.93651667912782	103.89574894505276	106.94795895800513	107.66567174471102	107.13395891358606	107.19614836659963	105.76331941990769	105.81757253627133	105.93651667912782	110.94849195324477	107.18540038015058	104.80732658166801	105.81419297583024	105.16136495622382	105.22854529742322	103.76281647603588	103.26358825241171	103.89574894505276	107.18540038015058	105.22299403807175
108.22409020464329	109.56139163859741	105.97495682142079	107.59449833253962	107.51330489532434	107.10184466434414	107.35609785419449	111.33973906862178	107.58768445190876	109.56139163859741	115.13302783517365	107.8810559264308	109.3636642883978	109.28580237236046	109.0599730927087	109.13493158325534	111.95143800189156	109.35960959118535	105.97495682142079	107.8810559264308	105.37515665945674	106.1029662590501	106.02272550974607	105.64906905780818	105.82857675740013	109.7407667474472	106.09841637770096	107.59449833253962	109.3636642883978	106.1029662590501	107.7445784517385	107.65961359141369	107.28858463345178	107.47709695166004	111.12409307476227	107.73624845242226	107.51330489532434	109.28580237236046	106.02272550974607	107.65961359141369	107.62049090035943	107.20753371893461	107.39490762704608	111.0463175329403	107.65444948083935	107.10184466434414	109.0599730927087	105.64906905780818	107.28858463345178	107.20753371893461	109.442607922747	107.038151966546	111.10774418200644	107.28262129224036	107.35609785419449	109.13493158325534	105.82857675740013	107.47709695166004	107.39490762704608	107.038151966546	107.71124326158487	110.88370726289328	107.4726983435577	111.33973906862178	111.95143800189156	109.7407667474472	111.12409307476227	111.0463175329403	111.10774418200644	110.88370726289328	118.10291678764223	111.12103115452359	107.58768445190876	109.35960959118535	106.09841637770096	107.73624845242226	107.65444948083935	107.28262129224036	107.4726983435577	111.12103115452359	107.74856877797687
111.36332062829342	114.5349457692632	107.9366307758087	109.1759821777691	109.14331611768522	108.81658779893749	108.41211184051093	113.69952047238236	109.16295808842457	114.5349457692632	126.63602336848709	111.4944302436877	112.48129620035212	112.45330373179861	112.42976390043503	111.93087878586968	114.43814253048424	112.47239852683809	107.9366307758087	111.4944302436877	107.26094261961498	107.77503781011927	107.74295968924339	107.45817762922016	106.6240009362099	111.68147088360557	107.76454107081263	109.1759821777691	112.48129620035212	107.77503781011927	109.10166453999975	109.06390979443785	108.77229076362914	107.97045822799873	112.75333760026477	109.08576270945821	109.14331611768522	112.45330373179861	107.74295968924339	109.06390979443785	109.04405763025231	108.73991682993908	107.93771323998712	112.72297698972226	109.05318766860438	108.81658779893749	112.42976390043503	107.45817762922016	108.77229076362914	108.73991682993908	110.93344881798896	107.71351862315844	112.88071101215085	108.76126514305058	108.41211184051093	111.93087878586968	106.6240009362099	107.97045822799873	107.93771323998712	107.71351862315844	109.22483539778807	111.80232377773905	107.96142351540738	113.69952047238236	114.43814253048424	111.68147088360557	112.75333760026477	112.72297698972226	112.88071101215085	111.80232377773905	121.2020305984853	112.74411445849739	109.16295808842457	112.47239852683809	107.76454107081263	109.08576270945821	109.05318766860438	108.76126514305058	107.96142351540738	112.74411445849739	109.08297468876057
110.07879483873954	114.03679741022168	107.08089255282044	109.72875665163617	109.69996145773949	109.4614023245724	109.69753620610757	111.88765493559447	109.71354368580957	114.03679741022168	126.93606858750105	111.62527918364783	113.65266724445122	113.63091270233097	113.63275972408982	113.63014164485493	114.16235887631247	113.65843189456119	107.08089255282044	111.62527918364783	105.94378298051484	107.08591328353153	107.05780357821358	106.82885546778775	107.05384249087525	109.40960155391969	107.08126891283712	109.72875665163617	113.65266724445122	107.08591328353153	109.76991480778233	109.73194878787857	109.50120982929447	109.7289390905834	111.8199363999897	109.74927760788648	109.69996145773949	113.63091270233097	107.05780357821358	109.73194878787857	109.7076957346504	109.4726291676387	109.70047079046623	111.79333664176703	109.7207084614906	109.4614023245724	113.63275972408982	106.82885546778775	109.50120982929447	109.4726291676387	110.68513857371128	109.46997444953259	111.73081165405291	109.48739808023076	109.69753620610757	113.63014164485493	107.05384249087525	109.7289390905834	109.70047079046623	109.46997444953259	109.720189749678	111.79038349381665	109.71790074062008	111.88765493559447	114.16235887631247	109.40960155391969	111.8199363999897	111.79333664176703	111.73081165405291	111.79038349381665	116.75614834144545	111.81683256688596	109.71354368580957	113.65843189456119	107.08126891283712	109.74927760788648	109.7207084614906	109.48739808023076	109.71790074062008	111.81683256688596	109.83929920571153
128.9840356845267	127.95771203447632	116.52214479571245	129.7782669241613	128.965649635066	128.89446811135863	126.60821004966654	129.0305976409458	126.04019900207565	127.95771203447632	136.73409118093406	118.81599813290563	128.55733609038646	127.93932441314236	127.94854741675769	126.63704391960609	127.5194107480028	127.21852306993202	116.52214479571245	118.81599813290563	111.17827171833024	117.4134419111767	116.52071924144727	116.4215611701352	114.23774276032754	117.24327871975676	115.56888901924302	129.7782669241613	128.55733609038646	117.4134419111767	130.9911446741748	129.7770672273249	129.70642584294953	127.47506437317959	129.81851869805433	127.19925965914919	128.965649635066	127.93932441314236	116.52071924144727	129.7770672273249	128.96764932920138	128.89358948549307	126.60513458944304	129.02772894452417	126.04894426655412	128.89446811135863	127.94854741675769	116.4215611701352	129.70642584294953	128.89358948549307	129.33794611647903	126.54003457688438	128.98292650468747	125.91356733011462	126.60821004966654	126.63704391960609	114.23774276032754	127.47506437317959	126.60513458944304	126.54003457688438	129.87881762659094	126.79207467107497	126.92610589386884	129.0305976409458	127.5194107480028	117.24327871975676	129.81851869805433	129.02772894452417	128.98292650468747	126.79207467107497	130.55655168962468	126.54263755143393	126.04019900207565	127.21852306993202	115.56888901924302	127.19925965914919	126.04894426655412	125.91356733011462	126.92610589386884	126.54263755143393	132.0418871609675
128.60751667137035	127.82411572074064	116.40150390158735	129.51404009240326	128.59119762036931	128.43283381548144	126.73015032639172	128.60768570765745	126.3882068883265	127.82411572074064	136.2239428443707	118.87718343614166	128.5003463569964	127.80781728760742	127.82675632963401	126.73193607363882	127.76969492580113	127.39299196065308	116.40150390158735	118.87718343614166	110.86429004216063	117.41091955082533	116.39994508319445	116.16794786740725	114.46278997556483	116.48694039088637	115.68660400080539	129.51404009240326	128.5003463569964	117.41091955082533	130.87583607673687	129.51184784463274	129.35678185828613	127.68703454477311	129.52495137578615	127.63490093660957	128.59119762036931	127.80781728760742	116.39994508319445	129.51184784463274	128.5923913319562	128.43114292980982	126.72643366948876	128.60558094935453	126.39371713274683	128.43283381548144	127.82675632963401	116.16794786740725	129.35678185828613	128.43114292980982	129.31117043517432	126.58141459319113	128.45352097292096	126.11277522909039	126.73015032639172	126.73193607363882	114.46278997556483	127.68703454477311	126.72643366948876	126.58141459319113	129.4984178121695	126.75255397610408	126.82989982836051	128.60768570765745	127.76969492580113	116.48694039088637	129.52495137578615	128.60558094935453	128.45352097292096	126.75255397610408	128.78502473747287	126.44896188450859	126.3882068883265	127.39299196065308	115.68660400080539	127.63490093660957	126.39371713274683	126.11277522909039	126.82989982836051	126.44896188450859	131.42784388302942
102.1960164071458	106.79698323479998	102.00282337862984	102.1246046100713	102.07419517426514	101.69184516074209	101.93423787716026	102.55909397220066	102.08694216411703	106.79698323479998	117.12905388045377	106.64170064007095	106.73929786829747	106.69931955752698	106.53311329526956	106.58207394893263	106.96972390976534	106.71930022002007	102.00282337862984	106.64170064007095	102.02748514283442	102.10949614696915	102.05953975556027	101.6839408232055	101.91595307374963	102.5364868309893	102.07360515898085	102.1246046100713	106.73929786829747	102.10949614696915	102.24855633043391	102.18094696238023	101.80631871387783	102.03745086141396	102.65596830194058	102.1950452252308	102.07419517426514	106.69931955752698	102.05953975556027	102.18094696238023	102.1344295850363	101.75585404220865	101.98763718645901	102.60669113547733	102.14496635664477	101.69184516074209	106.53311329526956	101.6839408232055	101.80631871387783	101.75585404220865	102.64858684250378	101.6163433580918	102.25864429372062	101.76818064344712	101.93423787716026	106.58207394893263	101.91595307374963	102.03745086141396	101.98763718645901	101.6163433580918	102.11639396364697	102.4641371372389	102.00316624867747	102.55909397220066	106.96972390976534	102.5364868309893	102.65596830194058	102.60669113547733	102.25864429372062	102.4641371372389	103.53920093083538	102.62134124666463	102.08694216411703	106.71930022002007	102.07360515898085	102.1950452252308	102.14496635664477	101.76818064344712	102.00316624867747	102.62134124666463	102.2237624165162
116.59577992882664	120.37464833098677	108.88793659622394	113.85345457726248	113.74386720578624	113.29871696969832	113.74354519116957	115.54577138381342	113.76351004050052	120.37464833098677	133.81610114563784	113.43586481585257	116.94673779407812	116.86335986285849	116.79998529669102	116.87533853044087	117.53719492518368	116.88069824107264	108.88793659622394	113.43586481585257	106.67580264083692	109.02590428329418	108.9277697498814	108.57418669051393	108.89846528053887	110.53856659387631	108.94877107597767	113.85345457726248	116.94673779407812	109.02590428329418	114.47533030756594	114.34141522815598	114.00330752286314	114.3168845466589	115.48549537334996	114.36380046128146	113.74386720578624	116.86335986285849	108.9277697498814	114.34141522815598	114.25423828269953	113.90392236313296	114.21796127052464	115.38981500573962	114.26483655861465	113.29871696969832	116.79998529669102	108.57418669051393	114.00330752286314	113.90392236313296	115.65593987905196	113.88131979986939	115.216868270569	113.92607617994622	113.74354519116957	116.87533853044087	108.89846528053887	114.3168845466589	114.21796127052464	113.88131979986939	114.29910002267789	115.3694197371209	114.24042627285421	115.54577138381342	117.53719492518368	110.53856659387631	115.48549537334996	115.38981500573962	115.216868270569	115.3694197371209	118.89422903782098	115.41151527290994	113.76351004050052	116.88069824107264	108.94877107597767	114.36380046128146	114.26483655861465	113.92607617994622	114.24042627285421	115.41151527290994	114.29088527138553
113.15518127195787	117.66207263463505	107.48865341335873	110.60499558465683	110.57025859287039	110.24950589369615	110.51199102045344	112.7035921904327	110.57855321746271	117.66207263463505	131.5836820397981	112.40162866818002	114.63315085628506	114.60641765265062	114.56764359166935	114.58427282220296	115.40882272844084	114.61458553703208	107.48865341335873	112.40162866818002	106.0280816306244	107.4611623647046	107.4290842683361	107.1656470563528	107.30945757959655	109.30043937473839	107.4400317020581	110.60499558465683	114.63315085628506	107.4611623647046	110.82884870311082	110.78635795000022	110.52742405517454	110.67314679904734	112.35191039214504	110.79734643563393	110.57025859287039	114.60641765265062	107.4290842683361	110.78635795000022	110.75965638544659	110.49485330405521	110.64067073652512	112.3206441436425	110.76483883375515	110.24950589369615	114.56764359166935	107.1656470563528	110.52742405517454	110.49485330405521	111.7799446985639	110.38573044832569	112.19720242347438	110.50560405472878	110.51199102045344	114.58427282220296	107.30945757959655	110.67314679904734	110.64067073652512	110.38573044832569	110.79857175521576	112.21841264413196	110.65183245273417	112.7035921904327	115.40882272844084	109.30043937473839	112.35191039214504	112.3206441436425	112.19720242347438	112.21841264413196	116.3747470239225	112.33140143844393	110.57855321746271	114.61458553703208	107.4400317020581	110.79734643563393	110.76483883375515	110.50560405472878	110.65183245273417	112.33140143844393	110.78400948735347
109.15985139617024	113.4957852993335	105.96448604179845	106.94950019382675	106.89952740128729	106.54695354553633	106.5049547837673	109.78756832007419	106.92431983647403	113.4957852993335	126.1132785115174	110.49361227703035	111.25096686201923	111.20953419093013	111.14317908420185	110.94593071453455	112.54345336342924	111.23269454386399	105.96448604179845	110.49361227703035	105.56220426513262	106.01640786011865	105.96808343286223	105.67466026829356	105.34642642872856	108.38433832770191	105.99466836315469	106.94950019382675	111.25096686201923	106.01640786011865	107.06448951537972	107.00584291178536	106.71412518750495	106.39506581883602	109.31157727020897	107.03275034031132	106.89952740128729	111.20953419093013	105.96808343286223	107.00584291178536	106.97278730728463	106.66545830637273	106.3463015344487	109.26489096745533	106.98403575304589	106.54695354553633	111.14317908420185	105.67466026829356	106.71412518750495	106.66545830637273	108.15673743746193	106.07748350995034	109.16270776403249	106.69206956561945	106.5049547837673	110.94593071453455	105.34642642872856	106.39506581883602	106.3463015344487	106.07748350995034	107.01885850626107	108.71608857552938	106.37391645098738	109.78756832007419	112.54345336342924	108.38433832770191	109.31157727020897	109.26489096745533	109.16270776403249	108.71608857552938	114.41363682807575	109.29109478446988	106.92431983647403	111.23269454386399	105.99466836315469	107.03275034031132	106.98403575304589	106.69206956561945	106.37391645098738	109.29109478446988	107.0152676174121
115.19737877481454	116.13502318686177	109.89287716095957	111.9028680159203	111.25618416407632	111.57418788495781	111.48719552076176	118.03198304867726	111.88264189232744	116.13502318686177	124.50241984185621	112.10065976380366	113.87671027621602	113.25984317482214	113.75383480572025	113.46318120193963	117.13034021287172	113.861278577314	109.89287716095957	112.10065976380366	108.81991306130172	109.68501754238747	109.02123431221976	109.41993718071807	108.82861145782097	114.51246862990479	109.668575476399	111.9028680159203	113.87671027621602	109.68501754238747	111.91861362812743	111.22133681174425	111.62804220125741	111.07934479358376	116.14846026465545	111.894065698758	111.25618416407632	113.25984317482214	109.02123431221976	111.22133681174425	110.92382798626068	110.9469082994418	110.38065566479493	115.51792942631567	111.20444775547251	111.57418788495781	113.75383480572025	109.41993718071807	111.62804220125741	110.9469082994418	113.78428785678175	110.84461629542102	116.41206481070981	111.61133064098074	111.48719552076176	113.46318120193963	108.82861145782097	111.07934479358376	110.38065566479493	110.84461629542102	112.07313202647711	115.58577763133745	111.06346566697096	118.03198304867726	117.13034021287172	114.51246862990479	116.14846026465545	115.51792942631567	116.41206481070981	115.58577763133745	126.64895261684778	116.13364987858708	111.88264189232744	113.861278577314	109.668575476399	111.894065698758	111.20444775547251	111.61133064098074	111.06346566697096	116.13364987858708	111.88123921409654
