128.91185439865248	127.52398191710046	116.71771470057323	128.88616560568397	128.8448271049902	120.61801991799676	124.66499592024151	127.73192408378114	128.18331229260465	127.52398191710046	138.144910840073	117.69195840102627	127.4822314417529	127.44676438195899	123.88942413365918	124.81042352131752	124.10640870050543	127.09862905674466	116.71771470057323	117.69195840102627	112.93504981762513	116.74728943036882	116.71311126263281	111.63929397864555	111.44335011900824	119.71630654250812	116.37639666416517	128.88616560568397	127.4822314417529	116.74728943036882	128.96715248724615	128.92267690877054	120.62547596397219	124.66323054396611	127.71117293239661	128.2622764600366	128.8448271049902	127.44676438195899	116.71311126263281	128.92267690877054	128.89704838939682	120.59321927102454	124.61945954344668	127.67727463923868	128.22074053933136	120.61801991799676	123.88942413365918	111.63929397864555	120.62547596397219	120.59321927102454	159.72715008393735	121.96429367211286	133.87895406279603	119.95521937929577	124.66499592024151	124.81042352131752	111.44335011900824	124.66323054396611	124.61945954344668	121.96429367211286	132.4804815577265	124.90771595408148	125.10950569991532	127.73192408378114	124.10640870050543	119.71630654250812	127.71117293239661	127.67727463923868	133.87895406279603	124.90771595408148	138.9387831736115	127.35941975330462	128.18331229260465	127.09862905674466	116.37639666416517	128.2622764600366	128.22074053933136	119.95521937929577	125.10950569991532	127.35941975330462	128.90435769116868
114.19342141607876	114.47834574043608	111.9935204516688	114.12976743142539	113.04109733828497	108.38543221825154	110.48363497037056	117.60736128501568	114.12134104151366	114.47834574043608	116.75985195039348	112.42744561131121	114.49078047625504	113.42067073492822	109.57126484425766	111.00759820412792	117.47248940718245	114.48311845427153	111.9935204516688	112.42744561131121	111.17428413103472	112.02008879111801	110.96733673856251	106.50507379701627	108.1355922086854	116.01675959021111	112.01226358449152	114.12976743142539	114.49078047625504	112.02008879111801	114.1628346295427	113.07007801375553	108.43411571252683	110.47115874396333	117.56727142793142	114.15131440551345	113.04109733828497	113.42067073492822	110.96733673856251	113.07007801375553	112.61185212795112	107.53545992020618	109.29972949554825	116.59321516352024	113.06149803210864	108.38543221825154	109.57126484425766	106.50507379701627	108.43411571252683	107.53545992020618	142.4694149781382	107.97770958332704	122.37439186982778	108.42089472799817	110.48363497037056	111.00759820412792	108.1355922086854	110.47115874396333	109.29972949554825	107.97770958332704	113.98574982462253	114.9555862310714	110.4713519773463	117.60736128501568	117.47248940718245	116.01675959021111	117.56727142793142	116.59321516352024	122.37439186982778	114.9555862310714	128.51160907024934	117.56190102772105	114.12134104151366	114.48311845427153	112.01226358449152	114.15131440551345	113.06149803210864	108.42089472799817	110.4713519773463	117.56190102772105	114.15654622205562
114.48496604980875	114.31787826270478	111.3116135929186	114.19107449218623	113.84856345616551	114.18172727412096	109.4716390891769	119.19259633954191	113.65377052394636	114.31787826270478	115.16757170124485	111.59599880787695	114.46088498274331	114.11864720366792	114.45189428520344	109.56292253115743	118.88996723773955	113.97424890300614	111.3116135929186	111.59599880787695	110.40891948404169	111.46442265459723	111.13714601955976	111.45528609357171	106.1307056845529	116.8942490723361	111.03959140689334	114.19107449218623	114.46088498274331	111.46442265459723	114.36425936488769	114.01728004513899	114.35194295154666	109.37435064255702	118.96928894671179	113.8566079783939	113.84856345616551	114.11864720366792	111.13714601955976	114.01728004513899	113.8736789929757	114.00805355845362	108.98534049037208	118.65116652044925	113.51044013324181	114.18172727412096	114.45189428520344	111.45528609357171	114.35194295154666	114.00805355845362	114.35665412395328	109.36721046662667	118.96556429433629	113.84688531822	109.4716390891769	109.56292253115743	106.1307056845529	109.37435064255702	108.98534049037208	109.36721046662667	115.45403624202825	114.79827743199144	110.3367482889719	119.19259633954191	118.88996723773955	116.8942490723361	118.96928894671179	118.65116652044925	118.96556429433629	114.79827743199144	128.75046559946463	118.82672500510532	113.65377052394636	113.97424890300614	111.03959140689334	113.8566079783939	113.51044013324181	113.84688531822	110.3367482889719	118.82672500510532	115.12612746813889
127.99894622662558	127.45491619127736	115.81586123267783	126.86430607326142	126.62598911794602	126.85503003372948	123.82393845458397	128.78619161853362	125.15598937524678	127.45491619127736	138.49361309491493	117.35977644048889	126.12437649105225	125.9127737268234	126.11840766955876	124.46116457483187	124.84696836395094	125.21490918311493	115.81586123267783	117.35977644048889	112.35937610119726	116.14830611968489	115.94563964718081	116.14001980755262	111.43776157047282	120.05010423484845	115.33926939965154	126.86430607326142	126.12437649105225	116.14830611968489	128.11096229363193	127.85784825303918	128.09853029071903	123.67555516581878	128.44221181121947	126.51375549249012	126.62598911794602	125.9127737268234	115.94563964718081	127.85784825303918	127.72252292956102	127.84851343496052	123.40627786360412	128.22258812966308	126.26545551740426	126.85503003372948	126.11840766955876	116.14001980755262	128.09853029071903	127.84851343496052	128.10364909856187	123.66825175467439	128.43824137042466	126.50364569954122	123.82393845458397	124.46116457483187	111.43776157047282	123.67555516581878	123.40627786360412	123.66825175467439	131.40916781528597	125.10465967991773	124.64957688396605	128.78619161853362	124.84696836395094	120.05010423484845	128.44221181121947	128.22258812966308	128.43824137042466	125.10465967991773	137.33768620116922	127.58217518903963	125.15598937524678	125.21490918311493	115.33926939965154	126.51375549249012	126.26545551740426	126.50364569954122	124.64957688396605	127.58217518903963	128.36365405473876
127.75705508943526	127.27784449268933	115.55276335753965	127.5867416298401	127.16543475456311	127.4964936596598	126.43678743802516	128.73736215189004	126.7362714882877	127.27784449268933	138.25672364829603	117.3861872203521	127.08823859646165	126.7131542084509	127.05463193365786	126.33297030996121	124.94689580666638	126.68732122210602	115.55276335753965	117.3861872203521	111.4710861415372	115.56093711588632	115.21056508314395	115.50591930003739	113.98269776804811	119.59829420764109	115.43169574802867	127.5867416298401	127.08823859646165	115.56093711588632	127.737707736174	127.31059378686268	127.6436032798667	126.51528764584677	128.66964807434596	126.9154670324424	127.16543475456311	126.7131542084509	115.21056508314395	127.31059378686268	127.08162306395306	127.22033323721911	126.07434587782073	128.28545899296645	126.49880842478565	127.4964936596598	127.05463193365786	115.50591930003739	127.6436032798667	127.22033323721911	128.09154816203318	126.44489848231274	128.7318131996087	126.81578330918227	126.43678743802516	126.33297030996121	113.98269776804811	126.51528764584677	126.07434587782073	126.44489848231274	129.26334085856274	127.48590555479257	126.35335029441299	128.73736215189004	124.94689580666638	119.59829420764109	128.66964807434596	128.28545899296645	128.7318131996087	127.48590555479257	137.219570528943	128.39341564478332	126.7362714882877	126.68732122210602	115.43169574802867	126.9154670324424	126.49880842478565	126.81578330918227	126.35335029441299	128.39341564478332	128.26888069817633
119.61698762198421	120.66964490943258	111.77586959935778	119.60895439906815	118.94085831381587	119.12165168561697	119.31569833569907	120.97345626390748	119.58621739860753	120.66964490943258	127.51102285585011	113.9031987364152	120.6677888607307	120.04437544211348	120.43939620603912	120.41497490130033	121.10582955171752	120.65792841265187	111.77586959935778	113.9031987364152	108.25126674691722	111.78852712675243	111.17819657753556	111.28841299565379	111.41152040302804	114.02804443438839	111.78247815379203	119.60895439906815	120.6677888607307	111.78852712675243	119.62733930111568	118.95617207793137	119.13842573519385	119.32978742615246	120.97975109505852	119.60192165183008	118.94085831381587	120.04437544211348	111.17819657753556	118.95617207793137	118.62151806991348	118.47650382742805	118.65472463606113	120.33671126784336	118.93405283640499	119.12165168561697	120.43939620603912	111.28841299565379	119.13842573519385	118.47650382742805	121.1621509701603	118.86844893546018	120.83317450324897	119.1116814401967	119.31569833569907	120.41497490130033	111.41152040302804	119.32978742615246	118.65472463606113	118.86844893546018	119.86566679462379	120.68445870626391	119.31400841033691	120.97345626390748	121.10582955171752	114.02804443438839	120.97975109505852	120.33671126784336	120.83317450324897	120.68445870626391	125.32811991990928	120.96817843755385	119.58621739860753	120.65792841265187	111.78247815379203	119.60192165183008	118.93405283640499	119.1116814401967	119.31400841033691	120.96817843755385	119.67504180381911
113.56568261975333	113.99421341742497	110.36713581948547	113.57347834813552	111.6668523085426	106.04776969686324	113.52209005515077	114.82068577505851	113.59503098958673	113.99421341742497	116.011073225657	110.91403352067691	114.00574018358722	112.13557412729644	107.40521229423412	113.9568892538072	115.11775398450402	114.03048715493281	110.36713581948547	110.91403352067691	108.78987183077427	110.38015204028466	108.53058953804457	102.5331454074457	110.32511465782059	111.91097160293016	110.41809662043465	113.57347834813552	114.00574018358722	110.38015204028466	113.59178870164122	111.68032359896047	106.06962552840379	113.53494632764853	114.83150153770464	113.60817015496997	111.6668523085426	112.13557412729644	108.53058953804457	111.68032359896047	110.78069178491586	104.33648480839047	111.62662360531867	112.99930286286975	111.70339459438622	106.04776969686324	107.40521229423412	102.5331454074457	106.06962552840379	104.33648480839047	127.35159661785076	106.03726069367133	110.82686186610812	105.946799173005	113.52209005515077	113.9568892538072	110.32511465782059	113.53494632764853	111.62662360531867	106.03726069367133	113.55981857131265	114.78469032877294	113.5581089282291	114.82068577505851	115.11775398450402	111.91097160293016	114.83150153770464	112.99930286286975	110.82686186610812	114.78469032877294	118.68474903476681	114.85761575244607	113.59503098958673	114.03048715493281	110.41809662043465	113.60817015496997	111.70339459438622	105.946799173005	113.5581089282291	114.85761575244607	113.87343697999482
119.44304841691088	119.67614004074315	117.95250373320634	119.6643149754806	112.62068208808212	110.43865638036617	119.42579436127097	120.55768179242276	119.4427942087127	119.67614004074315	120.91653313192383	118.2212250484545	119.8927651154315	112.93477048726817	111.29759284690803	119.66275563151491	120.7132432040314	119.67929056510162	117.95250373320634	118.2212250484545	117.15462253095069	118.18085167543975	111.22441184249513	108.80959418390226	117.93831555241773	119.18809923397912	117.95631006018314	119.6643149754806	119.8927651154315	118.18085167543975	120.03512471488898	112.91264406695086	110.79487250152994	119.65056808215911	120.76344292409021	119.66789264290057	112.62068208808212	112.93477048726817	111.22441184249513	112.91264406695086	109.61609870636212	104.34060444404174	112.60450341883654	113.97366195335988	112.6243155811512	110.43865638036617	111.29759284690803	108.80959418390226	110.79487250152994	104.34060444404174	130.42349331764734	110.4377522034709	114.9891597946789	110.43972717566687	119.42579436127097	119.66275563151491	117.93831555241773	119.65056808215911	112.60450341883654	110.4377522034709	119.44241862762048	120.54478091375688	119.4293099537215	120.55768179242276	120.7132432040314	119.18809923397912	120.76344292409021	113.97366195335988	114.9891597946789	120.54478091375688	124.09500312514098	120.56038379955957	119.4427942087127	119.67929056510162	117.95631006018314	119.66789264290057	112.6243155811512	110.43972717566687	119.4293099537215	120.56038379955957	119.45738635995859
112.90526704565694	112.9372145704756	111.32270235992787	112.96127988100949	109.95776335399697	105.62773581169617	112.85550484458905	115.19385491545782	112.90516847034753	112.9372145704756	113.09432435131518	111.36229977649772	112.99666871842132	109.9972084805956	105.73153894206526	112.89127299875537	115.21128573373522	112.94079075202166	111.32270235992787	111.36229977649772	110.54502774524573	111.38286632627698	108.4263324701668	103.9796482568131	111.27464967736243	113.84019173118946	111.3267276951804	112.96127988100949	112.99666871842132	111.38286632627698	113.05082463721278	110.02321417256871	105.71217601525173	112.9151188912029	115.24482440032561	112.96491756427349	109.95776335399697	109.9972084805956	108.4263324701668	110.02321417256871	108.64413099249721	103.05707597632012	109.90873344311242	112.42770348650535	109.96143870880364	105.62773581169617	105.73153894206526	103.9796482568131	105.71217601525173	103.05707597632012	130.16844957077652	105.61443136549632	113.68281369277614	105.62696439459253	112.85550484458905	112.89127299875537	111.27464967736243	112.9151188912029	109.90873344311242	105.61443136549632	112.89579610547808	115.15377732412453	112.85919363394231	115.19385491545782	115.21128573373522	113.84019173118946	115.24482440032561	112.42770348650535	113.68281369277614	115.15377732412453	121.4929927338516	115.19617285781597	112.90516847034753	112.94079075202166	111.3267276951804	112.96491756427349	109.96143870880364	105.62696439459253	112.85919363394231	115.19617285781597	112.92208491449226
103.58720874689861	103.62031046236531	101.809379663637	103.59575130932517	103.27967359787439	103.54019316450609	103.55745018008092	104.98780141704317	103.58506199742025	103.62031046236531	103.72090522148187	101.85846649754697	103.64192523048462	103.32602985099568	103.5866553471003	103.6036503370684	105.0265695726553	103.6315428696795	101.809379663637	101.85846649754697	100.86091526708185	101.83155154882422	101.51984611911392	101.77441545800352	101.79192628636534	103.31167535765951	101.82366678469536	103.59575130932517	103.64192523048462	101.83155154882422	103.62130327457797	103.30145695523589	103.56202835850156	103.57914019304303	105.00629520703906	103.60701203507452	103.27967359787439	103.32602985099568	101.51984611911392	103.30145695523589	103.15252028447541	103.24600533977527	103.26285179892666	104.69513258184288	103.29102906913442	103.54019316450609	103.5866553471003	101.77441545800352	103.56202835850156	103.24600533977527	103.63217111635808	103.52374381892355	104.95974685014832	103.5512016899071	103.55745018008092	103.6036503370684	101.79192628636534	103.57914019304303	103.26285179892666	103.52374381892355	103.59199564139216	104.96903468246668	103.56908732232954	104.98780141704317	105.0265695726553	103.31167535765951	105.00629520703906	104.69513258184288	104.95974685014832	104.96903468246668	107.48931882897475	105.00074196395096	103.58506199742025	103.6315428696795	101.82366678469536	103.60701203507452	103.29102906913442	103.5512016899071	103.56908732232954	105.00074196395096	103.69938802400266
104.0826620369634	104.23353906585086	102.13420106708384	104.10307352390869	103.85347413141666	101.54538397140323	104.0364531234683	104.72914800448164	104.0820841859532	104.23353906585086	104.6367792770643	102.30348479494961	104.25909028475074	104.01032529863572	101.74867670667282	104.19291710118885	104.87491475204216	104.23835972191544	102.13420106708384	102.30348479494961	101.07998049406845	102.16056048473922	101.91414533829312	99.50173223717721	102.09154010712611	102.83485524425922	102.13975390454877	104.10307352390869	104.25909028475074	102.16056048473922	104.13686830477165	103.87950041599713	101.57529450769174	104.0623253555103	104.75400868715975	104.10802242930392	103.85347413141666	104.01032529863572	101.91414533829312	103.87950041599713	103.75291284072529	101.32660346391964	103.81251946140365	104.50675698698944	103.85842669098491	101.54538397140323	101.74867670667282	99.50173223717721	101.57529450769174	101.32660346391964	105.50325963004931	101.51165247748612	102.42894675696338	101.54987954597546	104.0364531234683	104.19291710118885	102.09154010712611	104.0623253555103	103.81251946140365	101.51165247748612	104.0750621258616	104.68847510706246	104.04147580730564	104.72914800448164	104.87491475204216	102.83485524425922	104.75400868715975	104.50675698698944	102.42894675696338	104.68847510706246	105.97453541937544	104.7338346770495	104.0820841859532	104.23835972191544	102.13975390454877	104.10802242930392	103.85842669098491	101.54987954597546	104.04147580730564	104.7338346770495	104.10248277314565
118.89036014626825	120.55040513685677	111.52260797794445	118.52198203729107	117.74465512950896	118.49081208111123	117.16407716870248	119.7552963290045	118.44320020180173	120.55040513685677	129.35980691063713	114.5168001333839	120.23553209960131	119.52671801158921	120.21209245776596	119.11202621047227	120.51586453191445	120.19637013887855	111.52260797794445	114.5168001333839	108.63247311057349	111.79977838528045	111.08018977492188	111.76926283229571	109.91377668036309	113.44731368979492	111.75279021139964	118.52198203729107	120.23553209960131	111.79977838528045	118.88297687992528	118.08563213245566	118.83989150835748	117.31244946922926	119.92075335293633	118.80147626433741	117.74465512950896	119.52671801158921	111.08018977492188	118.08563213245566	117.69256565477414	118.05504319116487	116.49333193825132	119.15857528140846	118.01694742002636	118.49081208111123	120.21209245776596	111.76926283229571	118.83989150835748	118.05504319116487	118.81307729875994	117.28420307717008	119.89302455358023	118.77124391116499	117.16407716870248	119.11202621047227	109.91377668036309	117.31244946922926	116.49333193825132	117.28420307717008	119.87519257520995	118.39944748779045	117.30357171752465	119.7552963290045	120.51586453191445	113.44731368979492	119.92075335293633	119.15857528140846	119.89302455358023	118.39944748779045	123.28692484775621	119.86556919251242	118.44320020180173	120.19637013887855	111.75279021139964	118.80147626433741	118.01694742002636	118.77124391116499	117.30357171752465	119.86556919251242	118.90879836827163
112.34366544556877	113.66439719874917	106.91302842293851	112.36212352944958	111.74187931423789	112.33884098613422	112.11589663623083	112.67189209499634	112.32910227315716	113.66439719874917	117.84843410404008	108.68969714254496	113.684865157538	113.0885096880771	113.66439420698042	113.45625761402668	113.91474919812133	113.66073552607494	106.91302842293851	108.68969714254496	104.03109999355154	106.93974612415518	106.34668766889523	106.91544726599854	106.65701113709297	107.34074883796802	106.91353411030315	112.36212352944958	113.684865157538	106.93974612415518	112.39606581244486	111.76784795463725	112.36454626336187	112.14120145527141	112.696782999336	112.35496965610834	111.74187931423789	113.0885096880771	106.34668766889523	111.76784795463725	111.45826093852524	111.7442815203598	111.51708379770446	112.08002031309675	111.73491827167466	112.33884098613422	113.66439420698042	106.91544726599854	112.36454626336187	111.7442815203598	112.34946201174654	112.11812845429432	112.6740462750118	112.33159213058796	112.11589663623083	113.45625761402668	106.65701113709297	112.14120145527141	111.51708379770446	112.11812845429432	112.4288334810181	112.4511768642536	112.11249102760043	112.67189209499634	113.91474919812133	107.34074883796802	112.696782999336	112.08002031309675	112.6740462750118	112.4511768642536	113.42587027147046	112.66567688834043	112.32910227315716	113.66073552607494	106.91353411030315	112.35496965610834	111.73491827167466	112.33159213058796	112.11249102760043	112.66567688834043	112.41137415050821
122.5915185348166	124.1009190910155	113.54809300835251	122.10748519208676	120.70757766709812	121.93653558201902	121.86511631331295	123.07661916283219	121.93124887890845	124.1009190910155	135.00136468586368	116.90109129260912	123.4148712425186	122.20577779116189	123.29533105121033	123.24467678992343	123.1665281144967	123.29462502933694	113.54809300835251	116.90109129260912	109.88706570250243	113.84502841815689	112.5569328250882	113.68223528721552	113.56759026243355	115.33971783241732	113.6838798449664	122.10748519208676	123.4148712425186	113.84502841815689	122.68946039883863	121.19751921249781	122.45016738236332	122.358948580235	123.32188879281249	122.44721447668512	120.70757766709812	122.20577779116189	112.5569328250882	121.19751921249781	120.40340964845186	121.02983774048644	120.93556125140455	121.95158019684912	121.02694639231117	121.93653558201902	123.29533105121033	113.68223528721552	122.45016738236332	121.02983774048644	122.29071624755119	122.19723842489252	123.17099789252231	122.28463861089152	121.86511631331295	123.24467678992343	113.56759026243355	122.358948580235	120.93556125140455	122.19723842489252	122.37808054026404	123.08203199949747	122.19462828862429	123.07661916283219	123.1665281144967	115.33971783241732	123.32188879281249	121.95158019684912	123.17099789252231	123.08203199949747	126.74084657681661	123.16924891699229	121.93124887890845	123.29462502933694	113.6838798449664	122.44721447668512	121.02694639231117	122.28463861089152	122.19462828862429	123.16924891699229	122.30716007552323
127.22046543565197	126.95781710888208	118.89530744690326	128.03630537602268	122.98658484401876	126.69181266379788	126.67382790548498	127.58300836760387	126.68671663119632	126.95781710888208	128.99366350716545	119.62301119033557	128.26970509107338	123.40347167292413	127.09187553945334	127.07231905699092	127.60907233958362	127.09172421090409	118.89530744690326	119.62301119033557	115.14241507242693	120.5221512700834	115.7273166539685	119.20146382409587	119.17381518988587	120.48212908335296	119.20871439365143	128.03630537602268	128.26970509107338	120.5221512700834	130.15035806404543	124.64485664206035	128.24535216659268	128.22296540365778	128.80374648249474	128.24836674109983	122.98658484401876	123.40347167292413	115.7273166539685	124.64485664206035	121.54656647988479	123.23999964982626	123.21545287530635	123.99407245175638	123.24146519914343	126.69181266379788	127.09187553945334	119.20146382409587	128.24535216659268	123.23999964982626	127.00836062575686	126.98446761838909	127.65877206483633	127.00475173500294	126.67382790548498	127.07231905699092	119.17381518988587	128.22296540365778	123.21545287530635	126.98446761838909	127.02609734877056	127.63843840510975	126.98388210902544	127.58300836760387	127.60907233958362	120.48212908335296	128.80374648249474	123.99407245175638	127.65877206483633	127.63843840510975	130.32267494096828	127.6602617493943	126.68671663119632	127.09172421090409	119.20871439365143	128.24836674109983	123.24146519914343	127.00475173500294	126.98388210902544	127.6602617493943	127.05757760591464
108.0824667051678	108.10619863211787	108.05174298332294	110.25832670906537	106.02613999522569	107.64707597021915	106.95792715160432	108.07085650351696	108.10511616597313	108.10619863211787	108.25921970967053	108.1360204447794	110.32540195657704	106.1087505894493	107.736741508642	107.03906835995865	108.15501761043744	108.19079675843675	108.05174298332294	108.1360204447794	108.08816797505072	110.27725597179591	106.05424787441552	107.6807149598544	106.98270602757881	108.10120125405884	108.13679827033702	110.25832670906537	110.32540195657704	110.27725597179591	113.26299273721425	108.38215965004358	109.91238977475602	109.14046871433516	110.29549900253603	110.353147462376	106.02613999522569	106.1087505894493	106.05424787441552	108.38215965004358	105.39995659729715	105.66289260442805	104.8948209488017	106.07304859820889	106.11343111877838	107.64707597021915	107.736741508642	107.6807149598544	109.91238977475602	105.66289260442805	108.32217558326685	106.59497789145323	107.70019691489215	107.73116287003003	106.95792715160432	107.03906835995865	106.98270602757881	109.14046871433516	104.8948209488017	106.59497789145323	107.65669382187406	107.00222548960075	107.06968826604285	108.07085650351696	108.15501761043744	108.10120125405884	110.29549900253603	106.07304859820889	107.70019691489215	107.00222548960075	108.12535980071327	108.15583163423143	108.10511616597313	108.19079675843675	108.13679827033702	110.353147462376	106.11343111877838	107.73116287003003	107.06968826604285	108.15583163423143	108.40976533518999
116.86151814461606	116.8984990883171	115.83192943008318	119.5274593235049	111.86130963280887	116.58116266274519	115.71372568403535	116.62566266964913	116.64494133722967	116.8984990883171	117.96120999903805	116.34246760015152	119.81163989344412	112.2965520421453	117.07928985250025	116.18967495130144	117.11923983457787	117.14301560320231	115.83192943008318	116.34246760015152	115.65539163777675	118.87710459121205	111.30513969098456	116.05431142643624	115.12635172947657	116.09675688409831	116.1213912428135	119.5274593235049	119.81163989344412	118.87710459121205	123.68528816280315	115.33426076388957	119.60235776614765	118.6242066875813	119.63809754907004	119.6766962791162	111.86130963280887	112.2965520421453	111.30513969098456	115.33426076388957	110.74392086393006	112.00729129067783	110.94398666559528	112.0456463442755	112.07666191539725	116.58116266274519	117.07928985250025	116.05431142643624	119.60235776614765	112.00729129067783	116.91768692089092	115.89503744678612	116.84419433926374	116.86742252624191	115.71372568403535	116.18967495130144	115.12635172947657	118.6242066875813	110.94398666559528	115.89503744678612	116.67149897561444	115.9356803153194	115.97212977290621	116.62566266964913	117.11923983457787	116.09675688409831	119.63809754907004	112.0456463442755	116.84419433926374	115.9356803153194	116.88855187798202	116.90929075004317	116.64494133722967	117.14301560320231	116.1213912428135	119.6766962791162	112.07666191539725	116.86742252624191	115.97212977290621	116.90929075004317	117.03263949716334
131.55088961815287	130.31131129073214	129.58449818303166	138.75740927078468	126.82309876335411	130.18516352745982	128.33632916154264	130.20318709610206	133.0005312857945	130.31131129073214	130.90447515989294	129.39057939357954	137.49723272944576	126.01431396072246	129.98458189074393	128.1169065240564	129.99965984315878	132.82043838015355	129.58449818303166	129.39057939357954	129.0699776051096	137.1890079900259	125.55028496774305	129.34229453190764	127.34974725003491	129.3587018901209	132.310734099597	138.75740927078468	137.49723272944576	137.1890079900259	150.16964408583797	136.74101038694255	137.6837276824164	135.83367750272643	137.69144311687018	142.61906738197717	126.82309876335411	126.01431396072246	125.55028496774305	136.74101038694255	128.95182847218229	126.03107198552946	123.64841694442269	126.0414246609319	130.1834115259369	130.18516352745982	129.98458189074393	129.34229453190764	137.6837276824164	126.03107198552946	130.0128360650158	127.99043380150198	129.96409648248306	132.82896605819812	128.33632916154264	128.1169065240564	127.34974725003491	135.83367750272643	123.64841694442269	127.99043380150198	131.07258531225207	128.0065276033801	132.5074238602717	130.20318709610206	129.99965984315878	129.3587018901209	137.69144311687018	126.0414246609319	129.96409648248306	128.0065276033801	129.98283267890847	132.84627541770556	133.0005312857945	132.82043838015355	132.310734099597	142.61906738197717	130.1834115259369	132.82896605819812	132.5074238602717	132.84627541770556	141.07847728612995
127.96571820461295	127.42990495836163	127.31123306946313	135.12215989817727	123.60629595663792	127.24702565906557	126.73361292139161	127.43069952180832	129.3701031777123	127.42990495836163	127.3143236837428	127.18610002975701	134.6722190861356	123.27938794006525	127.13017572157439	126.59747292194083	127.30559293658456	129.26246114281747	127.31123306946313	127.18610002975701	127.12749910114172	134.57467473133727	123.18109173658107	127.01097811197928	126.47622205728668	127.18709376834339	129.15354113118715	135.12215989817727	134.6722190861356	134.57467473133727	145.92831330631657	132.93757409309055	134.61034450441682	133.9142444354909	134.6746406238623	137.7267277715213	123.60629595663792	123.27938794006525	123.18109173658107	132.93757409309055	125.25867733587869	123.17958765218775	122.41041384671522	123.28066109682439	125.93586528560468	127.24702565906557	127.13017572157439	127.01097811197928	134.61034450441682	123.17958765218775	127.75411116236661	126.42429703402186	127.1311683288995	129.07937925788482	126.73361292139161	126.59747292194083	126.47622205728668	133.9142444354909	122.41041384671522	126.42429703402186	127.22676189912167	126.59829788656339	128.7972053146966	127.43069952180832	127.30559293658456	127.18709376834339	134.6746406238623	123.28066109682439	127.1311683288995	126.59829788656339	127.31022775610244	129.26373786511024	129.3701031777123	129.26246114281747	129.15354113118715	137.7267277715213	125.93586528560468	129.07937925788482	128.7972053146966	129.26373786511024	133.89077949362698
105.59957184845273	105.65457300934082	105.55016149856867	107.06574064482038	103.35239394224226	105.28881835738709	105.54831726709224	105.59558527138434	105.60032495451519	105.65457300934082	105.85316870849984	105.65628287367223	107.15983371052538	103.45830220955781	105.39885322555484	105.65421535225946	105.70150625394766	105.70666032825186	105.55016149856867	105.65628287367223	105.57025548757989	107.06169919797212	103.35367759210776	105.29296465911256	105.55039643139246	105.59786896570307	105.60295503681078	107.06574064482038	107.15983371052538	107.06169919797212	109.10705418163553	104.9530363280447	106.81931801161507	107.05795346824407	107.10623296498328	107.11512977089369	103.35239394224226	103.45830220955781	103.35367759210776	104.9530363280447	102.54783516329536	103.0997162966852	103.3483626671369	103.39824837533563	103.40439268120052	105.28881835738709	105.39885322555484	105.29296465911256	106.81931801161507	103.0997162966852	105.74804947229623	105.29154393540313	105.33872859081157	105.34285176934765	105.54831726709224	105.65421535225946	105.55039643139246	107.05795346824407	103.3483626671369	105.29154393540313	105.61916587414805	105.59579454100569	105.60115798430157	105.59558527138434	105.70150625394766	105.59786896570307	107.10623296498328	103.39824837533563	105.33872859081157	105.59579454100569	105.64683219042948	105.64828444544187	105.60032495451519	105.70666032825186	105.60295503681078	107.11512977089369	103.40439268120052	105.34285176934765	105.60115798430157	105.64828444544187	105.70467953191338
123.74043657774212	122.88487776502744	116.34075834421756	124.30989114119437	119.85952204838422	122.73076730190529	122.36618444570685	124.01242356398956	122.72755062435539	122.88487776502744	124.00470012479065	117.130730461275	124.74605027034072	120.46506902559945	123.40173655192241	122.9474232204937	124.17494489993295	123.40380153551756	116.34075834421756	117.130730461275	113.72054956112044	118.43345792452104	114.23834652862287	117.00266825895991	116.43572625753235	118.32164768760865	117.00903401778149	124.30989114119437	124.74605027034072	118.43345792452104	126.7783169868309	121.90426708716834	124.71409250141573	124.23323882814253	125.44171977817122	124.71845378979036	119.85952204838422	120.46506902559945	114.23834652862287	121.90426708716834	119.1221355386467	120.39927944238651	119.88664329677631	121.28833914441702	120.40233035910587	122.73076730190529	123.40173655192241	117.00266825895991	124.71409250141573	120.39927944238651	123.35891158175663	122.8889756411077	124.15772325071644	123.35829342814412	122.36618444570685	122.9474232204937	116.43572625753235	124.23323882814253	119.88664329677631	122.8889756411077	123.5310018485723	123.72875422677795	122.89393792617088	124.01242356398956	124.17494489993295	118.32164768760865	125.44171977817122	121.28833914441702	124.15772325071644	123.72875422677795	126.98612204789544	124.16042419980296	122.72755062435539	123.40380153551756	117.00903401778149	124.71845378979036	120.40233035910587	123.35829342814412	122.89393792617088	124.16042419980296	123.39640658072368
110.78515601747664	111.52660369172267	108.75135069942203	112.29284196354793	108.8385427303841	110.70606408497434	109.82810505199821	110.71282303015073	110.71224024326469	111.52660369172267	113.90658169556893	109.75823325910244	113.09784593925383	109.7753978293262	111.62437266850722	110.7658002066617	111.63018463746793	111.63257007239946	108.75135069942203	109.75823325910244	107.84168300692781	110.48709393190241	107.06685340241245	108.90360009351843	107.96199810266799	108.910587677239	108.91249139721936	112.29284196354793	113.09784593925383	110.48709393190241	114.5707262152451	110.61991194243076	112.40914132732014	111.48119339919849	112.41522693514878	112.42014608718661	108.8385427303841	109.7753978293262	107.06685340241245	110.61991194243076	108.26372523153069	108.97789086588033	108.0324182123727	108.98444171970111	108.98603397655953	110.70606408497434	111.62437266850722	108.90360009351843	112.40914132732014	108.97789086588033	110.85966988080213	109.95406988899697	110.85919318493188	110.85994000043631	109.82810505199821	110.7658002066617	107.96199810266799	111.48119339919849	108.0324182123727	109.95406988899697	110.6854167120249	109.96058180381236	109.96841287681433	110.71282303015073	111.63018463746793	108.910587677239	112.41522693514878	108.98444171970111	110.85919318493188	109.96058180381236	110.8700737518765	110.86648311791531	110.71224024326469	111.63257007239946	108.91249139721936	112.42014608718661	108.98603397655953	110.85994000043631	109.96841287681433	110.86648311791531	110.9205451784082
116.97199885542939	117.09320927920403	114.66389044643905	119.79932861673824	114.52400525778602	116.66870682750813	113.82328553203685	116.67481308980308	116.67535175575604	117.09320927920403	118.73485032036457	115.34636859578603	120.15123539673934	115.11255602264102	117.27598578894387	114.39553193909148	117.28109832584903	117.28515353631501	114.66389044643905	115.34636859578603	113.91607496849377	117.99099863222679	112.83288952891512	114.94754697763109	111.7992039361162	114.9535703808937	114.95795678558954	119.79932861673824	120.15123539673934	117.99099863222679	124.10834190512297	117.97451615063707	119.91746377280583	116.76581940475008	119.9222125019212	119.93330165719777	114.52400525778602	115.11255602264102	112.83288952891512	117.97451615063707	114.16365989564669	114.75782001516359	111.55564562294269	114.76332379011525	114.76779516950974	116.66870682750813	117.27598578894387	114.94754697763109	119.91746377280583	114.75782001516359	116.94552934740986	113.94341516987592	116.94167346333589	116.94482017262683	113.82328553203685	114.39553193909148	111.7992039361162	116.76581940475008	111.55564562294269	113.94341516987592	116.08095161686269	113.94894843023347	113.97545362239653	116.67481308980308	117.28109832584903	114.9535703808937	119.9222125019212	114.76332379011525	116.94167346333589	113.94894843023347	116.95091526207555	116.95039930847408	116.67535175575604	117.28515353631501	114.95795678558954	119.93330165719777	114.76779516950974	116.94482017262683	113.97545362239653	116.95039930847408	117.01253725023466
123.83826185078443	123.48962743907182	120.92771926673754	128.13230971454806	121.13320957625868	123.2684288493087	118.80585240940945	123.27289041089364	123.29965303488241	123.48962743907182	124.78702628081393	121.27871799930844	127.95680358232637	121.3321453632823	123.53155959735216	119.00968689188518	123.53510628951572	123.57439739622401	120.92771926673754	121.27871799930844	119.9626536233556	125.80127301501147	118.99497505132423	121.0865230004995	116.07051882708394	121.09094523943514	121.13548762067597	128.13230971454806	127.95680358232637	125.80127301501147	134.51692610096734	126.24880163398305	127.99104974087355	122.9233142935122	127.99381210157517	128.08699036540057	121.13320957625868	121.3321453632823	118.99497505132423	126.24880163398305	120.96241554082636	121.20295638219913	116.0755844506653	121.20672692069195	121.25293897749849	123.2684288493087	123.53155959735216	121.0865230004995	127.99104974087355	121.20295638219913	123.41407750130521	118.69604333222532	123.4099797268453	123.44608715956271	118.80585240940945	119.00968689188518	116.07051882708394	122.9233142935122	116.0755844506653	118.69604333222532	121.99161045262221	118.70010418022477	118.91403849666271	123.27289041089364	123.53510628951572	121.09094523943514	127.99381210157517	121.20672692069195	123.4099797268453	118.70010418022477	123.41762319922366	123.45003927906701	123.29965303488241	123.57439739622401	121.13548762067597	128.08699036540057	121.25293897749849	123.44608715956271	118.91403849666271	123.45003927906701	123.78633850224071
115.01763937215635	115.51095822159407	113.9331458179542	117.85562371591564	111.68288391851176	114.45692457703015	113.78838903015361	114.72193880445268	114.7366255291646	115.51095822159407	118.00580121287273	114.82693035882936	118.4013577093688	112.52175276254593	115.35902471613238	114.66229426249012	115.57586178241735	115.59374473192221	113.9331458179542	114.82693035882936	113.68228580984996	117.13373108385282	111.05256483247308	113.85157534011918	113.1159180997496	114.10552640165974	114.12346136045278	117.85562371591564	118.4013577093688	117.13373108385282	122.19314254333187	115.1548867335659	117.68169438671846	116.86518085414693	117.895049634054	117.9218169362858	111.68288391851176	112.52175276254593	111.05256483247308	115.1548867335659	110.98500427315932	111.57131847015243	110.74152970534006	111.80535521704947	111.8256615615853	114.45692457703015	115.35902471613238	113.85157534011918	117.68169438671846	111.57131847015243	115.17718032741347	113.67923644828872	114.64171803620496	114.65804649684789	113.78838903015361	114.66229426249012	113.1159180997496	116.86518085414693	110.74152970534006	113.67923644828872	114.56483704790986	113.92022343120286	113.94536162159923	114.72193880445268	115.57586178241735	114.10552640165974	117.895049634054	111.80535521704947	114.64171803620496	113.92022343120286	114.89375236966615	114.90826162051512	114.7366255291646	115.59374473192221	114.12346136045278	117.9218169362858	111.8256615615853	114.65804649684789	113.94536162159923	114.90826162051512	114.98865664373706
117.06508855894842	119.00431410214652	115.92880641599992	118.89570650637013	111.32581432267287	116.22267246454246	116.20457126695345	116.42516179621755	116.43865947357257	119.00431410214652	125.7434293184046	118.2828686947835	120.6030057115392	113.6763327128167	118.59501643783274	118.52242235627872	118.71441325914547	118.73367109613643	115.92880641599992	118.2828686947835	115.93854183942405	118.48898164525598	110.9866961940871	116.02490345727892	115.96374827651961	116.21076092245062	116.23032136763229	118.89570650637013	120.6030057115392	118.48898164525598	122.48274560753063	114.2376111112698	118.81093555993107	118.71420308461414	118.9753480528754	119.00353945771849	111.32581432267287	113.6763327128167	110.9866961940871	114.2376111112698	109.95575747744151	111.28509170241898	111.16670656820261	111.45051320670873	111.47485883507336	116.22267246454246	118.59501643783274	116.02490345727892	118.81093555993107	111.28509170241898	116.93563702853962	116.28229180963497	116.52438479573404	116.54270959529467	116.20457126695345	118.52242235627872	115.96374827651961	118.71420308461414	111.16670656820261	116.28229180963497	116.67901331002543	116.4647537778429	116.48612281543204	116.42516179621755	118.71441325914547	116.21076092245062	118.9753480528754	111.45051320670873	116.52438479573404	116.4647537778429	116.71137549232104	116.72768408737713	116.43865947357257	118.73367109613643	116.23032136763229	119.00353945771849	111.47485883507336	116.54270959529467	116.48612281543204	116.72768408737713	116.81549260317236
