2.567399187916533099e-01 3.406228909572832086e-01 -1.647668435513283819e-02 1.114921390179923061e-01 5.184130427883840847e-02 1.477521813774904380e-01 3.664084579830317323e-01 3.001480543297953552e-01 4.099545304517454025e-01 3.065438292074127991e-01 2.557927742010419614e-01 3.153107752137024322e-01 2.066148994507802372e-01 3.695472497969091719e-01 4.144219975892425856e-01 3.590613582923030123e-01 2.271915148461798040e-01 2.809844199882735039e-01 3.207455565867161074e-01 3.636939129289914474e-01 4.180517094204390105e-01 3.221610651272060477e-01 3.021236535599403639e-01 2.206309942559095683e-01 2.417441821537612001e-01 5.247648892233930384e-01 6.069955830641255989e-01 4.195373084278328779e-01 3.854018935020753212e-01 3.919335982158802523e-01 4.505049558305261326e-01 6.440409783919534004e-01 5.770659732022178634e-01 3.584228951521857276e-01 3.883328148060903873e-01 4.865765334868189518e-01 4.922564469018232414e-01 6.515120990555172131e-01 3.422031867279473061e-01 2.168273931124019283e-01 4.951869787387258581e-01 3.593406982261788674e-01 -1.478206073660926212e-01 -4.371794132114320552e-01 3.356154190320083663e-01 7.282544825096304297e-01 1.465476664313293265e-01 6.644422805220644435e-01 4.498422532459531720e-01 6.746578739540725067e-01 6.148888090157816899e-01 5.216753936528599755e-01 5.654149909434122989e-01 5.089898571736731769e-01 4.222881142475352623e-01 4.579971413454509421e-01 2.087480966552341943e-01 2.832672003531543914e-01 3.682660088681909971e-01 5.866509888839226416e-01 6.466185307292346973e-01 3.907514719922932644e-01 3.349850001099177188e-01 -4.223216383710576283e-02 6.013509879980749595e-02 1.677663265424438055e-01 5.901753203314846763e-01 7.248094633070448767e-01 8.079599882932705368e-01 7.902419773079503162e-01 7.583340793973827321e-01 8.558661530379776394e-01 8.158036772219373622e-01 7.898853562325612865e-01 8.718737257932571705e-01 7.628918687169679025e-01 8.363748786801888935e-01 8.039268672328515608e-01 7.500248171087471327e-01 8.501379527938615066e-01 8.774386565151237605e-01 8.917215957949194971e-01 7.950330817158631769e-01 7.554467339493095013e-01 5.683266777900439770e-01 2.518238652267901223e-01 1.265861130645806187e-01 4.034435813612766153e-01 6.175373003409155848e-01 5.990372005709907466e-01 6.420615899246057134e-01 6.447947673434060167e-01 7.851185057821126190e-01 8.472788207794202942e-01 8.054153031813734431e-01 7.166582605289706365e-01 7.821040866023152294e-01 6.902950880714424642e-01 7.353807988148649555e-01 7.303487758822182485e-01 5.582505572026866814e-01 5.307073047332522275e-01 5.436710888609151970e-01 8.105984944682693705e-01 7.856646388767090095e-01 7.319758796665800649e-01 6.845208124731350097e-01 6.939259099786844187e-01 5.592926444957251331e-01 5.844196053946432157e-01 2.055998282150308110e-01 -8.530218518543097872e-02 4.528809610267273134e-02 1.259901764477897035e-01 1.716251644565779666e-01 1.377213622235417823e-01 -4.328971124333781673e-02 8.155563064483468960e-02 2.353922755579477832e-01 -9.093552504727485386e-02 5.462307518403584083e-01
3.406228909572832086e-01 1.567227666655408858e-01 -1.399229312374581508e-02 3.883384740200304663e-01 -2.614274631803025634e-02 1.427351380456229057e-01 4.623045288286036780e-01 4.169256106318424693e-01 5.244187822879932126e-01 3.951941601622978029e-01 3.071255277871287048e-01 4.359170517471146478e-01 3.089229523486697326e-01 4.514667649622613466e-01 5.558627212682569763e-01 3.488624758210073784e-01 2.347768240304881349e-01 4.072767189168503554e-01 5.042630998737801518e-01 4.046649732255825915e-01 5.067102881422995697e-01 3.728973501824674464e-01 2.996392324058246848e-01 2.293090832413144653e-01 3.001242132238777227e-01 6.391227644425721000e-01 7.947670140283323859e-01 5.691014055189631549e-01 4.810098705618837678e-01 4.672528351133967695e-01 5.440936921720704866e-01 8.351759648666845504e-01 7.029010824246229028e-01 4.333444383374385200e-01 4.090433219951319366e-01 4.864160347707939258e-01 5.204707228171014943e-01 7.357636760603124548e-01 4.330643853906829266e-01 1.021492072376242871e-01 4.842858528470659896e-01 3.590470396022164556e-01 -4.044903023855473401e-01 -4.994034628002290699e-01 1.798671472314645747e-01 8.042136586038054480e-01 1.078561777842456174e-02 6.353281290828887151e-01 4.767868404502101365e-01 6.606753972779689787e-01 7.411254383793371980e-01 6.255251316484826685e-01 6.575354172385630136e-01 6.504604083921080582e-01 6.040117975069564382e-01 5.446490259304064274e-01 3.243391883181481750e-01 4.363092048669673928e-01 4.753031076371871944e-01 6.571546838740518481e-01 7.016509550549020480e-01 4.546716536390503216e-01 3.828698601749644936e-01 -9.180796648572327190e-02 -1.670418336209367194e-02 4.378182042100128152e-02 6.496654356146941423e-01 7.567347940625347436e-01 7.972050588702693785e-01 7.976510013489327422e-01 7.341367788317585408e-01 7.885168765402577051e-01 8.406651785819064804e-01 7.683529102914014031e-01 8.462484043919891175e-01 8.165503966560543336e-01 8.003025684639625270e-01 7.957269365332489963e-01 7.284448344737478598e-01 7.569166700636477119e-01 8.844048919421313437e-01 9.314877235443106418e-01 8.181739878796030485e-01 8.563123135958222720e-01 6.403282117863772216e-01 1.584096986006683638e-01 2.204301030383060134e-01 4.425120570245027474e-01 6.255395446122933301e-01 5.305426551290455262e-01 6.889464347062892458e-01 6.956744399372745136e-01 8.015072076741412976e-01 7.514406634894605919e-01 6.411629112354914062e-01 7.017848665282719889e-01 7.817875362868794697e-01 7.531180413220001091e-01 6.161816166131435235e-01 7.106020014945071406e-01 5.801024305406992099e-01 4.994477739334137190e-01 6.188049255402232607e-01 8.279007791866732635e-01 7.934119967663701978e-01 7.794897088832912768e-01 5.997620694195091584e-01 5.756934733865929354e-01 5.653792988636537897e-01 4.785874661649003881e-01 2.008069315623406126e-01 -5.516278831159091706e-02 -5.172733600052079744e-03 2.885889837026983998e-02 1.055342481049909714e-01 9.154053499277915729e-02 -5.165357210775872038e-02 -1.584130668946137979e-02 1.704448948129292513e-02 -2.500061195573228812e-01 2.277278302884729044e-01
-1.647668435513283819e-02 -1.399229312374581508e-02 2.024567079120384860e-01 3.620340362528302602e-01 2.665164527703820668e-04 2.799313005403700205e-02 3.845791257545052022e-01 3.844371840098693704e-01 5.190294566014413968e-01 3.850869158074175513e-01 3.110133831843406860e-01 4.320135845099264960e-01 2.990773816664222262e-01 4.508491294721446718e-01 4.182912766061536169e-01 2.814701640663115345e-01 2.218222212835496143e-01 3.399845065248721654e-01 3.947016802292133697e-01 3.878248912156331829e-01 4.351659205808068864e-01 3.777000325819873106e-01 3.008627586214292493e-01 2.554277374094229835e-01 3.331186095680782611e-01 6.302209124088470338e-01 7.374084596433249095e-01 5.834897265446220560e-01 4.998653288204080725e-01 4.941189918112807722e-01 5.787542771350951964e-01 7.462501739250652077e-01 5.307509870241744476e-01 3.111794124959261776e-01 2.787415225784897754e-01 3.324449798709017134e-01 3.973161474285533123e-01 6.371308335260619238e-01 4.193584695913979976e-01 1.059027589638758815e-01 4.584509809645127554e-01 3.472178751770346183e-01 -4.818947469702238862e-01 -3.501067743215379169e-01 8.788129585294467139e-02 7.500770705731975019e-01 5.398976987782490300e-02 6.045915668062901149e-01 3.149522182060823239e-01 6.394617468676390137e-01 5.733622949473827779e-01 4.914220729218071182e-01 6.291156948596436926e-01 5.887747262650206981e-01 5.220253511249621781e-01 5.091800884098073299e-01 3.518753076077591468e-01 3.735944961229151762e-01 3.922534331770026195e-01 5.903766134638174234e-01 6.051028527895426778e-01 3.180753109160227576e-01 2.773898967321266062e-01 -1.373016217476334955e-01 -5.429548343905495067e-02 -1.720417420400334680e-03 5.451032863055907951e-01 6.568437130790696354e-01 7.493248755325566668e-01 6.702203201015665135e-01 6.322850470085946695e-01 6.526519424327814622e-01 6.538729410031433043e-01 7.547059667390298987e-01 7.750019506072345354e-01 6.381626868324784541e-01 6.935527675107782120e-01 6.774618549362974029e-01 6.775630842857025549e-01 6.794027396643564920e-01 7.409927157215439042e-01 8.531277088039267431e-01 7.378490440404922301e-01 7.277483889995509658e-01 5.675704746797731737e-01 1.791156938142320909e-01 1.969914438889917296e-01 4.589208121063514945e-01 6.010810386568051777e-01 4.539088165642647388e-01 5.781763796677001910e-01 6.159866752381830679e-01 6.916711748643097346e-01 6.923612229533835372e-01 5.589915495382697941e-01 6.358653494404679085e-01 6.063899688217461170e-01 5.566602795479543841e-01 6.035300728098500489e-01 6.130054199623744537e-01 4.989117780959505533e-01 4.511892368222315541e-01 4.821294830964475420e-01 6.927243154196911501e-01 6.884930458202123127e-01 7.084575616957634603e-01 5.637513483273781656e-01 4.767459164362927715e-01 3.590207326372295005e-01 4.378800512843687986e-01 -7.403232401115006703e-03 -2.162148625093291976e-01 -9.747771958798114034e-02 -7.273150243194551057e-02 -6.918907090612774757e-02 -4.048214188871056274e-02 -2.550074970433652277e-01 -8.546090812630240119e-02 -1.494902807610838935e-01 -5.041863570591347266e-01 -1.010632002957401014e-02
1.114921390179923061e-01 3.883384740200304663e-01 3.620340362528302602e-01 1.424322693391650851e-01 5.121485912607671720e-01 1.554849333579726156e-01 -8.188042194478166447e-02 -1.750966238206007608e-01 -2.615749163113944772e-02 -1.634029133751925822e-01 -2.308971624931385191e-01 -5.537217230578108523e-02 -1.185675467148760848e-01 1.302561239708205088e-01 2.506703715480242955e-01 3.264280773548157433e-02 -1.956317003543949495e-01 -2.868655943153558541e-02 2.828692958584549388e-01 4.487093984332846675e-01 3.191677781892247601e-01 -2.547869844768783573e-02 -6.458162814576645649e-02 -2.247015482759858462e-01 -1.164580234510279588e-01 2.857512841649214597e-01 4.681341862827487210e-01 9.444078794631126372e-02 1.098524934731127251e-01 4.907300213447462339e-02 1.811081047561346191e-01 4.802614131927532282e-01 7.275717255497572422e-01 4.044536224807589453e-01 3.224862210721402556e-01 4.636057478074683824e-01 6.110176045714280635e-01 4.997942418018765376e-01 5.147349279432076458e-02 -2.793255490814672976e-02 2.640792783803455612e-01 -5.414446193878084262e-02 -8.782718395463807726e-01 -4.923757474851193083e-01 -1.175845644354166358e-01 6.808321450560528287e-01 -1.314236111324276202e-01 3.863795250430274164e-01 2.724221499085009990e-01 2.444051517706888610e-01 3.047609286725073141e-01 5.612886993401406954e-01 3.564134957130674630e-01 3.445542188498498803e-01 2.553018731486444981e-01 4.372225533661108776e-01 -6.470587319353077183e-02 -4.149695676899806118e-02 6.361323026673819381e-02 3.064156381121312389e-01 3.855002428825312077e-01 -9.144625485908240703e-03 -9.075236919706133887e-02 -5.440878918698334177e-01 -5.384802534287234099e-01 -3.950520725471460826e-01 3.506237644627201444e-01 5.178791933142076198e-01 6.309293060075721327e-01 4.891376534707026491e-01 4.601085339814837138e-01 3.717709919653847672e-01 6.258781894743431495e-01 5.662587002937369274e-01 6.476669069095500886e-01 7.854334600970435121e-01 6.133935881215378805e-01 6.941886464459925410e-01 6.630359225478104079e-01 6.981912956574789497e-01 8.401290347211856080e-01 7.822963458193677999e-01 8.316392875008637997e-01 6.323525071351722149e-01 1.878268971538313292e-01 -2.068828004358226336e-01 -2.084807126400620991e-01 1.416979747295264436e-01 5.327773452142195998e-01 2.590536302784084421e-01 3.641934510944017656e-01 2.916628813361183403e-01 6.242309449371482577e-01 7.098662847715450086e-01 7.869874270244001657e-01 8.165557705089409035e-01 6.852540803814983761e-01 5.113798410393487481e-01 2.820473869299303660e-01 3.684507578715255360e-01 1.653947734782440226e-01 -2.341518042507852518e-02 9.705076698625898779e-02 6.617916879124943197e-01 6.482000348951227897e-01 5.348823521420837945e-01 7.286398673719284291e-01 6.404409987881811706e-01 5.685343747735868147e-01 3.108550139209591556e-01 2.710950387554280083e-01 1.141436637703296397e-01 1.366295911529504248e-01 1.249365424964923310e-01 5.990686461347836250e-02 -1.836059496730345353e-02 -2.014217774274121853e-01 -1.389305231634717641e-01 -1.800735571041293392e-01 -1.264182941815757411e-01 1.232077357383380839e-01
5.184130427883840847e-02 -2.614274631803025634e-02 2.665164527703820668e-04 5.121485912607671720e-01 3.339683319905676906e-01 1.775620828380437832e-01 -6.103162984994539020e-01 -7.989681752527394432e-01 -5.369757325160855466e-01 -6.220845632338876108e-01 -6.840718367253184606e-01 -4.415676262316651779e-01 -5.846041496034948270e-01 -1.677075650417046426e-01 1.019696585244351528e-01 -9.649121581242967038e-02 -5.212051743344664478e-01 -3.758526619678100311e-01 2.086269580450374472e-01 5.474566585285876030e-01 1.939179321626991748e-01 -3.887275985185830729e-01 -2.550961106012360480e-01 -5.608230037445104399e-01 -5.178222568045945939e-01 9.267850193189537678e-02 2.279415925950949162e-01 -3.235042106702611941e-01 -2.639464452117593063e-01 -2.388097594262595935e-01 -7.243168139299170638e-02 2.207791746676480704e-01 8.551029140971670994e-01 5.008264960222004181e-01 4.126694556658284663e-01 6.088449222085884349e-01 7.793813388510313356e-01 3.369741350272291158e-01 -1.682067439450943280e-01 -8.026808332945627178e-02 2.375635415476766155e-01 -4.244332520869973924e-01 -1.044823946220437172e+00 -8.253674497016324496e-01 -4.787617913377447687e-01 7.763314500444109534e-01 -1.927213597440453063e-01 3.189587041952014479e-01 1.928731731781539449e-01 1.344935297340964786e-01 6.258531703676102967e-03 6.251200168889734510e-01 1.365345439245974624e-01 9.991633587534624883e-02 1.881782516229838498e-01 4.577299430760722321e-01 -4.013862580394162993e-01 -1.741688029199917609e-01 -1.847098798195560831e-01 1.548552309524363069e-01 2.739293526758846409e-01 -1.927919009796548733e-01 -2.230982379096870805e-01 -9.139494327923860517e-01 -6.484258236520171748e-01 -6.626783159773201870e-01 3.438919700796772561e-01 5.577657887970087769e-01 6.120878610309962164e-01 3.438720231503415437e-01 3.869544086700330565e-01 9.196904179454017114e-02 7.099152868753628720e-01 4.209150657849495270e-01 5.395045012752692770e-01 9.869229855647342342e-01 7.190215112366299399e-01 8.477824479270074098e-01 7.794632462457455890e-01 7.945866162642369890e-01 9.207946008542385874e-01 8.016781263807862823e-01 1.051965259768728345e+00 6.483581912055665919e-01 4.330669805493149449e-02 -4.529180052896862874e-01 -4.496320633523759325e-01 2.945506857628019809e-02 6.578686484524177702e-01 1.620465703532024127e-01 2.634165670481822263e-01 1.287228683683575015e-01 5.938798971847111252e-01 8.843634405588627345e-01 1.088725069194907746e+00 9.797993207959866391e-01 7.193554281048861743e-01 5.402245755649093262e-01 1.254129183299487194e-01 7.422590576139256879e-02 -1.908177592758093510e-01 -2.961015653980613727e-01 -4.142828898457934783e-01 6.664642835153498091e-01 7.087701438457596481e-01 5.529551965657525381e-01 9.362352595801759492e-01 7.881310204584863754e-01 7.343340224557313167e-01 3.348184417740107666e-01 4.952420481425349741e-01 4.841385027754969705e-01 3.813828733517362068e-01 2.452077356858846924e-01 2.715055603094167491e-01 1.595357899192239581e-01 4.849250536713307219e-02 -1.534918682022358427e-01 -3.038074490867810340e-01 1.764010595870851017e-01 4.239292619541868978e-01
1.477521813774904380e-01 1.427351380456229057e-01 2.799313005403700205e-02 1.554849333579726156e-01 1.775620828380437832e-01 3.432310585413736459e-01 -4.429990417631785721e-02 -4.500146040431122207e-01 -2.095982217837789596e-01 -5.204101990020020274e-01 -5.987774405903015795e-01 -3.151813795357056303e-01 -4.025869224514290190e-01 2.588269447787430039e-02 3.293522770101662833e-01 8.077951637056664247e-02 -3.673679510516841273e-01 -1.307825295377678942e-01 4.765266891354135725e-01 7.373099173169208598e-01 4.317721736632150753e-01 -1.696983614703404253e-01 -2.341832771140348324e-01 -4.444025080697134866e-01 -3.803007066785619728e-01 2.697247476198079141e-01 4.946005703511001661e-01 -1.705546024933666527e-01 -1.466655778859526915e-01 -2.307860757234903026e-02 8.483928148402943015e-02 4.993365749795966035e-01 1.132897845689755600e+00 6.853122331993101168e-01 5.677654236110348807e-01 8.198531314917023582e-01 9.425754103736418976e-01 5.866836092500931077e-01 -4.691262702578669584e-03 -4.201009658027739235e-02 4.271243325306378069e-01 -2.103447804555681477e-01 -1.115105970027907123e+00 -5.760284407148322794e-01 -2.807416092240360705e-01 9.438933489196691395e-01 -1.319981698902656340e-02 4.274673173800339065e-01 2.950575544620992474e-01 2.563660025701704481e-01 1.371066666156560143e-01 7.842237641539735460e-01 4.272449465987003259e-01 2.479566452551675571e-01 2.689985438391609418e-01 5.577594419238043333e-01 -2.022590756376938526e-01 1.997369435594058273e-02 -1.859635630858122099e-02 3.204161999128279925e-01 4.010287230759633226e-01 -4.680974752999916833e-02 -6.739803370937588745e-02 -7.983570667573960389e-01 -5.844936789830332824e-01 -6.317761664722805204e-01 4.802597170460115028e-01 5.783991554129429558e-01 7.284965017592252012e-01 4.332871664302324066e-01 4.686423164697822719e-01 7.405577415250517992e-02 7.300673391054193218e-01 4.434232033348542990e-01 5.414333757346176945e-01 1.093874673961094945e+00 7.340213206322185879e-01 9.200746101115002684e-01 7.798261169957471095e-01 7.635611609337840111e-01 1.001332525816420516e+00 8.947731529856859378e-01 1.138566291846754952e+00 7.881976888198911624e-01 1.081520615843748062e-01 -2.921189364413875333e-01 -4.122659148235547355e-01 2.263805132689974409e-01 7.954698778693574113e-01 2.470461165239400403e-01 3.871014169704382613e-01 2.474562967827795279e-01 7.951567774673193867e-01 8.973486293771443245e-01 1.035156724486453905e+00 1.083867924110325065e+00 8.998261664190043696e-01 6.659563026139621034e-01 2.461365287697639403e-01 2.729238656725459511e-01 -9.998147707297359854e-02 -2.523232005767014341e-01 -2.009380249096100746e-01 8.277336593477112592e-01 8.479933239101938858e-01 6.338344045169537200e-01 9.772352882884569603e-01 8.452737512305433798e-01 8.328572707328597557e-01 3.761043461321118553e-01 5.964893499752536021e-01 5.609203124535676599e-01 3.846180770840934571e-01 3.146834336185161396e-01 3.325412404715036851e-01 1.886453806251854604e-01 6.085134620586581805e-02 -1.270152315514266606e-01 -2.362494559523796167e-01 2.166334155069448708e-01 4.704344928935487169e-01
3.664084579830317323e-01 4.623045288286036780e-01 3.845791257545052022e-01 -8.188042194478166447e-02 -6.103162984994539020e-01 -4.429990417631785721e-02 7.989704165281640014e-02 3.995668353015447427e-01 6.122729007182712291e-01 1.201024347661202446e-01 9.109247291900321453e-02 3.619305292710175981e-01 3.373468332055008512e-01 5.229468079260216617e-01 5.434428627915165455e-01 3.913296519831434561e-01 3.765277009908065686e-01 4.952748849189138047e-01 4.632145546874784081e-01 3.838821274298992448e-01 5.941851472713409743e-01 5.356525791088379007e-01 4.128069730357000755e-01 3.364867800487819638e-01 4.633963705241386233e-01 7.567060443361165456e-01 8.967434316289076834e-01 7.191144384317242899e-01 6.011306401700863278e-01 5.633539394928526178e-01 6.798746433834909064e-01 8.519704893209344432e-01 3.267625535536872738e-01 -3.307333673935065887e-02 -1.521055417485374373e-01 2.790966523458381435e-02 1.596960485691007181e-01 6.066893449763381962e-01 5.170620258611452469e-01 1.681890830207058984e-01 5.919947344446178095e-01 6.077184085599395269e-01 -2.233330226261837637e-01 -1.363938518397403710e-01 2.455578710427981370e-01 8.110442267795945348e-01 5.515713851515546655e-03 7.725997198345434525e-01 4.081989692999530295e-01 7.301015752386972313e-01 7.323171918000658254e-01 3.712972649765159949e-01 5.664942268863766284e-01 6.208640304599442050e-01 5.398407718542935774e-01 5.334589256285494629e-01 4.398360567113120401e-01 4.628974229660330342e-01 5.047144880692756574e-01 6.093207883798860136e-01 5.830989553653102009e-01 4.337713623426036058e-01 3.445759258851979756e-01 2.040069673045168119e-02 3.812323437573330448e-02 1.287892114700643909e-01 4.764377114760757759e-01 4.383035056141477148e-01 4.632559612007288719e-01 4.192695868613636745e-01 3.680787507204089093e-01 3.544005522759947069e-01 3.132239144137021758e-01 1.918832118706226553e-01 2.320305272399521002e-01 6.335759254460746059e-02 1.404207764451102514e-01 1.650230906521992225e-01 1.373825782676900698e-01 1.059100505908898981e-01 2.271217005157010471e-01 3.823110860159266711e-01 4.610595010400648230e-01 7.742079307020547363e-01 6.968094896256005200e-01 4.460222512742160750e-01 3.812574941303120690e-01 5.373385152736340764e-01 5.940627425152501528e-01 5.556204367021063684e-01 6.010910375788169890e-01 5.557424411227295247e-01 5.444643177927686040e-01 3.655790048697847849e-01 2.423716398631814428e-01 2.854577778028828394e-01 4.323364065530566069e-01 3.756255444745085215e-01 5.336395952392797293e-01 6.230120619681265293e-01 5.079720966792095060e-01 4.811679237070485282e-01 5.184652440597992129e-01 5.510505009602595372e-01 1.932682545965994092e-01 2.809990911510367728e-01 1.109977751030805093e-01 -4.361099162654318018e-02 -2.207414508569135181e-01 -3.308947938283350876e-01 -6.250568603640782595e-01 -7.816329189843790326e-01 -7.192893762273405711e-01 -7.568747081116218300e-01 -6.758208776678474861e-01 -7.096250768131541209e-01 -8.126600525041760559e-01 -7.825130012447318872e-01 -8.024041760708701121e-01 -9.387049300095833271e-01 -6.656581913003346562e-01
3.001480543297953552e-01 4.169256106318424693e-01 3.844371840098693704e-01 -1.750966238206007608e-01 -7.989681752527394432e-01 -4.500146040431122207e-01 3.995668353015447427e-01 1.296586014313216573e-01 1.651097077234876254e-01 -2.646835630494998037e-02 1.497922021461740860e-01 4.358458187580079857e-01 4.699331591714924761e-01 4.053559064366503706e-01 2.932206965192725168e-01 3.223902829960793026e-01 5.107375480643198129e-01 4.945542622162537594e-01 2.240417950808100134e-01 -1.076505462109772666e-02 3.656482280554113062e-01 6.769624602436300487e-01 6.098502636431432089e-01 6.575341201618188913e-01 7.949254141252327654e-01 7.538236360370138556e-01 7.368784522101295975e-01 9.347392350014031015e-01 8.720004350032173335e-01 8.430286630878307541e-01 7.954825763326175414e-01 6.440335284097409296e-01 -3.056144157470804812e-01 -5.381727973405217025e-01 -5.993259272880594457e-01 -4.894545594376835673e-01 -4.771646951863605102e-01 2.928574203476213000e-01 5.283577818737154042e-01 1.213641267394352380e-01 4.739397776738739076e-01 8.116946647889943245e-01 1.461656147411648787e-01 -2.096543799616813475e-01 4.911895546921837274e-01 4.724903846300158028e-01 2.035795239382562072e-01 8.143697077554302721e-01 3.050377531895026584e-01 7.837298720713806732e-01 8.718136055797315320e-01 -5.446037462037478516e-02 3.549432895454957548e-01 4.680429656627047574e-01 4.781218353545740873e-01 2.547930834447059700e-01 5.732527027140363884e-01 4.994417693610403441e-01 5.183430069154700837e-01 4.074835082795397190e-01 3.444645139636608455e-01 4.030556901258930957e-01 3.580810536730715254e-01 3.901915984671317505e-01 3.280406932583364021e-01 3.937562778076368342e-01 2.712601037646932278e-01 7.603114733371804657e-02 5.137033638357640930e-02 1.586788799887365875e-01 8.201677111113932217e-02 2.515272736824242794e-01 -1.436626055323615703e-01 -8.722510957335137538e-02 -1.539244163928701059e-01 -5.412404577037326359e-01 -2.599873225466601268e-01 -2.995319498446603057e-01 -3.404664183468805727e-01 -2.589500802831921078e-01 -3.176935989353341094e-01 -1.336732958066653987e-01 -5.901391580744120430e-02 5.002068087142806929e-01 7.464875382865765463e-01 7.481981724054893590e-01 8.245507646685332759e-01 6.138917488770636588e-01 2.692776141760778175e-01 5.945954229591957629e-01 3.672981582971524550e-01 4.936743637790920736e-01 1.135234500607684716e-01 5.999600900477214394e-02 -1.954402160840034430e-01 -1.715579686667338954e-01 3.654842574640333047e-02 -9.785090628446239253e-03 4.931695528533933115e-01 4.915946761771013418e-01 6.055695075016754858e-01 7.184943344604947102e-01 5.840567184616420882e-01 1.523002029686072456e-01 -1.919015384015431980e-01 -1.708154342410986293e-02 -4.589517599533340375e-01 -5.554487743107410225e-01 -7.977539418691292905e-01 -6.065474981134892918e-01 -1.009043264235630399e+00 -1.109008532164165395e+00 -1.137394834414461098e+00 -1.010361404384907624e+00 -1.077640855980632084e+00 -1.041073773750190723e+00 -1.109171340461279076e+00 -1.069913203239145183e+00 -9.335869491114333618e-01 -1.473455996451406236e+00 -1.083939141695213104e+00
4.099545304517454025e-01 5.244187822879932126e-01 5.190294566014413968e-01 -2.615749163113944772e-02 -5.369757325160855466e-01 -2.095982217837789596e-01 6.122729007182712291e-01 1.651097077234876254e-01 1.574838981994934606e-01 -3.423827207952507279e-01 1.635549924673694935e-02 5.559008058256197371e-01 4.611328693286095293e-01 4.266951831122650085e-01 3.724418992457364519e-01 2.742853430606535525e-01 5.603053291563609983e-01 5.295308816347914505e-01 3.113744900966502471e-01 1.849585031518019285e-01 4.487955505203874429e-01 7.389669649791397177e-01 5.820402322908404535e-01 6.206750625398100851e-01 8.026803754318353468e-01 8.386745155252879336e-01 7.699764602600099872e-01 1.008828816523079652e+00 9.329219310794728548e-01 9.449958813369363497e-01 9.014330913815409296e-01 7.123668962400897531e-01 -2.571766303155937905e-01 -5.266728044414363819e-01 -5.133426743797913083e-01 -3.946227673907971023e-01 -3.516253389309252353e-01 3.214456954281907919e-01 5.888658271598539162e-01 2.383027827770817786e-01 5.950057276429744357e-01 8.263672096562132419e-01 1.687114618688484169e-01 -8.529407119252885305e-02 4.116447781383932303e-01 6.597594040158033524e-01 1.589871389671607682e-01 8.493499338612197080e-01 3.287886887101301170e-01 9.290061400507596545e-01 9.564373274654561774e-01 4.113684820790769470e-02 3.273108714953797960e-01 5.006697857384808659e-01 5.086677070802639866e-01 3.647246096846350483e-01 6.975300663603528628e-01 6.351566553242534718e-01 5.738989286028107761e-01 3.317099821003644533e-01 3.306550341481425126e-01 3.270417785616825390e-01 3.343813180920175432e-01 2.940045142742778728e-01 1.315388371856971161e-01 3.509384546769784285e-01 1.928414222985019855e-01 8.757635566004111360e-03 2.112764154408443285e-02 9.497744383834072490e-02 4.469365560796587783e-02 1.184378894843620550e-01 -1.239793803764977775e-01 -1.109029455594172653e-01 -2.234306484918990587e-01 -5.286080504960906090e-01 -2.748782653142405330e-01 -3.376743978313372363e-01 -3.659578259390603994e-01 -2.085622870422214892e-01 -2.250886127446657392e-01 -1.692402295826261061e-01 -1.150719756530067944e-01 5.632335389757043842e-01 7.923599301667731964e-01 7.515747054310698561e-01 6.904513871813966475e-01 6.264762605219000857e-01 2.897509835681427726e-01 5.441304980220462717e-01 2.484123893075275147e-01 3.703998408639229134e-01 1.628051815535308255e-01 1.350049551119106295e-01 -1.784233402671131508e-02 -2.005751272924059803e-01 3.471416916272965919e-02 -7.588422662355766291e-02 4.541172373160190512e-01 4.741992672718340351e-01 5.249262613722504023e-01 6.930739833773127412e-01 5.053638963173245902e-01 6.136473572502142149e-02 -2.476178112279663057e-01 -2.475392976831167907e-02 -3.559725540897358820e-01 -5.039198478822561889e-01 -7.119194681623750576e-01 -7.496188341503372543e-01 -1.144564969444955560e+00 -1.173958534215837624e+00 -1.276355464108557936e+00 -1.237638049452342237e+00 -1.113678773962043289e+00 -1.172938235837739596e+00 -1.272949173977389936e+00 -1.098979520701355961e+00 -1.065211860434772007e+00 -1.302205195017564376e+00 -1.089655999764301386e+00
3.065438292074127991e-01 3.951941601622978029e-01 3.850869158074175513e-01 -1.634029133751925822e-01 -6.220845632338876108e-01 -5.204101990020020274e-01 1.201024347661202446e-01 -2.646835630494998037e-02 -3.423827207952507279e-01 5.338725877915029977e-02 3.244249426049347074e-01 9.588102593790484018e-01 4.447340784627771271e-01 3.897395986954447222e-01 3.649819317676787911e-01 3.768899550097534745e-01 7.055032237169855946e-01 5.472583992171033973e-01 2.900294964361312955e-01 8.426778995614292445e-02 3.960266961950130726e-01 7.306923659725191866e-01 7.690386693232837967e-01 8.749172821026564018e-01 9.431120043687520882e-01 8.476570245591418251e-01 6.882334805169701974e-01 9.135295648074670538e-01 8.356535733467324034e-01 8.623703815571113207e-01 7.554708156402306640e-01 5.801114401638778340e-01 -3.807165792017089823e-01 -6.304817600078592710e-01 -5.649816422387011761e-01 -5.689410517742379270e-01 -5.224433951751726868e-01 2.456255708748239786e-01 6.155142934168651436e-01 3.359582103149696408e-01 5.714722808262057141e-01 9.884115010826914904e-01 6.133498202076723693e-01 3.992571132561462122e-02 7.469729424990568800e-01 5.759316137959866744e-01 6.031291864988500562e-01 1.051575406947179214e+00 5.586586584545598644e-01 9.932273303920482466e-01 1.002488603810517409e+00 -1.104217759304524787e-01 3.196710920290145030e-01 4.458829682427434271e-01 3.960019058966670058e-01 2.231950484012979463e-01 5.788041966173863573e-01 4.734761350827807469e-01 4.937314082719201358e-01 3.176746225664290324e-01 3.020563237415388458e-01 4.448213377576474836e-01 4.369842450720508031e-01 6.397709390167978238e-01 5.713697522306179222e-01 6.325563167543870602e-01 1.975229670353133571e-01 1.970034049462861606e-02 4.091226973639622809e-03 1.560796680254066537e-01 -2.310386033173280826e-02 3.341246193676072895e-01 -2.512535652758314253e-01 -1.082035489713999155e-01 -2.306057221217497066e-01 -6.594773191083982411e-01 -3.403240016901238341e-01 -4.270636704558595786e-01 -4.420087604153693506e-01 -2.186598600154779082e-01 -1.968165723835036407e-01 -2.375038832373375930e-01 -2.429725331513547804e-01 4.677549166484792909e-01 7.861260757920371933e-01 9.560000470494020020e-01 8.992562252843999682e-01 4.569100291897583155e-01 1.685817488185064605e-01 5.601083756177992479e-01 2.644365042520748776e-01 4.205039889653253704e-01 1.235339716521552111e-01 1.456130808109986907e-01 -1.020941834728183034e-01 -1.544095961836798869e-01 -4.152264029063634440e-03 -1.966204352112272957e-01 4.747049931182378280e-01 4.097631284218010705e-01 4.299997859634650532e-01 7.069986490069887219e-01 5.473610852075384559e-01 1.322427392932999136e-02 -4.287621975550657272e-01 -9.980423096134423411e-02 -5.272457343138864383e-01 -7.296987771676503032e-01 -9.663299908144398209e-01 -8.359765985627195528e-01 -1.366470715810637060e+00 -1.321909579629109599e+00 -1.205831075449978584e+00 -1.192638744158938335e+00 -1.228028336967009526e+00 -1.089434145467263582e+00 -1.440389053886007575e+00 -1.186386104577368039e+00 -1.147131056077131728e+00 -1.455760494762887935e+00 -1.090461521250910337e+00
2.557927742010419614e-01 3.071255277871287048e-01 3.110133831843406860e-01 -2.308971624931385191e-01 -6.840718367253184606e-01 -5.987774405903015795e-01 9.109247291900321453e-02 1.497922021461740860e-01 1.635549924673694935e-02 3.244249426049347074e-01 1.134504459256796688e-01 1.281088024016080740e-01 -3.398451656136933230e-02 3.634647152541682635e-02 8.238965822575398945e-02 2.559635220966198221e-01 6.338471803112508685e-01 4.285232144771681795e-01 1.083049375763004141e-01 -5.465091443560517181e-02 2.207717183715803277e-01 6.768834039012847636e-01 8.172472813485817111e-01 9.990329457699272941e-01 1.043588498547593169e+00 7.840812931038444455e-01 5.319936952955816034e-01 8.478575105775476572e-01 7.778707003182750990e-01 7.710382132096639252e-01 6.454352134324493617e-01 4.840097189562969082e-01 -5.453163332860907486e-01 -6.796154345509274330e-01 -6.548696190961915686e-01 -6.825976874229316982e-01 -7.123755639960874797e-01 1.386857639983307966e-01 5.781274318878165674e-01 2.952519867508243689e-01 5.340171201072988483e-01 1.010152098345146854e+00 7.221057934352780316e-01 -5.996588713004342291e-02 8.934297961657777787e-01 5.088845875020943099e-01 8.521473353013094831e-01 1.060751854698577690e+00 7.328995724975311266e-01 1.000483043446556808e+00 9.635677693354803841e-01 -2.541775877237140158e-01 2.450678897876266693e-01 3.304355843324451314e-01 4.123877345356855018e-01 1.609780058984167928e-01 4.853767870186456723e-01 4.687362426502149071e-01 4.753404593918569288e-01 2.327066154168280221e-01 1.806174393275774281e-01 3.839636556984504234e-01 4.287608299188170879e-01 8.590258037701677951e-01 8.009311312840070585e-01 7.391977536323532938e-01 1.962883150346794170e-01 -7.745820545042388094e-02 -8.405928529923849604e-03 9.074132527980180440e-02 1.534000050902472548e-03 3.961016249465498240e-01 -2.592108927754340764e-01 -2.432775593399480185e-01 -3.089682052608553886e-01 -6.554707684595094674e-01 -3.016039501976011117e-01 -5.231837653699431545e-01 -5.063683629481172677e-01 -2.275102305335494068e-01 -2.663008368110536539e-01 -2.805682300046202782e-01 -2.622597233851644005e-01 4.118967819590338975e-01 7.174074991766143938e-01 1.080071391567655636e+00 1.014579823665827440e+00 4.671708737456958249e-01 1.878742191604849121e-01 6.394904252074820050e-01 3.045685124636126062e-01 5.119349182825526645e-01 1.883455810201616759e-02 1.142761672872902035e-01 -1.405805358553387230e-01 -2.772620272697529642e-01 -4.793023931114840513e-02 -1.450826799120704946e-01 4.792302153100975737e-01 4.293652523267092458e-01 4.514954546713709216e-01 7.733416576513552076e-01 5.395104785528570535e-01 -4.450634024036572572e-02 -4.160892183532131638e-01 -4.965990583145386827e-02 -5.703083797854046066e-01 -7.835955824792427693e-01 -1.118353967900052481e+00 -9.400428883986696738e-01 -1.516323462362156427e+00 -1.375827796107774059e+00 -1.366907318302115426e+00 -1.303003255200369637e+00 -1.311525932203171152e+00 -1.378552675029895536e+00 -1.599215821920903169e+00 -1.489012084748660980e+00 -1.232448971789878334e+00 -1.615017453345940490e+00 -1.256498385832524267e+00
3.153107752137024322e-01 4.359170517471146478e-01 4.320135845099264960e-01 -5.537217230578108523e-02 -4.415676262316651779e-01 -3.151813795357056303e-01 3.619305292710175981e-01 4.358458187580079857e-01 5.559008058256197371e-01 9.588102593790484018e-01 1.281088024016080740e-01 -2.628081310436325944e-03 -1.220734940477096603e-01 2.588207422025273208e-01 2.268029623021005636e-01 2.407874992107705558e-01 5.664632414947685657e-01 5.075436335487868433e-01 2.716873646897676187e-01 1.014949047502894386e-01 4.307613926235976942e-01 7.350499049681343822e-01 6.654668146490231306e-01 7.605210721466981738e-01 8.973329814861809028e-01 8.302828448612450396e-01 7.162677635184496738e-01 8.998143383743418822e-01 8.167817622938107203e-01 7.863542709253895646e-01 7.320185357215275301e-01 5.942211419482125168e-01 -2.587189045248863284e-01 -5.110872826498249477e-01 -5.546569418761754244e-01 -3.824309896706402090e-01 -3.667497659897265283e-01 2.484651119998932955e-01 5.794055071530641587e-01 2.328955171211603281e-01 5.826896594304536992e-01 8.753774784787843322e-01 3.725764373551729847e-01 -6.137554968734803412e-02 6.421831507583315446e-01 6.482320796210842007e-01 4.693958646477244256e-01 9.479857219813005997e-01 5.269977343514737900e-01 9.673100982515534518e-01 9.410833589643864405e-01 -3.431774857543658241e-02 3.114941025698418353e-01 4.258529954732177547e-01 4.282541594327398116e-01 2.612754378163632540e-01 5.884574292438621290e-01 5.062933548700783160e-01 5.085201785802214713e-01 3.278263375942364610e-01 3.167386819108025109e-01 3.455098955361410873e-01 3.906991282276314759e-01 5.214955922554368462e-01 3.979551655186983061e-01 4.614734802550212733e-01 2.223010066843282007e-01 -4.498530142486930478e-02 1.540089093673545524e-02 1.205389561605388071e-01 2.898802733420902458e-02 2.141157827075207132e-01 -1.198132400233483108e-01 -1.061636066504001025e-01 -1.330545329427842149e-01 -5.538949826122218090e-01 -3.888848171489980299e-01 -3.508763504622097740e-01 -4.609998289024228590e-01 -3.036025698346028756e-01 -2.032928803223023329e-01 -1.771831753105037877e-01 -1.352341283173745523e-01 4.795094431830015380e-01 7.335686279529639586e-01 7.610166445936987767e-01 8.259066484971515631e-01 5.740668655236539353e-01 2.458099970284297608e-01 4.593944888434568496e-01 2.589253691186376716e-01 3.652372847486367591e-01 1.833732639549120746e-01 1.609396441520148935e-01 -1.139582130994460651e-01 -7.748950678405003289e-02 5.407119908813135672e-02 -5.178343995939941463e-02 4.542660502530579403e-01 4.818806577275794867e-01 4.755143045576095684e-01 6.786352923289938888e-01 5.094594585194238689e-01 1.040890320057940993e-01 -2.370967980451542945e-01 -4.053751413863056208e-03 -4.060060473314555662e-01 -5.315404750258769795e-01 -7.884400215234236287e-01 -6.811089827369082306e-01 -1.239780259958600084e+00 -1.347920429020103228e+00 -1.297939226459218442e+00 -1.092767494606139422e+00 -1.146059935759231596e+00 -1.181456610213503344e+00 -1.343637084292704786e+00 -1.092534640592554895e+00 -1.029033603619718074e+00 -1.312225856534793511e+00 -1.012510437565635302e+00
2.066148994507802372e-01 3.089229523486697326e-01 2.990773816664222262e-01 -1.185675467148760848e-01 -5.846041496034948270e-01 -4.025869224514290190e-01 3.373468332055008512e-01 4.699331591714924761e-01 4.611328693286095293e-01 4.447340784627771271e-01 -3.398451656136933230e-02 -1.220734940477096603e-01 3.416559717809812546e-02 4.889397690786214112e-01 1.258474435690813686e-01 1.746967844454856422e-01 5.471660486796408041e-01 4.411726514381008601e-01 1.908626226490010291e-01 -2.339644845326611586e-02 3.092456156971625236e-01 6.833787626287268768e-01 6.264003742606506497e-01 6.859386634028120655e-01 8.140075398581887445e-01 7.862452303423097533e-01 6.405900214897912726e-01 8.577865188922592088e-01 7.271090741573869032e-01 7.412148571556468335e-01 6.857559575965671561e-01 5.853144958216596194e-01 -3.001187873972391285e-01 -4.647014531808152937e-01 -5.446387260605871639e-01 -4.283640064281306059e-01 -4.257950417261408549e-01 3.147272063150035049e-01 5.010432778317255309e-01 1.212412182167993402e-01 4.416902189010327162e-01 8.817952264822953579e-01 3.532769338507588675e-01 -1.246281992711743697e-01 5.426007377651801411e-01 4.997452083396385358e-01 3.179172754954631697e-01 8.276622810796959717e-01 4.619311531810341154e-01 8.878803940403329209e-01 9.448421319578518274e-01 -1.094743616715932039e-01 2.415869987232298621e-01 3.690397473149392704e-01 3.829852839069922688e-01 1.229467546905525649e-01 5.199129225197987036e-01 4.464598172045858848e-01 4.808529716620466576e-01 3.389702780798360404e-01 3.098479570088087942e-01 3.904960181584574141e-01 3.635188912849472431e-01 4.071283626524174193e-01 4.033490517168650258e-01 4.712797101119738374e-01 2.708071096252799848e-01 -1.324602147893343997e-02 2.701207232528863526e-03 1.273878396123230838e-01 -1.767196562890887765e-02 3.224736140734770218e-01 -1.678044906017873150e-01 -1.560903863166429595e-01 -1.135291868208833099e-01 -4.361746262068919577e-01 -2.385048822402549840e-01 -3.320414376423714842e-01 -4.324819355719644598e-01 -2.212138364911682975e-01 -2.333858198983866650e-01 -1.799740792912033205e-01 -1.560507427285195980e-01 5.485212075278186328e-01 7.818627015154147042e-01 7.947258754326130825e-01 7.497906565252154820e-01 5.123511490897197929e-01 2.392008450745146675e-01 5.588156076034260789e-01 2.687701473387475448e-01 4.586620743563363800e-01 1.567265375842666342e-01 6.159274954405023761e-02 -6.630819827548325995e-02 -1.628761723821548490e-01 1.434591702421333936e-01 9.317249561554370382e-03 4.879759576446497382e-01 5.181055174864496182e-01 5.868637314200824129e-01 7.605270900117334643e-01 6.523501849086453808e-01 1.248255413634829086e-01 -1.677988510390705512e-01 5.105117485376192699e-02 -2.785706595330411095e-01 -5.084570205937327669e-01 -7.477273386097571528e-01 -5.535709316677485115e-01 -1.078884071773928310e+00 -1.244271885790779963e+00 -1.176198281859148320e+00 -1.006629981319244749e+00 -1.049122117164270396e+00 -9.634168009832358992e-01 -1.280186491820034522e+00 -1.088308444375083894e+00 -9.000504330439441647e-01 -1.306657083886423321e+00 -1.066998110320386051e+00
