4.292971983495584842e-01 1.623468003121431857e-01 -1.830518372311651099e-01 1.018910689087097754e-01 -4.035553307217374513e-02 -5.201606892202350618e-01 -2.350543538947096889e-01 -2.638942158989885378e-01 -2.060165016129093529e-01 -1.295577079065687309e-01 -1.479060876664424207e-01 -3.519216507826312124e-01 -2.471661397783233016e-01 -3.133414030599322442e-01 -2.990505899482581720e-01 -1.301059459810390007e-01 -2.037250866238126679e-01 -5.065086119486773564e-01 -3.850324373479805384e-01 -4.179639055895776889e-01 -4.418698535472863065e-01 -5.409294901246394227e-01 -5.706443343973639504e-01 -2.478345210529091236e-01 -3.531804965020346465e-02 6.977559527080871848e-02 -5.569162404614506900e-02 1.964659066296272627e-01 2.985972873995790255e-01 5.702985987691088221e-01 7.715375302009330749e-01 7.596145241741240062e-01 7.818850645349665340e-01 7.634227157661270802e-01 8.281025568832347528e-01 8.337112144506867439e-01 8.506157008960560928e-01 9.453203548717489246e-01 9.213291536995706910e-01 7.585203547463891249e-01 7.420138174028311218e-01 7.245755606458699205e-01 1.013221537673686168e+00 8.669066766722999251e-01 1.033185990217816208e+00 8.177262658852758603e-01 6.977712112013956247e-01 7.691663958031675907e-01 5.236100506533314380e-01 3.180565769569746459e-01 3.561569646568150671e-01 2.528847572238716035e-01 2.610317726503889602e-01 4.636516369707505136e-01 4.648144342039404742e-01 4.848219621639361931e-01 4.758453122954557912e-01 5.962889553310818380e-01 8.568042267769420128e-01 9.919773822515668416e-01 1.170417508015086705e+00 1.140169105303538544e+00 1.083796382058469288e+00 1.136853211556679177e+00 1.112566546720498817e+00 9.802339234601671336e-01 8.779528915082518425e-01 7.098420172904432723e-01 6.288417738303165860e-01 7.253261653509116558e-01 9.499284115601367429e-01 1.197319704727853429e+00 1.049554916942176952e+00 9.609693851409117915e-01 9.559146212576904444e-01 8.093708030942671217e-01 3.729302732324765168e-01 4.970355212727004535e-01 3.037140151138918442e-01 1.101564214400394259e-01 1.069708445302580552e-01 -1.114426476119610987e-01 -2.873713818396789188e-01 -3.907057103894956418e-01 -3.137446920933473216e-01 -3.184955819054794968e-01 -4.519597580309430707e-01 -5.275672235704250701e-01 -4.654966272876838729e-01 -4.293296559339852547e-01 -3.032260309778676555e-01 -3.957915144677340846e-01 -5.444948758519720933e-01 -5.084931949575398624e-01 -5.389078470109155417e-01 -5.400732676444294222e-01 -5.072473702845254895e-01 -4.804065399528564262e-01 -2.956186492772623908e-01 -2.550421107798377385e-01 -2.167300490708397032e-01 4.555078637378717071e-02 2.113078277772832969e-01 5.689235216642340998e-01 6.795755531959651874e-01 7.751803150649428931e-01 7.540181565932559948e-01 8.715200314310548313e-01 7.917703495294041716e-01 8.367401897494121110e-01 9.653178333328261695e-01 8.536860696060286635e-01 9.472231959999856121e-01 9.749199380176197804e-01 1.058684996601027883e+00 1.069685843520896240e+00 1.287356083147320751e+00 1.491934264320089465e+00 1.743245081562020848e+00 1.717779819169226618e+00 1.047488181868616586e+00 8.798717009979872827e-01 1.233710075881635948e+00 1.590003124047327798e+00 9.317780162240099084e-01 7.113676125967997033e-01 7.960314692921559576e-01 9.156925992320992247e-01 1.304332361162595877e+00 1.597058826589007552e+00 1.491006370663711555e+00
1.623468003121431857e-01 3.517456702308243144e-01 3.759624240518427141e-01 7.272723398871264733e-01 8.807660009122529610e-02 -5.909710653217420395e-01 -2.666711937280881739e-01 -1.719459493116357596e-01 -8.036871377475920952e-02 -1.153657948935522121e-01 -1.558052437312958810e-02 -9.019612313169896034e-02 -7.294427735851503891e-02 -9.029638768473106925e-02 -1.441381492323386693e-01 1.066390614474143489e-02 2.502352405153561166e-01 -1.976634586390047521e-01 -1.720740825137075658e-01 -2.775672321479745741e-01 -3.685006898169118639e-01 -2.803930662378863459e-01 -3.129613429549912285e-01 -7.320115489359545202e-02 -8.040120445718687558e-02 1.506147167276020715e-01 2.778730557161811499e-01 3.252564208387689892e-01 5.369950613795000383e-01 6.876947903299104325e-01 5.627138315467228313e-01 5.986069929413619928e-01 7.441382039168769058e-01 8.220141535382280429e-01 5.982099609061986012e-01 5.190667000327773284e-01 8.996433008451496516e-01 1.093877069466169250e+00 6.232548580286841888e-01 3.520651214147347829e-01 3.674797016464504962e-01 3.781610994780207347e-01 8.778995771910063084e-01 5.857843695037154852e-01 6.540098722840934631e-01 6.692442962470812606e-01 7.993438143165129128e-01 9.310441859598660441e-01 7.539095707753545872e-01 4.977120373683326382e-01 5.888496849773934283e-01 3.977352637864984275e-01 5.058404505831026743e-01 5.630440858142753413e-01 5.811406055752277311e-01 6.437764387187109305e-01 8.320140100759014778e-01 9.329339366999792604e-01 1.015061350193700918e+00 9.350007867386045390e-01 1.116815122994211151e+00 8.215167737862983932e-01 7.442230493309056616e-01 8.442854388040607061e-01 1.032600973296281532e+00 8.947104959807803404e-01 7.452728827735022321e-01 3.208118992698799077e-01 3.429586869802205285e-01 2.913388585341200598e-01 6.395475907601644305e-01 1.045667909271205120e+00 1.225097527938308728e+00 8.963806235213318541e-01 8.063760273607265550e-01 7.844807919671688001e-01 7.634894962856410006e-01 5.243315664564863754e-01 3.733955135590801278e-01 3.727119427943633156e-01 1.676322567727381585e-01 1.031581921724758488e-01 1.435207140842232471e-02 -1.393212571825650226e-01 -2.062243800602888144e-01 -1.465216121316095799e-01 -2.180660630260242427e-01 -3.084372492646489938e-01 -2.384178023500749533e-01 -4.927312894838610235e-01 -2.340430171160617079e-01 -2.191956030701706637e-01 -3.092110520893963654e-01 -2.663716297354004059e-01 -2.390748336909930549e-01 -2.124040771981049527e-02 -9.572086860235434758e-02 -1.285194720518688660e-01 -9.590506801894727040e-02 4.428340415045423084e-02 7.410071739064205687e-02 3.792410457179125616e-01 5.074987103380470543e-01 6.883322478450938364e-01 4.815384585455402822e-01 5.181152453660591295e-01 7.192809888193505419e-01 9.893884026072565785e-01 5.533470249169034627e-01 6.518154761832896105e-01 7.191391788418111108e-01 9.783266032158922654e-01 1.018586137703281214e+00 1.011937328722281038e+00 1.109064579440103726e+00 1.226363157588551633e+00 1.333700199749904280e+00 1.509838762978556126e+00 1.720954747239131333e+00 1.458631368100143710e+00 4.319819311974337217e-01 4.443922268196205394e-01 7.915037363278355498e-01 1.190377178211049936e+00 4.126037278340251580e-01 2.684058986900473842e-01 2.179191467504333346e-01 6.080466572651863633e-01 8.931199547459915955e-01 1.350293831826554047e+00 1.610749308038256222e+00
-1.830518372311651099e-01 3.759624240518427141e-01 3.510291751820609485e-01 9.176125088513846784e-01 -1.723367950378983451e-02 -6.879366701809647155e-01 -2.917954529629015470e-01 -1.952786933320785068e-01 -8.294061367987387579e-02 -1.475785795072491191e-01 4.994827571332975669e-02 -5.705269065708748998e-03 7.187282231227302975e-02 -5.488676324086754627e-02 -5.119010211234434338e-02 8.551277735690160364e-02 2.857276348286784118e-01 -8.915988407916608516e-02 -5.131137671800779787e-02 -7.519050138908417447e-02 -2.056784068916882868e-01 -1.271271081529379565e-01 -1.373648040040529039e-01 7.886551106100302133e-02 1.498456687114961827e-01 2.511058697502334125e-01 3.614227997951413585e-01 4.470957965434256276e-01 6.842590111958846144e-01 6.804506428216655634e-01 4.824850192398231208e-01 6.442090577761481196e-01 6.827730704404306739e-01 8.349692992908792633e-01 4.389162545471895216e-01 3.194365728891687128e-01 7.539984145942613125e-01 1.086531900401471740e+00 3.497819494842094312e-01 9.911656155230613718e-02 9.002831005405011189e-02 2.448512253019977936e-01 6.509791800777893211e-01 4.061346017359798721e-01 3.701872140314843018e-01 6.280904256955103238e-01 8.206893910647521384e-01 8.813558500974240095e-01 8.586126773752934538e-01 5.527900547515591789e-01 6.473097910765083229e-01 4.565791870598922553e-01 6.035475443551898689e-01 6.766584377535603823e-01 4.634706924797597494e-01 7.193119961841828447e-01 8.900897739553733645e-01 9.391448321819816369e-01 9.742744327159397200e-01 7.242510095048131369e-01 9.268825947357137718e-01 5.727733391319180800e-01 5.075257649734497001e-01 6.523604291483948714e-01 8.398874651456318396e-01 6.544091532861416871e-01 5.588983675650219807e-01 -3.797876122997819598e-02 -7.507612665698511212e-02 1.188837115981387221e-01 1.506682418709996973e-01 9.059889989926414033e-01 1.209089837884318896e+00 8.676659688353824951e-01 8.454686759803792251e-01 8.097569326343292406e-01 9.127425936260951111e-01 5.694552571094739779e-01 5.665007891714428645e-01 5.638271210197839389e-01 4.281963621837640011e-01 2.728593501259782284e-01 1.901038155211891012e-01 5.339211828051235176e-02 -3.304783096728215741e-02 4.918241067925490512e-02 -5.354154715313430568e-02 -1.442154662426185785e-01 -8.173306790683976253e-02 -2.097572958027842660e-01 -1.297063032613075644e-03 -2.073547701754646089e-01 -1.436800154326015599e-01 -8.894532500391941210e-02 -2.818448534746416101e-01 -9.676544250652879819e-02 8.607312210967020538e-03 -1.030775107438562654e-01 1.892076996602214956e-01 9.036707473609412178e-02 2.780528035199343329e-01 6.255371212081273224e-01 6.742273588764349235e-01 7.500350653094700615e-01 5.865988073458648921e-01 4.236378968465225325e-01 7.213868389212181320e-01 9.629718708083985224e-01 4.662066323427388470e-01 6.805059367705899032e-01 6.408754397349796239e-01 1.010276682112893898e+00 9.996691631653351617e-01 1.009361519652859362e+00 1.003338657764041963e+00 1.237116054838669044e+00 1.266795662223808794e+00 1.390900236718341176e+00 1.441274384107927187e+00 1.055648483449664887e+00 1.659565046811261116e-02 -2.512254389338849578e-02 4.543459731880159502e-01 9.266813933399883352e-01 9.666539430940724112e-03 -1.962440872947580628e-01 -2.370551693791199954e-01 1.695035749248313961e-01 5.014208903739020284e-01 9.227191524294480196e-01 1.485122194991788325e+00
1.018910689087097754e-01 7.272723398871264733e-01 9.176125088513846784e-01 4.856185092352203192e-01 -6.488546528130423319e-01 -9.294900958885539133e-01 -4.542144022078665744e-01 -4.327953952692367712e-01 -3.195708168784338055e-01 -2.901985653536949816e-01 -1.389923700788149308e-01 -1.597844062864295922e-01 1.848177013233056054e-01 -1.981968604122987809e-01 -1.603384181543549281e-01 1.273322140758634258e-01 4.921727201870826907e-01 -1.828717636338265118e-01 -1.189640985182753297e-01 -1.492265355491932954e-01 -2.699318124719397027e-01 -2.262944283678365309e-01 -2.444119813856299728e-01 2.676723608630041107e-02 -1.237097523020979153e-02 1.339319003269785480e-01 2.827210516757568404e-01 4.159310832796836999e-01 5.354896489786039604e-01 6.635049897317679690e-01 4.661469487465556005e-01 5.180785345513791995e-01 7.329991231279011643e-01 8.770007337889900167e-01 4.716281895318167328e-01 3.409810085040376193e-01 7.048477558104723206e-01 1.008061900300001978e+00 3.461348968482034216e-01 4.717176422378984574e-02 5.992449203150163745e-02 1.735052683468584211e-01 6.713408157261352427e-01 2.810975533852244079e-01 3.901313167335318521e-01 6.602735600295779328e-01 8.529659717147299869e-01 8.742984507593842824e-01 8.177826762140220085e-01 4.905501426113556551e-01 5.568676812622486150e-01 4.154255012763493071e-01 5.892198972782328736e-01 5.764927922425417961e-01 5.270467867240402615e-01 6.561285831290988302e-01 7.261284582460684200e-01 8.709184537830604311e-01 8.980618549019110386e-01 6.714761069632675383e-01 8.663960513195457791e-01 5.460994338807955151e-01 4.252414591501014196e-01 6.504345933738807650e-01 8.754062896045701203e-01 5.845396082493401479e-01 5.214595007119929848e-01 -2.384287737267405324e-02 -1.442439022299253915e-01 9.719334282565073035e-02 4.193312726283643932e-01 8.575514029084617684e-01 1.193563533527807863e+00 7.429172870393641048e-01 8.079249156024582712e-01 7.590610044311303373e-01 8.069532319465009262e-01 4.845320244647365326e-01 5.191446584584183954e-01 5.671752570712433883e-01 3.199876229634651681e-01 3.199393186483481810e-01 6.929976446921778943e-02 -2.595334038586488701e-02 2.323892443086399140e-02 1.771040208085822298e-02 -4.404436383356723911e-02 -1.432597851790450294e-01 -1.528519045616242092e-02 -3.229018456840130336e-01 -3.972558224693812506e-02 -3.213776681281720893e-01 -1.825980652032077323e-01 -1.949209578935398868e-01 -3.800737022718361779e-01 -1.790382307745738977e-01 -6.852173965044285053e-02 -2.178358150684263708e-02 -1.761556581080681678e-03 -1.428785001834722429e-02 1.972749058620584528e-01 5.098596813577258580e-01 6.411870832065728054e-01 7.577380555568838938e-01 4.515822777709539437e-01 4.964089805847498038e-01 7.146312126072295046e-01 9.627280952092742705e-01 4.673051314726930361e-01 7.494168320736896982e-01 6.655969597383099012e-01 9.647528691099163112e-01 9.990193375834176548e-01 8.690224650614947199e-01 9.461679180580928605e-01 1.190048533143094112e+00 1.247073131040643323e+00 1.387985582900111980e+00 1.384718723367328375e+00 1.061120325319855784e+00 5.901768317488426986e-03 -5.116955442769995435e-03 4.792679374021485694e-01 9.333852622172792435e-01 1.012052470210411115e-01 -2.360601482157853037e-01 -1.778132019620874416e-01 6.384073203214438164e-02 5.863185585074679462e-01 9.928236052159163938e-01 1.409847474771641629e+00
-4.035553307217374513e-02 8.807660009122529610e-02 -1.723367950378983451e-02 -6.488546528130423319e-01 6.323018966309101874e-01 -2.165150905316945151e-01 3.298796348793621713e-01 1.048685531683171517e-02 -4.608858244067078752e-02 2.900702587884564920e-01 1.740098528018149959e-01 -6.534336459050819890e-02 3.279581683321766694e-01 4.571635604670372111e-01 1.776760650864800117e-01 1.188637657175752871e+00 1.504902090870102960e+00 1.227290427076738466e-01 -2.590269962911038726e-01 -3.079072238055033384e-01 -1.249834630143443898e-01 -1.115519957409626534e-01 -4.378837254843491733e-01 -7.738485081372910301e-02 4.497012963169568778e-01 2.901818338842082068e-01 -4.267257904763999132e-01 1.591406736406755229e-01 3.632194105829054664e-01 6.958720461679116509e-01 1.167867004838035072e+00 1.235279417867980678e+00 7.549587027477525636e-01 1.420288877322704035e-01 7.635459395698773744e-01 1.292802447806556954e+00 8.127912213391469409e-01 8.549063092961624033e-01 1.082015296066784149e+00 1.171183062565258837e+00 9.834907806821268084e-01 1.082726835404141275e+00 8.354906392591031628e-01 6.621124985743259694e-01 1.310663587701143440e+00 8.732834703588872038e-01 5.565891546287554670e-01 7.043688100852882883e-01 5.749180685729368134e-01 2.289986264621063916e-01 1.598862525176862892e-01 5.790210200665191209e-01 -6.059384021645695950e-02 6.891740394794549918e-01 3.894506153652847469e-01 4.688619362449788497e-01 3.453047384292574074e-01 1.362174118361137720e-01 5.475782151470762749e-01 1.187268063364070869e+00 1.130760990730943050e+00 1.280364167468274195e+00 1.299928478289529066e+00 1.040160080257707120e+00 7.146572309071963502e-01 5.723197082243568490e-01 2.544063298921375726e-01 6.324858304319816993e-01 5.913257190633508520e-01 8.775925186076047879e-01 7.748927635607081310e-01 6.732765813931071985e-01 7.738096944589212267e-01 9.453762144772139830e-01 1.225066223831266843e+00 6.237642312968350033e-01 -1.194420758787160114e-01 9.925047317334022567e-01 2.317211034393331648e-01 1.733173367520023933e-01 -1.651032593190110975e-01 -6.337304761166562272e-02 1.807983330685204448e-01 -6.598575266038959608e-01 -6.270166430443040451e-01 -5.420668295217521138e-01 -2.087866326049444554e-01 -9.277838384142256256e-01 -8.463056076717361265e-01 -1.555174837156223233e-01 -3.236339539669468857e-01 -4.154687150119762973e-01 -8.434415833046420286e-01 -6.718156550310935282e-01 -1.036418141503623991e+00 -7.665693568039740891e-01 -5.575422670168815875e-01 -7.715339578623554573e-01 -1.138475037849918881e+00 -8.803946087943020915e-01 -2.944584248264022763e-01 -2.111957706218543229e-01 -4.400175936244579006e-02 4.986276351832578668e-01 1.280818113036124917e+00 1.361008121702500073e+00 8.223089006862367434e-01 7.894456803603278061e-01 1.176252153729126171e+00 1.139729115819585692e+00 1.407037696140474914e+00 1.072977990056273256e+00 1.238738924228598881e+00 1.211874169128507761e+00 1.129799470333698652e+00 9.445068411205026493e-01 7.659677751711098104e-01 1.114917827337953415e+00 1.084142752848108904e+00 1.314122114522519702e+00 9.908074878916481865e-01 2.401778916876460834e-01 5.647287619479121057e-01 1.313757066837516696e+00 4.361676374472125417e-01 4.809453157988620720e-01 8.268748022232137451e-01 8.021813005801277097e-01 8.840308811755576146e-01 1.173219861342502224e+00 8.801087473247432014e-01
-5.201606892202350618e-01 -5.909710653217420395e-01 -6.879366701809647155e-01 -9.294900958885539133e-01 -2.165150905316945151e-01 3.470851893112165687e-01 -9.412552139881302793e-01 -5.747059024590897014e-01 -4.093242568026840833e-01 -1.002143620614857622e-01 -4.730967194566258055e-03 5.569579911399837741e-02 5.451486249723073163e-01 8.743195355059434348e-01 1.228074638915298999e+00 1.829468101754782028e+00 3.450309139700052707e+00 2.599019010672114494e+00 1.470287955837882521e+00 7.560172581118694835e-01 5.279504117947949604e-01 1.514791765781102750e-01 1.964504310655426633e-01 6.661480504104068112e-01 8.382617607794490278e-01 8.950802422090142763e-01 6.404188193965484333e-01 7.059829211365892254e-01 6.168875425721028760e-01 9.383199332822964589e-01 1.083656509418168490e+00 1.008769957539666917e+00 8.508207875132847153e-01 8.298400968536684408e-01 7.675934284856098522e-01 9.138803738494698514e-01 7.167497775849145381e-01 7.707467102861460528e-01 7.115983051606562526e-01 6.618055260338434609e-01 6.650513276997338519e-01 6.351188197693822257e-01 7.922366436947380075e-01 7.188248255809730480e-01 8.062352938728863938e-01 8.037659378375017205e-01 5.592398333535022470e-01 5.861101446357688260e-01 7.171291463763765917e-01 6.403845126264118282e-01 6.452888494074775494e-01 5.588203116069045961e-01 6.564314906665088545e-01 6.093096398831407967e-01 8.159440195382703376e-01 7.875418692491243933e-01 4.612534342097992512e-01 4.006317483502631616e-01 6.510170419865842772e-01 1.034750774231001147e+00 9.928598243675830215e-01 1.056258978332312415e+00 9.622334432139966198e-01 5.102091455972470602e-01 5.493996558889265858e-01 3.591718217590793572e-01 1.649275707141084346e-01 -1.017039341310105871e-01 1.412976087965503169e-01 4.070618728633758621e-01 3.629768093995696665e-01 4.731860078892670685e-01 7.765108936403191109e-01 7.726103998951071583e-01 8.960437653038316741e-01 6.453683800616160093e-01 5.097741936359014847e-01 7.478707033456806208e-01 3.913394050464618634e-01 3.909383225294636999e-01 3.558844170160718745e-01 3.667506042930381294e-01 1.775165661563218034e-01 1.036046434272915040e-01 1.526170860860152079e-01 1.901946938325315695e-01 -5.752087735600088132e-03 -2.059350613744729552e-01 -2.614617259546120689e-02 -7.897087056036475317e-02 1.668209024478358449e-01 9.663742016313343897e-02 -1.817359576835934909e-01 -2.778920472705964650e-01 -2.692736256696314223e-01 -2.724005325196432459e-01 -1.402258605316352991e-01 -3.638858107342247961e-02 -8.452032266766116089e-03 4.457280968636865431e-02 1.393948969988821618e-01 2.975840008014291049e-01 3.029486044543212020e-01 7.924720839023523533e-01 1.115718147195972509e+00 1.072968368711629816e+00 1.067336582972320036e+00 8.394346351823377406e-01 9.244986083492744422e-01 1.052751997993794042e+00 1.142259040412797910e+00 9.895010640368666621e-01 1.229230995159547479e+00 9.544601636067261419e-01 1.132450649476542281e+00 1.075612058183829767e+00 9.706987583417793219e-01 9.822404696256445966e-01 1.120608433938171888e+00 1.141249803323324929e+00 4.519414813535582720e-01 2.436969432894612875e-01 4.729886554785373010e-01 7.804444103684300416e-01 5.423785046317307623e-01 -5.384405989163631306e-02 2.688387030151482768e-02 6.695425251262212551e-01 1.278992002308181108e+00 1.318649161747683429e+00 1.128481807747365950e+00
-2.350543538947096889e-01 -2.666711937280881739e-01 -2.917954529629015470e-01 -4.542144022078665744e-01 3.298796348793621713e-01 -9.412552139881302793e-01 4.188471683492004938e-01 3.968842706528157294e-01 4.704433552258919793e-01 9.244525429950145590e-01 4.801943025832339229e-01 2.058757183542808955e-01 4.981194515290776614e-01 7.271850858115004590e-02 1.990128764493460378e-01 8.875572468092198797e-01 8.337775016233145431e-01 -1.662823993855357119e-01 -1.645964918184318060e-01 -2.910757524842133015e-01 -4.797193103165589556e-01 -3.080366623158630190e-01 -4.589267656654706928e-01 2.369643406223725587e-02 5.315651756918522430e-01 4.873265051544664050e-01 6.839673233793353707e-03 3.623705466597165747e-01 2.048327001707767603e-01 7.994676211417929279e-01 1.118117375182025697e+00 1.077940844385354202e+00 7.035302206800029268e-01 4.080788101539339352e-01 7.963019319295527865e-01 9.247992579921426870e-01 6.542269155079691867e-01 5.353202013961589900e-01 7.950704396608015978e-01 7.949564235798887157e-01 6.961290423005953576e-01 8.311034736373136278e-01 7.376864700167953259e-01 7.810660336836381390e-01 9.169823833446743011e-01 5.896644735836483742e-01 4.262588441055031319e-01 5.072096034430662037e-01 3.007126574881927583e-01 4.231363534288713479e-01 3.185048814327604005e-01 4.632527357549319769e-01 3.967392547912012568e-01 4.990520461529244223e-01 7.320068398875146931e-01 5.974572709220108413e-01 2.636200882216356289e-01 1.838577191584080117e-01 5.867032339983864198e-01 1.044845469418726136e+00 9.990706087528689050e-01 1.096438968609584119e+00 9.736627300556472964e-01 6.699452920015558366e-01 4.049511840338432811e-01 1.561415694737316451e-01 3.160900757657295612e-01 1.921849460673207000e-01 3.633816369759534926e-01 4.351501052879970244e-01 4.292026755646078384e-01 3.253303003946331762e-01 4.898649642249707781e-01 7.913248020366543400e-01 9.486141607390430330e-01 6.764120256960856059e-01 2.499831138216572213e-01 9.679022405873989321e-01 2.305229678989454967e-01 8.982216296955494728e-02 1.872112106281156596e-01 7.778394856307802030e-02 -1.942021793039168942e-01 -3.715058071596815115e-01 -1.737699597796812101e-01 -2.681462009986808059e-01 -3.407851700495465597e-01 -4.863105654292889102e-01 -5.804444291845204384e-01 -2.466417484956473505e-01 -2.328145869864006179e-01 -3.656080966276985533e-01 -5.887022059140827324e-01 -6.003981622947157648e-01 -6.113504077813085580e-01 -5.123504393728297579e-01 -4.717554412456630986e-01 -6.034738795918849208e-01 -5.197348211793550998e-01 -4.251431390608415017e-01 -8.822470967342480042e-02 -9.133093229544370084e-02 3.152522028807465144e-03 5.623343526237103429e-01 1.127125178198207012e+00 1.217128466380754226e+00 9.933396484713152841e-01 8.992452635593968235e-01 1.170258689635331306e+00 1.156399766293889408e+00 1.225985889837128973e+00 1.171084905595332959e+00 1.117622815792857605e+00 1.020655936547880005e+00 1.220004993346096356e+00 9.052823711831085030e-01 9.319678676963187858e-01 8.696170902135468284e-01 1.168919529435708871e+00 1.122084166657468796e+00 4.424280424898622277e-01 4.697820393307123310e-01 6.462416131801850261e-01 7.896448681726842000e-01 3.921358527627360480e-01 2.938838575497092487e-01 3.798171928203515346e-01 6.324562538286561120e-01 8.497782177954408267e-01 1.141755043949205239e+00 8.043994742764732919e-01
-2.638942158989885378e-01 -1.719459493116357596e-01 -1.952786933320785068e-01 -4.327953952692367712e-01 1.048685531683171517e-02 -5.747059024590897014e-01 3.968842706528157294e-01 1.764255423744626461e-01 4.916097693418484127e-01 8.666366139003546243e-01 5.873175060463596830e-01 3.144709826414761045e-01 1.515516080339860405e-01 2.121354163882576901e-02 7.482218940182452926e-02 1.663924193129294460e-01 3.810296545049703387e-01 -2.747449446894490929e-02 -4.684428909026112225e-02 -1.975027383269703229e-01 -1.977865037544432325e-01 -1.920541383955489956e-01 -2.642955902330540452e-01 1.845706309223958119e-01 4.203270455526978977e-01 5.603927986718442167e-01 4.641648222682129288e-01 6.557956995659536270e-01 6.412954417975249566e-01 9.271256433668273456e-01 9.972457043003513100e-01 9.029752003253360693e-01 7.411888390480650957e-01 6.807858003918632050e-01 6.038298500324484896e-01 6.608365179095557762e-01 7.669041304491733824e-01 7.957727675956576263e-01 5.134750421688163424e-01 4.120764074612691119e-01 3.447086072865639950e-01 4.723039707938827547e-01 7.119065144472630502e-01 5.977422844896284060e-01 6.630688467225176463e-01 5.975485680496253060e-01 6.234184787824755825e-01 6.198117895624150053e-01 8.018138351343963022e-01 7.301478725747878595e-01 6.878392723759604310e-01 6.387880724858255865e-01 7.429436004708979135e-01 8.406336002576564326e-01 7.897023438008958784e-01 8.460160843572592793e-01 7.363494195781646878e-01 7.633212586225430751e-01 8.887531447633002513e-01 9.657962591521799256e-01 9.639481070275466301e-01 7.652683712436112451e-01 5.939401253110997425e-01 4.871894894249415020e-01 3.633057909162297761e-01 3.842081194502444119e-01 1.859129753589854050e-01 5.495598946702820453e-02 -2.798496181808641722e-02 8.107075348333536713e-02 3.445699290470520260e-01 4.707091886812349024e-01 8.650695125900981219e-01 8.084125282171339411e-01 8.802795994401952928e-01 8.693754445756037841e-01 7.282926939121477927e-01 9.932517906709187328e-01 6.109572962093188231e-01 5.638290203510226695e-01 5.033001150696465587e-01 4.286280517790906353e-01 2.661325687020328346e-01 1.721462537004581350e-01 1.671254518011309476e-01 1.020306957865184522e-01 2.221566980133301769e-02 -1.567048886962245091e-01 -8.589643823328772798e-02 2.861785163088148912e-02 5.575172221613958201e-02 -9.638376466608608584e-02 -1.484452587330415685e-01 -3.253517760095052114e-01 -8.575082915845472220e-02 -9.044122476186672310e-02 1.222930545469053248e-01 5.644430058223833674e-02 6.199271308310756040e-02 9.290426705716202382e-02 3.301938939792758432e-01 3.333706980446943802e-01 5.866865927670569247e-01 9.859462509898536675e-01 1.033845537820584859e+00 1.056357306056374235e+00 1.015381576938048314e+00 1.112445063398010969e+00 1.028177205502600833e+00 1.060843304195450365e+00 1.093308694848874163e+00 1.155494129619657029e+00 1.130428628516189304e+00 1.075636210507412427e+00 1.066379211599596033e+00 1.217043612675339004e+00 1.188026644825555644e+00 1.211321856244878425e+00 1.180993749849805541e+00 1.068686911080036772e+00 1.534083435663074202e-01 3.070923439950761294e-02 3.629871746317946957e-01 5.568429538039212368e-01 3.800882189774005410e-02 -1.318490284678381086e-01 -4.062552710973873354e-02 1.411301298531683623e-01 6.010357481697897741e-01 1.121196859459925532e+00 1.182013400056757257e+00
-2.060165016129093529e-01 -8.036871377475920952e-02 -8.294061367987387579e-02 -3.195708168784338055e-01 -4.608858244067078752e-02 -4.093242568026840833e-01 4.704433552258919793e-01 4.916097693418484127e-01 3.058091179759415690e-01 3.763342924418894286e-01 2.516275685419796515e-01 1.293770936031680141e-01 -1.544558850514601671e-02 -8.754052444164653335e-02 2.835229704777447041e-02 1.634318525182880746e-02 -3.595647432446807262e-02 -5.561442961074795910e-02 -4.838331709235076106e-02 -1.945614678151864618e-01 -2.389789991911962508e-01 -2.379810798343769684e-01 -2.241127304046257041e-01 1.718022708992174574e-01 3.947119627850101953e-01 5.517724731624498169e-01 5.716906323725229333e-01 6.897014070406851660e-01 6.798620194900180103e-01 8.801010345614944663e-01 8.312228912409187487e-01 6.452729675286384969e-01 6.108935543409558244e-01 5.986677231722902226e-01 4.324426240972853996e-01 4.516051207080421515e-01 6.156689449451236973e-01 7.475739476932227179e-01 2.840873001683487109e-01 2.240660916464058960e-01 2.543627009877596490e-01 3.227662972298204758e-01 5.908195534765955381e-01 3.765588686656600736e-01 4.815236545182701167e-01 5.547009583820493583e-01 5.108163730823340742e-01 6.605268132913978407e-01 8.796241120339673980e-01 7.614345929012594771e-01 7.575838247197316244e-01 6.361966671451155797e-01 8.130983209580560089e-01 7.877772243598569757e-01 8.189095843276679165e-01 8.099912540381263293e-01 9.192364850103406093e-01 8.275740150665087391e-01 9.529204795146567486e-01 8.317351866797642046e-01 8.344222258433101613e-01 5.369552047296496378e-01 4.475816592257852999e-01 3.567096809223714859e-01 3.737444658831232669e-01 2.598876624804466462e-01 1.455914389234336248e-01 -6.288075699077957936e-02 -1.066630893441693345e-01 1.811402164159386582e-02 1.693055299939481284e-01 3.757170821594828514e-01 8.507135652485041666e-01 7.441136211902513731e-01 7.977376535074122144e-01 7.988410332748878684e-01 8.881624369214513592e-01 9.204168626752878835e-01 7.510196414705840873e-01 6.449986839567298791e-01 5.744925240597733573e-01 5.848311830840136061e-01 4.948254650789281617e-01 3.154653099945320949e-01 2.826950842207039405e-01 3.947021622263782725e-01 1.538827977063245422e-01 -9.177497240665476175e-02 3.506690216212961231e-02 5.717929511581956725e-02 4.951986744084585501e-02 5.027198388105713622e-02 -5.476133965275738896e-02 -6.877748349839146735e-02 -5.946584528074447956e-02 9.739905756449603047e-02 2.563199681898604698e-01 2.324657139794936433e-01 2.372674851084513870e-01 2.338759102819975844e-01 3.296313800767655677e-01 4.930214674035955924e-01 7.292172638795845208e-01 1.021983404809764684e+00 8.501640361922689904e-01 9.207876702923450951e-01 9.566198070780796980e-01 1.075815423667797477e+00 8.829484359856745179e-01 9.525147696299091082e-01 8.894556758197094126e-01 1.043854222914406105e+00 1.076309882154190767e+00 9.787639964648845448e-01 1.018076933238337034e+00 1.201810801866925571e+00 1.181908769014342386e+00 1.109969705633511827e+00 1.154350556552628859e+00 8.470390746271379001e-01 -1.919757766002631871e-02 -5.934136405514198187e-02 1.287512717200597345e-01 5.072868407756975229e-01 -1.548995348829617924e-01 -2.126298296721342573e-01 -1.088400161563287255e-01 5.286353737000665937e-02 4.985852058996894653e-01 9.522877504042323027e-01 1.254293125681291476e+00
-1.295577079065687309e-01 -1.153657948935522121e-01 -1.475785795072491191e-01 -2.901985653536949816e-01 2.900702587884564920e-01 -1.002143620614857622e-01 9.244525429950145590e-01 8.666366139003546243e-01 3.763342924418894286e-01 1.782558559060981873e-01 3.897492865472096946e-01 1.255237491394709248e-01 -2.695822544524686948e-02 -2.097428134333595706e-01 -1.988644856518996251e-01 -2.060248380114069675e-02 -1.961238425116267337e-01 -3.180065653082556065e-01 -2.295045412983781064e-01 -3.211914284916311813e-01 -2.728812112409769175e-01 -3.219550999343153697e-01 -3.857894011793828737e-01 1.401557530462823331e-01 5.116125007197217522e-01 5.964726738401746609e-01 2.302141188505802682e-01 5.760264386159148486e-01 4.320763464282593169e-01 7.778085974459972851e-01 9.606742173259249507e-01 8.518419283915221740e-01 5.526407315533604647e-01 4.608841019531264016e-01 5.454517744782276800e-01 6.399144038963132664e-01 4.473109770937331309e-01 4.637066711965794341e-01 4.833589344219704764e-01 4.281241886169480093e-01 3.917665926031609902e-01 5.245462053369208677e-01 4.999761797729558310e-01 5.087490606692761652e-01 5.338001009163941823e-01 4.638138067989033830e-01 3.903417624596459135e-01 5.095305063648777333e-01 7.307813448277001855e-01 6.608365794715149732e-01 6.213762236932803829e-01 6.033496677756104987e-01 5.976129039066930826e-01 7.181653617752798979e-01 8.141123274911468144e-01 7.842582632577348445e-01 6.340327271608448001e-01 4.992883873377783610e-01 6.886135824292215490e-01 8.805457067427140405e-01 7.918321314229221919e-01 6.365717755940843992e-01 5.479955183323702572e-01 3.629953838194761029e-01 2.498378057606527591e-01 1.477516672009490384e-01 1.146600731218508362e-01 3.531547584557975165e-04 -8.535048396078260408e-03 8.559211753122349109e-02 2.033920053244418769e-01 2.643661308727669468e-01 6.406702407894230289e-01 7.443271422144728255e-01 8.678280487525490416e-01 7.732972075149386892e-01 5.580201082977078730e-01 1.095239421348178643e+00 6.887801421476117403e-01 4.155380934701783935e-01 6.407135829172369013e-01 4.254923191845289554e-01 4.005574777355813687e-01 1.988856672518909130e-01 1.301042648183747541e-01 1.797022205442896092e-01 -6.416837576523271719e-03 -2.044625917518484715e-01 -1.727368852515468733e-01 9.553894877298116373e-02 -2.698584206061686516e-02 -4.211285561698537711e-02 -2.097294339688084985e-01 -1.081918598346923444e-01 -2.557150090456625779e-01 -8.986291520207620453e-02 3.359332432316435024e-02 -5.230716242935960769e-02 -6.504724368073948847e-03 1.526309013793302194e-01 2.813966607086729743e-01 3.029056339604269121e-01 5.458177532406236487e-01 9.416038310804214495e-01 1.150317382244704145e+00 1.104555138851254670e+00 1.023422472709640818e+00 9.871300167901363443e-01 1.105813006710301583e+00 1.039688637310805408e+00 1.146433959154687710e+00 1.046860004303298730e+00 1.005392593671357693e+00 1.027162631797556180e+00 1.033643207459189473e+00 9.948723413006382854e-01 1.036720374749854789e+00 9.835613111304225553e-01 1.077800880552591378e+00 8.343520479931497702e-01 1.255711691965973320e-01 4.776950714256632952e-02 3.469145673245714323e-01 4.904919674182415812e-01 7.489685194789075240e-02 -1.204364337513042921e-01 -6.333799388992839008e-02 2.015994679198755968e-01 5.650118740744016765e-01 9.635977868930249990e-01 9.332858811922227771e-01
-1.479060876664424207e-01 -1.558052437312958810e-02 4.994827571332975669e-02 -1.389923700788149308e-01 1.740098528018149959e-01 -4.730967194566258055e-03 4.801943025832339229e-01 5.873175060463596830e-01 2.516275685419796515e-01 3.897492865472096946e-01 2.877167021507804900e-01 3.667532478078024960e-01 1.470793094714458182e-01 -1.133850395102279085e-01 -1.017332981805935954e-01 -3.511609436301020570e-02 -2.284462912509618859e-01 -1.113981388178022641e-01 -4.320008738899276668e-02 -1.542238273357189327e-01 -1.429862625682407906e-01 -2.942077748091153633e-01 -2.419288664720906923e-01 2.614607635355643556e-01 4.528313466210176497e-01 6.707898982084870010e-01 5.683711782716390770e-01 7.442630340596897431e-01 6.943715445890265014e-01 8.465683059533987143e-01 7.657346579218885507e-01 6.683077703267548131e-01 5.431212365912966300e-01 5.083045098133420758e-01 3.971745598404279876e-01 3.786045654720556208e-01 4.788052821143871651e-01 6.310552084499635450e-01 2.718507877927711647e-01 1.341738732719143512e-01 9.460867974629749710e-02 1.828357530521638463e-01 3.933200449991006709e-01 2.369395489566650248e-01 4.078281415047051994e-01 3.905641832058272533e-01 4.864195528269975588e-01 6.363558499239067023e-01 8.604105014845665478e-01 8.026761017581673929e-01 7.891349114462390402e-01 7.282429727649050166e-01 8.336180942661772786e-01 8.177258449007108743e-01 8.092736901763312174e-01 8.535903234318046318e-01 8.103124683476186085e-01 6.760335019088573594e-01 8.529559130794907018e-01 6.915721994921429916e-01 6.503880002445175945e-01 4.384139357905513790e-01 3.543962031680845670e-01 2.053908463321646449e-01 2.308427940616248342e-01 1.717868104752421354e-01 5.983511669319691029e-02 -2.575285857709956883e-01 -2.809930111859560431e-01 -2.558581881878776443e-01 -3.912642715767769737e-03 2.483605007693034106e-01 7.367592017578493691e-01 6.337559752725203666e-01 7.438830579140849331e-01 7.775041609138696463e-01 7.394428299808950555e-01 1.038696144850559611e+00 7.763131309466797525e-01 6.488096437668109395e-01 7.777795709714955263e-01 6.886217853365773633e-01 5.424901470937785186e-01 4.095484993612471536e-01 4.245326342902599470e-01 3.811209431608628129e-01 3.441679744508506777e-01 3.546392328909851038e-02 1.688923069515633757e-01 1.419966184475690285e-01 1.158213120139635066e-01 1.364561283599204922e-01 8.287049487540683324e-02 5.029658368504214688e-02 1.550960733650200707e-01 1.783429301878464990e-01 3.676502348611375703e-01 2.957967459718114922e-01 3.706720820798791727e-01 4.039792928662622740e-01 5.580896988216352828e-01 6.430599205327964807e-01 7.520163993913324685e-01 1.056909204427927795e+00 1.055026823962351923e+00 9.607925320698269545e-01 9.523636438460129083e-01 1.064016895586883615e+00 9.555204865526768510e-01 9.819675007120013399e-01 9.637972443203716155e-01 1.110596697553194012e+00 1.079265108787469174e+00 1.012901657388426857e+00 1.073051125556615970e+00 1.142226173858082561e+00 1.132718054143782460e+00 1.134858706673815165e+00 1.104263974225865308e+00 7.635169405638967399e-01 -1.701047690390002087e-01 -2.329909413037465349e-01 4.538710940231126950e-03 3.001074358086094906e-01 -2.946188642114065948e-01 -6.244850662308980560e-01 -3.690665924009326471e-01 -8.552083339892108116e-02 3.721926520178965303e-01 7.779425464484280850e-01 1.087477171817678334e+00
-3.519216507826312124e-01 -9.019612313169896034e-02 -5.705269065708748998e-03 -1.597844062864295922e-01 -6.534336459050819890e-02 5.569579911399837741e-02 2.058757183542808955e-01 3.144709826414761045e-01 1.293770936031680141e-01 1.255237491394709248e-01 3.667532478078024960e-01 2.933016042075563545e-01 4.869252179392414837e-01 1.574758528567564708e-01 6.858308905126840604e-02 -4.889501444839489987e-03 -1.664307872759764606e-01 1.107434051182205892e-01 4.922859928253734557e-02 -1.055091012073224727e-01 -1.328091090002868901e-01 -1.406185417948347116e-01 -1.445480044094986649e-01 3.417527633337808513e-01 4.870931790532324057e-01 7.303191425975594786e-01 7.435924838117349278e-01 7.869411915372880317e-01 7.402608339399567861e-01 7.436990223421185986e-01 4.731349837315454443e-01 4.049390183617201933e-01 4.370763412134030523e-01 4.456248045000024693e-01 1.683167314294073125e-01 1.544894152508396457e-01 4.469527745743669955e-01 5.538925863877688371e-01 1.870586626952307555e-02 -2.003925989938219188e-01 -2.287095313136339736e-01 -9.964314933541759678e-02 2.036125889265211486e-01 1.131934647901164728e-02 4.625626823370206087e-02 2.280544353485531861e-01 4.343820297170470912e-01 6.344502397591439413e-01 9.328308524984330052e-01 8.819318381267947649e-01 8.465847687060378268e-01 7.597084392680328868e-01 9.427517993572278598e-01 8.441103745535989411e-01 7.964107415874849272e-01 8.809225050437236026e-01 9.514094513597206593e-01 8.527903882778530287e-01 7.668154292194957478e-01 5.002211218610653765e-01 5.641774187713651800e-01 2.317638404417833309e-01 4.596347853088657287e-02 -8.464957611963309925e-02 1.893699811188753468e-01 -4.471013873334866301e-02 -4.369852095249641098e-03 -4.652421293485172193e-01 -4.447144271317102771e-01 -4.299807209997367208e-01 -3.093528414963085948e-01 1.649193828662796346e-01 7.856561621785002059e-01 5.898285942053365094e-01 4.822545349546739635e-01 7.676704427233230765e-01 9.659038961126015232e-01 1.063445693872346887e+00 9.067011938909732560e-01 8.963505619315530470e-01 9.798105081206226474e-01 9.789081392921314961e-01 8.990635530381148044e-01 5.960635618668270741e-01 6.266232379336095226e-01 6.801692965598433727e-01 4.858041445057212915e-01 3.558713054683265153e-01 3.938496281402862897e-01 2.677825316518848142e-01 2.216302608715001732e-01 2.845605083631693177e-01 2.972061002910161842e-01 3.048068956361553727e-01 3.705060961785889839e-01 3.793010901279510461e-01 6.497764274997326339e-01 6.060547379676938240e-01 6.628509496166983261e-01 5.919375547848251262e-01 7.778617191890513372e-01 8.602524597175403853e-01 9.471684566190651244e-01 1.077927213986123567e+00 8.960165158889624726e-01 7.359181108521278825e-01 8.075669975548533941e-01 1.028467515828471290e+00 7.217578497050634034e-01 8.331889457288186307e-01 7.100492684075629946e-01 1.023860109909225713e+00 1.035635555930175311e+00 8.812719023073694036e-01 9.124147454372574240e-01 1.148690098018760208e+00 1.101883439674828047e+00 1.107434009632596750e+00 9.738440743231983054e-01 4.858919260322984157e-01 -4.744671395937281044e-01 -5.591588737228063710e-01 -2.190183257415139195e-01 4.338671885353267976e-02 -4.505588060194288813e-01 -9.210894338995213593e-01 -5.578891619463869356e-01 -3.517013362013295952e-01 7.034890367303453518e-03 6.235216227961497548e-01 1.161766890762083060e+00
