2.069778660569197293e-01 1.500220007185440740e-01 -1.829318956939924787e-02 -2.890568468943830460e-01 -4.452057164302515302e-01 -4.008293458835039402e-01 -2.925529239423744765e-01 -1.896812377703462060e-01 -1.349525639933244203e-01 -1.005405458649120537e-01 -9.599684983882511569e-02 -1.473878307908925434e-01 -2.371177702223469241e-01 -3.173832931566640259e-01 -3.316803793176024695e-01 -1.931904713752177205e-01 6.734772300517761698e-03 5.936305742524500273e-02 -6.713000181420028523e-02 -3.173739240350889612e-01 -5.799512059590317126e-01 -7.453773306216481265e-01 -8.507427750297978930e-01 -9.115472507421459314e-01 -8.919553505049976350e-01 -8.070359375270531599e-01 -7.403660891527159560e-01 -7.414199335198361496e-01 -7.367980649486598477e-01 -6.385135062004307915e-01 -4.540810376370196799e-01 -2.130835546284871596e-01 -2.475186276943022040e-02 2.230018447628157388e-02 -6.984490364103407289e-02 -2.856225931300624410e-01 -5.889286085837182050e-01 -7.993463083874462471e-01 -8.206130594497724751e-01 -7.513201316646768158e-01 -6.280413072697736965e-01 -3.076795199211683762e-01 2.099287544526586002e-01 6.494560096750103817e-01 8.230528814662254611e-01 7.108474847276017305e-01 4.064041920894207460e-01 1.226271978971427319e-02 -3.373554074774702261e-01 -5.295388088420736050e-01 -5.093261068774864730e-01 -2.433208076434334455e-01 4.063248250118136479e-02 2.153115800898346144e-01 4.403181248359617217e-01 7.854024457886668031e-01 1.083637072946989299e+00 1.217847403004975737e+00 1.274314630601528942e+00 1.343791342964649749e+00 1.476573655731709067e+00 1.586961423230911716e+00 1.525584492934707326e+00 1.242567296110403063e+00 9.465318813677607857e-01 8.484423781189248670e-01 8.196609497160946001e-01 7.711439910853468138e-01 6.731910507819776068e-01 4.821890643848544267e-01 1.842087256857953548e-01 -1.654765136442225559e-01 -4.037495332040503260e-01 -4.428864638269661147e-01 -4.330428979499555409e-01 -4.497127285196327873e-01 -3.778822585317094251e-01 -3.182902142910675192e-01 -4.047669140900903573e-01 -5.626092173836084731e-01 -7.087863987192510873e-01 -7.797106416727948019e-01 -7.093896744889630623e-01 -4.775368851744477006e-01 -2.297182795001644906e-01 -1.320510032154678659e-01 -2.192294043251707125e-01 -4.543938524325096262e-01 -7.285067179525197556e-01 -8.775571679753106924e-01 -8.597812777859218381e-01 -7.463431152557657988e-01 -6.141182827021374191e-01 -5.409423557507271330e-01 -6.273536160055990241e-01 -7.517971098329052637e-01 -7.349475946342651778e-01 -5.153850951048872808e-01 -2.230486598327404146e-01 -5.821364440750356750e-02 -1.962193274484488881e-02 8.687093277288839011e-02 2.839166756324224550e-01 4.441548922318314663e-01 4.998362133508489347e-01 5.347315333426141404e-01 7.030102740797805616e-01 9.616711820060451776e-01 1.142318050503559057e+00 1.190898820397493951e+00 1.156925166767212243e+00 9.930440428248125118e-01 7.610153394629993739e-01 6.124710290904558097e-01 5.591319349948736805e-01 5.953518242756685730e-01 6.567417075335817422e-01 5.907496022790976742e-01 4.133501675063347425e-01 3.085998336554722221e-01 3.144419818863887217e-01
1.500220007185440740e-01 1.084264674083346147e-01 -1.406084379092397037e-02 -2.171643197006056236e-01 -3.366585117589238063e-01 -2.894033491301883920e-01 -1.814188041501973991e-01 -7.612862893700861333e-02 -2.231465876151019628e-02 4.432009621544963709e-03 1.004461273940083707e-02 -2.717526340915908667e-02 -9.282628671922757424e-02 -1.587646972948501822e-01 -1.770790989442090346e-01 -4.887250539037366059e-02 1.423781359462764351e-01 1.958765436206626742e-01 7.717983542102443972e-02 -1.589498942078910737e-01 -4.014866551126054506e-01 -5.484378398803257948e-01 -6.480949251942706990e-01 -7.045779187622085438e-01 -6.756839580819503643e-01 -5.850623337124665202e-01 -5.212835173709073899e-01 -5.291264103797606033e-01 -5.324731841726734194e-01 -4.352990214439717565e-01 -2.551772202570157244e-01 -3.788328833911010912e-02 1.221480031997037030e-01 1.589204139007131533e-01 7.697880911243087931e-02 -1.226714805851173984e-01 -4.135484097273582349e-01 -6.214449909465871169e-01 -6.466408662880139824e-01 -5.825037316853840519e-01 -4.635309668975899355e-01 -1.501975750545866961e-01 3.303189978461265053e-01 7.210421422275044012e-01 8.739083192792796995e-01 7.817197924284734478e-01 5.140987299014505574e-01 1.289855370133610735e-01 -2.491387971555677761e-01 -4.748427322439104370e-01 -4.528453309019747630e-01 -1.639462254596734114e-01 1.281696690370844327e-01 2.959290445280455262e-01 4.871965586747816768e-01 7.630517309209401411e-01 9.965801340563962274e-01 1.086840796353643501e+00 1.118486281262121906e+00 1.179362792056839471e+00 1.311573339453125264e+00 1.422218197078715329e+00 1.363728541740484523e+00 1.108058539922032182e+00 8.717238601904512274e-01 8.207845003759617342e-01 8.147597856922378368e-01 7.915403768585401734e-01 7.270615771547550565e-01 5.633274465874705816e-01 2.833263872909179693e-01 -4.402986697190831855e-02 -2.477028350669001344e-01 -2.599914028680189171e-01 -2.448898029100837204e-01 -2.646540324170932879e-01 -1.912020223823726051e-01 -1.269602512500510871e-01 -2.057336425089473786e-01 -3.592742490838509717e-01 -5.089181554999574475e-01 -5.732619856661467228e-01 -5.078604782253228755e-01 -2.892925630831182926e-01 -4.740298179037642778e-02 4.720890707522321095e-02 -3.298087721507080711e-02 -2.559033194895419805e-01 -5.233842535566125553e-01 -6.681006150532504684e-01 -6.501949432552578401e-01 -5.385566629234669334e-01 -4.022645750018413180e-01 -3.244585803197433393e-01 -4.072504450200223891e-01 -5.356187141729498169e-01 -5.249712562672843585e-01 -3.052484766248894088e-01 -1.531897727888580259e-02 1.330835611251111605e-01 1.448382750427920640e-01 2.286639476951523309e-01 4.064967577138428600e-01 5.472559602664324174e-01 5.892562562413489191e-01 6.090613872457393274e-01 7.436065004699975445e-01 9.535231712747370691e-01 1.096625563476322007e+00 1.134406438231798209e+00 1.111444899864853397e+00 9.799650568456665933e-01 7.932174821335105097e-01 6.771379035602799190e-01 6.379629347997091138e-01 6.730782115472124794e-01 7.283742861398011526e-01 6.652546820688585161e-01 5.079157842240846765e-01 4.244444334211978087e-01 4.313321779852496984e-01
-1.829318956939924787e-02 -1.406084379092397037e-02 -3.300979706111487749e-02 -1.080139397992051220e-01 -1.563211364829540651e-01 -1.042152674981614291e-01 -1.887444165043804939e-02 5.018984101084964650e-02 7.818864038927622606e-02 9.578597807791017216e-02 1.163293099003589320e-01 1.213259503180980636e-01 1.107250485485130331e-01 8.565757726118468363e-02 7.330018742180158253e-02 1.509754045395984012e-01 2.765564788978429611e-01 3.115677121530938676e-01 2.245009272761506192e-01 6.372986974624628154e-02 -9.092840622370776393e-02 -1.832196818075210731e-01 -2.550054266484026444e-01 -2.949882666101925066e-01 -2.652312512050554183e-01 -1.932235098791400540e-01 -1.499285296303830006e-01 -1.608312410524072866e-01 -1.643636853838708334e-01 -8.970351961683036002e-02 3.347090912881856700e-02 1.652361759130743235e-01 2.549522510196371439e-01 2.744279953516961523e-01 2.294418316808673752e-01 9.998761369539370392e-02 -1.063776780715147002e-01 -2.578564591301907294e-01 -2.774435365957360622e-01 -2.294652279594450728e-01 -1.409722964488532015e-01 9.465462251863263066e-02 4.472496806772681688e-01 7.225393908040564916e-01 8.310639728821188621e-01 7.737482374193642709e-01 5.820890372986701200e-01 2.742108990345608066e-01 -5.849383409934345857e-02 -2.917957470711948775e-01 -2.743847722718973370e-01 3.537367456452797897e-03 2.653047632309540882e-01 3.994148799081682077e-01 5.204828880969691873e-01 6.738203240421406504e-01 7.933384378644570134e-01 8.152839417524243570e-01 8.103860632303809819e-01 8.450510580266810123e-01 9.544998445478563021e-01 1.062365775327665851e+00 1.028049182743493217e+00 8.367313440657269119e-01 6.932439473943854402e-01 6.970716280808938459e-01 7.132834384518400572e-01 7.189157459412743867e-01 7.017030790182812172e-01 5.934909793665446021e-01 3.825496270160164691e-01 1.507268856861176953e-01 2.409045507644983972e-02 2.404501932390097629e-02 3.203896713565122789e-02 1.561640358268861356e-02 7.493039946386975680e-02 1.287693916798238192e-01 7.354907548963868225e-02 -3.841045942222252874e-02 -1.518170772285846737e-01 -2.015555710280028667e-01 -1.586669522379096642e-01 -1.282883213338225194e-03 1.835671808600171651e-01 2.524505883581001919e-01 1.868885220339553399e-01 1.595207367052831407e-02 -1.846687689094319573e-01 -2.883344667018161722e-01 -2.706461806467270192e-01 -1.802384572916597705e-01 -6.498654251988963959e-02 4.128288756011579651e-03 -6.328646618123151546e-02 -1.773801024758178413e-01 -1.790312822383367530e-01 -6.979164125772537725e-03 2.269813156317186664e-01 3.374021981065642994e-01 3.245594749088985265e-01 3.711471239097517971e-01 4.996124038679798929e-01 5.982201238868402049e-01 6.241909685695238297e-01 6.329900628365796589e-01 7.145883889807592704e-01 8.483365445951885908e-01 9.402120992817509793e-01 9.657844338268811724e-01 9.571863398639134379e-01 8.768340621241177413e-01 7.621432539440260445e-01 6.982217649581647922e-01 6.899305263620886253e-01 7.246331971948828388e-01 7.589456469493024438e-01 7.025643488476535081e-01 5.960580841051670298e-01 5.545879661749009149e-01 5.643066383317936197e-01
-2.890568468943830460e-01 -2.171643197006056236e-01 -1.080139397992051220e-01 -4.212991295589233604e-02 -1.412007019498968431e-02 3.224195778084047032e-02 7.104347021834009346e-02 6.335025679829195400e-02 4.408673111467304589e-02 8.006132710759608639e-02 1.532195172541613859e-01 2.242325200376790451e-01 2.719573305103166194e-01 2.935225153783378449e-01 3.009422175151684753e-01 3.088498138981464747e-01 3.142675976908756441e-01 3.005001945340214364e-01 2.713899673141745295e-01 2.373224615570693752e-01 1.973293086397084617e-01 1.602869281822119629e-01 1.229850974707089734e-01 1.043140920699763829e-01 1.235684851265469730e-01 1.613337319096306843e-01 1.777176742568704615e-01 1.699494075519238367e-01 1.793227856309615453e-01 2.227043743847477164e-01 2.556808278742709883e-01 2.593581830401114896e-01 2.421113382786110324e-01 2.430319450773400503e-01 2.716571966739683708e-01 2.690461254935188617e-01 1.961505961739396231e-01 1.197342352684829248e-01 1.055706775196238456e-01 1.390018947609024946e-01 1.933478524502741935e-01 3.194107519592220834e-01 4.988890115657899638e-01 6.186317050747480728e-01 6.404840675435676811e-01 5.760515759062350138e-01 4.727624274839520302e-01 3.380534429854292200e-01 1.511884111989429125e-01 -4.493263201359297410e-02 -3.688889735334284492e-02 1.919200550518073700e-01 3.819704080935447110e-01 4.508368843538687609e-01 4.688115848638203520e-01 4.705303763635012015e-01 4.536799094608364724e-01 4.175422877591959403e-01 3.909587403461362021e-01 3.859882549144960651e-01 4.632434347910598382e-01 5.704721676745916348e-01 5.635159285647208804e-01 4.351288758955097480e-01 3.666410267771289533e-01 4.078965513894911021e-01 4.388135027745479477e-01 4.695003844438778162e-01 5.107468257595620953e-01 5.057887036436695682e-01 4.356124376128953646e-01 3.433368878794232915e-01 2.840633973238393395e-01 2.675648094822062339e-01 2.580700972908066548e-01 2.489722784566520131e-01 2.751967865668158431e-01 2.987023896205088791e-01 2.775681895623526296e-01 2.313874491606178752e-01 1.764048421988185789e-01 1.411853853535470493e-01 1.543741569963090754e-01 2.339912436723724509e-01 3.309711499724630190e-01 3.513635010014504179e-01 2.934045035492988118e-01 1.973564859837113050e-01 1.034395241586524156e-01 5.890732583639905068e-02 7.315866129043521737e-02 1.347344376411769018e-01 2.120942716765479574e-01 2.544033179116881871e-01 2.072818067305659262e-01 1.293630009160398053e-01 1.294065425380946377e-01 2.262652224528172440e-01 3.485848791452271778e-01 4.043618749338032670e-01 3.975161408645916383e-01 4.152628964837913328e-01 4.868650007491938658e-01 5.594229282689420213e-01 6.036000466066839820e-01 6.243972700722115743e-01 6.361875314917911917e-01 6.515582160362893838e-01 6.480083407958316943e-01 6.372475456246782244e-01 6.501339817013578326e-01 6.447147139369572288e-01 6.327731611289681979e-01 6.470670289350974880e-01 6.767453643200118663e-01 7.029657257680467231e-01 7.042096782143087985e-01 6.714717876531079988e-01 6.382752158449350732e-01 6.316507490855270968e-01 6.460892590807200131e-01
-4.452057164302515302e-01 -3.366585117589238063e-01 -1.563211364829540651e-01 -1.412007019498968431e-02 3.267650592832987977e-02 4.462101229697609112e-02 3.864198450485193531e-02 -1.947181703925262089e-02 -6.069170546759354579e-02 1.715890418190301045e-03 1.130461571772631846e-01 2.244439490186504738e-01 3.082947451288349794e-01 3.585200828990268707e-01 3.791574809339098295e-01 3.521922128309518119e-01 2.825414542534217532e-01 2.323125207104268231e-01 2.438587406819905101e-01 2.873846755273186115e-01 3.107323801988202683e-01 3.057545886394135159e-01 2.850037894441531661e-01 2.741846697807184263e-01 2.892413329789883525e-01 3.139030645157590005e-01 3.163073699757212864e-01 3.047214485775427417e-01 3.178059349138452339e-01 3.473838609850893322e-01 3.377079473616602101e-01 2.746563563869229285e-01 1.895978127961271964e-01 1.732986943063320739e-01 2.498027592768587157e-01 3.249642305133856324e-01 3.222552086580980912e-01 2.786335566478844727e-01 2.656000150596160014e-01 2.965782799246319823e-01 3.379303783828168095e-01 4.113255632875175150e-01 4.967282393496565973e-01 5.159917593622403986e-01 4.684266314773635198e-01 3.876480860160221864e-01 3.515416701922287057e-01 3.365453831698522191e-01 2.269844333308433104e-01 4.633485940536574699e-02 5.445127916756119235e-02 2.699384893429594423e-01 4.280253658654312732e-01 4.534802650301836269e-01 4.028143130193588273e-01 3.073897973230213521e-01 1.954954952804044688e-01 1.251094706792643396e-01 8.824545676869244293e-02 4.211177418503085634e-02 8.671282933970470008e-02 1.917034926496883618e-01 2.060599843231330497e-01 1.287005247527264196e-01 1.054928741243438828e-01 1.590180277436412382e-01 1.937173253480366231e-01 2.397255768992020974e-01 3.222626349834990522e-01 3.933627394210104655e-01 4.147404496174701416e-01 3.974967912159663164e-01 3.726945765096287833e-01 3.556303450739966565e-01 3.424832348453763498e-01 3.328300729911033429e-01 3.375778743033330254e-01 3.451770335925165023e-01 3.460264290878461990e-01 3.358605232416486119e-01 3.061995191748502210e-01 2.712263610855480955e-01 2.627398035015685029e-01 3.060786816878947603e-01 3.631082689995137613e-01 3.592868221065411705e-01 3.081854353089334975e-01 2.537537077128922958e-01 2.078362540876959319e-01 1.866001668942609548e-01 2.024521853646937264e-01 2.548466790862977671e-01 3.172647063816067536e-01 3.493164343931597915e-01 3.110062132769048637e-01 2.487974615504644493e-01 2.532471723090386484e-01 3.164889388400007886e-01 3.744266399037382564e-01 3.911220491668922494e-01 3.858452251220823026e-01 3.909648828819656807e-01 4.317458166056936664e-01 4.918961007911422656e-01 5.525013067668312905e-01 5.832504672988700900e-01 5.547051231126978177e-01 4.939097180349831251e-01 4.155215555506722169e-01 3.663847946986865667e-01 3.927704021644058963e-01 4.459815109395439681e-01 5.103984559603609306e-01 5.779594393494708049e-01 6.272873502624627395e-01 6.407988164559069721e-01 6.163686408150803597e-01 5.975679045555714053e-01 6.062946105485964576e-01 6.181727005844066536e-01 6.319411563546518673e-01
-4.008293458835039402e-01 -2.894033491301883920e-01 -1.042152674981614291e-01 3.224195778084047032e-02 4.462101229697609112e-02 1.400511740310797330e-02 -2.285573652949034543e-02 -9.252155572826714636e-02 -1.223156697345876148e-01 -4.499037657082677333e-02 6.970892081785792782e-02 1.838390394716284404e-01 2.754534387271966311e-01 3.318691515103817657e-01 3.560217969692435203e-01 3.338289313956256388e-01 2.679389471055262373e-01 2.191659023413313756e-01 2.292981007483314293e-01 2.679985103490368226e-01 2.928672931770606169e-01 2.978219078074481607e-01 2.814909079187346563e-01 2.712840956234203738e-01 2.919682009478566931e-01 3.237083224831881489e-01 3.247438643680680137e-01 3.033459340272132709e-01 3.112516032056450999e-01 3.460210932867517908e-01 3.449958500074704615e-01 2.918322676805131244e-01 2.096473291889540957e-01 1.850318140897761199e-01 2.543806751290680346e-01 3.239855125090939647e-01 3.122312322407440055e-01 2.621838404595250860e-01 2.525538735660441403e-01 2.926941917030551621e-01 3.393525928800725788e-01 4.150961688770815616e-01 4.990038846082200941e-01 5.079309139779433213e-01 4.556867032329406930e-01 3.882272666579089093e-01 3.592243224718315586e-01 3.251216457265476145e-01 1.875092359157725097e-01 -1.093720239019897733e-02 1.287193775938017459e-03 2.389037803330670839e-01 4.123269961121399652e-01 4.340279385204917628e-01 3.781224849718357595e-01 2.809895625644466266e-01 1.599972007254765460e-01 7.371901577714679021e-02 2.051172670786657881e-02 -4.702284766648504033e-02 -3.363003335010759237e-02 5.743834333107328272e-02 9.484218235809870057e-02 6.683696535601847677e-02 7.568532455458040764e-02 1.317352792667559613e-01 1.693694684029473096e-01 2.231837702807075718e-01 3.072865008658456909e-01 3.709469202075716954e-01 3.796584724215739670e-01 3.560546977068492214e-01 3.366529726282782020e-01 3.349650261961848452e-01 3.307405780945539830e-01 3.160917141744022940e-01 3.201109052939458133e-01 3.336461015003935326e-01 3.373381019205229370e-01 3.248236923987424807e-01 2.880471178343482208e-01 2.474449641694166369e-01 2.343154208350088086e-01 2.843600391995276810e-01 3.524885065742576762e-01 3.548098246560119629e-01 3.079007949488894447e-01 2.496046744062454803e-01 1.908933517668351398e-01 1.649767210364346814e-01 1.884882365372124169e-01 2.481784654922502553e-01 3.153065286033455150e-01 3.530743472547728246e-01 3.134225599572279530e-01 2.472864123503219491e-01 2.501891262439321917e-01 3.163429993107595983e-01 3.777700457453497807e-01 3.858271751289492624e-01 3.660555196409547296e-01 3.735715289472892331e-01 4.193041112278780846e-01 4.708321026711659307e-01 5.167708616126847065e-01 5.361466937460500626e-01 5.077894852351655386e-01 4.574814966704306984e-01 3.898751556534019724e-01 3.401204297874644844e-01 3.586042799688352600e-01 4.117670437674277872e-01 4.804006041457706822e-01 5.488832984533066339e-01 5.939775833753319079e-01 5.978857373677607390e-01 5.669474082488299427e-01 5.425174229316291896e-01 5.491017336452175268e-01 5.644353956719226906e-01 5.677381549273667893e-01
-2.925529239423744765e-01 -1.814188041501973991e-01 -1.887444165043804939e-02 7.104347021834009346e-02 3.864198450485193531e-02 -2.285573652949034543e-02 -7.011074865780275722e-02 -1.163360184923360047e-01 -1.165745454475089482e-01 -3.907234503272848797e-02 5.789212291618912876e-02 1.496042768916399368e-01 2.207357313438984558e-01 2.619499499158843281e-01 2.845427695819185976e-01 2.910017400259176101e-01 2.758964083763058017e-01 2.534036945419405051e-01 2.409551632235025220e-01 2.293105207129852441e-01 2.161410580861710395e-01 2.118569345732902731e-01 1.927040207790900739e-01 1.806445423168001052e-01 2.096457676929459613e-01 2.559800017250124515e-01 2.651156864183555895e-01 2.371072947964024402e-01 2.361720912244399395e-01 2.844687105303260188e-01 3.202919528203492794e-01 3.173046929808212013e-01 2.769178127453131855e-01 2.548619892918880248e-01 2.883447507656445308e-01 3.051816608289753541e-01 2.420373623961595000e-01 1.649436449398166415e-01 1.576252217127063482e-01 2.081710861713882976e-01 2.677355735397891068e-01 3.765748601130095574e-01 5.112382567359108343e-01 5.626896073555435196e-01 5.386511548798451621e-01 4.836244324223294422e-01 4.173481599506861373e-01 3.045196499073811180e-01 1.040511259129178606e-01 -1.204877034303775962e-01 -1.124723765419283206e-01 1.401813943049203259e-01 3.370716394859281650e-01 3.827679772123495638e-01 3.643312315674546165e-01 3.104620957448959162e-01 2.138362546980866197e-01 1.176908219784253418e-01 4.906078307704837826e-02 -1.905161465469928928e-02 -2.079932143899272667e-02 5.291091525682704855e-02 1.036052584950784283e-01 1.168270859059181987e-01 1.634828321378268001e-01 2.364978115641657996e-01 2.864221231704911497e-01 3.475248262684476619e-01 4.142610114030342294e-01 4.275683873590111483e-01 3.693459022380250478e-01 2.923659155612136629e-01 2.513854586974176297e-01 2.564355006479338561e-01 2.613989375882819766e-01 2.489476633560503693e-01 2.715199052907541488e-01 3.046173429262020171e-01 2.999852484464328728e-01 2.643040343710939544e-01 2.085069771800086569e-01 1.636734845091213641e-01 1.540285915360412872e-01 2.230959385970494868e-01 3.194920843020987444e-01 3.436325279903853502e-01 3.035233789280714078e-01 2.233306908270199231e-01 1.259511294480774035e-01 8.151466045496849611e-02 1.095611759342541847e-01 1.777023804424334164e-01 2.537740871522028985e-01 2.991786860238923040e-01 2.551557223851875222e-01 1.820365084075540318e-01 1.828654013517412857e-01 2.735660814002354724e-01 3.773324688478904010e-01 3.978133731224650638e-01 3.643620361411013531e-01 3.827405079466452698e-01 4.468427363400570007e-01 4.923232270343264050e-01 5.153342498195923049e-01 5.202474593005769199e-01 5.117314981057363710e-01 5.056992776830051550e-01 4.826701859705591069e-01 4.516656544295656328e-01 4.596699486657789824e-01 4.847290970954796774e-01 5.131829569761676701e-01 5.514468966990575538e-01 5.804549006913110043e-01 5.761097848289822299e-01 5.474749719626723632e-01 5.114103054221070810e-01 4.981454824976944140e-01 5.108326379706167319e-01 5.089826123593457208e-01
-1.896812377703462060e-01 -7.612862893700861333e-02 5.018984101084964650e-02 6.335025679829195400e-02 -1.947181703925262089e-02 -9.252155572826714636e-02 -1.163360184923360047e-01 -8.569953301867976048e-02 -4.367234320400406600e-02 -8.342576172843169449e-03 2.475140914911475032e-02 6.675053177198164711e-02 1.027759987558230087e-01 1.119588978937082341e-01 1.210444047295887726e-01 1.804039510695656934e-01 2.596564780123760685e-01 2.843131819806494764e-01 2.350925406190346456e-01 1.366938679000864187e-01 5.462742456748823777e-02 2.722464589019565548e-02 -1.248952824912276036e-02 -4.078565675381155137e-02 -2.741708423799933008e-04 7.537654102893270869e-02 1.055791422676895103e-01 7.179651235989945035e-02 5.211938947082540852e-02 1.233308164794444661e-01 2.349716954512215128e-01 3.283346497988797741e-01 3.619443683434387937e-01 3.475294136706954529e-01 3.176060166144371588e-01 2.316071379462389113e-01 6.954550798015486646e-02 -5.970558580944886062e-02 -7.213826720450648711e-02 -1.178311268287978233e-02 7.049967733482903620e-02 2.495778816756625829e-01 4.819185830799954662e-01 6.096724076940651660e-01 6.445170881673887298e-01 6.261493396516951693e-01 5.090524273490607543e-01 2.571454934237795698e-01 -6.549726576047740223e-02 -3.334053003852824326e-01 -3.244613853685518468e-01 -3.763183204133130344e-02 2.094106527924569638e-01 3.073564597413641075e-01 3.606715886413006666e-01 3.786696866903463410e-01 3.241264208460701846e-01 2.224786567431664142e-01 1.351317905179342804e-01 6.426506892437555685e-02 3.671936239407071201e-02 8.442780829691579059e-02 1.611954514620064782e-01 2.378178955473991274e-01 3.258859515220358105e-01 4.054006338650884000e-01 4.591183538605460579e-01 5.182552171940546515e-01 5.545798181323549070e-01 4.916252842052204475e-01 3.250758763773324844e-01 1.594671961996169673e-01 8.877512123190434146e-02 1.122081730591054649e-01 1.306953684935208693e-01 1.162998006901692916e-01 1.753967681810896795e-01 2.450022147856463217e-01 2.230880801241503231e-01 1.456444931883428273e-01 5.193947260859816534e-02 -5.819697837142792131e-03 -9.195852341579824341e-03 9.678433593385964151e-02 2.483210259553820798e-01 3.134948480922791769e-01 2.890517804157087811e-01 1.704226963700223862e-01 -9.080168848188336847e-03 -1.070157271332893567e-01 -8.024598168895481776e-02 4.654922305708563204e-03 1.092495113416550589e-01 1.815715403962192831e-01 1.257060006410089525e-01 2.480540525308654737e-02 2.257551109891924382e-02 1.720563279023893388e-01 3.645308223847877893e-01 4.227275783637067796e-01 3.728138162083145524e-01 3.995178240112525203e-01 4.782442656427826622e-01 5.014707576789597665e-01 4.850861275240511694e-01 4.734999892038970204e-01 5.041964445644951942e-01 5.733876976164447026e-01 6.264866300819090794e-01 6.346896596758366815e-01 6.258091590382293123e-01 6.022116120355220925e-01 5.645231151637070122e-01 5.474060911856558631e-01 5.527517588978583252e-01 5.423378245165477729e-01 5.208105826924216419e-01 4.624776824860636348e-01 4.137915936612738266e-01 4.295392602574065744e-01 4.338305167643784488e-01
-1.349525639933244203e-01 -2.231465876151019628e-02 7.818864038927622606e-02 4.408673111467304589e-02 -6.069170546759354579e-02 -1.223156697345876148e-01 -1.165745454475089482e-01 -4.367234320400406600e-02 7.069617933973443985e-03 -2.921051723731980408e-04 -2.158959457544194771e-02 -1.815763285595130977e-02 -1.161837926104695821e-02 -3.438038609972244447e-02 -4.276492919866581310e-02 6.210523230499431085e-02 2.168150545950457975e-01 2.755153705662718444e-01 2.015837367200756236e-01 4.145118542355244462e-02 -9.500266635640651491e-02 -1.434286029461491752e-01 -2.041852098910171276e-01 -2.513834000187601392e-01 -2.045861497105995463e-01 -1.070332644103223763e-01 -6.232891998029461977e-02 -9.849278780468970207e-02 -1.268377822940053301e-01 -3.453934623150622940e-02 1.364143564376433804e-01 3.012821477324273967e-01 3.882805242517876065e-01 3.854839099947976466e-01 3.185000166865346594e-01 1.596647844252654380e-01 -8.182451443910593314e-02 -2.576004249444072691e-01 -2.795221997830991123e-01 -2.146394135976839035e-01 -1.138618671857903886e-01 1.234312979911017516e-01 4.323353244436625720e-01 6.208047234738873765e-01 6.972576440623341476e-01 6.951496228677237488e-01 5.453215643117528266e-01 2.030556616368621725e-01 -2.180333450449364330e-01 -5.244187875438269808e-01 -5.078037886800224054e-01 -1.849062704224442577e-01 1.059437789247868605e-01 2.444533810411928798e-01 3.433159782514151326e-01 4.007772205686420675e-01 3.721007290679130275e-01 2.749743141335210250e-01 1.801226603035413487e-01 1.027506349647829970e-01 5.783540475847253476e-02 9.295156320875883060e-02 1.866868961842362284e-01 2.958857350627309701e-01 3.984310938763452326e-01 4.760099980546985687e-01 5.298754576688349260e-01 5.860739903819367491e-01 6.074222194324556678e-01 5.082888205350365451e-01 2.823022026103458870e-01 5.879803845498665638e-02 -3.249045580658713184e-02 4.197729383655969711e-03 2.568584516211832799e-02 -2.212811176256241773e-04 7.951706874628278188e-02 1.688964086603972070e-01 1.327034161223930864e-01 3.354409399233378164e-02 -8.173069579028979792e-02 -1.493456024204175836e-01 -1.421752223955609074e-01 3.340707088557314419e-04 1.960708310300627866e-01 2.870751259324690330e-01 2.670120882395153883e-01 1.177889289090454511e-01 -1.254493250957034178e-01 -2.742909139694882370e-01 -2.530217982467184989e-01 -1.475173228906978828e-01 -9.924780322384359893e-03 8.934582270920152225e-02 2.175658417966396668e-02 -1.097329101558095904e-01 -1.181560691039058586e-01 7.305892834438432182e-02 3.279612205769767974e-01 4.250820637506266819e-01 3.812617357924010797e-01 4.150549584377213885e-01 4.978184923473350509e-01 5.061273514375674853e-01 4.663407673151538368e-01 4.461390701649710633e-01 4.997716138620977855e-01 6.089444584961042350e-01 7.015222884795369040e-01 7.335722243451952007e-01 7.161206192325050290e-01 6.637750551723105019e-01 5.936132270471938810e-01 5.461129909018650475e-01 5.305332229631903873e-01 5.098581681919434061e-01 4.920760245047980375e-01 4.217242178126094920e-01 3.481002643005998154e-01 3.623585285955076007e-01 3.713592491049583222e-01
-1.005405458649120537e-01 4.432009621544963709e-03 9.578597807791017216e-02 8.006132710759608639e-02 1.715890418190301045e-03 -4.499037657082677333e-02 -3.907234503272848797e-02 -8.342576172843169449e-03 -2.921051723731980408e-04 -3.934992044276357757e-03 -6.711861991256441035e-03 -5.838616073101187895e-03 -2.192375316425765330e-02 -5.614850972274780527e-02 -5.194342029217435125e-02 6.514095736455485786e-02 2.201492994003084180e-01 2.752530503225805725e-01 2.127138458354911332e-01 6.606735790655769713e-02 -8.340678741734405821e-02 -1.544258138381114920e-01 -2.122425726755011177e-01 -2.495057815687271308e-01 -2.096566832516491841e-01 -1.254894667997420998e-01 -8.626449465609330181e-02 -1.143839930860297560e-01 -1.234114155969417703e-01 -2.725833467590220091e-02 1.273807797206328862e-01 2.725173301098651191e-01 3.514769551213896559e-01 3.632910916976392901e-01 3.252483805363461378e-01 1.973062142610970404e-01 -2.562983944890188243e-02 -1.964609198580107852e-01 -2.194927587895521559e-01 -1.578577163210169720e-01 -6.322500847611528529e-02 1.640763544530694229e-01 4.761257257696616674e-01 6.762142831316877434e-01 7.277971984644260317e-01 6.605084627215778159e-01 4.817358692584024493e-01 1.814985939718558872e-01 -1.786259450924663761e-01 -4.587920672789239651e-01 -4.534996197805614138e-01 -1.667039177842458142e-01 9.106317609318982653e-02 2.057585669123862815e-01 2.775839047832507345e-01 3.148663112296961608e-01 2.806420201172386553e-01 1.905856898559941670e-01 1.054438889051195621e-01 4.073851691267200287e-02 3.256771348827472434e-02 9.177689406272732109e-02 1.587352034871759576e-01 2.209804242201290347e-01 3.009957577471447099e-01 3.865437005719349339e-01 4.557793514340914842e-01 5.282038242149170726e-01 5.765975335932490564e-01 5.295907979036282853e-01 3.639574982260402880e-01 1.595935749218508060e-01 3.706870728290834888e-02 2.787805313103368723e-02 2.169531941591052240e-02 -1.164967823609621041e-02 5.177728056839712989e-02 1.254413489104486690e-01 9.438823395848694453e-02 1.683718331428121773e-02 -7.243171095893249922e-02 -1.222577059708290226e-01 -9.855652473890674781e-02 3.854116678585813721e-02 2.109920279653350605e-01 2.874729712344498145e-01 2.558901652195749166e-01 1.056155152226136706e-01 -1.169893981906814928e-01 -2.479708798715474227e-01 -2.263903688539032899e-01 -1.265419798827802922e-01 -5.687272820680365840e-03 7.761207798969174676e-02 1.703703452798484980e-02 -9.999754891134499113e-02 -1.099913479418803963e-01 5.228472261410959526e-02 2.785512524030774317e-01 3.863425968761251550e-01 3.803987340429383912e-01 4.261512457663398923e-01 5.174674090605995147e-01 5.627498339654627424e-01 5.586695436560646932e-01 5.456432217044746569e-01 5.731747911228282089e-01 6.303785568600328570e-01 6.628681768342824521e-01 6.650974888988550049e-01 6.610854455848935718e-01 6.306285753357055990e-01 5.844764657028318489e-01 5.605586857470733486e-01 5.469782932902941264e-01 5.220966660912149671e-01 5.096663108402901265e-01 4.590709504173292044e-01 3.901313754246620302e-01 3.846740179815866245e-01 3.953828175688594015e-01
-9.599684983882511569e-02 1.004461273940083707e-02 1.163293099003589320e-01 1.532195172541613859e-01 1.130461571772631846e-01 6.970892081785792782e-02 5.789212291618912876e-02 2.475140914911475032e-02 -2.158959457544194771e-02 -6.711861991256441035e-03 1.246283079939512761e-02 5.299786122265295885e-03 -1.729830296176131099e-02 -2.976177035572858190e-02 9.694452967810971225e-03 1.173815557349575794e-01 2.320085975447814808e-01 2.681738017420285947e-01 2.420020853344957701e-01 1.537902639217569867e-01 2.503809566601638767e-02 -6.048888226985351529e-02 -1.083945947547240718e-01 -1.278615291944470433e-01 -9.965550382975323085e-02 -4.076120667046412294e-02 -1.087798458841255853e-02 -2.673778476588765246e-02 -1.276928677668253201e-02 7.535503808842661244e-02 1.801157937014467580e-01 2.574917265021082757e-01 2.898967104255452121e-01 3.138655084521350114e-01 3.381576480957209085e-01 2.900445668717527847e-01 1.312662717274726554e-01 -6.638066344614397540e-03 -2.249569855360927101e-02 3.294741060537284549e-02 1.113547888299231958e-01 2.957838246892622314e-01 5.629416354760220509e-01 7.362564799967340479e-01 7.360091151368564066e-01 5.838064843238985890e-01 3.999389592091233681e-01 2.263359923379849037e-01 4.410382866158756715e-03 -2.209591343901377292e-01 -2.470560553524767111e-01 -4.347450744379318527e-02 1.320181066223707345e-01 1.799629027404104908e-01 1.844978630362013039e-01 1.701266514685400855e-01 1.073745500300335026e-01 1.300172027286722320e-02 -5.837260645423576755e-02 -9.287003536179172514e-02 -3.716712341538837283e-02 5.670922985626061785e-02 8.104565815823044916e-02 6.354893551389328987e-02 1.040561537692371030e-01 2.012291933850329784e-01 2.919808444943681747e-01 3.924755167715948678e-01 4.980030770682827845e-01 5.521358252680019785e-01 4.899180102335508602e-01 3.275118426857971388e-01 1.758307404875348312e-01 1.054497769370869309e-01 6.653608740408041566e-02 3.482940446404333285e-02 7.198355372295664467e-02 1.224005977656464211e-01 1.096902374040533562e-01 6.529140858890301879e-02 1.559901888084155690e-02 -4.118748287043966921e-03 3.203297282047712358e-02 1.385444992172223388e-01 2.530380331730380239e-01 2.933652906876872968e-01 2.467817887629801255e-01 1.184955353527874233e-01 -4.032115658197029523e-02 -1.211676068958429525e-01 -9.373685725495632670e-02 -1.751494762268853561e-02 5.897198016198240689e-02 1.049499821866681920e-01 5.699683066212605370e-02 -2.287278018344734987e-02 -2.123913935598077674e-02 9.375533602737259886e-02 2.492908255825670161e-01 3.405610376137229167e-01 3.696068388579238917e-01 4.220294996686274058e-01 5.237731186642666792e-01 6.228423410158646645e-01 6.679603955542956495e-01 6.630379352256436931e-01 6.496263584076629183e-01 6.240277621340576397e-01 5.526022073264162948e-01 4.928965689356278324e-01 5.110038786917647791e-01 5.309422399651366753e-01 5.363859227385814332e-01 5.567222609970254865e-01 5.598090102093649101e-01 5.413219749249642554e-01 5.365644764492767393e-01 5.184183239814795785e-01 4.729672661019331814e-01 4.488757089720111781e-01 4.609184265494801203e-01
-1.473878307908925434e-01 -2.717526340915908667e-02 1.213259503180980636e-01 2.242325200376790451e-01 2.244439490186504738e-01 1.838390394716284404e-01 1.496042768916399368e-01 6.675053177198164711e-02 -1.815763285595130977e-02 -5.838616073101187895e-03 5.299786122265295885e-03 -1.526365565968789383e-02 -2.719351213954658911e-02 -1.062246675004304558e-02 3.982010667995536379e-02 1.111954677653913537e-01 1.723927029850253201e-01 1.947698904754684990e-01 2.176387033105580127e-01 2.097609068960685774e-01 1.414407554764813557e-01 7.443229032303133597e-02 3.631118817482483635e-02 2.320809456087229161e-02 4.009678183208943703e-02 7.821990477381533802e-02 9.800595786011784272e-02 9.011347828862148468e-02 1.150953325136660349e-01 1.832496630837510965e-01 2.339069971802984205e-01 2.405318726219343450e-01 2.187136893873467269e-01 2.468380514660109826e-01 3.294710771249290682e-01 3.608032959318100419e-01 2.783918563559276693e-01 1.869483623319986021e-01 1.782121645589831438e-01 2.224413315535789804e-01 2.843128658425737587e-01 4.194476785625745330e-01 6.086070259026886697e-01 7.170040504244873381e-01 6.670162675304652788e-01 4.812092105632970185e-01 3.551114690852167355e-01 3.252136999884770452e-01 2.133542933715738277e-01 2.535321633295322535e-02 -2.726038609635981352e-02 1.057228327832368531e-01 2.083927939768990822e-01 1.991270679949016797e-01 1.390288373722026183e-01 5.271453541389486269e-02 -6.586066377309975073e-02 -1.783307807220320118e-01 -2.412088409590370242e-01 -2.580516922046935946e-01 -1.689049363028614359e-01 -5.959064870113377904e-02 -6.233348038693299620e-02 -1.327563533866405188e-01 -1.179698711887846863e-01 -1.235286552147071316e-02 8.809651265348744653e-02 2.050935547287670302e-01 3.621857043836210210e-01 5.030606536929784767e-01 5.234695983750323744e-01 4.090896630583712446e-01 2.638927154323577051e-01 1.691666554177339854e-01 1.178879833305235547e-01 9.358571238153562399e-02 1.107598490092297494e-01 1.413418806486276269e-01 1.443053804275382657e-01 1.270524947656490322e-01 1.063837305760229057e-01 1.044539879433017682e-01 1.398346845440580077e-01 2.210859788697970563e-01 2.954591462008292480e-01 3.039811225541699802e-01 2.404065275619904629e-01 1.367007328761533913e-01 4.078132277933952526e-02 3.545869025295341013e-03 3.375536659754502233e-02 9.235059936049234974e-02 1.389615698263573784e-01 1.538053399573762192e-01 1.080712479991422642e-01 5.575978207898290434e-02 7.738243652629966940e-02 1.667368868866551945e-01 2.598044915554138523e-01 3.182235199830227290e-01 3.561104932021048053e-01 3.995684414489685254e-01 4.923327864156081257e-01 6.102636914155734615e-01 6.763720658902552252e-01 6.728800248122930316e-01 6.262476780109331731e-01 5.391552325030888326e-01 3.947153720163696922e-01 2.902161357279274267e-01 3.232602564286770619e-01 3.890059209947466790e-01 4.497366862662584563e-01 5.118460597431886416e-01 5.344619285598204428e-01 5.242346144488579940e-01 5.166596979324342698e-01 5.149399557494550583e-01 4.959934352379162248e-01 4.728301559082543903e-01 4.857340150924144284e-01
-2.371177702223469241e-01 -9.282628671922757424e-02 1.107250485485130331e-01 2.719573305103166194e-01 3.082947451288349794e-01 2.754534387271966311e-01 2.207357313438984558e-01 1.027759987558230087e-01 -1.161837926104695821e-02 -2.192375316425765330e-02 -1.729830296176131099e-02 -2.719351213954658911e-02 -2.456363749230304136e-02 -1.269625776013948854e-02 6.078146086673955756e-03 3.413253899806645980e-02 5.731833591665206479e-02 8.297364110080107658e-02 1.564359268961236227e-01 2.252030598044509890e-01 2.267465491992790849e-01 1.941520005153737349e-01 1.618483177479757840e-01 1.454064665128868006e-01 1.570699224968363228e-01 1.869384313294174260e-01 1.993054350307391642e-01 1.928848908446115229e-01 2.178480967679352343e-01 2.669618329436208026e-01 2.789446781788056384e-01 2.370888917867515489e-01 1.746688099855611132e-01 1.963605197743134301e-01 3.120065563902146843e-01 3.955467951325738474e-01 3.701867799813259308e-01 3.140496363421339532e-01 3.088923630076040316e-01 3.445355577306896122e-01 3.960465723360300228e-01 4.958737058365316752e-01 6.095772940619244018e-01 6.343828823210015955e-01 5.428780093559483211e-01 3.881382508230229456e-01 3.575523936102251721e-01 4.138102941320695449e-01 3.418926384943823393e-01 1.601971713610431114e-01 1.007825876657986175e-01 2.122092069011707882e-01 2.872646671541136953e-01 2.563522596511998985e-01 1.619512235055085569e-01 1.115963049138437094e-02 -1.747118876760185846e-01 -3.123365225136400802e-01 -3.757053361163315008e-01 -4.059049580661753254e-01 -3.346672980365868466e-01 -2.329016660155362461e-01 -2.377887124601176239e-01 -3.088854919083823813e-01 -2.888771742577612711e-01 -1.801019856410980280e-01 -8.244153499543180330e-02 3.818039291155661541e-02 2.207147886589753416e-01 4.023009418625385636e-01 4.714222494016428455e-01 4.105011573178148354e-01 3.074190993731799604e-01 2.314075825773530271e-01 1.878235079657445961e-01 1.682917192807047713e-01 1.746562734700634612e-01 1.901403352402062097e-01 1.978037105204209223e-01 1.951855910571022035e-01 1.864424257206644397e-01 1.877917849984893084e-01 2.143627187362115716e-01 2.830718445566676178e-01 3.455307693175451722e-01 3.385187840208597199e-01 2.670988146430393062e-01 1.832167168975709082e-01 1.243709826012535380e-01 1.070595974281499663e-01 1.368132729329194497e-01 1.934990680184695833e-01 2.342884391676518518e-01 2.363087463820712775e-01 1.868120853923803115e-01 1.424275375262588628e-01 1.755806595145153193e-01 2.579503661869504416e-01 3.170611587321270353e-01 3.417445580447318609e-01 3.603722265672448244e-01 3.821750117167336258e-01 4.467465456917708577e-01 5.435215108128881312e-01 6.032491119187893824e-01 5.950526847866182134e-01 5.227190841202309368e-01 4.006027891786063111e-01 2.337816224390685815e-01 1.232199049432896459e-01 1.597151471373456089e-01 2.493021994578758782e-01 3.486052102676439057e-01 4.395258263629362450e-01 4.856253219032217183e-01 4.888637946558884728e-01 4.724681441707672125e-01 4.655521998771121606e-01 4.647817960866340026e-01 4.587632780905563368e-01 4.717419480401308096e-01
