1.601530319339918573e-01 8.229477098230143653e-04 -6.428976498489706592e-02 1.664480994141098388e-02 2.016473435018827642e-01 3.709917882359413666e-01 3.319111363422025951e-01 1.222761804816373254e-01 -1.270799141319789161e-01 -4.177752839015236308e-01 -7.677979510074162128e-01 -9.800048083941148569e-01 -9.164486869971594230e-01 -7.657118042137369684e-01 -6.717978718011099470e-01 -6.141333963045516597e-01 -4.047300838958011182e-01 -2.244490155971069420e-02 3.290077629012638782e-01 5.648428973930796904e-01 6.368906384425071510e-01 5.237894212706504238e-01 2.301163214140546920e-01 -1.169364842813022942e-01 -1.332947805624191684e-01 1.723115277081919972e-01 4.443228229612540270e-01 6.181822450777663125e-01 7.073430012756284357e-01 7.219623637923294757e-01 7.110780532692263511e-01 7.355335624785388493e-01 7.626638552548097305e-01 7.706542610998152742e-01 7.846131948813095391e-01 7.737979052279300163e-01 7.099354783041418315e-01 6.536595888637231067e-01 6.732716220123148299e-01 7.321130444798600312e-01 7.469670171798952207e-01 6.895698312488559578e-01 6.307196874401321818e-01 5.700104414193376545e-01 4.662017984321801256e-01 3.173003576733209319e-01 1.785644911907163790e-01 9.741356999635997216e-02 -3.260591417018927213e-02 -2.379767825070233933e-01 -4.074387002054105644e-01 -5.260337595408230982e-01 -6.804603830301525491e-01 -8.948755111858964773e-01 -1.068459683524343173e+00 -9.990694766272010252e-01 -6.816695675109613051e-01 -2.254232400920472001e-01 1.950125296345270876e-01 4.352633527226252297e-01 6.339033080039810919e-01 8.264408143568299225e-01 9.206626357489731127e-01 9.318376708001986364e-01 9.072406511348450886e-01 8.081735196760713169e-01 5.923435501312283025e-01 2.410515799174674512e-01 -2.996909279697279604e-01 -8.295996888405401393e-01 -8.363476535296014980e-01 -3.908574136128274978e-01 1.073858785168531754e-01 4.759922219327036297e-01 6.400058085873918667e-01 6.034741019290046360e-01 3.736122142580464711e-01 3.197313209112855048e-02 -2.307602879988896183e-01 -3.393824724314875585e-01 -3.200043285286603423e-01 -3.768450949825413732e-01 -6.650297861461895721e-01 -9.931006010766345593e-01 -1.157721177960868264e+00 -1.273099829667179161e+00 -1.353954806847453618e+00 -1.294864466551901128e+00 -1.226589983634387204e+00 -1.240853867408563405e+00 -1.304822491585134303e+00 -1.288497329975173411e+00 -1.109447295783863252e+00 -8.897458503000791330e-01 -7.743379721202674482e-01 -7.376934917316486651e-01 -8.221684005890294022e-01 -1.035866019898330714e+00 -1.166640380060566251e+00 -1.143548583860269474e+00 -1.118372648718966245e+00 -1.100950818903732698e+00 -8.856515079849975880e-01 -5.302920847709753360e-01 -2.720423909691559450e-01 -1.914206482457349867e-01 -2.106929377651285684e-01 -2.882637946843421006e-01 -4.094566727979345178e-01 -3.742330274328562467e-01 9.449747752412619717e-02 7.024009363682738316e-01 1.085568200311827436e+00 1.236426593807369079e+00 1.290351123566276348e+00 1.291286175409027681e+00 1.110752117757079382e+00 6.251456885584227852e-01 -9.595659035444040197e-02 -7.368606549542477957e-01 -1.151275765355683101e+00 -1.427959217094141753e+00 -1.508932301413450361e+00 -1.497806578862633575e+00 -1.616981859655983733e+00 -1.801729713543547273e+00 -1.839992371998177223e+00 -1.748199511555053931e+00 -1.619179886482955855e+00 -1.388491128561554211e+00 -1.116698840990101749e+00 -1.078157423850930829e+00 -1.249935193980892922e+00 -1.221084625388972444e+00 -9.788440482952072141e-01 -7.899130965389473680e-01 -6.832301937601984454e-01 -6.838059082762596441e-01 -7.841890404481610677e-01
8.229477098230143653e-04 2.552593230777981670e-02 5.120249855845031284e-02 1.158025031487373568e-01 3.005294341514982981e-01 4.674691714164948553e-01 4.332353122676950719e-01 2.389763351729367602e-01 -6.112410523434074275e-03 -3.050812628130318283e-01 -6.611609976881539508e-01 -8.810886124882426618e-01 -8.356834240398630653e-01 -7.020539528788096728e-01 -6.147683745965314417e-01 -5.506877057649551821e-01 -3.386883006218144310e-01 2.885820739080206462e-02 3.762232016418510239e-01 6.237378569257008287e-01 7.127582017181055551e-01 6.057086585005699853e-01 3.034966307176086286e-01 -4.202926243290558417e-02 -5.331238320152574539e-02 2.439164191315289221e-01 5.076239150231005581e-01 6.714441916779736452e-01 7.507075106841929468e-01 7.650055470523797752e-01 7.511771708808772097e-01 7.634319378969847136e-01 7.976822370916900606e-01 8.289756497815962133e-01 8.455064683662542047e-01 8.293661810285781755e-01 7.606749396634404636e-01 7.030278316701423780e-01 7.282619413788428142e-01 7.823153742351736106e-01 7.879527722984369653e-01 7.436241058943743321e-01 7.042873971169691938e-01 6.492769702855354375e-01 5.390815468799207144e-01 3.869937657419952881e-01 2.350901545254915903e-01 1.355093124998509035e-01 3.024984571380821136e-02 -1.326623824550716702e-01 -2.922763746717224054e-01 -4.314075824248171376e-01 -6.016953793723104349e-01 -7.937640905112649525e-01 -9.596672817734522853e-01 -9.354414750688307967e-01 -6.422564369572061338e-01 -1.746716045640751003e-01 2.634217935830467927e-01 5.263237858286475834e-01 7.220476390967466296e-01 8.924842494975666618e-01 9.762171157158324730e-01 9.798502403063718003e-01 9.515180180383738806e-01 8.672000419350681666e-01 6.726215850992121048e-01 3.193489741363854661e-01 -2.249523885714633520e-01 -7.419136967234762903e-01 -7.500955818734147407e-01 -3.288401685927818674e-01 1.654672029345392037e-01 5.475659333946119034e-01 7.219861233635401776e-01 6.979653299163247615e-01 4.832497953732261542e-01 1.533065456218824785e-01 -1.116562094846688391e-01 -2.268335116658715678e-01 -1.979730988463844765e-01 -2.581600756032654820e-01 -5.558334811767111638e-01 -8.848119775259849495e-01 -1.049524752482926981e+00 -1.186115040271068288e+00 -1.300356481606592673e+00 -1.260534876756457257e+00 -1.180653923263163652e+00 -1.160976382214804925e+00 -1.176575158664059595e+00 -1.155871320457499518e+00 -1.019537800413458539e+00 -8.253430427628649646e-01 -7.100313838326656191e-01 -6.930511537971542069e-01 -8.119223616607249561e-01 -1.023204878149194030e+00 -1.114587841590802597e+00 -1.060970680609386152e+00 -1.032252483327506409e+00 -1.034991597934454610e+00 -8.669165355254881966e-01 -4.986082532641614717e-01 -1.982946608483314721e-01 -1.179636599037158090e-01 -1.471178714932717124e-01 -2.060591317849595761e-01 -2.941299366654348546e-01 -2.494286890355604802e-01 2.166006976007744111e-01 8.175216439174104455e-01 1.192462604741644894e+00 1.347882699018993602e+00 1.401791401853310859e+00 1.378494235374394083e+00 1.185972523189051220e+00 7.107015504919873550e-01 -5.586575341544225068e-03 -6.425514963316828476e-01 -1.055469566406781468e+00 -1.356692046588505729e+00 -1.469088345198183321e+00 -1.465898612637464904e+00 -1.558995685801973785e+00 -1.713720665179914171e+00 -1.760428798600638833e+00 -1.704329235101713635e+00 -1.594260802756508610e+00 -1.353055476340540242e+00 -1.040740921870823898e+00 -9.387340976496796330e-01 -1.075343144568644549e+00 -1.071994432374385298e+00 -8.838603808814019525e-01 -6.922622218634643110e-01 -5.526759886620745688e-01 -5.379004859231432123e-01 -6.410559962197445172e-01
-6.428976498489706592e-02 5.120249855845031284e-02 1.549089204110480344e-01 2.109926088086512275e-01 3.051054438460478191e-01 4.007496039496144524e-01 3.500064102495212826e-01 1.668384512252956975e-01 -6.431690779211712838e-02 -3.605693118502524275e-01 -7.223004204683096674e-01 -9.531747721116281546e-01 -9.187600944433685912e-01 -7.897817310699789539e-01 -6.995332301403757169e-01 -6.201236533105056736e-01 -4.055671951506930051e-01 -5.561558560614272839e-02 2.827272031613642933e-01 5.338488148815798695e-01 6.373471596725610588e-01 5.408687688953174311e-01 2.379444057441791327e-01 -1.106748482632214509e-01 -1.308193705425833020e-01 1.614385810209005845e-01 4.217550007574664139e-01 5.735365549228730320e-01 6.423558794943579064e-01 6.588984196128946369e-01 6.433755999659439562e-01 6.406320624387303875e-01 6.691803787366847889e-01 7.074446217409907645e-01 7.288878230568667238e-01 7.168726773428791832e-01 6.444383507751472173e-01 5.778609319920020582e-01 6.071797548963284719e-01 6.687164037637858272e-01 6.811903023499986665e-01 6.469472507037556941e-01 6.020610712925862362e-01 5.394810572917968505e-01 4.331654299960379095e-01 2.802347065267734028e-01 1.230404640892128615e-01 3.567259630707984852e-02 -4.273050053834590717e-02 -1.856048724434013752e-01 -3.455354778499892809e-01 -5.101352267318925993e-01 -7.126490363955297891e-01 -9.013965177422461617e-01 -1.046450738146507131e+00 -1.024898242387421776e+00 -7.384212911921201883e-01 -2.721228540053236555e-01 1.706333785636862388e-01 4.537188850467187562e-01 6.517137132558994406e-01 7.987911965197926900e-01 8.667171522781151882e-01 8.691749618420984147e-01 8.447132536372086165e-01 7.727459576694913901e-01 5.964650360821274200e-01 2.386967150826387329e-01 -3.239177265617246837e-01 -8.474044371960065547e-01 -8.599428438804115338e-01 -4.443434462696116416e-01 6.482917208367876272e-02 4.629547784600889226e-01 6.494100084070187906e-01 6.306268899229541258e-01 4.175927799759617809e-01 9.676824327719385499e-02 -1.630013737642165284e-01 -2.829895494463821048e-01 -2.394107197353416705e-01 -2.782392003199530284e-01 -5.618814621765662043e-01 -8.952266722830194423e-01 -1.087348573140807240e+00 -1.278444895673384707e+00 -1.469196737195861635e+00 -1.476667946096594353e+00 -1.387708471430653123e+00 -1.317107092188560591e+00 -1.275327804097663886e+00 -1.244329446832657338e+00 -1.112583241277926627e+00 -9.315225945618277326e-01 -8.358008388721650528e-01 -8.422641477117978059e-01 -9.854277160953736070e-01 -1.196518199771427149e+00 -1.242276338938264946e+00 -1.147900848882161373e+00 -1.137739126005648638e+00 -1.158484309041623916e+00 -9.899279572332410071e-01 -5.966921081877401001e-01 -2.634991754716410339e-01 -1.871803179650494697e-01 -2.410785314639917742e-01 -3.075496819641206914e-01 -3.864425314011793455e-01 -3.318877804360421124e-01 1.564483672465145636e-01 7.703075899532344506e-01 1.149043552237893007e+00 1.310346430736182732e+00 1.358671654703823561e+00 1.311336168528103086e+00 1.099190181405393041e+00 6.199372968863987587e-01 -1.049780402495242709e-01 -7.601497316703119678e-01 -1.182227009235357063e+00 -1.497357859358434240e+00 -1.628663466332992416e+00 -1.617817557876437995e+00 -1.684597863861759803e+00 -1.833708093753791291e+00 -1.914737800650477162e+00 -1.876999907279120361e+00 -1.757765005078339104e+00 -1.485511013174255046e+00 -1.131705625715763386e+00 -9.919933631430277732e-01 -1.097924306444189702e+00 -1.087520242842587859e+00 -9.227268037718696636e-01 -7.384104488771823238e-01 -6.079891080258550407e-01 -6.209121731617324169e-01 -7.645898891031901456e-01
1.664480994141098388e-02 1.158025031487373568e-01 2.109926088086512275e-01 2.753973093892761459e-01 2.921210953460394166e-01 2.350369951933341806e-01 1.029604096518869499e-01 -6.613610298038673230e-02 -2.442760106878427429e-01 -4.966557948970455882e-01 -8.622571770011395742e-01 -1.135789228846142196e+00 -1.111045627344132702e+00 -9.532503789935306004e-01 -8.266336716945448249e-01 -7.195285618689202245e-01 -5.155968740964876895e-01 -1.880582757998164878e-01 1.304132510923566857e-01 3.584673810506542879e-01 4.549146358208250307e-01 3.731407618828499473e-01 9.249486638776785452e-02 -2.457452780784923629e-01 -2.892904411426768241e-01 -2.229255745268493571e-02 2.159689592656696966e-01 3.468568911915914654e-01 4.066528832236905311e-01 4.220096655755696258e-01 4.080967974902264817e-01 4.042606204843289808e-01 4.246158134353253955e-01 4.470269291243195720e-01 4.634696218326342376e-01 4.632010753206711184e-01 3.980742531159959241e-01 3.250301125769001764e-01 3.598423856915867747e-01 4.371688973210985374e-01 4.645310889040816793e-01 4.414555942201532357e-01 3.867418917548250956e-01 3.148015367927974872e-01 2.157396349292970139e-01 6.987179067357490725e-02 -7.193826390949131788e-02 -1.249224616714854769e-01 -1.698170601818148606e-01 -2.875273256969921865e-01 -4.338229297371924975e-01 -6.132177574764872130e-01 -8.608753688585335517e-01 -1.079669421346961311e+00 -1.196333702564329915e+00 -1.133123815787067556e+00 -8.420623113176027852e-01 -4.098487370665420126e-01 1.004862335035467194e-02 3.001515208723481987e-01 4.960915349638882477e-01 6.090330692287413417e-01 6.532084725718614315e-01 6.721787513363338684e-01 6.565035204364924049e-01 5.832850820374939627e-01 4.260262219342367818e-01 8.167759758234589829e-02 -4.837755089553530397e-01 -9.823725497836225395e-01 -9.688273850960209543e-01 -5.618273674117609806e-01 -5.173215367689575767e-02 3.436906838574174117e-01 5.321860510232390151e-01 5.056988124118786398e-01 2.787628422577212994e-01 -3.992375389286546838e-02 -2.884463899251208385e-01 -4.108150726084063287e-01 -3.570585938012620919e-01 -3.569595087455453286e-01 -5.963297881780852405e-01 -9.399338162435876276e-01 -1.200652491842390646e+00 -1.444316481860846269e+00 -1.712797478777100091e+00 -1.814988780366149967e+00 -1.737390892100799222e+00 -1.611073315352126611e+00 -1.494325248521540583e+00 -1.430389543018596221e+00 -1.286624280630925155e+00 -1.103545114422434859e+00 -1.026871657262541371e+00 -1.049330903555884653e+00 -1.199002279417261452e+00 -1.415276595112584745e+00 -1.431392875603473502e+00 -1.310790158357617807e+00 -1.312218680664527959e+00 -1.303123058039526994e+00 -1.093015881215396057e+00 -6.990504123170466766e-01 -3.634741294396903744e-01 -2.976246980298284384e-01 -3.736023843537243372e-01 -4.401000646902641922e-01 -5.255789208804563239e-01 -4.878375118897377849e-01 1.593400473841831075e-02 6.410023467078009851e-01 1.025286994320011136e+00 1.192331762012525997e+00 1.228076558527784634e+00 1.156853519815693732e+00 9.279443253261576707e-01 4.450556498830582908e-01 -2.727963390008483202e-01 -9.208910463289332604e-01 -1.356674645899004883e+00 -1.718509429489845308e+00 -1.870517705508975892e+00 -1.840867803270639369e+00 -1.893901201290901337e+00 -2.047321549128363394e+00 -2.155953420845666546e+00 -2.148410675056396713e+00 -2.042484715757762803e+00 -1.701619763570466848e+00 -1.288125369314226054e+00 -1.153801717407854976e+00 -1.262451989967801280e+00 -1.247923262918950504e+00 -1.089784447081076912e+00 -9.145024023587191575e-01 -7.929407823818133139e-01 -8.177287317507193620e-01 -9.904153464224934034e-01
2.016473435018827642e-01 3.005294341514982981e-01 3.051054438460478191e-01 2.921210953460394166e-01 2.978819922777599105e-01 1.828285874225269447e-01 1.650900202848316206e-02 -7.805883905216851049e-02 -1.484346715917691795e-01 -3.198658172514464160e-01 -6.761748780148133520e-01 -1.000926864784467796e+00 -9.729055620311287678e-01 -7.511149237272221058e-01 -5.558825674448691911e-01 -4.211560258071174179e-01 -2.363356866732114758e-01 6.010307646781334195e-02 3.366458069322997848e-01 5.196026619168752081e-01 5.910559203426984931e-01 5.182469051186395781e-01 2.624142313719162178e-01 -5.605218287087394835e-02 -1.131784084250959804e-01 9.863324661066412424e-02 2.778598803022933605e-01 3.782504895033883541e-01 4.252816647824582685e-01 4.193051658768818246e-01 4.025670565666188971e-01 4.168827607842989780e-01 4.457728391596521567e-01 4.612098260414747020e-01 4.687639576799841334e-01 4.761757957790698215e-01 4.243317736236422721e-01 3.470883067034541414e-01 3.777688628667199011e-01 4.618215892194272310e-01 4.956730437161650515e-01 4.828089350875592323e-01 4.407499918839905551e-01 3.855990148537654649e-01 3.021590577812820477e-01 1.832996873511677227e-01 7.343092059701107621e-02 1.816174343295004490e-02 -2.256135150376730597e-02 -1.005501156363350912e-01 -2.083723041624971350e-01 -3.659349433900305204e-01 -5.978100794914246174e-01 -8.094761876977781823e-01 -9.242256151852814572e-01 -8.542279184231289513e-01 -5.648120841231366596e-01 -1.569896164722152099e-01 2.314155258703313178e-01 4.892297461662424851e-01 6.457287055813263343e-01 7.190852901734898772e-01 7.450761667351630813e-01 7.846753596248499107e-01 7.835466268685538083e-01 7.068363143566136486e-01 5.642876942478126656e-01 2.701934171699934550e-01 -2.283609429332830454e-01 -6.700752060125524379e-01 -6.315899018727820780e-01 -2.466751892193845275e-01 2.164661539165576298e-01 5.742438147894242118e-01 7.439597503491910402e-01 7.095468957985515690e-01 4.788195080133810788e-01 1.596171351398188165e-01 -8.454417327241726954e-02 -2.107591610155892803e-01 -1.678303821486363534e-01 -1.760472623481683374e-01 -4.335449196881253631e-01 -8.325325193468757767e-01 -1.145604830866829182e+00 -1.353315141179376235e+00 -1.570176845499587470e+00 -1.670118687350526709e+00 -1.588262004249755943e+00 -1.464599092744156561e+00 -1.346234513286395984e+00 -1.268481599823009454e+00 -1.144667993611963031e+00 -9.549861673448986066e-01 -8.526597113867884214e-01 -8.691373078634476723e-01 -1.022253737175560229e+00 -1.259197836044523289e+00 -1.309857834317124103e+00 -1.192115404406103973e+00 -1.151529573831316267e+00 -1.096968075733331105e+00 -8.607325217784095317e-01 -4.517400444683346006e-01 -1.201887851222219333e-01 -6.097491858022432987e-02 -1.317829756456382340e-01 -1.754822213793556518e-01 -2.488266691511216155e-01 -2.417124146105169291e-01 2.056928003494991331e-01 7.884798852471173181e-01 1.146810016025886281e+00 1.301725847557389182e+00 1.333293429922235873e+00 1.272218123216971586e+00 1.070201738746781261e+00 6.255349504057943211e-01 -3.987526881836094689e-02 -6.474786450719273168e-01 -1.114191160381644785e+00 -1.557059933879676672e+00 -1.774009786838245839e+00 -1.779846470623011268e+00 -1.809066684800448410e+00 -1.881383765153216148e+00 -1.965604705883749581e+00 -2.040616167824478744e+00 -2.029605930530794300e+00 -1.678793446429089453e+00 -1.234164271703006133e+00 -1.103308031227078878e+00 -1.247046523518198669e+00 -1.275515699397636871e+00 -1.080443825555026383e+00 -8.505849321929712659e-01 -6.856431257292219250e-01 -6.751699313393476620e-01 -8.162404448108492305e-01
3.709917882359413666e-01 4.674691714164948553e-01 4.007496039496144524e-01 2.350369951933341806e-01 1.828285874225269447e-01 1.548586008133192582e-01 1.066783469733065814e-01 9.725736003128024332e-02 8.338392067293275145e-02 -4.099898935338753408e-02 -3.695233439702525491e-01 -6.880995990049617594e-01 -6.416042134495609783e-01 -3.849895343532548919e-01 -1.539961250023099415e-01 3.550345392137065331e-03 1.945778494985328233e-01 4.658324690657228428e-01 7.014149710040356034e-01 8.578267645802816199e-01 9.222624090628122051e-01 8.524147847507973497e-01 6.046710784111071213e-01 2.957997221769171348e-01 2.432308842176387764e-01 4.330633501065570545e-01 5.811533082922085702e-01 6.558621230363436139e-01 6.815585844264517856e-01 6.596858979885437124e-01 6.418388215896192461e-01 6.651787618656046508e-01 6.958594069959628259e-01 7.143735797452875902e-01 7.291474368187559341e-01 7.377576778643282207e-01 6.927469991208188294e-01 6.253277249677018368e-01 6.418434710046120317e-01 7.040946054976885415e-01 7.334645796118614003e-01 7.271302522783168465e-01 7.000325062133632148e-01 6.676593434655370141e-01 6.015706295322320596e-01 5.070837678889973388e-01 4.228402106002101535e-01 3.641122333552470614e-01 3.121521582960545826e-01 2.370989411782092326e-01 1.372923504880641798e-01 5.356453721612169927e-03 -1.719489470702168510e-01 -3.491458182018048473e-01 -4.831616771022312351e-01 -4.267421260963459861e-01 -1.363193674000329481e-01 2.673911058777186378e-01 6.336933827262494212e-01 8.460599880995233191e-01 9.595633866461810157e-01 1.027525058567598348e+00 1.066585516451061144e+00 1.112745344592003027e+00 1.125988321888711674e+00 1.066910109648064875e+00 9.303700375359703623e-01 6.607988797785395718e-01 2.105189315576273812e-01 -2.157227379049842242e-01 -1.773477387414415518e-01 2.029887934291311202e-01 6.203895363450733225e-01 9.312174140812422563e-01 1.071610899775501613e+00 1.040726174240314883e+00 8.369937184038666045e-01 5.395448528498882901e-01 2.997109265503626330e-01 1.698229004456139335e-01 1.904871611885191607e-01 1.483379462443429053e-01 -1.449107453553702407e-01 -5.509178054639042310e-01 -8.293439869652052820e-01 -1.018725149508252548e+00 -1.185626120051696430e+00 -1.177421882500746753e+00 -1.048045784712614337e+00 -9.443057774846892460e-01 -8.906634392816440426e-01 -8.666810696104284562e-01 -7.721835269537326019e-01 -5.936633086552429717e-01 -4.792563571405452638e-01 -4.914358048894066910e-01 -6.494637104436553621e-01 -8.936199878685059383e-01 -9.602193949911912441e-01 -8.274210960676423587e-01 -7.586058006638985995e-01 -7.259734276294859123e-01 -5.074056798493982168e-01 -8.016993674203368170e-02 2.518514940215547115e-01 3.186543498141457542e-01 2.620423885163503108e-01 2.220871082947185882e-01 1.666445045571722794e-01 1.766804458449789395e-01 5.622526608242539581e-01 1.088796756594001991e+00 1.408268639803375244e+00 1.537936322268847578e+00 1.575904274544016825e+00 1.550370743633666226e+00 1.393996680339247174e+00 9.973118022954837736e-01 3.744899302017609122e-01 -2.229966333680079849e-01 -7.302491317234588442e-01 -1.204943211924923485e+00 -1.437540656316771415e+00 -1.463783050565725663e+00 -1.489736933569148603e+00 -1.540883584614092916e+00 -1.621825649020507853e+00 -1.724572683428498454e+00 -1.755824350110715137e+00 -1.468444949234276820e+00 -1.017197810127849822e+00 -8.354015036899546942e-01 -9.705813145154580379e-01 -1.024306708892378515e+00 -8.040736705265497664e-01 -5.362555434505993368e-01 -3.454824470452509955e-01 -3.212466967927515293e-01 -4.411077506033423412e-01
3.319111363422025951e-01 4.332353122676950719e-01 3.500064102495212826e-01 1.029604096518869499e-01 1.650900202848316206e-02 1.066783469733065814e-01 1.599223413462059484e-01 1.593817031417660846e-01 1.232808235592434964e-01 4.950071769574709846e-03 -2.972805518238662015e-01 -5.845768956605166267e-01 -5.092536983431243947e-01 -2.324096818787457774e-01 2.164987789395919973e-02 2.027776856651678228e-01 3.970008371278559434e-01 6.404829159722809084e-01 8.425343288076363457e-01 9.795039567579416628e-01 1.038209953435341504e+00 9.710722476922369895e-01 7.424544598503056703e-01 4.636111499139498604e-01 4.202534517437729877e-01 5.913505765962320249e-01 7.128931030363740984e-01 7.619904697456265641e-01 7.716558584928583375e-01 7.497341282535484597e-01 7.353207571645359319e-01 7.557875205339332769e-01 7.818025196731316351e-01 7.996517879051858735e-01 8.211688410035229424e-01 8.294559475336469312e-01 7.895235650204567301e-01 7.339823220286827432e-01 7.356667609667962848e-01 7.738547976365214298e-01 8.073988515448712322e-01 8.167183566666207373e-01 7.974839298113284292e-01 7.697056961563727429e-01 7.169455469810241954e-01 6.509348823016622987e-01 5.981595975564281131e-01 5.578028566685232503e-01 5.111309929466891777e-01 4.341249865763074922e-01 3.338314569163202128e-01 2.197977176722481496e-01 8.100481482035708225e-02 -7.124644063774300540e-02 -2.073079969672719514e-01 -1.517139977679091423e-01 1.247215798613803273e-01 4.950861603715294157e-01 8.237736858516593319e-01 9.958912393652017414e-01 1.078316102953717603e+00 1.143163680845572738e+00 1.190079992351647187e+00 1.232939213036434500e+00 1.258013336604390853e+00 1.227182864064864765e+00 1.104209197838681433e+00 8.511757541544111572e-01 4.408807491189069006e-01 4.269219046608378060e-02 8.712937564642543598e-02 4.567478663960974905e-01 8.305042109448200760e-01 1.095583045342916728e+00 1.211379157436462961e+00 1.188610432454541233e+00 1.015761600976452295e+00 7.543607215507719399e-01 5.363764961029717782e-01 4.068473377124717794e-01 4.025176447314264272e-01 3.465583622842107747e-01 7.205870946386808140e-02 -2.877433456692859437e-01 -5.327772805507009490e-01 -7.347147863499061682e-01 -9.100784804101987868e-01 -8.743121468149371855e-01 -7.345784039044992442e-01 -6.381412237067423110e-01 -6.124707318595594696e-01 -6.291210534738028715e-01 -5.430283785314604650e-01 -3.604038208724690273e-01 -2.387990671333768411e-01 -2.378134617516717286e-01 -3.867992611766171152e-01 -6.309864271511216316e-01 -7.052858987907639765e-01 -5.735958747469313002e-01 -5.043882324405138950e-01 -4.794087160888081955e-01 -2.748319003149345963e-01 1.427101920173156069e-01 4.633062606019587859e-01 5.311462308657878273e-01 4.863831389140118588e-01 4.529941807789644170e-01 4.126841746014429102e-01 4.331467638558240685e-01 7.690066801410325725e-01 1.235105776399628930e+00 1.508433837233432051e+00 1.612410354981204552e+00 1.657328954255018472e+00 1.651664590643507458e+00 1.519692018841111159e+00 1.162486192876841518e+00 5.883127893671356023e-01 1.698508145185761986e-02 -4.952699678914931902e-01 -9.561915100793556554e-01 -1.164679542751081431e+00 -1.194533513745185349e+00 -1.265732855308914218e+00 -1.397416039422030298e+00 -1.530383814641691931e+00 -1.624130709712947152e+00 -1.604268619818068231e+00 -1.305564360075619046e+00 -8.381898058250909500e-01 -6.281106292941673885e-01 -7.497528335395796661e-01 -8.050834958562333998e-01 -6.072276999535101139e-01 -3.470360673883682301e-01 -1.417771862019461537e-01 -1.050997607627359998e-01 -2.223844569963734641e-01
1.222761804816373254e-01 2.389763351729367602e-01 1.668384512252956975e-01 -6.613610298038673230e-02 -7.805883905216851049e-02 9.725736003128024332e-02 1.593817031417660846e-01 1.087676530823296073e-01 3.036100650392706268e-02 -9.063005027825485338e-02 -3.628544369837080064e-01 -5.859599599254531332e-01 -4.571201038305915398e-01 -1.624439768584435284e-01 1.100374357578330492e-01 3.054213676637247410e-01 4.692660277752001563e-01 6.458102216556629305e-01 7.884502839626880144e-01 8.870411481375870544e-01 9.341049478523049121e-01 8.916879584007663118e-01 7.358662655105767669e-01 5.469004984471856901e-01 5.070839273434379901e-01 6.023196257286363986e-01 6.528854237476736655e-01 6.602697713063021556e-01 6.569493032684359246e-01 6.402966777627072670e-01 6.347300579493904138e-01 6.499286983270076146e-01 6.653056205347329666e-01 6.780121667576942679e-01 6.981999560994537335e-01 7.098750532279248793e-01 6.870831235327243824e-01 6.455800089015921728e-01 6.291505360460332152e-01 6.453746086680147709e-01 6.892831424359572301e-01 7.201475758449451536e-01 7.087639183881356830e-01 6.821450368466097647e-01 6.526159309430966671e-01 6.290054607182671287e-01 6.186257467408132760e-01 6.019911495958805148e-01 5.635169466218734602e-01 4.961743673332585924e-01 4.209494155483055056e-01 3.508868433521407648e-01 2.729765449684031786e-01 1.764929417363270969e-01 8.086010870159443531e-02 1.391216534516498404e-01 3.564693593243236092e-01 6.301230657364416121e-01 8.713686432460922004e-01 9.812268621566534454e-01 1.016887467864337813e+00 1.056354431346032907e+00 1.091545177392752475e+00 1.121383609475183007e+00 1.149725977941890243e+00 1.148973952896285455e+00 1.072544234008484976e+00 8.966420773645291664e-01 6.050312459919015007e-01 3.103959113465171726e-01 3.469556655522302857e-01 6.404833451991207571e-01 9.208786889333936410e-01 1.109600398936515964e+00 1.193988516643666786e+00 1.185371084110520279e+00 1.060435176694606518e+00 8.657042826190627371e-01 7.017409384193148414e-01 5.941055435592683676e-01 5.707498963312498397e-01 5.113196435800747564e-01 2.875489421816089797e-01 -1.149831338292012055e-02 -2.466003196692040933e-01 -4.564489817095352397e-01 -6.346949567752120380e-01 -6.075525390293952110e-01 -4.841788636577845084e-01 -4.117061722185249573e-01 -3.992458403346631490e-01 -4.145565531208191823e-01 -3.257271762452390584e-01 -1.502122334093201617e-01 -3.574397352106505055e-02 -2.921893459028736956e-02 -1.572352715593012262e-01 -3.644836614774805139e-01 -4.294783644293388991e-01 -3.194817798053750657e-01 -2.492354915823023487e-01 -2.040800218327727955e-01 -1.881303508257417545e-02 3.324413570361348103e-01 6.073760829485712609e-01 6.756554199334925404e-01 6.609415974143109107e-01 6.567643640040480291e-01 6.444852906869802389e-01 6.780290303090088511e-01 9.325811676487452129e-01 1.276145348645387312e+00 1.463744913981726015e+00 1.528546682566118031e+00 1.571040342027642422e+00 1.575355209477242946e+00 1.473901804543614968e+00 1.196521008065620784e+00 7.427943349958190389e-01 2.637781815440208288e-01 -1.988636207896496144e-01 -6.170222662442770289e-01 -8.275079089712404912e-01 -8.876682619724880485e-01 -1.010385206868102514e+00 -1.228711574462385991e+00 -1.428046464604871169e+00 -1.511391184086649631e+00 -1.435315868813277884e+00 -1.111577499256802160e+00 -6.473787395976930981e-01 -4.339186896216223888e-01 -5.271536989042895360e-01 -5.649709283691939365e-01 -4.063686006426496800e-01 -1.816888528867927066e-01 1.306799565767793533e-02 5.695842964496061062e-02 -3.925434016573685347e-02
-1.270799141319789161e-01 -6.112410523434074275e-03 -6.431690779211712838e-02 -2.442760106878427429e-01 -1.484346715917691795e-01 8.338392067293275145e-02 1.232808235592434964e-01 3.036100650392706268e-02 -3.363589277739514188e-02 -1.226554903798715984e-01 -3.260067400606538879e-01 -4.128047419427670617e-01 -2.147402266540174021e-01 7.525021728036468405e-02 3.430832081850975213e-01 5.260172578439885616e-01 6.141222458642605631e-01 6.624275770835190702e-01 6.938350819357306243e-01 7.173584854820576062e-01 7.446146079518731753e-01 7.636270275395066198e-01 7.503048398481786396e-01 7.063498335433185948e-01 6.641021607724260090e-01 6.179491381664287131e-01 5.388584187048205409e-01 4.797287068889144468e-01 4.593689252514069898e-01 4.485941345406205816e-01 4.561661514473142054e-01 4.665221528086805902e-01 4.626037197331864248e-01 4.637367727791604222e-01 4.785720146147318665e-01 4.952979648779898825e-01 4.961601260522806589e-01 4.784907817629204807e-01 4.571074136083931871e-01 4.566627946056737164e-01 4.958999142298867735e-01 5.378159362465128046e-01 5.451588770725452893e-01 5.366714166702933886e-01 5.397780348340668333e-01 5.586639590323312365e-01 5.917979104739545804e-01 6.035252819466252472e-01 5.790928455372407191e-01 5.394462307305045723e-01 5.177286808698314813e-01 5.226583439182961310e-01 5.310414337970013055e-01 5.166733063731966391e-01 4.919987568121743648e-01 5.485271864500631533e-01 6.768210110778674071e-01 8.106239903445559003e-01 9.112838742149489413e-01 9.308947400865246191e-01 9.020371664933533040e-01 8.916235285031531843e-01 9.015329001937424369e-01 9.215660904534733744e-01 9.490408887938048821e-01 9.766127479970261316e-01 9.880015395156471758e-01 9.693529525488238097e-01 8.791220881078587457e-01 7.373243276835762527e-01 7.464860670692339273e-01 9.015060837249606607e-01 1.027690582378281814e+00 1.090161097656815015e+00 1.120201729105643418e+00 1.130524232600392587e+00 1.084581893954903675e+00 9.940442884760903874e-01 9.091094095833922584e-01 8.416621329539841767e-01 8.036225427509222641e-01 7.378342063394955908e-01 5.646431591736543742e-01 3.256197096287573034e-01 1.007607279093358094e-01 -9.785005557129303200e-02 -2.252876940213191792e-01 -1.947210577380982244e-01 -1.109224752855959700e-01 -7.455105053186694697e-02 -7.446718556923083432e-02 -6.546633166644363899e-02 6.300372680378436147e-03 1.285366379808274007e-01 2.092751741728700043e-01 2.103994888705512933e-01 1.178071129894662644e-01 -5.239435868672032495e-03 -2.799408268089384130e-02 6.321510661389356800e-02 1.383519777068621393e-01 2.021043576290710575e-01 3.521445864614383137e-01 5.931439645026590490e-01 7.873443373780052434e-01 8.581510165266754697e-01 8.852819030555861834e-01 9.193333930628202477e-01 9.415624218698601666e-01 9.892894300288008758e-01 1.152290132155962432e+00 1.327861953096896919e+00 1.389309870899394950e+00 1.385845478543108245e+00 1.395671499028595441e+00 1.407388911978011858e+00 1.372969012085923257e+00 1.232791955897872382e+00 9.496195907824636073e-01 5.970973632063512060e-01 2.205453524407613719e-01 -1.304066461378385333e-01 -3.509370820150843340e-01 -4.639941893875481616e-01 -6.380295507359715623e-01 -8.956719659027884139e-01 -1.079161316106369561e+00 -1.110873422752852946e+00 -1.032992035925862195e+00 -7.788321344526786261e-01 -3.924135906910602989e-01 -1.905712657437588775e-01 -2.249791397939873150e-01 -2.343389369295829916e-01 -1.174659282659037129e-01 5.061043203306415939e-02 2.043275413065119561e-01 2.616489775233812320e-01 2.265855699516960420e-01
-4.177752839015236308e-01 -3.050812628130318283e-01 -3.605693118502524275e-01 -4.966557948970455882e-01 -3.198658172514464160e-01 -4.099898935338753408e-02 4.950071769574709846e-03 -9.063005027825485338e-02 -1.226554903798715984e-01 -1.410768234204794191e-01 -1.746738814630202918e-01 -6.751774962809883873e-02 1.685131812021698483e-01 4.172094903520491282e-01 6.534146380049934422e-01 8.006221048230672821e-01 8.003640335105598469e-01 7.089141227696055259e-01 6.141421334696626211e-01 5.486517942582318508e-01 5.431343391564249501e-01 6.169505805859535341e-01 7.340323379224178435e-01 8.109326597835585515e-01 7.746044222220528352e-01 6.093301545780682726e-01 4.000209564375972748e-01 2.691310237998302268e-01 2.309868556426069586e-01 2.370113669075432916e-01 2.647199008482505889e-01 2.687944884225563769e-01 2.473036664008934071e-01 2.372501227602311358e-01 2.458109816267848580e-01 2.643493678101422883e-01 2.817743258576366205e-01 2.896233175706693364e-01 2.775390518549084029e-01 2.654949499054219952e-01 2.859085268633320132e-01 3.245991944768331083e-01 3.485451861902163495e-01 3.621602380622341855e-01 3.952736544035121979e-01 4.580450260006588281e-01 5.342394658024980370e-01 5.705883374852622758e-01 5.650878832577262978e-01 5.603890975553421638e-01 5.850565961343356935e-01 6.500009504105368485e-01 7.312827294355886965e-01 7.947143649910989316e-01 8.327204415347972954e-01 8.739382014173892044e-01 9.151296813264504504e-01 9.267444901400415658e-01 8.890206044072663794e-01 8.166744928209744847e-01 7.366254275285957220e-01 6.787267350053447501e-01 6.585470378857694040e-01 6.739222153470448839e-01 7.077412350525094098e-01 7.647914153798015535e-01 8.658246585453832633e-01 1.001672225975890118e+00 1.088685209360096717e+00 1.068250280395748320e+00 1.051682667920289083e+00 1.080450042920548803e+00 1.067617412372174446e+00 1.009921191060201284e+00 9.806482534123593942e-01 1.001195525258605112e+00 1.028685477442374152e+00 1.035473167331030453e+00 1.020864839799600521e+00 9.868674604162556152e-01 9.277247253316598385e-01 8.521180209631089575e-01 7.286666705926720944e-01 5.467292335195952369e-01 3.527910723612548982e-01 2.100964878446099360e-01 1.561833968897906044e-01 1.733115498580887204e-01 2.036654534739571198e-01 2.069551166437527678e-01 1.929442004113164910e-01 2.134349211576899163e-01 2.537235301518607766e-01 3.063124142454533572e-01 3.406344154225621201e-01 3.401881856293880180e-01 3.022661413468055169e-01 2.718697545500453616e-01 2.896244814275550361e-01 3.625200093946738811e-01 4.413971303759097187e-01 5.258422448244266523e-01 6.381479306123998274e-01 7.628473950944438808e-01 8.636659349451288881e-01 9.254309181785530525e-01 9.708959206941010223e-01 1.022806240417553747e+00 1.079471328399923324e+00 1.152375310410027609e+00 1.252843262470871633e+00 1.282797158457686049e+00 1.218290399267620394e+00 1.142233866875270731e+00 1.114306940568667414e+00 1.133791315445614512e+00 1.177304565567456995e+00 1.177826552064341170e+00 1.048339946361429131e+00 8.066464389883624131e-01 5.173016206572056408e-01 2.477701021285298455e-01 4.726884586741340183e-02 -1.119981524041596954e-01 -3.358288206297043166e-01 -6.004684657425419791e-01 -7.242249305095689316e-01 -6.955857868341963623e-01 -6.204497877196799571e-01 -4.680271948094295031e-01 -2.139963958441953307e-01 -5.080637740389240542e-02 -3.054142759013846881e-02 -1.192834615830982298e-02 7.599285180396898876e-02 1.964536301539918650e-01 3.059517321897566866e-01 3.813620672165117242e-01 4.064322608060690900e-01
-7.677979510074162128e-01 -6.611609976881539508e-01 -7.223004204683096674e-01 -8.622571770011395742e-01 -6.761748780148133520e-01 -3.695233439702525491e-01 -2.972805518238662015e-01 -3.628544369837080064e-01 -3.260067400606538879e-01 -1.746738814630202918e-01 2.171365892958820182e-02 2.234343883696527922e-01 4.136519601132933044e-01 5.980648803604008412e-01 7.928630760177185488e-01 9.014897438662838880e-01 8.363076948361036766e-01 6.463064307820343135e-01 4.592431007104543217e-01 3.256394368477726897e-01 2.833202113312950354e-01 3.832617944917523500e-01 5.862469922598191330e-01 7.481094152164127209e-01 7.272641618934377883e-01 4.852550193088956965e-01 1.746588443726584949e-01 -1.256362179124999659e-02 -6.133375083905955732e-02 -2.892143350056080794e-02 2.519956199673963060e-02 2.617251667864798487e-02 -8.977946681846671675e-03 -3.098607460168755282e-02 -2.973360303908650221e-02 -5.807182305166649905e-03 2.674831780878078602e-02 4.678175044051262332e-02 3.732542159558749351e-02 1.981202872451365976e-02 3.119833952878460492e-02 6.634137999961219057e-02 9.656487678741482172e-02 1.243288935450233418e-01 1.830830175027717277e-01 2.868676919267887371e-01 3.932429095099282401e-01 4.401902674662664383e-01 4.493296699082790502e-01 4.738655899489586654e-01 5.321751021875603671e-01 6.416337440119623814e-01 7.938819574478478414e-01 9.473393640236738023e-01 1.047584869553459086e+00 1.057823585400007982e+00 9.981993785732122815e-01 8.975111624463442128e-01 7.405204828519160731e-01 5.827626205209319732e-01 4.687396577888030547e-01 3.854422817010263458e-01 3.429666639269837169e-01 3.519795628883956029e-01 3.996163815498827154e-01 4.880444714262948125e-01 6.515465871393758546e-01 9.005533924397690626e-01 1.132956650951689070e+00 1.218852500161381691e+00 1.180780890244376824e+00 1.088644962627627777e+00 9.587370316009015125e-01 8.110600114545833961e-01 7.294947484158469386e-01 7.554756254283390149e-01 8.478709695396493551e-01 9.391228765053574179e-01 9.846863643303617186e-01 9.711100479317926748e-01 8.819555014937172643e-01 7.951278306768877480e-01 7.259181033585628828e-01 6.109149789447211321e-01 4.752012899733965012e-01 4.159754617964187551e-01 4.268919427065849259e-01 4.158507664048308183e-01 3.962993631261358396e-01 3.728348137435262277e-01 3.325547037643934445e-01 3.430900831765048009e-01 3.478725860619176213e-01 3.302210111701332496e-01 3.115973698827212424e-01 3.150897906580119034e-01 3.498038938465517500e-01 4.129128022978679757e-01 4.569420365546437157e-01 4.972790601670783461e-01 5.761013327949919827e-01 6.930919363914326281e-01 7.762235863543429648e-01 7.853615984197873656e-01 7.837477313912962762e-01 8.284775509152505490e-01 8.740525955237435918e-01 9.152032165429121457e-01 9.964220824719920433e-01 1.100919649713270942e+00 1.162184206976242695e+00 1.070950795838574887e+00 8.856960112685201558e-01 7.484208873226200209e-01 7.040021924820906163e-01 7.354875408062301334e-01 8.522684259901697201e-01 9.920676879828072003e-01 1.003144201874716090e+00 8.569815764152107773e-01 6.581801357846297496e-01 4.802788053435220195e-01 3.156575314096813356e-01 1.177276280370511408e-01 -1.495654881281416881e-01 -3.985568360442609537e-01 -4.642321267059104639e-01 -3.993184948965730618e-01 -3.268511385399141544e-01 -2.592649502079407142e-01 -1.431461832204058426e-01 -4.090032294733404739e-02 1.478462808240666414e-02 5.054425832133017937e-02 1.187994742454230868e-01 2.131048438021040103e-01 2.837113049226888117e-01 3.643335779300576061e-01 4.295272826580738834e-01
