2.874823684681726554e-01 2.334980252337417461e-01 2.026247462354268392e-01 1.792605313801506339e-01 3.752705459940339130e-03 -2.337829737791862206e-01 -2.836379286789584286e-01 -2.249890734221307587e-01 -1.716435608993778505e-01 -1.391397652966250842e-01 -1.456935110467282579e-01 -1.802615697264856598e-01 -1.989969617721007444e-01 -2.042134956077561181e-01 -1.746893666541767254e-01 -1.170763408757150015e-01 -1.327913099683354914e-01 -2.378423862347391893e-01 -3.141708111734053954e-01 -3.529971206217927815e-01 -3.914001975903315667e-01 -4.059980450218918513e-01 -3.412752362262836403e-01 -1.908160828237746576e-01 -4.126557039265441734e-02 6.274471698034297940e-02 1.478888578609993121e-01 2.713746308845997879e-01 4.292469102202959297e-01 5.755346912776275747e-01 6.685000456315082218e-01 7.176117335749222503e-01 7.508642409815068364e-01 7.631844279724333546e-01 7.578885619802122608e-01 7.828132696085082776e-01 8.554019103018241088e-01 8.882413846293184534e-01 8.114348772889947714e-01 6.935821859796126310e-01 6.487224601329915075e-01 7.153132556357243432e-01 8.118016527261786575e-01 8.396845388253844078e-01 8.304663009528200357e-01 7.967262377013420993e-01 7.685796714195826107e-01 7.331939983746035283e-01 6.237737475627472827e-01 4.897262933715991196e-01 4.116858915311228939e-01 3.768215599527494630e-01 4.019312905026093397e-01 4.657979762511089694e-01 5.151572973285657442e-01 5.661180259461353614e-01 6.462833921316806229e-01 7.602356383532884454e-01 8.833777030432307109e-01 9.878781775181613156e-01 1.048611032096047113e+00 1.037295185624630411e+00 1.011889399300573755e+00 1.020943528620480656e+00 1.011702965128474130e+00 9.339181074330987764e-01 7.993607515613219139e-01 6.533863005175799543e-01 5.900207604762126579e-01 6.748364485764406506e-01 8.663361788469635671e-01 1.026312757646616003e+00 1.052315197456111573e+00 9.788912726187619651e-01 8.853636625237317759e-01 7.669781936534304512e-01 6.185950923035317128e-01 4.863546469490844237e-01 3.640092057642099199e-01 2.448552787660077390e-01 1.293437142626295278e-01 -6.708105504080926753e-04 -1.314565110899688916e-01 -2.230849345130537786e-01 -2.573980474783469918e-01 -2.816382279555798007e-01 -3.354806853323795135e-01 -3.817810254309161877e-01 -3.890131195613589776e-01 -3.662927103865363243e-01 -3.330020170424594639e-01 -3.471664147702058223e-01 -3.913940017137135241e-01 -4.070322327122727346e-01 -3.896316364646630337e-01 -3.556133554264488961e-01 -3.282365407290535608e-01 -2.869459464411757699e-01 -2.118750809005387481e-01 -1.235916284281112637e-01 4.902805965546528678e-03 1.896200834538326607e-01 3.839826033900360369e-01 5.402537249451573320e-01 6.291330412758462387e-01 6.930542837883869600e-01 7.653064314585881212e-01 8.056236691552409734e-01 7.898116775355350505e-01 8.024075180953111897e-01 8.586729967612923842e-01 9.128649556739528714e-01 9.603460920239664800e-01 1.009571062209941195e+00 1.076403467656299684e+00 1.178591954115232543e+00 1.329952358551663494e+00 1.498129433447739967e+00 1.582444748173259308e+00 1.459936701070696508e+00 1.148416408560634094e+00 9.726629586233168645e-01 1.094131916012866856e+00 1.151633585157727069e+00 9.510424017277152586e-01 7.115485676496786649e-01 7.031932794286249733e-01 9.036746598911289396e-01 1.184000679574912951e+00 1.402500919283986569e+00 1.497488466778369220e+00
2.334980252337417461e-01 2.915137565226869065e-01 3.634782720241923060e-01 3.475705725179541461e-01 9.801803735381864335e-02 -2.250247225792936789e-01 -2.932377027137695880e-01 -2.170134374517035392e-01 -1.542486899176895299e-01 -1.143014630027551909e-01 -9.421999578315404245e-02 -9.752598217705354955e-02 -1.055356066126597187e-01 -1.175871986105502254e-01 -8.849589458860093738e-02 -6.138614046469555337e-03 7.482999902990782569e-03 -1.012593497397631243e-01 -2.032628370302071996e-01 -2.595917198094458977e-01 -2.997061403154459569e-01 -3.003367528324931146e-01 -2.346241266994334995e-01 -1.081019270808497301e-01 2.030686053991771420e-02 1.322815498608997109e-01 2.363609207314485983e-01 3.605849806270952085e-01 4.975765665517938863e-01 5.925897938484646632e-01 6.346620368311450822e-01 6.757309272037295145e-01 7.256406077142141253e-01 7.318447128976216520e-01 6.864220012458674969e-01 7.039609959784045579e-01 8.188048442491332457e-01 8.574760412647572938e-01 7.201484364180761322e-01 5.396330228180145072e-01 4.852617914163060431e-01 5.768621389964065926e-01 6.887809400613711386e-01 7.074608712906454988e-01 7.063819919657398083e-01 7.335598801407510194e-01 7.765517197400163552e-01 7.832408139444961837e-01 6.970713997742324919e-01 5.705225769680548620e-01 4.913030725764082063e-01 4.564278417673450772e-01 4.785652925620738074e-01 5.250196261889191751e-01 5.660130969437655590e-01 6.398648666155692943e-01 7.426937409622063058e-01 8.395606329350004948e-01 9.076090673892708294e-01 9.508333663521435497e-01 9.643248770381093182e-01 9.115735603306621693e-01 8.684030732894983950e-01 8.968899365877232022e-01 9.158954545757852506e-01 8.450153923431831249e-01 6.886865820198372345e-01 5.015173313412588652e-01 4.132110170405680627e-01 5.027054867616862488e-01 7.328580491512121098e-01 9.602134530032471194e-01 1.036924897114174460e+00 9.662520044178923850e-01 8.684544225059338540e-01 7.859452032176816871e-01 6.838969092967277508e-01 5.571250244671517304e-01 4.408169486467074516e-01 3.434904924540214677e-01 2.350210851313166982e-01 1.136116253676729276e-01 -5.784263982591230160e-03 -1.036080017134766856e-01 -1.521495407469579675e-01 -1.759106327485007448e-01 -2.219517128432770270e-01 -2.683705835649614069e-01 -2.901626657486040539e-01 -2.885750697486352268e-01 -2.617107848606748943e-01 -2.670808438835642895e-01 -2.921770045750690104e-01 -2.975468883638066053e-01 -2.740241095144674288e-01 -2.219367884575741690e-01 -1.852600550896550680e-01 -1.517838174802980944e-01 -8.624886164447810588e-02 3.601311726181476765e-03 1.473094794596017110e-01 3.333351363362643816e-01 4.918589616248404961e-01 5.834626050424717159e-01 6.065849104936953395e-01 6.464626550060594834e-01 7.420013132938670930e-01 7.898302575125535352e-01 7.458249233258870126e-01 7.415518673736656297e-01 8.188498529224024214e-01 9.140644486107871725e-01 9.768032388270307953e-01 1.020050906664604629e+00 1.088866097957523760e+00 1.194604322837192534e+00 1.326732196350936643e+00 1.459496136097701458e+00 1.497443201598102513e+00 1.317813792691536090e+00 9.476004490670294489e-01 7.478198549174839282e-01 8.823501696639719505e-01 9.449499808048174021e-01 7.317372649440531118e-01 4.748321431732471232e-01 4.707146736123301034e-01 6.956789790366930681e-01 1.009731948180875527e+00 1.289464295104681746e+00 1.447246430392758576e+00
2.026247462354268392e-01 3.634782720241923060e-01 4.831296753615493822e-01 4.289731507775427777e-01 1.150589714836714739e-01 -2.494463093163500622e-01 -3.144917220740922059e-01 -2.314198734659891066e-01 -1.634733265314094464e-01 -1.092676578288314243e-01 -6.218612021054590461e-02 -2.882209353982678052e-02 -1.016880055385806399e-02 -1.784217693033543842e-02 4.118396756677580872e-02 1.972115213160298697e-01 2.528088048289879319e-01 1.021297592529968323e-01 -7.500280113199961352e-02 -1.654517080539287255e-01 -2.109880455331225868e-01 -2.091011724250612103e-01 -1.452134879512512189e-01 -2.710642449014157712e-02 8.834738488441057358e-02 1.900296528119435613e-01 2.937830932117014848e-01 4.186384666583611303e-01 5.438294122586362356e-01 6.106824925085613254e-01 6.271447698598868747e-01 6.621854691646660296e-01 7.108695142424696911e-01 7.025281118559061344e-01 6.276279053726163681e-01 6.375213307422697984e-01 7.721378449125332333e-01 8.118457725998021735e-01 6.361128228765390302e-01 4.140922959742548426e-01 3.543734529727297633e-01 4.580240646101701452e-01 5.674798943950694063e-01 5.781557089986468778e-01 6.009618175194941792e-01 6.870495695573148875e-01 7.774255599621898716e-01 8.078075340313856101e-01 7.380772259746489761e-01 6.153360633524382894e-01 5.356177825067780507e-01 5.073883593132836323e-01 5.309000333618797418e-01 5.637176509604728825e-01 5.919518587217709182e-01 6.711442517380579176e-01 7.762248613197862968e-01 8.553599651129328851e-01 8.872295218761973024e-01 8.885281301437085721e-01 8.684612347827268541e-01 7.891068996188964624e-01 7.340812530198680408e-01 7.704880149808170930e-01 7.977414580441271053e-01 7.201835790588650976e-01 5.440371207155546562e-01 3.270147168720819453e-01 2.277113917814634347e-01 3.330198291169411684e-01 5.929313586511160139e-01 8.744269601481877707e-01 9.980050034526155578e-01 9.440099868369608016e-01 8.560479755701327909e-01 7.967856331935004865e-01 7.241755081871684707e-01 6.128826105521806289e-01 5.114686517684148281e-01 4.307088736956469766e-01 3.271120157568215836e-01 2.112064671956621065e-01 9.455582453913845276e-02 -1.069066287108771246e-02 -6.510742004445208009e-02 -8.568466488213183352e-02 -1.270360222817323581e-01 -1.752744596802954247e-01 -2.007529972180171207e-01 -2.057883391027187647e-01 -1.929941745900174976e-01 -2.106088149921727937e-01 -2.317330615092926260e-01 -2.420324796750507601e-01 -2.347396386355610487e-01 -1.754154756286863404e-01 -1.182325816234705562e-01 -7.822340995484065862e-02 -1.956633794634050211e-02 7.160917195757643405e-02 2.348793805475676288e-01 4.282407564554893131e-01 5.693192280322748600e-01 6.318107187011694492e-01 6.268058426235263436e-01 6.475287978721897542e-01 7.391803837224202312e-01 7.836928277846806346e-01 7.325569548441321910e-01 7.296389129635956206e-01 8.170873081622174183e-01 9.276361507371586601e-01 9.900067816993883829e-01 1.017535299876070942e+00 1.077670701422768218e+00 1.178836228958966004e+00 1.286836515845470652e+00 1.377185327553400729e+00 1.362567781148656731e+00 1.130196430372663707e+00 7.109362230521211190e-01 4.887942506199255410e-01 6.439801623716305823e-01 7.204499515983205926e-01 4.938268238835599178e-01 2.152743391042719612e-01 2.153088968238122125e-01 4.591480756396679186e-01 8.017097633251971667e-01 1.134782636849574144e+00 1.344163231382845325e+00
1.792605313801506339e-01 3.475705725179541461e-01 4.289731507775427777e-01 3.266346076363938478e-01 6.028760503066992599e-02 -1.993624176996666719e-01 -2.481314388652202385e-01 -2.060661912767563497e-01 -1.494827215088060102e-01 -7.773723329102960600e-02 -2.635730549619851038e-02 2.974337712089906993e-02 1.073855705768198832e-01 1.720301991996418534e-01 3.785981245347871393e-01 7.513010200992942256e-01 9.216207172552501881e-01 6.875754794805850612e-01 2.595619195498599097e-01 -2.237763662983605767e-02 -1.295333012462548949e-01 -1.559048313196273183e-01 -1.032066654015581092e-01 3.914912159905208078e-02 1.693550786411220643e-01 2.313713892753083701e-01 2.830438955223847364e-01 3.961777577521738980e-01 5.400940316904252469e-01 6.584860539544195035e-01 7.308212520331252016e-01 7.580044988106771076e-01 7.399490556141099518e-01 6.944248693243555426e-01 6.643053898274414726e-01 7.051136748765622908e-01 7.882150529880674883e-01 8.092079411315248327e-01 6.958969160277381771e-01 5.543527033955026884e-01 5.062644926393484734e-01 5.569129993183929983e-01 6.073484398060897682e-01 6.204783829903290915e-01 6.720789427837072783e-01 7.266280887864530191e-01 7.627654162412641492e-01 7.698897869190921561e-01 6.988890336386724966e-01 5.749713479210065703e-01 5.022825054813520040e-01 4.895289345544381332e-01 5.152214902486336179e-01 5.540501615434252347e-01 5.770351560644034761e-01 6.228255276725667144e-01 6.849472978052648653e-01 7.507731196427768205e-01 8.206195993210547712e-01 8.786072780166744867e-01 8.965016603531319461e-01 8.542339065391308939e-01 8.024982077476684461e-01 7.793143572905490979e-01 7.393259861638854513e-01 6.253811909998222562e-01 4.574267444590456866e-01 2.997430667172327201e-01 2.652674037043302180e-01 3.812881891786925048e-01 5.806797764051460087e-01 8.055098858063314271e-01 9.308697937494856411e-01 9.208734052395732839e-01 8.623662438562345045e-01 7.747300093332541993e-01 6.874393851419919876e-01 6.110148655685131436e-01 5.138223619005984899e-01 4.109298579420169739e-01 3.020454578933137735e-01 2.019378462722571377e-01 9.119014875446580792e-02 -3.253999891382076959e-02 -9.543222535790665817e-02 -1.074084681447586009e-01 -1.453545312222482289e-01 -2.056308033904286625e-01 -2.211790173187732356e-01 -1.989229032276160769e-01 -1.897787954119530551e-01 -2.355080914206115761e-01 -2.866903135803970937e-01 -3.227215897194708472e-01 -3.371166765174642421e-01 -2.770660700163818380e-01 -2.039150786657669689e-01 -1.677930395687912413e-01 -1.294142455529050384e-01 -3.306844896224153674e-02 1.500815826285366861e-01 3.527890154406606027e-01 5.236554268559229230e-01 6.656078083635300624e-01 7.567054009675795445e-01 7.931325304149456912e-01 8.145043994661240738e-01 8.281395890619244193e-01 8.221669895063700162e-01 8.584294447261378025e-01 9.307249405471034187e-01 9.973552084072784263e-01 1.032729524514576669e+00 1.038005525726939382e+00 1.063033860904422534e+00 1.120980853037405689e+00 1.193875283171370594e+00 1.263581844551917133e+00 1.245622180613033869e+00 1.045481742623390886e+00 6.738948762622457567e-01 4.444759566558532105e-01 5.864485110804853463e-01 6.817395548385416504e-01 4.768437976874616013e-01 2.346442296548472972e-01 2.623701052330568162e-01 4.809333342949956291e-01 7.759758606191219377e-01 1.054137164567090501e+00 1.222389296234187572e+00
3.752705459940339130e-03 9.801803735381864335e-02 1.150589714836714739e-01 6.028760503066992599e-02 1.884434814575567524e-02 -5.631834896792223960e-02 -1.142585362897232393e-01 -1.251947128219519922e-01 -6.521218254734705011e-02 2.970252022275951184e-02 7.086316023189195845e-02 1.361221550352413323e-01 2.903790103760363062e-01 4.871932983135500717e-01 8.995604566793986567e-01 1.492410112142841028e+00 1.784684676238272649e+00 1.543857649344179350e+00 9.268869856321105827e-01 3.479243454217813558e-01 6.333153288275145121e-02 -4.034385176867916895e-02 2.060300821561655664e-03 1.939824557384188797e-01 3.562863719581189637e-01 3.762505462153380997e-01 3.406265230850726855e-01 4.046877357100694961e-01 5.627379120176735361e-01 7.567594209594022958e-01 8.979606103442205889e-01 9.084574010122228316e-01 8.025138472173067861e-01 7.123138903156933655e-01 7.523759962693493675e-01 8.282015635266873899e-01 8.366995297699355572e-01 8.278223230636457819e-01 8.082393580312017267e-01 7.695367218031423651e-01 7.381837510955755466e-01 7.369328886793491407e-01 7.339439105095275639e-01 7.543459408327825022e-01 8.086299197584525533e-01 7.844932281836549670e-01 7.186297378402167757e-01 6.844122959004599327e-01 6.233707223457448654e-01 5.233035853329826015e-01 4.726930159493368255e-01 4.742314612110608563e-01 4.988128321461076098e-01 5.546111322922565590e-01 5.849190345229611232e-01 5.761816342911014743e-01 5.504293466995409112e-01 5.917381018456879804e-01 7.521493518091217911e-01 9.224192769097401268e-01 1.003896700489167904e+00 1.009170535323570039e+00 9.501485260126927290e-01 8.329698155019170658e-01 6.918945973414853956e-01 5.355121694794774401e-01 3.945257864360915967e-01 3.342172601522633846e-01 3.843398645000591363e-01 4.946971505336740793e-01 5.975995578782499207e-01 7.165208039072585855e-01 8.295351533009344136e-01 8.881457306153642817e-01 8.691665970247361983e-01 7.380383010492895801e-01 6.264833756824782496e-01 5.946709535385299450e-01 4.848846500697561179e-01 3.378792526684024633e-01 2.303064822085012509e-01 1.587611080119223916e-01 6.233337443567433384e-02 -7.336106769584341269e-02 -1.428563164502645588e-01 -1.510578796166102133e-01 -1.988236140252201412e-01 -2.823675890784530518e-01 -2.785009542851122344e-01 -2.035190388470689282e-01 -1.754085064612231903e-01 -2.428673430378256448e-01 -3.501676882800737189e-01 -4.282796183156289405e-01 -4.560897706125890405e-01 -4.020829164815259982e-01 -3.290381042591488114e-01 -3.045271874769017728e-01 -2.837892088358701104e-01 -1.808172079823612277e-01 1.506941750192910753e-03 1.943405315938483702e-01 4.210504478387520622e-01 7.057896578627778084e-01 9.290288439966708500e-01 9.895485190776700524e-01 9.368384271403824570e-01 9.084512612983551838e-01 9.522823395897275223e-01 1.026560438480925930e+00 1.079476352830511354e+00 1.094311632272687795e+00 1.100470811689175488e+00 1.088698416531132640e+00 1.071898353841914897e+00 1.057335205998405137e+00 1.071568342842745825e+00 1.130348419404568761e+00 1.153130248204597308e+00 1.039224640986104564e+00 7.542396134888278425e-01 5.269775901215956182e-01 6.240200519905896304e-01 7.239246042630234079e-01 5.623214183677419653e-01 3.790556984103626847e-01 4.456055901597449354e-01 6.642751382047478170e-01 9.053661383681022023e-01 1.068665387436243508e+00 1.125693661846938864e+00
-2.337829737791862206e-01 -2.250247225792936789e-01 -2.494463093163500622e-01 -1.993624176996666719e-01 -5.631834896792223960e-02 -1.657237725557162908e-02 -2.999694247400253727e-02 1.955408998396781269e-04 1.135061025253951417e-01 2.257556299965812197e-01 2.305835028904981154e-01 2.548259645841517429e-01 4.049966858039582007e-01 6.423808535196258163e-01 1.130165409253948816e+00 1.793250162661342628e+00 2.127859036269594828e+00 1.902002922775253513e+00 1.255266386644308119e+00 5.753182581335762880e-01 1.840369905122925809e-01 3.256609784376728045e-02 8.990356855460096552e-02 3.208825493450218613e-01 5.060662807090887672e-01 5.249731390216072491e-01 4.590534075422470495e-01 4.763586864485549466e-01 6.121740684550887046e-01 8.237609591464668535e-01 9.744796846107193211e-01 9.664853028653730416e-01 8.334316039880655946e-01 7.350836340391422308e-01 7.809113798058511247e-01 8.397572570106474066e-01 8.088978471615344557e-01 7.793727817349035414e-01 7.873090658848891366e-01 7.815941689923132651e-01 7.640951183458822848e-01 7.638366422625616492e-01 7.665401119414119169e-01 7.896467720206108432e-01 8.167767380840249558e-01 7.526932461218754922e-01 6.484569345941691987e-01 6.037312095834840298e-01 5.762751841877589154e-01 5.289134040499718914e-01 5.023740505765369457e-01 5.071713929900043549e-01 5.343212442126523687e-01 5.974775860285419515e-01 6.409803903877058229e-01 6.020747758981184194e-01 5.089082650741938441e-01 5.222927586106345110e-01 7.210658240914195050e-01 9.303614342205054344e-01 1.025415493700155389e+00 1.031919638948710860e+00 9.471742614913531977e-01 7.730638318328106884e-01 5.837137741755380471e-01 4.202329155358285329e-01 3.012927507214671063e-01 2.728026435624413826e-01 3.479100847995283963e-01 4.498186616384715064e-01 5.138287956615034124e-01 5.946462602083774085e-01 7.195821237935361436e-01 8.258788534885761479e-01 8.373933717266683896e-01 7.174151410114363303e-01 6.228843050097114808e-01 6.087478003781130464e-01 4.855726411989699232e-01 3.273394971880622673e-01 2.410936324947053344e-01 1.758715015633098289e-01 7.411478899913145901e-02 -3.773927505497092633e-02 -8.272346098485455768e-02 -1.035528519046056001e-01 -1.768283710195059644e-01 -2.671909949658889949e-01 -2.553600374159583075e-01 -1.665683532721096705e-01 -1.246711379090672395e-01 -1.905837671499011898e-01 -3.203920187347831794e-01 -4.137237272135291244e-01 -4.330269299845685427e-01 -3.860089105802576026e-01 -3.225090025315427988e-01 -2.909279261514929327e-01 -2.569833242645135907e-01 -1.580600418711087252e-01 -8.587830353600202360e-03 1.520315658522859992e-01 3.965596630879566487e-01 7.365632550578975479e-01 9.973543615918938343e-01 1.069832449343470104e+00 1.009904147111227779e+00 9.689463407317613353e-01 1.019286382980510997e+00 1.094282249774216842e+00 1.133761640970732953e+00 1.131489762113943254e+00 1.121918988815311380e+00 1.103193688014703300e+00 1.081349352806078690e+00 1.038654407303370331e+00 1.011589614572849571e+00 1.048677948119530967e+00 1.088575674188902331e+00 1.001737990911826248e+00 7.411187325602752729e-01 5.333737195301031520e-01 5.976796544320939208e-01 6.707166171243110764e-01 5.340163003336992897e-01 3.743513497315208438e-01 4.557661027144707111e-01 7.160215359190403861e-01 9.694526966509031674e-01 1.088570396055208001e+00 1.084229617284461433e+00
-2.836379286789584286e-01 -2.932377027137695880e-01 -3.144917220740922059e-01 -2.481314388652202385e-01 -1.142585362897232393e-01 -2.999694247400253727e-02 9.298637204332288464e-02 2.200548684463406457e-01 3.672091967392438483e-01 4.692022556253093724e-01 4.141434167583024628e-01 3.288918206650199294e-01 3.496825858464422954e-01 4.737470242198476011e-01 8.522504401746202607e-01 1.420797179341177774e+00 1.713804426497023581e+00 1.493445688909400548e+00 9.063631698662171221e-01 3.313738109716755642e-01 1.985758886011899579e-02 -8.116045006926189687e-02 1.145726927051705056e-02 2.648599299073183255e-01 4.713485913341468603e-01 5.171471733778938429e-01 4.791573276914558033e-01 5.043288310950801989e-01 6.310059746202638653e-01 8.302658658783169665e-01 9.609131531157687478e-01 9.363341559782414336e-01 8.037445190836673969e-01 7.087672037692283045e-01 7.326933326339760688e-01 7.703282615177896586e-01 7.436073239979779093e-01 7.081800507366987629e-01 6.920339744284094152e-01 6.712075814714696387e-01 6.611915004575060761e-01 6.872564293953794534e-01 7.181102934022123296e-01 7.402566694331627062e-01 7.411148095908925981e-01 6.746994891022306540e-01 5.951057283888044891e-01 5.749358453281098180e-01 5.788123209882204412e-01 5.652295837843368531e-01 5.478255844675757880e-01 5.536991062795271201e-01 5.902057804979211619e-01 6.525383632176202653e-01 6.955909479494422065e-01 6.591962332885558107e-01 5.725918981377585704e-01 5.833206211486603454e-01 7.473345646673709153e-01 9.139615876316137255e-01 9.758478513377157881e-01 9.489317916981111489e-01 8.386640803765250674e-01 6.580236097768817904e-01 4.765251756851158760e-01 3.366628598777590131e-01 2.389263591084034299e-01 1.975703413878813763e-01 2.442118390468835387e-01 3.321154884265171692e-01 4.094057548411101921e-01 5.159104910164191704e-01 6.656820133715768417e-01 7.860075445502399116e-01 8.156241138427792192e-01 7.409700929283737914e-01 6.864347699282323800e-01 6.748578619173019044e-01 5.457795231175794903e-01 3.902218237256753763e-01 3.111114723232233370e-01 2.330329689330035425e-01 1.171440577365768509e-01 2.148727792020262151e-02 -1.208975403933177512e-02 -4.848946674599151352e-02 -1.350926527162829571e-01 -2.211528391949248995e-01 -2.135094284030139566e-01 -1.398084464944733263e-01 -1.097488731778639703e-01 -1.733942547282240898e-01 -2.861262075004782357e-01 -3.550620018300629788e-01 -3.429393350602395474e-01 -2.826047001280138082e-01 -2.232345239327101494e-01 -1.947557545146570979e-01 -1.581916489980423335e-01 -6.536351813520964449e-02 6.712108746484185540e-02 2.165472890166799946e-01 4.561671940298510641e-01 7.670699882237522749e-01 9.948580027590836483e-01 1.066079719115005542e+00 1.033392097940225351e+00 1.011471175822961088e+00 1.048554759517592583e+00 1.099690815057849935e+00 1.129671479134052303e+00 1.130621513749394680e+00 1.113616518851277881e+00 1.094546097174523336e+00 1.088521477711703156e+00 1.064915030454030020e+00 1.041527397014859302e+00 1.058680095694886969e+00 1.072175455733145766e+00 9.489258333749538421e-01 6.598999291673437462e-01 4.658546652976434665e-01 5.178667513532579925e-01 5.535659612393892814e-01 4.161073982191406673e-01 2.699092596766479168e-01 3.427748458666753373e-01 6.039405591167805731e-01 8.821587900464612497e-01 1.038390582425766206e+00 1.061649593530667124e+00
-2.249890734221307587e-01 -2.170134374517035392e-01 -2.314198734659891066e-01 -2.060661912767563497e-01 -1.251947128219519922e-01 1.955408998396781269e-04 2.200548684463406457e-01 3.672005392586225048e-01 4.719586997370341375e-01 5.355872174832693178e-01 4.569686413944790138e-01 3.085496300647262991e-01 2.077784352572754345e-01 1.884678761129547908e-01 3.426505098252075054e-01 6.379043807417663636e-01 7.834422754244021458e-01 5.949985208603426612e-01 2.320123222581602362e-01 -4.455622626800306851e-02 -1.723808476713563631e-01 -1.915978993699244404e-01 -7.249873960939560991e-02 1.805828949499817815e-01 3.978250413717536738e-01 4.851821877331102817e-01 5.043826204781327593e-01 5.590795876020167032e-01 6.719949597604623071e-01 8.237366918952691019e-01 9.052932945281612076e-01 8.603584757134838945e-01 7.427560171298447367e-01 6.547682739225504367e-01 6.464525682928196071e-01 6.746305357332589292e-01 6.846596759234784280e-01 6.551046440740186938e-01 5.840274525149512508e-01 5.178885438218744364e-01 5.080227956237362008e-01 5.633791299969912458e-01 6.211289631947645162e-01 6.410066301085772800e-01 6.388632486527077159e-01 6.068327601303091789e-01 5.843503465865298452e-01 6.160864510005485961e-01 6.586560788927600107e-01 6.576118029029901502e-01 6.329210905908875251e-01 6.327683302537560062e-01 6.739246965881803275e-01 7.269120011470415754e-01 7.570825369964994112e-01 7.433746021873774978e-01 7.050857986594692983e-01 7.188823742659014027e-01 8.112739617758848443e-01 8.932867610174188844e-01 8.929245569108831271e-01 8.131698591548236488e-01 6.847488689892979874e-01 5.368272284090843671e-01 4.039744383490967428e-01 2.964765469150747457e-01 1.981829647905461456e-01 1.225421384693762550e-01 1.246191975153817105e-01 2.072137929743096962e-01 3.322525233252502375e-01 5.010951517676439648e-01 6.777454225959345102e-01 7.845589424159763459e-01 8.166894211677923066e-01 7.908452843540138000e-01 7.780728643236157760e-01 7.700871648561339322e-01 6.567003647413893752e-01 5.197456714879125084e-01 4.417616593647577528e-01 3.650979039427935668e-01 2.576671820921669354e-01 1.623282556657097142e-01 1.162228710734944659e-01 6.994464198891625628e-02 -2.548977153136553625e-02 -1.178088308665972972e-01 -1.182431593017701510e-01 -6.525094932451117047e-02 -5.415559705552655534e-02 -1.102833158036486960e-01 -1.922519575050239127e-01 -2.313734579037782513e-01 -1.934220928205280798e-01 -1.105865535024236762e-01 -3.895957641068115151e-02 -1.217714798320410768e-02 1.280155535589674008e-02 8.766040249595356826e-02 2.080427534335592965e-01 3.633845512038208492e-01 5.912025141258938632e-01 8.319953501614634206e-01 9.819316445020697115e-01 1.031035278313393810e+00 1.028491876998742560e+00 1.028470166282495768e+00 1.040783362410556245e+00 1.061841203225345920e+00 1.087182429433252606e+00 1.102336314117770666e+00 1.093222368619512608e+00 1.078203972483933182e+00 1.090046780709498231e+00 1.107677776903047473e+00 1.109423683081229628e+00 1.107717533537542653e+00 1.071150812726733292e+00 8.880297871394063902e-01 5.457141500275062285e-01 3.321619074990454501e-01 3.851611462353327631e-01 4.082190079574602448e-01 2.561487430551070421e-01 1.096751394592074269e-01 1.694182702607975877e-01 4.166202843879061035e-01 7.347459824051041366e-01 9.769565156932308314e-01 1.078116274889276971e+00
-1.716435608993778505e-01 -1.542486899176895299e-01 -1.634733265314094464e-01 -1.494827215088060102e-01 -6.521218254734705011e-02 1.135061025253951417e-01 3.672091967392438483e-01 4.719586997370341375e-01 4.582694744783555874e-01 4.357570794363036515e-01 3.618115105120388031e-01 2.264736917867515298e-01 9.129653786975176766e-02 1.477030297237140119e-02 3.767381386804279780e-02 1.065146031782214370e-01 1.103732754308693192e-01 1.735663684491739467e-02 -9.277144871750141186e-02 -1.775082959577584663e-01 -2.258265391513915865e-01 -2.196227468701624219e-01 -8.933102446520949091e-02 1.659201027062903733e-01 3.879303249376013785e-01 4.947190435181854085e-01 5.368310294661016169e-01 5.974881289496384307e-01 6.900413899473029078e-01 8.006640292320975627e-01 8.429872217464497997e-01 7.805846413541582818e-01 6.733007247303464116e-01 5.925569612051120316e-01 5.633353180652697079e-01 5.800379568575750877e-01 6.069342629008316337e-01 5.837138907723604664e-01 4.854531745553000155e-01 3.956358109555380698e-01 3.883874068475423602e-01 4.549671168980703451e-01 5.181819834881923326e-01 5.331668796422377454e-01 5.380210732171304411e-01 5.396844393681885510e-01 5.606544285082889489e-01 6.372897471551961512e-01 7.131231371483849335e-01 7.202638508301824061e-01 6.902035512569990594e-01 6.821109177257143052e-01 7.184669273270384293e-01 7.642126444344435887e-01 7.906099880605969021e-01 7.909507896576090102e-01 7.723587029465150966e-01 7.753039316125404090e-01 8.212948905983682435e-01 8.474130355221369815e-01 8.005745750934256666e-01 6.842076707685840198e-01 5.496180973889081001e-01 4.323411859465966511e-01 3.380108442482123721e-01 2.487531935389225846e-01 1.444797075931295027e-01 4.647445452551218076e-02 2.331844430040499669e-02 1.033100663955145992e-01 2.567295580692692258e-01 4.675455366141717528e-01 6.654555017020759022e-01 7.673734554341631320e-01 8.019999413358384066e-01 8.052227649154370948e-01 8.231062865588234523e-01 8.300276828176259558e-01 7.354051377658566979e-01 6.141329101542168933e-01 5.465646351337227760e-01 4.818479696363057729e-01 3.859343009250211232e-01 2.865683569836952049e-01 2.292749100500641180e-01 1.805967352662453118e-01 7.647993636763085468e-02 -2.822061747433444664e-02 -3.554008000160983199e-02 5.041430754552248331e-03 7.485285652878937920e-03 -3.621381996068338827e-02 -9.456701872118651597e-02 -1.192321456804896207e-01 -8.168313284150435782e-02 6.104139794051837917e-03 8.498188239638998498e-02 1.152048957779643334e-01 1.403040764869795121e-01 2.064058700057139484e-01 3.157104508069001891e-01 4.707227487197765958e-01 6.857038654769842534e-01 8.826592516265128197e-01 9.805190101967922178e-01 1.006392350286678505e+00 1.013727758644981769e+00 1.020202636326335233e+00 1.016648984204042039e+00 1.020087138866771159e+00 1.040513266575664675e+00 1.061406893369282622e+00 1.060299269658372401e+00 1.050873346492954941e+00 1.071149441545161896e+00 1.108327944939675680e+00 1.120932658642098900e+00 1.106659309912568556e+00 1.037154326473773036e+00 8.119733435793324849e-01 4.349292657406093054e-01 2.077557274964172973e-01 2.661919538130669283e-01 2.921797260188497281e-01 1.309936882003170100e-01 -2.486868584308784408e-02 3.034194641081642413e-02 2.816254400266584579e-01 6.280893889782500628e-01 9.201966994339072503e-01 1.067508729814119040e+00
-1.391397652966250842e-01 -1.143014630027551909e-01 -1.092676578288314243e-01 -7.773723329102960600e-02 2.970252022275951184e-02 2.257556299965812197e-01 4.692022556253093724e-01 5.355872174832693178e-01 4.357570794363036515e-01 3.476140729709583654e-01 2.956617949008428781e-01 2.050193141743285596e-01 7.604669031091093601e-02 -3.111497519264761272e-02 -5.946585520294758731e-02 -5.738178972120289850e-02 -8.917095069949879105e-02 -1.257180344681991524e-01 -1.528896901663413799e-01 -1.935295822495881335e-01 -2.293083229880306662e-01 -2.252794259587422299e-01 -8.624338557354147006e-02 1.833862042267048187e-01 4.128018716711973624e-01 5.196573021182606666e-01 5.544919739145768300e-01 6.055116187134640393e-01 6.801399804383286840e-01 7.685924398879875330e-01 7.966618046432196731e-01 7.279057525844895293e-01 6.169499747392024336e-01 5.350141645694438397e-01 5.029521113564303647e-01 5.098476646687650771e-01 5.277906258136768614e-01 5.073288253550237714e-01 4.163138899416841121e-01 3.276901898265211499e-01 3.174661227123021234e-01 3.763502086256188539e-01 4.303880434825120282e-01 4.448800580345816935e-01 4.568172015243832096e-01 4.731867575505617207e-01 5.188750732438343061e-01 6.239350045289615565e-01 7.207380692672593625e-01 7.384532036467781335e-01 7.123061812144223515e-01 7.023937203084291703e-01 7.312463018319106389e-01 7.709064035422732442e-01 7.965179883750377332e-01 7.949179585675449911e-01 7.642933686559478801e-01 7.467591335707775002e-01 7.730846290194388626e-01 7.803021157560352528e-01 7.180710650027543052e-01 5.954083562621036441e-01 4.632259380775030078e-01 3.528533868837253062e-01 2.683377197840032813e-01 1.859649067111175114e-01 8.323867412443361480e-02 -2.200471231581844350e-02 -5.602842627004851750e-02 1.651110073545924636e-02 1.747645044294195704e-01 4.025872194021484218e-01 6.152867164603097461e-01 7.258768194683851149e-01 7.694747793353764465e-01 7.861833908015918304e-01 8.257983780891745562e-01 8.574068401208521095e-01 7.768122355041386928e-01 6.674911632467215306e-01 6.199476855251657703e-01 5.645746430822385920e-01 4.680661033450500552e-01 3.637110281845370996e-01 3.007490715842643936e-01 2.513691894391590353e-01 1.497710863075105425e-01 4.284081980726614503e-02 2.718081328562626728e-02 5.567649200119745290e-02 5.219078361556092616e-02 1.891512698872931109e-02 -2.116394516938727155e-02 -3.437322859926156271e-02 -1.838737127247856359e-03 7.802588132765436724e-02 1.547413341987965985e-01 1.880412826549078542e-01 2.223949066455615797e-01 2.947299718618108244e-01 3.994885341297412795e-01 5.387391603059953349e-01 7.321178646547281677e-01 9.143780636359999381e-01 9.998695336301974823e-01 1.008122003893850094e+00 1.004011037167619858e+00 1.008949477690886276e+00 1.006426790768560453e+00 1.007999274067167716e+00 1.026359603579293456e+00 1.044341595979074722e+00 1.041444790765143846e+00 1.033558806597983271e+00 1.051130981315580026e+00 1.082116254375878217e+00 1.092826669914353399e+00 1.075023798706485234e+00 9.909683569730983743e-01 7.439741171458393865e-01 3.527784413697176991e-01 1.248567609983218391e-01 1.845412520175107596e-01 2.092236476432738357e-01 4.283269692489141689e-02 -1.232817081060223752e-01 -6.374035458233973106e-02 1.991724982272002897e-01 5.488080030106246010e-01 8.465160411207081070e-01 1.003534836807290054e+00
-1.456935110467282579e-01 -9.421999578315404245e-02 -6.218612021054590461e-02 -2.635730549619851038e-02 7.086316023189195845e-02 2.305835028904981154e-01 4.141434167583024628e-01 4.569686413944790138e-01 3.618115105120388031e-01 2.956617949008428781e-01 2.903361003342221358e-01 2.605201566453004269e-01 1.705145626368928524e-01 5.054570316286012555e-02 -2.636672036149571852e-02 -6.645128721966947483e-02 -1.004736536279955544e-01 -9.974531312171906750e-02 -1.029105047538096535e-01 -1.427956349001977543e-01 -1.848298177575826706e-01 -1.849139032515212389e-01 -4.286653491339013217e-02 2.241878240760547814e-01 4.522781599316499923e-01 5.739778778423751948e-01 6.213173277839033615e-01 6.614851181149383752e-01 7.021871967547332893e-01 7.366508365400049607e-01 7.195749882092411509e-01 6.426366173385695824e-01 5.491967381593144681e-01 4.725823379846196826e-01 4.218450987649344786e-01 4.220636651995424704e-01 4.589679551908943389e-01 4.433320207616736619e-01 3.234726069853065544e-01 1.986710222724420993e-01 1.723014416908190960e-01 2.345053992670033116e-01 2.982065541656497287e-01 3.188783882271940540e-01 3.454378713568082571e-01 3.979214199329650370e-01 4.922640539872532583e-01 6.344310691918337852e-01 7.534281887670309930e-01 7.840949517393862589e-01 7.629941342527358783e-01 7.547951450668837214e-01 7.789934174528612143e-01 8.009853188518291089e-01 8.135817069929115464e-01 8.172527405209027984e-01 7.919103360147922155e-01 7.563046540187173816e-01 7.375964780301786927e-01 6.980695862235914984e-01 6.122830539164763053e-01 4.796879977987963395e-01 3.424354616251255035e-01 2.433445104654107516e-01 1.840257868542144182e-01 1.152419392118983199e-01 4.633748929953596801e-03 -1.292437790026698674e-01 -1.902393098360241064e-01 -1.234201163854241334e-01 6.413109557115005688e-02 3.391185327287319917e-01 5.712772261363707749e-01 6.715790533617839175e-01 7.167663290364760798e-01 7.696463620116457127e-01 8.448554425539182011e-01 8.915629718924082958e-01 8.324904818094059911e-01 7.579738637343187424e-01 7.392238959899787298e-01 6.993837142816852204e-01 6.049764492810699723e-01 4.964375464704611218e-01 4.326249273247088079e-01 3.853598952594106120e-01 2.908865509450342390e-01 1.865718539840187651e-01 1.509502964280991788e-01 1.473811439983900851e-01 1.342844264293440171e-01 1.183665580925009897e-01 1.030737417138428702e-01 1.086871676044586787e-01 1.490791954037051226e-01 2.276756255426725939e-01 3.097082297226200764e-01 3.508848568922688926e-01 3.845060743729716290e-01 4.495619010387336134e-01 5.480248203607488433e-01 6.650336678901016541e-01 8.117986011503666166e-01 9.433106999238589641e-01 9.848960942898074000e-01 9.655549253901990481e-01 9.622066504653505881e-01 9.733829059793996930e-01 9.612477271909339871e-01 9.544463366930017179e-01 9.803401232926216569e-01 1.018787397898395453e+00 1.024727534857556854e+00 1.014005060293009297e+00 1.035524698347330741e+00 1.074166996040838429e+00 1.086181596296691199e+00 1.059371546834376510e+00 9.482327513443042921e-01 6.627049298181841852e-01 2.315102135716664566e-01 -2.127029444719555698e-02 3.835719047940124721e-02 6.480257741526206094e-02 -1.130193321843663418e-01 -2.982255935199096819e-01 -2.295787343012704318e-01 5.527810252253666928e-02 4.288599014604924098e-01 7.669087626204504904e-01 9.631295049368618910e-01
-1.802615697264856598e-01 -9.752598217705354955e-02 -2.882209353982678052e-02 2.974337712089906993e-02 1.361221550352413323e-01 2.548259645841517429e-01 3.288918206650199294e-01 3.085496300647262991e-01 2.264736917867515298e-01 2.050193141743285596e-01 2.605201566453004269e-01 3.044682956697742915e-01 2.789919693046982174e-01 1.856220072111728903e-01 7.599049105523142389e-02 -1.098660569301564485e-02 -4.722652795410588189e-02 -2.446602518810718496e-02 -2.494259105505682722e-02 -7.639544015638241592e-02 -1.272463180039633268e-01 -1.274249729204392223e-01 1.120045455914224844e-02 2.650319169669592689e-01 4.859299949845385935e-01 6.211585976529733211e-01 6.832796086344733455e-01 7.119695040199152114e-01 7.152058513739866230e-01 6.878524153467775459e-01 6.120592361804474413e-01 5.227262937088283934e-01 4.588941887202792058e-01 3.946556063343778509e-01 3.167362797708600519e-01 3.096794514824963707e-01 3.762937017994447686e-01 3.618441623325787115e-01 1.966094168904217176e-01 2.769866722350364935e-02 -1.025175441891794208e-02 6.261204915472060040e-02 1.448254605051114141e-01 1.715173325077508637e-01 2.117402309140379302e-01 3.095385071102078056e-01 4.572799789930442893e-01 6.363469348880775867e-01 7.796499320410235079e-01 8.243101842369123800e-01 8.050576617339372243e-01 7.947105689952020935e-01 8.169022219148269759e-01 8.263951548937209513e-01 8.275975045642451899e-01 8.416010219599088238e-01 8.307147652782338465e-01 7.768995244052746552e-01 6.987588702105449467e-01 5.975225325162568657e-01 4.818924276753527858e-01 3.321799303609979659e-01 1.846372155068402854e-01 1.041563701982122364e-01 8.154064754988726849e-02 3.247591141454778119e-02 -8.295210858131049636e-02 -2.469932425036141521e-01 -3.396135760190915898e-01 -2.766307777403178569e-01 -5.290738117325539946e-02 2.726606302029867535e-01 5.223105152838689591e-01 6.069158600967242689e-01 6.524603344296809881e-01 7.528765952830176467e-01 8.650477102965855591e-01 9.149547284026626759e-01 8.750841722904941777e-01 8.367035328031346975e-01 8.427529756696682250e-01 8.240249767402511027e-01 7.447434211908017243e-01 6.371990886682235011e-01 5.700060618895950171e-01 5.220443919751059925e-01 4.266770491933882803e-01 3.200279403991883598e-01 2.683218206804514061e-01 2.405347868358777841e-01 2.225952081345972944e-01 2.195702138480171151e-01 2.226412512281726319e-01 2.452680522329621360e-01 2.939925616794740182e-01 3.755725227871791194e-01 4.648206572973398454e-01 5.113186473948549970e-01 5.369470839389030026e-01 5.900358649165047265e-01 6.807138294702879122e-01 7.779085297406170829e-01 8.787650535484906600e-01 9.462808683342482929e-01 9.258928136786630514e-01 8.775478260282227883e-01 8.873685623175862069e-01 9.080930824544798385e-01 8.766823776660499501e-01 8.546760793475266516e-01 8.912117253551210538e-01 9.572918975166260225e-01 9.758077426341659200e-01 9.633847721581400014e-01 9.940969010313744914e-01 1.046083239452910707e+00 1.055129705394207029e+00 1.012853909535112784e+00 8.741958386958497140e-01 5.503229801221921624e-01 7.303651599055893673e-02 -2.106694608080101616e-01 -1.445166629371012201e-01 -1.080637808923772814e-01 -2.901443247365998457e-01 -4.915358647674413772e-01 -4.289599462326031953e-01 -1.306802330358898534e-01 2.796002190287403266e-01 6.786344875683404387e-01 9.261251802723498017e-01
