0.6966891971499208	0.15703478834632056	-0.05475813425593806	0.44882506657130955	0.43017196481686887	0.32577638483863713	0.5824806154456326	0.15703478834632056	0.716106394779335	-0.25784597466687553	0.13819620569536056	0.1621860652200171	0.0901465310871406	0.43969904918841163	-0.05475813425593806	-0.25784597466687553	2.079797714645664	0.07950824086983545	0.17069320385585132	0.21995064056272573	1.0439893071116115	0.44882506657130955	0.13819620569536056	0.07950824086983545	1.358632896436057	0.6279001329198431	0.5759643787526765	0.8021660247158063	0.43017196481686887	0.1621860652200171	0.17069320385585132	0.6279001329198431	0.5995825409204065	0.48321187657215947	0.6984394280339591	0.32577638483863713	0.0901465310871406	0.21995064056272573	0.5759643787526765	0.48321187657215947	0.6358931942104005	0.5865366466963264	0.5824806154456326	0.43969904918841163	1.0439893071116115	0.8021660247158063	0.6984394280339591	0.5865366466963264	1.770036689004934
0.8089015723161399	0.1914215642340734	-0.12200872062609847	0.2889619020911748	0.3037587258039622	0.16189936065574326	0.533641231990426	0.1914215642340734	0.5817243200483913	-0.06674552369092379	0.24438684124646026	0.27622164212253425	0.15624018006750665	0.5372640738049222	-0.12200872062609847	-0.06674552369092379	1.6965356283266684	0.12276602999819149	0.21116764852616154	0.2470306754516545	0.9399669860245552	0.2889619020911748	0.24438684124646026	0.12276602999819149	1.4145968306436236	0.5602643171293761	0.5237057871237968	0.8138527981233787	0.3037587258039622	0.27622164212253425	0.21116764852616154	0.5602643171293761	0.5585535485680293	0.39700091112777763	0.7117180391687796	0.16189936065574326	0.15624018006750665	0.2470306754516545	0.5237057871237968	0.39700091112777763	0.6562793416061139	0.5337429164831712	0.533641231990426	0.5372640738049222	0.9399669860245552	0.8138527981233787	0.7117180391687796	0.5337429164831712	1.7538009631794762
0.8392590356525744	0.18061683177030602	-0.12339601660066474	0.2875018892594773	0.2984475951199548	0.16437195464538465	0.5402804456995046	0.18061683177030602	0.6110101428711521	-0.07740455751795167	0.2231395456761911	0.2551637712698109	0.144583185613444	0.5379791810285959	-0.12339601660066474	-0.07740455751795167	1.7766313149087751	0.16123596320592365	0.24651676183776142	0.2772931927607176	1.0105074776992642	0.2875018892594773	0.2231395456761911	0.16123596320592365	1.4913448229423933	0.5946594038051073	0.560916185136363	0.8537669452539346	0.2984475951199548	0.2551637712698109	0.24651676183776142	0.5946594038051073	0.5850741163703751	0.42982285163607004	0.7351423660780244	0.16437195464538465	0.144583185613444	0.2772931927607176	0.560916185136363	0.42982285163607004	0.6707907406240627	0.565961285600208	0.5402804456995046	0.5379791810285959	1.0105074776992642	0.8537669452539346	0.7351423660780244	0.565961285600208	1.8309038249917244
0.6224059771191508	0.14129413903709742	0.01268134523900416	0.33206267405753004	0.326469105976892	0.2695586957540092	0.5012874459414277	0.14129413903709742	0.5568481217237342	-0.0971600169394238	0.15159434154705462	0.1859123081524342	0.1417697133530117	0.41122222105760314	0.01268134523900416	-0.0971600169394238	1.2917706106383156	0.11718627170677837	0.22080995631871614	0.22413296572175345	0.7058093001633192	0.33206267405753004	0.15159434154705462	0.11718627170677837	1.4746578728365651	0.5147343939918319	0.510427255272531	0.7442155742838309	0.326469105976892	0.1859123081524342	0.22080995631871614	0.5147343939918319	0.49245960669698685	0.42590979734123036	0.6237628848356103	0.2695586957540092	0.1417697133530117	0.22413296572175345	0.510427255272531	0.42590979734123036	0.5382940896716532	0.5518340577273848	0.5012874459414277	0.41122222105760314	0.7058093001633192	0.7442155742838309	0.6237628848356103	0.5518340577273848	1.4096218502004247
0.727186240937991	0.1545333813185119	-0.09268492205192827	0.255822543954547	0.2735026747708041	0.17383186592819108	0.4538505484610948	0.1545333813185119	0.5247926573311472	-0.0648428278196298	0.20862380948836906	0.24494344219201689	0.16032259229313917	0.4446853171547296	-0.09268492205192827	-0.0648428278196298	1.3096184895335192	0.10650616006068253	0.20800995963222954	0.21954501991014752	0.6755809087928654	0.255822543954547	0.20862380948836906	0.10650616006068253	1.3689334947167453	0.5073248173668293	0.4920652590314212	0.7149943848734522	0.2735026747708041	0.24494344219201689	0.20800995963222954	0.5073248173668293	0.5061099088585874	0.39022014270252703	0.6324177842261243	0.17383186592819108	0.16032259229313917	0.21954501991014752	0.4920652590314212	0.39022014270252703	0.5928501374852456	0.503326669857081	0.4538505484610948	0.4446853171547296	0.6755809087928654	0.7149943848734522	0.6324177842261243	0.503326669857081	1.376015557896988
0.3133822264450378	0.09062920193201505	0.059710633205362074	0.04532076516833723	0.10816364936177517	0.09234335860174818	0.1274742493704099	0.09062920193201505	0.20222448818370922	0.13248972052368047	0.1200022775359664	0.17633236319677636	0.159179963231245	0.19468882701307058	0.059710633205362074	0.13248972052368047	0.25204307861711317	0.08691921025935054	0.1556261945794534	0.14350487372910076	0.17634512749339254	0.04532076516833723	0.1200022775359664	0.08691921025935054	0.7207594522893869	0.14970491846896716	0.16283376587964732	0.17154342838510162	0.10816364936177517	0.17633236319677636	0.1556261945794534	0.14970491846896716	0.20626553709718173	0.1807446964185799	0.21688450529187822	0.09234335860174818	0.159179963231245	0.14350487372910076	0.16283376587964732	0.1807446964185799	0.2728538631810414	0.19722703268375413	0.1274742493704099	0.19468882701307058	0.17634512749339254	0.17154342838510162	0.21688450529187822	0.19722703268375413	0.2727939765056278
0.35935253173907583	0.08942882347975978	0.05501210586596831	0.07401493203754553	0.1342472068820732	0.12669611154701552	0.1733081716907245	0.08942882347975978	0.2423817123924934	0.10420305554450211	0.11760235791437837	0.1765588808028383	0.16914659000005267	0.2143093822121883	0.05501210586596831	0.10420305554450211	0.33480660034180837	0.08643594397531984	0.1666923962819278	0.1625287092323125	0.21211610008301243	0.07401493203754553	0.11760235791437837	0.08643594397531984	0.894768786756954	0.19413261837335086	0.1996201873662416	0.2441090819100555	0.1342472068820732	0.1765588808028383	0.1666923962819278	0.19413261837335086	0.24305028911164303	0.22816238262868546	0.2718421630022153	0.12669611154701552	0.16914659000005267	0.1625287092323125	0.1996201873662416	0.22816238262868546	0.26660643520358007	0.2621981272619161	0.1733081716907245	0.2143093822121883	0.21211610008301243	0.2441090819100555	0.2718421630022153	0.2621981272619161	0.3914983723236889
0.22666082862149176	0.11806151919106908	0.12406224195907017	0.036072004896314944	0.12887532115956843	0.11674979622547856	0.15380144529736614	0.11806151919106908	0.17577945541044282	0.15276977626672644	0.06802213481146716	0.15712103161198593	0.14472753765705612	0.18157323674169037	0.12406224195907017	0.15276977626672644	0.18197611620078016	0.07609807201117236	0.1649930066086625	0.1528417168850428	0.18968298999008915	0.036072004896314944	0.06802213481146716	0.07609807201117236	0.923053171786713	0.09100548225212253	0.11278930231450536	0.12168485772292816	0.12887532115956843	0.15712103161198593	0.1649930066086625	0.09100548225212253	0.1811982766607504	0.1566161669708993	0.19350117261110633	0.11674979622547856	0.14472753765705612	0.1528417168850428	0.11278930231450536	0.1566161669708993	0.23244075019776106	0.1792455889898679	0.15380144529736614	0.18157323674169037	0.18968298999008915	0.12168485772292816	0.19350117261110633	0.1792455889898679	0.2653467930284985
0.530500233947336	-0.008077155829867604	0.0016533621809047255	-0.08974681596662232	0.010761587741102568	-0.006813994782708041	0.051473993127139905	-0.008077155829867604	0.24646504720410667	0.20391719931193736	0.13710052083805818	0.2101699047392691	0.1865716296549265	0.24451242706918763	0.0016533621809047255	0.20391719931193736	0.2645406198643754	0.17621370546329584	0.24399134601113937	0.2195300693376369	0.2778662580751202	-0.08974681596662232	0.13710052083805818	0.17621370546329584	0.946849730811173	0.18985157763495594	0.21826760118782987	0.23593169931258623	0.010761587741102568	0.2101699047392691	0.24399134601113937	0.18985157763495594	0.2576574898883158	0.2242867717123294	0.28293868084357776	-0.006813994782708041	0.1865716296549265	0.2195300693376369	0.21826760118782987	0.2242867717123294	0.3418584482498903	0.253672697943437	0.051473993127139905	0.24451242706918763	0.2778662580751202	0.23593169931258623	0.28293868084357776	0.253672697943437	0.3893212672087941
0.8537149884900145	-0.11045997506953462	-0.12783638097962818	-0.2567935085715363	-0.10590062843008727	-0.14577677491202298	-0.03213084857510981	-0.11045997506953462	0.3163852686517034	0.2790309135032217	0.20052062881400165	0.2923427299447154	0.2227057333287783	0.34487496046923494	-0.12783638097962818	0.2790309135032217	0.3544790250897461	0.222496150116414	0.3137466508414575	0.24599923047694605	0.3672209825560631	-0.2567935085715363	0.20052062881400165	0.222496150116414	1.226249423634545	0.24683121725007698	0.3366622383646581	0.32380620597268606	-0.10590062843008727	0.2923427299447154	0.3137466508414575	0.24683121725007698	0.33317150842866794	0.25334468062438004	0.37739397112833534	-0.14577677491202298	0.2227057333287783	0.24599923047694605	0.3366622383646581	0.25334468062438004	0.5241262691366921	0.29172525660381354	-0.03213084857510981	0.34487496046923494	0.3672209825560631	0.32380620597268606	0.37739397112833534	0.29172525660381354	0.5501274576598464
0.47057261392376976	0.014774873300778788	0.04475983216084943	-0.06501484063578733	0.05340730883288109	0.02702509635382024	0.09083562028262317	0.014774873300778788	0.24947749361383298	0.17791577705874953	0.08447482780994076	0.184519991916784	0.15420370484237433	0.21808648179454657	0.04475983216084943	0.17791577705874953	0.26831890561642857	0.16178103945652153	0.24766822919653078	0.21432736628705326	0.27988450966172224	-0.06501484063578733	0.08447482780994076	0.16178103945652153	1.1122972570914902	0.17702734589411642	0.22778947393997062	0.22330599966847167	0.05340730883288109	0.184519991916784	0.24766822919653078	0.17702734589411642	0.26113787942829636	0.21907062345347383	0.28520287114115095	0.02702509635382024	0.15420370484237433	0.21432736628705326	0.22778947393997062	0.21907062345347383	0.36722800785910387	0.24637024173484143	0.09083562028262317	0.21808648179454657	0.27988450966172224	0.22330599966847167	0.28520287114115095	0.24637024173484143	0.386798731426097
0.3097953443737209	0.09384725452865597	0.10627714009316737	0.06500361562785628	0.15209361142359612	0.12824093668334036	0.1860353579108866	0.09384725452865597	0.23461252324222903	0.11155308772770488	0.061917794944904354	0.15504293717907686	0.1325861203185362	0.18906598277615883	0.10627714009316737	0.11155308772770488	0.283320349415376	0.08611989706560966	0.1843028935568264	0.16492893153015367	0.22088296223444034	0.06500361562785628	0.061917794944904354	0.08611989706560966	1.049918099703281	0.15625789921268562	0.18975964515135804	0.2034084318754432	0.15209361142359612	0.15504293717907686	0.1843028935568264	0.15625789921268562	0.23239633501302442	0.20029166778662813	0.2579268647626903	0.12824093668334036	0.1325861203185362	0.16492893153015367	0.18975964515135804	0.20029166778662813	0.3096582224074043	0.22898905384222318	0.1860353579108866	0.18906598277615883	0.22088296223444034	0.2034084318754432	0.2579268647626903	0.22898905384222318	0.3617512892883979
0.25023230819889697	0.11383806310794409	0.11482589765939662	0.041630151471740776	0.12041581246610931	0.10710183663558503	0.1547655792146083	0.11383806310794409	0.18041749206164634	0.16212667867430142	0.0943975085618258	0.16698147505525038	0.15288139933913733	0.20009780979218697	0.11482589765939662	0.16212667867430142	0.18808180801578114	0.09618717913942934	0.16986468012622324	0.1562645154546402	0.20346896194904532	0.041630151471740776	0.0943975085618258	0.09618717913942934	0.8197980647377889	0.11035993229002422	0.12935477497424847	0.15280403097209536	0.12041581246610931	0.16698147505525038	0.16986468012622324	0.11035993229002422	0.1869454700443186	0.16037369186076159	0.20756703707204127	0.10710183663558503	0.15288139933913733	0.1562645154546402	0.12935477497424847	0.16037369186076159	0.24558942029540365	0.19079135578625456	0.1547655792146083	0.20009780979218697	0.20346896194904532	0.15280403097209536	0.20756703707204127	0.19079135578625456	0.30664687484068687
0.4011907925854274	0.02756292662229819	0.06699884422521138	-0.005712972628332851	0.06833158255932602	0.06281766173719541	0.09920478792301497	0.02756292662229819	0.22818813798046625	0.16224445472395022	0.09767884561095616	0.16227171058945764	0.15657454851260638	0.19139169244920878	0.06699884422521138	0.16224445472395022	0.23672507574893953	0.1737189531443881	0.22581840992709318	0.21917076090844564	0.2537208280289901	-0.005712972628332851	0.09767884561095616	0.1737189531443881	0.8175175785772005	0.18157145691119686	0.18778866552699838	0.21385485234739854	0.06833158255932602	0.16227171058945764	0.22581840992709318	0.18157145691119686	0.241791161163584	0.21851490568404247	0.2529679697809893	0.06281766173719541	0.15657454851260638	0.21917076090844564	0.18778866552699838	0.21851490568404247	0.269074888991706	0.2448916136753542	0.09920478792301497	0.19139169244920878	0.2537208280289901	0.21385485234739854	0.2529679697809893	0.2448916136753542	0.33620788610794
0.43992884895965634	-0.05749275711716874	0.17083194279407782	0.09515472828318475	0.14175633477609728	0.16888651202808272	0.18105135375898856	-0.05749275711716874	0.3437873323066865	0.02067820793065328	-0.09663068659847239	0.0004873535507889139	0.02260128693245524	0.03162380451776271	0.17083194279407782	0.02067820793065328	0.38155709991857684	0.3100764849324299	0.31637499271645736	0.35699206026695784	0.37094669454513	0.09515472828318475	-0.09663068659847239	0.3100764849324299	1.0889059234093563	0.3519923104004231	0.32535289888391294	0.3233741764025035	0.14175633477609728	0.0004873535507889139	0.31637499271645736	0.3519923104004231	0.45306229474745413	0.31238704530303024	0.32522219082020104	0.16888651202808272	0.02260128693245524	0.35699206026695784	0.32535289888391294	0.31238704530303024	0.3961222618442935	0.3647275148494445	0.18105135375898856	0.03162380451776271	0.37094669454513	0.3233741764025035	0.32522219082020104	0.3647275148494445	0.3874891388285897
0.5247258743394952	0.01570555683863295	0.372719704519349	0.3810110682334707	0.3377119888278739	0.3849833944693213	0.6122899051054193	0.01570555683863295	0.6546012007100861	0.0051106648974113544	-0.041965822957562474	0.010666320031796447	0.018268185836009948	0.380032678091071	0.372719704519349	0.0051106648974113544	0.544286984716732	0.48069730880999256	0.42110578722542086	0.48351284118275517	0.6934646184715612	0.3810110682334707	-0.041965822957562474	0.48069730880999256	1.3269351780137821	0.5441589979187935	0.5004581722161545	0.8226277327525752	0.3377119888278739	0.010666320031796447	0.42110578722542086	0.5441589979187935	0.6061485242471698	0.4333576677532457	0.6448740746682301	0.3849833944693213	0.018268185836009948	0.48351284118275517	0.5004581722161545	0.4333576677532457	0.49964151069102525	0.6820094201085612	0.6122899051054193	0.380032678091071	0.6934646184715612	0.8226277327525752	0.6448740746682301	0.6820094201085612	1.4924405012407096
0.575431690158366	-0.13407023871884943	0.27807862582940884	0.12126402194337421	0.13493760143301797	0.23559558454507853	0.2877443463781564	-0.13407023871884943	0.478897489032937	-0.07347515391093695	-0.2907387827038922	-0.14700565567819582	-0.0853368476988193	-0.060387299115987066	0.27807862582940884	-0.07347515391093695	0.6334997086018692	0.486852209653208	0.39678917188087476	0.5615994055655953	0.6321400825475382	0.12126402194337421	-0.2907387827038922	0.486852209653208	1.5687195148048207	0.6238743275040102	0.5232017593007527	0.4999214300377056	0.13493760143301797	-0.14700565567819582	0.39678917188087476	0.6238743275040102	0.8064986854934291	0.3634753802152392	0.40575248530699254	0.23559558454507853	-0.0853368476988193	0.5615994055655953	0.5232017593007527	0.3634753802152392	0.6793053380693848	0.5663413282724575	0.2877443463781564	-0.060387299115987066	0.6321400825475382	0.4999214300377056	0.40575248530699254	0.5663413282724575	0.6562879940173341
0.4076139222345533	-0.0731333871087732	0.30806150155077666	0.23991553156751885	0.23837059578291359	0.32445661324089964	0.33491575241877103	-0.0731333871087732	0.42515699882707897	-0.07544794009769146	-0.22859074944105967	-0.09569583684621256	-0.054142393914048056	-0.04018038609566784	0.30806150155077666	-0.07544794009769146	0.4302054323685133	0.294427127666628	0.2822953143738997	0.38240721645109194	0.3927019766378865	0.23991553156751885	-0.22859074944105967	0.294427127666628	1.2932025447517737	0.420837282501068	0.32668864062345826	0.3397992853410167	0.23837059578291359	-0.09569583684621256	0.2822953143738997	0.420837282501068	0.5564032328221464	0.3009435199029772	0.31157255157551833	0.32445661324089964	-0.054142393914048056	0.38240721645109194	0.32668864062345826	0.3009435199029772	0.40441115045529274	0.40666957882788585	0.33491575241877103	-0.04018038609566784	0.3927019766378865	0.3397992853410167	0.31157255157551833	0.40666957882788585	0.4403819271678841
0.47989717161673034	0.00019252015226844943	0.3165564661657029	0.40725452786382854	0.3554072963515945	0.4193784563254951	0.5470461937365102	0.00019252015226844943	0.6120794912272622	-0.11501509178765797	-0.0787514730129526	-0.009818166560397808	0.0028941744029897243	0.22700048298635375	0.3165564661657029	-0.11501509178765797	0.7447828676638257	0.2962800690620639	0.28429735051331945	0.3702000060685624	0.5815064146918328	0.40725452786382854	-0.0787514730129526	0.2962800690620639	1.3616233553409018	0.5300574076106861	0.460590027822049	0.6673408778400984	0.3554072963515945	-0.009818166560397808	0.28429735051331945	0.5300574076106861	0.6118111704529247	0.39587981501560854	0.5298082193990047	0.4193784563254951	0.0028941744029897243	0.3702000060685624	0.460590027822049	0.39587981501560854	0.47207500364302113	0.5835170519510302	0.5470461937365102	0.22700048298635375	0.5815064146918328	0.6673408778400984	0.5298082193990047	0.5835170519510302	1.136835555023609
0.40937445946579515	-0.0972310536137791	0.3637878695493477	0.3466058941808703	0.32999102146416837	0.3835490787773776	0.413976267480366	-0.0972310536137791	0.48580785215031586	-0.12083658835564673	-0.2312094506186011	-0.11008435708938405	-0.09373953810312437	-0.0427045112021303	0.3637878695493477	-0.12083658835564673	0.44547863459273807	0.3393869113880399	0.3283439786880593	0.38624752360676173	0.418787857248695	0.3466058941808703	-0.2312094506186011	0.3393869113880399	1.1758659811609855	0.41242288210517375	0.37425083126390507	0.42088489440445254	0.32999102146416837	-0.11008435708938405	0.3283439786880593	0.41242288210517375	0.5012958492748048	0.34981837985908215	0.3817561485212688	0.3835490787773776	-0.09373953810312437	0.38624752360676173	0.37425083126390507	0.34981837985908215	0.41183190143871407	0.43451165417294174	0.413976267480366	-0.0427045112021303	0.418787857248695	0.42088489440445254	0.3817561485212688	0.43451165417294174	0.5500546020063383
0.47548377262837077	-0.12109445513244815	0.3465209693448837	0.29591771546697954	0.2614500695223483	0.3576132679124057	0.3847739983513137	-0.12109445513244815	0.4947981378853211	-0.11831308016574188	-0.24467183892883146	-0.13233204143048055	-0.10271301937213251	-0.058656389725597405	0.3465209693448837	-0.11831308016574188	0.5078705807684067	0.41566883644617975	0.3527716981034805	0.472044882965356	0.4962070324175235	0.29591771546697954	-0.24467183892883146	0.41566883644617975	1.2126022139698127	0.48513809896760185	0.4347343761085371	0.47173560982144547	0.2614500695223483	-0.13233204143048055	0.3527716981034805	0.48513809896760185	0.636571829020308	0.36461994344155324	0.3915170913830629	0.3576132679124057	-0.10271301937213251	0.472044882965356	0.4347343761085371	0.36461994344155324	0.48734128001343985	0.5036208735339515	0.3847739983513137	-0.058656389725597405	0.4962070324175235	0.47173560982144547	0.3915170913830629	0.5036208735339515	0.5995527537674558
0.4518690860717599	-0.12697780998897995	0.35200021101290735	0.30032057276857854	0.27707659424816156	0.36875161061377537	0.37584172500423585	-0.12697780998897995	0.47916538788394947	-0.1398547603229384	-0.2861067332804101	-0.14654204341536925	-0.11396576254576642	-0.10791693754450729	0.35200021101290735	-0.1398547603229384	0.49362245852948083	0.3640839228555967	0.3276522978349875	0.43584388358451676	0.4429208056558471	0.30032057276857854	-0.2861067332804101	0.3640839228555967	1.2920172281812876	0.4703797317036094	0.3997678892147386	0.4024574426329477	0.27707659424816156	-0.14654204341536925	0.3276522978349875	0.4703797317036094	0.6037782700392165	0.3470317828422242	0.35352244693462404	0.36875161061377537	-0.11396576254576642	0.43584388358451676	0.3997678892147386	0.3470317828422242	0.4650011602667429	0.45694118346566354	0.37584172500423585	-0.10791693754450729	0.4429208056558471	0.4024574426329477	0.35352244693462404	0.45694118346566354	0.4729761705695529
0.4285121714142745	-0.11473362979481988	0.35625269629892875	0.30082654603332054	0.2808927185496034	0.37036061392105807	0.3773477637852317	-0.11473362979481988	0.4658715923151695	-0.12638576877329838	-0.2791931347201068	-0.13833766558629146	-0.10494863431204456	-0.09758105843747855	0.35625269629892875	-0.12638576877329838	0.45944290642458924	0.3377431556508507	0.3111917296933389	0.4119058042280269	0.4188737091059587	0.30082654603332054	-0.2791931347201068	0.3377431556508507	1.2763203957951508	0.4440501475139153	0.3683694407841444	0.37296871743176246	0.2808927185496034	-0.13833766558629146	0.3111917296933389	0.4440501475139153	0.5763865987159303	0.3279337316658364	0.33459374123149965	0.37036061392105807	-0.10494863431204456	0.4119058042280269	0.3683694407841444	0.3279337316658364	0.4361511215463252	0.431298185111834	0.3773477637852317	-0.09758105843747855	0.4188737091059587	0.37296871743176246	0.33459374123149965	0.431298185111834	0.4496097193375765
0.45901045382704797	-0.08254622163353675	0.3852244432293166	0.2290420362143921	0.2786636596274018	0.2434687491307086	0.404983183299407	-0.08254622163353675	0.4472634616402476	-0.08776759568917435	-0.2825640409415841	-0.120136783151286	-0.11382610701784181	-0.064975837038318	0.3852244432293166	-0.08776759568917435	0.4842384338435161	0.2703225883248798	0.31162300943754995	0.2881142666053826	0.45112555573941365	0.2290420362143921	-0.2825640409415841	0.2703225883248798	1.3534030467931761	0.4190294484170411	0.4255808885259502	0.2974042942909016	0.2786636596274018	-0.120136783151286	0.31162300943754995	0.4190294484170411	0.6148793489517375	0.2190130401388875	0.33307945034796277	0.2434687491307086	-0.11382610701784181	0.2881142666053826	0.4255808885259502	0.2190130401388875	0.716393468544734	0.29588556679436007	0.404983183299407	-0.064975837038318	0.45112555573941365	0.2974042942909016	0.33307945034796277	0.29588556679436007	0.4757057528704232
0.42555813128815523	0.0065957390482754286	0.3776003763781645	0.4034347745210156	0.36200285055166154	0.41479830931544714	0.5620446618543806	0.0065957390482754286	0.576507854575731	-0.03787660408938073	-0.07410467459109399	-0.005869179683581284	0.006268584522349796	0.2543879436124632	0.3776003763781645	-0.03787660408938073	0.5296543537547593	0.3479049834638227	0.32436218155766405	0.38245349482489477	0.5670430973608288	0.4034347745210156	-0.07410467459109399	0.3479049834638227	1.2500487009079806	0.46349312136378773	0.4111446236649282	0.652783775797323	0.36200285055166154	-0.005869179683581284	0.32436218155766405	0.46349312136378773	0.5409161366722645	0.3656608387025812	0.5252831042485897	0.41479830931544714	0.006268584522349796	0.38245349482489477	0.4111446236649282	0.3656608387025812	0.4270945281931511	0.563676993706918	0.5620446618543806	0.2543879436124632	0.5670430973608288	0.652783775797323	0.5252831042485897	0.563676993706918	1.1538363306365134
0.4716800158852454	0.0435787502409849	0.37201184972329576	0.47916973342773617	0.42390559047595044	0.46140215100246496	0.6669474782130461	0.0435787502409849	0.693727454814433	-0.05419302771771309	0.009052660713189338	0.040424520046184007	0.040495919113653744	0.41746934777733014	0.37201184972329576	-0.05419302771771309	0.8239145044343361	0.34911333061372196	0.3252007550598047	0.37211203480412436	0.7548051458981613	0.47916973342773617	0.009052660713189338	0.34911333061372196	1.120329759860202	0.5040662789403921	0.4807355422096993	0.7822552712033487	0.42390559047595044	0.040424520046184007	0.3252007550598047	0.5040662789403921	0.5657669365083006	0.4210394601909587	0.6376826946757918	0.46140215100246496	0.040495919113653744	0.37211203480412436	0.4807355422096993	0.4210394601909587	0.47591035910748813	0.6601816455342946	0.6669474782130461	0.41746934777733014	0.7548051458981613	0.7822552712033487	0.6376826946757918	0.6601816455342946	1.5916329212155793
0.45986575971967386	0.06521476270755316	0.33466590306467314	0.47449293068566045	0.44155645294640633	0.44303014735256585	0.6538862067969119	0.06521476270755316	0.6711787255257088	-0.05769365961519432	0.03719617104369484	0.06383421489971419	0.058264299736009495	0.4235476271486187	0.33466590306467314	-0.05769365961519432	0.8919839135803669	0.3155114938633352	0.3204814176647277	0.3317716071190422	0.7587717145184785	0.47449293068566045	0.03719617104369484	0.3155114938633352	1.0503429471797192	0.48303534805765813	0.47234401274823956	0.7601390473289498	0.44155645294640633	0.06383421489971419	0.3204814176647277	0.48303534805765813	0.49178275276635297	0.43125377345212723	0.6445739850491138	0.44303014735256585	0.058264299736009495	0.3317716071190422	0.47234401274823956	0.43125377345212723	0.47003124124173357	0.6369113281538068	0.6538862067969119	0.4235476271486187	0.7587717145184785	0.7601390473289498	0.6445739850491138	0.6369113281538068	1.5842996454263603
0.39997102147743896	0.12397173586326571	0.3020735213754322	0.3993555459487249	0.36493583562322734	0.38970250120874894	0.599758267710094	0.12397173586326571	0.5317612983627424	0.02800735512063482	0.09256747251623727	0.11430375861784206	0.12110059857981931	0.42732501163895714	0.3020735213754322	0.02800735512063482	0.7042198352250857	0.2685316820749318	0.26942039291929715	0.3020984008325481	0.6563121836756848	0.3993555459487249	0.09256747251623727	0.2685316820749318	1.0891402199396034	0.42964548611158804	0.4016215217032427	0.7093021218983059	0.36493583562322734	0.11430375861784206	0.26942039291929715	0.42964548611158804	0.48259795232273567	0.3621924547969674	0.5792979070754787	0.38970250120874894	0.12110059857981931	0.3020984008325481	0.4016215217032427	0.3621924547969674	0.40460201673886903	0.5934152977529457	0.599758267710094	0.42732501163895714	0.6563121836756848	0.7093021218983059	0.5792979070754787	0.5934152977529457	1.4417533927012407
0.3397992859829278	0.16069857622789055	0.20346371250618037	0.3172080705486622	0.3034833618583783	0.3298057117295442	0.4788799140747957	0.16069857622789055	0.40554784598435356	0.0237077654667531	0.10838964326273667	0.1429952263919303	0.15820178002829982	0.3457779716445038	0.20346371250618037	0.0237077654667531	0.6534617095488415	0.1040866967411133	0.16493913188129666	0.2044584639490776	0.46758489436526435	0.3172080705486622	0.10838964326273667	0.1040866967411133	1.285111216368693	0.3814548331796756	0.322092943471519	0.5645958906315904	0.3034833618583783	0.1429952263919303	0.16493913188129666	0.3814548331796756	0.4381741432614795	0.3013293261715123	0.45744066971671987	0.3298057117295442	0.15820178002829982	0.2044584639490776	0.322092943471519	0.3013293261715123	0.34461297999856866	0.4744532294148069	0.4788799140747957	0.3457779716445038	0.46758489436526435	0.5645958906315904	0.45744066971671987	0.4744532294148069	1.0608444823769088
0.3022233993546508	0.1594082257831021	0.1619702109891339	0.2682798172885998	0.27566625959460467	0.29251466014726124	0.39787967979781297	0.1594082257831021	0.34466655221893894	0.02030225287193245	0.10171462887853013	0.1470283848623407	0.15859626813164895	0.2837441302633762	0.1619702109891339	0.02030225287193245	0.5541701549043101	0.05323030044776084	0.13875883293601302	0.16430796734255135	0.34048185478498183	0.2682798172885998	0.10171462887853013	0.05323030044776084	1.1993230048860917	0.3116206633367488	0.2736463928909984	0.4422730282613154	0.27566625959460467	0.1470283848623407	0.13875883293601302	0.3116206633367488	0.3648547149102522	0.27540617373490406	0.3836316431360315	0.29251466014726124	0.15859626813164895	0.16430796734255135	0.2736463928909984	0.27540617373490406	0.30498549300843514	0.3963467200471233	0.39787967979781297	0.2837441302633762	0.34048185478498183	0.4422730282613154	0.3836316431360315	0.3963467200471233	0.795412135535948
0.3570280386333243	0.10948438067742455	0.1951509355543364	0.32354608026451526	0.3057789474499982	0.34729633004419375	0.44041788795953085	0.10948438067742455	0.43212095881885915	-0.05999519325539403	0.03244598613319058	0.08772541272636789	0.10899304308992838	0.23682267613054608	0.1951509355543364	-0.05999519325539403	0.6685641979261121	0.06367565474583389	0.13856299266549557	0.19880696626479755	0.37509618978935527	0.32354608026451526	0.03244598613319058	0.06367565474583389	1.334832932290454	0.4094658174040294	0.32931514173803744	0.48675853212409426	0.3057789474499982	0.08772541272636789	0.13856299266549557	0.4094658174040294	0.48159622378657263	0.3066537254115733	0.40647601483217893	0.34729633004419375	0.10899304308992838	0.19880696626479755	0.32931514173803744	0.3066537254115733	0.35850349555111993	0.4402495215923227	0.44041788795953085	0.23682267613054608	0.37509618978935527	0.48675853212409426	0.40647601483217893	0.4402495215923227	0.8273210860952765
0.4401281658473428	0.014047348590222608	0.31369256838066334	0.4312478032892182	0.3939203164891543	0.422927463654087	0.5499466175314432	0.014047348590222608	0.5979690087758458	-0.11014973848593308	-0.07558220379172881	0.007157737682867555	0.014073527710261283	0.23371445222687517	0.31369256838066334	-0.11014973848593308	0.7209984654983812	0.25593096646789637	0.28711393725815826	0.32566664817177216	0.550181954061073	0.4312478032892182	-0.07558220379172881	0.25593096646789637	1.5025194268693445	0.4925211149402945	0.44539106060276645	0.6719475835514704	0.3939203164891543	0.007157737682867555	0.28711393725815826	0.4925211149402945	0.5069416242516691	0.4029334769740234	0.5360699361332393	0.422927463654087	0.014073527710261283	0.32566664817177216	0.44539106060276645	0.4029334769740234	0.43909670018691976	0.5566048869601528	0.5499466175314432	0.23371445222687517	0.550181954061073	0.6719475835514704	0.5360699361332393	0.5566048869601528	1.119778906342031
0.23502033297593858	0.10190543602484663	0.17477527199653747	0.13613574675959192	0.16072205294999536	0.21742425612738733	0.231590473585841	0.10190543602484663	0.24368312796133587	0.061172645543051705	0.0031901470136246612	0.06181935287158813	0.1068617402723368	0.12235452886855586	0.17477527199653747	0.061172645543051705	0.28264293717459144	0.0754870296714412	0.11949266531466268	0.1826088733766807	0.19836737031760046	0.13613574675959192	0.0031901470136246612	0.0754870296714412	0.9075491366569914	0.2237297861226718	0.1474907796963772	0.16541830508052108	0.16072205294999536	0.06181935287158813	0.11949266531466268	0.2237297861226718	0.39556004945126255	0.1668880802711439	0.18152282125282657	0.21742425612738733	0.1068617402723368	0.1826088733766807	0.1474907796963772	0.1668880802711439	0.2330723431569552	0.23829302078699124	0.231590473585841	0.12235452886855586	0.19836737031760046	0.16541830508052108	0.18152282125282657	0.23829302078699124	0.2825276632390007
0.22115368800086946	0.09667178924175086	0.17809991348427193	0.1347930365965117	0.16270546771304	0.1982176606858695	0.21615181136031184	0.09667178924175086	0.2249012773431198	0.08272208204851694	0.02319650001641329	0.07549471575586528	0.10422858192774127	0.12373792395063382	0.17809991348427193	0.08272208204851694	0.23680390767324738	0.11612059226694743	0.15058938664002025	0.1886059254075314	0.20745995927534586	0.1347930365965117	0.02319650001641329	0.11612059226694743	0.7619576456578775	0.18469519485690905	0.1487379563801923	0.17153022414543928	0.16270546771304	0.07549471575586528	0.15058938664002025	0.18469519485690905	0.3232148537670027	0.17186323547559004	0.19007329285378213	0.1982176606858695	0.10422858192774127	0.1886059254075314	0.1487379563801923	0.17186323547559004	0.2164321499752013	0.2258229029393862	0.21615181136031184	0.12373792395063382	0.20745995927534586	0.17153022414543928	0.19007329285378213	0.2258229029393862	0.28148397962701976
0.3991482761064344	-0.0408883453722623	0.23444027001421366	0.16497410832932846	0.17601416963478828	0.2520527147666603	0.25886401000013043	-0.0408883453722623	0.3661917137339074	-0.018914142892341924	-0.14147091578291343	-0.04418336850781667	0.0022376368920665624	0.00899236531971246	0.23444027001421366	-0.018914142892341924	0.3994674502925152	0.26338766213813963	0.25324747111443635	0.34975271982365047	0.35646226743795545	0.16497410832932846	-0.14147091578291343	0.26338766213813963	1.1321715695114336	0.37307879966593954	0.29599799687463524	0.3001089827286565	0.17601416963478828	-0.04418336850781667	0.25324747111443635	0.37307879966593954	0.5345417869189045	0.27191978556315605	0.2782932529484503	0.2520527147666603	0.0022376368920665624	0.34975271982365047	0.29599799687463524	0.27191978556315605	0.376173084480544	0.37074643650941963	0.25886401000013043	0.00899236531971246	0.35646226743795545	0.3001089827286565	0.2782932529484503	0.37074643650941963	0.3878618975245034
0.40297868408162274	-0.08302375704139112	0.3174002836126488	0.28201450873826994	0.2615040534421539	0.34147403499306567	0.3482121389896581	-0.08302375704139112	0.4283381394446198	-0.10331512607819829	-0.20647065355047678	-0.10091849324360785	-0.07020599923048365	-0.06366107894254151	0.3174002836126488	-0.10331512607819829	0.44146041698007693	0.3019448897776446	0.27944897585636985	0.37135861893185396	0.3780827639501683	0.28201450873826994	-0.20647065355047678	0.3019448897776446	1.093864721478039	0.39641779745366207	0.3448181962642017	0.3489519897495217	0.2615040534421539	-0.10091849324360785	0.27944897585636985	0.39641779745366207	0.5470345086878589	0.30622614415246613	0.3126482759522855	0.34147403499306567	-0.07020599923048365	0.37135861893185396	0.3448181962642017	0.30622614415246613	0.4057476148739073	0.3997611641315768	0.3482121389896581	-0.06366107894254151	0.3780827639501683	0.3489519897495217	0.3126482759522855	0.3997611641315768	0.4165340054139291
0.5697628273570389	-0.08990310472885735	0.32973252665631847	0.12212838124997832	0.1549572197707327	0.20674733959805863	0.3630010906199391	-0.08990310472885735	0.47243282448470053	-0.06678099574363719	-0.2856556267759459	-0.13698672012276894	-0.09026147459782655	-0.03086104898570308	0.32973252665631847	-0.06678099574363719	0.6620609477072499	0.3274646523801438	0.30145150934515336	0.4089773548173542	0.5976203556662376	0.12212838124997832	-0.2856556267759459	0.3274646523801438	1.5488022267969346	0.5871835197509632	0.4960301887884189	0.37152991651590617	0.1549572197707327	-0.13698672012276894	0.30145150934515336	0.5871835197509632	0.8414137320973354	0.24759266681574438	0.33758020247759163	0.20674733959805863	-0.09026147459782655	0.4089773548173542	0.4960301887884189	0.24759266681574438	0.7875583868709846	0.419469108738531	0.3630010906199391	-0.03086104898570308	0.5976203556662376	0.37152991651590617	0.33758020247759163	0.419469108738531	0.6295894811685334
0.6199698141270297	-0.0822366330741681	0.18806532889670763	-0.04459898878330924	0.049367216716544766	0.05405538476234115	0.2031859720121704	-0.0822366330741681	0.42477803617224535	0.05276843417291889	-0.19710691987116924	-0.06140095959578397	-0.026944166093476413	0.06707851026929257	0.18806532889670763	0.05276843417291889	0.6516008472842801	0.35119297622056295	0.35044073348770677	0.39142244386691644	0.6304341133769403	-0.04459898878330924	-0.19710691987116924	0.35119297622056295	1.547764774699004	0.5636158614097881	0.5305023291774372	0.36803598774282575	0.049367216716544766	-0.06140095959578397	0.35044073348770677	0.5636158614097881	0.8098610979889767	0.24995573806852403	0.36443102307785574	0.05405538476234115	-0.026944166093476413	0.39142244386691644	0.5305023291774372	0.24995573806852403	0.8595259937308795	0.3944029180934761	0.2031859720121704	0.06707851026929257	0.6304341133769403	0.36803598774282575	0.36443102307785574	0.3944029180934761	0.6470291246973254
0.40547910872118775	-0.005197216293590962	0.13982740096296412	0.02070487958216106	0.08767012531895155	0.14081111832662876	0.15025600006101872	-0.005197216293590962	0.2941247091514144	0.08826325656157336	-0.058040745304338025	0.038177443136923894	0.08994041474158553	0.09873992231962872	0.13982740096296412	0.08826325656157336	0.31793694754260454	0.2010013907686732	0.22709045865506128	0.30062545644880895	0.3103504957828446	0.02070487958216106	-0.058040745304338025	0.2010013907686732	1.1758779128201853	0.3070184517480121	0.21645210022442726	0.2167491496881807	0.08767012531895155	0.038177443136923894	0.22709045865506128	0.3070184517480121	0.4565763289560288	0.22842536760138987	0.23700664452210968	0.14081111832662876	0.08994041474158553	0.30062545644880895	0.21645210022442726	0.22842536760138987	0.323955605419591	0.3090157908979318	0.15025600006101872	0.09873992231962872	0.3103504957828446	0.2167491496881807	0.23700664452210968	0.3090157908979318	0.3296807418625197
0.237796990914129	0.06762409800953029	0.17386097561671526	0.11238850209296376	0.17748672320771547	0.1727586368005576	0.18981164314009183	0.06762409800953029	0.22827881651381327	0.0753250322970876	-0.010558387068212804	0.08088571882620166	0.07816502445634643	0.09210033034349603	0.17386097561671526	0.0753250322970876	0.2280956505088315	0.12730659590384757	0.19331191311192716	0.18975852661389137	0.20640854579660275	0.11238850209296376	-0.010558387068212804	0.12730659590384757	0.8752393819777917	0.1565180138833174	0.1617347494804912	0.1507738483146503	0.17748672320771547	0.08088571882620166	0.19331191311192716	0.1565180138833174	0.2384240586317718	0.19193014499532018	0.20899281046647325	0.1727586368005576	0.07816502445634643	0.18975852661389137	0.1617347494804912	0.19193014499532018	0.26256687586229055	0.2039517822655526	0.18981164314009183	0.09210033034349603	0.20640854579660275	0.1507738483146503	0.20899281046647325	0.2039517822655526	0.22986225629373336
0.23134973652972485	0.08161067346178608	0.16843906500745265	0.14753373567427422	0.18892720434426724	0.1955049602579615	0.21091882670512885	0.08161067346178608	0.23237942491576224	0.06493486261847363	0.024823564483657856	0.08852581797562187	0.09378805512372315	0.11055089871924977	0.16843906500745265	0.06493486261847363	0.24839428231094868	0.1283070998288045	0.1786013076572597	0.18617474414229024	0.20250020053469273	0.14753373567427422	0.024823564483657856	0.1283070998288045	0.7429982336728012	0.17562118917539152	0.1694177416947344	0.187853330517526	0.18892720434426724	0.08852581797562187	0.1786013076572597	0.17562118917539152	0.2402746496542327	0.20541101235507297	0.22065115310558422	0.1955049602579615	0.09378805512372315	0.18617474414229024	0.1694177416947344	0.20541101235507297	0.22112048970229914	0.22734394934291724	0.21091882670512885	0.11055089871924977	0.20250020053469273	0.187853330517526	0.22065115310558422	0.22734394934291724	0.27450051060878494
