0.15582697109049287	0.08861805639722745	0.018062769778329747	0.08937914801938454	0.12574016877136637	0.10361257977243872	0.10441389642812392	0.10847760415518881	-0.08973759042323479	0.0822943092517251	0.08861805639722745	0.17559503859740377	0.03589265134032789	0.10556151986186893	0.0975716423690344	0.09137919732202904	0.08419312704824862	0.09701566161025421	-0.09142890058424322	0.06737325291969153	0.018062769778329747	0.03589265134032789	0.37704701901695653	0.06615715933831065	0.17326368269543788	0.045928613669392326	0.1134806703719784	0.051386289783069465	-0.18412085107872092	0.05103757072064853	0.08937914801938454	0.10556151986186893	0.06615715933831065	0.8974525593851667	0.16429871428012532	0.0946766447451399	0.09594283793467553	0.09407887378194585	-0.03765043541390449	0.07771378512768547	0.12574016877136637	0.0975716423690344	0.17326368269543788	0.16429871428012532	0.4759439439017521	0.11519122942178822	0.06781882288968634	0.11915118521213908	0.03581531981347865	0.0961503387884758	0.10361257977243872	0.09137919732202904	0.045928613669392326	0.0946766447451399	0.11519122942178822	0.11934886882369017	0.10047318840677104	0.11177368050637254	-0.07629564941907671	0.08481510063158394	0.10441389642812392	0.08419312704824862	0.1134806703719784	0.09594283793467553	0.06781882288968634	0.10047318840677104	0.1647393144106182	0.10511420920055593	-0.04924666120775217	0.07665110177155304	0.10847760415518881	0.09701566161025421	0.051386289783069465	0.09407887378194585	0.11915118521213908	0.11177368050637254	0.10511420920055593	0.13165054718877703	-0.07064495569258004	0.0899116197061383	-0.08973759042323479	-0.09142890058424322	-0.18412085107872092	-0.03765043541390449	0.03581531981347865	-0.07629564941907671	-0.04924666120775217	-0.07064495569258004	0.5093755214855453	-0.09891656238970056	0.0822943092517251	0.06737325291969153	0.05103757072064853	0.07771378512768547	0.0961503387884758	0.08481510063158394	0.07665110177155304	0.0899116197061383	-0.09891656238970056	0.15262536301071264
0.17710113317032736	0.0418273560890733	-0.04866675995302243	0.05978101445684032	0.121398261902455	0.08208155451427018	0.09237616708212619	0.08742594687796687	-0.008147784383772536	0.038382901172306035	0.0418273560890733	0.25596084313470163	-0.009104440738043333	0.10805387532179808	0.06613480876681538	0.05412104258998026	0.05148460841022924	0.06435777595068028	-0.025066033513785484	-0.0007824766751443915	-0.04866675995302243	-0.009104440738043333	0.335106714245903	0.04045348164157051	0.13534174314142583	0.024088403715835663	0.07801434227794944	0.02828399496406498	-0.08009104450434877	0.02712642916868787	0.05978101445684032	0.10805387532179808	0.04045348164157051	0.9801087731832806	0.14213364833971173	0.07788337369093734	0.0823580359176238	0.0713676370303731	0.02106356373891725	0.04172554601945064	0.121398261902455	0.06613480876681538	0.13534174314142583	0.14213364833971173	0.39082048593588353	0.10952381890050852	0.08333844223941757	0.11560754613354665	0.0659142511008081	0.06973157754083625	0.08208155451427018	0.05412104258998026	0.024088403715835663	0.07788337369093734	0.10952381890050852	0.10372172716620334	0.09386202786429201	0.10191268413382412	0.017038312721566893	0.049910588630251614	0.09237616708212619	0.05148460841022924	0.07801434227794944	0.0823580359176238	0.08333844223941757	0.09386202786429201	0.14502520334944546	0.10001937557607259	0.02610891828706325	0.04610774896083425	0.08742594687796687	0.06435777595068028	0.02828399496406498	0.0713676370303731	0.11560754613354665	0.10191268413382412	0.10001937557607259	0.14363885916764038	0.02281187164132132	0.05704548980866247	-0.008147784383772536	-0.025066033513785484	-0.08009104450434877	0.02106356373891725	0.0659142511008081	0.017038312721566893	0.02610891828706325	0.02281187164132132	0.2739554133358414	-0.030438422408756445	0.038382901172306035	-0.0007824766751443915	0.02712642916868787	0.04172554601945064	0.06973157754083625	0.049910588630251614	0.04610774896083425	0.05704548980866247	-0.030438422408756445	0.1778587415347508
0.3406534272742612	0.16904939596435292	-0.013683292568126913	0.13892675953920386	0.18065345913648453	0.18555031307924616	0.18046791583954377	0.19199824560840165	-0.24973498431208088	0.060653762135990004	0.16904939596435292	0.27503847933305725	0.06509269585495368	0.1630108801307088	0.11597765533785927	0.17598013349246006	0.15407198488648588	0.18645551410794664	-0.21310546751056061	0.03689680249698705	-0.013683292568126913	0.06509269585495368	0.6262070895678349	0.10930747108438246	0.2635359784874348	0.07967000887656592	0.15115888856040152	0.08499199363784629	-0.36650651271248286	0.1288821165950724	0.13892675953920386	0.1630108801307088	0.10930747108438246	0.9526214766652207	0.2182976245340972	0.15038613988176752	0.13813448661562433	0.1401583149158089	-0.10475557993624604	0.05611085682910584	0.18065345913648453	0.11597765533785927	0.2635359784874348	0.2182976245340972	0.7426904752734117	0.13585626813350526	0.06295690343913382	0.1453200069097371	0.0828378503661994	0.06410910763949344	0.18555031307924616	0.17598013349246006	0.07967000887656592	0.15038613988176752	0.13585626813350526	0.199867623433629	0.17154319120800487	0.20063204054586506	-0.19458900810283525	0.06465630161860618	0.18046791583954377	0.15407198488648588	0.15115888856040152	0.13813448661562433	0.06295690343913382	0.17154319120800487	0.24095030686468372	0.1797891322625143	-0.15897336466657042	0.04287338930255339	0.19199824560840165	0.18645551410794664	0.08499199363784629	0.1401583149158089	0.1453200069097371	0.20063204054586506	0.1797891322625143	0.2636783377866911	-0.1864553561477868	0.07774791960657924	-0.24973498431208088	-0.21310546751056061	-0.36650651271248286	-0.10475557993624604	0.0828378503661994	-0.19458900810283525	-0.15897336466657042	-0.1864553561477868	1.115672612792306	-0.33645797348079404	0.060653762135990004	0.03689680249698705	0.1288821165950724	0.05611085682910584	0.06410910763949344	0.06465630161860618	0.04287338930255339	0.07774791960657924	-0.33645797348079404	0.39123340199303097
0.3362944492836821	0.15937915258853205	-0.010344091605768345	0.11813436159130013	0.1756077062611486	0.17017494865945468	0.16709236103299885	0.17413402246025567	-0.2739131419300806	0.09026386804377245	0.15937915258853205	0.23283620067570354	0.07772912721964582	0.14891771146186106	0.12870656076686443	0.16655502819641746	0.13922050022031562	0.17104549450969497	-0.22197940342315145	0.0791830827345655	-0.010344091605768345	0.07772912721964582	0.609145871586335	0.11535534373248778	0.211906442675685	0.08539266737199902	0.17190625369915205	0.08961188422531235	-0.3640221963648965	0.11250410852624812	0.11813436159130013	0.14891771146186106	0.11535534373248778	1.173245922128631	0.21893161136950678	0.13385787103892485	0.12517806761652844	0.13074517711798556	-0.09739553226954557	0.07923910384575111	0.1756077062611486	0.12870656076686443	0.211906442675685	0.21893161136950678	0.6186438965297426	0.14136286650091334	0.06513039018271347	0.14464413916378888	0.0089468286561918	0.08586972748975957	0.17017494865945468	0.16655502819641746	0.08539266737199902	0.13385787103892485	0.14136286650091334	0.18779366732138653	0.15116076115346483	0.18217249040705896	-0.21115418334129954	0.09535641179758263	0.16709236103299885	0.13922050022031562	0.17190625369915205	0.12517806761652844	0.06513039018271347	0.15116076115346483	0.233995179451973	0.15508035975595436	-0.15954684770134792	0.06799280782571003	0.17413402246025567	0.17104549450969497	0.08961188422531235	0.13074517711798556	0.14464413916378888	0.18217249040705896	0.15508035975595436	0.20154472078143207	-0.20628731785896104	0.1003034284811475	-0.2739131419300806	-0.22197940342315145	-0.3640221963648965	-0.09739553226954557	0.0089468286561918	-0.21115418334129954	-0.15954684770134792	-0.20628731785896104	1.079088103589607	-0.3048748794197705	0.09026386804377245	0.0791830827345655	0.11250410852624812	0.07923910384575111	0.08586972748975957	0.09535641179758263	0.06799280782571003	0.1003034284811475	-0.3048748794197705	0.3096390362859047
0.5051275487978898	0.12721033334749315	-0.14379929053160748	0.1296989611662425	0.16445020972170096	0.10457797713757508	0.23011260310187004	0.14455356416163478	-0.11018030771311647	-0.07203851702057965	0.12721033334749315	0.2082173168601969	0.027262642064270377	0.1854673417158634	0.1799242164884942	0.16634698533183645	0.1247264587433014	0.21203091052719694	-0.014374908757914397	-0.032510539254571376	-0.14379929053160748	0.027262642064270377	0.6905863591833098	0.031328114003828664	0.06836265036338458	0.004728329508284446	0.22418667433259806	0.06994397297126916	-0.15012406327853273	0.07310895032396393	0.1296989611662425	0.1854673417158634	0.031328114003828664	0.19545327205468752	0.18358617943436986	0.16934288649293988	0.12768329550679522	0.20932337698000159	-0.010579486713416247	-0.025893759199850604	0.16445020972170096	0.1799242164884942	0.06836265036338458	0.18358617943436986	0.48945382457340464	0.1679606573605466	0.05095484979121041	0.21536137614657358	0.03550287853500506	0.009808718293071183	0.10457797713757508	0.16634698533183645	0.004728329508284446	0.16934288649293988	0.1679606573605466	0.23715162501521747	0.11716467218768664	0.19485447453001242	-0.03404608014045387	-0.04609967930045254	0.23011260310187004	0.1247264587433014	0.22418667433259806	0.12768329550679522	0.05095484979121041	0.11716467218768664	0.35776418485075523	0.1762387832868418	0.026918750207264048	-0.07649361840433135	0.14455356416163478	0.21203091052719694	0.06994397297126916	0.20932337698000159	0.21536137614657358	0.19485447453001242	0.1762387832868418	0.5458037798896314	0.022365185430496797	0.05955980217963646	-0.11018030771311647	-0.014374908757914397	-0.15012406327853273	-0.010579486713416247	0.03550287853500506	-0.03404608014045387	0.026918750207264048	0.022365185430496797	0.6598548892376037	-0.2508471890594844	-0.07203851702057965	-0.032510539254571376	0.07310895032396393	-0.025893759199850604	0.009808718293071183	-0.04609967930045254	-0.07649361840433135	0.05955980217963646	-0.2508471890594844	0.525464100886406
0.22715349402392984	0.12598846785394666	0.013423258731287286	0.1266842661079507	0.1487872925485312	0.14206341553820373	0.1341635934632999	0.1461759263765926	-0.17417704702991604	0.0862445939005877	0.12598846785394666	0.22236446148949668	0.04851779220736657	0.1343784485442338	0.12665093397812788	0.1314703352475628	0.10296577216135346	0.13681928891970568	-0.1626764793829082	0.06966255922912691	0.013423258731287286	0.04851779220736657	0.5207195975893143	0.0716000415220836	0.12107746380361628	0.06094218538960755	0.18796721349585319	0.0653177878201777	-0.2937105962734444	0.07294063385279563	0.1266842661079507	0.1343784485442338	0.0716000415220836	0.5805411016963704	0.15285027385618352	0.1350269379331024	0.12006486052448069	0.1355558160214335	-0.11519944444535035	0.08517111028068616	0.1487872925485312	0.12665093397812788	0.12107746380361628	0.15285027385618352	0.3675492294620067	0.14489345943768622	0.0821943710439657	0.14900771738967145	-0.06476870026910979	0.09542959472813271	0.14206341553820373	0.1314703352475628	0.06094218538960755	0.1350269379331024	0.14489345943768622	0.15717131387897396	0.12091190322343533	0.15246452508200672	-0.14465962965040835	0.09129197205902638	0.1341635934632999	0.10296577216135346	0.18796721349585319	0.12006486052448069	0.0821943710439657	0.12091190322343533	0.22429995042715276	0.12534801643873322	-0.07720372081040251	0.0629228857186588	0.1461759263765926	0.13681928891970568	0.0653177878201777	0.1355558160214335	0.14900771738967145	0.15246452508200672	0.12534801643873322	0.1758216525338277	-0.139308280671236	0.09643186273396516	-0.17417704702991604	-0.1626764793829082	-0.2937105962734444	-0.11519944444535035	-0.06476870026910979	-0.14465962965040835	-0.07720372081040251	-0.139308280671236	0.7810520038483788	-0.21116481616330215	0.0862445939005877	0.06966255922912691	0.07294063385279563	0.08517111028068616	0.09542959472813271	0.09129197205902638	0.0629228857186588	0.09643186273396516	-0.21116481616330215	0.24461294256732252
0.21801709367551306	0.14410178399660126	0.015845957842239158	0.15896241685452	0.16327642834773606	0.16246938581959144	0.13552140602981055	0.16747415630638324	-0.16779526176350634	0.07685950980516094	0.14410178399660126	0.2544316249044594	0.02920852572655246	0.14876986649377222	0.14083915593798432	0.14716263448820038	0.10388443963940809	0.15503710270900892	-0.1733876560544834	0.052633408315634254	0.015845957842239158	0.02920852572655246	0.6099906282236265	0.05091251012486185	0.10079366541848699	0.0448843445632604	0.23112336347558496	0.05012209583610701	-0.32122574477541177	0.07288605911394665	0.15896241685452	0.14876986649377222	0.05091251012486185	0.2772021256201544	0.16356434453240853	0.1628194989900644	0.12544484736608905	0.16632877084058448	-0.14169012783486534	0.07951794465830181	0.16327642834773606	0.14083915593798432	0.10079366541848699	0.16356434453240853	0.3797498435232935	0.16182302953671912	0.07882955872061796	0.16752028461494423	-0.07719725850139357	0.08764887686689547	0.16246938581959144	0.14716263448820038	0.0448843445632604	0.1628194989900644	0.16182302953671912	0.17382576550039225	0.12462362345364048	0.1712252482434811	-0.15121659592606773	0.07995726071005632	0.13552140602981055	0.10388443963940809	0.23112336347558496	0.12544484736608905	0.07882955872061796	0.12462362345364048	0.2569716250762478	0.1314290824224599	-0.06451502486148689	0.04165641697540315	0.16747415630638324	0.15503710270900892	0.05012209583610701	0.16632877084058448	0.16752028461494423	0.1712252482434811	0.1314290824224599	0.2117846458782848	-0.14407244354146465	0.08787030209192535	-0.16779526176350634	-0.1733876560544834	-0.32122574477541177	-0.14169012783486534	-0.07719725850139357	-0.15121659592606773	-0.06451502486148689	-0.14407244354146465	0.8524714809430105	-0.25482139450029057	0.07685950980516094	0.052633408315634254	0.07288605911394665	0.07951794465830181	0.08764887686689547	0.07995726071005632	0.04165641697540315	0.08787030209192535	-0.25482139450029057	0.303773369254862
0.1397090038861256	0.08596826677446881	-0.008582993982384799	0.1040196367465979	0.11073992884745035	0.10374362195594719	0.09948494779467637	0.10982040874991303	-0.04231503319727656	0.0584965249789352	0.08596826677446881	0.18693001623236316	-0.00533764373822914	0.09208591304236022	0.09334321171261234	0.08853940462623434	0.07093687458593952	0.09725774333344508	-0.054716819925924795	0.038651480901973456	-0.008582993982384799	-0.00533764373822914	0.4714350382326778	0.014534854473502718	0.035311272363625155	0.00867904815552139	0.1995478108120858	0.014782245116530604	-0.15490706843862745	0.01596653043306887	0.1040196367465979	0.09208591304236022	0.014534854473502718	0.18899678958819044	0.11368940066002019	0.10708745671686767	0.09376635610696198	0.11208538095101048	-0.03116283172968237	0.06241704247843287	0.11073992884745035	0.09334321171261234	0.035311272363625155	0.11368940066002019	0.20430295872518223	0.1122396392638942	0.07633695167197181	0.11852426628074436	-0.01570704381448558	0.06889601852091368	0.10374362195594719	0.08853940462623434	0.00867904815552139	0.10708745671686767	0.1122396392638942	0.11628621379280848	0.09140113404806693	0.11290923756611378	-0.03541928951143365	0.06110258407882481	0.09948494779467637	0.07093687458593952	0.1995478108120858	0.09376635610696198	0.07633695167197181	0.09140113404806693	0.22349583433070241	0.09899193834680681	0.012457215761814393	0.045013120497076224	0.10982040874991303	0.09725774333344508	0.014782245116530604	0.11208538095101048	0.11852426628074436	0.11290923756611378	0.09899193834680681	0.15391670669795232	-0.028283686701039694	0.06876304987878054	-0.04231503319727656	-0.054716819925924795	-0.15490706843862745	-0.03116283172968237	-0.01570704381448558	-0.03541928951143365	0.012457215761814393	-0.028283686701039694	0.4055955590133446	-0.08527171120572256	0.0584965249789352	0.038651480901973456	0.01596653043306887	0.06241704247843287	0.06889601852091368	0.06110258407882481	0.045013120497076224	0.06876304987878054	-0.08527171120572256	0.18372758200082115
0.19544868519607603	0.13720792418824274	0.07244846827455158	0.14771256910152292	0.15274813106093757	0.16310848256147814	0.1416500234178673	0.16746122591848572	-0.2198643441758056	0.125141713664793	0.13720792418824274	0.27409559426456026	0.06692410635221298	0.14392463858085933	0.11722801441748955	0.1361062535831171	0.10865748696023456	0.1420040193672495	-0.24114113900476658	0.09266073359125104	0.07244846827455158	0.06692410635221298	0.5354333517532452	0.09357654163389122	0.18584921645214253	0.08553259960415369	0.1920952142797987	0.09083455486995824	-0.3812612431871473	0.09952398219813988	0.14771256910152292	0.14392463858085933	0.09357654163389122	0.5486007786624335	0.16487235412232087	0.14794229700565925	0.13040713915364374	0.1496502849410131	-0.1729482033762022	0.11408198050770514	0.15274813106093757	0.11722801441748955	0.18584921645214253	0.16487235412232087	0.48978445894962036	0.14728520435707232	0.07508549695527207	0.15120175325437607	-0.047411414439225565	0.11679260065700489	0.16310848256147814	0.1361062535831171	0.08553259960415369	0.14794229700565925	0.14728520435707232	0.17500651078689114	0.13637206199590804	0.16686576414053372	-0.21170422496506433	0.12418161157721205	0.1416500234178673	0.10865748696023456	0.1920952142797987	0.13040713915364374	0.07508549695527207	0.13637206199590804	0.2221976155754692	0.14063570011173626	-0.14088413936966646	0.09688885964202593	0.16746122591848572	0.1420040193672495	0.09083455486995824	0.1496502849410131	0.15120175325437607	0.16686576414053372	0.14063570011173626	0.18641501902602212	-0.20533427958495004	0.1290611024724368	-0.2198643441758056	-0.24114113900476658	-0.3812612431871473	-0.1729482033762022	-0.047411414439225565	-0.21170422496506433	-0.14088413936966646	-0.20533427958495004	0.9789895298115102	-0.2560739338578669	0.125141713664793	0.09266073359125104	0.09952398219813988	0.11408198050770514	0.11679260065700489	0.12418161157721205	0.09688885964202593	0.1290611024724368	-0.2560739338578669	0.23386088979487524
0.19184666204452844	0.11744552564818987	0.0914691575227428	0.12140360151690348	0.1412114028829782	0.1616033162334865	0.15002402589102976	0.1663792521913525	-0.22867007639822762	0.14036600243157799	0.11744552564818987	0.327129856666494	0.07164469606639658	0.1522062792669493	0.08551194636288466	0.11615200969710571	0.10130623517056901	0.12387581172458667	-0.265778376402886	0.09013855964423592	0.0914691575227428	0.07164469606639658	0.48534507695284046	0.10837078723184518	0.244283206501622	0.10376741813331297	0.1614319918700629	0.10851020575644207	-0.3757558379465383	0.11206362338876158	0.12140360151690348	0.1522062792669493	0.10837078723184518	0.9958204319176109	0.1938286373718084	0.1222214216489122	0.1169801789718139	0.11967711572089289	-0.13394171652138717	0.10583695524757514	0.1412114028829782	0.08551194636288466	0.244283206501622	0.1938286373718084	0.5829561963840738	0.13311127689251837	0.07818563045701911	0.1373833714509496	0.03173231766836299	0.11653229002118701	0.1616033162334865	0.11615200969710571	0.10376741813331297	0.1222214216489122	0.13311127689251837	0.17204959205337733	0.1465931203787737	0.16574709945028346	-0.2200903498913801	0.13937179120274645	0.15002402589102976	0.10130623517056901	0.1614319918700629	0.1169801789718139	0.07818563045701911	0.1465931203787737	0.20077541705513308	0.15147518156514636	-0.1763126113178886	0.12392717900914267	0.1663792521913525	0.12387581172458667	0.10851020575644207	0.11967711572089289	0.1373833714509496	0.16574709945028346	0.15147518156514636	0.19174595907243536	-0.21399374299627266	0.14455440147200976	-0.22867007639822762	-0.265778376402886	-0.3757558379465383	-0.13394171652138717	0.03173231766836299	-0.2200903498913801	-0.1763126113178886	-0.21399374299627266	1.0068373343433417	-0.2425264121075651	0.14036600243157799	0.09013855964423592	0.11206362338876158	0.10583695524757514	0.11653229002118701	0.13937179120274645	0.12392717900914267	0.14455440147200976	-0.2425264121075651	0.2054506953944604
0.30767211829619323	0.16322044565834912	-0.01815138045909768	0.14286097162734665	0.1711022437565222	0.16595549333588866	0.15694015630274488	0.1702112475215284	-0.23300023776836487	0.0762755807229205	0.16322044565834912	0.2020163885306726	0.05913128866255639	0.1554756609697221	0.1321002044609647	0.17088042653515925	0.137454983217248	0.1753075736446409	-0.193834857324364	0.07643000505875323	-0.01815138045909768	0.05913128866255639	0.6512276261825334	0.08950452287061303	0.2284941256213523	0.060051460395275265	0.17960516386069306	0.06520359422198728	-0.3325254093913447	0.09859833278954733	0.14286097162734665	0.1554756609697221	0.08950452287061303	0.6902860910886799	0.19446026584501896	0.1529757140045246	0.13027133136782196	0.15354587476393913	-0.12721024378233625	0.07885989312872838	0.1711022437565222	0.1321002044609647	0.2284941256213523	0.19446026584501896	0.7545731965679233	0.13767257358981502	0.02341743676267811	0.1412106230860758	0.054801195506108444	0.08404014591849199	0.16595549333588866	0.17088042653515925	0.060051460395275265	0.1529757140045246	0.13767257358981502	0.18583178447403298	0.14129305725445085	0.17833058865178505	-0.19073783638861075	0.0820061101025176	0.15694015630274488	0.137454983217248	0.17960516386069306	0.13027133136782196	0.02341743676267811	0.14129305725445085	0.25223934220189315	0.14544164977292828	-0.1392537860763139	0.049349479620423235	0.1702112475215284	0.1753075736446409	0.06520359422198728	0.15354587476393913	0.1412106230860758	0.17833058865178505	0.14544164977292828	0.19702964332624867	-0.18504534188845612	0.08737657449649631	-0.23300023776836487	-0.193834857324364	-0.3325254093913447	-0.12721024378233625	0.054801195506108444	-0.19073783638861075	-0.1392537860763139	-0.18504534188845612	1.0244113289908432	-0.29271506771876976	0.0762755807229205	0.07643000505875323	0.09859833278954733	0.07885989312872838	0.08404014591849199	0.0820061101025176	0.049349479620423235	0.08737657449649631	-0.29271506771876976	0.31554604826408417
0.1865689986862295	0.10209555249983934	0.0028127607694734286	0.0974578880329132	0.1347833952079248	0.12172015300322987	0.1174425998336424	0.12657220201376115	-0.10641069158421516	0.07984195636355679	0.10209555249983934	0.20641559185088781	0.030783114663813192	0.11872088419341091	0.09670306051066335	0.10524555043013907	0.09438113424658594	0.11167707893862547	-0.11004515878487306	0.05896717858503854	0.0028127607694734286	0.030783114663813192	0.4808728195093415	0.07753131051525736	0.23993634160699437	0.04432291845555825	0.11311058060500324	0.04860312361060638	-0.22928354872062476	0.05979539819103636	0.0974578880329132	0.11872088419341091	0.07753131051525736	0.9874187617795445	0.1937022240924146	0.10347331117441927	0.10078733466006895	0.09975978901060804	-0.03959289828045981	0.07281139549470231	0.1347833952079248	0.09670306051066335	0.23993634160699437	0.1937022240924146	0.5977923531737155	0.11840347694480878	0.06774766459451417	0.123151269398522	0.0623023846627507	0.0897006843506815	0.12172015300322987	0.10524555043013907	0.04432291845555825	0.10347331117441927	0.11840347694480878	0.13413818286414841	0.11473620684346392	0.13035302262386922	-0.08979887310607332	0.08283645731987382	0.1174425998336424	0.09438113424658594	0.11311058060500324	0.10078733466006895	0.06774766459451417	0.11473620684346392	0.17304947765601963	0.11984964786331498	-0.07043593838480197	0.07183275958607518	0.12657220201376115	0.11167707893862547	0.04860312361060638	0.09975978901060804	0.123151269398522	0.13035302262386922	0.11984964786331498	0.15908810539198737	-0.08435600532143292	0.08860270420075823	-0.10641069158421516	-0.11004515878487306	-0.22928354872062476	-0.03959289828045981	0.0623023846627507	-0.08979887310607332	-0.07043593838480197	-0.08435600532143292	0.6192335582154117	-0.13506248026167897	0.07984195636355679	0.05896717858503854	0.05979539819103636	0.07281139549470231	0.0897006843506815	0.08283645731987382	0.07183275958607518	0.08860270420075823	-0.13506248026167897	0.1954063616227153
0.09779939368572035	-0.04590235391375974	0.05116650435203733	0.05401660841546872	0.1505604491098481	0.06209635867338984	0.07765439727480176	0.07892225983275578	0.038671077700955105	0.07007685322309391	-0.04590235391375974	0.5276955171205548	-0.05101058570099056	0.05527309538785024	-6.304281265093808e-5	-0.05113849427951771	-0.03880477590830798	0.019501779476666682	-0.07282955754722098	-0.04519314670975826	0.05116650435203733	-0.05101058570099056	0.12750418779782496	0.05075466994612863	0.16278504836975857	0.05271604386461212	0.07195923585477945	0.06890697455892195	0.029160792076767732	0.062342993543268166	0.05401660841546872	0.05527309538785024	0.05075466994612863	0.6074182971575413	0.14906171782515523	0.05275449812929074	0.06344601128935959	0.04870912880759706	0.03511572320133299	0.058204248346646205	0.1505604491098481	-6.304281265093808e-5	0.16278504836975857	0.14906171782515523	0.47494366013275546	0.13608861530791863	0.11800846912270979	0.1578355873133743	0.1313891790602569	0.13335845549875797	0.06209635867338984	-0.05113849427951771	0.05271604386461212	0.05275449812929074	0.13608861530791863	0.09816119040718516	0.07444801188733038	0.07869921877093575	0.03816146489783952	0.06822076534232038	0.07765439727480176	-0.03880477590830798	0.07195923585477945	0.06344601128935959	0.11800846912270979	0.07444801188733038	0.1049459113282789	0.09263678648573617	0.05338468210824773	0.08022909337863565	0.07892225983275578	0.019501779476666682	0.06890697455892195	0.04870912880759706	0.1578355873133743	0.07869921877093575	0.09263678648573617	0.23159331555287593	0.055686912987309725	0.08601261207710334	0.038671077700955105	-0.07282955754722098	0.029160792076767732	0.03511572320133299	0.1313891790602569	0.03816146489783952	0.05338468210824773	0.055686912987309725	0.14349252092429415	0.045894032925618035	0.07007685322309391	-0.04519314670975826	0.062342993543268166	0.058204248346646205	0.13335845549875797	0.06822076534232038	0.08022909337863565	0.08601261207710334	0.045894032925618035	0.08943960218723278
0.14410710056720227	0.06558699363648593	0.08593018986342002	0.10931614625103621	0.13576917194782578	0.12130701613272915	0.12255997993265762	0.12966963509260987	-0.1342345963810468	0.12110792436926683	0.06558699363648593	0.34109063609511237	0.04238844400631935	0.10054826552976677	0.06290866428219646	0.06234212921786603	0.05971691344903365	0.0784800412674656	-0.1904026688580921	0.06073566098004088	0.08593018986342002	0.04238844400631935	0.289928980070813	0.08855235080367832	0.17962077802894796	0.08842349301018824	0.12321376180627835	0.09688955343986932	-0.2149374834283237	0.0938103578282028	0.10931614625103621	0.10054826552976677	0.08855235080367832	0.5531841494230805	0.148176524151084	0.10780572181403836	0.10883047526229937	0.10980983802164546	-0.10407137528330823	0.10726945109817729	0.13576917194782578	0.06290866428219646	0.17962077802894796	0.148176524151084	0.4572658063176273	0.12920067220012874	0.09178453561829869	0.13721486785498696	0.033876693703474334	0.12614728483096896	0.12130701613272915	0.06234212921786603	0.08842349301018824	0.10780572181403836	0.12920067220012874	0.1391517272665776	0.11858166746620522	0.12764108198836116	-0.13203998122466803	0.11877808196357907	0.12255997993265762	0.05971691344903365	0.12321376180627835	0.10883047526229937	0.09178453561829869	0.11858166746620522	0.1640826884904159	0.12709092139713993	-0.09341600621360713	0.11680741674087146	0.12966963509260987	0.0784800412674656	0.09688955343986932	0.10980983802164546	0.13721486785498696	0.12764108198836116	0.12709092139713993	0.17402864467590418	-0.12153322899847344	0.12729986662569698	-0.1342345963810468	-0.1904026688580921	-0.2149374834283237	-0.10407137528330823	0.033876693703474334	-0.13203998122466803	-0.09341600621360713	-0.12153322899847344	0.6399487870015257	-0.12965623311238764	0.12110792436926683	0.06073566098004088	0.0938103578282028	0.10726945109817729	0.12614728483096896	0.11877808196357907	0.11680741674087146	0.12729986662569698	-0.12965623311238764	0.13819806308472557
0.20579670842450462	0.113954939662259	-0.0013963064810472593	0.1204616694681464	0.12798076175649784	0.11588280925351144	0.11514032908792027	0.12515855291293604	-0.15388044572860587	0.09744253861793757	0.113954939662259	0.1744333123688645	0.02485524782311485	0.12474100807824126	0.12730624041492186	0.11799451220048297	0.07720966286887601	0.12729610185455567	-0.14256506294435659	0.0975299423574801	-0.0013963064810472593	0.02485524782311485	0.595887062448944	0.0386911535957241	0.04466073562649437	0.02344133925489482	0.2661892202818677	0.03492340594906966	-0.21242052633420228	0.03645679707530666	0.1204616694681464	0.12474100807824126	0.0386911535957241	0.24744229501890908	0.13620288614465864	0.1253543633500631	0.09215035450991295	0.13349971516824352	-0.12342474741027197	0.10661533128918169	0.12798076175649784	0.12730624041492186	0.04466073562649437	0.13620288614465864	0.22289175296867025	0.1306737623285155	0.06704045949379524	0.13913098994992878	-0.11026072099116996	0.11219191058059355	0.11588280925351144	0.11799451220048297	0.02344133925489482	0.1253543633500631	0.1306737623285155	0.1538331879859461	0.08536529348891352	0.12971906109344844	-0.14037712767768895	0.10144595310053268	0.11514032908792027	0.07720966286887601	0.2661892202818677	0.09215035450991295	0.06704045949379524	0.08536529348891352	0.26654068732429914	0.09069129006340489	-0.021959161199083574	0.06158014253685554	0.12515855291293604	0.12729610185455567	0.03492340594906966	0.13349971516824352	0.13913098994992878	0.12971906109344844	0.09069129006340489	0.14751182603704766	-0.12881902667654577	0.1105552338315871	-0.15388044572860587	-0.14256506294435659	-0.21242052633420228	-0.12342474741027197	-0.11026072099116996	-0.14037712767768895	-0.021959161199083574	-0.12881902667654577	0.6777371918790299	-0.16239010924153685	0.09744253861793757	0.0975299423574801	0.03645679707530666	0.10661533128918169	0.11219191058059355	0.10144595310053268	0.06158014253685554	0.1105552338315871	-0.16239010924153685	0.1781721039809005
0.13463643671137543	0.016463127755308032	0.08366913074004458	0.1064652906311648	0.11995320508949564	0.1005513456317686	0.12351236615933243	0.11953501484705376	-0.08393931973994144	0.11357024153480975	0.016463127755308032	0.4826795047077739	-0.0032090445385192113	0.046529028616920966	0.020596119827282194	0.0017009414979914789	0.005652808430247625	0.04182714131979242	-0.1866607401164633	0.015347513110477972	0.08366913074004458	-0.0032090445385192113	0.247516216971126	0.08440782581999051	0.0976958252215341	0.07243424470115721	0.1613181563788631	0.09316809221071173	-0.11485857300142191	0.08890555921064629	0.1064652906311648	0.046529028616920966	0.08440782581999051	0.3023134780521146	0.11538482653022442	0.0957586266743902	0.11350246391564839	0.11062586611422097	-0.07511057118494324	0.10772814428362656	0.11995320508949564	0.020596119827282194	0.0976958252215341	0.11538482653022442	0.1853874468379143	0.10878804785647313	0.1044666866256002	0.1268887161233804	-0.06041477894435389	0.12050757477111639	0.1005513456317686	0.0017009414979914789	0.07243424470115721	0.0957586266743902	0.10878804785647313	0.15128779179201646	0.11165282937281891	0.1085865489549691	-0.09643136874859459	0.1021983671850932	0.12351236615933243	0.005652808430247625	0.1613181563788631	0.11350246391564839	0.1044666866256002	0.11165282937281891	0.2160602929509336	0.12595742181491754	0.01942893327344032	0.11453258052240958	0.11953501484705376	0.04182714131979242	0.09316809221071173	0.11062586611422097	0.1268887161233804	0.1085865489549691	0.12595742181491754	0.18259712923349547	-0.07231412121395304	0.12099365243667706	-0.08393931973994144	-0.1866607401164633	-0.11485857300142191	-0.07511057118494324	-0.06041477894435389	-0.09643136874859459	0.01942893327344032	-0.07231412121395304	0.5084555801489965	-0.07937338196244358	0.11357024153480975	0.015347513110477972	0.08890555921064629	0.10772814428362656	0.12050757477111639	0.1021983671850932	0.11453258052240958	0.12099365243667706	-0.07937338196244358	0.12559019796164433
0.8396437237276442	0.24923897936031947	-0.20099798295982174	0.2607161131520017	0.2564387307017627	0.17400258813033037	0.37047046114094007	0.24380685608749297	-0.3059926873697453	-0.11624360952184637	0.24923897936031947	0.5314905148082758	-0.10963648989621404	0.37280967559461653	0.3471357138438965	0.2955807813785187	0.07599964548506218	0.4059883803180713	-0.21672897618527842	-0.0761837107085119	-0.20099798295982174	-0.10963648989621404	1.2781391581174384	-0.09021275706787353	-0.09708265537541609	-0.16728952361439073	0.4744303368026603	0.08951262156472663	-0.28575472474349434	0.25345871946764736	0.2607161131520017	0.37280967559461653	-0.09021275706787353	0.3936794832132192	0.3681000424898954	0.3127797215283249	0.0836419812944827	0.346810105098031	-0.19917637763635582	-0.035304180458016234	0.2564387307017627	0.3471357138438965	-0.09708265537541609	0.3681000424898954	0.8554730135860352	0.3035310494938763	-0.11394360489449909	0.35660513949461253	-0.09584107675126895	0.047643679294742156	0.17400258813033037	0.2955807813785187	-0.16728952361439073	0.3127797215283249	0.3035310494938763	0.569654872997883	0.0669072218841731	0.3109129098966022	-0.28703017223927013	-0.10704560437609621	0.37047046114094007	0.07599964548506218	0.4744303368026603	0.0836419812944827	-0.11394360489449909	0.0669072218841731	0.6513145793328377	0.2299163668040839	0.03238117075228966	-0.1514181191002454	0.24380685608749297	0.4059883803180713	0.08951262156472663	0.346810105098031	0.35660513949461253	0.3109129098966022	0.2299163668040839	1.1246795432953047	-0.1078971084030056	0.20865128467365607	-0.3059926873697453	-0.21672897618527842	-0.28575472474349434	-0.19917637763635582	-0.09584107675126895	-0.28703017223927013	0.03238117075228966	-0.1078971084030056	1.5704106566661094	-0.6195598166806968	-0.11624360952184637	-0.0761837107085119	0.25345871946764736	-0.035304180458016234	0.047643679294742156	-0.10704560437609621	-0.1514181191002454	0.20865128467365607	-0.6195598166806968	0.9822306421588449
0.3676228963397262	0.19559761476383938	-0.07122834024763006	0.19742123152160634	0.20309119385995544	0.19207367749859347	0.1748276620281077	0.2021329518260477	-0.20509938017333185	0.00878847479044636	0.19559761476383938	0.23909428711103445	-0.011587779336433752	0.22117853096872123	0.21495814737236227	0.21624431871510627	0.1111544026880486	0.2269170761404129	-0.16557941556842432	0.02598372910814743	-0.07122834024763006	-0.011587779336433752	0.877146585743037	-0.007365778434627235	0.016908677415664937	-0.015655417196669276	0.346493627560003	0.002553206124400055	-0.2851887884549387	0.07617698381362997	0.19742123152160634	0.22117853096872123	-0.007365778434627235	0.23465980200702768	0.21808437335726732	0.21824499754151722	0.11436688413515358	0.22772342900243867	-0.16099180244188985	0.031444592590529466	0.20309119385995544	0.21495814737236227	0.016908677415664937	0.21808437335726732	0.5602218546061022	0.2134470857848985	0.002148879031461366	0.22437869535452873	-0.0809590112784454	0.061561137782041996	0.19207367749859347	0.21624431871510627	-0.015655417196669276	0.21824499754151722	0.2134470857848985	0.23793618565511748	0.11188677433490869	0.22344872634409577	-0.16922466043601064	0.0255251697016989	0.1748276620281077	0.1111544026880486	0.346493627560003	0.11436688413515358	0.002148879031461366	0.11188677433490869	0.395455377654044	0.1275983102379578	-0.015160894692721819	-0.05381627496394285	0.2021329518260477	0.2269170761404129	0.002553206124400055	0.22772342900243867	0.22437869535452873	0.22344872634409577	0.1275983102379578	0.3039343905962261	-0.15141061894144242	0.04836122651165572	-0.20509938017333185	-0.16557941556842432	-0.2851887884549387	-0.16099180244188985	-0.0809590112784454	-0.16922466043601064	-0.015160894692721819	-0.15141061894144242	1.0460606695902186	-0.38827198187541917	0.00878847479044636	0.02598372910814743	0.07617698381362997	0.031444592590529466	0.061561137782041996	0.0255251697016989	-0.05381627496394285	0.04836122651165572	-0.38827198187541917	0.49545430849734257
0.38648109408016174	0.15715866536311804	-0.10544339018717198	0.1609375860939419	0.17325437391153015	0.1520688410741955	0.1901779442336536	0.16838280679004244	-0.1110512807282597	-0.040544026461380195	0.15715866536311804	0.2270095334256527	-0.04093292698584591	0.19755822524585545	0.1997228503781889	0.18937687302605954	0.09209775990407928	0.2072073204512072	-0.06721803517719163	-0.015095129588144999	-0.10544339018717198	-0.04093292698584591	0.9019191230719508	-0.03464592164700709	-0.022172800117919802	-0.04557101014266166	0.3671278602721311	-0.014891522810344523	-0.20044907369146653	0.053063003609725864	0.1609375860939419	0.19755822524585545	-0.03464592164700709	0.20942171498977313	0.20475253310427904	0.19350202126169463	0.09722108891363042	0.20853044626157985	-0.061418838209690955	-0.005713746744391077	0.17325437391153015	0.1997228503781889	-0.022172800117919802	0.20475253310427904	0.5060275021036008	0.19735650015996103	-0.005154561619952149	0.2140654050995431	-0.01504156981214912	0.02964219197967574	0.1520688410741955	0.18937687302605954	-0.04557101014266166	0.19350202126169463	0.19735650015996103	0.2215136506635348	0.09413909527747283	0.20149886804170272	-0.07159666092352435	-0.01475801862198383	0.1901779442336536	0.09209775990407928	0.3671278602721311	0.09722108891363042	-0.005154561619952149	0.09413909527747283	0.42676358290865507	0.12089016805180393	0.029855862131038795	-0.07718222462290728	0.16838280679004244	0.2072073204512072	-0.014891522810344523	0.20853044626157985	0.2140654050995431	0.20149886804170272	0.12089016805180393	0.33554542945192	-0.046935083520908444	0.02384756022208442	-0.1110512807282597	-0.06721803517719163	-0.20044907369146653	-0.061418838209690955	-0.01504156981214912	-0.07159666092352435	0.029855862131038795	-0.046935083520908444	0.7569387297884643	-0.2928476280732098	-0.040544026461380195	-0.015095129588144999	0.053063003609725864	-0.005713746744391077	0.02964219197967574	-0.01475801862198383	-0.07718222462290728	0.02384756022208442	-0.2928476280732098	0.48793312964912217
