0.270862213428378	0.17634116988633347	0.032470515777600885	0.17278325502313435	0.1761282793184439	0.17191454868219114	0.16929149062456575	0.18098466806878602	-0.20348423703803475	0.04127687382715644	0.17634116988633347	0.19350231779062027	0.08030756633805085	0.18096897832574232	0.14652233780774998	0.1802688645334709	0.16070989097027838	0.18945700840333593	-0.1711159740036812	0.042356856235229896	0.032470515777600885	0.08030756633805085	0.531918224528793	0.08525948619158719	0.23368291873257457	0.07360461864862698	0.1621885459814638	0.08505949942297433	-0.31219665409938346	0.10201486384967254	0.17278325502313435	0.18096897832574232	0.08525948619158719	0.2866272080002012	0.15987182535761954	0.1769944053970634	0.15857971482608693	0.18407856807882114	-0.1576410462126627	0.04511689324817881	0.1761282793184439	0.14652233780774998	0.23368291873257457	0.15987182535761954	0.7776380766504745	0.1467299533368882	0.03618769672439984	0.1562965100413919	0.09131542967711342	0.056121141775831836	0.17191454868219114	0.1802688645334709	0.07360461864862698	0.1769944053970634	0.1467299533368882	0.20051782839610588	0.15798114312607742	0.18550441300430018	-0.17706976111070905	0.039615294031012396	0.16929149062456575	0.16070989097027838	0.1621885459814638	0.15857971482608693	0.03618769672439984	0.15798114312607742	0.2583933616139827	0.16729996031662736	-0.12192633935633629	0.011898218801393846	0.18098466806878602	0.18945700840333593	0.08505949942297433	0.18407856807882114	0.1562965100413919	0.18550441300430018	0.16729996031662736	0.2345722426907477	-0.16356306483968602	0.054259274647672176	-0.20348423703803475	-0.1711159740036812	-0.31219665409938346	-0.1576410462126627	0.09131542967711342	-0.17706976111070905	-0.12192633935633629	-0.16356306483968602	1.0148928668803017	-0.3270812678986396	0.04127687382715644	0.042356856235229896	0.10201486384967254	0.04511689324817881	0.056121141775831836	0.039615294031012396	0.011898218801393846	0.054259274647672176	-0.3270812678986396	0.4093169995784342
0.12542724481803164	0.0937635269765302	0.013497795065855933	0.09576178681281104	0.12045686821615058	0.0967462388946203	0.09911994003578409	0.10342942882516769	-0.028211758795632612	0.04441206998453128	0.0937635269765302	0.12769723048697793	0.02693333427667933	0.0969999952289044	0.10791452732127908	0.0941857826707115	0.09363191055231879	0.10152820655797054	-0.0266609576138102	0.03916872491013243	0.013497795065855933	0.02693333427667933	0.30920950150253806	0.03911391652743987	0.1753496969853153	0.026964368191306418	0.07533290776099004	0.033840531694074985	-0.13554523611818414	0.032178610903875485	0.09576178681281104	0.0969999952289044	0.03911391652743987	0.3934508896543093	0.1334459436957204	0.09684335417979306	0.09800923815185923	0.09989728980382646	-0.01196461147930539	0.048224566491333255	0.12045686821615058	0.10791452732127908	0.1753496969853153	0.1334459436957204	0.4512342281001186	0.11357657716601226	0.08485916479074482	0.12039097424267438	0.06369538380984686	0.06654196983175775	0.0967462388946203	0.0941857826707115	0.026964368191306418	0.09684335417979306	0.11357657716601226	0.11090176767255253	0.09732471715927958	0.10414445494541717	-0.02395185396691848	0.04408691302180661	0.09911994003578409	0.09363191055231879	0.07533290776099004	0.09800923815185923	0.08485916479074482	0.09732471715927958	0.14147996609493443	0.10416255877260439	-0.008814445190824555	0.04165658273126956	0.10342942882516769	0.10152820655797054	0.033840531694074985	0.09989728980382646	0.12039097424267438	0.10414445494541717	0.10416255877260439	0.1394201952543576	-0.016450721243656898	0.05234999001329524	-0.028211758795632612	-0.0266609576138102	-0.13554523611818414	-0.01196461147930539	0.06369538380984686	-0.02395185396691848	-0.008814445190824555	-0.016450721243656898	0.3663994838761916	-0.07845681590416907	0.04441206998453128	0.03916872491013243	0.032178610903875485	0.048224566491333255	0.06654196983175775	0.04408691302180661	0.04165658273126956	0.05234999001329524	-0.07845681590416907	0.19294759952371263
0.17323302865329177	0.08873367025556135	0.11179758792245215	0.12294893919178801	0.14625078310296832	0.1519651684875787	0.14704901973745685	0.16164131519700736	-0.2036405614665826	0.1424860461328467	0.08873367025556135	0.3938393708286058	0.06540921011750861	0.13457616845460207	0.0698093195103765	0.08718381690723445	0.07918558116189799	0.11251711820019711	-0.26388096076248657	0.07382811335098441	0.11179758792245215	0.06540921011750861	0.3554542224453704	0.10650120574233894	0.20192055908033393	0.11763837049423309	0.14857736114325526	0.12409832050445072	-0.3201046430463551	0.1194908446603564	0.12294893919178801	0.13457616845460207	0.10650120574233894	0.7506359835853904	0.16268792028242252	0.12299963950795262	0.12027435925737426	0.1163522042031593	-0.15074027256378983	0.11435114156421561	0.14625078310296832	0.0698093195103765	0.20192055908033393	0.16268792028242252	0.46979530407303327	0.14045640735898987	0.10406590772784201	0.15307831629484847	0.010278709122829957	0.1302584312698163	0.1519651684875787	0.08718381690723445	0.11763837049423309	0.12299963950795262	0.14045640735898987	0.16205031948736592	0.14450739294280732	0.161221115804873	-0.1967875033990743	0.14151153613545905	0.14704901973745685	0.07918558116189799	0.14857736114325526	0.12027435925737426	0.10406590772784201	0.14450739294280732	0.183595827707784	0.15564898488556694	-0.15509771552318705	0.1334851082018066	0.16164131519700736	0.11251711820019711	0.12409832050445072	0.1163522042031593	0.15307831629484847	0.161221115804873	0.15564898488556694	0.24618363950343325	-0.1869506481808856	0.15224393207313217	-0.2036405614665826	-0.26388096076248657	-0.3201046430463551	-0.15074027256378983	0.010278709122829957	-0.1967875033990743	-0.15509771552318705	-0.1869506481808856	0.8693337447413402	-0.2046530802938299	0.1424860461328467	0.07382811335098441	0.1194908446603564	0.11435114156421561	0.1302584312698163	0.14151153613545905	0.1334851082018066	0.15224393207313217	-0.2046530802938299	0.17916446898144173
0.11414181569617421	0.042308050713451714	0.05488970665859613	0.08301945993227602	0.11715467096537827	0.09291034803524145	0.09951631409888485	0.10320428187415041	-0.06065933550324135	0.09184572211385553	0.042308050713451714	0.2961230146116747	0.016501169333102625	0.08002459294063856	0.055287849468209395	0.04081136183339372	0.043065251127095784	0.0629218790322943	-0.10902896282218534	0.03818061091438293	0.05488970665859613	0.016501169333102625	0.21938591513306616	0.05908789426376558	0.13218993886468364	0.05933127384196207	0.09573626925962342	0.06809481298775025	-0.12426163997213767	0.0632493764631341	0.08301945993227602	0.08002459294063856	0.05908789426376558	0.5684966456045344	0.12448025346150209	0.08313763868284514	0.08952970850963354	0.08210521567183511	-0.04472059598151011	0.08184760791207005	0.11715467096537827	0.055287849468209395	0.13218993886468364	0.12448025346150209	0.34506333580422716	0.11263222598123472	0.08967090695966971	0.12438660047381903	0.02896861318148162	0.10945890045673742	0.09291034803524145	0.04081136183339372	0.05933127384196207	0.08313763868284514	0.11263222598123472	0.10865823426886544	0.09671908727225766	0.10296608586360291	-0.057649090163476746	0.09109624444335382	0.09951631409888485	0.043065251127095784	0.09573626925962342	0.08952970850963354	0.08967090695966971	0.09671908727225766	0.14220191389157735	0.10817919029735482	-0.027734717226674917	0.09397620585461881	0.10320428187415041	0.0629218790322943	0.06809481298775025	0.08210521567183511	0.12438660047381903	0.10296608586360291	0.10817919029735482	0.17808708825895775	-0.0467409663542156	0.10190830150027347	-0.06065933550324135	-0.10902896282218534	-0.12426163997213767	-0.04472059598151011	0.02896861318148162	-0.057649090163476746	-0.027734717226674917	-0.0467409663542156	0.38740754042994213	-0.05725650489169765	0.09184572211385553	0.03818061091438293	0.0632493764631341	0.08184760791207005	0.10945890045673742	0.09109624444335382	0.09397620585461881	0.10190830150027347	-0.05725650489169765	0.11150698880728643
0.16845620673318315	0.11206241357929386	0.1050606190095702	0.11990841932316768	0.13797062000628613	0.14873191390948667	0.1423594010837666	0.15618372583673504	-0.21161104055810517	0.1408010267723846	0.11206241357929386	0.29124084734127653	0.08146584332368757	0.13846685149498902	0.0912664557043271	0.1096966200136354	0.10106174596633494	0.1216390989314465	-0.24499805676842545	0.09974970972343891	0.1050606190095702	0.08146584332368757	0.38927053207930973	0.10538629669289017	0.21115092721678047	0.10885574344715512	0.14778984294784872	0.11553633774166294	-0.34272214974805554	0.11332523911549658	0.11990841932316768	0.13846685149498902	0.10538629669289017	0.8980799624859809	0.17455781299108925	0.11919969890869973	0.11716592484434649	0.11532120074827573	-0.1390726095797506	0.1126518051533616	0.13797062000628613	0.0912664557043271	0.21115092721678047	0.17455781299108925	0.4915475487090732	0.13244086942965336	0.09241796452244416	0.13995468889150378	0.010459180038061157	0.12391393012765137	0.14873191390948667	0.1096966200136354	0.10885574344715512	0.11919969890869973	0.13244086942965336	0.1612643789862399	0.13910643777058618	0.15441842472905787	-0.20826712456635466	0.13876023051243067	0.1423594010837666	0.10106174596633494	0.14778984294784872	0.11716592484434649	0.09241796452244416	0.13910643777058618	0.1816293120170307	0.14690476691829865	-0.16571331979627021	0.12983230067909535	0.15618372583673504	0.1216390989314465	0.11553633774166294	0.11532120074827573	0.13995468889150378	0.15441842472905787	0.14690476691829865	0.1989062123936436	-0.19925856405644146	0.14660764838028384	-0.21161104055810517	-0.24499805676842545	-0.34272214974805554	-0.1390726095797506	0.010459180038061157	-0.20826712456635466	-0.16571331979627021	-0.19925856405644146	0.8986488447833159	-0.2144214018120204	0.1408010267723846	0.09974970972343891	0.11332523911549658	0.1126518051533616	0.12391393012765137	0.13876023051243067	0.12983230067909535	0.14660764838028384	-0.2144214018120204	0.172773720386804
0.12122773435873607	0.0707181407513887	-0.05214112168721423	0.0762098334680198	0.10386301541770043	0.07535863760177491	0.08247912250496243	0.0817183526821334	0.06137466328659733	0.004824626521406496	0.0707181407513887	0.11409862808864038	-0.024326965130511292	0.07893602006388636	0.09363726586395289	0.07545753084360737	0.07288923085364013	0.0827489665732313	0.062108241025629334	0.0015778564468343823	-0.05214112168721423	-0.024326965130511292	0.35973127686372103	-0.010635386775891	0.09550904369185202	-0.022154727689650225	0.09727420041439809	-0.015740510520687034	-0.03851861802810217	-0.011829235162737315	0.0762098334680198	0.07893602006388636	-0.010635386775891	0.2543257855450605	0.10941507562131576	0.08150158337217409	0.08165035422493643	0.08562607667799074	0.06892885598257958	0.01364276558920287	0.10386301541770043	0.09363726586395289	0.09550904369185202	0.10941507562131576	0.3818534420507118	0.10010267719005278	0.05686048214654988	0.10694035078013382	0.09195827149982913	0.039772390919892715	0.07535863760177491	0.07545753084360737	-0.022154727689650225	0.08150158337217409	0.10010267719005278	0.09117781395023758	0.07864424749793249	0.08687529253428647	0.06702456949992289	0.008929418500143123	0.08247912250496243	0.07288923085364013	0.09727420041439809	0.08165035422493643	0.05686048214654988	0.07864424749793249	0.17069655584925256	0.08565853859760639	0.06862077194858902	0.0059012874339921355	0.0817183526821334	0.0827489665732313	-0.015740510520687034	0.08562607667799074	0.10694035078013382	0.08687529253428647	0.08565853859760639	0.12525498404389251	0.07354531107370342	0.017564143973945456	0.06137466328659733	0.062108241025629334	-0.03851861802810217	0.06892885598257958	0.09195827149982913	0.06702456949992289	0.06862077194858902	0.07354531107370342	0.12009434754357778	-0.004996083537159392	0.004824626521406496	0.0015778564468343823	-0.011829235162737315	0.01364276558920287	0.039772390919892715	0.008929418500143123	0.0059012874339921355	0.017564143973945456	-0.004996083537159392	0.19159702536316564
0.19838662707226554	0.11213969414587625	0.10217219001195826	0.15790435267770658	0.16988884604416546	0.17932262048297615	0.14450466927495065	0.18542762867780282	-0.2649937126885866	0.17272051333793118	0.11213969414587625	0.43401224913994985	0.05683972399061836	0.14059346082307955	0.09412547700055103	0.1097330134591763	0.06879568966579283	0.12468879764892904	-0.3416783333401657	0.10044068158274133	0.10217219001195826	0.05683972399061836	0.5662377727086888	0.10711890538323349	0.1672741588308518	0.10640231582318958	0.23460702165861677	0.11216452743948596	-0.4229401013547941	0.11333255447967686	0.15790435267770658	0.14059346082307955	0.10711890538323349	0.5420612972041112	0.16792799091306038	0.15681256210234495	0.1310522356461382	0.15778753800793444	-0.2265171133720554	0.15067656691039089	0.16988884604416546	0.09412547700055103	0.1672741588308518	0.16792799091306038	0.41968567706979726	0.1669018864408267	0.08832998875625228	0.17323365370220062	-0.12790375081751598	0.16100810829388634	0.17932262048297615	0.1097330134591763	0.10640231582318958	0.15681256210234495	0.1669018864408267	0.19089879069176596	0.1400605294385472	0.18388805959105115	-0.26234749790629247	0.17103092489840876	0.14450466927495065	0.06879568966579283	0.23460702165861677	0.1310522356461382	0.08832998875625228	0.1400605294385472	0.23945398312236205	0.14718977629153523	-0.15040784575450947	0.1323208792705037	0.18542762867780282	0.12468879764892904	0.11216452743948596	0.15778753800793444	0.17323365370220062	0.18388805959105115	0.14718977629153523	0.22742398698553037	-0.2533252261070584	0.17743955562627545	-0.2649937126885866	-0.3416783333401657	-0.4229401013547941	-0.2265171133720554	-0.12790375081751598	-0.26234749790629247	-0.15040784575450947	-0.2533252261070584	1.106794459765669	-0.26921370571559655	0.17272051333793118	0.10044068158274133	0.11333255447967686	0.15067656691039089	0.16100810829388634	0.17103092489840876	0.1323208792705037	0.17743955562627545	-0.26921370571559655	0.1999996932218454
0.1299717131975731	0.0398091470255692	-0.06388299431013683	0.08257398059480925	0.10552136808645247	0.08663408646183067	0.08910212853287762	0.09275210648270776	0.07762796455706777	0.01297482999281417	0.0398091470255692	0.2823347376181472	-0.07324997573487245	0.060690757097064986	0.054083427936217204	0.04359916773887964	0.03465844648625363	0.05757684483694256	0.03487511204559501	-0.04603216223847858	-0.06388299431013683	-0.07324997573487245	0.43822178181359395	-0.022460786471781843	0.054696884985527786	-0.03391783394669274	0.13905667782470918	-0.028497000447792218	-0.04417293335463269	-0.0133441707072062	0.08257398059480925	0.060690757097064986	-0.022460786471781843	0.30526519086390913	0.1093629358386361	0.08768146559894882	0.08491664700966749	0.09039754860570066	0.07963894250420932	0.017750111422014388	0.10552136808645247	0.054083427936217204	0.054696884985527786	0.1093629358386361	0.31939600427489573	0.10507108288081887	0.06237612081685928	0.1119110658487579	0.09876423116606309	0.04184422867287515	0.08663408646183067	0.04359916773887964	-0.03391783394669274	0.08768146559894882	0.10507108288081887	0.10005969365374934	0.08409339360954232	0.09765563191791084	0.08268988892966195	0.017557340453369406	0.08910212853287762	0.03465844648625363	0.13905667782470918	0.08491664700966749	0.06237612081685928	0.08409339360954232	0.1992872888760178	0.09179852510012021	0.078206309929926	0.013521013964935272	0.09275210648270776	0.05757684483694256	-0.028497000447792218	0.09039754860570066	0.1119110658487579	0.09765563191791084	0.09179852510012021	0.14858357257833124	0.08899870016245455	0.02648916220979835	0.07762796455706777	0.03487511204559501	-0.04417293335463269	0.07963894250420932	0.09876423116606309	0.08268988892966195	0.078206309929926	0.08899870016245455	0.11878939870885682	0.008438060204577992	0.01297482999281417	-0.04603216223847858	-0.0133441707072062	0.017750111422014388	0.04184422867287515	0.017557340453369406	0.013521013964935272	0.02648916220979835	0.008438060204577992	0.20490085129151697
0.2965820441453885	0.21903215975167892	0.010439028415138794	0.2051911838550979	0.19058309463878279	0.22065896724020523	0.1692114086505205	0.2245926201469108	-0.2835811803859234	0.0721932902411641	0.21903215975167892	0.25103785849070676	0.043186925510517865	0.20992221611590528	0.1751174960562826	0.222490175567937	0.15062865553178234	0.22664599595211693	-0.2656482072546438	0.06935132830528463	0.010439028415138794	0.043186925510517865	0.7787044561942424	0.06327786787722825	0.1682014863928866	0.04361887469314326	0.2644057530453825	0.04931360739008317	-0.41796211284888896	0.12062242186240575	0.2051911838550979	0.20992221611590528	0.06327786787722825	0.4698734845567848	0.20207697613004094	0.20935854802203746	0.14919268362606622	0.21144949848074326	-0.22182222110321062	0.0743861729533285	0.19058309463878279	0.1751174960562826	0.1682014863928866	0.20207697613004094	0.8028943043706709	0.1794883742521611	-0.01725595026666238	0.1831611084031915	0.00048720604207876106	0.09013557855732	0.22065896724020523	0.222490175567937	0.04361887469314326	0.20935854802203746	0.1794883742521611	0.2367851603579711	0.15362562291655346	0.22827688263296791	-0.26358610367974783	0.0745318117272241	0.1692114086505205	0.15062865553178234	0.2644057530453825	0.14919268362606622	-0.01725595026666238	0.15362562291655346	0.332347891060773	0.15765701236911364	-0.14494746789662324	0.010483713040424072	0.2245926201469108	0.22664599595211693	0.04931360739008317	0.21144949848074326	0.1831611084031915	0.22827688263296791	0.15765701236911364	0.24721973863593572	-0.2571973915727806	0.08058442517247179	-0.2835811803859234	-0.2656482072546438	-0.41796211284888896	-0.22182222110321062	0.00048720604207876106	-0.26358610367974783	-0.14494746789662324	-0.2571973915727806	1.3230394469060585	-0.4370974100972364	0.0721932902411641	0.06935132830528463	0.12062242186240575	0.0743861729533285	0.09013557855732	0.0745318117272241	0.010483713040424072	0.08058442517247179	-0.4370974100972364	0.446589063072397
0.26792789727455657	0.22098506894906764	0.01081854014854132	0.21407184687995998	0.1849552509046748	0.2148729842201118	0.18147480280217756	0.2239463507861152	-0.17679417668279698	-0.005023949096711906	0.22098506894906764	0.2337087423586584	0.03414073161515477	0.2174640443372646	0.17482908858268806	0.2180331884136114	0.173503619434652	0.22711121394347777	-0.1640246860431072	-0.0053041166377028395	0.01081854014854132	0.03414073161515477	0.6953474204467559	0.04340587885944775	0.19446029342268784	0.023935363965924994	0.21216259951068686	0.0385112461334874	-0.37003562780239513	0.12927189594140234	0.21407184687995998	0.2174640443372646	0.04340587885944775	0.3418113424555336	0.1882364337487271	0.21155019058585475	0.17063340028321305	0.21881089286632655	-0.14904096609892317	0.00034920197824792884	0.1849552509046748	0.17482908858268806	0.19446029342268784	0.1882364337487271	0.8095341759568875	0.1734226700680679	0.008082751229649701	0.1810720707993406	0.06506212947039211	0.04257880831529411	0.2148729842201118	0.2180331884136114	0.023935363965924994	0.21155019058585475	0.1734226700680679	0.24551933199607798	0.16987314489329686	0.22125379166227407	-0.17276032369409575	-0.009901514292508073	0.18147480280217756	0.173503619434652	0.21216259951068686	0.17063340028321305	0.008082751229649701	0.16987314489329686	0.3240594508494465	0.17828324835324538	-0.08850317731342017	-0.050187140193480556	0.2239463507861152	0.22711121394347777	0.0385112461334874	0.21881089286632655	0.1810720707993406	0.22125379166227407	0.17828324835324538	0.25751152622026974	-0.15884480376183668	0.005333558117723199	-0.17679417668279698	-0.1640246860431072	-0.37003562780239513	-0.14904096609892317	0.06506212947039211	-0.17276032369409575	-0.08850317731342017	-0.15884480376183668	1.1244276211108448	-0.422996077444328	-0.005023949096711906	-0.0053041166377028395	0.12927189594140234	0.00034920197824792884	0.04257880831529411	-0.009901514292508073	-0.050187140193480556	0.005333558117723199	-0.422996077444328	0.5557630020751075
0.15866142451318382	0.09224580310887684	0.01376950261793626	0.09516560237032193	0.1047929401545164	0.0633650139013522	0.1087883859446021	0.10125630486636811	-0.05324051246442251	0.06790945942129908	0.09224580310887684	0.11851808645889012	0.03578586965252175	0.10322871049834681	0.10935058793713048	0.07290143555631377	0.08437085951675122	0.11009838518299028	-0.040394181236523205	0.07484214882649588	0.01376950261793626	0.03578586965252175	0.4234881450494074	0.03904597197264792	0.056251215963990464	0.0007134275456506245	0.2053347984700955	0.04438866710444005	-0.09988216635265142	0.03276241201732039	0.09516560237032193	0.10322871049834681	0.03904597197264792	0.11784428556023682	0.11274057546837327	0.07618184183488219	0.08815744902677844	0.11225930271271971	-0.03652509233298492	0.07834201987453389	0.1047929401545164	0.10935058793713048	0.056251215963990464	0.11274057546837327	0.2527121181391035	0.08516814372660597	0.05375788011584483	0.11940747708347893	-0.014114564007721559	0.08659874230945878	0.0633650139013522	0.07290143555631377	0.0007134275456506245	0.07618184183488219	0.08516814372660597	0.16827939852169438	0.07500550438470267	0.08326019969852978	-0.07204060304741908	0.04806398436551701	0.1087883859446021	0.08437085951675122	0.2053347984700955	0.08815744902677844	0.05375788011584483	0.07500550438470267	0.24534582981616712	0.09901088417263423	0.02324198906227421	0.05586976060803143	0.10125630486636811	0.11009838518299028	0.04438866710444005	0.11225930271271971	0.11940747708347893	0.08326019969852978	0.09901088417263423	0.17043456248589736	-0.029405906366283985	0.08605327267125226	-0.05324051246442251	-0.040394181236523205	-0.09988216635265142	-0.03652509233298492	-0.014114564007721559	-0.07204060304741908	0.02324198906227421	-0.029405906366283985	0.40464138016293383	-0.06789866956192507	0.06790945942129908	0.07484214882649588	0.03276241201732039	0.07834201987453389	0.08659874230945878	0.04806398436551701	0.05586976060803143	0.08605327267125226	-0.06789866956192507	0.15261334710121002
0.6637934854729362	0.16506940706846512	-0.13351633605724098	0.1666243167500801	0.18684278489146008	-0.10864160598168315	0.338903801708875	0.16589594195645224	0.14338530379808387	-0.18570967855058887	0.16506940706846512	0.27909449694510163	-0.010830596834497282	0.25360722335217223	0.2492042450143871	0.021033039299271892	0.1257439568095849	0.25608885321673935	0.23128749063501647	-0.13580199457088113	-0.13351633605724098	-0.010830596834497282	0.943401956127215	-0.006287079860861071	0.0056002179433228445	-0.2712355389495369	0.3383902468074464	0.04124449210852026	-0.02065167382730505	0.13727103884864683	0.1666243167500801	0.25360722335217223	-0.006287079860861071	0.2623744077549374	0.2524175195438269	0.025153586155147387	0.12818686344581018	0.25278319173644015	0.23333226137068927	-0.12683637251279908	0.18684278489146008	0.2492042450143871	0.0056002179433228445	0.2524175195438269	0.6552022669864835	0.05570086704834376	-0.01819485505043599	0.26103003443763295	0.23474192921542628	-0.04589857847505638	-0.10864160598168315	0.021033039299271892	-0.2712355389495369	0.025153586155147387	0.05570086704834376	0.77580438525874	0.048731385313021285	0.06668922017668785	-0.0002565635416322404	-0.37574238603347626	0.338903801708875	0.1257439568095849	0.3383902468074464	0.12818686344581018	-0.01819485505043599	0.048731385313021285	0.5333867588781805	0.17470042100499697	0.12270037475710574	-0.19251575479790542	0.16589594195645224	0.25608885321673935	0.04124449210852026	0.25278319173644015	0.26103003443763295	0.06668922017668785	0.17470042100499697	0.5582605015088283	0.23291717768408918	-0.02327238611587007	0.14338530379808387	0.23128749063501647	-0.02065167382730505	0.23333226137068927	0.23474192921542628	-0.0002565635416322404	0.12270037475710574	0.23291717768408918	0.3095161788537566	-0.15305554636432794	-0.18570967855058887	-0.13580199457088113	0.13727103884864683	-0.12683637251279908	-0.04589857847505638	-0.37574238603347626	-0.19251575479790542	-0.02327238611587007	-0.15305554636432794	0.8005256426325364
0.17861174781332997	0.07370159780685147	-0.026252353443572858	0.07439967867100232	0.09374683025522772	0.028189845894159387	0.11873077516837632	0.07906415851617687	0.049176731358294104	0.000363808866900739	0.07370159780685147	0.10076236151440879	0.01788315314671996	0.0935518166683344	0.10429018358608269	0.051371242274555466	0.08631708194677915	0.09860380209777228	0.06976593612391804	0.01596112572737856	-0.026252353443572858	0.01788315314671996	0.40830629404461666	0.021296778509781938	0.04785916203324904	-0.03475854333690549	0.18555477634165307	0.023461444741868114	-0.0046939820082572215	0.0029066975975177763	0.07439967867100232	0.0935518166683344	0.021296778509781938	0.14968076513319914	0.10675613182118113	0.05292035745820411	0.08892099011173667	0.09829352675728942	0.0709951037219767	0.018359943565187872	0.09374683025522772	0.10429018358608269	0.04785916203324904	0.10675613182118113	0.2952988372176584	0.06871144208093631	0.045394021745540976	0.11077467829082976	0.08547237886911828	0.0356900090879915	0.028189845894159387	0.051371242274555466	-0.03475854333690549	0.05292035745820411	0.06871144208093631	0.17833480532919208	0.06768762667498048	0.0581069823829264	0.027446119537633974	-0.025216487468932722	0.11873077516837632	0.08631708194677915	0.18555477634165307	0.08892099011173667	0.045394021745540976	0.06768762667498048	0.256176921799314	0.09556114488859548	0.07600721937371284	0.0012463501509005859	0.07906415851617687	0.09860380209777228	0.023461444741868114	0.09829352675728942	0.11077467829082976	0.0581069823829264	0.09556114488859548	0.14363097296304014	0.07569816627018042	0.025220133629612784	0.049176731358294104	0.06976593612391804	-0.0046939820082572215	0.0709951037219767	0.08547237886911828	0.027446119537633974	0.07600721937371284	0.07569816627018042	0.14766582436871661	-0.007686354987346445	0.000363808866900739	0.01596112572737856	0.0029066975975177763	0.018359943565187872	0.0356900090879915	-0.025216487468932722	0.0012463501509005859	0.025220133629612784	-0.007686354987346445	0.2150336220043042
0.3218869007836902	0.12548659234115864	-0.04114417202257086	0.12462879211865281	0.1435220375749054	-0.04578351468956358	0.18077314832370342	0.13014491887265328	0.09642942658009308	-0.03836606955444768	0.12548659234115864	0.16434813453271238	0.024541955631079904	0.15676387798020164	0.16425270151058383	0.003986662713874069	0.10797604457537814	0.1629254424837953	0.13020346656986803	-0.013464320554307591	-0.04114417202257086	0.024541955631079904	0.6648846605420745	0.028786021560149904	0.0467153953887585	-0.16318437307993372	0.27605939418271025	0.03263444797630763	0.002668751465443945	0.03854110070978727	0.12462879211865281	0.15676387798020164	0.028786021560149904	0.21304378901989546	0.16570188702206862	0.006144352696704037	0.11011961416115158	0.16045246893477033	0.12991204434931333	-0.010731070969420931	0.1435220375749054	0.16425270151058383	0.0467153953887585	0.16570188702206862	0.41893688248934313	0.030320370957480865	0.03396857348670959	0.1706892685207791	0.14193802261655686	0.018361237178589465	-0.04578351468956358	0.003986662713874069	-0.16318437307993372	0.006144352696704037	0.030320370957480865	0.47899617726631377	0.04722686549639765	0.014919541773155316	-0.026522910025015195	-0.1740880903643534	0.18077314832370342	0.10797604457537814	0.27605939418271025	0.11011961416115158	0.03396857348670959	0.04722686549639765	0.35694239318857796	0.120258749052499	0.09871732517665248	-0.0622258154285893	0.13014491887265328	0.1629254424837953	0.03263444797630763	0.16045246893477033	0.1706892685207791	0.014919541773155316	0.120258749052499	0.22876927769742578	0.13569939974978412	0.002264510149958658	0.09642942658009308	0.13020346656986803	0.002668751465443945	0.12991204434931333	0.14193802261655686	-0.026522910025015195	0.09871732517665248	0.13569939974978412	0.2244933608255961	-0.04297425275438148	-0.03836606955444768	-0.013464320554307591	0.03854110070978727	-0.010731070969420931	0.018361237178589465	-0.1740880903643534	-0.0622258154285893	0.002264510149958658	-0.04297425275438148	0.40662404219327236
0.15625167713380766	0.09461899823187066	0.03161393870905859	0.09595900516416243	0.10575703697068826	0.05383543249883449	0.11095189937062627	0.10088366522189329	-0.06070226890144656	0.07507706621261787	0.09461899823187066	0.11383152790417161	0.052613086119488256	0.10482826185975336	0.11089396256488708	0.06492550978207104	0.08970508576174366	0.11013502523269672	-0.04613308865106907	0.0830132547879512	0.03161393870905859	0.052613086119488256	0.3595214871867852	0.05482798720887767	0.07109596142354878	0.0048035478438089585	0.18120319783698452	0.05847195479177826	-0.0964994749922779	0.04685709733316808	0.09595900516416243	0.10482826185975336	0.05482798720887767	0.1335086841918539	0.11298390420726993	0.06677033515371911	0.09227655767732422	0.1108470156802272	-0.04319998859737941	0.08475648024659584	0.10575703697068826	0.11089396256488708	0.07109596142354878	0.11298390420726993	0.2502585585753112	0.07664721561713764	0.05922480997938114	0.11800094479822848	-0.019872713980171413	0.09227996934194295	0.05383543249883449	0.06492550978207104	0.0048035478438089585	0.06677033515371911	0.07664721561713764	0.18792868021149395	0.07413255335997485	0.0724073728840526	-0.09167329103255988	0.04491212247409615	0.11095189937062627	0.08970508576174366	0.18120319783698452	0.09227655767732422	0.05922480997938114	0.07413255335997485	0.23000577681105377	0.10010270934279694	0.019185008359558723	0.06543943696632437	0.10088366522189329	0.11013502523269672	0.05847195479177826	0.1108470156802272	0.11800094479822848	0.0724073728840526	0.10010270934279694	0.15557470384916772	-0.038451078803469214	0.09063817610374424	-0.06070226890144656	-0.04613308865106907	-0.0964994749922779	-0.04319998859737941	-0.019872713980171413	-0.09167329103255988	0.019185008359558723	-0.038451078803469214	0.4216674904560949	-0.06846639750213086	0.07507706621261787	0.0830132547879512	0.04685709733316808	0.08475648024659584	0.09227996934194295	0.04491212247409615	0.06543943696632437	0.09063817610374424	-0.06846639750213086	0.14452509083033094
0.1883843839095437	0.09122767682935903	0.027899646987688886	0.09189045331142777	0.10421104880069476	0.01177999632231065	0.12462280258021557	0.09745137290827957	-0.030706158113904106	0.06800361416325833	0.09122767682935903	0.11500935486525964	0.05787273776152259	0.10765020062338646	0.11487134070196564	0.03322815764254652	0.08823618303836558	0.11364253342765576	-0.009713536912353403	0.0824631773305959	0.027899646987688886	0.05787273776152259	0.3706396581093121	0.06007959673728575	0.07355886251914501	-0.02839275466776678	0.18734825376152145	0.06413264443989647	-0.052382882091281655	0.04951013838681683	0.09189045331142777	0.10765020062338646	0.06007959673728575	0.1513538198233923	0.11665846947507065	0.03508014561468119	0.09072220489195394	0.11335174409239218	-0.0071753206052476235	0.08360642645033396	0.10421104880069476	0.11487134070196564	0.07355886251914501	0.11665846947507065	0.2704062718968543	0.04847079413496124	0.05037497821763491	0.12201838705937607	0.012706590062454389	0.09275587072974574	0.01177999632231065	0.03322815764254652	-0.02839275466776678	0.03508014561468119	0.04847079413496124	0.25853247596079215	0.06001668242811935	0.04182087722469223	-0.09196019027396597	0.009042179917743061	0.12462280258021557	0.08823618303836558	0.18734825376152145	0.09072220489195394	0.05037497821763491	0.06001668242811935	0.2481484407630339	0.0995699513782702	0.0378327886462176	0.05866119768445826	0.09745137290827957	0.11364253342765576	0.06413264443989647	0.11335174409239218	0.12201838705937607	0.04182087722469223	0.0995699513782702	0.16467057949735578	-0.0020250361147340495	0.09038215704516929	-0.030706158113904106	-0.009713536912353403	-0.052382882091281655	-0.0071753206052476235	0.012706590062454389	-0.09196019027396597	0.0378327886462176	-0.0020250361147340495	0.3623709233353006	-0.03618251234727511	0.06800361416325833	0.0824631773305959	0.04951013838681683	0.08360642645033396	0.09275587072974574	0.009042179917743061	0.05866119768445826	0.09038215704516929	-0.03618251234727511	0.153154490823144
0.1831415395248853	0.11680885430751092	0.06445681489042049	0.1148807770304383	0.13843763913050733	0.06219136375238764	0.12229432465587478	0.12236125509574619	-0.11661141659201717	0.09594103786710788	0.11680885430751092	0.1327854890263458	0.08662124897350669	0.12375004285909404	0.13304498188172958	0.07464646411605247	0.10538359987471091	0.13133254795087362	-0.09698818299032554	0.10312092733843528	0.06445681489042049	0.08662124897350669	0.33306712042779557	0.08916824904704171	0.13175024581125272	0.023350633243453975	0.16016497409880182	0.09162386882511572	-0.14271277347113745	0.07854264077513502	0.1148807770304383	0.12375004285909404	0.08916824904704171	0.2754298354330527	0.14167018633983008	0.07534808388660955	0.1068055774851315	0.12692977042186088	-0.08631140399859796	0.10237330209735364	0.13843763913050733	0.13304498188172958	0.13175024581125272	0.14167018633983008	0.5001637116822899	0.1002487533313893	0.026147186374235628	0.140792018330045	0.00023333083724587367	0.11462996852340852	0.06219136375238764	0.07464646411605247	0.023350633243453975	0.07534808388660955	0.1002487533313893	0.23928054654530836	0.0779403690186092	0.08166770754445413	-0.16297226950184102	0.05319511657686754	0.12229432465587478	0.10538359987471091	0.16016497409880182	0.1068055774851315	0.026147186374235628	0.0779403690186092	0.2272549565850785	0.11427963168006683	-0.03028934579380027	0.07800929807255827	0.12236125509574619	0.13133254795087362	0.09162386882511572	0.12692977042186088	0.140792018330045	0.08166770754445413	0.11427963168006683	0.1760115087390952	-0.08978530170358563	0.11018510278505375	-0.11661141659201717	-0.09698818299032554	-0.14271277347113745	-0.08631140399859796	0.00023333083724587367	-0.16297226950184102	-0.03028934579380027	-0.08978530170358563	0.6133004722830838	-0.12139815743290179	0.09594103786710788	0.10312092733843528	0.07854264077513502	0.10237330209735364	0.11462996852340852	0.05319511657686754	0.07800929807255827	0.11018510278505375	-0.12139815743290179	0.16960175400695024
0.12926709558561905	0.07701527454561802	0.010684812078871083	0.07738130511089486	0.118032722769576	0.07141963547659771	0.0905171316413919	0.08207347444994698	-0.01661598938836931	0.035150277656714156	0.07701527454561802	0.09677049841298191	0.038282963059966146	0.08670166678273715	0.10824285822073056	0.08044319435430618	0.0864397263573824	0.09096411304524343	-0.001895411962312299	0.04057402342640106	0.010684812078871083	0.038282963059966146	0.255204949901223	0.04436462045993736	0.12910033446231373	0.030533509353102062	0.09528039001091498	0.042423108413595	-0.06429728328953772	0.025558161272447213	0.07738130511089486	0.08670166678273715	0.04436462045993736	0.29598509868280876	0.12221211477063576	0.08143932353509413	0.08893138109597225	0.08897925324743278	0.005012826925780117	0.04434020365117017	0.118032722769576	0.10824285822073056	0.12910033446231373	0.12221211477063576	0.43801260729285135	0.10673257103889494	0.05921343056514411	0.11550330900216424	0.06541876874460636	0.06770036163496387	0.07141963547659771	0.08044319435430618	0.030533509353102062	0.08143932353509413	0.10673257103889494	0.10287422382074254	0.08336448080692802	0.08596360483911222	-0.007838825325367133	0.036343514905716516	0.0905171316413919	0.0864397263573824	0.09528039001091498	0.08893138109597225	0.05921343056514411	0.08336448080692802	0.16269491031386618	0.09302311271817248	0.019367931168983027	0.0363794688983244	0.08207347444994698	0.09096411304524343	0.042423108413595	0.08897925324743278	0.11550330900216424	0.08596360483911222	0.09302311271817248	0.12430208141948196	0.003691518551788049	0.047903158771324304	-0.01661598938836931	-0.001895411962312299	-0.06429728328953772	0.005012826925780117	0.06541876874460636	-0.007838825325367133	0.019367931168983027	0.003691518551788049	0.27377874650622197	-0.04694844170544732	0.035150277656714156	0.04057402342640106	0.025558161272447213	0.04434020365117017	0.06770036163496387	0.036343514905716516	0.0363794688983244	0.047903158771324304	-0.04694844170544732	0.16909355823026959
0.2703413624321987	0.18307260724904434	0.0576750836786986	0.1746810674716448	0.17614794814015858	0.1664577063485662	0.17565083734796155	0.1881061040465003	-0.22358014551462824	0.05346274670924955	0.18307260724904434	0.1983689314337029	0.09647818441223178	0.18296876863773281	0.13890131922734797	0.1761480166168266	0.16924666924153572	0.19703151603888314	-0.19564608949302717	0.054040501331673645	0.0576750836786986	0.09647818441223178	0.5129960517065595	0.10358038218083734	0.2636852581615838	0.07422626634970478	0.1637208496056055	0.10173128991992716	-0.30061713199633094	0.10701499880393248	0.1746810674716448	0.18296876863773281	0.10358038218083734	0.37551927677338637	0.16912790348944318	0.16859712303339305	0.16153513246329806	0.1843225592584594	-0.16738042008676302	0.05538483861444455	0.17614794814015858	0.13890131922734797	0.2636852581615838	0.16912790348944318	0.9490412346620901	0.1385316612516756	-0.000703398803914972	0.15115676852213686	0.16873032193868948	0.05946367276897523	0.1664577063485662	0.1761480166168266	0.07422626634970478	0.16859712303339305	0.1385316612516756	0.23437563447910853	0.15719838895613497	0.18209820048279265	-0.2172056779142165	0.04025209119138626	0.17565083734796155	0.16924666924153572	0.1637208496056055	0.16153513246329806	-0.000703398803914972	0.15719838895613497	0.2718452598233633	0.17635850506939846	-0.15068433636815187	0.01961879263793726	0.1881061040465003	0.19703151603888314	0.10173128991992716	0.1843225592584594	0.15115676852213686	0.18209820048279265	0.17635850506939846	0.25139095931242067	-0.1868057049084589	0.06721290300453285	-0.22358014551462824	-0.19564608949302717	-0.30061713199633094	-0.16738042008676302	0.16873032193868948	-0.2172056779142165	-0.15068433636815187	-0.1868057049084589	1.1148327460918765	-0.3403766330190779	0.05346274670924955	0.054040501331673645	0.10701499880393248	0.05538483861444455	0.05946367276897523	0.04025209119138626	0.01961879263793726	0.06721290300453285	-0.3403766330190779	0.4139776377259024
