0.6966398049686047	0.23372659520587663	-0.04925358583335526	0.3588304445843645	0.3567492537567619	0.24000777179768015	0.6015169595881376	0.23372659520587663	0.5692038484643335	-0.043531930515483486	0.2891098606950786	0.2929754432274316	0.1951526460689817	0.5912724003696131	-0.04925358583335526	-0.043531930515483486	1.9280308192795919	0.13452124209640365	0.15999343111045428	0.21079401589700247	1.1525867026422478	0.3588304445843645	0.2891098606950786	0.13452124209640365	0.77998859099023	0.5160960694227692	0.42060698152934656	0.7431237017777134	0.3567492537567619	0.2929754432274316	0.15999343111045428	0.5160960694227692	0.5147674357250037	0.38597387991433896	0.7010438933897722	0.24000777179768015	0.1951526460689817	0.21079401589700247	0.42060698152934656	0.38597387991433896	0.580025395158246	0.5540072768979258	0.6015169595881376	0.5912724003696131	1.1525867026422478	0.7431237017777134	0.7010438933897722	0.5540072768979258	1.9867012459623612
0.6254569000929802	0.08525733530493301	0.03746487345817093	0.4711629029852099	0.464378354765835	0.42231806559493773	0.5691375312193471	0.08525733530493301	0.7650273101433002	-0.35505616387116423	0.07134151885609562	0.07569332835259365	0.05119931000466975	0.3246759043338566	0.03746487345817093	-0.35505616387116423	1.8556257636631246	0.18309252531355752	0.19666039496394722	0.21698301652576482	0.8782560332803928	0.4711629029852099	0.07134151885609562	0.18309252531355752	0.6986027386550967	0.5862880300110859	0.5452960126098941	0.6702027645621631	0.464378354765835	0.07569332835259365	0.19666039496394722	0.5862880300110859	0.5827824861501636	0.5329177966979723	0.6527458464772686	0.42231806559493773	0.05119931000466975	0.21698301652576482	0.5452960126098941	0.5329177966979723	0.5902468301133761	0.6064325080569852	0.5691375312193471	0.3246759043338566	0.8782560332803928	0.6702027645621631	0.6527458464772686	0.6064325080569852	1.49691025164849
0.6371449875462175	0.08104698969383256	0.10273920864738742	0.47710744990409365	0.4670335214794489	0.36892008526125364	0.609113658166092	0.08104698969383256	0.7538888821509253	-0.2720703369418925	0.049481421317974866	0.07369445784813568	0.018487540901121466	0.35786507352167346	0.10273920864738742	-0.2720703369418925	1.586282420221138	0.22420047817994396	0.2643092380123287	0.2803775118695635	0.8507105502217548	0.47710744990409365	0.049481421317974866	0.22420047817994396	1.0254229250584088	0.6109432260255474	0.5401339085233665	0.7556835195540742	0.4670335214794489	0.07369445784813568	0.2643092380123287	0.6109432260255474	0.5981806013134394	0.48797209656534857	0.7002065450663448	0.36892008526125364	0.018487540901121466	0.2803775118695635	0.5401339085233665	0.48797209656534857	0.6363077822897891	0.5819038016447363	0.609113658166092	0.35786507352167346	0.8507105502217548	0.7556835195540742	0.7002065450663448	0.5819038016447363	1.5608578093766914
0.7855525064838463	0.1845642028508771	-0.038643399565398584	0.38826046288458005	0.41074985411837595	0.19667576219011826	0.6305247887585117	0.1845642028508771	0.7045193217756919	-0.15550470263328847	0.1530984828803627	0.20739392215821872	0.05217783718530977	0.5265446092968951	-0.038643399565398584	-0.15550470263328847	1.843482012871132	0.17915937651576005	0.2535485350574253	0.2987630255640312	1.0471265235202902	0.38826046288458005	0.1530984828803627	0.17915937651576005	1.5162706865076174	0.6403638370526462	0.5741165866096791	0.8844724786501303	0.41074985411837595	0.20739392215821872	0.2535485350574253	0.6403638370526462	0.6481476358844898	0.4063791968591539	0.7882161160424187	0.19667576219011826	0.05217783718530977	0.2987630255640312	0.5741165866096791	0.4063791968591539	0.7600267734220938	0.5282577260621878	0.6305247887585117	0.5265446092968951	1.0471265235202902	0.8844724786501303	0.7882161160424187	0.5282577260621878	1.9168073035610156
0.5284996840346532	0.2838244463083975	-0.058104141771887885	0.24793589905659208	0.2855235675807227	0.1644363382974307	0.4762335064174779	0.2838244463083975	0.3702251207742412	0.05320999861809461	0.33146876042062523	0.36308411696342374	0.23997889780892526	0.5390189019753178	-0.058104141771887885	0.05320999861809461	1.1273568116006085	-0.092724046098622	0.05431760591143431	0.08102057779865532	0.5658261117674128	0.24793589905659208	0.33146876042062523	-0.092724046098622	1.38165627075454	0.34192577618001757	0.3690344855839692	0.6145989279907186	0.2855235675807227	0.36308411696342374	0.05431760591143431	0.34192577618001757	0.3766490951039276	0.24244851317085664	0.540644264300329	0.1644363382974307	0.23997889780892526	0.08102057779865532	0.3690344855839692	0.24244851317085664	0.5180253772508034	0.39106602783185956	0.4762335064174779	0.5390189019753178	0.5658261117674128	0.6145989279907186	0.540644264300329	0.39106602783185956	1.3312524095378218
0.5388903681950511	0.27521914402373565	-0.0569263204166543	0.2499267265811469	0.2794204890275393	0.17518167476228672	0.4763969011975756	0.27521914402373565	0.37012662673026714	0.05924914840154624	0.33626235639976754	0.35987053911448635	0.25397448878661033	0.5408629870808969	-0.0569263204166543	0.05924914840154624	1.1507888522046625	-0.08024727123225966	0.06455117682407996	0.08630479825623841	0.595733790570218	0.2499267265811469	0.33626235639976754	-0.08024727123225966	1.3871932687293966	0.34856705050094255	0.3716307175734411	0.6329822400272626	0.2794204890275393	0.35987053911448635	0.06455117682407996	0.34856705050094255	0.37341920978896803	0.2595755279755788	0.5451219815815317	0.17518167476228672	0.25397448878661033	0.08630479825623841	0.3716307175734411	0.2595755279755788	0.49479306371105924	0.415547173269787	0.4763969011975756	0.5408629870808969	0.595733790570218	0.6329822400272626	0.5451219815815317	0.415547173269787	1.3648364241038213
0.908049297801669	0.2164382413791721	-0.15696302624446107	0.17251082118721717	0.21907495942163402	0.04963717583593662	0.5227894117693221	0.2164382413791721	0.44869844894221367	0.1477176636313623	0.40227686291078	0.4362643713601314	0.2588514990226789	0.6788039824584937	-0.15696302624446107	0.1477176636313623	1.4417883309613901	0.051645753431551145	0.15672896097921318	0.18494896165099672	0.8994648392515923	0.17251082118721717	0.40227686291078	0.051645753431551145	1.4698107737883508	0.41797721997544385	0.44383959022789854	0.7939706658188415	0.21907495942163402	0.4362643713601314	0.15672896097921318	0.41797721997544385	0.45270209105443393	0.26747514649213006	0.6848039306631893	0.04963717583593662	0.2588514990226789	0.18494896165099672	0.44383959022789854	0.26747514649213006	0.636873222765103	0.45872756089339556	0.5227894117693221	0.6788039824584937	0.8994648392515923	0.7939706658188415	0.6848039306631893	0.45872756089339556	1.8261501029377345
0.9222829589002453	0.18676956961284785	-0.09562854851461933	0.10630992519758362	0.1850213680717237	-0.009829429370135437	0.5101600181414592	0.18676956961284785	0.4423867806889463	0.22201783529225377	0.3694062366708795	0.4306737883987185	0.2221499038511675	0.6900710921051165	-0.09562854851461933	0.22201783529225377	1.0779804950265701	0.11408074887656294	0.21291538331667126	0.1923285724245953	0.7827793709060965	0.10630992519758362	0.3694062366708795	0.11408074887656294	1.4747690298040992	0.39208961481558147	0.4469786588347907	0.758642700196373	0.1850213680717237	0.4306737883987185	0.21291538331667126	0.39208961481558147	0.46593312750559623	0.2205000732224751	0.6857638797043282	-0.009829429370135437	0.2221499038511675	0.1923285724245953	0.4469786588347907	0.2205000732224751	0.7134248218960328	0.39456413135313034	0.5101600181414592	0.6900710921051165	0.7827793709060965	0.758642700196373	0.6857638797043282	0.39456413135313034	1.7250335468206834
0.7597072369984127	0.24523557810168767	-0.06783213853185344	0.17868519346861017	0.24714069131575528	0.04946729367578748	0.5286913913725555	0.24523557810168767	0.42449410316049857	0.15631446694543694	0.3583274446890652	0.4164526966507404	0.208333057159864	0.6539879353560776	-0.06783213853185344	0.15631446694543694	1.1367015392684845	0.05343843679865776	0.15989051146027322	0.1605956411330128	0.7439475041011817	0.17868519346861017	0.3583274446890652	0.05343843679865776	1.3968655467574822	0.3690487085708435	0.41610206708310127	0.721454083431352	0.24714069131575528	0.4164526966507404	0.15989051146027322	0.3690487085708435	0.42939771388151293	0.2123471346646858	0.6568427016316397	0.04946729367578748	0.208333057159864	0.1605956411330128	0.41610206708310127	0.2123471346646858	0.6790958103962841	0.38020520973392175	0.5286913913725555	0.6539879353560776	0.7439475041011817	0.721454083431352	0.6568427016316397	0.38020520973392175	1.6552736659741198
0.7128590206877794	0.24677417610234714	-0.129465788021769	0.2111372780811167	0.24838265069929372	0.09998959761809753	0.4747671222415855	0.24677417610234714	0.40629229707551245	0.08563115334346909	0.37047271307677293	0.3991074465574421	0.24515845105445605	0.5928372032575918	-0.129465788021769	0.08563115334346909	1.2458662368427702	-0.016841098158277015	0.08782881000752538	0.1257478107865195	0.6709562686091847	0.2111372780811167	0.37047271307677293	-0.016841098158277015	1.1980363903470774	0.3793945946202415	0.37005105000563376	0.6557266319713856	0.24838265069929372	0.3991074465574421	0.08782881000752538	0.3793945946202415	0.41228155916934994	0.24802202830721443	0.594791940079524	0.09998959761809753	0.24515845105445605	0.1257478107865195	0.37005105000563376	0.24802202830721443	0.5786478519265915	0.40189785383645066	0.4747671222415855	0.5928372032575918	0.6709562686091847	0.6557266319713856	0.594791940079524	0.40189785383645066	1.4833780081300032
0.6758274053677704	0.258986461867503	-0.10370310814625208	0.21751641131025687	0.2599150122257341	0.10362172347647353	0.486694454648984	0.258986461867503	0.4022856193090575	0.0878775396038151	0.3614139182622385	0.39554732533242554	0.23392481423104466	0.5929746328757597	-0.10370310814625208	0.0878775396038151	1.2049902286962682	-0.020289219398195377	0.08818664596237766	0.12298497809870879	0.6593056154016191	0.21751641131025687	0.3614139182622385	-0.020289219398195377	1.2343943312317895	0.37062365768180194	0.37068571307782755	0.653725439179906	0.2599150122257341	0.39554732533242554	0.08818664596237766	0.37062365768180194	0.4101974032891184	0.23562366021833037	0.5938181119181548	0.10362172347647353	0.23392481423104466	0.12298497809870879	0.37068571307782755	0.23562366021833037	0.5888648924365374	0.3902048145335078	0.486694454648984	0.5929746328757597	0.6593056154016191	0.653725439179906	0.5938181119181548	0.3902048145335078	1.4795738248858463
0.6186144505750917	0.27925360385391595	-0.08090406740108788	0.22033244931766588	0.27895392846599076	0.10496015992346067	0.4923636931249581	0.27925360385391595	0.39718071575331326	0.07568243883644214	0.3392988590739142	0.38984114690805666	0.21138453404345936	0.5811292849545309	-0.08090406740108788	0.07568243883644214	1.151712822889579	-0.05969002093981618	0.07303411281139857	0.10776371754624464	0.6083799841062084	0.22033244931766588	0.3392988590739142	-0.05969002093981618	1.3810620898600454	0.3523859178158385	0.38677077861571474	0.6348144959546463	0.27895392846599076	0.38984114690805666	0.07303411281139857	0.3523859178158385	0.4094533349522317	0.21202900741216138	0.5805214225170809	0.10496015992346067	0.21138453404345936	0.10776371754624464	0.38677077861571474	0.21202900741216138	0.6121156880373355	0.3601242898293532	0.4923636931249581	0.5811292849545309	0.6083799841062084	0.6348144959546463	0.5805214225170809	0.3601242898293532	1.4212536963021987
0.5540122313963359	0.29229890547430426	0.03682818225960657	0.24351638196131362	0.2946414959958055	0.12913116063412045	0.5619931162016161	0.29229890547430426	0.3863294730252078	0.14615656429334503	0.33248748905326775	0.37845437118695446	0.208529713405128	0.6236553512141705	0.03682818225960657	0.14615656429334503	1.017266361528401	0.05022558685674	0.14871437906116786	0.13920099036086536	0.7074536016127188	0.24351638196131362	0.33248748905326775	0.05022558685674	1.3061809899459207	0.34227361259956846	0.3759886083239393	0.7002354240056694	0.2946414959958055	0.37845437118695446	0.14871437906116786	0.34227361259956846	0.39120723780663325	0.21171970739828608	0.6257962849339783	0.12913116063412045	0.208529713405128	0.13920099036086536	0.3759886083239393	0.21171970739828608	0.6072803243002503	0.3916964822186825	0.5619931162016161	0.6236553512141705	0.7074536016127188	0.7002354240056694	0.6257962849339783	0.3916964822186825	1.6104875808107084
0.48861515751016116	0.28666850811930245	0.057111996443090715	0.23198750915677463	0.28632660201935395	0.14394944622311043	0.5277695888806011	0.28666850811930245	0.3602023349049843	0.14245744481454006	0.3036723440396619	0.3527977948013274	0.2072541076801241	0.5785860827322651	0.057111996443090715	0.14245744481454006	0.8880026044543017	0.029725062670347982	0.14059867885801142	0.12513886400898402	0.615392389346143	0.23198750915677463	0.3036723440396619	0.029725062670347982	1.3469555016123929	0.31647196269311656	0.36507857631081697	0.6491246799476027	0.28632660201935395	0.3527977948013274	0.14059867885801142	0.31647196269311656	0.37181986261958616	0.20792838300975958	0.578224993641585	0.14394944622311043	0.2072541076801241	0.12513886400898402	0.36507857631081697	0.20792838300975958	0.5699187290807687	0.3783615638314843	0.5277695888806011	0.5785860827322651	0.615392389346143	0.6491246799476027	0.578224993641585	0.3783615638314843	1.4526296923454807
0.4806879886652383	0.2802502406392028	-0.011301860700368843	0.2538968386003744	0.2796231201968244	0.19392130720132053	0.4815500571041832	0.2802502406392028	0.35117756795941946	0.07831331893862205	0.3234515355241798	0.3436100016754595	0.2570252006914042	0.5326407057652991	-0.011301860700368843	0.07831331893862205	1.0523621826503113	-0.06193589818111514	0.07495998461514017	0.08983171621725573	0.5808954099013388	0.2538968386003744	0.3234515355241798	-0.06193589818111514	1.3746146302866278	0.3380024742853926	0.3550633893345329	0.6268549887261665	0.2796231201968244	0.3436100016754595	0.07495998461514017	0.3380024742853926	0.36560804063940056	0.256920270697993	0.5319342298678365	0.19392130720132053	0.2570252006914042	0.08983171621725573	0.3550633893345329	0.256920270697993	0.4639912034764733	0.421962494273883	0.4815500571041832	0.5326407057652991	0.5808954099013388	0.6268549887261665	0.5319342298678365	0.421962494273883	1.3459823560502813
1.0398328821129965	0.12039564020158983	-0.2508044412913506	0.052901017060746285	0.12021356871792975	-0.029861102002923273	0.3767026011710078	0.12039564020158983	0.4378170894027653	0.17206517855188927	0.386500338239529	0.4293916560308959	0.2666838807899928	0.620890297708999	-0.2508044412913506	0.17206517855188927	1.168786446849559	0.04744131772741117	0.16734967021080782	0.1826655144989982	0.6711297907035875	0.052901017060746285	0.386500338239529	0.04744131772741117	1.434739179089316	0.40151305447028385	0.4344641170620761	0.6855147932149602	0.12021356871792975	0.4293916560308959	0.16734967021080782	0.40151305447028385	0.45289920821864715	0.2662018233889462	0.6191242918800443	-0.029861102002923273	0.2666838807899928	0.1826655144989982	0.4344641170620761	0.2662018233889462	0.6386368410793599	0.41210089368790187	0.3767026011710078	0.620890297708999	0.6711297907035875	0.6855147932149602	0.6191242918800443	0.41210089368790187	1.4635345954843553
1.247390923225979	0.25784110454254494	-0.24104112444858283	0.09504602921368546	0.2579326205490201	-0.22404191374065557	0.654277547251351	0.25784110454254494	0.5898292349396131	0.1950134529760501	0.42806058822370274	0.5829712604538502	0.06426383518773317	0.8798728074533988	-0.24104112444858283	0.1950134529760501	1.5644158022977623	0.12358654423635601	0.19741500387917682	0.2597970241501163	1.021636759074606	0.09504602921368546	0.42806058822370274	0.12358654423635601	1.510953948940756	0.43858209861361175	0.5055798265597975	0.848581328680474	0.2579326205490201	0.5829712604538502	0.19741500387917682	0.43858209861361175	0.5962206097930884	0.06767010507011428	0.8817928631488471	-0.22404191374065557	0.06426383518773317	0.2597970241501163	0.5055798265597975	0.06767010507011428	1.1184288175257082	0.21062936422606776	0.654277547251351	0.8798728074533988	1.021636759074606	0.848581328680474	0.8817928631488471	0.21062936422606776	2.2042815496150903
1.05377393178799	0.18143398053638837	-0.1087642780655993	0.09192211126886668	0.1808807051254549	-0.06374633093944941	0.5634232183711668	0.18143398053638837	0.4803405955842316	0.2590779177193064	0.398016794577796	0.4718385497593992	0.2041350774747275	0.7634454003182701	-0.1087642780655993	0.2590779177193064	1.1558053653860272	0.1683215695704506	0.2551902105512144	0.21560648425896697	0.8939474078052886	0.09192211126886668	0.398016794577796	0.1683215695704506	1.4666084600963756	0.41250487252596396	0.4700336154776179	0.8248429353876503	0.1808807051254549	0.4718385497593992	0.2551902105512144	0.41250487252596396	0.49409850533360494	0.20452611028969025	0.7616781120292874	-0.06374633093944941	0.2041350774747275	0.21560648425896697	0.4700336154776179	0.20452611028969025	0.8046421823146857	0.3795577149006829	0.5634232183711668	0.7634454003182701	0.8939474078052886	0.8248429353876503	0.7616781120292874	0.3795577149006829	1.9409683329065355
0.6897297652857942	0.22655549622867996	-0.059309823972859665	0.15355848936682884	0.2251060197202206	0.05771321157153079	0.462393131679727	0.22655549622867996	0.39207438140384276	0.1478237011445056	0.3240485459321423	0.38313807759310703	0.20692232129509397	0.5877619956508305	-0.059309823972859665	0.1478237011445056	0.9545654034289315	0.025713858881878743	0.14275271309790738	0.13841444149177626	0.5963617561849761	0.15355848936682884	0.3240485459321423	0.025713858881878743	1.3574698738731645	0.34048855479252876	0.38978016259482196	0.6305285730634218	0.2251060197202206	0.38313807759310703	0.14275271309790738	0.34048855479252876	0.4093192860014975	0.20638546205967756	0.5855026624509928	0.05771321157153079	0.20692232129509397	0.13841444149177626	0.38978016259482196	0.20638546205967756	0.6380203959588653	0.35216024867247697	0.462393131679727	0.5877619956508305	0.5963617561849761	0.6305285730634218	0.5855026624509928	0.35216024867247697	1.3988366856160768
0.5133923770692584	0.3009319407533865	-0.10693800489674199	0.26964963098905625	0.30220311121463966	0.16998252369465136	0.45898808974234645	0.3009319407533865	0.37531057589829825	-0.0059789733426098	0.34028748919085716	0.36849280512474286	0.23487813490829643	0.5150830839345257	-0.10693800489674199	-0.0059789733426098	1.1893191032661583	-0.15104462181828604	-0.005875010988647844	0.04764999746683879	0.4848063501847544	0.26964963098905625	0.34028748919085716	-0.15104462181828604	1.238551749355898	0.34992709479774275	0.3492933421065265	0.563935147908108	0.30220311121463966	0.36849280512474286	-0.005875010988647844	0.34992709479774275	0.38337665468997434	0.23657953449509445	0.5160798495190936	0.16998252369465136	0.23487813490829643	0.04764999746683879	0.3492933421065265	0.23657953449509445	0.5221888153561257	0.36113208607550773	0.45898808974234645	0.5150830839345257	0.4848063501847544	0.563935147908108	0.5160798495190936	0.36113208607550773	1.2155283414230613
0.547774998366799	0.25601686236172005	-0.07432775980999169	0.2353112110417757	0.2575748478299089	0.15369895287250815	0.4371233394173592	0.25601686236172005	0.35983470644670684	0.06024845943623992	0.3355990885618665	0.3529341465382365	0.24604882250810994	0.5155331472414226	-0.07432775980999169	0.06024845943623992	1.024403860550867	-0.021983302108588454	0.06168164691489439	0.08920571834887786	0.5077745785858002	0.2353112110417757	0.3355990885618665	-0.021983302108588454	0.9276133017489376	0.3426320633412822	0.31308317290815024	0.5547757137776884	0.2575748478299089	0.3529341465382365	0.06168164691489439	0.3426320633412822	0.3670073476873362	0.24793113431921543	0.5168418054667175	0.15369895287250815	0.24604882250810994	0.08920571834887786	0.31308317290815024	0.24793113431921543	0.4943140979743627	0.38069754154317886	0.4371233394173592	0.5155331472414226	0.5077745785858002	0.5547757137776884	0.5168418054667175	0.38069754154317886	1.2209617305004314
0.5589005719449425	0.33342933571939437	0.17446059725358654	0.29514700075205713	0.32688909818421175	0.14252510789361617	0.7253871419182883	0.33342933571939437	0.4116813511470661	0.26109383071696984	0.3694726298173717	0.39713275600477455	0.2102573227330594	0.7692941303990004	0.17446059725358654	0.26109383071696984	0.9510751600565226	0.20886021425507822	0.24904325581484227	0.19226861175330207	0.9324638312095243	0.29514700075205713	0.3694726298173717	0.20886021425507822	1.1380808237700222	0.39143581495088103	0.3599356209990671	0.8573153261017713	0.32688909818421175	0.39713275600477455	0.24904325581484227	0.39143581495088103	0.45340601132763764	0.20468802309703008	0.7621945549924027	0.14252510789361617	0.2102573227330594	0.19226861175330207	0.3599356209990671	0.20468802309703008	0.6553709931783994	0.4447601980614333	0.7253871419182883	0.7692941303990004	0.9324638312095243	0.8573153261017713	0.7621945549924027	0.4447601980614333	2.0982862635333475
0.4753494729904378	0.2224407639042967	0.09927824466436942	0.17826900658369774	0.21955096588515496	0.1410470945027073	0.4562361976310039	0.2224407639042967	0.3180872520829108	0.20280659990406172	0.2748047208018122	0.30801541401049704	0.2263848484532544	0.5251655710017954	0.09927824466436942	0.20280659990406172	0.5849312424550773	0.12857470637472743	0.19733741160958526	0.16496760597744084	0.5309747104247429	0.17826900658369774	0.2748047208018122	0.12857470637472743	1.0921339029511221	0.29020793686003177	0.3058668934431405	0.5839270307448284	0.21955096588515496	0.30801541401049704	0.19733741160958526	0.29020793686003177	0.34111574683010276	0.22359047663661008	0.5219083516276756	0.1410470945027073	0.2263848484532544	0.16496760597744084	0.3058668934431405	0.22359047663661008	0.47555644303957934	0.39478131728135485	0.4562361976310039	0.5251655710017954	0.5309747104247429	0.5839270307448284	0.5219083516276756	0.39478131728135485	1.2694732470557475
0.4577077584451328	0.2166046936715713	-0.07037751657429214	0.18943040487689503	0.21904640149058108	0.17010865206119113	0.32752425943801183	0.2166046936715713	0.3076893583991845	0.04095263153990868	0.2772964610556481	0.30005962697902433	0.2496773335127978	0.3998920971528599	-0.07037751657429214	0.04095263153990868	0.7661389662142879	-0.08266440409710256	0.043848753840639534	0.053591997347727835	0.28287139851179277	0.18943040487689503	0.2772964610556481	-0.08266440409710256	1.0392587579090133	0.2863718937289862	0.2893474913902779	0.4278547336337114	0.21904640149058108	0.30005962697902433	0.043848753840639534	0.2863718937289862	0.3135343164059177	0.25283373483205585	0.40262774032183324	0.17010865206119113	0.2496773335127978	0.053591997347727835	0.2893474913902779	0.25283373483205585	0.38673488521009247	0.342249681764842	0.32752425943801183	0.3998920971528599	0.28287139851179277	0.4278547336337114	0.40262774032183324	0.342249681764842	0.8122920709911985
0.44614086289743426	0.25611163366659406	-0.09722456689497444	0.19358833713809465	0.2188419332717814	0.1829981304349038	0.3428102041593968	0.25611163366659406	0.3277710381580279	6.938367928982503e-5	0.25930930030991445	0.2738179147295118	0.24773346508312744	0.40363743547031855	-0.09722456689497444	6.938367928982503e-5	0.8795663370719935	-0.24950829196774152	-0.08777355006001307	0.018358892201659413	0.22645557420314433	0.19358833713809465	0.25930930030991445	-0.24950829196774152	1.3524026276817502	0.40240301018086844	0.29385213631004775	0.3941529440654707	0.2188419332717814	0.2738179147295118	-0.08777355006001307	0.40240301018086844	0.5260257611127542	0.21061351337725856	0.3601439995620319	0.1829981304349038	0.24773346508312744	0.018358892201659413	0.29385213631004775	0.21061351337725856	0.42527689236636446	0.32073690127549465	0.3428102041593968	0.40363743547031855	0.22645557420314433	0.3941529440654707	0.3601439995620319	0.32073690127549465	0.761584863723604
0.6495608806341301	0.23263641857268352	-0.13299157061442118	0.2112556854160224	0.234422460428704	0.11424601329326173	0.41743250515237107	0.23263641857268352	0.3791721957936698	0.06306631184687224	0.35496304422318353	0.37211793820567085	0.24666303967588205	0.5309794903201954	-0.13299157061442118	0.06306631184687224	1.0783709354260136	-0.0069634879120352156	0.06555624553188993	0.10304899766746017	0.5186951127822865	0.2112556854160224	0.35496304422318353	-0.0069634879120352156	0.8671969344142626	0.36176270592055987	0.31377443513373093	0.5619833203765774	0.234422460428704	0.37211793820567085	0.06555624553188993	0.36176270592055987	0.3855779814523328	0.24915218152648286	0.5329424716137374	0.11424601329326173	0.24666303967588205	0.10304899766746017	0.31377443513373093	0.24915218152648286	0.5300067050145558	0.37432450326835137	0.41743250515237107	0.5309794903201954	0.5186951127822865	0.5619833203765774	0.5329424716137374	0.37432450326835137	1.2358154741083252
1.0823582518557568	0.2014208847675283	-0.2598393016070063	0.16639602562951167	0.20192557594376243	-0.012318978661312346	0.5264797254389996	0.2014208847675283	0.4866285702418132	0.14327481021074542	0.4541919664382438	0.48011569545875893	0.254329643462972	0.7250981299259959	-0.2598393016070063	0.14327481021074542	1.6759403891873443	0.08659695895318266	0.14443587721631518	0.21974261365649228	1.0071335463678721	0.16639602562951167	0.4541919664382438	0.08659695895318266	1.0886479481952378	0.4615292458311716	0.3836009855455207	0.7854987260703413	0.20192557594376243	0.48011569545875893	0.14443587721631518	0.4615292458311716	0.4940667055123147	0.25632034488823996	0.7259677168804933	-0.012318978661312346	0.254329643462972	0.21974261365649228	0.3836009855455207	0.25632034488823996	0.6951516479926378	0.4367152958912962	0.5264797254389996	0.7250981299259959	1.0071335463678721	0.7854987260703413	0.7259677168804933	0.4367152958912962	1.9548733593378969
0.4804048293100295	0.25658485971946693	0.10425710718009584	0.2251436450544902	0.25688119893835526	0.15825651946162475	0.5201939589426852	0.25658485971946693	0.339270252010243	0.1944344331059438	0.3054217018923484	0.3321845412872548	0.2301010810404813	0.5755419664875671	0.10425710718009584	0.1944344331059438	0.7133102971969636	0.13142171105418282	0.19408459097394812	0.1619864795971826	0.6161733280118162	0.2251436450544902	0.3054217018923484	0.13142171105418282	1.0409932599660812	0.3139223905462766	0.3170795146631246	0.644076507277143	0.25688119893835526	0.3321845412872548	0.19408459097394812	0.3139223905462766	0.34930484754223234	0.23067248322830297	0.5755024663878391	0.15825651946162475	0.2301010810404813	0.1619864795971826	0.3170795146631246	0.23067248322830297	0.5036875314465554	0.41776130197074013	0.5201939589426852	0.5755419664875671	0.6161733280118162	0.644076507277143	0.5755024663878391	0.41776130197074013	1.4522486738218052
0.39584690403055006	0.23070879656216992	0.18061950045014963	0.22708841041321626	0.23344045702514918	0.22576160548108384	0.5040274436894	0.23070879656216992	0.2954201610687786	0.23805565358629052	0.28290482828032126	0.2861437829544638	0.27848909675222133	0.5403816594753086	0.18061950045014963	0.23805565358629052	0.4532501356988201	0.22369148100600253	0.24135934304070975	0.23674687878904077	0.5715082742799629	0.22708841041321626	0.28290482828032126	0.22369148100600253	0.7781300658880319	0.29048052705815103	0.28715356084937527	0.621373160784314	0.23344045702514918	0.2861437829544638	0.24135934304070975	0.29048052705815103	0.3011244400171958	0.281857104344708	0.5421775278008035	0.22576160548108384	0.27848909675222133	0.23674687878904077	0.28715356084937527	0.281857104344708	0.3114330626968132	0.5268589323587434	0.5040274436894	0.5403816594753086	0.5715082742799629	0.621373160784314	0.5421775278008035	0.5268589323587434	1.3859821051062697
0.41207644788941755	0.22057923365608048	0.1506431869185478	0.21148215237241177	0.22234375343473656	0.21728550428624394	0.4750220163108603	0.22057923365608048	0.29421173020787117	0.22100817044900267	0.2799195613047288	0.28537548589009915	0.2805645056083768	0.5202833914389332	0.1506431869185478	0.22100817044900267	0.49679318568369807	0.18911387522707823	0.22301084471343413	0.22136189372769616	0.5510366828083946	0.21148215237241177	0.2799195613047288	0.18911387522707823	0.9802602037170064	0.2893305290700918	0.2866664945717375	0.6253689386359549	0.22234375343473656	0.28537548589009915	0.22301084471343413	0.2893305290700918	0.30223766660252643	0.2828651639841145	0.5216547866080123	0.21728550428624394	0.2805645056083768	0.22136189372769616	0.2866664945717375	0.2828651639841145	0.3061073416611803	0.5115638022632715	0.4750220163108603	0.5202833914389332	0.5510366828083946	0.6253689386359549	0.5216547866080123	0.5115638022632715	1.3251245704083296
0.29266827643432464	0.20524646734621543	0.03950323345160563	0.16750556037009792	0.20770841265020767	0.20204472822291358	0.2886348323879954	0.20524646734621543	0.24331809709429553	0.07304118292431477	0.19745928350564274	0.23440563177511292	0.2288296539016324	0.3132657644393535	0.03950323345160563	0.07304118292431477	0.4987450368936045	-0.05879736448264253	0.07517536325282388	0.07699346971400978	0.2131836762739855	0.16750556037009792	0.19745928350564274	-0.05879736448264253	1.1087501660440653	0.20975395799242152	0.20983329259094313	0.3285637939114137	0.20770841265020767	0.23440563177511292	0.07517536325282388	0.20975395799242152	0.251139578204406	0.23158324658388613	0.31575978272356175	0.20204472822291358	0.2288296539016324	0.07699346971400978	0.20983329259094313	0.23158324658388613	0.2588798710035167	0.3084111138107482	0.2886348323879954	0.3132657644393535	0.2131836762739855	0.3285637939114137	0.31575978272356175	0.3084111138107482	0.6014273931359263
0.29129749253802883	0.2109123995204782	0.027381521903891093	0.1778716432499512	0.21555994562055508	0.2092253020668475	0.29061787957843105	0.2109123995204782	0.24765281603981973	0.05539783711692764	0.2015327696038277	0.23701745520631096	0.23074517552913862	0.3105517130337814	0.027381521903891093	0.05539783711692764	0.528404240609312	-0.0846296284738573	0.06022083915224105	0.06187812187261095	0.1965087406817786	0.1778716432499512	0.2015327696038277	-0.0846296284738573	1.1267766656278755	0.21490040717796305	0.21597271533244825	0.3273283144724891	0.21555994562055508	0.23701745520631096	0.06022083915224105	0.21490040717796305	0.2529329965298368	0.2358261280388933	0.3151814145200867	0.2092253020668475	0.23074517552913862	0.06187812187261095	0.21597271533244825	0.2358261280388933	0.2622336104945156	0.3073406045164806	0.29061787957843105	0.3105517130337814	0.1965087406817786	0.3273283144724891	0.3151814145200867	0.3073406045164806	0.5875829487882026
0.28268263333911053	0.1959402366165662	0.06853788498763067	0.1696214844259592	0.2000550035379661	0.1938777775847333	0.2903343887726276	0.1959402366165662	0.2353471929299204	0.09918858189209707	0.19717261166488836	0.2254776231796482	0.21932035040743747	0.31347457783925614	0.06853788498763067	0.09918858189209707	0.4328736864314388	0.02489018133082392	0.10369298750797261	0.10374115354673451	0.24157933877969695	0.1696214844259592	0.19717261166488836	0.02489018133082392	0.8144542361413043	0.20730643182423983	0.20702362516654182	0.32685041192605885	0.2000550035379661	0.2254776231796482	0.10369298750797261	0.20730643182423983	0.2411863809760134	0.22380489356333844	0.31741721628181147	0.1938777775847333	0.21932035040743747	0.10374115354673451	0.20702362516654182	0.22380489356333844	0.253187835042829	0.3089395108741133	0.2903343887726276	0.31347457783925614	0.24157933877969695	0.32685041192605885	0.31741721628181147	0.3089395108741133	0.6231049506561689
0.37223009880537256	0.24821584777290356	-0.09012785305582494	0.22763904799154644	0.2510199384135881	0.2118457597019258	0.3158731902403711	0.24821584777290356	0.2968041550431339	-0.03372435744712403	0.2686851260485726	0.28894942459478057	0.24952742662232671	0.3515047426031973	-0.09012785305582494	-0.03372435744712403	0.7714260321152143	-0.19652569877565668	-0.031025754370023237	-0.015231839267125125	0.1416981697814687	0.22763904799154644	0.2686851260485726	-0.19652569877565668	1.0786510984028208	0.27838163443418096	0.28003698654251163	0.3668703948395866	0.2510199384135881	0.28894942459478057	-0.031025754370023237	0.27838163443418096	0.302884257425961	0.2526666649275445	0.3543722868866504	0.2118457597019258	0.24952742662232671	-0.015231839267125125	0.28003698654251163	0.2526666649275445	0.35403309066909194	0.31068821637198335	0.3158731902403711	0.3515047426031973	0.1416981697814687	0.3668703948395866	0.3543722868866504	0.31068821637198335	0.6245159611392096
0.4178087881739167	0.262471574186684	-0.14390756180868824	0.24278434012985822	0.26306135448234524	0.21003789439047998	0.3267026876255196	0.262471574186684	0.3192973384199826	-0.06692202184535587	0.2961210637686621	0.3122683677765104	0.2590722738976612	0.373235157302615	-0.14390756180868824	-0.06692202184535587	0.8860014047081256	-0.25413941138542384	-0.06817840627950567	-0.038835445674235955	0.1288881285465533	0.24278434012985822	0.2961210637686621	-0.25413941138542384	1.1471830513879657	0.30691194539435185	0.30419394987435544	0.3898224818535006	0.26306135448234524	0.3122683677765104	-0.06817840627950567	0.30691194539435185	0.33068997771436476	0.25982772466043846	0.37368526819216874	0.21003789439047998	0.2590722738976612	-0.038835445674235955	0.30419394987435544	0.25982772466043846	0.3864872472866312	0.31618690343047157	0.3267026876255196	0.373235157302615	0.1288881285465533	0.3898224818535006	0.37368526819216874	0.31618690343047157	0.6548194182103347
0.9739257438033195	-0.09884431694878414	0.015987352877836203	-0.2198893212481033	-0.13856605041696152	-0.07965800946943005	0.17037753089991403	-0.09884431694878414	0.5982152411595514	0.13312618379750515	-0.19284541995834953	-0.14238514132134306	0.03454717880027788	0.27157346948095606	0.015987352877836203	0.13312618379750515	1.6513314238194	0.8550201095496439	0.3488762393149836	1.2160638272423285	1.5926488232047655	-0.2198893212481033	-0.19284541995834953	0.8550201095496439	2.1193321458972005	1.0487659113755694	0.8979526344747969	0.9576626343915677	-0.13856605041696152	-0.14238514132134306	0.3488762393149836	1.0487659113755694	1.463245556546006	0.31119088975352827	0.46884203995817664	-0.07965800946943005	0.03454717880027788	1.2160638272423285	0.8979526344747969	0.31119088975352827	1.3845868513966533	1.1628112091984384	0.17037753089991403	0.27157346948095606	1.5926488232047655	0.9576626343915677	0.46884203995817664	1.1628112091984384	1.8270758410310137
1.0156207530918167	-0.05430913208888902	0.0182294899869664	-0.17941367877722555	-0.07938433550365642	-0.10792298049007079	0.26076667004811904	-0.05430913208888902	0.6362080806366419	0.09691836012259929	-0.16689426145468864	-0.07934929607384042	-0.020310382310409575	0.322452190039142	0.0182294899869664	0.09691836012259929	1.5444494711036605	0.8691101584408428	0.5240755361030107	1.0379587559753372	1.497927057017151	-0.17941367877722555	-0.16689426145468864	0.8691101584408428	2.1333980029036295	1.0411715970779094	0.9132738867830261	1.022522738065778	-0.07938433550365642	-0.07934929607384042	0.5240755361030107	1.0411715970779094	1.3476549184283129	0.4052466544018834	0.6771866090428874	-0.10792298049007079	-0.020310382310409575	1.0379587559753372	0.9132738867830261	0.4052466544018834	1.3194278260438193	0.981678389470168	0.26076667004811904	0.322452190039142	1.497927057017151	1.022522738065778	0.6771866090428874	0.981678389470168	1.9004968941601696
1.0418849353129933	-0.07753930569231399	-0.055472138949131555	-0.2408981440797107	-0.12163792948326582	-0.15701528989199065	0.16705105438540077	-0.07753930569231399	0.5960108736619514	0.18871507470800153	-0.11008450702774733	-0.0546536902081179	0.05447818511788072	0.36940339447928383	-0.055472138949131555	0.18871507470800153	1.4163959459298865	0.7784176474622744	0.45505756104993356	0.9632417961209156	1.3933900276366318	-0.2408981440797107	-0.11008450702774733	0.7784176474622744	2.04694002591333	0.9918373824798228	0.8446563285336413	0.9264882176539807	-0.12163792948326582	-0.0546536902081179	0.45505756104993356	0.9918373824798228	1.3256725433766228	0.3610069006570489	0.5987983549653194	-0.15701528989199065	0.05447818511788072	0.9632417961209156	0.8446563285336413	0.3610069006570489	1.2531950562381975	0.9278903079682955	0.16705105438540077	0.36940339447928383	1.3933900276366318	0.9264882176539807	0.5987983549653194	0.9278903079682955	1.757459760677437
1.0373507670652746	-0.07922575923563417	-0.05378514488182903	-0.24691300072428837	-0.12894272471454454	-0.15572178567316403	0.16065707676749932	-0.07922575923563417	0.5852092970096209	0.23710929205994646	-0.09112716195267709	-0.05493305034645382	0.08920627051130747	0.403732113366936	-0.05378514488182903	0.23710929205994646	1.3498588591301253	0.6860315482654307	0.367686635303595	0.9088560527013665	1.3374921924364267	-0.24691300072428837	-0.09112716195267709	0.6860315482654307	1.9944431936839084	0.9702489585528015	0.7787023242234411	0.8437570750433908	-0.12894272471454454	-0.05493305034645382	0.367686635303595	0.9702489585528015	1.346639808011407	0.3019983371705125	0.5205252524163759	-0.15572178567316403	0.08920627051130747	0.9088560527013665	0.7787023242234411	0.3019983371705125	1.2091017831544852	0.8831475009129164	0.16065707676749932	0.403732113366936	1.3374921924364267	0.8437570750433908	0.5205252524163759	0.8831475009129164	1.6971638778684435
1.0055198182826457	-0.10427897951359251	-0.03352255086922734	-0.2568494218546284	-0.15497937952703328	-0.1252098082605531	0.1277171317867246	-0.10427897951359251	0.5968211981827132	0.1705644249480936	-0.1730110298761377	-0.13300776888527488	0.05631332340876735	0.30494005650216105	-0.03352255086922734	0.1705644249480936	1.7105070201121886	0.8695554494283788	0.3555242529116491	1.2320313468560542	1.6476307079456118	-0.2568494218546284	-0.1730110298761377	0.8695554494283788	2.128867853322764	1.0526765331339745	0.9127390405696092	0.9699062553757938	-0.15497937952703328	-0.13300776888527488	0.3555242529116491	1.0526765331339745	1.4675539753431974	0.3140706258810889	0.47483376071054056	-0.1252098082605531	0.05631332340876735	1.2320313468560542	0.9127390405696092	0.3140706258810889	1.4095697918129866	1.1754875914813592	0.1277171317867246	0.30494005650216105	1.6476307079456118	0.9699062553757938	0.47483376071054056	1.1754875914813592	1.87813303636426
0.7814087537866088	-0.1303751717055941	0.0720727570118731	-0.13477565572203506	-0.0816704436612709	0.03685567553222776	0.11687423530968188	-0.1303751717055941	0.4886187306872215	0.06922427419849689	-0.18212630651766878	-0.1088311919221922	0.04180253504885187	0.11406564143166516	0.0720727570118731	0.06922427419849689	0.9010701392132243	0.6207443925466952	0.3829681102745585	0.8003842659804717	0.9044748302063099	-0.13477565572203506	-0.18212630651766878	0.6207443925466952	1.782318108444161	0.8123255328041766	0.6536808751012896	0.6640211928895057	-0.0816704436612709	-0.1088311919221922	0.3829681102745585	0.8123255328041766	1.1003707438574264	0.3569780466584338	0.4175392266287472	0.03685567553222776	0.04180253504885187	0.8003842659804717	0.6536808751012896	0.3569780466584338	0.9055152756440549	0.806536151119046	0.11687423530968188	0.11406564143166516	0.9044748302063099	0.6640211928895057	0.4175392266287472	0.806536151119046	0.9989659268186973
