0.4975850074946388	0.0540170050917691	0.20138728724838273	0.3657494699659166	0.35273362425304006	0.3469483569344056	0.5031807103451824	0.0540170050917691	0.5655269307466073	-0.08597356377477014	0.012871362826744087	0.06973187456357768	0.06587621802367936	0.2928830321673387	0.20138728724838273	-0.08597356377477014	0.8313872516621118	0.26030260452566567	0.31077077027785294	0.3097523966636653	0.5845581743915202	0.3657494699659166	0.012871362826744087	0.26030260452566567	1.3666629467131175	0.4781466459873611	0.47679527634388097	0.6932177456746061	0.35273362425304006	0.06973187456357768	0.31077077027785294	0.4781466459873611	0.4539740130496234	0.4413513078977863	0.5770353611983807	0.3469483569344056	0.06587621802367936	0.3097523966636653	0.47679527634388097	0.4413513078977863	0.4583533645927166	0.568707461644335	0.5031807103451824	0.2928830321673387	0.5845581743915202	0.6932177456746061	0.5770353611983807	0.568707461644335	1.190347393907124
0.5525477621749446	0.08634039384611919	0.13636930412931858	0.3761976260328306	0.35175073609222696	0.34077328938578244	0.5237154471895703	0.08634039384611919	0.5934336654926012	-0.10199546802888707	0.05805822271825227	0.10522772027974071	0.09749174577452391	0.355578256590091	0.13636930412931858	-0.10199546802888707	1.0806528493206917	0.20880103936913944	0.2872953386967109	0.28640825854865826	0.6820145249966969	0.3761976260328306	0.05805822271825227	0.20880103936913944	1.5914698214111356	0.524365808860647	0.5237969015091347	0.7770827725902522	0.35175073609222696	0.10522772027974071	0.2872953386967109	0.524365808860647	0.4823409997831817	0.4649107244097495	0.6169170908753928	0.34077328938578244	0.09749174577452391	0.28640825854865826	0.5237969015091347	0.4649107244097495	0.49024944622087085	0.6022350276574965	0.5237154471895703	0.355578256590091	0.6820145249966969	0.7770827725902522	0.6169170908753928	0.6022350276574965	1.3692801455540524
0.5190294909984479	0.1513586675149578	0.10563440594363696	0.2930672465256111	0.28498601270102064	0.27823102365321617	0.49292074681500625	0.1513586675149578	0.4578019276055936	0.039065001072408484	0.18267163909386086	0.20348355969817072	0.19780175805274433	0.4426877245384982	0.10563440594363696	0.039065001072408484	0.9066219110041491	0.16927651864250567	0.23973620040324686	0.23931962960292774	0.6425646695396606	0.2930672465256111	0.18267163909386086	0.16927651864250567	1.3699208031323393	0.4227550766480243	0.42184283240042253	0.718498765189158	0.28498601270102064	0.20348355969817072	0.23973620040324686	0.4227550766480243	0.40286376854098416	0.38957108703702803	0.5747189646259364	0.27823102365321617	0.19780175805274433	0.23931962960292774	0.42184283240042253	0.38957108703702803	0.4085182317439552	0.5647644899570757	0.49292074681500625	0.4426877245384982	0.6425646695396606	0.718498765189158	0.5747189646259364	0.5647644899570757	1.3730337771245071
0.45385332689631863	0.17389938535635707	0.09615941940002656	0.3339596353912016	0.3230022088044869	0.31603153658864247	0.4941934080714266	0.17389938535635707	0.4540047220432252	-0.018603478607816692	0.18948309876769498	0.20268953049307942	0.1968735684658133	0.41343400014277903	0.09615941940002656	-0.018603478607816692	1.0008514977635645	0.10304090051337972	0.17330717871234325	0.1747634233536308	0.6006802185507234	0.3339596353912016	0.18948309876769498	0.10304090051337972	1.0681014207972483	0.4026001102576645	0.39947787711442645	0.6309409221559223	0.3230022088044869	0.20268953049307942	0.17330717871234325	0.4026001102576645	0.3900189390621131	0.37643981920042346	0.5402472254888276	0.31603153658864247	0.1968735684658133	0.1747634233536308	0.39947787711442645	0.37643981920042346	0.3947918010667698	0.5306843782360718	0.4941934080714266	0.41343400014277903	0.6006802185507234	0.6309409221559223	0.5402472254888276	0.5306843782360718	1.2803396595400995
0.6106020226089057	0.0982324815954092	0.04709408040791785	0.3881345823014814	0.3791145761453389	0.34366417033628294	0.5198363224126187	0.0982324815954092	0.6449149896242813	-0.21365840415612394	0.09861009762511277	0.1111976564878331	0.08842385583559823	0.34164596313797135	0.04709408040791785	-0.21365840415612394	1.413245691781635	0.21007880079313251	0.24264212789939707	0.249906227708135	0.7328645155275825	0.3881345823014814	0.09861009762511277	0.21007880079313251	0.8464205687729326	0.5426016022248885	0.513842337759778	0.6737310556089494	0.3791145761453389	0.1111976564878331	0.24264212789939707	0.5426016022248885	0.5316391190610029	0.4879195399961488	0.6315341487640159	0.34366417033628294	0.08842385583559823	0.249906227708135	0.513842337759778	0.4879195399961488	0.5489824501472274	0.5869533115548169	0.5198363224126187	0.34164596313797135	0.7328645155275825	0.6737310556089494	0.6315341487640159	0.5869533115548169	1.368982275483381
0.7393377624729394	0.19413383648118138	-0.04949888678109185	0.336663148335426	0.3468688378377731	0.20769838739537663	0.575834549481656	0.19413383648118138	0.6039920715665299	-0.0770140637171921	0.211304032236226	0.25008151943143164	0.1371312223589773	0.5345437990364611	-0.04949888678109185	-0.0770140637171921	1.6891788793286944	0.11583695197454033	0.21552790791198825	0.2433890494987695	0.9700651883759461	0.336663148335426	0.211304032236226	0.11583695197454033	1.5867840709684586	0.5616849373098087	0.5485090435582617	0.8488977886120143	0.3468688378377731	0.25008151943143164	0.21552790791198825	0.5616849373098087	0.5550514615560962	0.39922823893435166	0.71684608493864	0.20769838739537663	0.1371312223589773	0.2433890494987695	0.5485090435582617	0.39922823893435166	0.6509223453166497	0.546510719996094	0.575834549481656	0.5345437990364611	0.9700651883759461	0.8488977886120143	0.71684608493864	0.546510719996094	1.810951075939964
0.6456206117409045	0.23603279797809154	-0.06999624350310774	0.4161260393941172	0.43758967231318413	0.2387983910786356	0.5915508496643909	0.23603279797809154	0.6092219922330386	-0.18751535997808896	0.2096729688857195	0.26703687484072536	0.10824615026514564	0.4860855560749425	-0.06999624350310774	-0.18751535997808896	1.7642695723663522	-0.068185146927505	0.07790461274086619	0.1590873952591067	0.8073229490275717	0.4161260393941172	0.2096729688857195	-0.068185146927505	1.644752512702995	0.5354895636958477	0.5251305417868194	0.7665953144729609	0.43758967231318413	0.26703687484072536	0.07790461274086619	0.5354895636958477	0.5485373573409296	0.3378871650087536	0.6725190276785936	0.2387983910786356	0.10824615026514564	0.1590873952591067	0.5251305417868194	0.3378871650087536	0.669986001983304	0.46022080928831377	0.5915508496643909	0.4860855560749425	0.8073229490275717	0.7665953144729609	0.6725190276785936	0.46022080928831377	1.6099376835889248
0.6668255657480502	0.2245990404544315	-0.1764087746026406	0.23139175816274143	0.25304039502934156	0.15156152190282546	0.4076335369154756	0.2245990404544315	0.41120371372043363	-0.012399458815820621	0.33105352809085464	0.350188361116426	0.2498850007970399	0.49257835053625243	-0.1764087746026406	-0.012399458815820621	1.252505676572728	-0.08728239333826573	0.04502256979414043	0.08466166857945405	0.5152898731049707	0.23139175816274143	0.33105352809085464	-0.08728239333826573	1.2018860426483053	0.3952230337774553	0.38261041321369016	0.5887954823589842	0.25304039502934156	0.350188361116426	0.04502256979414043	0.3952230337774553	0.40880262391794453	0.29755342336731994	0.5333836813571198	0.15156152190282546	0.2498850007970399	0.08466166857945405	0.38261041321369016	0.29755342336731994	0.5108815968105966	0.41221577182466623	0.4076335369154756	0.49257835053625243	0.5152898731049707	0.5887954823589842	0.5333836813571198	0.41221577182466623	1.2041473413696797
0.6886397032757898	0.15132671792593588	-0.13597284482298985	0.2006667951352627	0.21580570548716718	0.15111420603699133	0.3623602420568173	0.15132671792593588	0.42935619500539196	-0.011719722795138388	0.26399594815278266	0.2819145122434057	0.2211594270979822	0.423908052888724	-0.13597284482298985	-0.011719722795138388	1.0758723691069312	0.06125288351444581	0.141657606584483	0.1548823669886957	0.4905162326530325	0.2006667951352627	0.26399594815278266	0.06125288351444581	0.9853084679766744	0.41999116683161497	0.39476848619024246	0.575088372984593	0.21580570548716718	0.2819145122434057	0.141657606584483	0.41999116683161497	0.4249997263404165	0.3482036777445196	0.5333978640959954	0.15111420603699133	0.2211594270979822	0.1548823669886957	0.39476848619024246	0.3482036777445196	0.4962906542170552	0.4480788426745983	0.3623602420568173	0.423908052888724	0.4905162326530325	0.575088372984593	0.5333978640959954	0.4480788426745983	1.0966029939188158
0.6479898462700164	0.18548195022270264	-0.13702016857266397	0.2487688355259945	0.2541955225505007	0.19921600164084952	0.40029031725218495	0.18548195022270264	0.43703171180297884	-0.046141854990673414	0.27761471058830856	0.2895319946061368	0.23872532587686093	0.4375157214382384	-0.13702016857266397	-0.046141854990673414	1.2358011195026692	-0.01346551086836209	0.09557646973916552	0.11450963470982432	0.532487474730873	0.2487688355259945	0.27761471058830856	-0.01346551086836209	1.1170175405309544	0.42583929117322256	0.4095903862731837	0.5980096673113117	0.2541955225505007	0.2895319946061368	0.09557646973916552	0.42583929117322256	0.4220989474444802	0.3584650436154416	0.5351105628601642	0.19921600164084952	0.23872532587686093	0.11450963470982432	0.4095903862731837	0.3584650436154416	0.4728602039281532	0.46788577866820574	0.40029031725218495	0.4375157214382384	0.532487474730873	0.5980096673113117	0.5351105628601642	0.46788577866820574	1.1732483201057993
0.5098744423744632	0.14535358010146096	0.07015129293169707	0.21501713008553075	0.23312647683637244	0.21487330962045365	0.4110225313023978	0.14535358010146096	0.3871383253674068	0.0775560644158536	0.19191281191670723	0.22421107228895115	0.20773059723529974	0.40818360631267986	0.07015129293169707	0.0775560644158536	0.72430323412975	0.13411092445905692	0.21744359578597833	0.21182085150160057	0.5078961202418132	0.21501713008553075	0.19191281191670723	0.13411092445905692	1.3133954781329673	0.3598052129410656	0.36529428249929313	0.6103680250629135	0.23312647683637244	0.22421107228895115	0.21744359578597833	0.3598052129410656	0.36310984580691813	0.3380069472857811	0.5099688477341738	0.21487330962045365	0.20773059723529974	0.21182085150160057	0.36529428249929313	0.3380069472857811	0.389642545260902	0.48367001935912407	0.4110225313023978	0.40818360631267986	0.5078961202418132	0.6103680250629135	0.5099688477341738	0.48367001935912407	1.1330962209847866
0.6590159610537538	0.1595793782182861	0.02637818197165831	0.218567000792811	0.2199144765234162	0.19860864181245505	0.48198758306501815	0.1595793782182861	0.4303133510424576	0.11750398268171028	0.2700039525303326	0.2757701566534375	0.25578185528128317	0.5288590413360164	0.02637818197165831	0.11750398268171028	0.9730717590814477	0.19907947544095955	0.25054416731853396	0.2463190084829006	0.7256680828311198	0.218567000792811	0.2700039525303326	0.19907947544095955	1.1492310766580776	0.420700308103378	0.41666666394260876	0.7289984587033678	0.2199144765234162	0.2757701566534375	0.25054416731853396	0.420700308103378	0.4094298399153256	0.3807846275978108	0.6101554696882373	0.19860864181245505	0.25578185528128317	0.2463190084829006	0.41666666394260876	0.3807846275978108	0.4338173501141128	0.5768343536987474	0.48198758306501815	0.5288590413360164	0.7256680828311198	0.7289984587033678	0.6101554696882373	0.5768343536987474	1.523189677260292
0.6555247695979366	0.14671059949058246	-0.005427808059231237	0.20799861522161806	0.21012673346120872	0.17827792914929358	0.4352999546742387	0.14671059949058246	0.4215193083562965	0.09014398246814534	0.2658878289007335	0.26877894024622884	0.23892209417015484	0.48618837872766163	-0.005427808059231237	0.09014398246814534	0.9317088185457036	0.21781210368439838	0.23199980127214784	0.22861124684178136	0.644293503611487	0.20799861522161806	0.2658878289007335	0.21781210368439838	0.5794954756106698	0.4045646503490854	0.3761944392735238	0.6002259110336977	0.21012673346120872	0.26877894024622884	0.23199980127214784	0.4045646503490854	0.4070030540016361	0.36563156442377853	0.5766543986096535	0.17827792914929358	0.23892209417015484	0.22861124684178136	0.3761944392735238	0.36563156442377853	0.44575509478740605	0.5249311886058949	0.4352999546742387	0.48618837872766163	0.644293503611487	0.6002259110336977	0.5766543986096535	0.5249311886058949	1.3468382357802609
0.6614687251505988	0.21343575653335697	0.14546788544388398	0.2198988129356597	0.21614385734538197	0.19629760987029557	0.6186386788375253	0.21343575653335697	0.36849324251518933	0.302006352074913	0.3669977587599556	0.35737102579327656	0.3367148308879654	0.6960223819150866	0.14546788544388398	0.302006352074913	0.6684783721098653	0.30266899071340525	0.30784335585599637	0.2950674352033631	0.8119137167960797	0.2198988129356597	0.3669977587599556	0.30266899071340525	0.8636247317623331	0.3761011840838718	0.3670244241166203	0.8139402416817244	0.21614385734538197	0.35737102579327656	0.30784335585599637	0.3761011840838718	0.37142823764110877	0.34260048243874575	0.698423405165715	0.19629760987029557	0.3367148308879654	0.2950674352033631	0.3670244241166203	0.34260048243874575	0.39569309816373355	0.658237661897548	0.6186386788375253	0.6960223819150866	0.8119137167960797	0.8139402416817244	0.698423405165715	0.658237661897548	1.893575189633924
0.9513736100930535	0.22266875426728963	0.15617926141875896	0.24920293667426074	0.23387518354334627	0.1454117142086685	0.8198051592762486	0.22266875426728963	0.5085295989370454	0.34949569862082086	0.41917066737726527	0.4019622451860451	0.3119197271653422	0.8888300113177675	0.15617926141875896	0.34949569862082086	0.9729244394711528	0.44210667485291555	0.4301766535051961	0.3680554199690145	1.1609020136522386	0.24920293667426074	0.41917066737726527	0.44210667485291555	1.6066295975493108	0.5191093033609951	0.5287372359405028	1.212466002809884	0.23387518354334627	0.4019622451860451	0.4301766535051961	0.5191093033609951	0.4926040595623219	0.39063377187495063	0.9147711422638748	0.1454117142086685	0.3119197271653422	0.3680554199690145	0.5287372359405028	0.39063377187495063	0.5845296290171588	0.7425860269590392	0.8198051592762486	0.8888300113177675	1.1609020136522386	1.212466002809884	0.9147711422638748	0.7425860269590392	2.618853119408045
0.6969267382355069	0.14088993208063036	-0.05096126355643954	0.18401370522860938	0.21362709670624475	0.1472144657984813	0.41297799302592736	0.14088993208063036	0.44571248505842204	0.04956507571397073	0.23048986281786904	0.26777024828495505	0.2058063797714841	0.46211148174272104	-0.05096126355643954	0.04956507571397073	1.0121615245024498	0.11434898398472595	0.2231393011677914	0.21436635388309933	0.6061891082450239	0.18401370522860938	0.23048986281786904	0.11434898398472595	1.4773953502896144	0.4320640202608276	0.4495671328308719	0.6871554761009863	0.21362709670624475	0.26777024828495505	0.2231393011677914	0.4320640202608276	0.43710416049108636	0.35783559896748535	0.5843268481680853	0.1472144657984813	0.2058063797714841	0.21436635388309933	0.4495671328308719	0.35783559896748535	0.5186739336543281	0.49205418238511006	0.41297799302592736	0.46211148174272104	0.6061891082450239	0.6871554761009863	0.5843268481680853	0.49205418238511006	1.2953514941636999
0.7493670007231523	0.19267702050044488	-0.1516115222138739	0.2357943618528497	0.2595961994041402	0.1442990500904475	0.4482560523451746	0.19267702050044488	0.4803198692324817	-0.023156595682519543	0.2855272220940603	0.3158228457142669	0.208741989386368	0.5028003876919186	-0.1516115222138739	-0.023156595682519543	1.3790754407869488	0.012273364544418741	0.13651877523154446	0.16574742144119536	0.6754752105351577	0.2357943618528497	0.2855272220940603	0.012273364544418741	1.3958270128894052	0.46410824733702616	0.45816881702492135	0.6950553878253825	0.2595961994041402	0.3158228457142669	0.13651877523154446	0.46410824733702616	0.4721708787337576	0.3428505611321514	0.611946123514384	0.1442990500904475	0.208741989386368	0.16574742144119536	0.45816881702492135	0.3428505611321514	0.5778175803984771	0.4689506460498633	0.4482560523451746	0.5028003876919186	0.6754752105351577	0.6950553878253825	0.611946123514384	0.4689506460498633	1.4107700584349026
0.830377975189088	0.22370128211051576	-0.007350484466218776	0.23263230780384786	0.25454315104122466	0.10608730255969845	0.6216130382188215	0.22370128211051576	0.4841061290356389	0.17666918292904216	0.36107021020908714	0.3813705658704659	0.23388603014224185	0.7081721946577431	-0.007350484466218776	0.17666918292904216	1.3253720694119053	0.21552280832579307	0.26353953559363785	0.24895934033515985	1.0189660033272059	0.23263230780384786	0.36107021020908714	0.21552280832579307	1.2050261816173065	0.4634709237908743	0.4306097051972304	0.8643914085555646	0.25454315104122466	0.3813705658704659	0.26353953559363785	0.4634709237908743	0.4776626639677561	0.3109773856249748	0.7564958964636282	0.10608730255969845	0.23388603014224185	0.24895934033515985	0.4306097051972304	0.3109773856249748	0.6309206253407478	0.524621910801768	0.6216130382188215	0.7081721946577431	1.0189660033272059	0.8643914085555646	0.7564958964636282	0.524621910801768	2.052031464638297
0.5349129844775395	0.23437116857377824	0.13193053510668185	0.23132425469686152	0.240773596916589	0.18581360703665462	0.5558035632058236	0.23437116857377824	0.3486373942026655	0.23884167795756092	0.3275986842649836	0.3331505066376482	0.27580918614638916	0.6168431277534827	0.13193053510668185	0.23884167795756092	0.6819824935549765	0.22241673208131824	0.24871959783150444	0.22129240976665732	0.7020526697286321	0.23132425469686152	0.3275986842649836	0.22241673208131824	0.837116453952225	0.340719981419909	0.3225377405075168	0.7007794512518176	0.240773596916589	0.3331505066376482	0.24871959783150444	0.340719981419909	0.34974187108225624	0.28502455250196684	0.6225558729563165	0.18581360703665462	0.27580918614638916	0.22129240976665732	0.3225377405075168	0.28502455250196684	0.4337025010317	0.5229645350778336	0.5558035632058236	0.6168431277534827	0.7020526697286321	0.7007794512518176	0.6225558729563165	0.5229645350778336	1.624162164443404
0.5117905465225635	0.26239039413969856	0.04866709657173901	0.240179913639114	0.2652808727087645	0.174857981117288	0.515521580375596	0.26239039413969856	0.35339532114439953	0.1509316340065074	0.32494395324842773	0.3448572887310778	0.25188100787437945	0.5744770775159724	0.04866709657173901	0.1509316340065074	0.9110075018752961	0.07278670013560665	0.15445757640971008	0.14494377014163268	0.6517802079409802	0.240179913639114	0.32494395324842773	0.07278670013560665	1.149869337974245	0.3343238654096934	0.3400844518824614	0.6643385583845945	0.2652808727087645	0.3448572887310778	0.15445757640971008	0.3343238654096934	0.3576758434332167	0.2556632178065409	0.5770803310743904	0.174857981117288	0.25188100787437945	0.14494377014163268	0.3400844518824614	0.2556632178065409	0.4820282829245326	0.4444755631373306	0.515521580375596	0.5744770775159724	0.6517802079409802	0.6643385583845945	0.5770803310743904	0.4444755631373306	1.4840318406640343
0.7570675586786084	0.21710933781827496	-0.07240690570636385	0.3453265435500682	0.3496661327914898	0.1883480725895136	0.5913625767947059	0.21710933781827496	0.5924681690957743	-0.06257078323888021	0.2735577913801936	0.28415272398129066	0.15172381697556533	0.5742808780601816	-0.07240690570636385	-0.06257078323888021	1.769583420608742	0.16561908184804985	0.19194864728316266	0.24595321464165	1.0304709871137514	0.3453265435500682	0.2735577913801936	0.16561908184804985	0.8353911642414023	0.5502388774765374	0.4191588477941039	0.7626432452204056	0.3496661327914898	0.28415272398129066	0.19194864728316266	0.5502388774765374	0.5537584470593298	0.37296941242804743	0.7262179319375345	0.1883480725895136	0.15172381697556533	0.24595321464165	0.4191588477941039	0.37296941242804743	0.6485300234815382	0.5151833160763426	0.5913625767947059	0.5742808780601816	1.0304709871137514	0.7626432452204056	0.7262179319375345	0.5151833160763426	1.880004921128998
0.6612821882581321	0.13946766103830155	0.01223828401934643	0.4442560490210461	0.432050389386828	0.3165355459529413	0.5881141409658804	0.13946766103830155	0.6951669213537434	-0.22851437422772258	0.10273640730039185	0.14733372692974328	0.06839849917940631	0.4127286080090711	0.01223828401934643	-0.22851437422772258	1.7234145974386559	0.09701437575132765	0.2052257823089529	0.23472214154780913	0.8788971960979566	0.4442560490210461	0.10273640730039185	0.09701437575132765	1.5624719670795573	0.6088468857361833	0.5804858424410777	0.8151188618040012	0.432050389386828	0.14733372692974328	0.2052257823089529	0.6088468857361833	0.5835826490215885	0.45552785878312935	0.6951664542253922	0.3165355459529413	0.06839849917940631	0.23472214154780913	0.5804858424410777	0.45552785878312935	0.6410827086841292	0.5642208654957025	0.5881141409658804	0.4127286080090711	0.8788971960979566	0.8151188618040012	0.6951664542253922	0.5642208654957025	1.6272995094619005
0.6716357936684041	0.10740351813171384	0.11622817914154371	0.40476056663692517	0.40744539771351207	0.28407912892207215	0.6151723320982885	0.10740351813171384	0.7043981361435337	-0.14026686190187143	0.04758304205302191	0.11223983709369986	0.031886495981370735	0.43422427855590967	0.11622817914154371	-0.14026686190187143	1.3878909928631527	0.26100072846823386	0.33559271113420047	0.31968119403496553	0.8824498106838512	0.40476056663692517	0.04758304205302191	0.26100072846823386	1.6657382987460778	0.6129637185566806	0.6049617127215176	0.8811092391736614	0.40744539771351207	0.11223983709369986	0.33559271113420047	0.6129637185566806	0.5960612505713041	0.4551928568045098	0.7425879637528026	0.28407912892207215	0.031886495981370735	0.31968119403496553	0.6049617127215176	0.4551928568045098	0.6785303812514462	0.5818453458120797	0.6151723320982885	0.43422427855590967	0.8824498106838512	0.8811092391736614	0.7425879637528026	0.5818453458120797	1.6990401055074056
0.7446656354258259	0.1968056773995896	-0.06115877406078901	0.2975556343074561	0.31094075062901677	0.17665047829122757	0.5482004862965102	0.1968056773995896	0.553179432252582	-0.028245146069767746	0.25222760556125184	0.2793315056342316	0.16463191066233024	0.5448735992638336	-0.06115877406078901	-0.028245146069767746	1.5215847460733993	0.13864372278743783	0.21074765400954049	0.23374894044050093	0.8919135084881944	0.2975556343074561	0.25222760556125184	0.13864372278743783	1.2502838849092848	0.5211045700957452	0.4764751306957032	0.7824426146866537	0.31094075062901677	0.2793315056342316	0.21074765400954049	0.5211045700957452	0.5236534860299642	0.3718424320655894	0.6952449324573643	0.17665047829122757	0.16463191066233024	0.23374894044050093	0.4764751306957032	0.3718424320655894	0.6275402393623238	0.5184233423623625	0.5482004862965102	0.5448735992638336	0.8919135084881944	0.7824426146866537	0.6952449324573643	0.5184233423623625	1.7216677590664629
0.7599417960620388	0.21648479973854434	-0.107505422024602	0.29502788489222964	0.3037336160609958	0.17807123089657093	0.541703876843125	0.21648479973854434	0.5331957071641176	-0.0233101985593904	0.29285415902539835	0.31236293678967875	0.20058948277450772	0.5675318496745999	-0.107505422024602	-0.0233101985593904	1.6872815510171568	0.07897837803456913	0.16548988922109428	0.20467131987770032	0.9528874911056124	0.29502788489222964	0.29285415902539835	0.07897837803456913	1.3033009973387546	0.5099915700382271	0.47471483884283827	0.7849941631050614	0.3037336160609958	0.31236293678967875	0.16548988922109428	0.5099915700382271	0.5081080481490667	0.36833957745145407	0.6827934406217674	0.17807123089657093	0.20058948277450772	0.20467131987770032	0.47471483884283827	0.36833957745145407	0.6016475236344496	0.5262764760762715	0.541703876843125	0.5675318496745999	0.9528874911056124	0.7849941631050614	0.6827934406217674	0.5262764760762715	1.7812783158826422
0.5863924549269031	0.22077135756973637	0.07165961767528325	0.3826386411459793	0.3708182253028834	0.28926956328229503	0.6244471755767136	0.22077135756973637	0.5517807207454409	-0.0008915065591467708	0.24662055161708168	0.25814011153620225	0.1906760005534033	0.5766185643411351	0.07165961767528325	-0.0008915065591467708	1.567981775671638	0.13010459345558104	0.19972238332657086	0.21156781082266107	1.0259583897464681	0.3826386411459793	0.24662055161708168	0.13010459345558104	1.3079372665514553	0.4921426304669344	0.47214386496289984	0.827738881123628	0.3708182253028834	0.25814011153620225	0.19972238332657086	0.4921426304669344	0.4754980601663422	0.3855288384464435	0.688188147333175	0.28926956328229503	0.1906760005534033	0.21156781082266107	0.47214386496289984	0.3855288384464435	0.5367184098992992	0.5826292103706135	0.6244471755767136	0.5766185643411351	1.0259583897464681	0.827738881123628	0.688188147333175	0.5826292103706135	1.917375710826299
0.6424327453960739	0.08723728182464108	0.1001408216938772	0.4161983300952846	0.39991086283282845	0.3540470440648625	0.581274256710629	0.08723728182464108	0.7177884918882145	-0.19075215042337063	0.06221472068540396	0.0842168600830816	0.056248610823022405	0.3987073286638277	0.1001408216938772	-0.19075215042337063	1.5130542386778807	0.270166938986668	0.3095574318900363	0.3121148708614029	0.9050556364428836	0.4161983300952846	0.06221472068540396	0.270166938986668	1.1049846422955585	0.5959161537093758	0.5662674286012148	0.7796145078188026	0.39991086283282845	0.0842168600830816	0.3095574318900363	0.5959161537093758	0.5721239078854138	0.5167103967251279	0.6953562310849775	0.3540470440648625	0.056248610823022405	0.3121148708614029	0.5662674286012148	0.5167103967251279	0.5934749983965502	0.6356712657033091	0.581274256710629	0.3987073286638277	0.9050556364428836	0.7796145078188026	0.6953562310849775	0.6356712657033091	1.636407565566658
0.6664976693443312	0.13657345611197624	0.056362837452658854	0.42707795030056095	0.41958343167128004	0.345688553847587	0.6191982456371105	0.13657345611197624	0.7298848996065783	-0.1710820716110551	0.13007730559712427	0.13601216650064954	0.08839182434417805	0.4918627039747593	0.056362837452658854	-0.1710820716110551	1.9007880795925427	0.2396093053801616	0.25635795822407115	0.2778321772270039	1.1420080995199149	0.42707795030056095	0.13007730559712427	0.2396093053801616	0.7944757656976504	0.5873418244354967	0.519986113976026	0.753402712842953	0.41958343167128004	0.13601216650064954	0.25635795822407115	0.5873418244354967	0.5805879342958989	0.4955771952565407	0.7160865665960341	0.345688553847587	0.08839182434417805	0.2778321772270039	0.519986113976026	0.4955771952565407	0.6059056083952126	0.6240280409710369	0.6191982456371105	0.4918627039747593	1.1420080995199149	0.753402712842953	0.7160865665960341	0.6240280409710369	1.916526991463966
0.6164021954919884	0.07648190439099145	0.05622021311650921	0.3918814333374461	0.3883409749259933	0.34772003221469205	0.5133876869765434	0.07648190439099145	0.6631142654087541	-0.25211815585549513	0.0788456456662204	0.08421340172387454	0.06027767207817537	0.29994098250020623	0.05622021311650921	-0.25211815585549513	1.3711789220961341	0.252456373412953	0.2621746410065105	0.269692479774935	0.6905344381151871	0.3918814333374461	0.0788456456662204	0.252456373412953	0.6545467091387212	0.5498534961234204	0.5091578257184879	0.6485471133618602	0.3883409749259933	0.08421340172387454	0.2621746410065105	0.5498534961234204	0.5488047367512731	0.4987490259577412	0.6341246328776079	0.34772003221469205	0.06027767207817537	0.269692479774935	0.5091578257184879	0.4987490259577412	0.5669764785653166	0.5825794671609233	0.5133876869765434	0.29994098250020623	0.6905344381151871	0.6485471133618602	0.6341246328776079	0.5825794671609233	1.2892271411128209
0.5238269743395948	0.23364627863426063	-0.03498435041278769	0.2062990704872889	0.2418863536171601	0.16029862714290552	0.4191336802890654	0.23364627863426063	0.34619110554394683	0.08458972342186	0.30042452635300293	0.32925964174754196	0.24561394912544843	0.4911760546963363	-0.03498435041278769	0.08458972342186	0.9046510303721201	-0.032158041849940325	0.09693307688290458	0.10056239016506927	0.4819227244822609	0.2062990704872889	0.30042452635300293	-0.032158041849940325	1.2682279524091178	0.31900172996010856	0.3407307751950648	0.564823945855023	0.2418863536171601	0.32925964174754196	0.09693307688290458	0.31900172996010856	0.34779806339201763	0.25682896950235434	0.5005488205041844	0.16029862714290552	0.24561394912544843	0.10056239016506927	0.3407307751950648	0.25682896950235434	0.4620939529641679	0.3937589080857105	0.4191336802890654	0.4911760546963363	0.4819227244822609	0.564823945855023	0.5005488205041844	0.3937589080857105	1.167906534992506
0.42873889501144763	0.23147318156060667	0.02195133471179561	0.19322213084927026	0.23499579670859172	0.17306246231529085	0.39498319173703	0.23147318156060667	0.3082673916543977	0.10435845491006208	0.26398583974159884	0.2993016627230274	0.23574070198704802	0.44888179827047464	0.02195133471179561	0.10435845491006208	0.7139767713113333	-0.019243382742510654	0.10854777875313784	0.1017016568925114	0.40821252858740836	0.19322213084927026	0.26398583974159884	-0.019243382742510654	1.2553054262148424	0.2752065813041538	0.3041089440934524	0.5071235983729852	0.23499579670859172	0.2993016627230274	0.10854777875313784	0.2752065813041538	0.31240909100296166	0.24015211868889352	0.45254890789398433	0.17306246231529085	0.23574070198704802	0.1017016568925114	0.3041089440934524	0.24015211868889352	0.413758837788411	0.3701533566843571	0.39498319173703	0.44888179827047464	0.40821252858740836	0.5071235983729852	0.45254890789398433	0.3701533566843571	1.0284182570313603
0.4400728500372363	0.18662128788064006	0.015146743079955033	0.1581846432956866	0.1882519060278653	0.1714830436574954	0.33300064557862186	0.18662128788064006	0.28434498529202484	0.1243602352826052	0.2560606271710829	0.2768329508161259	0.25960519338471	0.40854330579159104	0.015146743079955033	0.1243602352826052	0.6026009681545949	0.031299350573415236	0.1261643472767861	0.12479368628249757	0.36474842583591716	0.1581846432956866	0.2560606271710829	0.031299350573415236	1.0456806561955867	0.26546016309913106	0.2679839061500153	0.4589329327235608	0.1882519060278653	0.2768329508161259	0.1261643472767861	0.26546016309913106	0.2916149935944275	0.26187764380678386	0.4103527825937074	0.1714830436574954	0.25960519338471	0.12479368628249757	0.2679839061500153	0.26187764380678386	0.31965140046230167	0.38668814166023563	0.33300064557862186	0.40854330579159104	0.36474842583591716	0.4589329327235608	0.4103527825937074	0.38668814166023563	0.9006522471417382
0.7331753150230779	0.2140680955427846	-0.22144467921596683	0.2565859037901107	0.2617361200219376	0.1719160503340066	0.4199874357389557	0.2140680955427846	0.4551486995560424	-0.05976194975973892	0.3328908264968858	0.3398316736457653	0.2547408323680628	0.4930526616309857	-0.22144467921596683	-0.05976194975973892	1.4997764216939622	-0.03784282689550954	0.0530380422071082	0.10194163134905361	0.6327838713345877	0.2565859037901107	0.3328908264968858	-0.03784282689550954	0.9922816808957532	0.4474374321839738	0.4026722082930638	0.6179129778689448	0.2617361200219376	0.3398316736457653	0.0530380422071082	0.4474374321839738	0.4472717095411922	0.34762708684737953	0.5675846379625608	0.1719160503340066	0.2547408323680628	0.10194163134905361	0.4026722082930638	0.34762708684737953	0.5167888680409737	0.4620912781122132	0.4199874357389557	0.4930526616309857	0.6327838713345877	0.6179129778689448	0.5675846379625608	0.4620912781122132	1.3227518974206338
0.42250002554855504	0.19095414669710664	-0.06833707933313335	0.1840552949427745	0.19998134752968677	0.19028084607111084	0.27961960586348866	0.19095414669710664	0.2866189154032148	0.02850450011099415	0.25796599531566006	0.2697577237030056	0.2600176350855993	0.3439018628368509	-0.06833707933313335	0.02850450011099415	0.6744562839333711	-0.046657187640026	0.04188223781364234	0.045618133834740865	0.21223342335252005	0.1840552949427745	0.25796599531566006	-0.046657187640026	0.7773195140286459	0.27425267597497155	0.2709088729168159	0.3696315837737356	0.19998134752968677	0.2697577237030056	0.04188223781364234	0.27425267597497155	0.28925248133378034	0.27188462023375465	0.3545247864480264	0.19028084607111084	0.2600176350855993	0.045618133834740865	0.2709088729168159	0.27188462023375465	0.3029705067521946	0.34271253983988337	0.27961960586348866	0.3439018628368509	0.21223342335252005	0.3696315837737356	0.3545247864480264	0.34271253983988337	0.6518059385631576
0.4128902193904037	0.19801030061096841	-0.05256839585127633	0.1857895732467466	0.20592110986658652	0.18992138108198794	0.2934916998834819	0.19801030061096841	0.2863605421670806	0.03717706398667426	0.2558387539083056	0.27144180565707565	0.2551878509967273	0.35328907928266856	-0.05256839585127633	0.03717706398667426	0.6732582240145897	-0.053067182051963514	0.048402443947741396	0.05231102426296437	0.23182070261999255	0.1857895732467466	0.2558387539083056	-0.053067182051963514	0.8662644639942693	0.2707833780252903	0.2684306678897124	0.380976386629824	0.20592110986658652	0.27144180565707565	0.048402443947741396	0.2707833780252903	0.28899547956709787	0.26528420111056317	0.36231596379278447	0.18992138108198794	0.2551878509967273	0.05231102426296437	0.2684306678897124	0.26528420111056317	0.31403154061681815	0.3425823801385404	0.2934916998834819	0.35328907928266856	0.23182070261999255	0.380976386629824	0.36231596379278447	0.3425823801385404	0.6881648732392792
0.9241835117975219	0.1882914838612749	-0.22113709925061614	0.24680447828351204	0.26035561317406086	0.10822398320762495	0.5006045944665966	0.1882914838612749	0.5798544261166241	-0.062004445909438655	0.28718864207682643	0.3076650096491077	0.17438376201912753	0.5587885744234865	-0.22113709925061614	-0.062004445909438655	1.8331815368514404	0.14991879960325538	0.210936605312585	0.2667438200881648	0.9882496644014703	0.24680447828351204	0.28718864207682643	0.14991879960325538	1.159035134745271	0.5795997704961411	0.49499449086651637	0.7939800928656829	0.26035561317406086	0.3076650096491077	0.210936605312585	0.5795997704961411	0.5808533163744866	0.404098539304939	0.7262367086885729	0.10822398320762495	0.17438376201912753	0.2667438200881648	0.49499449086651637	0.404098539304939	0.675555493671234	0.5313883144740222	0.5006045944665966	0.5587885744234865	0.9882496644014703	0.7939800928656829	0.7262367086885729	0.5313883144740222	1.7873515715859711
0.9043773545983875	0.17727986039815857	-0.1674059684734865	0.20679416950958074	0.2256585971549463	0.0834353554122688	0.49172645378152086	0.17727986039815857	0.520868590716797	0.036097935751507826	0.3168814889506011	0.3369533268314635	0.20303318172007026	0.5854780748636927	-0.1674059684734865	0.036097935751507826	1.501208552376268	0.16995011204465874	0.22419633892577154	0.2505927072488685	0.8858642500369049	0.20679416950958074	0.3168814889506011	0.16995011204465874	1.0697898042821676	0.5175041979340006	0.4449803381156751	0.7638765623174386	0.2256585971549463	0.3369533268314635	0.22419633892577154	0.5175041979340006	0.5260172831361594	0.35980173887669953	0.7032970243256076	0.0834353554122688	0.20303318172007026	0.2505927072488685	0.4449803381156751	0.35980173887669953	0.6471624480747455	0.5023210158318935	0.49172645378152086	0.5854780748636927	0.8858642500369049	0.7638765623174386	0.7032970243256076	0.5023210158318935	1.715494847643434
0.8012351325573841	0.17590822213397844	-0.1004038905765409	0.1955881041610053	0.21589040417451463	0.09644650516897221	0.4699687579603922	0.17590822213397844	0.4580285097211258	0.09058129060699002	0.32185018404330423	0.3406000234878672	0.22271627824762477	0.5691195957613199	-0.1004038905765409	0.09058129060699002	1.1873243709997754	0.15449603443834042	0.20725419903043016	0.21297614992491232	0.7419197721749535	0.1955881041610053	0.32185018404330423	0.15449603443834042	0.9665457482880754	0.44600907384529187	0.39137228272635377	0.6966995455311147	0.21589040417451463	0.3406000234878672	0.20725419903043016	0.44600907384529187	0.4587298862183863	0.31986227541076806	0.6454936690420038	0.09644650516897221	0.22271627824762477	0.21297614992491232	0.39137228272635377	0.31986227541076806	0.5901312834030098	0.46768348572239	0.4699687579603922	0.5691195957613199	0.7419197721749535	0.6966995455311147	0.6454936690420038	0.46768348572239	1.545455900508293
0.9249202271477928	0.17971119747473208	-0.21131916766247402	0.21446645758861785	0.23130338016656155	0.08494133992614691	0.4795445923848149	0.17971119747473208	0.5365087049409268	-0.004562741827389194	0.31442331365787657	0.3334712772464129	0.19812696901350602	0.5706476693665321	-0.21131916766247402	-0.004562741827389194	1.6265632140028434	0.15026884923865513	0.20688437162102233	0.24981242688896174	0.8984077749276682	0.21446645758861785	0.31442331365787657	0.15026884923865513	1.0710773816742885	0.5372341770358019	0.45571714797859286	0.7607748409800323	0.23130338016656155	0.3334712772464129	0.20688437162102233	0.5372341770358019	0.5435902236961285	0.3731029961878816	0.7033495443016086	0.08494133992614691	0.19812696901350602	0.24981242688896174	0.45571714797859286	0.3731029961878816	0.6548608237517728	0.5057674984447704	0.4795445923848149	0.5706476693665321	0.8984077749276682	0.7607748409800323	0.7033495443016086	0.5057674984447704	1.7024766859585727
0.7297376531162001	0.13185964755968696	-0.031126540884139048	0.24802904864497197	0.24311279469647282	0.2166209522432484	0.4762865301649376	0.13185964755968696	0.531940058982677	-0.008751339102929356	0.20603800118601737	0.2164573619323274	0.1944458262404673	0.4756388464500286	-0.031126540884139048	-0.008751339102929356	1.2867279918836403	0.23113176235789848	0.2798028681703995	0.2800505812692129	0.8124832783206474	0.24802904864497197	0.20603800118601737	0.23113176235789848	1.107263914934429	0.5126602509597913	0.49963481174252844	0.7450894312601836	0.24311279469647282	0.2164573619323274	0.2798028681703995	0.5126602509597913	0.4932676223287641	0.4581387887405346	0.6488597209958262	0.2166209522432484	0.1944458262404673	0.2800505812692129	0.49963481174252844	0.4581387887405346	0.5143410059462392	0.6104167858046547	0.4762865301649376	0.4756388464500286	0.8124832783206474	0.7450894312601836	0.6488597209958262	0.6104167858046547	1.5518104188751989
0.575955179523822	0.1226915153416587	0.04562009521715543	0.27896941403957487	0.2771768623685471	0.2593658523629159	0.4496366807589251	0.1226915153416587	0.4879051016939746	-0.030036792855878014	0.16167559953475585	0.18236639399367874	0.16825317051508656	0.387442695508185	0.04562009521715543	-0.030036792855878014	0.9985842874318989	0.18153818683392833	0.23896597211826098	0.23801532993228758	0.605033940340278	0.27896941403957487	0.16167559953475585	0.18153818683392833	1.0684521235895628	0.4496047865180318	0.44289552041813185	0.6480698021956224	0.2771768623685471	0.18236639399367874	0.23896597211826098	0.4496047865180318	0.4375680758874188	0.4126767957944829	0.5695412992691617	0.2593658523629159	0.16825317051508656	0.23801532993228758	0.44289552041813185	0.4126767957944829	0.4547581990334889	0.5445610980775227	0.4496366807589251	0.387442695508185	0.605033940340278	0.6480698021956224	0.5695412992691617	0.5445610980775227	1.245089004142092
0.7562477570956798	0.15419547023698765	-0.07448512629610693	0.2699501931532729	0.2832561582861265	0.18212320716891453	0.49252200166034243	0.15419547023698765	0.5624387851125388	-0.06378017968340075	0.1951645581901203	0.23290307062873478	0.14914396901457394	0.4727729263467256	-0.07448512629610693	-0.06378017968340075	1.4228189239076512	0.14786952760613298	0.24600936502074638	0.25386295648179236	0.7956441393922352	0.2699501931532729	0.1951645581901203	0.14786952760613298	1.5036267687732197	0.5449611894578457	0.5350947020456072	0.7885944987619701	0.2832561582861265	0.23290307062873478	0.24600936502074638	0.5449611894578457	0.535457817994785	0.4172457898032489	0.676224700861683	0.18212320716891453	0.14914396901457394	0.25386295648179236	0.5350947020456072	0.4172457898032489	0.61650985022292	0.544122155628259	0.49252200166034243	0.4727729263467256	0.7956441393922352	0.7885944987619701	0.676224700861683	0.544122155628259	1.549804655619456
