0.42338381008712567	-0.05494481534427596	0.19284427204112087	0.11182937151229362	0.17870743508776987	0.18301026423713734	0.20585806411057425	-0.05494481534427596	0.35398247532750643	0.011113240957189687	-0.1292334117590364	0.0015596756516945871	0.007075224404614076	0.026442712531836537	0.19284427204112087	0.011113240957189687	0.3683736890933507	0.3105040731251435	0.34024624319554087	0.34724491066590946	0.3712634562909186	0.11182937151229362	-0.1292334117590364	0.3105040731251435	1.234622378979929	0.33604613874547173	0.3283187584151816	0.3290331064351401	0.17870743508776987	0.0015596756516945871	0.34024624319554087	0.33604613874547173	0.39927884876878017	0.3280252451852481	0.35127108258101836	0.18301026423713734	0.007075224404614076	0.34724491066590946	0.3283187584151816	0.3280252451852481	0.3973578627327755	0.35726379129306085	0.20585806411057425	0.026442712531836537	0.3712634562909186	0.3290331064351401	0.35127108258101836	0.35726379129306085	0.40560590460342516
0.3136847631759462	0.020415049493883425	0.1578441556949506	0.11867262317999018	0.1564170961052871	0.1642480915499363	0.1746025150239856	0.020415049493883425	0.25817575717168484	0.06801331950689585	0.010660576910929354	0.06855566699512879	0.07516631492190161	0.08580706543619417	0.1578441556949506	0.06801331950689585	0.2632194292965723	0.20517030584918544	0.2337943002192658	0.24381772614648956	0.2538044963398567	0.11867262317999018	0.010660576910929354	0.20517030584918544	0.7056421857665086	0.22066267438477785	0.21649684205822614	0.22605301227770308	0.1564170961052871	0.06855566699512879	0.2337943002192658	0.22066267438477785	0.28345329176123185	0.2392435525666858	0.24913719311286955	0.1642480915499363	0.07516631492190161	0.24381772614648956	0.21649684205822614	0.2392435525666858	0.26122137436341114	0.25875421995800224	0.1746025150239856	0.08580706543619417	0.2538044963398567	0.22605301227770308	0.24913719311286955	0.25875421995800224	0.2869941035136024
0.32434704972336437	0.004948870541876024	0.1878241477232285	0.17565652669466497	0.2073670823942213	0.21341143764766626	0.22512530455310323	0.004948870541876024	0.3022211322000412	0.012928953688890254	-0.02959332637159013	0.03711094170513486	0.04117176405777976	0.054399920666497126	0.1878241477232285	0.012928953688890254	0.3190429475201942	0.21998251545817946	0.251447677560417	0.2592132131641254	0.2709953047285395	0.17565652669466497	-0.02959332637159013	0.21998251545817946	0.7747609528008603	0.25857271995576514	0.2553815077354953	0.2678954967088122	0.2073670823942213	0.03711094170513486	0.251447677560417	0.25857271995576514	0.30638837492972315	0.27507458322636597	0.28617551954581616	0.21341143764766626	0.04117176405777976	0.2592132131641254	0.2553815077354953	0.27507458322636597	0.29094001168180067	0.2931937305625696	0.22512530455310323	0.054399920666497126	0.2709953047285395	0.2678954967088122	0.28617551954581616	0.2931937305625696	0.32806599623963106
0.3214846794366875	0.004174866888910084	0.2050393238971409	0.1992175601334742	0.229690442468935	0.23438127823040705	0.25072655267809524	0.004174866888910084	0.3178598365657422	-0.001995861179010114	-0.043885606691910495	0.028114774284167775	0.03103929621547823	0.05059599683100366	0.2050393238971409	-0.001995861179010114	0.331789683800889	0.22212308008353615	0.25617941680045736	0.2621575572367486	0.2790846051017261	0.1992175601334742	-0.043885606691910495	0.22212308008353615	0.8133318986885039	0.26642115216145607	0.2635426055911488	0.28269173978429374	0.229690442468935	0.028114774284167775	0.25617941680045736	0.26642115216145607	0.30876192752327997	0.28376639413401544	0.29930286602374373	0.23438127823040705	0.03103929621547823	0.2621575572367486	0.2635426055911488	0.28376639413401544	0.2972997605767549	0.3044802392468476	0.25072655267809524	0.05059599683100366	0.2790846051017261	0.28269173978429374	0.29930286602374373	0.3044802392468476	0.35579316017310375
0.3192688446620714	0.0008523301957132356	0.20429407878667982	0.20053336900569732	0.23521700139326468	0.24020679992712232	0.2487393332763278	0.0008523301957132356	0.3209274722206385	-0.016615175260511813	-0.06341319922792403	0.021124438299623047	0.024309617549808336	0.033517851088215346	0.20429407878667982	-0.016615175260511813	0.3413494532672746	0.20678076591279843	0.24956893710406897	0.2561560589124886	0.26489744085183226	0.20053336900569732	-0.06341319922792403	0.20678076591279843	0.8889928356349802	0.26499138632554226	0.26075178747541267	0.2684386017640008	0.23521700139326468	0.021124438299623047	0.24956893710406897	0.26499138632554226	0.3118288925016815	0.2836476016250335	0.2919628348127605	0.24020679992712232	0.024309617549808336	0.2561560589124886	0.26075178747541267	0.2836476016250335	0.3002811806251575	0.29748978548773003	0.2487393332763278	0.033517851088215346	0.26489744085183226	0.2684386017640008	0.2919628348127605	0.29748978548773003	0.32138941426188705
0.32956389089981275	0.005881528711993503	0.17641329225170715	0.12405298671367691	0.1919883937547177	0.1915742781413371	0.20132132604341932	0.005881528711993503	0.29503712066032795	0.029771203528285897	-0.06972839186805573	0.047257326546629265	0.047708775996051264	0.05610389625999891	0.17641329225170715	0.029771203528285897	0.30624990787726736	0.19316112212836484	0.25542258509192667	0.25611567833484633	0.2658065216156898	0.12405298671367691	-0.06972839186805573	0.19316112212836484	1.095105305722244	0.23230688172872502	0.2317278285615937	0.23073367398664243	0.1919883937547177	0.047257326546629265	0.25542258509192667	0.23230688172872502	0.2936521693918229	0.2684531648061106	0.27840010470493604	0.1915742781413371	0.047708775996051264	0.25611567833484633	0.2317278285615937	0.2684531648061106	0.2977822371900416	0.27807915455291643	0.20132132604341932	0.05610389625999891	0.2658065216156898	0.23073367398664243	0.27840010470493604	0.27807915455291643	0.2976051299062726
0.34355283189316155	0.03358266879533242	0.11526546155558075	0.04122410799135652	0.12498306705993902	0.127877521477613	0.1429782778649216	0.03358266879533242	0.24676408961649804	0.10322743683282788	0.014581385005724298	0.1120671440434047	0.11526349726602382	0.13042684989543069	0.11526546155558075	0.10322743683282788	0.26152179853332713	0.15776462925810314	0.22591641016068192	0.23007722429264496	0.24431124569027476	0.04122410799135652	0.014581385005724298	0.15776462925810314	1.0404310189773358	0.18696978509851045	0.1814541642074774	0.19860900149085436	0.12498306705993902	0.1120671440434047	0.22591641016068192	0.18696978509851045	0.2579402716881702	0.23667906341253664	0.2505285309756583	0.127877521477613	0.11526349726602382	0.23007722429264496	0.1814541642074774	0.23667906341253664	0.25073424601713973	0.2541865296974851	0.1429782778649216	0.13042684989543069	0.24431124569027476	0.19860900149085436	0.2505285309756583	0.2541865296974851	0.2968409991256616
0.3342224348858586	0.03656637967160451	0.10900778914783399	0.04754717296917582	0.12721010575810215	0.12909136694942994	0.1376900970165612	0.03656637967160451	0.24247251171511874	0.09422088033060746	0.01818165134453267	0.11125830376304273	0.1135276330547522	0.12192820969334246	0.10900778914783399	0.09422088033060746	0.2662027295941923	0.1434757190774236	0.21413968220800428	0.21737757106628275	0.22580753600868125	0.04754717296917582	0.01818165134453267	0.1434757190774236	0.992322105694563	0.18377408762374386	0.18009757356338554	0.18479388912191072	0.12721010575810215	0.11125830376304273	0.21413968220800428	0.18377408762374386	0.25381350216465143	0.23143742756565303	0.23980070583446197	0.12909136694942994	0.1135276330547522	0.21737757106628275	0.18009757356338554	0.23143742756565303	0.2500311130442896	0.2423191308536115	0.1376900970165612	0.12192820969334246	0.22580753600868125	0.18479388912191072	0.23980070583446197	0.2423191308536115	0.26357606860511923
0.40410413980201226	0.014821107046839428	0.07883716794711364	-0.0026052191822517113	0.09684390446793775	0.07095800993615489	0.10788282600706635	0.014821107046839428	0.2581131619692122	0.11069491362506734	0.022064035462777423	0.12525684554449054	0.1022622379499717	0.13722966260862784	0.07883716794711364	0.11069491362506734	0.295721478360104	0.15423870396216988	0.235533556867229	0.20930044186997787	0.2500711791688107	-0.0026052191822517113	0.022064035462777423	0.15423870396216988	1.0380196540895914	0.20134313144291754	0.23874147143866986	0.19165930280153376	0.09684390446793775	0.12525684554449054	0.235533556867229	0.20134313144291754	0.2920184378938989	0.21657531435793712	0.2605803915774513	0.07095800993615489	0.1022622379499717	0.20930044186997787	0.23874147143866986	0.21657531435793712	0.39399128613520706	0.22814942597423993	0.10788282600706635	0.13722966260862784	0.2500711791688107	0.19165930280153376	0.2605803915774513	0.22814942597423993	0.2808891452690029
0.5366741871699496	-0.043816126154864965	0.02240136737452567	-0.08832575946646132	0.018408609074041946	0.011417662950170146	0.04220607707344199	-0.043816126154864965	0.27710938043888517	0.1563900656670723	0.057703780202051025	0.14854108291350163	0.1428077889494307	0.17364770801081447	0.02240136737452567	0.1563900656670723	0.3084223319400637	0.236087978829983	0.2902175932012102	0.2816860835157149	0.3158633618522293	-0.08832575946646132	0.057703780202051025	0.236087978829983	1.088635362021251	0.2530223522053796	0.2635030987820246	0.2603878508477838	0.018408609074041946	0.14854108291350163	0.2902175932012102	0.2530223522053796	0.3283152877389024	0.27166299601865457	0.3051855917131507	0.011417662950170146	0.1428077889494307	0.2816860835157149	0.2635030987820246	0.27166299601865457	0.3637666701192228	0.29512605372934686	0.04220607707344199	0.17364770801081447	0.3158633618522293	0.2603878508477838	0.3051855917131507	0.29512605372934686	0.3627075933901064
0.7290872779323342	-0.11128929057751871	-0.0432413951488254	-0.18955662093295814	-0.08492608232843175	-0.04568943943594268	-0.01029832059265429	-0.11128929057751871	0.35335065441303953	0.17879414864019647	0.03306459522842449	0.09104638638789249	0.17391343080786817	0.20511088916862752	-0.0432413951488254	0.17879414864019647	0.45960820251529216	0.35201545183205346	0.3207939878123372	0.44369569261143094	0.47136899719414005	-0.18955662093295814	0.03306459522842449	0.35201545183205346	1.3366940702940904	0.46286314122391875	0.3639306923169048	0.38865006473959557	-0.08492608232843175	0.09104638638789249	0.3207939878123372	0.46286314122391875	0.6221736128007318	0.31582349966259016	0.34397765553891496	-0.04568943943594268	0.17391343080786817	0.44369569261143094	0.3639306923169048	0.31582349966259016	0.4728062900605631	0.4612318063168203	-0.01029832059265429	0.20511088916862752	0.47136899719414005	0.38865006473959557	0.34397765553891496	0.4612318063168203	0.5442102599700915
0.9081606766929691	-0.15194881973894808	-0.04098369562936389	-0.2741676538914281	-0.16561385715021132	-0.10507825829403693	0.012230909288472487	-0.15194881973894808	0.5083912090594571	0.16241444750096873	-0.14739240446569943	-0.09139426887280674	0.08157518611510906	0.20649064764209368	-0.04098369562936389	0.16241444750096873	1.1545828787125854	0.7049277211387361	0.4247031608897266	0.8908870768080807	1.151577683923011	-0.2741676538914281	-0.14739240446569943	0.7049277211387361	1.9181365030563244	0.8949595640601979	0.76783334969706	0.7455835540934754	-0.16561385715021132	-0.09139426887280674	0.4247031608897266	0.8949595640601979	1.2072383804957831	0.3660962335672048	0.46057928100686757	-0.10507825829403693	0.08157518611510906	0.8908870768080807	0.76783334969706	0.3660962335672048	1.104539846497374	0.8886664781194419	0.012230909288472487	0.20649064764209368	1.151577683923011	0.7455835540934754	0.46057928100686757	0.8886664781194419	1.2441380383086948
0.6517493121722633	-0.08187952869925794	0.054430924008833224	-0.15301289943785723	-0.0517714783997415	-0.006524243379268005	0.06387691650316635	-0.08187952869925794	0.37596806203562894	0.15287795924232647	-0.08002752457573728	0.007567512216492808	0.08946940922352269	0.1610994614487267	0.054430924008833224	0.15287795924232647	0.5305852540471357	0.3007299712518649	0.2790179374204494	0.40078107269136387	0.5268234617631408	-0.15301289943785723	-0.08002752457573728	0.3007299712518649	1.4348864166664976	0.5116085553729544	0.41305996749424345	0.3117770192999873	-0.0517714783997415	0.007567512216492808	0.2790179374204494	0.5116085553729544	0.7624066184567941	0.23107668937743603	0.2871287998258651	-0.006524243379268005	0.08946940922352269	0.40078107269136387	0.41305996749424345	0.23107668937743603	0.6752353593074375	0.4043988258091965	0.06387691650316635	0.1610994614487267	0.5268234617631408	0.3117770192999873	0.2871287998258651	0.4043988258091965	0.5435246423366661
0.6835428953044639	-0.0870384300783812	0.07028796907559295	-0.15147328019348125	-0.06440811521649752	0.005451854820660761	0.08969301631427866	-0.0870384300783812	0.4051078558366637	0.1497045486881376	-0.1049775800210169	-0.02764049216562335	0.08566116111010108	0.16743698667021373	0.07028796907559295	0.1497045486881376	0.6067355888487963	0.3432561779872642	0.27772031607029146	0.4677038275612293	0.6110261304599776	-0.15147328019348125	-0.1049775800210169	0.3432561779872642	1.514249388619223	0.5911948146209829	0.44743302117134254	0.36593604785818434	-0.06440811521649752	-0.02764049216562335	0.27772031607029146	0.5911948146209829	0.874999297855545	0.23620105419811116	0.2944656325450543	0.005451854820660761	0.08566116111010108	0.4677038275612293	0.44743302117134254	0.23620105419811116	0.7216889757522236	0.47464882577044143	0.08969301631427866	0.16743698667021373	0.6110261304599776	0.36593604785818434	0.2944656325450543	0.47464882577044143	0.6545910653342388
0.4557888324053956	-0.006884582954430528	0.11105893335615424	-0.03207795817798283	0.04256274176319434	0.092807840273717	0.12571436567851418	-0.006884582954430528	0.29615298809712465	0.12819214111970895	-0.030237927356791757	0.05196053318165356	0.11153928850560967	0.14244742070669023	0.11105893335615424	0.12819214111970895	0.3297473270321911	0.1974112464745376	0.21756457129886167	0.29685937482584873	0.33455570053639677	-0.03207795817798283	-0.030237927356791757	0.1974112464745376	1.1783588547486779	0.32862633311666994	0.2349914920562345	0.21822997631963126	0.04256274176319434	0.05196053318165356	0.21756457129886167	0.32862633311666994	0.5171059760392389	0.2026045981636879	0.23114932565792098	0.092807840273717	0.11153928850560967	0.29685937482584873	0.2349914920562345	0.2026045981636879	0.38917048890200107	0.3072569838924492	0.12571436567851418	0.14244742070669023	0.33455570053639677	0.21822997631963126	0.23114932565792098	0.3072569838924492	0.37156917790400035
0.6585573225478946	-0.07651697190887	0.00781446177092913	-0.17269583184027457	-0.06886232861914111	-0.038946267933580865	0.024148960279247712	-0.07651697190887	0.3463227356923576	0.19520678168877317	-0.000968594558998487	0.06416158075874838	0.13500806359406534	0.20875041425903487	0.00781446177092913	0.19520678168877317	0.4480797340079173	0.260175665718539	0.25375593032195654	0.347765460160579	0.4520139146906082	-0.17269583184027457	-0.000968594558998487	0.260175665718539	1.2832359094312316	0.4313194987131692	0.3533333351932122	0.27888614477463447	-0.06886232861914111	0.06416158075874838	0.25375593032195654	0.4313194987131692	0.6787482247361594	0.20890254274818998	0.2671198684053314	-0.038946267933580865	0.13500806359406534	0.347765460160579	0.3533333351932122	0.20890254274818998	0.6019738973678963	0.3551343695059626	0.024148960279247712	0.20875041425903487	0.4520139146906082	0.27888614477463447	0.2671198684053314	0.3551343695059626	0.4876252286753829
0.6708138347323938	-0.08117920319674202	0.04093685959081367	-0.16843662405431387	-0.0867469206435144	-0.022094770180000195	0.050364118932406034	-0.08117920319674202	0.3796606394654208	0.18582062932981908	-0.056714412420037094	-0.00858193128724516	0.11245252101404832	0.19366824920435724	0.04093685959081367	0.18582062932981908	0.5498756863540598	0.2855758464056445	0.22196807341319716	0.40494263794968494	0.544900341186627	-0.16843662405431387	-0.056714412420037094	0.2855758464056445	1.3495935097994027	0.5245728375200135	0.39643795838249984	0.29613910510030306	-0.0867469206435144	-0.00858193128724516	0.22196807341319716	0.5245728375200135	0.8638762117845356	0.18329293845587027	0.23041383783913705	-0.022094770180000195	0.11245252101404832	0.40494263794968494	0.39643795838249984	0.18329293845587027	0.7018991965646482	0.4081468702004698	0.050364118932406034	0.19366824920435724	0.544900341186627	0.29613910510030306	0.23041383783913705	0.4081468702004698	0.560274315638894
0.4498216652140433	-0.044340743773375185	0.24774585694831244	0.1243655094236551	0.17527053369174259	0.17382764296307893	0.2714550683327294	-0.044340743773375185	0.38137923569892296	-0.00815713083485219	-0.16519278155723516	-0.04435960165873819	-0.03094730829536295	0.01681649140019758	0.24774585694831244	-0.00815713083485219	0.45179558825486027	0.2636190684078215	0.2858104307943671	0.30156487455590175	0.41134307159176575	0.1243655094236551	-0.16519278155723516	0.2636190684078215	1.2283833663911314	0.39187970874726336	0.3753898418043041	0.29433694125178933	0.17527053369174259	-0.04435960165873819	0.2858104307943671	0.39187970874726336	0.5849697271768054	0.22754444378631458	0.30952128636188314	0.17382764296307893	-0.03094730829536295	0.30156487455590175	0.3753898418043041	0.22754444378631458	0.6233414156817992	0.31259762792360146	0.2714550683327294	0.01681649140019758	0.41134307159176575	0.29433694125178933	0.30952128636188314	0.31259762792360146	0.43745567324368245
0.6255884189063092	-0.1060480641186417	0.23034614332021142	0.010859492787466837	-0.0001518324440363955	0.20061973704359776	0.24312951593799084	-0.1060480641186417	0.4615425671171317	0.009555792108188455	-0.24406982773886676	-0.15323867835053195	-0.0042868163661892306	0.025308833603492148	0.23034614332021142	0.009555792108188455	0.700626134763444	0.44604136192804184	0.2640330414298435	0.6414018775431045	0.6999851789316761	0.010859492787466837	-0.24406982773886676	0.44604136192804184	1.595670745007422	0.7014128266587459	0.47778452457117954	0.4636977661209419	-0.0001518324440363955	-0.15323867835053195	0.2640330414298435	0.7014128266587459	1.0349008527267747	0.2540757388570142	0.27773113356347706	0.20061973704359776	-0.0042868163661892306	0.6414018775431045	0.47778452457117954	0.2540757388570142	0.71915697559055	0.6464418724067136	0.24312951593799084	0.025308833603492148	0.6999851789316761	0.4636977661209419	0.27773113356347706	0.6464418724067136	0.7315844060553125
0.28590183953578074	0.06000321990774793	0.2144938422474621	0.08740516940391607	0.11368775955462099	0.22115550126754896	0.22890633478403366	0.06000321990774793	0.2718255897266103	0.07398815846324357	-0.0832094887714839	-0.0030748380715409918	0.08229419962152767	0.08979887934922128	0.2144938422474621	0.07398815846324357	0.2769353524103105	0.11188516300186306	0.13241903477974606	0.2504108591511578	0.25813675548560644	0.08740516940391607	-0.0832094887714839	0.11188516300186306	1.1021874857653378	0.30245189705427183	0.13442326958639195	0.13715081583698574	0.11368775955462099	-0.0030748380715409918	0.13241903477974606	0.30245189705427183	0.5343713432267223	0.1426052059549158	0.14940086916502307	0.22115550126754896	0.08229419962152767	0.2504108591511578	0.13442326958639195	0.1426052059549158	0.27207768182388103	0.2639356709304096	0.22890633478403366	0.08979887934922128	0.25813675548560644	0.13715081583698574	0.14940086916502307	0.2639356709304096	0.28233333861192494
0.3620012589138585	0.0012431487188958867	0.22330238333431254	0.1082866798890251	0.1368974085518075	0.23350648603863372	0.24076199037610782	0.0012431487188958867	0.32802379402321213	0.031621152466680125	-0.13126744172711913	-0.02720310879809655	0.04384534236591685	0.05108350880250202	0.22330238333431254	0.031621152466680125	0.3458342987934957	0.18721863835080327	0.19668206983995512	0.3125157111571948	0.3196722446337968	0.1082866798890251	-0.13126744172711913	0.18721863835080327	1.2270690807013545	0.3585446952026542	0.21304094303338045	0.2169606550940216	0.1368974085518075	-0.02720310879809655	0.19668206983995512	0.3585446952026542	0.5456418656987176	0.20947162632188487	0.2160940826515765	0.23350648603863372	0.04384534236591685	0.3125157111571948	0.21304094303338045	0.20947162632188487	0.33342153186994644	0.3279487348610829	0.24076199037610782	0.05108350880250202	0.3196722446337968	0.2169606550940216	0.2160940826515765	0.3279487348610829	0.3461527492316322
0.49722630619444597	-0.03610888549462238	0.21926751359987412	0.06290953180912992	0.0862256674615268	0.1995877636547398	0.2564988677060596	-0.03610888549462238	0.39736859222255183	0.010021056534698355	-0.1794288031824773	-0.07481706325184007	0.014559558681937458	0.04859054377278429	0.21926751359987412	0.010021056534698355	0.5236513013296766	0.2273905857544749	0.19812845432909193	0.38094373308498936	0.4462361432356655	0.06290953180912992	-0.1794288031824773	0.2273905857544749	1.4152105665227306	0.5186557252569977	0.34194173290069685	0.2838127058460929	0.0862256674615268	-0.07481706325184007	0.19812845432909193	0.5186557252569977	0.779959390770476	0.21027360887246052	0.24020061469095375	0.1995877636547398	0.014559558681937458	0.38094373308498936	0.34194173290069685	0.21027360887246052	0.5564663912314014	0.4025736387880691	0.2564988677060596	0.04859054377278429	0.4462361432356655	0.2838127058460929	0.24020061469095375	0.4025736387880691	0.48080098492803913
0.442252059047946	-0.013685700167906503	0.10830771548793611	0.02606291765830799	0.07321457647694335	0.13119542602981707	0.13793125168640905	-0.013685700167906503	0.30453736057358677	0.07936685427826183	-0.02564529774961606	0.042599519987969806	0.10095966491867846	0.10745634163593193	0.10830771548793611	0.07936685427826183	0.3638396209589275	0.2107225260198965	0.21788063304052938	0.3088785261176906	0.3154288981898564	0.02606291765830799	-0.02564529774961606	0.2107225260198965	1.0769522978827113	0.32970154931086654	0.2476490672837001	0.25126006532246636	0.07321457647694335	0.042599519987969806	0.21788063304052938	0.32970154931086654	0.5008244535435612	0.23923575882724354	0.2454238179325768	0.13119542602981707	0.10095966491867846	0.3088785261176906	0.2476490672837001	0.23923575882724354	0.3380478820026674	0.33204938039704884	0.13793125168640905	0.10745634163593193	0.3154288981898564	0.25126006532246636	0.2454238179325768	0.33204938039704884	0.34847233085204965
0.6947271084498561	-0.10269758489395792	0.07144133209138552	-0.12870909470989755	-0.013768630391579058	-0.029556300212432128	0.09424595056970306	-0.10269758489395792	0.4164400049908644	0.09975579098324419	-0.12578081163532576	-0.0061306747857636235	0.01394659326515086	0.11911788650922739	0.07144133209138552	0.09975579098324419	0.6847651739324842	0.39619699054043633	0.3930861189255058	0.4125691229973762	0.6512909518708855	-0.12870909470989755	-0.12578081163532576	0.39619699054043633	1.527847001684397	0.5681326002371743	0.5586297384759817	0.4185114046815543	-0.013768630391579058	-0.0061306747857636235	0.3930861189255058	0.5681326002371743	0.7996089047522279	0.2783905547605538	0.41195452840342456	-0.029556300212432128	0.01394659326515086	0.4125691229973762	0.5586297384759817	0.2783905547605538	0.8878102806517707	0.41583960005026743	0.09424595056970306	0.11911788650922739	0.6512909518708855	0.4185114046815543	0.41195452840342456	0.41583960005026743	0.6715243282542946
0.3842707622739656	0.006446956157406786	0.12785221356233417	0.0770036407918909	0.08842745399990509	0.14227766129692657	0.15165315918195102	0.006446956157406786	0.27624141698778976	0.08638978374583099	0.022501351103466887	0.0500449035570882	0.10051045572362954	0.11000950868368474	0.12785221356233417	0.08638978374583099	0.31143458289163367	0.21643616695132606	0.19889113926439841	0.2774898469373026	0.2862325137632069	0.0770036407918909	0.022501351103466887	0.21643616695132606	0.7481410599316596	0.2655072582813134	0.23606277504119433	0.24501138919200047	0.08842745399990509	0.0500449035570882	0.19889113926439841	0.2655072582813134	0.4708435305886941	0.21217684590429922	0.22089895355300398	0.14227766129692657	0.10051045572362954	0.2774898469373026	0.23606277504119433	0.21217684590429922	0.2976541746294222	0.29728094321436166	0.15165315918195102	0.11000950868368474	0.2862325137632069	0.24501138919200047	0.22089895355300398	0.29728094321436166	0.32290885430335675
0.49217260123269496	-0.07039212707923409	0.21003638653889867	0.09470222076677255	0.16129092739438008	0.16085753680170323	0.2335251195959513	-0.07039212707923409	0.3965757836841424	-0.014488645329083531	-0.17693105497872275	-0.040425081749158084	-0.028079949557196504	0.009719784017776846	0.21003638653889867	-0.014488645329083531	0.4865588374354981	0.3192935192923282	0.3413744906614388	0.3566646215965674	0.4456263464675113	0.09470222076677255	-0.17693105497872275	0.3192935192923282	1.3535271648074458	0.4311101642836736	0.41572814149279635	0.34975688515773773	0.16129092739438008	-0.040425081749158084	0.3413744906614388	0.4311101642836736	0.5744073674926116	0.2923192419708386	0.36312062963956027	0.16085753680170323	-0.028079949557196504	0.3566646215965674	0.41572814149279635	0.2923192419708386	0.6019889387618004	0.3686375408428287	0.2335251195959513	0.009719784017776846	0.4456263464675113	0.34975688515773773	0.36312062963956027	0.3686375408428287	0.4701046021523856
0.6113012338457282	-0.028614321582935864	0.24709078510788585	0.2477512158182817	0.21894540549951536	0.297301830845941	0.4543027383058078	-0.028614321582935864	0.5982960533283108	-0.057298372006618546	-0.11137564078579026	-0.032526615288623995	-0.00570263754709649	0.2211086651139363	0.24709078510788585	-0.057298372006618546	0.7142457309359546	0.47499256606481455	0.39238848315774305	0.5414961878183591	0.6771497799344738	0.2477512158182817	-0.11137564078579026	0.47499256606481455	1.5377172406044088	0.6414847918635799	0.5460391027622239	0.748635846996826	0.21894540549951536	-0.032526615288623995	0.39238848315774305	0.6414847918635799	0.7525748116789928	0.44000834923385046	0.5712767690229482	0.297301830845941	-0.00570263754709649	0.5414961878183591	0.5460391027622239	0.44000834923385046	0.5821116764690188	0.673684204889584	0.4543027383058078	0.2211086651139363	0.6771497799344738	0.748635846996826	0.5712767690229482	0.673684204889584	1.188608519121138
0.536580663084107	0.019892892661469597	0.24425513277494237	0.39770038583697653	0.3782628962678612	0.3889696042462018	0.5487970802725799	0.019892892661469597	0.6540126316983088	-0.13286364109488974	0.0005779678482994016	0.022452213663835038	0.022205273023157113	0.2972970386550023	0.24425513277494237	-0.13286364109488974	0.9190751332147578	0.3569040973185649	0.3540460537498895	0.37216104038479036	0.6751384942809089	0.39770038583697653	0.0005779678482994016	0.3569040973185649	0.8411410102675907	0.5092427795378748	0.513515464092998	0.6787073424379476	0.3782628962678612	0.022452213663835038	0.3540460537498895	0.5092427795378748	0.5292408875968702	0.48406594806181635	0.6160869335048221	0.3889696042462018	0.022205273023157113	0.37216104038479036	0.513515464092998	0.48406594806181635	0.5042793538645645	0.6277462331444219	0.5487970802725799	0.2972970386550023	0.6751384942809089	0.6787073424379476	0.6160869335048221	0.6277462331444219	1.309234464720645
0.5620192979309906	0.006075487641191535	0.27218437855899325	0.2831778292165264	0.25744232442885256	0.3126085029548614	0.49600588595114076	0.006075487641191535	0.579908189100501	-0.010920076855936364	-0.05417329249536723	0.010321633043864173	0.030145232221676713	0.29052640638794247	0.27218437855899325	-0.010920076855936364	0.6244870047957087	0.437269543855587	0.3845336468835471	0.47595849253269606	0.6496516869372695	0.2831778292165264	-0.05417329249536723	0.437269543855587	1.4336478655098988	0.5669689027628235	0.4961524340706311	0.7454654167521643	0.25744232442885256	0.010321633043864173	0.3845336468835471	0.5669689027628235	0.6469781887134076	0.4229322815780364	0.5817300705206	0.3126085029548614	0.030145232221676713	0.47595849253269606	0.4961524340706311	0.4229322815780364	0.5129886937976685	0.6410160126414907	0.49600588595114076	0.29052640638794247	0.6496516869372695	0.7454654167521643	0.5817300705206	0.6410160126414907	1.2577524417865122
0.4669376336760116	-0.06222115259129074	0.2680183320676182	0.2799316542293137	0.2758647288581169	0.29931033754939185	0.36842229737887383	-0.06222115259129074	0.4776900731300159	-0.06947696352086803	-0.10033525794640161	-0.0399779345873745	-0.032909115802032166	0.06897642280126463	0.2680183320676182	-0.06947696352086803	0.5003975449481112	0.39614341768167355	0.3801101822031677	0.4129659950189003	0.4788787166955161	0.2799316542293137	-0.10033525794640161	0.39614341768167355	0.9247982206816331	0.43427593020484906	0.4339983824985858	0.5123766213848399	0.2758647288581169	-0.0399779345873745	0.3801101822031677	0.43427593020484906	0.4915006294205604	0.4075917036800142	0.46595147498653344	0.29931033754939185	-0.032909115802032166	0.4129659950189003	0.4339983824985858	0.4075917036800142	0.44465985501530014	0.4947640527835509	0.36842229737887383	0.06897642280126463	0.4788787166955161	0.5123766213848399	0.46595147498653344	0.4947640527835509	0.7278862037152096
0.5194243831001034	-0.010831520521877969	0.29054548842382666	0.4082191985050292	0.3869551433213446	0.3957280051361861	0.5472918990829053	-0.010831520521877969	0.6541654933898368	-0.12579021085688122	-0.06009096782921858	-0.010405885790737038	-0.010279157700117059	0.25368411503091925	0.29054548842382666	-0.12579021085688122	0.7862100322671287	0.3829927742214372	0.3861192943576553	0.4001501620672011	0.6379952847237291	0.4082191985050292	-0.06009096782921858	0.3829927742214372	1.1173841429273217	0.5207622256772441	0.5172753762871866	0.7067361550084659	0.3869551433213446	-0.010405885790737038	0.3861192943576553	0.5207622256772441	0.5190475116215219	0.48233232200777754	0.6117632248297209	0.3957280051361861	-0.010279157700117059	0.4001501620672011	0.5172753762871866	0.48233232200777754	0.4994220510588172	0.6198155303277283	0.5472918990829053	0.25368411503091925	0.6379952847237291	0.7067361550084659	0.6117632248297209	0.6198155303277283	1.242685333557343
0.6281771325035685	0.02462410237166618	0.24108814589991912	0.2862421378188699	0.23493811812183393	0.3227493462436409	0.5302854936017991	0.02462410237166618	0.6332626767154942	-0.03841584557174188	-0.034972410923805444	0.015138880640430993	0.04078446485549972	0.34195035112804933	0.24108814589991912	-0.03841584557174188	0.8373057826192112	0.422213507439527	0.3337160063052605	0.5126997710935157	0.7445982530270175	0.2862421378188699	-0.034972410923805444	0.422213507439527	1.5409923569577033	0.6667626550247496	0.5392459045677042	0.8158423358627418	0.23493811812183393	0.015138880640430993	0.3337160063052605	0.6667626550247496	0.8104306553633001	0.4170764297905482	0.6027285802775069	0.3227493462436409	0.04078446485549972	0.5126997710935157	0.5392459045677042	0.4170764297905482	0.5780086574514729	0.7052993348934695	0.5302854936017991	0.34195035112804933	0.7445982530270175	0.8158423358627418	0.6027285802775069	0.7052993348934695	1.4312884166959832
0.36818846440328856	-0.02021882728360319	0.1947824735055813	0.1466346340972922	0.1837521178969535	0.2080411001671759	0.2197031169695654	-0.02021882728360319	0.32476633040753816	0.01625316039933531	-0.07464577505840138	0.01417346962799388	0.031012511931833978	0.044256439304702674	0.1947824735055813	0.01625316039933531	0.33893516026618564	0.2521187018109659	0.27375523098579485	0.30487809767310453	0.31589512899404065	0.1466346340972922	-0.07464577505840138	0.2521187018109659	0.982395622581831	0.29579058705585626	0.27363102811613127	0.28653320203338384	0.1837521178969535	0.01417346962799388	0.27375523098579485	0.29579058705585626	0.3815859861992277	0.2858946294013853	0.2967426257346947	0.2080411001671759	0.031012511931833978	0.30487809767310453	0.27363102811613127	0.2858946294013853	0.3240164716824364	0.326568166900895	0.2197031169695654	0.044256439304702674	0.31589512899404065	0.28653320203338384	0.2967426257346947	0.326568166900895	0.36095204288141275
0.6164715316570174	0.03930481985087225	0.2189582196485812	0.2543798509248535	0.2278129831930729	0.28234414995245066	0.5037411077983107	0.03930481985087225	0.5805063186562225	0.016646382538165166	0.004603581954888386	0.050652893431982406	0.0757476983840346	0.3656995984597763	0.2189582196485812	0.016646382538165166	0.7189744700030539	0.42185803454093845	0.3654837292158215	0.4768122300130395	0.7008468995286745	0.2543798509248535	0.004603581954888386	0.42185803454093845	1.5003786051650247	0.6038302079505543	0.5106717328043515	0.8005080614613066	0.2278129831930729	0.050652893431982406	0.3654837292158215	0.6038302079505543	0.6920920614668425	0.42476989332774934	0.609316491019624	0.28234414995245066	0.0757476983840346	0.4768122300130395	0.5106717328043515	0.42476989332774934	0.5292651378226632	0.6734043322229457	0.5037411077983107	0.3656995984597763	0.7008468995286745	0.8005080614613066	0.609316491019624	0.6734043322229457	1.397952742802442
0.5416152891826816	-0.0370536684410413	0.25613616309779674	0.3329518248211607	0.3189511375214317	0.3338280105553983	0.4628505315471607	-0.0370536684410413	0.5910636812383085	-0.11011870308457776	-0.05254993451836853	-0.024264375859248427	-0.023336601290788864	0.1819634578231636	0.25613616309779674	-0.11011870308457776	0.6918106946510503	0.43758966704942287	0.4190542219582216	0.4438411342066171	0.5946305992538645	0.3329518248211607	-0.05254993451836853	0.43758966704942287	0.8006748611306412	0.5046125515814247	0.5148551791972098	0.6341123117565828	0.3189511375214317	-0.024264375859248427	0.4190542219582216	0.5046125515814247	0.5418134497060855	0.4839519077755623	0.5820869126950802	0.3338280105553983	-0.023336601290788864	0.4438411342066171	0.5148551791972098	0.4839519077755623	0.5120511905685565	0.6015566221410311	0.4628505315471607	0.1819634578231636	0.5946305992538645	0.6341123117565828	0.5820869126950802	0.6015566221410311	1.0613769214986482
0.48770467853080535	0.0024292603317321304	0.32884298151766167	0.4382281425486817	0.39136829828262387	0.4299159393567706	0.5820428619490297	0.0024292603317321304	0.653084800497372	-0.10885483708942437	-0.07563357889596424	-0.003440461100133116	0.0025414570909569056	0.2747306708561851	0.32884298151766167	-0.10885483708942437	0.7735189530831679	0.325562912237229	0.32614627518412487	0.37861986672451103	0.6357034048983462	0.4382281425486817	-0.07563357889596424	0.325562912237229	1.4730934969925134	0.5410087654140932	0.4897996025132345	0.7434954130682301	0.39136829828262387	-0.003440461100133116	0.32614627518412487	0.5410087654140932	0.5657494495949181	0.4315383483161129	0.5852969632858677	0.4299159393567706	0.0025414570909569056	0.37861986672451103	0.4897996025132345	0.4315383483161129	0.4795405518876808	0.6138856023258654	0.5820428619490297	0.2747306708561851	0.6357034048983462	0.7434954130682301	0.5852969632858677	0.6138856023258654	1.2820963226900517
0.67452613840987	0.037243380017735916	0.2552479206127928	0.28895656095373085	0.24540339409003675	0.30389378085164936	0.5814695754823667	0.037243380017735916	0.6837230984408269	-0.0053697973110940905	-0.016971687779188824	0.026765353998004615	0.0380707381127901	0.42856577319445827	0.2552479206127928	-0.0053697973110940905	0.783501507623947	0.5296457402172194	0.43276944736809175	0.5652957260728757	0.8097779370596265	0.28895656095373085	-0.016971687779188824	0.5296457402172194	1.529573212099237	0.6725702839456495	0.5943095517827239	0.9225809207956785	0.24540339409003675	0.026765353998004615	0.43276944736809175	0.6725702839456495	0.7678860218008439	0.4777614464562632	0.6930879847589588	0.30389378085164936	0.0380707381127901	0.5652957260728757	0.5943095517827239	0.4777614464562632	0.6051849762792352	0.7629563604545317	0.5814695754823667	0.42856577319445827	0.8097779370596265	0.9225809207956785	0.6930879847589588	0.7629563604545317	1.654559938703758
0.41443609258227854	0.06930470140583261	0.25120550433930083	0.3616698985066329	0.3437934193027162	0.3612546739169864	0.5000152729653241	0.06930470140583261	0.5061138860916617	-0.043385362721202886	0.030877076529537424	0.07128896352387844	0.07701240330554113	0.2822078577336813	0.25120550433930083	-0.043385362721202886	0.6655713949770077	0.2433092463245855	0.26432984155690464	0.2880505952657738	0.5179067146698405	0.3616698985066329	0.030877076529537424	0.2433092463245855	1.049813603195645	0.412398429030502	0.3980792959559448	0.5940372142060006	0.3437934193027162	0.07128896352387844	0.26432984155690464	0.412398429030502	0.4463641234443477	0.37388331603588865	0.5092595627266392	0.3612546739169864	0.07701240330554113	0.2880505952657738	0.3980792959559448	0.37388331603588865	0.39868302429320235	0.5241969905585542	0.5000152729653241	0.2822078577336813	0.5179067146698405	0.5940372142060006	0.5092595627266392	0.5241969905585542	1.08080056886317
0.6774504870011455	0.018640219437045857	0.20250436428384563	0.21710597736537018	0.20243307247885345	0.24989697319920676	0.48879180606281075	0.018640219437045857	0.6131512588443041	0.006588426771756015	-0.03590087943666968	0.02714503891139817	0.049244390068472144	0.35584440659007993	0.20250436428384563	0.006588426771756015	0.7293543167655504	0.5062626852242752	0.434197485017202	0.5486163833241691	0.7411974040149018	0.21710597736537018	-0.03590087943666968	0.5062626852242752	1.7036109540610742	0.6755243056033648	0.5728974726926285	0.8741170898993283	0.20243307247885345	0.02714503891139817	0.434197485017202	0.6755243056033648	0.7258975461133006	0.47572660441998876	0.65508430441209	0.24989697319920676	0.049244390068472144	0.5486163833241691	0.5728974726926285	0.47572660441998876	0.5858048767162382	0.7182207281024808	0.48879180606281075	0.35584440659007993	0.7411974040149018	0.8741170898993283	0.65508430441209	0.7182207281024808	1.4459091101158188
0.588225768111574	-0.06107301101057944	0.15238049625853797	0.08424141015279513	0.1240137261448184	0.16966767882920963	0.25172939644495024	-0.06107301101057944	0.4502008056936275	0.016563521369525127	-0.10400165148530921	-0.0026428666776630305	0.03325875904760873	0.12888433396846097	0.15238049625853797	0.016563521369525127	0.5370959509033674	0.4385347042350144	0.4008659828124293	0.4889858514729055	0.5456750733532073	0.08424141015279513	-0.10400165148530921	0.4385347042350144	1.4835155907501485	0.5339295652834957	0.4637610432761977	0.5652478234576455	0.1240137261448184	-0.0026428666776630305	0.4008659828124293	0.5339295652834957	0.6100451819431476	0.41471883466782844	0.47649570422114806	0.16966767882920963	0.03325875904760873	0.4889858514729055	0.4637610432761977	0.41471883466782844	0.5055732099636875	0.5515110590688854	0.25172939644495024	0.12888433396846097	0.5456750733532073	0.5652478234576455	0.47649570422114806	0.5515110590688854	0.785156331646476
0.8079288400501203	0.09367915735839105	0.1864731268773427	0.2556946748243231	0.21635222595984194	0.24556114027734088	0.643897473258887	0.09367915735839105	0.7355678704298487	0.034296957464386824	0.04600989441064787	0.07183842930945838	0.07645521030677704	0.5771520278401148	0.1864731268773427	0.034296957464386824	0.9334554277475087	0.5899665143479	0.4880693186871564	0.6127540976586519	0.9495551781496594	0.2556946748243231	0.04600989441064787	0.5899665143479	1.8286750082178862	0.7749243881059809	0.6688709195924514	1.1128081225135573	0.21635222595984194	0.07183842930945838	0.4880693186871564	0.7749243881059809	0.8009017541034289	0.5399179000274896	0.8016607868114282	0.24556114027734088	0.07645521030677704	0.6127540976586519	0.6688709195924514	0.5399179000274896	0.6575579757890059	0.841424403547945	0.643897473258887	0.5771520278401148	0.9495551781496594	1.1128081225135573	0.8016607868114282	0.841424403547945	2.0247701545875425
