1.4170974897443238	0.4445145367675713	-0.19927680578039786	0.4478809885341951	0.45918855901175926	-0.149684747784772	1.1195625045892887	0.4445145367675713	0.7846460841015848	0.1977481864721803	0.6347478936684833	0.6126522275802618	0.08061175140139491	1.243389570861843	-0.19927680578039786	0.1977481864721803	5.582204202333397	0.19439117285386476	0.09657038399419093	0.7867123336067394	4.003303170505005	0.4478809885341951	0.6347478936684833	0.19439117285386476	0.8133212313327911	0.7682584609111988	0.17536415678135145	1.2015645768353962	0.45918855901175926	0.6126522275802618	0.09657038399419093	0.7682584609111988	0.9313721812061714	0.10738208714362331	1.141107700423604	-0.149684747784772	0.08061175140139491	0.7867123336067394	0.17536415678135145	0.10738208714362331	1.0637513631702895	0.5789047375527339	1.1195625045892887	1.243389570861843	4.003303170505005	1.2015645768353962	1.141107700423604	0.5789047375527339	5.19603271486425
0.9160907986213387	0.22550779275288263	-0.23503075859447295	0.3237597956077486	0.31680054778801414	0.1836748972539844	0.5703156467876916	0.22550779275288263	0.6520561408395856	-0.11441306533608037	0.2945630052452426	0.28680099187949626	0.18131041392419847	0.6118765147902367	-0.23503075859447295	-0.11441306533608037	2.7415939759265324	0.17891660088362762	0.13489203243624193	0.2847607109480496	1.5614574214231633	0.3237597956077486	0.2945630052452426	0.17891660088362762	0.6244744707876436	0.5883748833297253	0.46506976816170137	0.7561263979364721	0.31680054778801414	0.28680099187949626	0.13489203243624193	0.5883748833297253	0.6750991775489412	0.4307720635373128	0.7231243402229408	0.1836748972539844	0.18131041392419847	0.2847607109480496	0.46506976816170137	0.4307720635373128	0.6626270317415739	0.5976141026998506	0.5703156467876916	0.6118765147902367	1.5614574214231633	0.7561263979364721	0.7231243402229408	0.5976141026998506	2.295517881027386
0.58105824971949	0.22846485031777297	-0.1980006469643984	0.2929085569384306	0.2946735780193763	0.22660672427172213	0.3826919052529068	0.22846485031777297	0.42635586834036737	-0.13955341746644034	0.29963800711502697	0.30614176042247676	0.24317162198153702	0.3986612695152102	-0.1980006469643984	-0.13955341746644034	1.242763599141352	-0.11617842031543815	-0.022153549455915633	0.020977118088553307	0.33263489239980065	0.2929085569384306	0.29963800711502697	-0.11617842031543815	0.8619471553827679	0.41076811622301357	0.3714658937257117	0.5089707546221074	0.2946735780193763	0.30614176042247676	-0.022153549455915633	0.41076811622301357	0.411227888233711	0.33563455537316633	0.48206510556591625	0.22660672427172213	0.24317162198153702	0.020977118088553307	0.3714658937257117	0.33563455537316633	0.46351263379338625	0.4066821825666439	0.3826919052529068	0.3986612695152102	0.33263489239980065	0.5089707546221074	0.48206510556591625	0.4066821825666439	0.9355260832151823
0.7153167837266979	0.16998453480822773	-0.21945000735651765	0.3266780217235441	0.3238637851142433	0.24911366799504064	0.41701769285298274	0.16998453480822773	0.5645692597951417	-0.2620227894981796	0.22526039543018378	0.23056997319451922	0.17137375149750902	0.35462755955024566	-0.21945000735651765	-0.2620227894981796	1.5860831221704672	0.04804785082147041	0.08749888648350806	0.13455836685032257	0.5353028019529275	0.3266780217235441	0.22526039543018378	0.04804785082147041	0.749990993441896	0.5306113024818657	0.4641461827968639	0.6073204774659727	0.3238637851142433	0.23056997319451922	0.08749888648350806	0.5306113024818657	0.5270726154234031	0.4413255396586877	0.5872433049953659	0.24911366799504064	0.17137375149750902	0.13455836685032257	0.4641461827968639	0.4413255396586877	0.5594025282295534	0.5033142667960802	0.41701769285298274	0.35462755955024566	0.5353028019529275	0.6073204774659727	0.5872433049953659	0.5033142667960802	1.1308501019409822
0.568991730932789	0.06430606552062323	0.015929925818815763	0.47140071593892907	0.4645718811404241	0.4481693588267146	0.5034856913671053	0.06430606552062323	0.6997474651559616	-0.4767159840886214	0.0582490590104595	0.06312635291052417	0.05306958788244328	0.15614313246792544	0.015929925818815763	-0.4767159840886214	1.4259330509522923	0.11020193501167132	0.127414504965236	0.13794609019238518	0.38983995585846637	0.47140071593892907	0.0582490590104595	0.11020193501167132	0.6469196360814586	0.5450568155964776	0.5292659011916493	0.5798431249325515	0.4645718811404241	0.06312635291052417	0.127414504965236	0.5450568155964776	0.5428350255252383	0.5197227813385628	0.5686071511654823	0.4481693588267146	0.05306958788244328	0.13794609019238518	0.5292659011916493	0.5197227813385628	0.5446403384926023	0.5514488422587168	0.5034856913671053	0.15614313246792544	0.38983995585846637	0.5798431249325515	0.5686071511654823	0.5514488422587168	0.8909036326557003
1.0441429864838934	0.41897752724796444	-0.06593012693767819	0.47027165722810366	0.4629268351767295	0.0473677799998236	1.0010506739982308	0.41897752724796444	0.7056170372370976	0.1735700866894011	0.5293119962851527	0.5079989243721179	0.14767916473993042	1.0963892911576867	-0.06593012693767819	0.1735700866894011	4.802575837569052	0.1904992823195487	0.10630400755166569	0.5758501554531695	3.4673503664413543	0.47027165722810366	0.5293119962851527	0.1904992823195487	0.6926697415065762	0.6491121823028266	0.24920490699636708	1.0681772190755918	0.4629268351767295	0.5079989243721179	0.10630400755166569	0.6491121823028266	0.8143642117388045	0.19096060544049984	1.0093348928928536	0.0473677799998236	0.14767916473993042	0.5758501554531695	0.24920490699636708	0.19096060544049984	0.8694410350334782	0.6162179646018479	1.0010506739982308	1.0963892911576867	3.4673503664413543	1.0681772190755918	1.0093348928928536	0.6162179646018479	4.54094215965343
1.4937322746839414	0.4638790049707978	-0.2376762006389178	0.46272389970215877	0.48011276223925314	-0.20931476982022662	1.155819572871503	0.4638790049707978	0.7918950244533027	0.18362956786192464	0.6962747132000204	0.6680485924766174	0.05764626608400586	1.2764314132612034	-0.2376762006389178	0.18362956786192464	5.630736454519027	0.181625821762591	0.06536152885255797	0.8430196890839372	4.0003619471239995	0.46272389970215877	0.6962747132000204	0.181625821762591	0.8203411993565519	0.7733079743374653	0.11921908379823702	1.2518327597554193	0.48011276223925314	0.6680485924766174	0.06536152885255797	0.7733079743374653	0.9674670889769407	0.03918498417885434	1.1822013188989928	-0.20931476982022662	0.05764626608400586	0.8430196890839372	0.11921908379823702	0.03918498417885434	1.1309920775245164	0.5421386918899251	1.155819572871503	1.2764314132612034	4.0003619471239995	1.2518327597554193	1.1822013188989928	0.5421386918899251	5.2631144021370515
1.4265523613786795	0.45056920647275456	-0.2044298405802435	0.4531912142579	0.4636601119805396	-0.16100034287434228	1.1276710793383289	0.45056920647275456	0.7716385779961046	0.19092614836292654	0.6627265397199291	0.6416256510164985	0.08154477356902332	1.2442621643127734	-0.2044298405802435	0.19092614836292654	5.5381537851860045	0.18879492680363863	0.10275960345738744	0.7889211279852484	3.9633091526034865	0.4531912142579	0.6627265397199291	0.18879492680363863	0.7946574758583682	0.7570964627087657	0.14989197902094337	1.2152455924476238	0.4636601119805396	0.6416256510164985	0.10275960345738744	0.7570964627087657	0.9026883546012856	0.09075909894551096	1.1619903646162297	-0.16100034287434228	0.08154477356902332	0.7889211279852484	0.14989197902094337	0.09075909894551096	1.0697771931244584	0.5654005233197132	1.1276710793383289	1.2442621643127734	3.9633091526034865	1.2152455924476238	1.1619903646162297	0.5654005233197132	5.179574121700897
1.3356912547190074	0.4559008161781509	-0.16927435402329494	0.46919058324044194	0.47636379640724313	-0.1199680001140137	1.115894359634771	0.4559008161781509	0.7635408212249075	0.18943586110694444	0.6393440591766737	0.6166714334071812	0.08829526601160166	1.2282077512434326	-0.16927435402329494	0.18943586110694444	5.497663218184284	0.1854440068815315	0.09124268382369749	0.7632222206395288	3.945850014661327	0.46919058324044194	0.6393440591766737	0.1854440068815315	0.7809581189596226	0.7394814631797642	0.1628762113212532	1.1954356365952468	0.47636379640724313	0.6166714334071812	0.09124268382369749	0.7394814631797642	0.9028373170219973	0.0984080849905841	1.135941832057928	-0.1199680001140137	0.08829526601160166	0.7632222206395288	0.1628762113212532	0.0984080849905841	1.0409211620986554	0.5783656453366536	1.115894359634771	1.2282077512434326	3.945850014661327	1.1954356365952468	1.135941832057928	0.5783656453366536	5.135409460396152
1.8310596011345142	0.5452580298429879	-0.47605160499382765	0.31672982779023584	0.4616881079614999	-0.4698044139152506	1.1871666481465706	0.5452580298429879	1.1001881254976222	0.13722893131417868	0.39081027703185983	0.4382970405435843	-0.1946369137487173	1.4072149404994105	-0.47605160499382765	0.13722893131417868	6.486535438772035	0.16096502924385742	-0.23717671771538407	1.158845447063975	4.388521327650004	0.31672982779023584	0.39081027703185983	0.16096502924385742	1.6558288698491912	1.288427408469257	0.4206691595058412	1.2381838011764348	0.4616881079614999	0.4382970405435843	-0.23717671771538407	1.288427408469257	1.7126678154926984	0.040935315153016905	1.0573749332189282	-0.4698044139152506	-0.1946369137487173	1.158845447063975	0.4206691595058412	0.040935315153016905	1.5408497303042399	0.5101176907106499	1.1871666481465706	1.4072149404994105	4.388521327650004	1.2381838011764348	1.0573749332189282	0.5101176907106499	5.638516800305948
1.851815043592362	0.5544188682020854	-0.49484616280668	0.30977520291631244	0.4714086662322684	-0.49350611708327574	1.192050459759161	0.5544188682020854	1.110137827848043	0.1288446357452373	0.38658291720207694	0.44175307059373947	-0.20945046530842973	1.4135617511590535	-0.49484616280668	0.1288446357452373	6.521640252794164	0.1650883440090466	-0.2664207907169297	1.190195378702192	4.392642164752989	0.30977520291631244	0.38658291720207694	0.1650883440090466	1.7135763144220022	1.3076969154473623	0.4328548762765844	1.2528123039491719	0.4714086662322684	0.44175307059373947	-0.2664207907169297	1.3076969154473623	1.7597152633789772	0.017539228671147725	1.058632185851236	-0.49350611708327574	-0.20945046530842973	1.190195378702192	0.4328548762765844	0.017539228671147725	1.5779025102026256	0.5068685460239413	1.192050459759161	1.4135617511590535	4.392642164752989	1.2528123039491719	1.058632185851236	0.5068685460239413	5.653343516166608
1.1564307479197897	0.34874846209265986	-0.10734525933744532	0.36341381709338394	0.36336719309122156	0.03273259178252218	0.9213136896446479	0.34874846209265986	0.6568530090482713	0.21230571955256083	0.524928926287375	0.4783902618208641	0.21560098651238147	1.037584008096845	-0.10734525933744532	0.21230571955256083	4.0830238225309925	0.26605725185063855	0.12685284527738128	0.5152061911257358	2.9759214335605897	0.36341381709338394	0.524928926287375	0.26605725185063855	0.6604145454868081	0.583232915959407	0.31223129767713687	1.0375858311537427	0.36336719309122156	0.4783902618208641	0.12685284527738128	0.583232915959407	0.8662047676153118	0.21342515326587508	0.9383224493233565	0.03273259178252218	0.21560098651238147	0.5152061911257358	0.31223129767713687	0.21342515326587508	0.8184694455802808	0.6376635483493867	0.9213136896446479	1.037584008096845	2.9759214335605897	1.0375858311537427	0.9383224493233565	0.6376635483493867	4.062528519454965
0.5514878880334151	0.09202476777101382	0.25651139063002415	0.45463840834759284	0.44666093186846384	0.444128409995112	0.6802326528897301	0.09202476777101382	0.7658216717162358	-0.0820651154800685	0.08635607741759763	0.0868343663506502	0.080921600662606	0.5363488950023623	0.25651139063002415	-0.0820651154800685	1.4690986935402295	0.3336275229725609	0.3238227583663239	0.3327668197455957	1.0999956810771534	0.45463840834759284	0.08635607741759763	0.3336275229725609	0.5293179020706377	0.5119746740500918	0.5104381173185404	0.7167635608300875	0.44666093186846384	0.0868343663506502	0.3238227583663239	0.5119746740500918	0.5356816144133218	0.5007893810142706	0.706355381800191	0.444128409995112	0.080921600662606	0.3327668197455957	0.5104381173185404	0.5007893810142706	0.5250352744501089	0.7002811580589582	0.6802326528897301	0.5363488950023623	1.0999956810771534	0.7167635608300875	0.706355381800191	0.7002811580589582	1.9748144873393314
0.7125803203324985	0.10192854364695852	0.06660182684791274	0.46762927409665167	0.4609597249845493	0.31751940965232955	0.6366233786349498	0.10192854364695852	0.7913275833816844	-0.25134834031751874	0.03720596912858791	0.08516468060454832	4.489829887815988e-5	0.4186869070534255	0.06660182684791274	-0.25134834031751874	1.7646315980533571	0.23786999611182535	0.3031559994778313	0.32151039655076125	0.9973619033998451	0.46762927409665167	0.03720596912858791	0.23786999611182535	1.4593020942574806	0.6769565604587974	0.6142469255891262	0.8726544456875066	0.4609597249845493	0.08516468060454832	0.3031559994778313	0.6769565604587974	0.6568699121074034	0.49426889727423473	0.7670138879645202	0.31751940965232955	4.489829887815988e-5	0.32151039655076125	0.6142469255891262	0.49426889727423473	0.7136961806350997	0.5947360133575247	0.6366233786349498	0.4186869070534255	0.9973619033998451	0.8726544456875066	0.7670138879645202	0.5947360133575247	1.7874464165311859
0.6710135426862076	0.08293726915944183	-0.008798884907259164	0.3446922597065082	0.3493053050769951	0.2597920384284633	0.46785270986456995	0.08293726915944183	0.6232362729827623	-0.23054429592156178	0.06489373246885613	0.10929819423295153	0.05094726014339773	0.2832727665651414	-0.008798884907259164	-0.23054429592156178	1.2818832459935003	0.20153167957806148	0.2747641445400515	0.2794411580473581	0.6018080064380588	0.3446922597065082	0.06489373246885613	0.20153167957806148	1.2341326016922054	0.5838485216717633	0.5423257927184334	0.7058865392883192	0.3493053050769951	0.10929819423295153	0.2747641445400515	0.5838485216717633	0.5725440262206346	0.46592464484088136	0.6490723343425802	0.2597920384284633	0.05094726014339773	0.2794411580473581	0.5423257927184334	0.46592464484088136	0.6302972493673782	0.535753112409522	0.46785270986456995	0.2832727665651414	0.6018080064380588	0.7058865392883192	0.6490723343425802	0.535753112409522	1.1870980731232814
0.8452947486656979	0.16258567371627725	-0.26117083635228244	0.19796776004974567	0.20998303940661844	0.11135833591395239	0.3731573200995841	0.16258567371627725	0.475114294153671	-0.043569661256922326	0.3137906095611841	0.3262090795851513	0.2327084388177401	0.4782534404441431	-0.26117083635228244	-0.043569661256922326	1.4005885290032882	0.05229777935393251	0.12356592554457524	0.16559875168964366	0.6057753767604371	0.19796776004974567	0.3137906095611841	0.05229777935393251	0.9501700882503036	0.47702310960438543	0.41948916885144294	0.6297091668713621	0.20998303940661844	0.3262090795851513	0.12356592554457524	0.47702310960438543	0.48023511920633316	0.3659493210691886	0.5912479586429495	0.11135833591395239	0.2327084388177401	0.16559875168964366	0.41948916885144294	0.3659493210691886	0.5628766016008924	0.46638044757718367	0.3731573200995841	0.4782534404441431	0.6057753767604371	0.6297091668713621	0.5912479586429495	0.46638044757718367	1.2697403779108785
0.579238801316542	0.22659540089968305	-0.06618916516633386	0.20350206364644075	0.2320086602403709	0.1361987541083075	0.4167484728372097	0.22659540089968305	0.35751146309344944	0.08810152296786891	0.3228324947488616	0.34495263908410034	0.24525978626626405	0.5091935043996179	-0.06618916516633386	0.08810152296786891	0.9406736845787949	0.007194975884613944	0.0969940738212399	0.10897069398561118	0.5009975543805084	0.20350206364644075	0.3228324947488616	0.007194975884613944	0.9983005248214372	0.3358005780271097	0.32274310392758054	0.557675379506059	0.2320086602403709	0.34495263908410034	0.0969940738212399	0.3358005780271097	0.36059530024692427	0.25308486395174	0.5157864333423521	0.1361987541083075	0.24525978626626405	0.10897069398561118	0.32274310392758054	0.25308486395174	0.4918341984183251	0.38576445517662855	0.4167484728372097	0.5091935043996179	0.5009975543805084	0.557675379506059	0.5157864333423521	0.38576445517662855	1.198472362647127
0.7521295768142457	0.17877407418151786	-0.12562105743891122	0.2174516949639878	0.22829341323396965	0.1177931293272956	0.4363665764120397	0.17877407418151786	0.45031464452409753	0.03768818613000938	0.3148438693771465	0.32549947555802794	0.218773742434757	0.5192803859794829	-0.12562105743891122	0.03768818613000938	1.1876696757358842	0.12788653949420734	0.16359307650550087	0.1860474285441401	0.6510486668518992	0.2174516949639878	0.3148438693771465	0.12788653949420734	0.7416412790194452	0.4406410634682461	0.3595818377305914	0.6299470698228399	0.22829341323396965	0.32549947555802794	0.16359307650550087	0.4406410634682461	0.4492032895734701	0.3211289903617063	0.6042617856149074	0.1177931293272956	0.218773742434757	0.1860474285441401	0.3595818377305914	0.3211289903617063	0.564629516206552	0.4465612195419612	0.4363665764120397	0.5192803859794829	0.6510486668518992	0.6299470698228399	0.6042617856149074	0.4465612195419612	1.3811351134582366
0.6532105306190578	0.18880059896126375	-0.10311862685278403	0.3224142507699767	0.326386445032905	0.22195125083652822	0.47203191294540264	0.18880059896126375	0.5226293362817804	-0.13013753771592007	0.23950599816056875	0.25440874493395493	0.1680548664861302	0.42891814049052196	-0.10311862685278403	-0.13013753771592007	1.4010998669187122	0.05956753252250637	0.11887858613793809	0.15912181391211433	0.6220995483968035	0.3224142507699767	0.23950599816056875	0.05956753252250637	0.8997222251402766	0.4878509092051148	0.41966068189432126	0.6352900254013193	0.326386445032905	0.25440874493395493	0.11887858613793809	0.4878509092051148	0.48865541819684755	0.371588990121288	0.5987869351326583	0.22195125083652822	0.1680548664861302	0.15912181391211433	0.41966068189432126	0.371588990121288	0.56245920927088	0.47149539613556235	0.47203191294540264	0.42891814049052196	0.6220995483968035	0.6352900254013193	0.5987869351326583	0.47149539613556235	1.3012198541700926
0.7305113986286266	0.11933207521927847	-0.04684030357231567	0.41118064426235834	0.40788446413514456	0.29175519989828497	0.5515850039745508	0.11933207521927847	0.7243961730900091	-0.29099281943639055	0.10636171342112691	0.1197271718324124	0.04697995348514174	0.37177042186174086	-0.04684030357231567	-0.29099281943639055	1.7818047076845234	0.22346528082992578	0.251007064694277	0.2890550322815798	0.873855692291159	0.41118064426235834	0.10636171342112691	0.22346528082992578	0.89390197552497	0.6401594437647351	0.5350319202342322	0.7481473856861982	0.40788446413514456	0.1197271718324124	0.251007064694277	0.6401594437647351	0.6343776562242945	0.49950240775323596	0.7165275585092241	0.29175519989828497	0.04697995348514174	0.2890550322815798	0.5350319202342322	0.49950240775323596	0.6705048247028252	0.5761752913864163	0.5515850039745508	0.37177042186174086	0.873855692291159	0.7481473856861982	0.7165275585092241	0.5761752913864163	1.555959313584477
0.727986807555982	0.14195278530790623	-0.028981879414500505	0.4015436629530695	0.4023462319531658	0.25957017008717814	0.5737797335866787	0.14195278530790623	0.6946344415408969	-0.22045443754658084	0.13387148200479093	0.1557995901117665	0.06045811800827891	0.4266661816657631	-0.028981879414500505	-0.22045443754658084	1.7106034931633958	0.20628998603928939	0.24697598407232005	0.2836873359248922	0.8967799005839298	0.4015436629530695	0.13387148200479093	0.20628998603928939	1.0240642182044344	0.623045414173383	0.5156736717035394	0.7740268494588812	0.4023462319531658	0.1557995901117665	0.24697598407232005	0.623045414173383	0.6185098062779139	0.4548663835679724	0.7269546320042438	0.25957017008717814	0.06045811800827891	0.2836873359248922	0.5156736717035394	0.4548663835679724	0.679567904094206	0.5498987271272657	0.5737797335866787	0.4266661816657631	0.8967799005839298	0.7740268494588812	0.7269546320042438	0.5498987271272657	1.641868742413651
0.7634807437466102	0.13418716860452767	-0.0411089859282448	0.34798431535730634	0.35680453838032045	0.21933870922198861	0.547174807865899	0.13418716860452767	0.6746955384700527	-0.179523499167128	0.11441972841974546	0.15846634776347437	0.06179417753529967	0.42859721896261516	-0.0411089859282448	-0.179523499167128	1.6050818009969885	0.22086535905649435	0.29310052717622226	0.30840865328731465	0.8754394902896918	0.34798431535730634	0.11441972841974546	0.22086535905649435	1.4021187720399013	0.6336932903185036	0.5784877583987857	0.8265662027110499	0.35680453838032045	0.15846634776347437	0.29310052717622226	0.6336932903185036	0.6238129956322438	0.4623735484642219	0.7386400149785896	0.21933870922198861	0.06179417753529967	0.30840865328731465	0.5784877583987857	0.4623735484642219	0.6995610787298702	0.5626631644250971	0.547174807865899	0.42859721896261516	0.8754394902896918	0.8265662027110499	0.7386400149785896	0.5626631644250971	1.628696553538562
0.7101331399399106	0.13904930239971916	-0.07884131000619624	0.33128808830426704	0.33169161538725245	0.23900927807656824	0.4846915397024345	0.13904930239971916	0.6028575376230882	-0.18138384531293136	0.16378118630843572	0.18409961327125504	0.11567101284798424	0.390621167325153	-0.07884131000619624	-0.18138384531293136	1.4954880590507678	0.1609497976477567	0.21699466499695605	0.24113000814867155	0.7225964430256956	0.33128808830426704	0.16378118630843572	0.1609497976477567	1.0246275835756011	0.5629371961015311	0.5011380291464421	0.70541702944223	0.33169161538725245	0.18409961327125504	0.21699466499695605	0.5629371961015311	0.5550820780916117	0.4466731484617469	0.6553255662108103	0.23900927807656824	0.11567101284798424	0.24113000814867155	0.5011380291464421	0.4466731484617469	0.6085852150070352	0.5388329013424557	0.4846915397024345	0.390621167325153	0.7225964430256956	0.70541702944223	0.6553255662108103	0.5388329013424557	1.3893872219775802
0.6827374156323862	0.11234219875623688	-0.039977551222989655	0.3244379375026205	0.3264884124912813	0.24383785138628108	0.46722050583571706	0.11234219875623688	0.5952263334390717	-0.18190345445275502	0.1298259712888925	0.15400249619345113	0.09569959634886016	0.34575025449711383	-0.039977551222989655	-0.18190345445275502	1.3295178499458071	0.195107263315515	0.2468124733231349	0.2584458334484774	0.6485812493988721	0.3244379375026205	0.1298259712888925	0.195107263315515	1.0071866922977641	0.5555904278273176	0.5006912114751314	0.6867364809854167	0.3264884124912813	0.15400249619345113	0.2468124733231349	0.5555904278273176	0.5487235828140796	0.4501921203572673	0.6415773772788309	0.24383785138628108	0.09569959634886016	0.2584458334484774	0.5006912114751314	0.4501921203572673	0.6023389425935288	0.5345059534326684	0.46722050583571706	0.34575025449711383	0.6485812493988721	0.6867364809854167	0.6415773772788309	0.5345059534326684	1.2736911721931001
0.6824454488028384	0.2058969714633223	-0.1879938580289667	0.37990771710688015	0.3776146151734394	0.2580502048171935	0.48157196981787065	0.2058969714633223	0.5817650546242903	-0.2644184036998812	0.24012973475545568	0.25265252114846704	0.15749753612243525	0.3988026151836794	-0.1879938580289667	-0.2644184036998812	1.715334498041631	-0.027631569751722457	0.045007510226267394	0.12112542948107585	0.6138313349766428	0.37990771710688015	0.24012973475545568	-0.027631569751722457	0.9491688224416919	0.538890574234959	0.4542089304613249	0.6432454864450509	0.3776146151734394	0.25265252114846704	0.045007510226267394	0.538890574234959	0.5340441375237662	0.4031113210766091	0.6079422716029196	0.2580502048171935	0.15749753612243525	0.12112542948107585	0.4542089304613249	0.4031113210766091	0.5864759083650716	0.4789113074999461	0.48157196981787065	0.3988026151836794	0.6138313349766428	0.6432454864450509	0.6079422716029196	0.4789113074999461	1.2783356146592226
0.49165884560318796	0.16849488252165415	-0.016323160892732794	0.40161494287347155	0.39577850987340246	0.3809488747038199	0.4825988083894984	0.16849488252165415	0.550029903007839	-0.2625153061052864	0.181673386253116	0.1801684855018001	0.16711006526686065	0.3147508841633603	-0.016323160892732794	-0.2625153061052864	1.3766034934119504	0.054513314223260674	0.047947538609063214	0.06743429564054071	0.49066151547241144	0.40161494287347155	0.181673386253116	0.054513314223260674	0.45660426062144727	0.4427146521165598	0.4284033108754183	0.5236270219102698	0.39577850987340246	0.1801684855018001	0.047947538609063214	0.4427146521165598	0.4658875515465212	0.42131540650064103	0.5160917192112693	0.3809488747038199	0.16711006526686065	0.06743429564054071	0.4284033108754183	0.42131540650064103	0.45933580611149105	0.5003584190658403	0.4825988083894984	0.3147508841633603	0.49066151547241144	0.5236270219102698	0.5160917192112693	0.5003584190658403	1.063920747157775
1.4273940716317948	0.3772441599739486	-0.20550112375093976	0.299905453765599	0.32122354379948714	-0.08924495710562994	0.999545343290603	0.3772441599739486	0.9188109257217439	0.21900324917768133	0.34042884183117816	0.3398278151944826	0.04109942766159384	1.1962612295669943	-0.20550112375093976	0.21900324917768133	5.486143768697124	0.30161848729783125	0.16933014522748224	0.7058659592111955	3.977161172326659	0.299905453765599	0.34042884183117816	0.30161848729783125	0.9894769171669515	0.8863682634080681	0.48152892469735376	1.0377212806602667	0.32122354379948714	0.3398278151944826	0.16933014522748224	0.8863682634080681	1.063088761111124	0.37106693497537835	0.962505990760926	-0.08924495710562994	0.04109942766159384	0.7058659592111955	0.48152892469735376	0.37106693497537835	1.0220022203126211	0.6525537384195789	0.999545343290603	1.1962612295669943	3.977161172326659	1.0377212806602667	0.962505990760926	0.6525537384195789	4.9861278754929765
1.1110756649427778	0.2830943032823495	-0.015331643625882796	0.2865309045919427	0.28544323316530656	0.14680692706860293	0.8810211449897684	0.2830943032823495	0.6826323925826074	0.2706532815434365	0.3796466160784022	0.37245671846729644	0.25730532902035275	1.0104193381766549	-0.015331643625882796	0.2706532815434365	4.3384240583605385	0.3519608290223048	0.3235487798134968	0.453070426535726	3.33316091449747	0.2865309045919427	0.3796466160784022	0.3519608290223048	0.6316502993301881	0.6078778276817315	0.4720421185201391	0.9458847623912012	0.28544323316530656	0.37245671846729644	0.3235487798134968	0.6078778276817315	0.6591692664490361	0.45121920792883763	0.9234860593398944	0.14680692706860293	0.25730532902035275	0.453070426535726	0.4720421185201391	0.45121920792883763	0.6748443762878689	0.7768678319904967	0.8810211449897684	1.0104193381766549	3.33316091449747	0.9458847623912012	0.9234860593398944	0.7768678319904967	4.271528455544595
1.0674172506774346	0.21836852099275852	-0.1430338012420317	0.229169227471447	0.22853185875744525	0.15538633229239326	0.6737315782539343	0.21836852099275852	0.6540679841564423	0.10503351105179054	0.3078392723782086	0.30438529513858315	0.2445042193093385	0.7867305834640778	-0.1430338012420317	0.10503351105179054	3.177847873737435	0.32580743373001475	0.3109603244784648	0.3687281837460153	2.2410111357939413	0.229169227471447	0.3078392723782086	0.32580743373001475	0.6138212480663807	0.5967743929327927	0.5236212735393871	0.8260151451969405	0.22853185875744525	0.30438529513858315	0.3109603244784648	0.5967743929327927	0.6238309167745391	0.5115567461543828	0.8134161044045856	0.15538633229239326	0.2445042193093385	0.3687281837460153	0.5236212735393871	0.5115567461543828	0.63269699839741	0.729044941158649	0.6737315782539343	0.7867305834640778	2.2410111357939413	0.8260151451969405	0.8134161044045856	0.729044941158649	3.081660885119197
1.159656621934103	0.2092638544538305	-0.177411918945448	0.1909712342239263	0.19132091365537648	0.11339270123163153	0.6713929001777172	0.2092638544538305	0.6353810313264678	0.13503043944020898	0.33380500989783857	0.3304615696264128	0.2643729076463235	0.8015076193993583	-0.177411918945448	0.13503043944020898	3.116382159039182	0.3438110724294724	0.3316686285245756	0.38556868499664987	2.2178319782257585	0.1909712342239263	0.33380500989783857	0.3438110724294724	0.6158464290290052	0.6005935951960014	0.5202849604383518	0.8402791988025687	0.19132091365537648	0.3304615696264128	0.3316686285245756	0.6005935951960014	0.6224267395320078	0.5102483959927698	0.8296363044124462	0.11339270123163153	0.2643729076463235	0.38556868499664987	0.5202849604383518	0.5102483959927698	0.6384824022103135	0.7335988238114859	0.6713929001777172	0.8015076193993583	2.2178319782257585	0.8402791988025687	0.8296363044124462	0.7335988238114859	3.086616814169923
1.0888484607342952	0.326511760595865	-0.09062347298673228	0.3583496973562338	0.35817655886815963	0.10443531438029954	0.8819082643042467	0.326511760595865	0.6888978812877147	0.18965890235517013	0.4309914848761886	0.4300733131324338	0.20812887914158096	1.0031538967485103	-0.09062347298673228	0.18965890235517013	4.639325010846119	0.24028425798028358	0.23538592012209614	0.4719474801902172	3.376176779458204	0.3583496973562338	0.4309914848761886	0.24028425798028358	0.661073694854092	0.6485104902560579	0.3778164593861182	0.9590215398125115	0.35817655886815963	0.4300733131324338	0.23538592012209614	0.6485104902560579	0.6560862050891919	0.3728139243872191	0.9530508005013205	0.10443531438029954	0.20812887914158096	0.4719474801902172	0.3778164593861182	0.3728139243872191	0.7404900736474199	0.6880870520830318	0.8819082643042467	1.0031538967485103	3.376176779458204	0.9590215398125115	0.9530508005013205	0.6880870520830318	4.2874024931797985
0.7535945665547679	0.1655830107926053	-0.14828395370101236	0.4150625899837267	0.3992551260648161	0.3137741339118829	0.5420065767720941	0.1655830107926053	0.7220279912727097	-0.3219781801392797	0.17098311901191598	0.17027740285834292	0.1027592176187331	0.41723501235374844	-0.14828395370101236	-0.3219781801392797	2.2982856210108977	0.16110585774921027	0.11895998709201491	0.23076335621431748	1.0819108499237922	0.4150625899837267	0.17098311901191598	0.16110585774921027	0.6335014278250078	0.5962247321228955	0.5182347371910254	0.6983693428984391	0.3992551260648161	0.17027740285834292	0.11895998709201491	0.5962247321228955	0.6772311337880483	0.4842729739932801	0.666037164599582	0.3137741339118829	0.1027592176187331	0.23076335621431748	0.5182347371910254	0.4842729739932801	0.646225322969348	0.5893624068153026	0.5420065767720941	0.41723501235374844	1.0819108499237922	0.6983693428984391	0.666037164599582	0.5893624068153026	1.7192833162111851
0.7747483119679155	0.18107373014172742	-0.22970849783575603	0.30253150571396414	0.30150854684208445	0.21043646720358966	0.43830323526044357	0.18107373014172742	0.5624265096075297	-0.19235575509326858	0.25656344674482634	0.26023658577727077	0.18541238379625663	0.4272263696858714	-0.22970849783575603	-0.19235575509326858	1.7248930751836307	0.08870361019247593	0.11574052032743093	0.171104765463984	0.7190420426646039	0.30253150571396414	0.25656344674482634	0.08870361019247593	0.7122525021090919	0.5368316311979878	0.4517640795085676	0.6422406259623098	0.30150854684208445	0.26023658577727077	0.11574052032743093	0.5368316311979878	0.5358347379493322	0.4313411998170164	0.6232702646544137	0.21043646720358966	0.18541238379625663	0.171104765463984	0.4517640795085676	0.4313411998170164	0.5782743351463177	0.5168352371970435	0.43830323526044357	0.4272263696858714	0.7190420426646039	0.6422406259623098	0.6232702646544137	0.5168352371970435	1.3654033072614211
0.808284413749965	0.1894333509790907	-0.1364964398041705	0.2124447397091671	0.22554628489017164	0.11114546199889128	0.47139469689474844	0.1894333509790907	0.4598123336962633	0.06643953934722621	0.3402022128849755	0.35194749423718613	0.2394727086566415	0.5730878603941618	-0.1364964398041705	0.06643953934722621	1.3306817099628603	0.12291618498412579	0.17187692072523736	0.19592998233092407	0.7768660437585687	0.2124447397091671	0.3402022128849755	0.12291618498412579	0.8935567956126746	0.4506874125134384	0.38514523089552943	0.6876086182025795	0.22554628489017164	0.35194749423718613	0.17187692072523736	0.4506874125134384	0.4587290808081982	0.3278928656277173	0.6402049416284258	0.11114546199889128	0.2394727086566415	0.19592998233092407	0.38514523089552943	0.3278928656277173	0.5711908774135298	0.4779768953416971	0.47139469689474844	0.5730878603941618	0.7768660437585687	0.6876086182025795	0.6402049416284258	0.4779768953416971	1.5738364848037094
0.5800148682687627	0.1795893165040029	-0.13140983020098385	0.358421428377464	0.35639427552508085	0.3051837300907195	0.43089362787198543	0.1795893165040029	0.5286083730635327	-0.2618015104657596	0.2174910447698116	0.2186316159866636	0.1785963300681879	0.32276448035098304	-0.13140983020098385	-0.2618015104657596	1.3679533925198601	0.027949571425617173	0.039672022752586744	0.0733976995077065	0.4053276444723128	0.358421428377464	0.2174910447698116	0.027949571425617173	0.5359466327439237	0.46909678992618575	0.4186267689268224	0.5336906580539148	0.35639427552508085	0.2186316159866636	0.039672022752586744	0.46909678992618575	0.47138321933878835	0.41219076983745684	0.5272451074255584	0.3051837300907195	0.1785963300681879	0.0733976995077065	0.4186267689268224	0.41219076983745684	0.4958063588201857	0.47074887452341246	0.43089362787198543	0.32276448035098304	0.4053276444723128	0.5336906580539148	0.5272451074255584	0.47074887452341246	0.9769631196753119
0.9620979269420391	0.1402001189231219	-0.34867073791911923	0.27841411844687014	0.2739450510942328	0.20793123741776903	0.4202859326502493	0.1402001189231219	0.7712872153263173	-0.40797730359110407	0.10710206728666652	0.1093459531240829	0.06079427315194462	0.34740894534810823	-0.34867073791911923	-0.40797730359110407	2.495906507823648	0.34461262245334	0.30488462460297205	0.3888498695954158	1.1382462083713845	0.27841411844687014	0.10710206728666652	0.34461262245334	0.7568699598072981	0.721125446828142	0.6651817253709308	0.7740195763823936	0.2739450510942328	0.1093459531240829	0.30488462460297205	0.721125446828142	0.7710822798896974	0.6340300174950262	0.7453962963192856	0.20793123741776903	0.06079427315194462	0.3888498695954158	0.6651817253709308	0.6340300174950262	0.7516174827812807	0.690667989204492	0.4202859326502493	0.34740894534810823	1.1382462083713845	0.7740195763823936	0.7453962963192856	0.690667989204492	1.675360798356242
0.5449700422191762	0.19512756478823245	0.19342800882155453	0.4247989428972557	0.4153629972147189	0.3893913166990905	0.7034004845272521	0.19512756478823245	0.6520357516659043	0.021336593603571097	0.20457365491861412	0.2021475533429137	0.17927611158782222	0.645238273732756	0.19342800882155453	0.021336593603571097	1.783696271162102	0.2694216636557094	0.25616876849229053	0.2728827172705073	1.3366684075525423	0.4247989428972557	0.20457365491861412	0.2694216636557094	0.4942590142211772	0.4767170736333371	0.4517770182595444	0.7357572306808954	0.4153629972147189	0.2021475533429137	0.25616876849229053	0.4767170736333371	0.5136815839459931	0.4397260395373049	0.7224503686438369	0.3893913166990905	0.17927611158782222	0.2728827172705073	0.4517770182595444	0.4397260395373049	0.5058745612065565	0.6836564515246875	0.7034004845272521	0.645238273732756	1.3366684075525423	0.7357572306808954	0.7224503686438369	0.6836564515246875	2.2674073901209275
0.6668229637001927	0.1169697445968097	-0.008863363139167996	0.5150992904193222	0.5023823394715087	0.3934188291166646	0.6069252555958152	0.1169697445968097	0.7912954088946522	-0.3687649650697201	0.09250269843627387	0.10633493704144341	0.04116077185612066	0.37151685574038257	-0.008863363139167996	-0.3687649650697201	2.1053913648517466	0.10907511234242317	0.15256329968738253	0.2114910847698722	0.983486467461857	0.5150992904193222	0.09250269843627387	0.10907511234242317	0.9595796426355321	0.6360388136728118	0.5462194247979333	0.7346432828642903	0.5023823394715087	0.10633493704144341	0.15256329968738253	0.6360388136728118	0.6231449373121395	0.503451490127938	0.6907052084215108	0.3934188291166646	0.04116077185612066	0.2114910847698722	0.5462194247979333	0.503451490127938	0.6428576549939055	0.5776587081526056	0.6069252555958152	0.37151685574038257	0.983486467461857	0.7346432828642903	0.6907052084215108	0.5776587081526056	1.6588074933550103
0.6727836448397451	0.18052642785913467	-0.12501222802433964	0.31054934356648634	0.31097101638220537	0.22986934129825043	0.4558031826602503	0.18052642785913467	0.5240617025501428	-0.13385598419032577	0.2323745008415392	0.2507037157026608	0.18281771285265455	0.4230843062196737	-0.12501222802433964	-0.13385598419032577	1.4629174164961356	0.022142323634152618	0.1220052601267832	0.1530948397498344	0.640285800802116	0.31054934356648634	0.2323745008415392	0.022142323634152618	1.1640278484591344	0.4979850370918809	0.46436023910774993	0.6617083902292232	0.31097101638220537	0.2507037157026608	0.1220052601267832	0.4979850370918809	0.48899748882535077	0.3970915011569828	0.5954147281425498	0.22986934129825043	0.18281771285265455	0.1530948397498344	0.46436023910774993	0.3970915011569828	0.5452944131208943	0.49935551792512173	0.4558031826602503	0.4230843062196737	0.640285800802116	0.6617083902292232	0.5954147281425498	0.49935551792512173	1.3087728994860925
0.7596469715062528	0.18160317813109195	-0.12566110734268246	0.2616540054174412	0.27174974893984927	0.1557285147821704	0.47393046412218354	0.18160317813109195	0.5139914777531225	-0.039299963469006216	0.27320262305761944	0.28938227828698704	0.1869314859097067	0.5017314295570976	-0.12566110734268246	-0.039299963469006216	1.4154899642252414	0.12440656471313971	0.17847459390576154	0.20882021668276513	0.7471046684368517	0.2616540054174412	0.27320262305761944	0.12440656471313971	0.9543663991148649	0.49725970599006764	0.4269353830935929	0.6907031225750558	0.27174974893984927	0.28938227828698704	0.17847459390576154	0.49725970599006764	0.5009027996356492	0.367442623541702	0.6445712319494403	0.1557285147821704	0.1869314859097067	0.20882021668276513	0.4269353830935929	0.367442623541702	0.5943496825392078	0.4900857024550569	0.47393046412218354	0.5017314295570976	0.7471046684368517	0.6907031225750558	0.6445712319494403	0.4900857024550569	1.4901312928921502
0.7374454971060866	0.16904837655176883	-0.09599736542231876	0.34738430463086245	0.3498134315499144	0.22421289419734766	0.5241554466022074	0.16904837655176883	0.6172529987593861	-0.16829287798397594	0.19630348029381992	0.21579555122325011	0.12046292888185035	0.4498611770538984	-0.09599736542231876	-0.16829287798397594	1.6675643956867867	0.1425092827366173	0.19676265228055725	0.2388129690529051	0.8362113239439318	0.34738430463086245	0.19630348029381992	0.1425092827366173	1.03551166121433	0.5744488601100446	0.4901446708059839	0.7370980545799588	0.3498134315499144	0.21579555122325011	0.19676265228055725	0.5744488601100446	0.5701270937206697	0.4266013853191172	0.6853888708884236	0.22421289419734766	0.12046292888185035	0.2388129690529051	0.4901446708059839	0.4266013853191172	0.6370637464273183	0.5305453171634905	0.5241554466022074	0.4498611770538984	0.8362113239439318	0.7370980545799588	0.6853888708884236	0.5305453171634905	1.5656890660680285
0.7278199717457868	0.10413584110168464	-0.06867430937141394	0.40510353969521307	0.4007080676881323	0.29705821815899675	0.517558677189329	0.10413584110168464	0.716799944362367	-0.3369890061669242	0.08683194803303013	0.10421787410315102	0.04008457332865624	0.3120783047732251	-0.06867430937141394	-0.3369890061669242	1.7088809835558019	0.210202693527108	0.2480792069763359	0.28285370021018236	0.7589175224065383	0.40510353969521307	0.08683194803303013	0.210202693527108	0.9541570276418473	0.6447821359182332	0.5551671059020593	0.7342667716494062	0.4007080676881323	0.10421787410315102	0.2480792069763359	0.6447821359182332	0.6355333094971392	0.5141705670182989	0.6994464117956429	0.29705821815899675	0.04008457332865624	0.28285370021018236	0.5551671059020593	0.5141705670182989	0.6670553393457366	0.5761663307131475	0.517558677189329	0.3120783047732251	0.7589175224065383	0.7342667716494062	0.6994464117956429	0.5761663307131475	1.387368668748628
