0.7072142445533762	0.1777838319241999	-0.12147935569525146	0.18417840189336593	0.21118366641171632	0.07121584994617185	0.33207877363993965	0.19463169379480838	-0.1891742143340462	-0.08059923838904781	0.1777838319241999	0.3391048796315259	0.03135213351193987	0.2640461270995915	0.24120833214352994	0.1735594955226508	0.13144262740721602	0.30943326131981574	-0.07839891348254863	-0.03816081320437631	-0.12147935569525146	0.03135213351193987	0.8694890678279816	0.040866941407912714	0.06162816255047097	-0.06516717386000893	0.3094919217159598	0.14145680415909953	-0.19360626082029217	0.15249604602921604	0.18417840189336593	0.2640461270995915	0.040866941407912714	0.2772152382120555	0.2515396806305199	0.18243663509749214	0.13639503032773645	0.28270620508051664	-0.06907050239260501	-0.020070664122770678	0.21118366641171632	0.24120833214352994	0.06162816255047097	0.2515396806305199	0.7806676738453013	0.18363353732510185	-0.04004205165771396	0.2994899118690613	0.025758614011543116	0.056820306880816636	0.07121584994617185	0.1735594955226508	-0.06516717386000893	0.18243663509749214	0.18363353732510185	0.49980186456736353	0.10068063777115764	0.23601956548949715	-0.17650995228724645	-0.10739371309697443	0.33207877363993965	0.13144262740721602	0.3094919217159598	0.13639503032773645	-0.04004205165771396	0.10068063777115764	0.5119699288922451	0.24428112711974015	0.018673071040091943	-0.11828548488686248	0.19463169379480838	0.30943326131981574	0.14145680415909953	0.28270620508051664	0.2994899118690613	0.23601956548949715	0.24428112711974015	1.0236342020581681	0.0004353744814198368	0.18923684059218693	-0.1891742143340462	-0.07839891348254863	-0.19360626082029217	-0.06907050239260501	0.025758614011543116	-0.17650995228724645	0.018673071040091943	0.0004353744814198368	1.0763224696210496	-0.3943131922426109	-0.08059923838904781	-0.03816081320437631	0.15249604602921604	-0.020070664122770678	0.056820306880816636	-0.10739371309697443	-0.11828548488686248	0.18923684059218693	-0.3943131922426109	0.7720665632597407
1.688805796185695	0.21339211379176132	-0.28796537803308153	0.2344221944981531	0.21443433027685777	-0.263053770648342	0.7724061284707394	0.11704531757070193	-0.2533735707308218	-0.2753104458635694	0.21339211379176132	1.097574785086356	-0.11358593028472104	0.49783343679244374	0.3946669458275364	0.12291245390143485	0.06863344223316717	0.7002519915681741	-0.047233650290020995	-0.2684929468266264	-0.28796537803308153	-0.11358593028472104	1.4359643481945457	-0.07417658747053751	-0.07641490256091946	-0.4017188149464581	0.4338838319229032	0.2194425921190531	-0.225906933308172	0.4974393328765331	0.2344221944981531	0.49783343679244374	-0.07417658747053751	0.5768062640506961	0.4893579268358191	0.18374425269238784	0.044750224443212944	0.3086975050962939	0.0022612518988078187	-0.15285677939243136	0.21443433027685777	0.3946669458275364	-0.07641490256091946	0.4893579268358191	1.2539573466646503	0.19998311765144405	-0.27896818703020426	0.3439963341207324	0.11073433630876789	0.053271586457714036	-0.263053770648342	0.12291245390143485	-0.4017188149464581	0.18374425269238784	0.19998311765144405	1.450278496386864	-0.0567414302711163	0.2634688510546171	-0.4061125223062043	-0.43184871890147886	0.7724061284707394	0.06863344223316717	0.4338838319229032	0.044750224443212944	-0.27896818703020426	-0.0567414302711163	0.9253017328963372	0.2726729272299304	0.009647512014587287	-0.256421083994492	0.11704531757070193	0.7002519915681741	0.2194425921190531	0.3086975050962939	0.3439963341207324	0.2634688510546171	0.2726729272299304	1.8049176095602866	-0.020756000939238295	0.34897249525537827	-0.2533735707308218	-0.047233650290020995	-0.225906933308172	0.0022612518988078187	0.11073433630876789	-0.4061125223062043	0.009647512014587287	-0.020756000939238295	1.650234878536224	-0.6389728740677187	-0.2753104458635694	-0.2684929468266264	0.4974393328765331	-0.15285677939243136	0.053271586457714036	-0.43184871890147886	-0.256421083994492	0.34897249525537827	-0.6389728740677187	1.522506052076641
1.1748926388951757	0.21147416548782716	-0.2326136294366965	0.2293332927770959	0.2296793923171718	-0.03254983267132709	0.534653398281861	0.1783647196245347	-0.23523682169455445	-0.19140786687051636	0.21147416548782716	0.714103137482593	-0.07763533295852834	0.39318724217056644	0.35053389695733417	0.18247104543737608	0.08122985900935734	0.4974660117966795	-0.08557553535690052	-0.1534641785542423	-0.2326136294366965	-0.07763533295852834	1.2729401068827113	-0.04913473207800939	-0.04961662500723493	-0.25266092857586897	0.42237491638539937	0.17234195519712478	-0.22731540880438433	0.3400171742306307	0.2293332927770959	0.39318724217056644	-0.04913473207800939	0.4314627087139245	0.3926537264907971	0.21688354567038337	0.08311545472162624	0.3245984485390059	-0.05750907919936632	-0.08446985080824088	0.2296793923171718	0.35053389695733417	-0.04961662500723493	0.3926537264907971	0.9067779729571991	0.22000415242021482	-0.12207105880074756	0.34507814548476073	0.02567314198839491	0.025571413844077396	-0.03254983267132709	0.18247104543737608	-0.25266092857586897	0.21688354567038337	0.22000415242021482	0.9306439152713448	0.030019858936425822	0.26504500783212215	-0.29115671979073376	-0.2649522157561466	0.534653398281861	0.08122985900935734	0.42237491638539937	0.08311545472162624	-0.12207105880074756	0.030019858936425822	0.7259423058619185	0.26620286483700506	0.03281814472423259	-0.18572179496615607	0.1783647196245347	0.4974660117966795	0.17234195519712478	0.3245984485390059	0.34507814548476073	0.26504500783212215	0.26620286483700506	1.4625148311218013	-0.009426941434896988	0.2815827748402996	-0.23523682169455445	-0.08557553535690052	-0.22731540880438433	-0.05750907919936632	0.02567314198839491	-0.29115671979073376	0.03281814472423259	-0.009426941434896988	1.4339868719306543	-0.5588626871855579	-0.19140786687051636	-0.1534641785542423	0.3400171742306307	-0.08446985080824088	0.025571413844077396	-0.2649522157561466	-0.18572179496615607	0.2815827748402996	-0.5588626871855579	1.1783138088645013
0.9405194250490383	0.22545371916279483	-0.19816692585909748	0.22911918836041792	0.23842321154911525	0.042519465072231505	0.43116497371293505	0.20846213598986502	-0.19065712905127724	-0.17262536144890228	0.22545371916279483	0.421524829959364	-0.028360056004327037	0.35585178208446233	0.3167597091189739	0.2060684863414897	0.12540485166734944	0.3516483056544091	-0.051207297210853014	-0.11199777406877058	-0.19816692585909748	-0.028360056004327037	1.11290613447199	-0.019459006606591705	-0.009161810025348376	-0.18449740829674038	0.36499856406092773	0.11634271076521756	-0.22755606182514182	0.25827752351793215	0.22911918836041792	0.35585178208446233	-0.019459006606591705	0.366660406786692	0.32521003085894434	0.21309404266503063	0.12836585735000058	0.32850646561839714	-0.04431129676645211	-0.09355196256548977	0.23842321154911525	0.3167597091189739	-0.009161810025348376	0.32521003085894434	0.9073514474123247	0.20948456983353972	-0.09457780100337251	0.33736287592510494	0.04666924065257642	0.021816893670036034	0.042519465072231505	0.2060684863414897	-0.18449740829674038	0.21309404266503063	0.20948456983353972	0.7320528805980526	0.07647901264094843	0.25093503888066837	-0.21746434661177627	-0.23749203706458027	0.43116497371293505	0.12540485166734944	0.36499856406092773	0.12836585735000058	-0.09457780100337251	0.07647901264094843	0.6302179757901264	0.2323090504242666	0.034567723610758966	-0.19756038406607254	0.20846213598986502	0.3516483056544091	0.11634271076521756	0.32850646561839714	0.33736287592510494	0.25093503888066837	0.2323090504242666	1.0366481286708902	-0.0009509970507471099	0.16813873483273656	-0.19065712905127724	-0.051207297210853014	-0.22755606182514182	-0.04431129676645211	0.04666924065257642	-0.21746434661177627	0.034567723610758966	-0.0009509970507471099	1.270546816225206	-0.5246029780808444	-0.17262536144890228	-0.11199777406877058	0.25827752351793215	-0.09355196256548977	0.021816893670036034	-0.23749203706458027	-0.19756038406607254	0.16813873483273656	-0.5246029780808444	1.0535863313458893
0.5625518999201498	0.1837629781572771	-0.14925481538256558	0.185305970365708	0.21894271970919815	0.15828429033245206	0.2564808212414788	0.1927229644886657	-0.15403491842577244	-0.09950162999023071	0.1837629781572771	0.25951311488797973	0.0028953002205325904	0.2402810040964031	0.21341932191527246	0.21847979297151743	0.1454456877600548	0.2543313012245775	-0.06189838566250409	-0.06542032759962278	-0.14925481538256558	0.0028953002205325904	0.8381921920769487	0.006681387336108055	0.06844515896818028	-0.023631167957172183	0.26494597165685635	0.049101929342334705	-0.23156564850781072	0.12526119875630987	0.185305970365708	0.2402810040964031	0.006681387336108055	0.24943255731983355	0.21689855228868657	0.22040543070856256	0.14740430151400064	0.25194666926744147	-0.05862224791879835	-0.05903660090782382	0.21894271970919815	0.21341932191527246	0.06844515896818028	0.21689855228868657	0.8200569328377691	0.20174907106699155	-0.03633458397858262	0.24616846118298163	0.05312543666465398	0.025867808616699656	0.15828429033245206	0.21847979297151743	-0.023631167957172183	0.22040543070856256	0.20174907106699155	0.2995797848471196	0.13577731922093655	0.23503548407237554	-0.08645207135787505	-0.08257202343704641	0.2564808212414788	0.1454456877600548	0.26494597165685635	0.14740430151400064	-0.03633458397858262	0.13577731922093655	0.43948965914428045	0.1869046756119065	0.003925709018299306	-0.13153946978495584	0.1927229644886657	0.2543313012245775	0.049101929342334705	0.25194666926744147	0.24616846118298163	0.23503548407237554	0.1869046756119065	0.5484825073230073	-0.02987262534897886	0.031923178742231564	-0.15403491842577244	-0.06189838566250409	-0.23156564850781072	-0.05862224791879835	0.05312543666465398	-0.08645207135787505	0.003925709018299306	-0.02987262534897886	0.948835769600008	-0.39457757054540393	-0.09950162999023071	-0.06542032759962278	0.12526119875630987	-0.05903660090782382	0.025867808616699656	-0.08257202343704641	-0.13153946978495584	0.031923178742231564	-0.39457757054540393	0.6986072019230382
0.26418599807117477	0.09280776288168409	-0.10862549966410624	0.09408772539063508	0.14530616286094938	0.0867047858543087	0.11184887658231542	0.1039986350764909	-0.01610255893212241	-0.008205213000002742	0.09280776288168409	0.12649056814412088	0.01626374107430581	0.11632793115517212	0.12084494351878443	0.11028876591690623	0.1035895461227826	0.12975624179362014	0.02359138936322741	0.008926257521980199	-0.10862549966410624	0.01626374107430581	0.4754808374194888	0.018937777850066877	0.14020723089389528	0.007519217375143217	0.10433002965794888	0.02653187815758977	-0.0964146184801159	0.031875517261829536	0.09408772539063508	0.11632793115517212	0.018937777850066877	0.13737971821707026	0.12403823459571688	0.11182462888854078	0.1053296649614767	0.12960696409568162	0.025837362963198496	0.011921472036543737	0.14530616286094938	0.12084494351878443	0.14020723089389528	0.12403823459571688	0.49089364689299164	0.11914745739450545	0.06837381238331008	0.14143488037724505	0.07505543551441557	0.040600412488694795	0.0867047858543087	0.11028876591690623	0.007519217375143217	0.11182462888854078	0.11914745739450545	0.13346402730169737	0.10034190227339866	0.12485474861085309	0.018267642256107754	0.005213524948467567	0.11184887658231542	0.1035895461227826	0.10433002965794888	0.1053296649614767	0.06837381238331008	0.10034190227339866	0.1895594299114278	0.12132692334726472	0.030917846623456643	-0.001598246431626467	0.1039986350764909	0.12975624179362014	0.02653187815758977	0.12960696409568162	0.14143488037724505	0.12485474861085309	0.12132692334726472	0.2520754317156319	0.03894967440769198	0.035125406982113916	-0.01610255893212241	0.02359138936322741	-0.0964146184801159	0.025837362963198496	0.07505543551441557	0.018267642256107754	0.030917846623456643	0.03894967440769198	0.3336959717695269	-0.08674457446344498	-0.008205213000002742	0.008926257521980199	0.031875517261829536	0.011921472036543737	0.040600412488694795	0.005213524948467567	-0.001598246431626467	0.035125406982113916	-0.08674457446344498	0.2747503574012839
0.3765732165397706	0.1300489369371603	-0.12455274160635928	0.13111257847158328	0.17733952527153976	0.10724692748742992	0.1562858469142968	0.1438229713512491	-0.08972035189451746	-0.012820436768040896	0.1300489369371603	0.16802283100511317	0.030881811083195994	0.15761452581758417	0.14750883354576388	0.138863496924372	0.12680865168142397	0.17670877142354138	-0.025594910782060457	0.008042050244991446	-0.12455274160635928	0.030881811083195994	0.6293364096354658	0.03321833099139175	0.139343154071489	0.001680043092762401	0.1588121727199615	0.04959584306233266	-0.17092249079836752	0.07214363424877807	0.13111257847158328	0.15761452581758417	0.03321833099139175	0.17040440883653965	0.15004847436622806	0.14024142185293467	0.12829009218863785	0.17586413744281632	-0.023316679651893893	0.010961284092673064	0.17733952527153976	0.14750883354576388	0.139343154071489	0.15004847436622806	0.5721367004460277	0.13758852772721156	0.057345292759166284	0.1776434295410838	0.05518733831197656	0.04259471860178009	0.10724692748742992	0.138863496924372	0.001680043092762401	0.14024142185293467	0.13758852772721156	0.20868555533675107	0.11421076792297173	0.15998083545756125	-0.047764119096502015	-0.00906490048708108	0.1562858469142968	0.12680865168142397	0.1588121727199615	0.12829009218863785	0.057345292759166284	0.11421076792297173	0.2543105725196867	0.15445556162531654	-0.004487922934927611	-0.016478915667984654	0.1438229713512491	0.17670877142354138	0.04959584306233266	0.17586413744281632	0.1776434295410838	0.15998083545756125	0.15445556162531654	0.37610473583183773	-0.0015162448768154327	0.053834234724871206	-0.08972035189451746	-0.025594910782060457	-0.17092249079836752	-0.023316679651893893	0.05518733831197656	-0.047764119096502015	-0.004487922934927611	-0.0015162448768154327	0.5967720467566374	-0.18740676944663007	-0.012820436768040896	0.008042050244991446	0.07214363424877807	0.010961284092673064	0.04259471860178009	-0.00906490048708108	-0.016478915667984654	0.053834234724871206	-0.18740676944663007	0.3807548141450925
0.17700567479594845	0.1221295418087049	0.02942160157323144	0.11654516526198885	0.1366051519705636	0.12199322882453498	0.12381246131316957	0.12894874690318536	-0.11254741756318634	0.06168736990482172	0.1221295418087049	0.1443279106010774	0.06264436412480721	0.12178177286375919	0.12058927712332815	0.12393577398236948	0.12156280023123511	0.1312775459035782	-0.09494110808613695	0.060417221684705515	0.02942160157323144	0.06264436412480721	0.36979056129865917	0.07095161514327583	0.19695631518294704	0.059856403174027545	0.09637972407254847	0.06709644490732658	-0.23942107354938436	0.06808056427986306	0.11654516526198885	0.12178177286375919	0.07095161514327583	0.49121781165288014	0.14794061716463036	0.11979801763041707	0.11927888374884399	0.12195653176784171	-0.07164600766866755	0.06449420543692498	0.1366051519705636	0.12058927712332815	0.19695631518294704	0.14794061716463036	0.4643508812130604	0.1230118280992706	0.09978834665923132	0.1300763403643084	0.037374155509479035	0.06931576280855864	0.12199322882453498	0.12393577398236948	0.059856403174027545	0.11979801763041707	0.1230118280992706	0.13896721666332948	0.12214817537783984	0.13120345624539226	-0.09601253591260506	0.061767572548540574	0.12381246131316957	0.12156280023123511	0.09637972407254847	0.11927888374884399	0.09978834665923132	0.12214817537783984	0.15584822585478406	0.1292298769033559	-0.07660432739395825	0.0579441444780285	0.12894874690318536	0.1312775459035782	0.06709644490732658	0.12195653176784171	0.1300763403643084	0.13120345624539226	0.1292298769033559	0.16792540780113946	-0.08752239377762748	0.07061915415754307	-0.11254741756318634	-0.09494110808613695	-0.23942107354938436	-0.07164600766866755	0.037374155509479035	-0.09601253591260506	-0.07660432739395825	-0.08752239377762748	0.6124375761749045	-0.16144760296415916	0.06168736990482172	0.060417221684705515	0.06808056427986306	0.06449420543692498	0.06931576280855864	0.061767572548540574	0.0579441444780285	0.07061915415754307	-0.16144760296415916	0.2334812688729319
0.5146777241036764	0.1755338174792585	-0.11570020841933762	0.1744829691805766	0.22886558791015624	0.16402642745932927	0.21928655813222842	0.17911417474157024	-0.212620060938208	-0.05340643859544001	0.1755338174792585	0.2211360091160127	0.06917987870107163	0.21258821904648814	0.1780671129215145	0.20527185968422249	0.17530440838097233	0.22059083508466126	-0.09188921359073969	-0.04044384571049898	-0.11570020841933762	0.06917987870107163	0.6338491856128483	0.0716893735274497	0.1519033959414871	0.05694806481754483	0.16587419567969722	0.0800919350807486	-0.2529736185793716	0.10917833500450821	0.1744829691805766	0.21258821904648814	0.0716893735274497	0.24511880477368223	0.18119151650965237	0.2046195597092697	0.17524924247482365	0.2182389683100657	-0.08835210938588907	-0.03717675113900485	0.22886558791015624	0.1780671129215145	0.1519033959414871	0.18119151650965237	0.6620942253943377	0.1740510896796603	0.07143336613175151	0.1922689945069871	0.040338794190972985	0.002376283438590804	0.16402642745932927	0.20527185968422249	0.05694806481754483	0.2046195597092697	0.1740510896796603	0.23966586253548788	0.16952167512606403	0.21267907339275333	-0.10326453973324098	-0.04742867625434499	0.21928655813222842	0.17530440838097233	0.16587419567969722	0.17524924247482365	0.07143336613175151	0.16952167512606403	0.30691388531085634	0.18649416893902876	-0.047657711270436144	-0.08085861095097169	0.17911417474157024	0.22059083508466126	0.0800919350807486	0.2182389683100657	0.1922689945069871	0.21267907339275333	0.18649416893902876	0.32017309233816654	-0.08047813244127773	-0.009218495328790023	-0.212620060938208	-0.09188921359073969	-0.2529736185793716	-0.08835210938588907	0.040338794190972985	-0.10326453973324098	-0.047657711270436144	-0.08047813244127773	0.972880097196557	-0.3849597334822228	-0.05340643859544001	-0.04044384571049898	0.10917833500450821	-0.03717675113900485	0.002376283438590804	-0.04742867625434499	-0.08085861095097169	-0.009218495328790023	-0.3849597334822228	0.6050599190000954
0.32839239070428206	0.11014298874102618	-0.05628437406795529	0.1106120896449763	0.13363867603589363	0.07061032542501437	0.17030501567676376	0.11737447434344951	-0.06674200640787592	-0.01766965406613034	0.11014298874102618	0.15325146569687104	0.048489275040898734	0.14567901834687644	0.14744699347560866	0.11335128169903248	0.11603073644630013	0.1546034462112059	-0.006196141134900805	0.006803526810193459	-0.05628437406795529	0.048489275040898734	0.4983650083351561	0.0504112130620002	0.07960731364960667	0.005073406348052409	0.18766806461627994	0.058339319273914496	-0.10636710186858951	0.038758896011082	0.1106120896449763	0.14567901834687644	0.0504112130620002	0.16747003481003964	0.14895759161336397	0.11427597031217152	0.11742003597032717	0.15411053811534162	-0.0043308772764328604	0.00908564777448043	0.13363867603589363	0.14744699347560866	0.07960731364960667	0.14895759161336397	0.3499346212010502	0.12095910750493649	0.07356361700915048	0.15869581815871203	0.026110508024645835	0.02557862285778472	0.07061032542501437	0.11335128169903248	0.005073406348052409	0.11427597031217152	0.12095910750493649	0.22173881373962007	0.0986414652379129	0.1241439035408536	-0.04419485247913427	-0.024789931384340505	0.17030501567676376	0.11603073644630013	0.18766806461627994	0.11742003597032717	0.07356361700915048	0.0986414652379129	0.2795447878188462	0.1315543301112922	0.03233011371944368	-0.028984889279865415	0.11737447434344951	0.1546034462112059	0.058339319273914496	0.15411053811534162	0.15869581815871203	0.1241439035408536	0.1315543301112922	0.2488444132159031	0.005013196656722476	0.02845791896752224	-0.06674200640787592	-0.006196141134900805	-0.10636710186858951	-0.0043308772764328604	0.026110508024645835	-0.04419485247913427	0.03233011371944368	0.005013196656722476	0.49406837452428287	-0.15795200180583213	-0.01766965406613034	0.006803526810193459	0.038758896011082	0.00908564777448043	0.02557862285778472	-0.024789931384340505	-0.028984889279865415	0.02845791896752224	-0.15795200180583213	0.36391747207910957
0.4048223054056888	0.17717624490539768	-0.07151649726638164	0.17481991803605437	0.20006133817201405	0.16816670479831453	0.19296204789808113	0.1803035332864866	-0.19113737762281477	-0.013587891243924883	0.17717624490539768	0.20989745361270354	0.04555068783069766	0.19988660892378304	0.17696545812094505	0.194567985407683	0.15035045233117306	0.20588042835189058	-0.12030443122468074	0.0014460391212081515	-0.07151649726638164	0.04555068783069766	0.6750694735148502	0.05003003034721283	0.13409103269042957	0.034206840510416295	0.20646022891648944	0.05089082404599182	-0.2789528786678541	0.09843828010005017	0.17481991803605437	0.19988660892378304	0.05003003034721283	0.26159191846465296	0.18185991147594058	0.19270824435343142	0.15044424439186074	0.20274345058353432	-0.1139421397162305	0.004815218417667697	0.20006133817201405	0.17696545812094505	0.13409103269042957	0.18185991147594058	0.6641379241732995	0.17319552166068686	0.03284766496836216	0.18363355270073636	0.016908507178161985	0.03804034424965193	0.16816670479831453	0.194567985407683	0.034206840510416295	0.19270824435343142	0.17319552166068686	0.22570228239153384	0.14597187400636819	0.19870290333372104	-0.13045503144708717	-0.004997061816477191	0.19296204789808113	0.15035045233117306	0.20646022891648944	0.15044424439186074	0.03284766496836216	0.14597187400636819	0.3171767780678809	0.15676462154820833	-0.05415797119729129	-0.04788444688270163	0.1803035332864866	0.20588042835189058	0.05089082404599182	0.20274345058353432	0.18363355270073636	0.19870290333372104	0.15676462154820833	0.24726245208070013	-0.1140845655665849	0.013768333254776537	-0.19113737762281477	-0.12030443122468074	-0.2789528786678541	-0.1139421397162305	0.016908507178161985	-0.13045503144708717	-0.05415797119729129	-0.1140845655665849	0.9575233604456398	-0.3514689598321245	-0.013587891243924883	0.0014460391212081515	0.09843828010005017	0.004815218417667697	0.03804034424965193	-0.004997061816477191	-0.04788444688270163	0.013768333254776537	-0.3514689598321245	0.5007712897302822
0.2409965303377636	0.15369169570539815	0.0029935079095569643	0.15208089553195323	0.15980276751814426	0.15304775826142242	0.14449499432443805	0.15863256597072553	-0.1582157785083265	0.05028040628762252	0.15369169570539815	0.1758836082928132	0.05284625240186581	0.15806539962102217	0.1456117765683407	0.1582887820341775	0.13230236459402686	0.16409397014339264	-0.1316213342716138	0.05205366875935537	0.0029935079095569643	0.05284625240186581	0.5521272380726675	0.05915141806599947	0.16510581975837132	0.0502793827777451	0.1728619510060649	0.057166594036793986	-0.2971997131492853	0.07972094963734165	0.15208089553195323	0.15806539962102217	0.05915141806599947	0.26973584629029784	0.1549004090160114	0.1572596050557624	0.13386825967592061	0.16164855121432364	-0.1203734430900354	0.056246292999611154	0.15980276751814426	0.1456117765683407	0.16510581975837132	0.1549004090160114	0.5341834203110302	0.14703900812944778	0.0643110579226577	0.15273060779236053	0.0016342756770347938	0.06692284620772142	0.15304775826142242	0.1582887820341775	0.0502793827777451	0.1572596050557624	0.14703900812944778	0.17199658360675785	0.13291100622394184	0.16362290319785916	-0.13277783152780817	0.053154606586207645	0.14449499432443805	0.13230236459402686	0.1728619510060649	0.13386825967592061	0.0643110579226577	0.13291100622394184	0.2363035027098245	0.1387449518025921	-0.07888323193854946	0.026998748422238768	0.15863256597072553	0.16409397014339264	0.057166594036793986	0.16164855121432364	0.15273060779236053	0.16362290319785916	0.1387449518025921	0.19285717246991105	-0.12505497338460803	0.06120217877108829	-0.1582157785083265	-0.1316213342716138	-0.2971997131492853	-0.1203734430900354	0.0016342756770347938	-0.13277783152780817	-0.07888323193854946	-0.12505497338460803	0.8193742978483812	-0.25306715912375977	0.05028040628762252	0.05205366875935537	0.07972094963734165	0.056246292999611154	0.06692284620772142	0.053154606586207645	0.026998748422238768	0.06120217877108829	-0.25306715912375977	0.32513248566912706
0.18415069190083205	0.11708195073525629	0.013465306755344717	0.11903951197115817	0.1301798980459808	0.12012001179497771	0.1186602623479445	0.12529065871356745	-0.12153978152641705	0.07024581053065145	0.11708195073525629	0.1530829951008988	0.045659749190874885	0.12288068655601121	0.12463193033744559	0.12202159960405395	0.10324665277781284	0.12767112633417035	-0.10523179508569189	0.06940661301342456	0.013465306755344717	0.045659749190874885	0.44234630521460544	0.053392782861622454	0.09610144106916187	0.04671589383570592	0.16974826735317375	0.052363530804039236	-0.22901705594459904	0.051609970795133395	0.11903951197115817	0.12288068655601121	0.053392782861622454	0.2681115820894064	0.13283784197023776	0.12471667646386067	0.11011828432195825	0.12851894684437282	-0.09193431429543814	0.07563458053798638	0.1301798980459808	0.12463193033744559	0.09610144106916187	0.13283784197023776	0.3073715898840908	0.12889186565708136	0.07967107317500853	0.13409818998064166	-0.04732758748066747	0.08225458283746001	0.12012001179497771	0.12202159960405395	0.04671589383570592	0.12471667646386067	0.12889186565708136	0.1366058986076789	0.1078241428120992	0.13063997276233313	-0.10214983047160865	0.0742787394902538	0.1186602623479445	0.10324665277781284	0.16974826735317375	0.11011828432195825	0.07967107317500853	0.1078241428120992	0.20997714279894877	0.11332122392020783	-0.04241713276624247	0.053644310619343924	0.12529065871356745	0.12767112633417035	0.052363530804039236	0.12851894684437282	0.13409818998064166	0.13063997276233313	0.11332122392020783	0.1577999953200897	-0.09556897619943136	0.08059828972216844	-0.12153978152641705	-0.10523179508569189	-0.22901705594459904	-0.09193431429543814	-0.04732758748066747	-0.10214983047160865	-0.04241713276624247	-0.09556897619943136	0.6082533276579865	-0.15973268534123175	0.07024581053065145	0.06940661301342456	0.051609970795133395	0.07563458053798638	0.08225458283746001	0.0742787394902538	0.053644310619343924	0.08059828972216844	-0.15973268534123175	0.21468427322646785
0.1235764124986494	0.08282187258293994	0.04953073935871858	0.101612531477616	0.1067035876591199	0.09778982333403287	0.10413701336377615	0.10626896685172879	-0.09210131125787016	0.08724703716382892	0.08282187258293994	0.17771570571674952	0.04510267527184593	0.08685445321864524	0.0883169895630502	0.08165403048974568	0.0808978087692034	0.09274440980053389	-0.1026539893727276	0.06912760145472124	0.04953073935871858	0.04510267527184593	0.2624768042404133	0.062043848621758345	0.08001147762506663	0.05564304823905766	0.12371978699766628	0.06437704353159987	-0.17586446469075304	0.05766678360116782	0.101612531477616	0.08685445321864524	0.062043848621758345	0.14188912752178062	0.10860600154892923	0.10094472621909499	0.10198423548768788	0.10887384146351999	-0.0803552667197438	0.08995928111697905	0.1067035876591199	0.0883169895630502	0.08001147762506663	0.10860600154892923	0.17839478844149714	0.1048524521807267	0.09412173373361	0.11334565076565274	-0.058376799695602256	0.09352361659289428	0.09778982333403287	0.08165403048974568	0.05564304823905766	0.10094472621909499	0.1048524521807267	0.11542905920842053	0.09902198405177419	0.10576031184055695	-0.08785650682885272	0.08619229843050673	0.10413701336377615	0.0808978087692034	0.12371978699766628	0.10198423548768788	0.09412173373361	0.09902198405177419	0.16510312083174775	0.10779303874649537	-0.0318574837953363	0.08456585442112144	0.10626896685172879	0.09274440980053389	0.06437704353159987	0.10887384146351999	0.11334565076565274	0.10576031184055695	0.10779303874649537	0.14920787238357652	-0.07751829513296304	0.09521650067386467	-0.09210131125787016	-0.1026539893727276	-0.17586446469075304	-0.0803552667197438	-0.058376799695602256	-0.08785650682885272	-0.0318574837953363	-0.07751829513296304	0.452744295898656	-0.09750695206350224	0.08724703716382892	0.06912760145472124	0.05766678360116782	0.08995928111697905	0.09352361659289428	0.08619229843050673	0.08456585442112144	0.09521650067386467	-0.09750695206350224	0.13436412065526143
0.13865374340654785	0.09798431413343864	0.0327903262656426	0.10689317382712091	0.11854380455229817	0.111448790519894	0.10863773632936437	0.11735803282040796	-0.09197885328644191	0.08669741894817744	0.09798431413343864	0.1753743424880719	0.03820188685604904	0.10346492194496879	0.10003545850047377	0.09757336692043576	0.09107391135443231	0.10492699821103996	-0.09987782415277062	0.0705267665772299	0.0327903262656426	0.03820188685604904	0.3545442753072726	0.05192303304401635	0.11977964004589148	0.04617066693641577	0.1148314997417512	0.05214159558415422	-0.23847010251225306	0.05279449462402881	0.10689317382712091	0.10346492194496879	0.05192303304401635	0.42491533086863176	0.12359530274589935	0.10754393732799697	0.10547901442750429	0.11007661502432484	-0.07197531962716304	0.08467324428044835	0.11854380455229817	0.10003545850047377	0.11977964004589148	0.12359530274589935	0.2930711643209868	0.11538599031090825	0.0925160512973996	0.12131884284300644	-0.024716018767901263	0.09216482963258132	0.111448790519894	0.09757336692043576	0.04617066693641577	0.10754393732799697	0.11538599031090825	0.12367383596717232	0.1056802030503144	0.11734713114186573	-0.08621288874266889	0.08629159158819219	0.10863773632936437	0.09107391135443231	0.1148314997417512	0.10547901442750429	0.0925160512973996	0.1056802030503144	0.15788145901678666	0.1117706134390631	-0.056243740349988934	0.0795503187483604	0.11735803282040796	0.10492699821103996	0.05214159558415422	0.11007661502432484	0.12131884284300644	0.11734713114186573	0.1117706134390631	0.14842963714109492	-0.0791174618536029	0.09286223723891257	-0.09197885328644191	-0.09987782415277062	-0.23847010251225306	-0.07197531962716304	-0.024716018767901263	-0.08621288874266889	-0.056243740349988934	-0.0791174618536029	0.5251157915621901	-0.11292403142719702	0.08669741894817744	0.0705267665772299	0.05279449462402881	0.08467324428044835	0.09216482963258132	0.08629159158819219	0.0795503187483604	0.09286223723891257	-0.11292403142719702	0.16078144536825628
0.26201442487731674	0.11945626378836127	-0.07458666086174162	0.09920525977907473	0.14841268956682185	0.12200446356475858	0.12263231309257748	0.12730873468501766	-0.09867660718960311	0.04166417604480229	0.11945626378836127	0.15429403747009457	0.028056603294438414	0.11780827672704236	0.11468642615074187	0.12797854611500029	0.11481311959487583	0.1338111046964656	-0.06648933718453023	0.045656462667160225	-0.07458666086174162	0.028056603294438414	0.5559289611484083	0.06986029570855545	0.21855928302997324	0.028331001998181837	0.10552698647370316	0.03335529523322048	-0.22131932056437312	0.062090879607080166	0.09920525977907473	0.11780827672704236	0.06986029570855545	0.9079261694480267	0.18512828126160244	0.11354796840316365	0.10913412206245467	0.11005911485035956	-0.022965375659427557	0.05462879191215181	0.14841268956682185	0.11468642615074187	0.21855928302997324	0.18512828126160244	0.5762905927077986	0.11898916002759125	0.0718650135747797	0.12438235083571658	0.05355041904836843	0.06672326816573705	0.12200446356475858	0.12797854611500029	0.028331001998181837	0.11354796840316365	0.11898916002759125	0.14063109285354936	0.11809473216050544	0.1364910783382294	-0.06385418668116	0.05026186535870479	0.12263231309257748	0.11481311959487583	0.10552698647370316	0.10913412206245467	0.0718650135747797	0.11809473216050544	0.1795355036607166	0.12375609231658866	-0.04950749077914805	0.03906196667727794	0.12730873468501766	0.1338111046964656	0.03335529523322048	0.11005911485035956	0.12438235083571658	0.1364910783382294	0.12375609231658866	0.16828472480327888	-0.05780497415856324	0.05748324157123326	-0.09867660718960311	-0.06648933718453023	-0.22131932056437312	-0.022965375659427557	0.05355041904836843	-0.06385418668116	-0.04950749077914805	-0.05780497415856324	0.5934841680062954	-0.15152450480824806	0.04166417604480229	0.045656462667160225	0.062090879607080166	0.05462879191215181	0.06672326816573705	0.05026186535870479	0.03906196667727794	0.05748324157123326	-0.15152450480824806	0.2493826417540189
0.19270197005636036	0.12233065116143013	0.032389291894210116	0.10747063937929771	0.1352829412727824	0.1386776835947081	0.1341508639898443	0.1457182645800384	-0.14920618162107052	0.08906275800338571	0.12233065116143013	0.21033512802995544	0.054268794283963875	0.1266544441536929	0.10116015138865744	0.12394591147937112	0.11569271817057514	0.1334623770702273	-0.14985939417827246	0.06988667042262757	0.032389291894210116	0.054268794283963875	0.4795042612647232	0.09405469916995476	0.27033987183369385	0.06548050365222488	0.1117597858817881	0.07006579021272358	-0.2897730119304588	0.08257383261560824	0.10747063937929771	0.1266544441536929	0.09405469916995476	1.0577887438948996	0.20728482467576664	0.1116486011081678	0.10929683734725024	0.10241110475114976	-0.06172317898285113	0.07640785945925656	0.1352829412727824	0.10116015138865744	0.27033987183369385	0.20728482467576664	0.6184627331778415	0.11925149442167526	0.08109502337448557	0.1273763435668808	0.07187529003669471	0.0859461721254434	0.1386776835947081	0.12394591147937112	0.06548050365222488	0.1116486011081678	0.11925149442167526	0.14872963003778736	0.1325255197231736	0.1479659962382325	-0.13334416643013475	0.09027840630799036	0.1341508639898443	0.11569271817057514	0.1117597858817881	0.10929683734725024	0.08109502337448557	0.1325255197231736	0.1729994243502748	0.1402020632360701	-0.11465098235204273	0.08167346143088457	0.1457182645800384	0.1334623770702273	0.07006579021272358	0.10241110475114976	0.1273763435668808	0.1479659962382325	0.1402020632360701	0.19871358068956996	-0.12584749078706253	0.0993767879392869	-0.14920618162107052	-0.14985939417827246	-0.2897730119304588	-0.06172317898285113	0.07187529003669471	-0.13334416643013475	-0.11465098235204273	-0.12584749078706253	0.7711400050921333	-0.18709067721713663	0.08906275800338571	0.06988667042262757	0.08257383261560824	0.07640785945925656	0.0859461721254434	0.09027840630799036	0.08167346143088457	0.0993767879392869	-0.18709067721713663	0.22276068852724457
0.3124200241799596	0.18408987676868532	0.0506515596136889	0.15689727753588473	0.17025167676918973	0.19712663779198547	0.19010506462489146	0.20429552551686714	-0.3104955171458443	0.09455904639909377	0.18408987676868532	0.2680377773208115	0.10054301967118423	0.16988906153621086	0.11315745615730578	0.188201683159992	0.17029672214746902	0.19898880404231267	-0.27910946225862604	0.07370784920322551	0.0506515596136889	0.10054301967118423	0.5788086248949418	0.12666696174774916	0.28043385739073895	0.11181534558298253	0.1624311267135926	0.11751180687710447	-0.4226249918634509	0.1414437592281097	0.15689727753588473	0.16988906153621086	0.12666696174774916	0.8364022335008158	0.20820806797738625	0.1633784533826034	0.15138129010897414	0.1552749435120937	-0.1632087119785747	0.08013998878152484	0.17025167676918973	0.11315745615730578	0.28043385739073895	0.20820806797738625	0.7661967296442714	0.12993957293681183	0.06287303033138637	0.14124073096923517	0.11162140274904811	0.06642506887543075	0.19712663779198547	0.188201683159992	0.11181534558298253	0.1633784533826034	0.12993957293681183	0.20859590027342717	0.18411664441747766	0.20975770994229515	-0.2638097332904591	0.09471561054829045	0.19010506462489146	0.17029672214746902	0.1624311267135926	0.15138129010897414	0.06287303033138637	0.18411664441747766	0.24065123214202583	0.19296897091971713	-0.22482014190419833	0.0743556911145015	0.20429552551686714	0.19898880404231267	0.11751180687710447	0.1552749435120937	0.14124073096923517	0.20975770994229515	0.19296897091971713	0.277762656128323	-0.2542850674194547	0.10826315550002155	-0.3104955171458443	-0.27910946225862604	-0.4226249918634509	-0.1632087119785747	0.11162140274904811	-0.2638097332904591	-0.22482014190419833	-0.2542850674194547	1.3007628594806655	-0.38010052070940503	0.09455904639909377	0.07370784920322551	0.1414437592281097	0.08013998878152484	0.06642506887543075	0.09471561054829045	0.0743556911145015	0.10826315550002155	-0.38010052070940503	0.37378189347136204
0.38732109309728735	0.20388745276405645	0.010965018236187719	0.17164418515953372	0.19498228697327277	0.20389126152794637	0.2010357813965387	0.2087774981783455	-0.3450461683117775	0.07652685687227544	0.20388745276405645	0.2296957195642293	0.10577866911889604	0.18469465247554984	0.1349594366106708	0.21211212434239865	0.18502959028461044	0.21738906531146224	-0.27349042201734636	0.07467741290443079	0.010965018236187719	0.10577866911889604	0.6305570801513011	0.12357691626082341	0.2521340189712683	0.10486922288103491	0.1752861534032981	0.11048204383821225	-0.4223685150235079	0.14434306618464687	0.17164418515953372	0.18469465247554984	0.12357691626082341	0.7211957618150925	0.2026660775038575	0.18244354635258359	0.1626220403329158	0.1811938684013767	-0.18448151711243643	0.07341860831321549	0.19498228697327277	0.1349594366106708	0.2521340189712683	0.2026660775038575	0.8014777318777945	0.13767555651508417	0.04423088845774746	0.14329960010439063	0.08841802722824518	0.05950395222164608	0.20389126152794637	0.21211212434239865	0.10486922288103491	0.18244354635258359	0.13767555651508417	0.22356306011404015	0.1859643188535126	0.21772790755918062	-0.27365465484613755	0.07708537744934	0.2010357813965387	0.18502959028461044	0.1752861534032981	0.1626220403329158	0.04423088845774746	0.1859643188535126	0.26750589226855503	0.1913666473426176	-0.2198156870160678	0.0468492456805433	0.2087774981783455	0.21738906531146224	0.11048204383821225	0.1811938684013767	0.14329960010439063	0.21772790755918062	0.1913666473426176	0.24990564681395466	-0.26629764476688295	0.0854868192684771	-0.3450461683117775	-0.27349042201734636	-0.4223685150235079	-0.18448151711243643	0.08841802722824518	-0.27365465484613755	-0.2198156870160678	-0.26629764476688295	1.3726889320219477	-0.4247751987982746	0.07652685687227544	0.07467741290443079	0.14434306618464687	0.07341860831321549	0.05950395222164608	0.07708537744934	0.0468492456805433	0.0854868192684771	-0.4247751987982746	0.4249266401350388
