0.1755558888271821	-0.007645362239172865	0.06751481044453288	0.08575349026509134	0.19811998852835935	-0.036722068031810544	0.10125035733942997	0.10791481232169876	0.08727204517763663	0.06475715742648538	-0.007645362239172865	0.6655101366909036	0.0020845094459554306	0.022171434605146968	0.05658692637114916	-0.10374797232718937	0.016819556550563147	0.340409337804631	0.011763916597597998	-0.0295966876768652	0.06751481044453288	0.0020845094459554306	0.164594884719048	0.0952170771901585	0.17376921019531266	-0.0160220192770955	0.10557867090409355	0.126924234408417	0.09675834704232093	0.07540655236472794	0.08575349026509134	0.022171434605146968	0.0952170771901585	0.1985292761563717	0.1544880152324866	0.005509886369531349	0.1053579002946857	0.12337268923529555	0.10374014523899787	0.07457225767169368	0.19811998852835935	0.05658692637114916	0.17376921019531266	0.1544880152324866	0.6078194442879737	0.14364252003569333	0.11297098782471313	0.2652012466245946	0.15305064190499534	0.12167753939882567	-0.036722068031810544	-0.10374797232718937	-0.0160220192770955	0.005509886369531349	0.14364252003569333	0.30882390900895534	0.021310475146769283	0.060133851565868854	0.005345569235373245	-0.016366822553727123	0.10125035733942997	0.016819556550563147	0.10557867090409355	0.1053579002946857	0.11297098782471313	0.021310475146769283	0.14971574500386625	0.16092631938966276	0.1086786260527005	0.07648575063414757	0.10791481232169876	0.340409337804631	0.126924234408417	0.12337268923529555	0.2652012466245946	0.060133851565868854	0.16092631938966276	0.9266905583584282	0.1449753924522591	0.14008088355247972	0.08727204517763663	0.011763916597597998	0.09675834704232093	0.10374014523899787	0.15305064190499534	0.005345569235373245	0.1086786260527005	0.1449753924522591	0.11376199688479777	0.07774977973683854	0.06475715742648538	-0.0295966876768652	0.07540655236472794	0.07457225767169368	0.12167753939882567	-0.016366822553727123	0.07648575063414757	0.14008088355247972	0.07774977973683854	0.1851467846915984
0.15856285921284133	-0.01493709791493339	0.07642100603403715	0.0882063221502924	0.23712509207870128	-0.0010660962915517366	0.09352049204205937	0.11076686117574934	0.08896695871794112	0.07901734680603983	-0.01493709791493339	0.6026413613449537	-0.012440427195160364	0.014625162063607047	0.046502146118706754	-0.10284659730704362	-0.004581586534766785	0.18760701083595388	-0.0075529782691600746	-0.028394009248194567	0.07642100603403715	-0.012440427195160364	0.16309367205782332	0.0912832649428038	0.21944681111479275	0.0035615844816398916	0.09579727763470738	0.11471956597808103	0.09157897750172891	0.08309668548384624	0.0882063221502924	0.014625162063607047	0.0912832649428038	0.23680185771531065	0.17956649239930633	0.020361409999944756	0.09771625177813077	0.10790897232275201	0.09577132953780222	0.08292361623886924	0.23712509207870128	0.046502146118706754	0.21944681111479275	0.17956649239930633	0.7433399372831544	0.21680231514867837	0.15189413756570513	0.26720913181758343	0.1737522281221667	0.15256825883384262	-0.0010660962915517366	-0.10284659730704362	0.0035615844816398916	0.020361409999944756	0.21680231514867837	0.2857419563433328	0.023226641339065712	0.05558667942190887	0.01799358543361161	0.00880584114062885	0.09352049204205937	-0.004581586534766785	0.09579727763470738	0.09771625177813077	0.15189413756570513	0.023226641339065712	0.11569821561863976	0.12973437527204382	0.10047492368542786	0.08736884946748932	0.11076686117574934	0.18760701083595388	0.11471956597808103	0.10790897232275201	0.26720913181758343	0.05558667942190887	0.12973437527204382	0.5762462819518849	0.1254661974857171	0.11983628240588465	0.08896695871794112	-0.0075529782691600746	0.09157897750172891	0.09577132953780222	0.1737522281221667	0.01799358543361161	0.10047492368542786	0.1254661974857171	0.11130406625537369	0.08553467481882927	0.07901734680603983	-0.028394009248194567	0.08309668548384624	0.08292361623886924	0.15256825883384262	0.00880584114062885	0.08736884946748932	0.11983628240588465	0.08553467481882927	0.14144764317098807
0.2030384550876855	-0.04549259407160866	0.07296719551354133	0.08563436990311649	0.2671510300100778	-0.002658619367581357	0.1127983729601454	0.12008221228230444	0.10954098012878057	0.07709018490080807	-0.04549259407160866	0.9120130482679899	-0.05149891881380614	0.09193399577496822	0.011213416950478547	-0.16049850780232905	-0.03420703719358863	0.2473615400551834	-0.035795841770051434	-0.10718536457067836	0.07296719551354133	-0.05149891881380614	0.26237656016965755	0.09089466378916888	0.2919437275115962	-0.016670123401362286	0.1058850551330472	0.10926190592112763	0.101125205610719	0.08489603939189617	0.08563436990311649	0.09193399577496822	0.09089466378916888	0.7197172982297065	0.21919445565461304	0.013929177527071679	0.08853094332685466	0.04180496904789259	0.08976711566441192	0.04794348890729334	0.2671510300100778	0.011213416950478547	0.2919437275115962	0.21919445565461304	0.8910210425144396	0.24234412125667795	0.15519544717691725	0.2695414530989328	0.18139457534247008	0.13950777872712664	-0.002658619367581357	-0.16049850780232905	-0.016670123401362286	0.013929177527071679	0.24234412125667795	0.36635047014783856	0.02619582965388175	0.053416345951585564	0.022562787689666727	-0.008269641570159305	0.1127983729601454	-0.03420703719358863	0.1058850551330472	0.08853094332685466	0.15519544717691725	0.02619582965388175	0.13915302840722654	0.1422771235480997	0.12264609143828897	0.08211205015627884	0.12008221228230444	0.2473615400551834	0.10926190592112763	0.04180496904789259	0.2695414530989328	0.053416345951585564	0.1422771235480997	0.6669231410830363	0.13928935143471613	0.11736617476456963	0.10954098012878057	-0.035795841770051434	0.101125205610719	0.08976711566441192	0.18139457534247008	0.022562787689666727	0.12264609143828897	0.13928935143471613	0.1305722123727935	0.0827862591112402	0.07709018490080807	-0.10718536457067836	0.08489603939189617	0.04794348890729334	0.13950777872712664	-0.008269641570159305	0.08211205015627884	0.11736617476456963	0.0827862591112402	0.2248504098435906
0.1263690865327693	-0.012668774306692984	0.05504903010414155	0.06626601363198824	0.1808834397182945	0.004245162129734366	0.07637513280622138	0.08650027233208496	0.06840331926602394	0.06554704033126747	-0.012668774306692984	0.44811133201289893	-0.008351761961659772	0.026617826026055752	0.043697548330995324	-0.06538435638463715	0.0003672072399418455	0.10951845403835998	-0.00351092791259134	-0.011460360758186426	0.05504903010414155	-0.008351761961659772	0.12942001332395894	0.0718299388872597	0.16770076967842984	0.011958390595510474	0.08017919147679187	0.09307968252580825	0.07329673235674772	0.07073035709594619	0.06626601363198824	0.026617826026055752	0.0718299388872597	0.31140526679669145	0.15158314044822788	0.02580241700624261	0.08012561216847176	0.08021754462060793	0.07669800737878857	0.07196073326725673	0.1808834397182945	0.043697548330995324	0.16770076967842984	0.15158314044822788	0.5477518725221223	0.1452558431542279	0.12420992218461324	0.1989287466412007	0.14336370833047454	0.1338025719326606	0.004245162129734366	-0.06538435638463715	0.011958390595510474	0.02580241700624261	0.1452558431542279	0.19202827905068243	0.03301772861629937	0.05144129852873488	0.025097907907868255	0.02214034021781254	0.07637513280622138	0.0003672072399418455	0.08017919147679187	0.08012561216847176	0.12420992218461324	0.03301772861629937	0.10486289351056685	0.11048767498108711	0.08442932611208111	0.079391675343533	0.08650027233208496	0.10951845403835998	0.09307968252580825	0.08021754462060793	0.1989287466412007	0.05144129852873488	0.11048767498108711	0.4164086327434008	0.10382580569345917	0.10210449599564642	0.06840331926602394	-0.00351092791259134	0.07329673235674772	0.07669800737878857	0.14336370833047454	0.025097907907868255	0.08442932611208111	0.10382580569345917	0.0936404478498946	0.07585522939499284	0.06554704033126747	-0.011460360758186426	0.07073035709594619	0.07196073326725673	0.1338025719326606	0.02214034021781254	0.079391675343533	0.10210449599564642	0.07585522939499284	0.10550123070300074
0.15192182109033558	-0.007855506343932395	0.07002552465434735	0.07660452184429972	0.23447839342149	0.0077725564781869	0.0881533548816257	0.10647297847825501	0.08362656173209371	0.07213590893862423	-0.007855506343932395	0.5198672934624893	-0.005669902473166092	0.05944106358439611	0.06020065572469942	-0.07834818416386505	0.002193149195904801	0.14437825937489898	-0.0005262163395653371	-0.0231697213961923	0.07002552465434735	-0.005669902473166092	0.15904625070354103	0.0808379767890163	0.21933060306111388	0.011208696251311477	0.08998841721255213	0.1093362797247332	0.0857050324643603	0.07603266000771275	0.07660452184429972	0.05944106358439611	0.0808379767890163	0.5421355909643529	0.19698292425210184	0.0264999096899918	0.08270258513854115	0.06452224361899485	0.08171212431895719	0.06651710839238431	0.23447839342149	0.06020065572469942	0.21933060306111388	0.19698292425210184	0.736035954951777	0.20716034749808707	0.15017193801663287	0.2517519558018795	0.1713635409909145	0.14764513151871494	0.0077725564781869	-0.07834818416386505	0.011208696251311477	0.0264999096899918	0.20716034749808707	0.2505906381876097	0.030126470475704728	0.06001261109767925	0.02538506948903145	0.014087543384699641	0.0881533548816257	0.002193149195904801	0.08998841721255213	0.08270258513854115	0.15017193801663287	0.030126470475704728	0.11039122897988687	0.12490201690525572	0.0955573506963859	0.08065752275045668	0.10647297847825501	0.14437825937489898	0.1093362797247332	0.06452224361899485	0.2517519558018795	0.06001261109767925	0.12490201690525572	0.5052550816952776	0.12083603975255167	0.11328882591309086	0.08362656173209371	-0.0005262163395653371	0.0857050324643603	0.08171212431895719	0.1713635409909145	0.02538506948903145	0.0955573506963859	0.12083603975255167	0.10591602185636625	0.0787936424198613	0.07213590893862423	-0.0231697213961923	0.07603266000771275	0.06651710839238431	0.14764513151871494	0.014087543384699641	0.08065752275045668	0.11328882591309086	0.0787936424198613	0.13971333853624285
0.21519857076696228	-0.04905705541837617	0.043644032231806296	0.06978078052017557	0.2591450931049027	0.0028059450570058625	0.10593076458544974	0.11398574459338788	0.10098531668654209	0.07121138929105537	-0.04905705541837617	0.9027300616398701	-0.05678825804941693	0.11033632667520428	0.019200802000001183	-0.13555785212454785	-0.033074577130696586	0.2912818788816214	-0.03451088639793289	-0.09752182470622231	0.043644032231806296	-0.05678825804941693	0.2918414349128805	0.08071171430629034	0.28756108304532224	-0.016070633797365258	0.09720469889099695	0.09697037335434738	0.08908465941762092	0.07887442859326693	0.06978078052017557	0.11033632667520428	0.08071171430629034	0.8831306380422714	0.2133537798933462	0.014635289080617085	0.07345686314477867	-0.005153284644520945	0.0758178082147045	0.03683917880284443	0.2591450931049027	0.019200802000001183	0.28756108304532224	0.2133537798933462	0.8574021689536732	0.20039220644892372	0.13844780638676374	0.2628986707872114	0.1694086763044513	0.13647530977131322	0.0028059450570058625	-0.13555785212454785	-0.016070633797365258	0.014635289080617085	0.20039220644892372	0.31983375301931527	0.03898631726351366	0.07192703300486293	0.03511067118416579	0.004076414249360533	0.10593076458544974	-0.033074577130696586	0.09720469889099695	0.07345686314477867	0.13844780638676374	0.03898631726351366	0.14069887138525294	0.14705042005916183	0.11835643088696586	0.08021580187220934	0.11398574459338788	0.2912818788816214	0.09697037335434738	-0.005153284644520945	0.2628986707872114	0.07192703300486293	0.14705042005916183	0.7813154670731355	0.1427943521257322	0.12496406080601408	0.10098531668654209	-0.03451088639793289	0.08908465941762092	0.0758178082147045	0.1694086763044513	0.03511067118416579	0.11835643088696586	0.1427943521257322	0.12554847265250496	0.08165773854669567	0.07121138929105537	-0.09752182470622231	0.07887442859326693	0.03683917880284443	0.13647530977131322	0.004076414249360533	0.08021580187220934	0.12496406080601408	0.08165773854669567	0.21146309046942977
0.304952856961505	-0.052901451800482224	0.07184094382024603	0.08458377089938529	0.30405684259130844	-0.0836654149569575	0.14815533389171484	0.13859528605690688	0.14558192380072033	0.09332437765530047	-0.052901451800482224	1.3765208873934414	-0.06551533671048808	0.2027214186645445	-0.010637464315503942	-0.2873704093963961	-0.0391567994843381	0.5167962188749272	-0.04032909158686404	-0.15935139158326314	0.07184094382024603	-0.06551533671048808	0.429716283961203	0.11383999502525191	0.3681908135323649	-0.12242971698619365	0.13065069664581838	0.10988592884810336	0.1250391416824469	0.12027501719476798	0.08458377089938529	0.2027214186645445	0.11383999502525191	1.2089096876838241	0.26149868073607274	-0.042795879887626884	0.07335648158620658	-0.07399542804471829	0.07745449435517279	0.00799767211745037	0.30405684259130844	-0.010637464315503942	0.3681908135323649	0.26149868073607274	1.1242584354601777	0.3048336541779375	0.13309856746017795	0.2889426985519417	0.16214973294167057	0.1277328684986572	-0.0836654149569575	-0.2873704093963961	-0.12242971698619365	-0.042795879887626884	0.3048336541779375	0.6804760916783876	-0.03328742956420959	0.01646400891779691	-0.036764868471929904	-0.08007319288775737	0.14815533389171484	-0.0391567994843381	0.13065069664581838	0.07335648158620658	0.13309856746017795	-0.03328742956420959	0.1785697192728985	0.17343205324667996	0.16122801716997187	0.0951355122566071	0.13859528605690688	0.5167962188749272	0.10988592884810336	-0.07399542804471829	0.2889426985519417	0.01646400891779691	0.17343205324667996	1.0757984642079896	0.17039448982811595	0.14251059237436506	0.14558192380072033	-0.04032909158686404	0.1250391416824469	0.07745449435517279	0.16214973294167057	-0.036764868471929904	0.16122801716997187	0.17039448982811595	0.16941010533901052	0.09745933993481277	0.09332437765530047	-0.15935139158326314	0.12027501719476798	0.00799767211745037	0.1277328684986572	-0.08007319288775737	0.0951355122566071	0.14251059237436506	0.09745933993481277	0.31347447387935534
0.37510183584398865	-0.07254584841926635	0.02437085867896594	0.08203691452024861	0.30492482942529675	-0.1075061405396871	0.16308169776296952	0.1289038097006926	0.15923972045894846	0.087904468269274	-0.07254584841926635	1.7107457888575637	-0.1015819588244511	0.21384559581954	-0.029666935004384574	-0.3296390364818822	-0.052122331772282274	0.7386141299831162	-0.05374882198263277	-0.20941790450144662	0.02437085867896594	-0.1015819588244511	0.5790292518451292	0.1250243908468659	0.4009770905535935	-0.18530333334216656	0.13458487432139746	0.07343298830962461	0.12003392850431321	0.14229377615683017	0.08203691452024861	0.21384559581954	0.1250243908468659	1.2695053711493642	0.2573845102210283	-0.06840403433871908	0.06999140321685586	-0.12155790919072369	0.07757623090786929	-0.009353510997711258	0.30492482942529675	-0.029666935004384574	0.4009770905535935	0.2573845102210283	1.1554203575751465	0.2536185450254872	0.10808520057748656	0.2704495827104089	0.15315755807619416	0.13329814416884164	-0.1075061405396871	-0.3296390364818822	-0.18530333334216656	-0.06840403433871908	0.2536185450254872	0.7655792480465986	-0.0357480479757156	0.014451404179912641	-0.04052018046060375	-0.10358692936073145	0.16308169776296952	-0.052122331772282274	0.13458487432139746	0.06999140321685586	0.10808520057748656	-0.0357480479757156	0.20546763625034403	0.17892170615470648	0.17490907674526557	0.08811958386128534	0.1289038097006926	0.7386141299831162	0.07343298830962461	-0.12155790919072369	0.2704495827104089	0.014451404179912641	0.17892170615470648	1.3433627345925396	0.17395612553042167	0.13805247864328826	0.15923972045894846	-0.05374882198263277	0.12003392850431321	0.07757623090786929	0.15315755807619416	-0.04052018046060375	0.17490907674526557	0.17395612553042167	0.1851951295116355	0.09446394808489461	0.087904468269274	-0.20941790450144662	0.14229377615683017	-0.009353510997711258	0.13329814416884164	-0.10358692936073145	0.08811958386128534	0.13805247864328826	0.09446394808489461	0.36743743373551024
0.23409318601082812	-0.0992296007605728	0.03274759198496598	0.05951465644206366	0.27423786079089474	0.021857472801526653	0.11149669271034299	0.1086773693779869	0.10757670616559434	0.08143044941969622	-0.0992296007605728	1.2214828113573135	-0.10912791746485737	0.14445628844999736	-0.017334861440938168	-0.17774250809938408	-0.08315447605501329	0.3858712163285991	-0.08501248308651113	-0.14733214839812636	0.03274759198496598	-0.10912791746485737	0.3504943140964074	0.08031827013000509	0.33809075239882036	-0.00857209340689144	0.09578656118050068	0.0784175364384247	0.08788280553953479	0.08607478988687556	0.05951465644206366	0.14445628844999736	0.08031827013000509	1.028819311274057	0.22622010800806944	0.011667128422757786	0.06012888674936499	-0.042203684440635436	0.062393576411585855	0.02701872053732962	0.27423786079089474	-0.017334861440938168	0.33809075239882036	0.22622010800806944	0.9242167176728412	0.2058976695878385	0.1480753946316672	0.2653974364146757	0.1733779930586606	0.14895962191526266	0.021857472801526653	-0.17774250809938408	-0.00857209340689144	0.011667128422757786	0.2058976695878385	0.31324828883715145	0.054898828973275575	0.07787878569904383	0.05237165012879308	0.02454458533576129	0.11149669271034299	-0.08315447605501329	0.09578656118050068	0.06012888674936499	0.1480753946316672	0.054898828973275575	0.14323516341047587	0.1428962474991108	0.12522512467520963	0.09234926161328347	0.1086773693779869	0.3858712163285991	0.0784175364384247	-0.042203684440635436	0.2653974364146757	0.07787878569904383	0.1428962474991108	0.887483154575716	0.1391166709705557	0.12321835137331884	0.10757670616559434	-0.08501248308651113	0.08788280553953479	0.062393576411585855	0.1733779930586606	0.05237165012879308	0.12522512467520963	0.1391166709705557	0.13294567385717387	0.09309401253859823	0.08143044941969622	-0.14733214839812636	0.08607478988687556	0.02701872053732962	0.14895962191526266	0.02454458533576129	0.09234926161328347	0.12321835137331884	0.09309401253859823	0.21059155022874937
0.33099363417864275	-0.08335915978348737	0.01222535933374781	0.07434645299873431	0.28863371813132555	-0.05652485540835374	0.14343523209627607	0.11904841475938444	0.13841853246251112	0.08088220685504693	-0.08335915978348737	1.5368309440901506	-0.10812211803203257	0.17321491681222656	-0.026021563211628518	-0.2651556445207657	-0.06162646414691672	0.6285438139656667	-0.06339041435077947	-0.189654755341684	0.01222535933374781	-0.10812211803203257	0.5088300864366393	0.10499993986837405	0.366184669061242	-0.12024484865502888	0.12012386708115755	0.06982922579574287	0.1046388189180841	0.1173398007801511	0.07434645299873431	0.17321491681222656	0.10499993986837405	1.1246917588346845	0.23216539998699867	-0.036838223361120415	0.07084726221047273	-0.08380922470765578	0.0768652747810712	0.0054586006166549616	0.28863371813132555	-0.026021563211628518	0.366184669061242	0.23216539998699867	1.0295475026746441	0.21269921838704528	0.11994387087971432	0.26304658748502363	0.16138136512114515	0.13470102131483871	-0.05652485540835374	-0.2651556445207657	-0.12024484865502888	-0.036838223361120415	0.21269921838704528	0.5765302561737052	0.005055772598587397	0.04137184785751992	0.0007171472690500127	-0.054912974141841944	0.14343523209627607	-0.06162646414691672	0.12012386708115755	0.07084726221047273	0.11994387087971432	0.005055772598587397	0.18633816191017744	0.16769040857652662	0.1558088899031201	0.08572212532621713	0.11904841475938444	0.6285438139656667	0.06982922579574287	-0.08380922470765578	0.26304658748502363	0.04137184785751992	0.16769040857652662	1.205147424211297	0.1625279540375885	0.13175152858385217	0.13841853246251112	-0.06339041435077947	0.1046388189180841	0.0768652747810712	0.16138136512114515	0.0007171472690500127	0.1558088899031201	0.1625279540375885	0.1653984261583277	0.09102503000273564	0.08088220685504693	-0.189654755341684	0.1173398007801511	0.0054586006166549616	0.13470102131483871	-0.054912974141841944	0.08572212532621713	0.13175152858385217	0.09102503000273564	0.3166775180576505
0.37713216943367744	-0.06325503717900391	0.03964026393054888	0.08687301644033904	0.28333396018975193	-0.15437137550788915	0.16733786537932022	0.1321313796059792	0.16178242920971825	0.11015075589790342	-0.06325503717900391	1.6258277270825447	-0.07777154977091863	0.19487694323549493	-0.039981352769736356	-0.36913444139450363	-0.04784769199339896	0.6793745300512939	-0.04814427219854835	-0.1613519336699577	0.03964026393054888	-0.07777154977091863	0.5598788543831702	0.12374684367825951	0.34183706734752023	-0.22514933221898006	0.1535514814961442	0.08916720196957813	0.13428157607226004	0.14377963094261273	0.08687301644033904	0.19487694323549493	0.12374684367825951	1.1661057429048407	0.22606725885117307	-0.09534887125603735	0.07732695471471465	-0.08615996936051315	0.08676518686271138	0.022978763397646054	0.28333396018975193	-0.039981352769736356	0.34183706734752023	0.22606725885117307	1.0230028370977253	0.21792695511371885	0.10300857312572723	0.25115450971379677	0.15685862581802537	0.13428242181261754	-0.15437137550788915	-0.36913444139450363	-0.22514933221898006	-0.09534887125603735	0.21792695511371885	0.8421554951081355	-0.06242080641582498	-0.015895696484929986	-0.07275202599158516	-0.11718150564821929	0.16733786537932022	-0.04784769199339896	0.1535514814961442	0.07732695471471465	0.10300857312572723	-0.06242080641582498	0.21249136846707248	0.1820819905766892	0.1725342307193596	0.10972099975386748	0.1321313796059792	0.6793745300512939	0.08916720196957813	-0.08615996936051315	0.25115450971379677	-0.015895696484929986	0.1820819905766892	1.2534627099563331	0.1762975527455387	0.14834152812236095	0.16178242920971825	-0.04814427219854835	0.13428157607226004	0.08676518686271138	0.15685862581802537	-0.07275202599158516	0.1725342307193596	0.1762975527455387	0.18529922598821402	0.11863120810648187	0.11015075589790342	-0.1613519336699577	0.14377963094261273	0.022978763397646054	0.13428242181261754	-0.11718150564821929	0.10972099975386748	0.14834152812236095	0.11863120810648187	0.31529437482133693
0.2233250617920889	-0.026332901179147133	0.07596168631195069	0.10271527439811651	0.2537091837269878	-0.05829519598686497	0.11498941616614422	0.11979903821821221	0.10977321536557792	0.08933412487079231	-0.026332901179147133	0.9458830028799383	-0.02493531336649004	0.019691135696853473	0.0328608798884629	-0.1789804430289122	-0.008075471457309625	0.4517896390070988	-0.010278220277963528	-0.05189237430964568	0.07596168631195069	-0.02493531336649004	0.24684200634954484	0.10571659281252799	0.2383470571720414	-0.055317187069641865	0.1157825738148049	0.1232655504769086	0.11042436905788613	0.09689751173387297	0.10271527439811651	0.019691135696853473	0.10571659281252799	0.31971020867723327	0.17398853784197166	-0.014834582359266262	0.11405702192636478	0.10473447413032025	0.11493506388783842	0.08802429569393873	0.2537091837269878	0.0328608798884629	0.2383470571720414	0.17398853784197166	0.8056808222854538	0.21570461865280985	0.13676757920509755	0.3063822244720435	0.16715965206702238	0.1408965870166772	-0.05829519598686497	-0.1789804430289122	-0.055317187069641865	-0.014834582359266262	0.21570461865280985	0.45267805124271715	-0.006646515142721833	0.043854872632369785	-0.013964081385905736	-0.03183032954908622	0.11498941616614422	-0.008075471457309625	0.1157825738148049	0.11405702192636478	0.13676757920509755	-0.006646515142721833	0.147183533377312	0.15888664814071188	0.12508045900620593	0.09775544701332813	0.11979903821821221	0.4517896390070988	0.1232655504769086	0.10473447413032025	0.3063822244720435	0.043854872632369785	0.15888664814071188	1.0232008279939375	0.15274476209553475	0.14663840031684333	0.10977321536557792	-0.010278220277963528	0.11042436905788613	0.11493506388783842	0.16715965206702238	-0.013964081385905736	0.12508045900620593	0.15274476209553475	0.13287297034469134	0.09919923077713028	0.08933412487079231	-0.05189237430964568	0.09689751173387297	0.08802429569393873	0.1408965870166772	-0.03183032954908622	0.09775544701332813	0.14663840031684333	0.09919923077713028	0.19387479743656405
0.18171051064142396	-0.029402763498866502	0.07624993082354828	0.087763889604622	0.2338662099672596	-0.025241855856970887	0.10063666912874245	0.10993670520078855	0.09351684382640518	0.08063283555808451	-0.029402763498866502	0.7816698224549614	-0.022323950497910364	0.015655470128295258	0.03657391860450723	-0.13410019517704377	-0.012298724406549414	0.3256792678502011	-0.015059285406813146	-0.04233573305666669	0.07624993082354828	-0.022323950497910364	0.17224472903737983	0.09493779653262613	0.20216661879959255	-0.010213159193313741	0.10542395563636836	0.12287140774778404	0.10051554286623585	0.08861160216144008	0.087763889604622	0.015655470128295258	0.09493779653262613	0.3093964693386402	0.17245741828436034	0.007591739456676003	0.1003983102137396	0.0968586063397296	0.10030138498830715	0.0829133273019812	0.2338662099672596	0.03657391860450723	0.20216661879959255	0.17245741828436034	0.7220272122324252	0.19373425399711272	0.13184830332149375	0.2817243570312648	0.16684559340940802	0.14579429405265293	-0.025241855856970887	-0.13410019517704377	-0.010213159193313741	0.007591739456676003	0.19373425399711272	0.3284765585573467	0.017457435589814902	0.05378548870857833	0.00900610462086403	-0.0030435388340345677	0.10063666912874245	-0.012298724406549414	0.10542395563636836	0.1003983102137396	0.13184830332149375	0.017457435589814902	0.13641061036180693	0.14615933981114368	0.10980897415934564	0.0917363658784968	0.10993670520078855	0.3256792678502011	0.12287140774778404	0.0968586063397296	0.2817243570312648	0.05378548870857833	0.14615933981114368	0.8356052573383579	0.1383782259287829	0.13376669016803724	0.09351684382640518	-0.015059285406813146	0.10051554286623585	0.10030138498830715	0.16684559340940802	0.00900610462086403	0.10980897415934564	0.1383782259287829	0.11679623610032629	0.09207842235260028	0.08063283555808451	-0.04233573305666669	0.08861160216144008	0.0829133273019812	0.14579429405265293	-0.0030435388340345677	0.0917363658784968	0.13376669016803724	0.09207842235260028	0.15870860193222092
0.15985879889254465	0.01707061300107283	0.1287164566059764	0.10229421097893754	0.1779316884572629	0.11689633386433021	0.1380773801207954	0.14863381923657637	-0.117075870918712	0.1365362419893966	0.01707061300107283	0.607926823323343	0.013938517033573562	0.12434427822640172	0.0037929335960970286	-0.006579395355311515	0.016330962447340964	0.0879254028887382	-0.2455342246680702	0.014356620218066924	0.1287164566059764	0.013938517033573562	0.19555224068244295	0.10439001721739091	0.20800488333381126	0.10990270773966061	0.13393467115981728	0.14173758628885047	-0.1211039749433584	0.1311960533209246	0.10229421097893754	0.12434427822640172	0.10439001721739091	0.7911297746891416	0.21233610990709778	0.0881391197171096	0.09899914629331867	0.0861641660023143	-0.058412684662828854	0.10034744929584545	0.1779316884572629	0.0037929335960970286	0.20800488333381126	0.21233610990709778	0.7642458971944527	0.17220500636802802	0.11709858094477776	0.1926388796590212	0.29975047603610905	0.15277758929076962	0.11689633386433021	-0.006579395355311515	0.10990270773966061	0.0881391197171096	0.17220500636802802	0.19423152853758502	0.11962601355818173	0.13152192134173823	-0.13716004452520378	0.11798971006937761	0.1380773801207954	0.016330962447340964	0.13393467115981728	0.09899914629331867	0.11709858094477776	0.11962601355818173	0.15968767003119166	0.1514751130996942	-0.10626495516149347	0.1372759524726628	0.14863381923657637	0.0879254028887382	0.14173758628885047	0.0861641660023143	0.1926388796590212	0.13152192134173823	0.1514751130996942	0.3182974088087826	-0.09941639254080673	0.14993581976007925	-0.117075870918712	-0.2455342246680702	-0.1211039749433584	-0.058412684662828854	0.29975047603610905	-0.13716004452520378	-0.10626495516149347	-0.09941639254080673	0.7735993698946314	-0.11326707146084232	0.1365362419893966	0.014356620218066924	0.1311960533209246	0.10034744929584545	0.15277758929076962	0.11798971006937761	0.1372759524726628	0.14993581976007925	-0.11326707146084232	0.14870063189034163
0.14567870311608766	-0.11050362452364404	0.10284459409387083	0.07561624057569055	0.2411261533712691	0.043118744834180454	0.10948464157190797	0.10925968478211834	0.09574732734291702	0.10628071491542601	-0.11050362452364404	1.0070111151466317	-0.10838548374730231	0.07497944583600334	-0.06525223478702583	-0.18884712161794598	-0.1084269725194125	0.08184735344877431	-0.12069338987161965	-0.11292828545453922	0.10284459409387083	-0.10838548374730231	0.14134329648565275	0.07830870145141824	0.22490771616945565	0.046996402937465834	0.11148479633940515	0.11236583874975545	0.09849337579428612	0.10881585268764579	0.07561624057569055	0.07497944583600334	0.07830870145141824	0.6823089658614101	0.21579276704740405	0.03166508853921176	0.07505109902465742	0.055103221905045144	0.06950133934091696	0.0752801901197169	0.2411261533712691	-0.06525223478702583	0.22490771616945565	0.21579276704740405	0.7716884036394219	0.2473884409525766	0.1627484113326813	0.24554770815914184	0.20834124900306158	0.19767256752720183	0.043118744834180454	-0.18884712161794598	0.046996402937465834	0.03166508853921176	0.2473884409525766	0.25815196003039576	0.05599276529007102	0.05907819597641156	0.04062876058752539	0.05176523330215918	0.10948464157190797	-0.1084269725194125	0.11148479633940515	0.07505109902465742	0.1627484113326813	0.05599276529007102	0.13474912829114583	0.1190195562900467	0.10239249649550848	0.11183083214761946	0.10925968478211834	0.08184735344877431	0.11236583874975545	0.055103221905045144	0.24554770815914184	0.05907819597641156	0.1190195562900467	0.39625888107353363	0.1053597128925949	0.11584573868890136	0.09574732734291702	-0.12069338987161965	0.09849337579428612	0.06950133934091696	0.20834124900306158	0.04062876058752539	0.10239249649550848	0.1053597128925949	0.14717855428311372	0.1003136285683387	0.10628071491542601	-0.11292828545453922	0.10881585268764579	0.0752801901197169	0.19767256752720183	0.05176523330215918	0.11183083214761946	0.11584573868890136	0.1003136285683387	0.1227848854338329
0.15398543630085948	-0.11146094805052233	0.11242117776232954	0.08101421374918492	0.2565352399329954	0.035447268618588795	0.11569928415636598	0.11638188361293464	0.10716637961300494	0.11238359931598943	-0.11146094805052233	1.055147248668091	-0.10938891991123101	0.08704836118926343	-0.071930130975293	-0.21376423691168236	-0.11030766061082722	0.08917564697138372	-0.11835680959869554	-0.11801386541841448	0.11242117776232954	-0.10938891991123101	0.14123098968479963	0.08272250556204498	0.23063248741363734	0.040457729634368465	0.11827422926349218	0.12018148803250972	0.1103513228729301	0.11542130769476594	0.08101421374918492	0.08704836118926343	0.08272250556204498	0.7117903233071764	0.22965282243424315	0.02679273851577868	0.0781953487487348	0.05848139636441572	0.07619170016290114	0.07729887015188203	0.2565352399329954	-0.071930130975293	0.23063248741363734	0.22965282243424315	0.8258867703292465	0.28915890619833695	0.17549730493997714	0.2607654920206004	0.21787920272995057	0.20503006687886827	0.035447268618588795	-0.21376423691168236	0.040457729634368465	0.02679273851577868	0.28915890619833695	0.3141820908991404	0.04581221972179537	0.0514411340092005	0.03600792114260799	0.0418833424771194	0.11569928415636598	-0.11030766061082722	0.11827422926349218	0.0781953487487348	0.17549730493997714	0.04581221972179537	0.1365909426792559	0.12362937942109675	0.11181256104908258	0.11624928741630491	0.11638188361293464	0.08917564697138372	0.12018148803250972	0.05848139636441572	0.2607654920206004	0.0514411340092005	0.12362937942109675	0.4077660393367	0.11501289025288147	0.12049026931204916	0.10716637961300494	-0.11835680959869554	0.1103513228729301	0.07619170016290114	0.21787920272995057	0.03600792114260799	0.11181256104908258	0.11501289025288147	0.14490284169821835	0.10911252500198877	0.11238359931598943	-0.11801386541841448	0.11542130769476594	0.07729887015188203	0.20503006687886827	0.0418833424771194	0.11624928741630491	0.12049026931204916	0.10911252500198877	0.13302576983722053
0.14297726850146933	-0.04447802923929317	0.1101637098101838	0.10257768397091267	0.17196112793893548	0.089703174914318	0.12646510468637567	0.1246502928625178	-0.034039600028245916	0.11925656560185867	-0.04447802923929317	0.7657022965909928	-0.046779965547042335	0.02874853661298084	-0.03450826272624124	-0.07935518270034038	-0.04874693059158377	0.0509235493062475	-0.2052331840927744	-0.04528296526642991	0.1101637098101838	-0.046779965547042335	0.16783670517129307	0.1002088174763638	0.1770846271738243	0.0840291602196096	0.12825791588532992	0.11962137189077866	-0.038394588792750775	0.11499199489192188	0.10257768397091267	0.02874853661298084	0.1002088174763638	0.4045644003558407	0.16849670561788554	0.07932143351666962	0.1050859100478093	0.10079751611775196	-0.02667059854286623	0.1048407106340432	0.17196112793893548	-0.03450826272624124	0.1770846271738243	0.16849670561788554	0.6546086531078299	0.1586357162822859	0.06635782563011844	0.17970289628849084	0.13577368183659871	0.16127409024004452	0.089703174914318	-0.07935518270034038	0.0840291602196096	0.07932143351666962	0.1586357162822859	0.19012738442211366	0.10418478878543141	0.10092069729216491	-0.06293663014729117	0.09402058188968598	0.12646510468637567	-0.04874693059158377	0.12825791588532992	0.1050859100478093	0.06635782563011844	0.10418478878543141	0.19932402294546595	0.13584051097042088	0.006798346787607197	0.12278352039864619	0.1246502928625178	0.0509235493062475	0.11962137189077866	0.10079751611775196	0.17970289628849084	0.10092069729216491	0.13584051097042088	0.29367657998096486	-0.021090255647193662	0.12840685477368805	-0.034039600028245916	-0.2052331840927744	-0.038394588792750775	-0.02667059854286623	0.13577368183659871	-0.06293663014729117	0.006798346787607197	-0.021090255647193662	0.4580346636852248	-0.02707714080694387	0.11925656560185867	-0.04528296526642991	0.11499199489192188	0.1048407106340432	0.16127409024004452	0.09402058188968598	0.12278352039864619	0.12840685477368805	-0.02707714080694387	0.13031583555307924
0.1764534731154351	0.11939105063318642	0.06420535976467429	0.14783448595181437	0.15083618140800772	0.16140110903824606	0.13558536552906222	0.16888530338685315	-0.17699490592225423	0.11449769487642845	0.11939105063318642	0.3363214563758996	0.034403969970786215	0.13195586593578007	0.0983567950321574	0.1176968638238718	0.08845760965094537	0.1334341669684599	-0.22533534386010678	0.06084055987853648	0.06420535976467429	0.034403969970786215	0.5516258070142541	0.07749542270229223	0.19888934610008085	0.06762106779135436	0.1954403428098925	0.07396447089522869	-0.3288263237872179	0.08583433744053519	0.14783448595181437	0.13195586593578007	0.07749542270229223	0.46463861973934245	0.1652723952871688	0.14685615995686815	0.12565909368648623	0.14812294889949082	-0.1484945740888291	0.10385937429759133	0.15083618140800772	0.0983567950321574	0.19888934610008085	0.1652723952871688	0.5907876971151417	0.14761290208363012	0.051532459587885486	0.15670034203506	0.0066742423698494535	0.11378168758388746	0.16140110903824606	0.1176968638238718	0.06762106779135436	0.14685615995686815	0.14761290208363012	0.171224074364535	0.1324059507044075	0.16771119670125056	-0.1760530716629884	0.11304421152398633	0.13558536552906222	0.08845760965094537	0.1954403428098925	0.12565909368648623	0.051532459587885486	0.1324059507044075	0.23639372956100055	0.14164213361758426	-0.11046890871564441	0.08421246362888433	0.16888530338685315	0.1334341669684599	0.07396447089522869	0.14812294889949082	0.15670034203506	0.16771119670125056	0.14164213361758426	0.2283024534660637	-0.16601700867968872	0.12279968809471782	-0.17699490592225423	-0.22533534386010678	-0.3288263237872179	-0.1484945740888291	0.0066742423698494535	-0.1760530716629884	-0.11046890871564441	-0.16601700867968872	0.9065329482777466	-0.22930257511342467	0.11449769487642845	0.06084055987853648	0.08583433744053519	0.10385937429759133	0.11378168758388746	0.11304421152398633	0.08421246362888433	0.12279968809471782	-0.22930257511342467	0.24594550282552963
0.18146365776383816	0.1005788788287727	0.09198345217133064	0.15416867634114642	0.14993681719063656	0.1685019916040829	0.14990998010645626	0.1767950452445454	-0.20195246267348124	0.14056375031612098	0.1005788788287727	0.4412899764003525	0.0406828162236952	0.1242049480316509	0.06711089863395994	0.09692938686771344	0.0762594499471651	0.11903550822935022	-0.28454218052247576	0.05910987090356268	0.09198345217133064	0.0406828162236952	0.5373989792913043	0.09765061855849892	0.23416315750705818	0.09146799214677136	0.18283689217331964	0.0987364077755624	-0.3845928516696426	0.10831320283835977	0.15416867634114642	0.1242049480316509	0.09765061855849892	0.45002133053434074	0.1611438740935915	0.1516277910005267	0.13658824772827372	0.1542170019042245	-0.1764961299096116	0.1255689925407803	0.14993681719063656	0.06711089863395994	0.23416315750705818	0.1611438740935915	0.5619009228529738	0.14644813633919967	0.08152518508975234	0.1559355278258462	0.005800763593216961	0.12580587871754628	0.1685019916040829	0.09692938686771344	0.09146799214677136	0.1516277910005267	0.14644813633919967	0.1826245910473886	0.14642204167876804	0.1740300599971243	-0.20397560471535556	0.13758307815991383	0.14990998010645626	0.0762594499471651	0.18283689217331964	0.13658824772827372	0.08152518508975234	0.14642204167876804	0.21830432660087662	0.15575963008731383	-0.14883214496618802	0.11760503048570203	0.1767950452445454	0.11903550822935022	0.0987364077755624	0.1542170019042245	0.1559355278258462	0.1740300599971243	0.15575963008731383	0.2375401219285253	-0.1924826447710834	0.1472898112884759	-0.20195246267348124	-0.28454218052247576	-0.3845928516696426	-0.1764961299096116	0.005800763593216961	-0.20397560471535556	-0.14883214496618802	-0.1924826447710834	0.9964614939939925	-0.2350441318644908	0.14056375031612098	0.05910987090356268	0.10831320283835977	0.1255689925407803	0.12580587871754628	0.13758307815991383	0.11760503048570203	0.1472898112884759	-0.2350441318644908	0.22703166756675117
