0.4703932654976931	0.062368328958328306	0.14383425999534272	0.3458130685153726	0.34028039482979655	0.34266553665008925	0.4443920112309571	0.062368328958328306	0.516058484837083	-0.13779983619660924	0.07422138783048826	0.08117127459629479	0.08106773482450319	0.23309025504916933	0.14383425999534272	-0.13779983619660924	0.8407849163514965	0.2314762760547142	0.2372544724278571	0.24346576219057625	0.46277896781828687	0.3458130685153726	0.07422138783048826	0.2314762760547142	0.5492309654151186	0.42427166312095616	0.4263438304219034	0.5234669297037613	0.34028039482979655	0.08117127459629479	0.2372544724278571	0.42427166312095616	0.437798806064134	0.41768753527461366	0.5069265691102189	0.34266553665008925	0.08106773482450319	0.24346576219057625	0.4263438304219034	0.41768753527461366	0.42811249514790206	0.5096399089811261	0.4443920112309571	0.23309025504916933	0.46277896781828687	0.5234669297037613	0.5069265691102189	0.5096399089811261	0.940450252665219
0.2766996873256217	0.18849672960796596	0.19088506100945407	0.21341500492140097	0.2221040878850869	0.2587328684246002	0.3958747173299808	0.18849672960796596	0.29106794718866524	0.12336823064676727	0.133534172487292	0.1617898325117527	0.19279540935212444	0.34213419632549713	0.19088506100945407	0.12336823064676727	0.4111022858322809	0.1089340280288545	0.15348330216190328	0.19786316410893778	0.37985409689625665	0.21341500492140097	0.133534172487292	0.1089340280288545	1.1059716988799775	0.2961994960540946	0.22260584387195584	0.44253581256332947	0.2221040878850869	0.1617898325117527	0.15348330216190328	0.2961994960540946	0.4017654170835007	0.22721899535134304	0.37112114355994696	0.2587328684246002	0.19279540935212444	0.19786316410893778	0.22260584387195584	0.22721899535134304	0.27139196398037807	0.39969120871294367	0.3958747173299808	0.34213419632549713	0.37985409689625665	0.44253581256332947	0.37112114355994696	0.39969120871294367	0.8755075469727639
0.31319192350739705	0.05670635819345883	0.12681966874022865	0.02909785006719179	0.09640114235827525	0.13657877859377585	0.14523973826683453	0.05670635819345883	0.23453846434463235	0.11359948125512286	0.003129771903500325	0.0821241738865979	0.12324785238672412	0.13143573484109022	0.12681966874022865	0.11359948125512286	0.25204158019601636	0.11118381901336388	0.16436716163632992	0.2154361611445511	0.22423917689724987	0.02909785006719179	0.003129771903500325	0.11118381901336388	1.0097076911562264	0.2125450059621225	0.1426318974117476	0.13932846510676364	0.09640114235827525	0.0821241738865979	0.16436716163632992	0.2125450059621225	0.3654883352062791	0.17479627552151825	0.1826723344750978	0.13657877859377585	0.12324785238672412	0.2154361611445511	0.1426318974117476	0.17479627552151825	0.2525156373576564	0.23144958189938333	0.14523973826683453	0.13143573484109022	0.22423917689724987	0.13932846510676364	0.1826723344750978	0.23144958189938333	0.2480764851346098
0.43743116151032696	0.02057251247942323	0.13297929463443353	-0.05346696402536361	0.01898758591824437	0.09127751793584903	0.1444424383658628	0.02057251247942323	0.29472840880380835	0.14841670626559086	-0.05376978936486596	0.024010188915104133	0.10959314711112472	0.15951565442098348	0.13297929463443353	0.14841670626559086	0.3297902873689315	0.13730038319346158	0.15853500121501207	0.2668984291877288	0.3319065015006516	-0.05346696402536361	-0.05376978936486596	0.13730038319346158	1.2205591836450653	0.3614444266749053	0.2204479513613302	0.15431879959458913	0.01898758591824437	0.024010188915104133	0.15853500121501207	0.3614444266749053	0.6218544190638148	0.13810291612222533	0.17030056606175867	0.09127751793584903	0.10959314711112472	0.2668984291877288	0.2204479513613302	0.13810291612222533	0.4484500261207084	0.2744549451478072	0.1444424383658628	0.15951565442098348	0.3319065015006516	0.15431879959458913	0.17030056606175867	0.2744549451478072	0.35999685669408305
0.7046801531544931	-0.08262255942377376	-0.018094038887743018	-0.2352411473410948	-0.12126839388779519	-0.06808715536892808	-0.005278533434057316	-0.08262255942377376	0.36218249278676296	0.2425422751799193	-0.00843183278397868	0.040332063886241803	0.16726807602788063	0.2523716112725613	-0.018094038887743018	0.2425422751799193	0.47190105914098573	0.21327626967280666	0.1921393458881135	0.3566514427305066	0.4724196392319793	-0.2352411473410948	-0.00843183278397868	0.21327626967280666	1.3660374276065415	0.4890891959840529	0.33500152156372287	0.22842168726976775	-0.12126839388779519	0.040332063886241803	0.1921393458881135	0.4890891959840529	0.796437150025247	0.16426379258174356	0.2033197673263989	-0.06808715536892808	0.16726807602788063	0.3566514427305066	0.33500152156372287	0.16426379258174356	0.6234206523677188	0.361944451001636	-0.005278533434057316	0.2523716112725613	0.4724196392319793	0.22842168726976775	0.2033197673263989	0.361944451001636	0.49795973499788754
0.8151240588551321	-0.1372071118076991	-0.05797518133766054	-0.2857423295728389	-0.1467655929216922	-0.12739322326841854	-0.0467070603904871	-0.1372071118076991	0.4139965987385293	0.22832738997532048	-0.04556554459633226	0.031283976899397783	0.12036000992641399	0.23684293869417886	-0.05797518133766054	0.22832738997532048	0.6644943232086605	0.36520411884400805	0.32518563342597834	0.45571577730406543	0.6617613502698202	-0.2857423295728389	-0.04556554459633226	0.36520411884400805	1.550925307420989	0.5931498174556608	0.514831470471511	0.3762072337088784	-0.1467655929216922	0.031283976899397783	0.32518563342597834	0.5931498174556608	0.8642511214521019	0.253991537879904	0.3336763049165055	-0.12739322326841854	0.12036000992641399	0.45571577730406543	0.514831470471511	0.253991537879904	0.831712182528366	0.4582380183525111	-0.0467070603904871	0.23684293869417886	0.6617613502698202	0.3762072337088784	0.3336763049165055	0.4582380183525111	0.6804969372257659
0.777420872337811	-0.11404642250964372	-0.054060009548142766	-0.2757439118536945	-0.14343762238824254	-0.11821164174162895	-0.040572674484123675	-0.11404642250964372	0.3929854785036472	0.2520222139920929	-0.019214228041777134	0.04273248740801855	0.14223828986894393	0.26173700588043847	-0.054060009548142766	0.2520222139920929	0.5718794167160696	0.25982655800353005	0.23884972506027558	0.3762218936300188	0.557070789696907	-0.2757439118536945	-0.019214228041777134	0.25982655800353005	1.4398581652006703	0.5298289835118137	0.4318497914266092	0.2736265622993123	-0.14343762238824254	0.04273248740801855	0.23884972506027558	0.5298289835118137	0.8350907472221013	0.19088807225292836	0.2501453661304195	-0.11821164174162895	0.14223828986894393	0.3762218936300188	0.4318497914266092	0.19088807225292836	0.7678733402826665	0.3792709331652902	-0.040572674484123675	0.26173700588043847	0.557070789696907	0.2736265622993123	0.2501453661304195	0.3792709331652902	0.5713134891352545
0.7669853493310261	-0.06993119838526596	-0.03002442785296389	-0.26827559743337714	-0.11491430088184985	-0.15074919789451183	0.015019571342045257	-0.06993119838526596	0.4163794126480346	0.2671809744145901	-0.05130174023413802	0.05056009268996156	0.06312764734803403	0.3013912275887505	-0.03002442785296389	0.2671809744145901	0.6299830222075121	0.15662872477254589	0.20199252438480017	0.24209373410525745	0.5667250346792008	-0.26827559743337714	-0.05130174023413802	0.15662872477254589	1.4782831106188667	0.5176772316988086	0.5153995233147702	0.19700253667821171	-0.11491430088184985	0.05056009268996156	0.20199252438480017	0.5176772316988086	0.8557829218273789	0.13677808184466997	0.24129984062415344	-0.15074919789451183	0.06312764734803403	0.24209373410525745	0.5153995233147702	0.13677808184466997	1.003503598721859	0.24047535568753498	0.015019571342045257	0.3013912275887505	0.5667250346792008	0.19700253667821171	0.24129984062415344	0.24047535568753498	0.6028836397423486
0.6721861155229375	-0.04453987033086998	0.05396189449509976	-0.19542572278582535	-0.04400033613704577	-0.09791197775857441	0.08595030662586182	-0.04453987033086998	0.38975824205681125	0.2011320749634933	-0.08608824778642499	0.0452208288319646	0.022739678511092112	0.22742139853131496	0.05396189449509976	0.2011320749634933	0.5755328210719526	0.17659499489954425	0.2520899947736986	0.22100707736016137	0.5319497477685182	-0.19542572278582535	-0.08608824778642499	0.17659499489954425	1.4632920717191715	0.4659111312715224	0.5186023500927451	0.20663786308416654	-0.04400033613704577	0.0452208288319646	0.2520899947736986	0.4659111312715224	0.7607709882384768	0.14562992757581525	0.280558560902302	-0.09791197775857441	0.022739678511092112	0.22100707736016137	0.5186023500927451	0.14562992757581525	0.9908998061976191	0.22070226130236548	0.08595030662586182	0.22742139853131496	0.5319497477685182	0.20663786308416654	0.280558560902302	0.22070226130236548	0.5611311116499527
0.3190768935743608	0.1669322982884504	0.18606204351901073	0.2851620060253166	0.2852960591209229	0.30424940775030807	0.4418237943827677	0.1669322982884504	0.3649507545623681	0.04546042860210778	0.11694333400587636	0.1560805736794125	0.16903097885192048	0.33400484596603397	0.18606204351901073	0.04546042860210778	0.5795939925498182	0.09344901359244694	0.16553137825562964	0.19237705927100537	0.42036140366633373	0.2851620060253166	0.11694333400587636	0.09344901359244694	1.268189019193882	0.3367927892783985	0.29332254328613844	0.5221056160421776	0.2852960591209229	0.1560805736794125	0.16553137825562964	0.3367927892783985	0.3822811711452224	0.289290976909304	0.43079756915484146	0.30424940775030807	0.16903097885192048	0.19237705927100537	0.29332254328613844	0.289290976909304	0.3159468637160054	0.44429993131590184	0.4418237943827677	0.33400484596603397	0.42036140366633373	0.5221056160421776	0.43079756915484146	0.44429993131590184	0.9692465367401886
0.5711037132453657	0.013689430977224804	0.2995692164148625	0.30898206309551984	0.2586627423709271	0.35081153957698874	0.5426464984377971	0.013689430977224804	0.6190420576360594	-0.025079151169098327	-0.06277752123418029	0.00033088917399794193	0.02743715608162256	0.3177695905774888	0.2995692164148625	-0.025079151169098327	0.6969827821620809	0.41658914607385794	0.3413141413291914	0.4916833858126144	0.691540091113772	0.30898206309551984	-0.06277752123418029	0.41658914607385794	1.5624255119919215	0.6372819891678855	0.49799955763375037	0.7863570747616407	0.2586627423709271	0.00033088917399794193	0.3413141413291914	0.6372819891678855	0.760262745110279	0.3964832314101287	0.5837905400435925	0.35081153957698874	0.02743715608162256	0.4916833858126144	0.49799955763375037	0.3964832314101287	0.537708367411199	0.6720400382854368	0.5426464984377971	0.3177695905774888	0.691540091113772	0.7863570747616407	0.5837905400435925	0.6720400382854368	1.3593084392540364
0.42261019037572267	0.014619612242846414	0.27688706623527237	0.3683201729674583	0.32562014052176136	0.40118047014732744	0.4756230337964794	0.014619612242846414	0.5237249467991736	-0.13244417967231525	-0.08843096764827829	-0.008298190874543594	0.016604610329008826	0.14012498896982217	0.27688706623527237	-0.13244417967231525	0.682131240901813	0.16949744809798556	0.19379641703419548	0.29367339347194577	0.4257067914288643	0.3683201729674583	-0.08843096764827829	0.16949744809798556	1.366356749029409	0.48720287742478563	0.3858237605389948	0.5153639452406541	0.32562014052176136	-0.008298190874543594	0.19379641703419548	0.48720287742478563	0.5922868614803312	0.33706867368204685	0.4206310596341114	0.40118047014732744	0.016604610329008826	0.29367339347194577	0.3858237605389948	0.33706867368204685	0.42079631045858246	0.48704892664730776	0.4756230337964794	0.14012498896982217	0.4257067914288643	0.5153639452406541	0.4206310596341114	0.48704892664730776	0.8127747712850506
0.28617878587078105	0.17766236037192656	0.18784772287984342	0.21611481444386615	0.22312921806680713	0.2641629566685361	0.39136415053705914	0.17766236037192656	0.3027259688413635	0.10488563246545977	0.11807855778745754	0.14982849288431252	0.18340475585795218	0.324624071889261	0.18784772287984342	0.10488563246545977	0.4326720842477607	0.09882652684178814	0.1466692993746878	0.19743480116249212	0.37125485281529913	0.21611481444386615	0.11807855778745754	0.09882652684178814	1.1393139641091	0.3105825630644641	0.2276579029818271	0.43436312369680047	0.22312921806680713	0.14982849288431252	0.1466692993746878	0.3105825630644641	0.42056721659468504	0.23022281720350996	0.3644981495854225	0.2641629566685361	0.18340475585795218	0.19743480116249212	0.2276579029818271	0.23022281720350996	0.27863110348825815	0.3973022544145988	0.39136415053705914	0.324624071889261	0.37125485281529913	0.43436312369680047	0.3644981495854225	0.3973022544145988	0.8455220221269704
0.3064656204361202	0.08867272405866905	0.1351305241568511	0.05298136255092415	0.06051103405575854	0.1354460840322813	0.17193951817658232	0.08867272405866905	0.2233529145043032	0.16071675126560148	0.07504704863026185	0.07857424402035665	0.16087223742726356	0.19655994239047062	0.1351305241568511	0.16071675126560148	0.22846806982300705	0.13902893708912156	0.12475631045829572	0.2192789277815181	0.2533234833147777	0.05298136255092415	0.07504704863026185	0.13902893708912156	0.7238787336956636	0.22268604817685228	0.1451792471963961	0.18801209032602628	0.06051103405575854	0.07857424402035665	0.12475631045829572	0.22268604817685228	0.5098748286281714	0.12559753471142548	0.16144545374439861	0.1354460840322813	0.16087223742726356	0.2192789277815181	0.1451792471963961	0.12559753471142548	0.2352810912292279	0.25218469920252296	0.17193951817658232	0.19655994239047062	0.2533234833147777	0.18801209032602628	0.16144545374439861	0.25218469920252296	0.35694759166222323
0.3009010369334336	0.08594254757400158	0.1380536146579083	0.034362291154553144	0.007075939979837055	0.13870725968558245	0.14920768364144982	0.08594254757400158	0.22349448049671095	0.15696478302759245	0.04781982097002417	0.015982933698289382	0.15746537947841446	0.1677634111729883	0.1380536146579083	0.15696478302759245	0.23544593166251923	0.11498560846926092	0.057757663549053616	0.2222770232239766	0.23277725921153536	0.034362291154553144	0.04781982097002417	0.11498560846926092	0.6977029372680049	0.24731203004408395	0.12434399048520361	0.13000407980524795	0.007075939979837055	0.015982933698289382	0.057757663549053616	0.24731203004408395	0.7150643909156771	0.06034486499124143	0.06981170418648316	0.13870725968558245	0.15746537947841446	0.2222770232239766	0.12434399048520361	0.06034486499124143	0.24548040637387739	0.23211402433238823	0.14920768364144982	0.1677634111729883	0.23277725921153536	0.13000407980524795	0.06981170418648316	0.23211402433238823	0.25715692420957825
0.7361175182333517	-0.0804083720865087	-0.014157716339571105	-0.26590463235929257	-0.13245316488170775	-0.12539199361480033	-0.0025028744431225404	-0.0804083720865087	0.39331064957820855	0.2788154454131682	-0.03697745972016252	0.03430026835882492	0.10253035252633	0.2876464105870281	-0.014157716339571105	0.2788154454131682	0.5486463859832997	0.1798868400528478	0.19048830954576856	0.27440707603794495	0.53889362079932	-0.26590463235929257	-0.03697745972016252	0.1798868400528478	1.3964176318181445	0.4995764130998802	0.4464195052958267	0.19149025510258796	-0.13245316488170775	0.03430026835882492	0.19048830954576856	0.4995764130998802	0.8526327254324071	0.13264842579888944	0.20073176885837177	-0.12539199361480033	0.10253035252633	0.27440707603794495	0.4464195052958267	0.13264842579888944	0.8844396191101841	0.27590966817795637	-0.0025028744431225404	0.2876464105870281	0.53889362079932	0.19149025510258796	0.20073176885837177	0.27590966817795637	0.5536062607658155
0.7118402664955612	-0.08997968484215396	0.0030847763921919118	-0.215850696245432	-0.08101435969581931	-0.09427290963891309	0.01715213469065288	-0.08997968484215396	0.3812990052351112	0.20555210756633976	-0.045253824817491774	0.05471941520718398	0.07738921933549911	0.21666952783985952	0.0030847763921919118	0.20555210756633976	0.5573403547264796	0.266822203008949	0.29301464395162813	0.3147735067291924	0.542020854082125	-0.215850696245432	-0.045253824817491774	0.266822203008949	1.414130593834931	0.4778189717885458	0.4748690278002078	0.28069203036149654	-0.08101435969581931	0.05471941520718398	0.29301464395162813	0.4778189717885458	0.7457314677186042	0.19765128685639644	0.3047101305632741	-0.09427290963891309	0.07738921933549911	0.3147735067291924	0.4748690278002078	0.19765128685639644	0.8486574761432303	0.3170209323188906	0.01715213469065288	0.21666952783985952	0.542020854082125	0.28069203036149654	0.3047101305632741	0.3170209323188906	0.5575764292005962
0.45478254699046927	-0.006870980012123905	0.04061837667699596	-0.013382685466050474	0.026568937578274193	0.052708042438769816	0.06551363883854945	-0.006870980012123905	0.2506351358295587	0.15122895631175068	0.09827517669597183	0.12256858154932049	0.16109936644331058	0.1728773351597432	0.04061837667699596	0.15122895631175068	0.282087529617666	0.20245529710052634	0.20679759570890213	0.25580278536220674	0.2669683186995782	-0.013382685466050474	0.09827517669597183	0.20245529710052634	0.7085599941352163	0.2365112951749797	0.21751892427935093	0.2298766006596966	0.026568937578274193	0.12256858154932049	0.20679759570890213	0.2365112951749797	0.386588468114554	0.21636593834177079	0.22749094665672706	0.052708042438769816	0.16109936644331058	0.25580278536220674	0.21751892427935093	0.21636593834177079	0.2727985562924193	0.2751512742725735	0.06551363883854945	0.1728773351597432	0.2669683186995782	0.2298766006596966	0.22749094665672706	0.2751512742725735	0.3088802002285148
0.8787742448074678	-0.004073499963218194	0.008624656009424088	-0.04259859394706536	-0.0058014985380958894	0.017172469991011324	0.29231691932822434	-0.004073499963218194	0.41816674335963344	0.2767207773879335	0.20389796739050986	0.17604236771941537	0.2815715511887391	0.4889837906552907	0.008624656009424088	0.2767207773879335	0.48722033047643876	0.3849890748554835	0.30161403075249604	0.4576549751688248	0.6226928604279847	-0.04259859394706536	0.20389796739050986	0.3849890748554835	1.2752907747842965	0.527308937151259	0.3957750604016161	0.6832761788619677	-0.0058014985380958894	0.17604236771941537	0.30161403075249604	0.527308937151259	0.7472918644793745	0.30801266380787634	0.5105700976478676	0.017172469991011324	0.2815715511887391	0.4576549751688248	0.3957750604016161	0.30801266380787634	0.46729063808901417	0.6180334799138367	0.29231691932822434	0.4889837906552907	0.6226928604279847	0.6832761788619677	0.5105700976478676	0.6180334799138367	1.26159508255826
0.6393712217917101	-0.05123222521886439	0.01928651025336529	-0.19197992538031156	-0.08221629228128824	-0.05161997328020303	0.03379240505682882	-0.05123222521886439	0.3481405200145231	0.22036821669604983	-0.02169620304292203	0.044444432660216984	0.12293273118937635	0.2318053375276673	0.01928651025336529	0.22036821669604983	0.4526673571011142	0.17459783567614315	0.1840081459932631	0.28630537366613124	0.4353978243516339	-0.19197992538031156	-0.02169620304292203	0.17459783567614315	1.3014903709809866	0.43823995003064464	0.35005677015626313	0.19095865895713843	-0.08221629228128824	0.044444432660216984	0.1840081459932631	0.43823995003064464	0.7480935432649711	0.14354305265541123	0.1972982545529914	-0.05161997328020303	0.12293273118937635	0.28630537366613124	0.35005677015626313	0.14354305265541123	0.6862263757212784	0.29068736772803994	0.03379240505682882	0.2318053375276673	0.4353978243516339	0.19095865895713843	0.1972982545529914	0.29068736772803994	0.45160347063739803
0.7120737859863566	-0.04750208356861245	0.0009844971069582625	-0.2587032931933312	-0.11883119540705236	-0.13315934397444512	0.028374049592078513	-0.04750208356861245	0.396161258893484	0.28500281812714623	-0.05078837112508093	0.03444707677540677	0.07171296931645263	0.3061591243691508	0.0009844971069582625	0.28500281812714623	0.5446200717584454	0.10766806553709532	0.14726715864488255	0.20486706684398556	0.508897110166137	-0.2587032931933312	-0.05078837112508093	0.10766806553709532	1.401286695075729	0.48892806839700487	0.4649739363018741	0.1335115636954235	-0.11883119540705236	0.03444707677540677	0.14726715864488255	0.48892806839700487	0.8602284750014985	0.10233471791002346	0.1722179384506381	-0.13315934397444512	0.07171296931645263	0.20486706684398556	0.4649739363018741	0.10233471791002346	0.9656472453785189	0.20480090610328444	0.028374049592078513	0.3061591243691508	0.508897110166137	0.1335115636954235	0.1722179384506381	0.20480090610328444	0.5339445914855928
0.5700075852729777	-0.049107632579773436	-0.009799302074171602	-0.11896574683081078	-0.05463885614416223	-0.007752565819034095	0.003752635699131863	-0.049107632579773436	0.27720211507707904	0.20091046204296095	0.09609861381741408	0.11063026144520213	0.2007387963470865	0.21163266862798405	-0.009799302074171602	0.20091046204296095	0.3127833777399599	0.20730960508960777	0.19165646550558638	0.29988892730175615	0.3108169605824407	-0.11896574683081078	0.09609861381741408	0.20730960508960777	0.9130370684261162	0.2947461620095933	0.2162631640547484	0.22286684088220027	-0.05463885614416223	0.11063026144520213	0.19165646550558638	0.2947461620095933	0.5331566097188771	0.19243485818770026	0.20280977433258796	-0.007752565819034095	0.2007387963470865	0.29988892730175615	0.2162631640547484	0.19243485818770026	0.31969867479510505	0.30923396809158993	0.003752635699131863	0.21163266862798405	0.3108169605824407	0.22286684088220027	0.20280977433258796	0.30923396809158993	0.3368906504731665
0.5171715651985295	-0.019824907850767133	0.047935760260215274	-0.1053840983627301	-0.0030715120122025708	-0.004063861437501988	0.05786724831638646	-0.019824907850767133	0.2867048916879693	0.17751992148345516	0.020538683530166538	0.1020510843699371	0.11561583525431209	0.18602820181362142	0.047935760260215274	0.17751992148345516	0.3308158601796613	0.17238792346985723	0.2197225326968625	0.233434980769431	0.32416363678471255	-0.1053840983627301	0.020538683530166538	0.17238792346985723	1.0970785485689045	0.28678939593461883	0.28224731447888596	0.1841591192517988	-0.0030715120122025708	0.1020510843699371	0.2197225326968625	0.28678939593461883	0.4938096293065672	0.16586469926449507	0.22840870508343933	-0.004063861437501988	0.11561583525431209	0.233434980769431	0.28224731447888596	0.16586469926449507	0.5465128057625955	0.23816184981477478	0.05786724831638646	0.18602820181362142	0.32416363678471255	0.1841591192517988	0.22840870508343933	0.23816184981477478	0.3399594562316054
0.43550653528302796	0.006330052331871096	0.0490276694647887	-0.04383184417119835	0.011772078951561564	0.04967757058452366	0.06067304094480451	0.006330052331871096	0.24002691854066832	0.17003080493547654	0.08103551350048158	0.11400049721181091	0.16924755440892517	0.18014597405846453	0.0490276694647887	0.17003080493547654	0.2577467229234323	0.16683879402498833	0.17961993960331907	0.24410964850730044	0.25535456835283593	-0.04383184417119835	0.08103551350048158	0.16683879402498833	0.8228976983728438	0.22898999509194584	0.17713185141038895	0.18117812678609135	0.011772078951561564	0.11400049721181091	0.17961993960331907	0.22898999509194584	0.4176558573485612	0.1792842997288995	0.18983047973909808	0.04967757058452366	0.16924755440892517	0.24410964850730044	0.17713185141038895	0.1792842997288995	0.2705334079140838	0.25317256759142936	0.06067304094480451	0.18014597405846453	0.25535456835283593	0.18117812678609135	0.18983047973909808	0.25317256759142936	0.27873956515130044
0.7175312267835595	-0.06023634909186139	4.003158990125745e-5	-0.13913963916791297	-0.061475341137981615	0.0004375655636893322	0.08961686689384805	-0.06023634909186139	0.36433188610263256	0.21207806389714315	0.059211275857898454	0.08551676348825897	0.21097282133686615	0.2837753086716887	4.003158990125745e-5	0.21207806389714315	0.4428095351800969	0.3059808287444634	0.2538968389270556	0.43209842491004935	0.48762192534553456	-0.13913963916791297	0.059211275857898454	0.3059808287444634	1.3564756222247794	0.49534451246144307	0.313445286710842	0.4157083925530836	-0.061475341137981615	0.08551676348825897	0.2538968389270556	0.49534451246144307	0.7154168381694355	0.2541522661701002	0.32631966707238186	0.0004375655636893322	0.21097282133686615	0.43209842491004935	0.313445286710842	0.2541522661701002	0.4447231046016107	0.4836000146163941	0.08961686689384805	0.2837753086716887	0.48762192534553456	0.4157083925530836	0.32631966707238186	0.4836000146163941	0.7005793301674703
0.702462120713808	-0.08105057745501136	0.003036671396114172	-0.2300429524439873	-0.11992003186117939	-0.0604606777005164	0.012960817360502362	-0.08105057745501136	0.3783667499692948	0.23130487934021063	-0.04494708761747735	0.009504576907451504	0.14193253086739	0.23893755603231506	0.003036671396114172	0.23130487934021063	0.5263760392884901	0.22339795289057965	0.19076117453349722	0.3730363443650057	0.519000502654634	-0.2300429524439873	-0.04494708761747735	0.22339795289057965	1.4184984063425694	0.5304191131373481	0.3727217321396382	0.2348470078142544	-0.11992003186117939	0.009504576907451504	0.19076117453349722	0.5304191131373481	0.85884250962338	0.16266007165332916	0.1997843483369528	-0.0604606777005164	0.14193253086739	0.3730363443650057	0.3727217321396382	0.16266007165332916	0.6913699592448509	0.3762770915890911	0.012960817360502362	0.23893755603231506	0.519000502654634	0.2348470078142544	0.1997843483369528	0.3762770915890911	0.5331391247817014
0.6404277014119165	-0.08014680513586651	-0.036271344780074655	-0.16419767626415505	-0.08537537587815329	-0.036059521603076815	-0.024580213539532308	-0.08014680513586651	0.3027271573900531	0.20984215191333694	0.08379948074027695	0.10086206281551445	0.20664087725227862	0.2187210396097261	-0.036271344780074655	0.20984215191333694	0.35777397352547324	0.235779309574505	0.20896939561637115	0.3413760388769252	0.35451499973494105	-0.16419767626415505	0.08379948074027695	0.235779309574505	1.030545019442683	0.3476051578517969	0.2480090956817675	0.24901022379623183	-0.08537537587815329	0.10086206281551445	0.20896939561637115	0.3476051578517969	0.5951649918808786	0.20756094481650428	0.21834252048036626	-0.036059521603076815	0.20664087725227862	0.3413760388769252	0.2480090956817675	0.20756094481650428	0.37150748494326613	0.3486683703536064	-0.024580213539532308	0.2187210396097261	0.35451499973494105	0.24901022379623183	0.21834252048036626	0.3486683703536064	0.37526150523238055
0.8386989238451334	-0.12773970881354552	-0.07951420512207677	-0.31868662437697715	-0.1652010729598743	-0.19119400208138834	-0.0640298694632704	-0.12773970881354552	0.42710302176733067	0.3096977413477782	-0.01760875059144578	0.06150233380096573	0.08898491238999892	0.3208998173658275	-0.07951420512207677	0.3096977413477782	0.6560247797068445	0.2473624460032609	0.2602097529331436	0.2881485299080048	0.6404220559232673	-0.31868662437697715	-0.01760875059144578	0.2473624460032609	1.439639938648263	0.5266607832843323	0.5340458391766161	0.2604677261234717	-0.1652010729598743	0.06150233380096573	0.2602097529331436	0.5266607832843323	0.8732723431906937	0.15819862302126445	0.27276712198915115	-0.19119400208138834	0.08898491238999892	0.2881485299080048	0.5340458391766161	0.15819862302126445	1.0284871328231608	0.28787449256479036	-0.0640298694632704	0.3208998173658275	0.6404220559232673	0.2604677261234717	0.27276712198915115	0.28787449256479036	0.6562986112643988
0.5181672009738665	-0.04652410836441318	0.06726490016894919	0.003212961876613043	0.048688323544638215	0.08616473633686633	0.10377832936783758	-0.04652410836441318	0.318580754041913	0.09354937043446136	0.014875948031680568	0.06637689395810059	0.11015999737231988	0.12743503150331129	0.06726490016894919	0.09354937043446136	0.390581004243179	0.2855233134796874	0.275833351672419	0.34875413258098964	0.3629679994718527	0.003212961876613043	0.014875948031680568	0.2855233134796874	0.9819536371077819	0.3461184092683821	0.30926319088137993	0.327497788340893	0.048688323544638215	0.06637689395810059	0.275833351672419	0.3461184092683821	0.48927545743082135	0.29085949547428064	0.30523104432690157	0.08616473633686633	0.11015999737231988	0.34875413258098964	0.30926319088137993	0.29085949547428064	0.36831218822193423	0.3748942109872998	0.10377832936783758	0.12743503150331129	0.3629679994718527	0.327497788340893	0.30523104432690157	0.3748942109872998	0.4222322176394244
0.575437794270704	0.004027946800230137	0.19608953302571916	0.17915265747596953	0.16324912060425875	0.26265969760969404	0.3887761327183699	0.004027946800230137	0.5047395124427336	-0.0023080790016428016	-0.06520191271164702	0.002270854689451693	0.06361502096758566	0.22563221944093165	0.19608953302571916	-0.0023080790016428016	0.6682122176611817	0.32869437378071636	0.27272749807980035	0.4584746256444999	0.5817973856142619	0.17915265747596953	-0.06520191271164702	0.32869437378071636	1.5602208972155527	0.6151315403083466	0.43295890972299156	0.6177834764342827	0.16324912060425875	0.002270854689451693	0.27272749807980035	0.6151315403083466	0.7722391017445173	0.34282011384536226	0.4633190266729113	0.26265969760969404	0.06361502096758566	0.4584746256444999	0.43295890972299156	0.34282011384536226	0.5119440847399419	0.5925197236777727	0.3887761327183699	0.22563221944093165	0.5817973856142619	0.6177834764342827	0.4633190266729113	0.5925197236777727	1.0073658194048722
0.40796478873037473	0.008682664094364953	0.14464881882334707	0.03336893650007339	0.08826967591763843	0.1598804373204223	0.17561897971426405	0.008682664094364953	0.3089737983330668	0.0702249503343122	-0.0714896469598143	0.019983201333001903	0.08761693852604162	0.10052128725740098	0.14464881882334707	0.0702249503343122	0.3645346386705197	0.1585680631487007	0.18537238904558104	0.2889593458091533	0.30567013934152726	0.03336893650007339	-0.0714896469598143	0.1585680631487007	1.2297747084594208	0.3504930683275315	0.2220843931208339	0.20673114140185778	0.08826967591763843	0.019983201333001903	0.18537238904558104	0.3504930683275315	0.5365227872528604	0.20532133834512553	0.21734826854115638	0.1598804373204223	0.08761693852604162	0.2889593458091533	0.2220843931208339	0.20532133834512553	0.359769681075502	0.31297589882218146	0.17561897971426405	0.10052128725740098	0.30567013934152726	0.20673114140185778	0.21734826854115638	0.31297589882218146	0.3373274435194277
0.47898616988475473	-0.00014478156773892192	0.1398870919101594	0.03891008799931044	0.07926758677034718	0.16501850058249762	0.20863136647533181	-0.00014478156773892192	0.34938328851857603	0.08415286655842602	-0.04906720942299906	0.02565379662011468	0.10780162394363596	0.15444136238495731	0.1398870919101594	0.08415286655842602	0.4168384665144181	0.22492950394222952	0.21823414926248416	0.35311115905939783	0.39052455393769836	0.03891008799931044	-0.04906720942299906	0.22492950394222952	1.319789309135273	0.4279047423011768	0.26677621159755854	0.3298456298822694	0.07926758677034718	0.02565379662011468	0.21823414926248416	0.4279047423011768	0.6084535359181049	0.244060618770291	0.2857793946966579	0.16501850058249762	0.10780162394363596	0.35311115905939783	0.26677621159755854	0.244060618770291	0.3776352398079915	0.4056278355916158	0.20863136647533181	0.15444136238495731	0.39052455393769836	0.3298456298822694	0.2857793946966579	0.4056278355916158	0.5361937075913119
0.5224727515287696	0.08120828091914073	0.18269758825098714	0.23964677550673819	0.22673302916430954	0.2777632807267207	0.4541553178267616	0.08120828091914073	0.47803669541651095	0.04170644418412153	0.054088504960006875	0.09769471533238852	0.13246419508781873	0.3477590708006648	0.18269758825098714	0.04170644418412153	0.6766166748733989	0.25032331821438153	0.25539805202770427	0.3472158309307483	0.5759737427648027	0.23964677550673819	0.054088504960006875	0.25032331821438153	1.5124067881684482	0.5223165330404754	0.40048963381651104	0.67171794551029	0.22673302916430954	0.09769471533238852	0.25539805202770427	0.5223165330404754	0.6018470483704025	0.3507260078274345	0.5165434057819447	0.2777632807267207	0.13246419508781873	0.3472158309307483	0.40048963381651104	0.3507260078274345	0.4309562490547114	0.5673190038006364	0.4541553178267616	0.3477590708006648	0.5759737427648027	0.67171794551029	0.5165434057819447	0.5673190038006364	1.183619475629945
0.5569409130649191	-0.05495932531672007	0.2809799601551996	0.06108551392929798	0.12550767955355355	0.13994656732369656	0.3180726235231433	-0.05495932531672007	0.43741291980928415	-0.01069610370638184	-0.23637395700932867	-0.09337044512949616	-0.06053084640534006	0.026819512333365943	0.2809799601551996	-0.01069610370638184	0.6204143759639285	0.2631948536249135	0.27353826490061267	0.33816582709709364	0.5541207089306478	0.06108551392929798	-0.23637395700932867	0.2631948536249135	1.5092171338174283	0.5405474843358166	0.47980542915707614	0.3092584153320798	0.12550767955355355	-0.09337044512949616	0.27353826490061267	0.5405474843358166	0.8050861547856543	0.20934549818758935	0.3124654202742531	0.13994656732369656	-0.06053084640534006	0.33816582709709364	0.47980542915707614	0.20934549818758935	0.8155014885472269	0.34701385793472195	0.3180726235231433	0.026819512333365943	0.5541207089306478	0.3092584153320798	0.3124654202742531	0.34701385793472195	0.5896118269429643
0.4453854879667712	-0.06907138434218943	0.250987501616717	0.16807757891033429	0.1856627008414891	0.26877683114299444	0.2800108665750025	-0.06907138434218943	0.4113004281926007	-0.05415825641613553	-0.20925089396546825	-0.0779855272071186	-0.028222259626612945	-0.02100808842464943	0.250987501616717	-0.05415825641613553	0.4680318273794779	0.2945641389430245	0.2835720140532715	0.39517919413480396	0.4069161057880936	0.16807757891033429	-0.20925089396546825	0.2945641389430245	1.3664924875230908	0.45137904274231655	0.3455500553234834	0.3409347787100736	0.1856627008414891	-0.0779855272071186	0.2835720140532715	0.45137904274231655	0.593547617847783	0.30445528415703793	0.31383470380604	0.26877683114299444	-0.028222259626612945	0.39517919413480396	0.3455500553234834	0.30445528415703793	0.4424296847941178	0.41852070760028015	0.2800108665750025	-0.02100808842464943	0.4069161057880936	0.3409347787100736	0.31383470380604	0.41852070760028015	0.4374703058822777
0.4369246843722491	-0.001151797619964201	0.2899170885512528	0.3070271106958852	0.2938428774191321	0.34735841018366853	0.4450733410056098	-0.001151797619964201	0.5011742598617591	-0.05207618085071454	-0.10888873597149562	-0.010022041456116786	0.012968814250704078	0.15985309536861808	0.2899170885512528	-0.05207618085071454	0.5425847555642459	0.2866046848617129	0.2927488321255136	0.36196626093959106	0.4803433575773366	0.3070271106958852	-0.10888873597149562	0.2866046848617129	1.4457920666794415	0.4693148719872574	0.3861392665688937	0.5510212504335057	0.2938428774191321	-0.010022041456116786	0.2927488321255136	0.4693148719872574	0.5386733502129469	0.3536286332871527	0.45334326755348614	0.34735841018366853	0.012968814250704078	0.36196626093959106	0.3861392665688937	0.3536286332871527	0.41999312618322227	0.5024211836159413	0.4450733410056098	0.15985309536861808	0.4803433575773366	0.5510212504335057	0.45334326755348614	0.5024211836159413	0.8713400470754211
0.4591941144720138	-0.03241789988998445	0.21869500162179764	0.13952955316544208	0.14490204216618172	0.24275003376393323	0.27776932648950625	-0.03241789988998445	0.3984763538095301	0.003244461268515207	-0.12374492623455141	-0.03535807539681664	0.029256021136932694	0.07338629405953766	0.21869500162179764	0.003244461268515207	0.45870982415732914	0.2881761313623642	0.2555110124604938	0.39422089624816936	0.42538223459063396	0.13952955316544208	-0.12374492623455141	0.2881761313623642	1.2751960279495214	0.4509471873997481	0.3278815503519148	0.37773770232840304	0.14490204216618172	-0.03535807539681664	0.2555110124604938	0.4509471873997481	0.6334837562258206	0.28100549387323787	0.31538101711284156	0.24275003376393323	0.029256021136932694	0.39422089624816936	0.3278815503519148	0.28100549387323787	0.4189101707864773	0.44103378612974203	0.27776932648950625	0.07338629405953766	0.42538223459063396	0.37773770232840304	0.31538101711284156	0.44103378612974203	0.5531197975833073
0.3830382777560257	-0.02941075205435756	0.30473378569827153	0.32678978950634885	0.3074513094301049	0.3612958653453587	0.4051287992023933	-0.02941075205435756	0.45519502770333664	-0.09628960216945578	-0.13130907659692714	-0.04476308763762848	-0.025944007881385123	0.04290608241959228	0.30473378569827153	-0.09628960216945578	0.47835198446262905	0.255972885401739	0.2596655925309399	0.3211797218960615	0.3766982311726382	0.32678978950634885	-0.13130907659692714	0.255972885401739	1.082268440399523	0.38613038070230854	0.3457665725119098	0.41210636704340387	0.3074513094301049	-0.04476308763762848	0.2596655925309399	0.38613038070230854	0.4916046540721547	0.32078392165487296	0.366985901262367	0.3612958653453587	-0.025944007881385123	0.3211797218960615	0.3457665725119098	0.32078392165487296	0.382510342946133	0.41874421970271647	0.4051287992023933	0.04290608241959228	0.3766982311726382	0.41210636704340387	0.366985901262367	0.41874421970271647	0.5874901559865596
0.4160628474351781	-0.07889563629827123	0.34670362060935983	0.27217549446169803	0.25277979979364423	0.3513264175150468	0.3789195803409648	-0.07889563629827123	0.45160580038278814	-0.07344137755416139	-0.23177460274044906	-0.10703162297273949	-0.06593336916013609	-0.02347439390197036	0.34670362060935983	-0.07344137755416139	0.4251170614252869	0.328810036732848	0.29589500175996614	0.4055231387949963	0.43176883444515884	0.27217549446169803	-0.23177460274044906	0.328810036732848	1.2675231644849438	0.43611433604389105	0.34120071492902504	0.3839882586194874	0.25277979979364423	-0.10703162297273949	0.29589500175996614	0.43611433604389105	0.5870480790587672	0.30188792284895033	0.3317309962685748	0.3513264175150468	-0.06593336916013609	0.4055231387949963	0.34120071492902504	0.30188792284895033	0.4169159390706925	0.4348468380529523	0.3789195803409648	-0.02347439390197036	0.43176883444515884	0.3839882586194874	0.3317309962685748	0.4348468380529523	0.5334066753822275
0.4086531819807066	-0.0755152881109808	0.33094436365069396	0.25870890354674475	0.25523101394955977	0.3380927459197636	0.36129310467257253	-0.0755152881109808	0.44218553049397	-0.07109682191242231	-0.23648034478449143	-0.09889370643241321	-0.06085447708626298	-0.026232652519249576	0.33094436365069396	-0.07109682191242231	0.4190077230895483	0.3168023389660518	0.3006618730368521	0.3937478715248761	0.4159679934688651	0.25870890354674475	-0.23648034478449143	0.3168023389660518	1.3242263870732847	0.4266883379289669	0.33365488164431073	0.3696866943775078	0.25523101394955977	-0.09889370643241321	0.3006618730368521	0.4266883379289669	0.550936604485298	0.30917705235799303	0.33369681314972127	0.3380927459197636	-0.06085447708626298	0.3937478715248761	0.33365488164431073	0.30917705235799303	0.40705833635201316	0.42134419550412483	0.36129310467257253	-0.026232652519249576	0.4159679934688651	0.3696866943775078	0.33369681314972127	0.42134419550412483	0.5029550815829793
0.36644641047258564	-0.042788869056353596	0.34096548985293057	0.23631109623240804	0.21389179771979824	0.34313672123630207	0.35754862139420013	-0.042788869056353596	0.3990988477089025	-0.043401042713951093	-0.21799210156077778	-0.1010360864950954	-0.03811036502230071	-0.019058263139765403	0.34096548985293057	-0.043401042713951093	0.3727680073454843	0.24712687932469646	0.22202097685444447	0.3564172789006291	0.3708102797638465	0.23631109623240804	-0.21799210156077778	0.24712687932469646	1.2165894460286106	0.40072909353073083	0.2591016838595544	0.2776280844838857	0.21389179771979824	-0.1010360864950954	0.22202097685444447	0.40072909353073083	0.6073874169427897	0.2266801740870848	0.24237333194394203	0.34313672123630207	-0.03811036502230071	0.3564172789006291	0.2591016838595544	0.2266801740870848	0.36965823978356127	0.3724248156951654	0.35754862139420013	-0.019058263139765403	0.3708102797638465	0.2776280844838857	0.24237333194394203	0.3724248156951654	0.41916860980344256
