0.1292498521045507	-0.02348557035512113	0.032495002979125026	0.06035436629203611	0.06617884396434584	0.014466684109333973	0.11896286300106938	0.0782306267090527	0.06007573359909208	0.05578860153177336	-0.02348557035512113	0.44778544045198204	-0.02810308883516232	0.0023731397613427525	-0.007875586902894985	-0.05968221759103186	0.00309344304122597	0.08727942889120731	-0.01276100405374478	-0.021700089249435058	0.032495002979125026	-0.02810308883516232	0.18089020555652985	0.05581842859828495	0.06035889784754662	0.0074408382771301435	0.13035008765478573	0.07225505634978459	0.05433908515184338	0.05219801554977605	0.06035436629203611	0.0023731397613427525	0.05581842859828495	0.17147485435616544	0.07912036412679853	0.033536498853062216	0.09670789142947564	0.08693994072952348	0.07389094769576271	0.06873154601652286	0.06617884396434584	-0.007875586902894985	0.06035889784754662	0.07912036412679853	0.09948901192210252	0.0385271173680103	0.09574805868843665	0.09950047318279469	0.0790057651603891	0.07391894504459545	0.014466684109333973	-0.05968221759103186	0.0074408382771301435	0.033536498853062216	0.0385271173680103	0.16243557824088872	0.08017911472717852	0.05645744663039584	0.032491323857619034	0.027877486915389237	0.11896286300106938	0.00309344304122597	0.13035008765478573	0.09670789142947564	0.09574805868843665	0.08017911472717852	0.21035675611382051	0.13511968830286372	0.09697556146888082	0.08747058178286433	0.0782306267090527	0.08727942889120731	0.07225505634978459	0.08693994072952348	0.09950047318279469	0.05645744663039584	0.13511968830286372	0.3598793610782738	0.0940977201840642	0.09085337521404352	0.06007573359909208	-0.01276100405374478	0.05433908515184338	0.07389094769576271	0.0790057651603891	0.032491323857619034	0.09697556146888082	0.0940977201840642	0.08848336727107829	0.0687353512095802	0.05578860153177336	-0.021700089249435058	0.05219801554977605	0.06873154601652286	0.07391894504459545	0.027877486915389237	0.08747058178286433	0.09085337521404352	0.0687353512095802	0.10024969679856638
0.14789931399526546	0.030415326342991225	0.01930801719571481	0.05168141988952818	0.057742446170403715	-0.029374364341565665	0.1119942647640686	0.06507697739326186	0.050368500855469525	0.044638822912285485	0.030415326342991225	0.16916303461943097	0.03330581788088069	0.05528631179915364	0.05474628708880895	-0.020734334535936937	0.05897604982861009	0.07830512354714877	0.05001692213832757	0.0419174427864955	0.01930801719571481	0.03330581788088069	0.17682061524571333	0.05593466986924303	0.06013165787764829	-0.024194211298188793	0.11249875141103852	0.06871375413777006	0.05355433495079155	0.04960563197153411	0.05168141988952818	0.05528631179915364	0.05593466986924303	0.16879909892360434	0.07800084561737933	0.006077501351751892	0.08553478842526258	0.08485730930178544	0.0727343362072155	0.0658395704832638	0.057742446170403715	0.05474628708880895	0.06013165787764829	0.07800084561737933	0.10889667456018598	0.01034411579417931	0.08017504629354766	0.09377849521705586	0.07654143921761364	0.06958072767602422	-0.029374364341565665	-0.020734334535936937	-0.024194211298188793	0.006077501351751892	0.01034411579417931	0.2009273976429406	0.050764116154132066	0.023690609697632804	0.003110620355751746	-0.0032330334315772576	0.1119942647640686	0.05897604982861009	0.11249875141103852	0.08553478842526258	0.08017504629354766	0.050764116154132066	0.19031550672752479	0.109842485426856	0.08372017113392176	0.07303181704269618	0.06507697739326186	0.07830512354714877	0.06871375413777006	0.08485730930178544	0.09377849521705586	0.023690609697632804	0.109842485426856	0.23618488390390158	0.08844321036252639	0.08278739582646102	0.050368500855469525	0.05001692213832757	0.05355433495079155	0.0727343362072155	0.07654143921761364	0.003110620355751746	0.08372017113392176	0.08844321036252639	0.08222982038590936	0.06455941384173206	0.044638822912285485	0.0419174427864955	0.04960563197153411	0.0658395704832638	0.06958072767602422	-0.0032330334315772576	0.07303181704269618	0.08278739582646102	0.06455941384173206	0.09505241825894965
0.11655435849887277	-0.007709650785629216	0.029861923332599096	0.058266252163900994	0.06425886923753851	0.010661778913363989	0.10831529732198691	0.07421853076009322	0.05666528074879802	0.056835232413162996	-0.007709650785629216	0.3528704548718599	-0.01484143689658655	0.014910179310056806	0.006485083155218025	-0.04605946054715095	0.01607251978324206	0.06549961403658376	0.0003452452509393755	-0.0017405780703881202	0.029861923332599096	-0.01484143689658655	0.1740892798518488	0.05102632904752417	0.05588834173956432	-0.00034870426169850144	0.12211827624760152	0.06489653162506101	0.048089195218645575	0.049517114741470664	0.058266252163900994	0.014910179310056806	0.05102632904752417	0.1754165807546858	0.07517158608649603	0.027722078480675445	0.09142577746150173	0.08139092535754754	0.06859015880698903	0.06807283822017549	0.06425886923753851	0.006485083155218025	0.05588834173956432	0.07517158608649603	0.09906426444646678	0.03280149910423988	0.0893344479283718	0.09298881647247226	0.0736675408982423	0.07317266129517204	0.010661778913363989	-0.04605946054715095	-0.00034870426169850144	0.027722078480675445	0.03280149910423988	0.15730152308599	0.0720026711114152	0.04705953744788216	0.025102284546056376	0.025162960433445694	0.10831529732198691	0.01607251978324206	0.12211827624760152	0.09142577746150173	0.0893344479283718	0.0720026711114152	0.19621884692761216	0.12157852833883138	0.09043803963830434	0.0864598552675543	0.07421853076009322	0.06549961403658376	0.06489653162506101	0.08139092535754754	0.09298881647247226	0.04705953744788216	0.12157852833883138	0.2861010120041304	0.0862390331985047	0.08662791838145573	0.05666528074879802	0.0003452452509393755	0.048089195218645575	0.06859015880698903	0.0736675408982423	0.025102284546056376	0.09043803963830434	0.0862390331985047	0.08523858724277643	0.06672573915682824	0.056835232413162996	-0.0017405780703881202	0.049517114741470664	0.06807283822017549	0.07317266129517204	0.025162960433445694	0.0864598552675543	0.08662791838145573	0.06672573915682824	0.08668213115813013
0.22211156867168577	0.025302680881798916	-0.02542350532915804	0.052849345950524027	0.05582876208360095	0.004572250607895258	0.15365473021797535	0.07140139298333312	0.05106354941854374	0.012653516795579033	0.025302680881798916	0.210307804593327	0.0006547761549338523	0.05952838598583614	0.05928821926079076	0.011702992437617646	0.05281982530708694	0.09713625867446773	0.05559591150266759	0.009063343912380067	-0.02542350532915804	0.0006547761549338523	0.3959745278699152	0.02982579020127286	0.03062528640123667	-0.021037572852440997	0.20472788768683298	0.048968712422506167	0.026588832916479423	0.014981646684584718	0.052849345950524027	0.05952838598583614	0.02982579020127286	0.13041256607403487	0.08846910916915453	0.04349917001235296	0.08505058534154834	0.10278065576412235	0.08459692929358854	0.04418495043613131	0.05582876208360095	0.05928821926079076	0.03062528640123667	0.08846910916915453	0.10919352676054084	0.0457225746237079	0.07930502544166561	0.1081634964850347	0.08688094497019419	0.046669333907283284	0.004572250607895258	0.011702992437617646	-0.021037572852440997	0.04349917001235296	0.0457225746237079	0.17567101192700788	0.07005833968805537	0.06697976450062854	0.04140568483513396	0.0005403087130889407	0.15365473021797535	0.05281982530708694	0.20472788768683298	0.08505058534154834	0.07930502544166561	0.07005833968805537	0.2803865308462508	0.12217629964165533	0.0835492766556681	0.035527089535322603	0.07140139298333312	0.09713625867446773	0.048968712422506167	0.10278065576412235	0.1081634964850347	0.06697976450062854	0.12217629964165533	0.30884961500239694	0.10430105384845828	0.07074891728272871	0.05106354941854374	0.05559591150266759	0.026588832916479423	0.08459692929358854	0.08688094497019419	0.04140568483513396	0.0835492766556681	0.10430105384845828	0.09350230670049518	0.042298897230017056	0.012653516795579033	0.009063343912380067	0.014981646684584718	0.04418495043613131	0.046669333907283284	0.0005403087130889407	0.035527089535322603	0.07074891728272871	0.042298897230017056	0.16122422458144234
0.7375102812122099	-0.06081833401944728	-0.06457146400528886	0.0995589968559323	0.10273699081911296	-0.08274093505616423	0.3793993686585469	0.09931152608577329	-0.12055787206904822	0.06697993337588153	-0.06081833401944728	1.6431017839617583	-0.09136969303719797	0.00871814904132523	0.003530998038631737	-0.17329328770018473	-0.04978396284428581	0.9304294767148116	-0.22544809143597874	-0.05943291400542019	-0.06457146400528886	-0.09136969303719797	1.010945694326197	0.046128681434720716	0.045049753217888025	-0.11222801354929739	0.45031291747787394	0.10739249156991121	-0.05403249281573753	0.06964487722945073	0.0995589968559323	0.00871814904132523	0.046128681434720716	0.2606734819319701	0.22964474144786645	0.06497912724771204	0.04500518612294218	0.1653789898060385	-0.009076484501284968	0.18870137966579484	0.10273699081911296	0.003530998038631737	0.045049753217888025	0.22964474144786645	0.239992940740057	0.06871226014923966	0.04335763694322653	0.17607388556195874	-0.006900460840457565	0.1930889382128214	-0.08274093505616423	-0.17329328770018473	-0.11222801354929739	0.06497912724771204	0.06871226014923966	0.616615925891495	0.029538734399728553	0.10345186407674092	-0.18121935880734638	0.02894193633028748	0.3793993686585469	-0.04978396284428581	0.45031291747787394	0.04500518612294218	0.04335763694322653	0.029538734399728553	0.5569244138534813	0.2276517063836691	0.042936712874631126	0.021490683533347845	0.09931152608577329	0.9304294767148116	0.10739249156991121	0.1653789898060385	0.17607388556195874	0.10345186407674092	0.2276517063836691	1.5054528565944523	0.0037496071305008483	0.15971980002569075	-0.12055787206904822	-0.22544809143597874	-0.05403249281573753	-0.009076484501284968	-0.006900460840457565	-0.18121935880734638	0.042936712874631126	0.0037496071305008483	0.7152263859372634	-0.05079440577560508	0.06697993337588153	-0.05943291400542019	0.06964487722945073	0.18870137966579484	0.1930889382128214	0.02894193633028748	0.021490683533347845	0.15971980002569075	-0.05079440577560508	0.3052259174321732
0.7037058768094625	-0.07639548620121728	-0.06441531638629858	0.09545971624351342	0.10355280942847174	-0.05556647708830127	0.36385022920729454	0.09783999644026509	-0.12247883594203282	0.07271795099261176	-0.07639548620121728	1.5424649218802324	-0.11572824497457437	0.009779802335929764	-0.00886653349419421	-0.1773349840460698	-0.0919357087362912	0.7001042742813774	-0.25109511177981736	-0.0684006801471804	-0.06441531638629858	-0.11572824497457437	1.000822026439399	0.045477223787566565	0.04299895756128595	-0.09389266546084266	0.4482786137919461	0.08456197670259022	-0.05858090308456167	0.06392966094993639	0.09545971624351342	0.009779802335929764	0.045477223787566565	0.29994588427333285	0.21688194444519177	0.07740308690899378	0.050068483617126444	0.1614197766329015	-0.017590567483911693	0.18202307864359382	0.10355280942847174	-0.00886653349419421	0.04299895756128595	0.21688194444519177	0.23332510606894794	0.08661618160832621	0.04934911496617411	0.1842441417650778	-0.013310800846115113	0.19314307568457192	-0.05556647708830127	-0.1773349840460698	-0.09389266546084266	0.07740308690899378	0.08661618160832621	0.5578645468411785	0.034562019895083784	0.09930126061652456	-0.1636730121324746	0.05241153689549755	0.36385022920729454	-0.0919357087362912	0.4482786137919461	0.050068483617126444	0.04934911496617411	0.034562019895083784	0.5401341098590231	0.17745624653453085	0.04438092259184539	0.029735454389539655	0.09783999644026509	0.7001042742813774	0.08456197670259022	0.1614197766329015	0.1842441417650778	0.09930126061652456	0.17745624653453085	1.1567111753466408	-0.008497128180924907	0.16407500157819443	-0.12247883594203282	-0.25109511177981736	-0.05858090308456167	-0.017590567483911693	-0.013310800846115113	-0.1636730121324746	0.04438092259184539	-0.008497128180924907	0.7105666996581738	-0.05099799497641623	0.07271795099261176	-0.0684006801471804	0.06392966094993639	0.18202307864359382	0.19314307568457192	0.05241153689549755	0.029735454389539655	0.16407500157819443	-0.05099799497641623	0.29026610013379633
0.7695868733139415	-0.13471146442194457	-0.06604433688073912	0.04640027124226776	0.057963301691686245	-0.1854475844558054	0.4212297737081263	0.048859118977567575	0.035456932174665605	0.014363601617476431	-0.13471146442194457	1.7183972126888376	-0.13337647867952523	-0.02608985627450659	-0.06964869115857794	-0.32894568758686826	-0.10984598272033556	0.7028543852825103	-0.09333965063118727	-0.1648327228662701	-0.06604433688073912	-0.13337647867952523	0.8504987935979984	0.06792263539215612	0.06755008751119959	-0.13782367533368056	0.3713860619747069	0.07999521890222805	0.05502329084114188	0.08490210956238112	0.04640027124226776	-0.02608985627450659	0.06792263539215612	0.32959423893058576	0.18096347393874668	-0.02284656760030707	0.05732829936307082	0.11245532723363194	0.15826518553705413	0.13041037317700127	0.057963301691686245	-0.06964869115857794	0.06755008751119959	0.18096347393874668	0.20369921620661985	-0.010086564450433273	0.059441937506628656	0.14707872530229205	0.17426587879618624	0.1485344801410708	-0.1854475844558054	-0.32894568758686826	-0.13782367533368056	-0.02284656760030707	-0.010086564450433273	0.6837016690981744	0.03051605514152622	0.013697662545971944	-0.03566584904291038	-0.05882735875083894	0.4212297737081263	-0.10984598272033556	0.3713860619747069	0.05732829936307082	0.059441937506628656	0.03051605514152622	0.5338902513135755	0.16529660023839884	0.059561759410235185	0.02418472811028944	0.048859118977567575	0.7028543852825103	0.07999521890222805	0.11245532723363194	0.14707872530229205	0.013697662545971944	0.16529660023839884	1.1082511597999427	0.1275726662736846	0.11456732237201937	0.035456932174665605	-0.09333965063118727	0.05502329084114188	0.15826518553705413	0.17426587879618624	-0.03566584904291038	0.059561759410235185	0.1275726662736846	0.24626484234333534	0.12398553587785965	0.014363601617476431	-0.1648327228662701	0.08490210956238112	0.13041037317700127	0.1485344801410708	-0.05882735875083894	0.02418472811028944	0.11456732237201937	0.12398553587785965	0.29484773822076504
0.6243962749670245	-0.025610446977099993	-0.041709000576446546	0.12129246651793198	0.12280595411501256	-0.0462755356718709	0.32995319604902296	0.11853882871761408	-0.09367532145157999	0.05588054108870565	-0.025610446977099993	1.5158502068185242	-0.07477022707220794	0.031745980909033585	0.03016697299117912	-0.12760887205677318	-0.010233009922317444	0.9117644372573752	-0.1852315990799119	-0.07919144245825852	-0.041709000576446546	-0.07477022707220794	0.9062457778150452	0.051558660135481736	0.051186895308522586	-0.09636743056009228	0.4115530529346354	0.11967602928218463	-0.05997484476713089	0.08488377648589439	0.12129246651793198	0.031745980909033585	0.051558660135481736	0.234519751420719	0.22331831092763385	0.07088853624301752	0.07078968053805318	0.1759186908040355	-0.0027977680670765413	0.1490260295543015	0.12280595411501256	0.03016697299117912	0.051186895308522586	0.22331831092763385	0.23374451290511816	0.07271563696383153	0.0679475595931143	0.18042120593201375	-0.0011465602346405063	0.1511692058861404	-0.0462755356718709	-0.12760887205677318	-0.09636743056009228	0.07088853624301752	0.07271563696383153	0.5759499860486643	0.05600416098809113	0.11996753711268336	-0.16288346556684266	0.0005060519283961828	0.32995319604902296	-0.010233009922317444	0.4115530529346354	0.07078968053805318	0.0679475595931143	0.05600416098809113	0.509201923599593	0.2567828640234869	0.05906076952634315	0.019940505637899796	0.11853882871761408	0.9117644372573752	0.11967602928218463	0.1759186908040355	0.18042120593201375	0.11996753711268336	0.2567828640234869	1.561779495967296	0.02035534187950934	0.15664137736643702	-0.09367532145157999	-0.1852315990799119	-0.05997484476713089	-0.0027977680670765413	-0.0011465602346405063	-0.16288346556684266	0.05906076952634315	0.02035534187950934	0.6946014618391665	-0.08228162706269729	0.05588054108870565	-0.07919144245825852	0.08488377648589439	0.1490260295543015	0.1511692058861404	0.0005060519283961828	0.019940505637899796	0.15664137736643702	-0.08228162706269729	0.3622161215861471
0.8964402847758624	-0.10539414206975486	-0.10456553938374975	0.028686781246146247	0.03176138155002134	-0.21969460054558732	0.48178171750329124	0.046417788660413184	0.016058273033354803	-0.02623979011126357	-0.10539414206975486	1.6619238839327897	-0.0952411693935517	-0.019040411310491244	-0.025935967364096812	-0.24897106918194628	-0.04045799158960328	0.9591206903692004	-0.041386793360795315	-0.1318800442431759	-0.10456553938374975	-0.0952411693935517	0.9165790410076105	0.054264133384858526	0.05353826801952844	-0.15107241273714228	0.3831354634183224	0.10429239566153163	0.04552312785133413	0.0827680845393409	0.028686781246146247	-0.019040411310491244	0.054264133384858526	0.2365097489934969	0.19587703585379676	-0.01445527760692233	0.03972126994040885	0.13173080093564657	0.179258747419317	0.12655962226222747	0.03176138155002134	-0.025935967364096812	0.05353826801952844	0.19587703585379676	0.20675671985223	-0.010628130598192752	0.03843845248337188	0.14552206109538746	0.1836014727751054	0.13159512966242587	-0.21969460054558732	-0.24897106918194628	-0.15107241273714228	-0.01445527760692233	-0.010628130598192752	0.6893167555614105	0.011504360245956377	0.05809658756492974	-0.028713231721215093	-0.07741329812148177	0.48178171750329124	-0.04045799158960328	0.3831354634183224	0.03972126994040885	0.03843845248337188	0.011504360245956377	0.5848345491431782	0.22868097935924053	0.039990573213453874	-0.003806063169820025	0.046417788660413184	0.9591206903692004	0.10429239566153163	0.13173080093564657	0.14552206109538746	0.05809658756492974	0.22868097935924053	1.5638884788203706	0.1335611252287703	0.11965640882006255	0.016058273033354803	-0.041386793360795315	0.04552312785133413	0.179258747419317	0.1836014727751054	-0.028713231721215093	0.039990573213453874	0.1335611252287703	0.23342300525506776	0.11411421021416744	-0.02623979011126357	-0.1318800442431759	0.0827680845393409	0.12655962226222747	0.13159512966242587	-0.07741329812148177	-0.003806063169820025	0.11965640882006255	0.11411421021416744	0.3217828585107518
0.9770521398497873	-0.12391121319151599	-0.11286848643778169	0.0389622850236435	0.045184836099854665	-0.19327521947204213	0.5060367305201675	0.04647559786522295	-0.08249266483315579	0.012688340767704205	-0.12391121319151599	2.1441913893461857	-0.11004753922149146	-0.05332025500700879	-0.06816520917437977	-0.2688753642998489	-0.04852541676045628	1.30471093688135	-0.1932459330040569	-0.12913170728512297	-0.11286848643778169	-0.11004753922149146	1.0604469353340489	0.05124702854291284	0.04906775788587584	-0.1418664689974738	0.44470141150035036	0.10282862394333867	-0.00634568234077371	0.07473808824304219	0.0389622850236435	-0.05332025500700879	0.05124702854291284	0.3017296061218653	0.22611412801536768	0.025654542372828656	0.01684906262678934	0.10395857171115087	0.08694927100712915	0.18627153477127156	0.045184836099854665	-0.06816520917437977	0.04906775788587584	0.22611412801536768	0.2414432770513424	0.03392046026510566	0.016336003136623353	0.13020030069247365	0.09339240904052795	0.19639623653793248	-0.19327521947204213	-0.2688753642998489	-0.1418664689974738	0.025654542372828656	0.03392046026510566	0.7067334343828671	-0.004342332445560131	0.06348876823879236	-0.11483640113409868	-0.004084545748561057	0.5060367305201675	-0.04852541676045628	0.44470141150035036	0.01684906262678934	0.016336003136623353	-0.004342332445560131	0.6331898128000621	0.24304757542195005	0.020323190430644362	-0.001852654824433739	0.04647559786522295	1.30471093688135	0.10282862394333867	0.10395857171115087	0.13020030069247365	0.06348876823879236	0.24304757542195005	1.8732996533469002	0.03777806322860596	0.11680632515796645	-0.08249266483315579	-0.1932459330040569	-0.00634568234077371	0.08694927100712915	0.09339240904052795	-0.11483640113409868	0.020323190430644362	0.03777806322860596	0.5133008706047764	0.05248531820374091	0.012688340767704205	-0.12913170728512297	0.07473808824304219	0.18627153477127156	0.19639623653793248	-0.004084545748561057	-0.001852654824433739	0.11680632515796645	0.05248531820374091	0.3023142525488013
1.2571593731042376	-0.11615802028773761	-0.17030383573157593	-0.0012053411105620733	0.0018786981644826131	-0.2798751669256135	0.6506208744265993	0.030033300113070458	-0.09019033037762025	-0.0688840461122307	-0.11615802028773761	2.3888876379983053	-0.11077397853188306	-0.05517810098426652	-0.06210092077425025	-0.2644496825310116	-0.00509752347853492	1.600348431974252	-0.1493008456930484	-0.1918571953258053	-0.17030383573157593	-0.11077397853188306	1.1557370121628299	0.036258432604708506	0.03458027951120088	-0.17696627167214868	0.4533167462501076	0.11752300546007313	-0.0019290655917065594	0.10372480842164038	-0.0012053411105620733	-0.05517810098426652	0.036258432604708506	0.30001550681068145	0.25714212140560705	0.026594007435657346	-0.014500999701368176	0.091679005375556	0.14961910204368126	0.1621458831991236	0.0018786981644826131	-0.06210092077425025	0.03458027951120088	0.25714212140560705	0.26849495673159796	0.03157050965052963	-0.016051647034798333	0.10873335860921708	0.15390169053884406	0.16833498643593944	-0.2798751669256135	-0.2644496825310116	-0.17696627167214868	0.026594007435657346	0.03157050965052963	0.7980316471282863	-0.039480839981872504	0.06818721590805552	-0.08180873209599268	-0.05736271830204064	0.6506208744265993	-0.00509752347853492	0.4533167462501076	-0.014500999701368176	-0.016051647034798333	-0.039480839981872504	0.7340967752278714	0.2873453775075043	-0.006616750545405634	-0.05107455514203305	0.030033300113070458	1.600348431974252	0.11752300546007313	0.091679005375556	0.10873335860921708	0.06818721590805552	0.2873453775075043	2.249322168527305	0.04824035514532522	0.09147398869735449	-0.09019033037762025	-0.1493008456930484	-0.0019290655917065594	0.14961910204368126	0.15390169053884406	-0.08180873209599268	-0.006616750545405634	0.04824035514532522	0.46722923116807613	0.05833432235053973	-0.0688840461122307	-0.1918571953258053	0.10372480842164038	0.1621458831991236	0.16833498643593944	-0.05736271830204064	-0.05107455514203305	0.09147398869735449	0.05833432235053973	0.4087746900333094
0.9448035587442338	-0.08994987976667643	-0.09215830456984883	0.06941695980898893	0.0713450413489449	-0.1783871977200147	0.4860561788688194	0.06513924183514419	-0.10517275421809279	0.023996607360443026	-0.08994987976667643	2.0555787790912117	-0.09496204146358014	-0.026121841233157195	-0.02943267692248406	-0.23982030933287646	-0.03385646630728703	1.2751555701506943	-0.20318819123985485	-0.11574583912216778	-0.09215830456984883	-0.09496204146358014	1.0224110653078549	0.05983055464940525	0.05921057692348853	-0.14307675454710717	0.430235881280241	0.11365194492704228	-0.022429515841182926	0.09276741885019119	0.06941695980898893	-0.026121841233157195	0.05983055464940525	0.2660449274589499	0.24806865687716795	0.034399247917091265	0.028082773801971352	0.13887661875159923	0.05314562412939871	0.1908601949702942	0.0713450413489449	-0.02943267692248406	0.05921057692348853	0.24806865687716795	0.2576716941237912	0.03699786609050628	0.02595367920387992	0.14567488242491192	0.05513655249877582	0.19382648951937387	-0.1783871977200147	-0.23982030933287646	-0.14307675454710717	0.034399247917091265	0.03699786609050628	0.7492965344578012	0.005794891098025613	0.07859882307458334	-0.16779710136624149	-0.017572361132307007	0.4860561788688194	-0.03385646630728703	0.430235881280241	0.028082773801971352	0.02595367920387992	0.005794891098025613	0.6152413836404919	0.2532947100152796	0.029138206060308716	-0.003049754756199559	0.06513924183514419	1.2751555701506943	0.11365194492704228	0.13887661875159923	0.14567488242491192	0.07859882307458334	0.2532947100152796	1.8707289929235145	0.019672806508278996	0.12810656689081695	-0.10517275421809279	-0.20318819123985485	-0.022429515841182926	0.05314562412939871	0.05513655249877582	-0.16779710136624149	0.029138206060308716	0.019672806508278996	0.6393983943685941	-0.005046727183198521	0.023996607360443026	-0.11574583912216778	0.09276741885019119	0.1908601949702942	0.19382648951937387	-0.017572361132307007	-0.003049754756199559	0.12810656689081695	-0.005046727183198521	0.34934253753644756
1.0891492500864186	-0.1324230986293387	-0.10253300275812292	0.05218547465704459	0.06176978785566571	-0.24637745999496471	0.5524546633046086	0.041606172240913945	-0.11400962430961567	0.03097427814130309	-0.1324230986293387	2.3585454491531515	-0.131152173319793	-0.0488775746514196	-0.0808656396135973	-0.3694994350370721	-0.10318230313594849	1.2332265205406658	-0.2635171091904107	-0.149208650596834	-0.10253300275812292	-0.131152173319793	1.0985863664621167	0.07297096182020932	0.07046524936887333	-0.17358853889196102	0.45115357193106953	0.08859666205625513	-0.004384003566019938	0.09689171273938096	0.05218547465704459	-0.0488775746514196	0.07297096182020932	0.3669803834616137	0.2592925576178393	0.005724328220120128	0.011736306293795642	0.11355772783058042	0.06571849063532609	0.22090089329318074	0.06176978785566571	-0.0808656396135973	0.07046524936887333	0.2592925576178393	0.2809921079370949	0.018672500517296194	0.011251877754152255	0.14407186545478617	0.074717128703272	0.2376583891688508	-0.24637745999496471	-0.3694994350370721	-0.17358853889196102	0.005724328220120128	0.018672500517296194	0.8878101466201875	-0.019569922397804793	0.023694287387855298	-0.1938472850378861	-0.01770175076769159	0.5524546633046086	-0.10318230313594849	0.45115357193106953	0.011736306293795642	0.011251877754152255	-0.019569922397804793	0.6589329433279659	0.18852507173588254	0.018109548335388654	-0.005979755087484075	0.041606172240913945	1.2332265205406658	0.08859666205625513	0.11355772783058042	0.14407186545478617	0.023694287387855298	0.18852507173588254	1.6346836517636913	0.0017220204634312355	0.12396577349100506	-0.11400962430961567	-0.2635171091904107	-0.004384003566019938	0.06571849063532609	0.074717128703272	-0.1938472850378861	0.018109548335388654	0.0017220204634312355	0.6645867980115717	0.034854161707313515	0.03097427814130309	-0.149208650596834	0.09689171273938096	0.22090089329318074	0.2376583891688508	-0.01770175076769159	-0.005979755087484075	0.12396577349100506	0.034854161707313515	0.34192988279733266
0.9099659512667546	-0.058529966384024606	-0.08994581686990387	0.10538708722080287	0.10775001923146739	-0.11485261161166282	0.4545869820929221	0.09232175364115391	-0.1711544653249734	0.04778956981375779	-0.058529966384024606	1.8844654806852883	-0.11031632282100788	0.020457288719182162	0.016037501096969678	-0.19445589539065655	-0.06522488294088136	1.0397987513179265	-0.27488577014020427	-0.09765965340290318	-0.08994581686990387	-0.11031632282100788	1.1126403679019714	0.042494013295477716	0.041437252270696986	-0.14076631472609488	0.47451331108847034	0.10178858504174743	-0.06817806549310439	0.09307409436866645	0.10538708722080287	0.020457288719182162	0.042494013295477716	0.29710466147835923	0.2758320196304019	0.0821621966502404	0.027394417172564533	0.1784973468917999	-0.033254232213990445	0.2043936269834109	0.10775001923146739	0.016037501096969678	0.041437252270696986	0.2758320196304019	0.2856962287653371	0.085238991304315	0.025170546186276732	0.18573116214052932	-0.03153684827281508	0.20804843626256467	-0.11485261161166282	-0.19445589539065655	-0.14076631472609488	0.0821621966502404	0.085238991304315	0.7337758534781297	0.007764105915461282	0.0997990755634999	-0.2383445337306085	0.016429250505955933	0.4545869820929221	-0.06522488294088136	0.47451331108847034	0.027394417172564533	0.025170546186276732	0.007764105915461282	0.6178045610823707	0.2129158709160913	0.03638485945826523	-0.008319413274044882	0.09232175364115391	1.0397987513179265	0.10178858504174743	0.1784973468917999	0.18573116214052932	0.0997990755634999	0.2129158709160913	1.5535475555053506	-0.033764328238464696	0.15479085454809968	-0.1711544653249734	-0.27488577014020427	-0.06817806549310439	-0.033254232213990445	-0.03153684827281508	-0.2383445337306085	0.03638485945826523	-0.033764328238464696	0.8867186085977262	-0.10708707561535505	0.04778956981375779	-0.09765965340290318	0.09307409436866645	0.2043936269834109	0.20804843626256467	0.016429250505955933	-0.008319413274044882	0.15479085454809968	-0.10708707561535505	0.39970911479909743
0.5204087613113484	-0.03716160008960856	-0.01747854796091833	0.1680402913090759	0.1703953828944218	0.02161550362213928	0.2568677125172376	0.14111628048425726	-0.16122263793777172	0.14076449613197842	-0.03716160008960856	1.6415679776611374	-0.11442818475019814	0.0052467181891513864	0.0011860788424681579	-0.16305617995061583	-0.08223455423490583	0.7649158194861411	-0.344981273246229	-0.054228651096667455	-0.01747854796091833	-0.11442818475019814	0.9968600836365205	0.04861937061876423	0.04792692628196549	-0.08740354054448263	0.4664282544007193	0.08700778916989207	-0.09874220798734613	0.06791773082143736	0.1680402913090759	0.0052467181891513864	0.04861937061876423	0.2574736924981794	0.24090150731787355	0.1033531846374692	0.0753813703845474	0.18620693875804567	-0.10001302906545717	0.2092384862781126	0.1703953828944218	0.0011860788424681579	0.04792692628196549	0.24090150731787355	0.2509616554822981	0.10592014369439193	0.0730955033854095	0.19114416553893515	-0.09838045786471536	0.21205118457701047	0.02161550362213928	-0.16305617995061583	-0.08740354054448263	0.1033531846374692	0.10592014369439193	0.56660340213748	0.0618383458233366	0.1096294894875231	-0.2498523540403302	0.07468628068229581	0.2568677125172376	-0.08223455423490583	0.4664282544007193	0.0753813703845474	0.0730955033854095	0.0618383458233366	0.48251018794422723	0.19447508571966501	0.05964697150380828	0.05511633032840325	0.14111628048425726	0.7649158194861411	0.08700778916989207	0.18620693875804567	0.19114416553893515	0.1096294894875231	0.19447508571966501	1.2023456485815007	-0.08004468652025672	0.17279179087659796	-0.16122263793777172	-0.344981273246229	-0.09874220798734613	-0.10001302906545717	-0.09838045786471536	-0.2498523540403302	0.05964697150380828	-0.08004468652025672	0.939953634100918	-0.13440452656713942	0.14076449613197842	-0.054228651096667455	0.06791773082143736	0.2092384862781126	0.21205118457701047	0.07468628068229581	0.05511633032840325	0.17279179087659796	-0.13440452656713942	0.3028630413480274
0.39861576186639597	-0.0029655754749490226	0.014704635777920062	0.13133393790182749	0.13287797207319024	0.01610093189939792	0.22945443943338284	0.14557814373433742	-0.08717604232910095	0.10356950921999038	-0.0029655754749490226	1.1369260299207467	-0.04657472491608813	0.03360462724224994	0.03239796129909398	-0.0859292630188865	-0.002977368365587406	0.6424140071971507	-0.19082158439330016	-0.013140776924605168	0.014704635777920062	-0.04657472491608813	0.713305487276493	0.06803577507098278	0.0680255609296621	-0.04103298678839709	0.35631600653171847	0.12372410920712729	-0.06950297003541508	0.07319196048801938	0.13133393790182749	0.03360462724224994	0.06803577507098278	0.19530091422783483	0.18427370317280564	0.07498901939276532	0.09450106059981657	0.18038823349985625	-0.03853359706072266	0.1533800218243023	0.13287797207319024	0.03239796129909398	0.0680255609296621	0.18427370317280564	0.19535087965606018	0.07669835787505763	0.0915932849935431	0.18460677728989672	-0.036795226521818755	0.15518589775980401	0.01610093189939792	-0.0859292630188865	-0.04103298678839709	0.07498901939276532	0.07669835787505763	0.4346452138551313	0.08329556217546064	0.12973504001730396	-0.15456343069214123	0.04606193250747383	0.22945443943338284	-0.002977368365587406	0.35631600653171847	0.09450106059981657	0.0915932849935431	0.08329556217546064	0.412747924178929	0.2480049253958775	0.06602158339456295	0.0674964242486685	0.14557814373433742	0.6424140071971507	0.12372410920712729	0.18038823349985625	0.18460677728989672	0.12973504001730396	0.2480049253958775	1.2711166787074841	0.013001862360867061	0.17249952994708767	-0.08717604232910095	-0.19082158439330016	-0.06950297003541508	-0.03853359706072266	-0.036795226521818755	-0.15456343069214123	0.06602158339456295	0.013001862360867061	0.6617193624047812	-0.07276808016144612	0.10356950921999038	-0.013140776924605168	0.07319196048801938	0.1533800218243023	0.15518589775980401	0.04606193250747383	0.0674964242486685	0.17249952994708767	-0.07276808016144612	0.2474560978007145
0.9549229450100168	-0.116214276162307	-0.07720090821871155	0.014673462710994518	0.019608251880045766	-0.24235602740513051	0.5234930092487371	0.04202568960618097	-0.01700440807432491	-0.016596852235362003	-0.116214276162307	1.6539744640242273	-0.08066585365661595	-0.017783370410673502	-0.03203918607041123	-0.27191877892815136	-0.05573432484911421	0.9123691333112888	-0.07073506170794155	-0.10376760366121424	-0.07720090821871155	-0.08066585365661595	0.7707831283788809	0.08690114948028839	0.0873907753991304	-0.12652931348456406	0.32388305847676524	0.11323050618732637	0.06399737223790984	0.0953356979832628	0.014673462710994518	-0.017783370410673502	0.08690114948028839	0.2712655599634757	0.194151156640748	-0.02531883954227967	0.038139831349835215	0.12531447801851503	0.15433986393441146	0.149651604514418	0.019608251880045766	-0.03203918607041123	0.0873907753991304	0.194151156640748	0.20814500119212143	-0.018950832510948108	0.03834431135953386	0.14969563525965038	0.16172144664765192	0.15853068933965792	-0.24235602740513051	-0.27191877892815136	-0.12652931348456406	-0.02531883954227967	-0.018950832510948108	0.7174334727264546	0.011207109123324469	0.049847957266451526	-0.06217150681967848	-0.06166977519843326	0.5234930092487371	-0.05573432484911421	0.32388305847676524	0.038139831349835215	0.03834431135953386	0.011207109123324469	0.579351561914084	0.21584320011494645	0.03781319336662805	0.0062930732746329775	0.04202568960618097	0.9123691333112888	0.11323050618732637	0.12531447801851503	0.14969563525965038	0.049847957266451526	0.21584320011494645	1.484045348592461	0.1198875678318694	0.13090220424521185	-0.01700440807432491	-0.07073506170794155	0.06399737223790984	0.15433986393441146	0.16172144664765192	-0.06217150681967848	0.03781319336662805	0.1198875678318694	0.28602932687184884	0.11664977838682768	-0.016596852235362003	-0.10376760366121424	0.0953356979832628	0.149651604514418	0.15853068933965792	-0.06166977519843326	0.0062930732746329775	0.13090220424521185	0.11664977838682768	0.2861529720470663
0.6159462128862703	-0.027999396739235627	-0.036696762368614265	0.10969387060267723	0.11134679197644798	-0.04153996113899116	0.32716676671588385	0.12083858712121152	-0.11518876833459082	0.07298854650529175	-0.027999396739235627	1.3692553546792658	-0.060327982372670376	0.033190283168150064	0.03164664079424061	-0.11220616769610084	-0.015671139956356703	0.8234603879276291	-0.19687622262364615	-0.030131848504102925	-0.036696762368614265	-0.060327982372670376	0.8685920811742932	0.058444670360043256	0.058105836983964224	-0.07590108673046017	0.3989311742475425	0.1245375063000299	-0.06305877296445656	0.07506127722210289	0.10969387060267723	0.033190283168150064	0.058444670360043256	0.22424951550496713	0.21115228271139114	0.07374404749772476	0.06679327312690558	0.1810806298671293	-0.024964980361126033	0.1685885079639623	0.11134679197644798	0.03164664079424061	0.058105836983964224	0.21115228271139114	0.22118619317042137	0.07567658418281407	0.06426333862914184	0.1862508981331567	-0.023318593480086688	0.17070376261959425	-0.04153996113899116	-0.11220616769610084	-0.07590108673046017	0.07374404749772476	0.07567658418281407	0.5309475062284921	0.052906122597650145	0.12867191782278625	-0.1698736101646231	0.033998498364665265	0.32716676671588385	-0.015671139956356703	0.3989311742475425	0.06679327312690558	0.06426333862914184	0.052906122597650145	0.49822867097503654	0.25141930205619106	0.05149170997112773	0.03656253495784441	0.12083858712121152	0.8234603879276291	0.1245375063000299	0.1810806298671293	0.1862508981331567	0.12867191782278625	0.25141930205619106	1.4842843295290828	0.015699044335452002	0.17225352591768214	-0.11518876833459082	-0.19687622262364615	-0.06305877296445656	-0.024964980361126033	-0.023318593480086688	-0.1698736101646231	0.05149170997112773	0.015699044335452002	0.7037153660882005	-0.07070967564670295	0.07298854650529175	-0.030131848504102925	0.07506127722210289	0.1685885079639623	0.17070376261959425	0.033998498364665265	0.03656253495784441	0.17225352591768214	-0.07070967564670295	0.2920288065236574
0.5658510310228754	-0.03728984963044901	-0.081255375903074	0.14354748055375832	0.1453911048106582	0.004891202852452946	0.26813680007270246	0.12517031856011823	-0.12350285841447402	0.10577939852938834	-0.03728984963044901	1.6431470566015811	-0.11453174555650335	0.008048358364133604	0.006168980211668736	-0.12804363256631562	-0.03909392401379812	0.9741643341338166	-0.255888493607014	-0.055646281980928684	-0.081255375903074	-0.11453174555650335	1.2098987159446157	-0.006123406564879759	-0.00735027894099528	-0.12978111554357863	0.5509677718148434	0.0937482617889222	-0.08666495437590313	0.03182024734058776	0.14354748055375832	0.008048358364133604	-0.006123406564879759	0.2431598751397899	0.23135855293199775	0.10218307228742404	0.047098290834315854	0.1710990197889808	-0.048698349019166934	0.18829407749349245	0.1453911048106582	0.006168980211668736	-0.00735027894099528	0.23135855293199775	0.24198456522567202	0.1043193973815184	0.0440425707269103	0.17576968357274142	-0.04692897158745434	0.19052943940181752	0.004891202852452946	-0.12804363256631562	-0.12978111554357863	0.10218307228742404	0.1043193973815184	0.5291282026440762	0.03692953101383192	0.12350548020331852	-0.1847781158678078	0.06215987191052547	0.26813680007270246	-0.03909392401379812	0.5509677718148434	0.047098290834315854	0.0440425707269103	0.03692953101383192	0.542632652926216	0.24436865500347404	0.053916924019683864	0.028552083052780584	0.12517031856011823	0.9741643341338166	0.0937482617889222	0.1710990197889808	0.17576968357274142	0.12350548020331852	0.24436865500347404	1.5828108979549114	-0.018092808376922665	0.1605752965347757	-0.12350285841447402	-0.255888493607014	-0.08666495437590313	-0.048698349019166934	-0.04692897158745434	-0.1847781158678078	0.053916924019683864	-0.018092808376922665	0.7772820053304623	-0.09134912778898405	0.10577939852938834	-0.055646281980928684	0.03182024734058776	0.18829407749349245	0.19052943940181752	0.06215987191052547	0.028552083052780584	0.1605752965347757	-0.09134912778898405	0.29991339618740265
