2.931923948574787	0.3846965589932427	0.3661625813108354	0.3376822380434401	0.7587288532600632	-2.6872593863920664	1.070346810924062	0.14778073027492766	0.38235051779054546	0.4090205878097195	0.3846965589932427	0.5089990999433085	0.47459270414630506	0.3380285345967179	0.19199062549643323	-0.9672301382487388	0.3195052241104986	0.4258413533184983	0.4777308673181903	0.20318766890782636	0.3661625813108354	0.47459270414630506	0.5079603509445411	0.3336343211581489	0.19366793281010092	-0.9640006955398097	0.3218473637129853	0.4144325165220311	0.4755495713980405	0.2170452931445026	0.3376822380434401	0.3380285345967179	0.3336343211581489	1.434377683340327	0.40218094478621397	-0.6580528425046442	0.17679992806115907	-0.003984421541414929	0.33371215487063777	0.10322672773358244	0.7587288532600632	0.19199062549643323	0.19366793281010092	0.40218094478621397	1.8389863984097903	-0.2153494851549781	-0.15339700360028669	0.24494822265722516	0.19597197144667167	0.24629094693364562	-2.6872593863920664	-0.9672301382487388	-0.9640006955398097	-0.6580528425046442	-0.2153494851549781	4.703979167643825	-0.9677647035171417	-0.3666075162249922	-0.9593345376184695	-1.1085126083328203	1.070346810924062	0.3195052241104986	0.3218473637129853	0.17679992806115907	-0.15339700360028669	-0.9677647035171417	0.7951097162017562	0.30787811780178476	0.3192603629804697	0.018943550112525576	0.14778073027492766	0.4258413533184983	0.4144325165220311	-0.003984421541414929	0.24494822265722516	-0.3666075162249922	0.30787811780178476	1.2041011646174573	0.41625659467392745	0.31872962619188944	0.38235051779054546	0.4777308673181903	0.4755495713980405	0.33371215487063777	0.19597197144667167	-0.9593345376184695	0.3192603629804697	0.41625659467392745	0.48592408975123413	0.20753538494037327	0.4090205878097195	0.20318766890782636	0.2170452931445026	0.10322672773358244	0.24629094693364562	-1.1085126083328203	0.018943550112525576	0.31872962619188944	0.20753538494037327	0.8589543261635842
2.6198302149406443	0.34134735709673747	0.30350426382338874	0.3110706339126819	0.7273771696968684	-2.3683450042388356	0.9315137218590772	0.11836510812938061	0.3402369660103943	0.3499066244073614	0.34134735709673747	0.550976117746253	0.3907728857785296	0.3051117436456236	0.18887884293555746	-0.8570806184221952	0.26290111178200415	0.42130177198848884	0.3963746135973305	0.19767972131385975	0.30350426382338874	0.3907728857785296	0.4710805503127387	0.29087464027024645	0.2031602196195868	-0.823767482470073	0.2753189429551827	0.37017945443613315	0.4046415110853404	0.236447002211696	0.3110706339126819	0.3051117436456236	0.29087464027024645	1.3527647742422815	0.3652446999478223	-0.6002414028265812	0.1551226974529309	-0.024778385089963106	0.2900113351108326	0.12177271929288641	0.7273771696968684	0.18887884293555746	0.2031602196195868	0.3652446999478223	1.6235366571444205	-0.23609597814808106	-0.07850289092500239	0.25282120701767397	0.20708748159927567	0.21645550128874794	-2.3683450042388356	-0.8570806184221952	-0.823767482470073	-0.6002414028265812	-0.23609597814808106	4.100602024915062	-0.8203373777218284	-0.2611403153143368	-0.8133990047006796	-0.92950136903969	0.9315137218590772	0.26290111178200415	0.2753189429551827	0.1551226974529309	-0.07850289092500239	-0.8203373777218284	0.6740363488561181	0.28542715769874244	0.2701860888585307	0.06873408166109862	0.11836510812938061	0.42130177198848884	0.37017945443613315	-0.024778385089963106	0.25282120701767397	-0.2611403153143368	0.28542715769874244	1.2379576319672345	0.3744900904745315	0.3135308234554233	0.3402369660103943	0.3963746135973305	0.4046415110853404	0.2900113351108326	0.20708748159927567	-0.8133990047006796	0.2701860888585307	0.3744900904745315	0.41596858808657816	0.22403580141553175	0.3499066244073614	0.19767972131385975	0.236447002211696	0.12177271929288641	0.21645550128874794	-0.92950136903969	0.06873408166109862	0.3135308234554233	0.22403580141553175	0.6896703564542731
0.11024680094434865	0.04315140425518865	-0.005700794715097221	0.05282928787830532	0.05677513200742493	0.03570002211133288	0.09067133893280645	0.056645410317237646	0.02204191580822445	0.04298001765230656	0.04315140425518865	0.10830118498888744	0.0113205676394242	0.05888888307205848	0.05712024189641569	0.037932578221286824	0.06289286260427428	0.05855243139956728	0.024853401727103805	0.04292999855213348	-0.005700794715097221	0.0113205676394242	0.25570890687873604	0.025538700857142386	0.025341330402214503	-0.00024726404324157403	0.13520899541618833	0.023655548501873163	-0.011198278938172775	0.016841594755005324	0.05282928787830532	0.05888888307205848	0.025538700857142386	0.27764571212043004	0.06810925372436735	0.049488857155447374	0.08038217614321919	0.06675363278090529	0.03719798957499722	0.05453939169179084	0.05677513200742493	0.05712024189641569	0.025341330402214503	0.06810925372436735	0.08726026833348646	0.051804069377558375	0.07266746448204582	0.07116699845035213	0.038857662473863325	0.056946682147399376	0.03570002211133288	0.037932578221286824	-0.00024726404324157403	0.049488857155447374	0.051804069377558375	0.09908960568350823	0.06724650350222118	0.05233840167381694	0.01851756559629439	0.037973264121178955	0.09067133893280645	0.06289286260427428	0.13520899541618833	0.08038217614321919	0.07266746448204582	0.06724650350222118	0.18940010871964255	0.0792701944044707	0.05953119301460647	0.061425194641102056	0.056645410317237646	0.05855243139956728	0.023655548501873163	0.06675363278090529	0.07116699845035213	0.05233840167381694	0.0792701944044707	0.08904426969789321	0.03901943754129106	0.05777506865002916	0.02204191580822445	0.024853401727103805	-0.011198278938172775	0.03719798957499722	0.038857662473863325	0.01851756559629439	0.05953119301460647	0.03901943754129106	0.12831713978686074	0.024477936982236093	0.04298001765230656	0.04292999855213348	0.016841594755005324	0.05453939169179084	0.056946682147399376	0.037973264121178955	0.061425194641102056	0.05777506865002916	0.024477936982236093	0.08824275031508179
0.07802767088492013	0.001141551227337223	0.033553602791594	0.04467442987973278	0.06600737828435138	0.01819755431493657	0.07567373803281902	0.056863388709759544	0.03405947212294102	0.051094399073749595	0.001141551227337223	0.25921942884790633	-0.003112924760900507	0.041525330510019304	0.01711065853382119	-0.024188869510079324	0.019002781639082776	0.021599226834158502	-0.008544469367220822	0.0059447091837367665	0.033553602791594	-0.003112924760900507	0.09945508589480268	0.04144028736968289	0.062218402983852325	0.01109186342697173	0.07616179233862229	0.05113417311280894	0.02835804787778076	0.046169440587759715	0.04467442987973278	0.041525330510019304	0.04144028736968289	0.44921349259512716	0.06896484537636076	0.02517540408959373	0.07201535162994356	0.05278989641887195	0.038757916541244844	0.05277751547755142	0.06600737828435138	0.01711065853382119	0.062218402983852325	0.06896484537636076	0.13989257113342188	0.04435353388642217	0.07510727088590899	0.07721337930764013	0.05665785808627971	0.06983874876346613	0.01819755431493657	-0.024188869510079324	0.01109186342697173	0.02517540408959373	0.04435353388642217	0.10737242096669636	0.05386368082457046	0.03522758046106752	0.011544956584974203	0.028810506881604084	0.07567373803281902	0.019002781639082776	0.07616179233862229	0.07201535162994356	0.07510727088590899	0.05386368082457046	0.13007840747633792	0.08237893845566976	0.06290836069180901	0.07304868645845568	0.056863388709759544	0.021599226834158502	0.05113417311280894	0.05278989641887195	0.07721337930764013	0.03522758046106752	0.08237893845566976	0.11640460707521334	0.049119674875972984	0.06485982965713256	0.03405947212294102	-0.008544469367220822	0.02835804787778076	0.038757916541244844	0.05665785808627971	0.011544956584974203	0.06290836069180901	0.049119674875972984	0.09443092985209077	0.04272073659341582	0.051094399073749595	0.0059447091837367665	0.046169440587759715	0.05277751547755142	0.06983874876346613	0.028810506881604084	0.07304868645845568	0.06485982965713256	0.04272073659341582	0.07052927210891925
0.2819085759159078	0.06579207909775261	0.0935337563494792	0.0884429737745155	0.2288983880288784	-0.22140779952298192	0.11473533848699503	0.10730461981311917	0.0970724981176255	0.09546078944283518	0.06579207909775261	0.29193793489321657	0.08237509420109707	0.10739554362793637	0.08133474723489906	-0.14756118535662816	0.07802947162149937	0.13110127959036622	0.0806376379987509	0.07364932538069595	0.0935337563494792	0.08237509420109707	0.142288199523842	0.10613315629569345	0.13268007971612403	-0.10210063241949154	0.11841027770637322	0.14107263405670706	0.11923816186267512	0.1142876351648008	0.0884429737745155	0.10739554362793637	0.10613315629569345	0.6824398610736785	0.1596195062060099	-0.07024291900645711	0.101463885150616	0.08528944731120737	0.10409509246629232	0.09863497683967423	0.2288983880288784	0.08133474723489906	0.13268007971612403	0.1596195062060099	0.5775749954991378	0.0854572700170601	0.09508048790518697	0.16603059875327147	0.12663333315104353	0.11902882336841762	-0.22140779952298192	-0.14756118535662816	-0.10210063241949154	-0.07024291900645711	0.0854572700170601	0.5639340747752694	-0.0785445928314589	-0.06333839457201859	-0.09834461163003747	-0.09999451827169539	0.11473533848699503	0.07802947162149937	0.11841027770637322	0.101463885150616	0.09508048790518697	-0.0785445928314589	0.14701066556002398	0.14169642260368948	0.11601722763592082	0.1098270504609742	0.10730461981311917	0.13110127959036622	0.14107263405670706	0.08528944731120737	0.16603059875327147	-0.06333839457201859	0.14169642260368948	0.36757080684925714	0.14055844395485048	0.1369953176930134	0.0970724981176255	0.0806376379987509	0.11923816186267512	0.10409509246629232	0.12663333315104353	-0.09834461163003747	0.11601722763592082	0.14055844395485048	0.13021941087825364	0.11255011945473647	0.09546078944283518	0.07364932538069595	0.1142876351648008	0.09863497683967423	0.11902882336841762	-0.09999451827169539	0.1098270504609742	0.1369953176930134	0.11255011945473647	0.13782606018422514
2.9298116366247697	0.40403572202382365	0.3794231695219203	0.3469468361696699	0.7470022773450927	-2.726854740928865	1.0753930960493676	0.15884189426990059	0.40149855874957424	0.41750054833579164	0.40403572202382365	0.525108160446529	0.4740883542807522	0.33545487865070905	0.19915615166061756	-1.0004632488938836	0.3192850762721043	0.4326174160811933	0.47867102908284187	0.21762806048372074	0.3794231695219203	0.4740883542807522	0.5193385435475363	0.32910981423050184	0.20189913195675296	-0.9944535990389943	0.3230818985599416	0.41587745861537273	0.47658993392954707	0.23633163163024573	0.3469468361696699	0.33545487865070905	0.32910981423050184	1.4815024042587581	0.4100073789561216	-0.6705656899072915	0.17154065785057138	-0.023812229994815803	0.32910263884713814	0.1109393526184943	0.7470022773450927	0.19915615166061756	0.20189913195675296	0.4100073789561216	1.799360718884167	-0.23278108034425443	-0.14206123478550603	0.24821705083350135	0.20480813897856212	0.24436925961942957	-2.726854740928865	-1.0004632488938836	-0.9944535990389943	-0.6705656899072915	-0.23278108034425443	4.793964937022041	-0.9837248928662659	-0.38091426580404186	-0.9874668654258101	-1.1255228084424567	1.0753930960493676	0.3192850762721043	0.3230818985599416	0.17154065785057138	-0.14206123478550603	-0.9837248928662659	0.7890000785149109	0.31126519618978454	0.3197937176311567	0.036579659992025726	0.15884189426990059	0.4326174160811933	0.41587745861537273	-0.023812229994815803	0.24821705083350135	-0.38091426580404186	0.31126519618978454	1.2223287509588363	0.41891176089631915	0.32819837265831836	0.40149855874957424	0.47867102908284187	0.47658993392954707	0.32910263884713814	0.20480813897856212	-0.9874668654258101	0.3197937176311567	0.41891176089631915	0.487586532177545	0.22503809585210377	0.41750054833579164	0.21762806048372074	0.23633163163024573	0.1109393526184943	0.24436925961942957	-1.1255228084424567	0.036579659992025726	0.32819837265831836	0.22503809585210377	0.8407606733202978
2.9672486719135738	0.3661872376070011	0.347509811852487	0.3265825985096846	0.7314578032940373	-2.668143306000357	1.0955277848891596	0.1174617432617211	0.3640112394800126	0.38628850256973113	0.3661872376070011	0.5232955070699109	0.48015021535886154	0.33809990012376967	0.19124104864812125	-0.956907451006679	0.31656436058003684	0.428791994089599	0.4839774318886021	0.18621717095215307	0.347509811852487	0.48015021535886154	0.5149730962973141	0.3325145388695897	0.19370488701838737	-0.9523308215117567	0.31903932838913857	0.41393481457427517	0.4819546508294305	0.2027670429666839	0.3265825985096846	0.33809990012376967	0.3325145388695897	1.5161795712704476	0.4166118156312726	-0.6495056593232043	0.16453592823890112	-0.055427652400409255	0.3328784783428463	0.08074139275941167	0.7314578032940373	0.19124104864812125	0.19370488701838737	0.4166118156312726	1.862958420738519	-0.2006781384551706	-0.17730630048736756	0.2460528131341052	0.19616737887336022	0.2549357889652314	-2.668143306000357	-0.956907451006679	-0.9523308215117567	-0.6495056593232043	-0.2006781384551706	4.687761706086325	-0.9545095822729865	-0.3166070192019974	-0.9473229881598199	-1.096349204806852	1.0955277848891596	0.31656436058003684	0.31903932838913857	0.16453592823890112	-0.17730630048736756	-0.9545095822729865	0.8247936667387105	0.30563214208975265	0.31653026734632456	-0.00952534518541237	0.1174617432617211	0.428791994089599	0.41393481457427517	-0.055427652400409255	0.2460528131341052	-0.3166070192019974	0.30563214208975265	1.2809897455517638	0.41607972644580155	0.32544523431285316	0.3640112394800126	0.4839774318886021	0.4819546508294305	0.3328784783428463	0.19616737887336022	-0.9473229881598199	0.31653026734632456	0.41607972644580155	0.4926179581034954	0.1924721647961518	0.38628850256973113	0.18621717095215307	0.2027670429666839	0.08074139275941167	0.2549357889652314	-1.096349204806852	-0.00952534518541237	0.32544523431285316	0.1924721647961518	0.8973881896171781
2.931762231525072	0.35978364830801	0.3326954877286799	0.31984452591116763	0.7245469792002364	-2.6182251119167463	1.081690453676429	0.12011511766958582	0.35771400505225065	0.37624699418093077	0.35978364830801	0.5214980906721385	0.47693567727655184	0.33994791679142883	0.19128046501072887	-0.9381125799347609	0.3166866540990058	0.4276524888348074	0.48359970840163086	0.17404025918804822	0.3326954877286799	0.47693567727655184	0.5264875788338927	0.33376403552335404	0.19265080251819774	-0.9373302460264558	0.31954495987365283	0.4115910474574629	0.4786474041515135	0.19523104434470562	0.31984452591116763	0.33994791679142883	0.33376403552335404	1.4984015036106524	0.4125551430451021	-0.6371693014292734	0.16747130287153378	-0.04356650417643987	0.3348918757485063	0.07361990127986917	0.7245469792002364	0.19128046501072887	0.19265080251819774	0.4125551430451021	1.8565099507418166	-0.19726368728391383	-0.1785629923079508	0.246825145774546	0.19606176966599148	0.2549756956027918	-2.6182251119167463	-0.9381125799347609	-0.9373302460264558	-0.6371693014292734	-0.19726368728391383	4.611342359886007	-0.9337372097324383	-0.3173014043594793	-0.9288154758258924	-1.0880250490768253	1.081690453676429	0.3166866540990058	0.31954495987365283	0.16747130287153378	-0.1785629923079508	-0.9337372097324383	0.8235116604603181	0.30496203550005774	0.31662809839522577	-0.022243935140236926	0.12011511766958582	0.4276524888348074	0.4115910474574629	-0.04356650417643987	0.246825145774546	-0.3173014043594793	0.30496203550005774	1.2641483708256267	0.4156018037405072	0.3182054042358011	0.35771400505225065	0.48359970840163086	0.4786474041515135	0.3348918757485063	0.19606176966599148	-0.9288154758258924	0.31662809839522577	0.4156018037405072	0.49178200753442436	0.18025597922724113	0.37624699418093077	0.17404025918804822	0.19523104434470562	0.07361990127986917	0.2549756956027918	-1.0880250490768253	-0.022243935140236926	0.3182054042358011	0.18025597922724113	0.9143577442078599
2.985003732602193	0.4078009626901061	0.39154696382811544	0.3535127732195751	0.7857691658403665	-2.77984516445011	1.085205344243345	0.17367431193205674	0.4052252416568667	0.43932345444589815	0.4078009626901061	0.5110985703324287	0.4872092689980621	0.3494127749622636	0.1901447052904	-1.0047478725235528	0.3338456226609251	0.43120022061793145	0.4894577615147426	0.21151773524988182	0.39154696382811544	0.4872092689980621	0.5155214919214378	0.3461819977157419	0.19097509889532976	-1.0034390684496586	0.33548067731619785	0.42327898345605264	0.48697718752009045	0.22247507934321775	0.3535127732195751	0.3494127749622636	0.3461819977157419	1.3833385220193186	0.3958204965233004	-0.6851432976854082	0.1927165042171895	0.0376727576236367	0.3461258059889477	0.11474992054825467	0.7857691658403665	0.1901447052904	0.19097509889532976	0.3958204965233004	1.8657118242849753	-0.2225841026641283	-0.1519458164827328	0.24233183267961933	0.19305787292570606	0.24896054937129086	-2.77984516445011	-1.0047478725235528	-1.0034390684496586	-0.6851432976854082	-0.2225841026641283	4.858959373341438	-1.011720810309725	-0.4205349895728754	-0.9998429616954283	-1.1548932948607384	1.085205344243345	0.3338456226609251	0.33548067731619785	0.1927165042171895	-0.1519458164827328	-1.011720810309725	0.8020505187894849	0.31454085547325594	0.3330086418846635	0.027686837407959852	0.17367431193205674	0.43120022061793145	0.42327898345605264	0.0376727576236367	0.24233183267961933	-0.4205349895728754	0.31454085547325594	1.1538963981693247	0.4244324046961624	0.31494438544236475	0.4052252416568667	0.4894577615147426	0.48697718752009045	0.3461258059889477	0.19305787292570606	-0.9998429616954283	0.3330086418846635	0.4244324046961624	0.49770764441749016	0.21359567277362534	0.43932345444589815	0.21151773524988182	0.22247507934321775	0.11474992054825467	0.24896054937129086	-1.1548932948607384	0.027686837407959852	0.31494438544236475	0.21359567277362534	0.871772848479866
3.0355392522637343	0.40782153960853557	0.3962804184310095	0.3519502939434382	0.7809939258798534	-2.814081270773981	1.1125196585145922	0.17174629633410032	0.40496979043960946	0.4409046430153192	0.40782153960853557	0.520210786154057	0.4993920472776649	0.3517697785834675	0.18515014072862912	-1.0269420378819192	0.3389179635167294	0.43770111666874123	0.5002645921280497	0.21312116041981488	0.3962804184310095	0.4993920472776649	0.519697007845657	0.34888567139036053	0.1862145240652788	-1.0247471557585854	0.3401544302412786	0.4310295063038794	0.4986432852930537	0.22182071077500753	0.3519502939434382	0.3517697785834675	0.34888567139036053	1.420367095906026	0.40759935784949625	-0.6878869238114713	0.18806235496543688	0.02774530360553673	0.34850988863188	0.11195558813883844	0.7809939258798534	0.18515014072862912	0.1862145240652788	0.40759935784949625	1.9248471132470577	-0.20191083894294762	-0.17858177971515474	0.23822288957933813	0.1879880967099376	0.25647956181423665	-2.814081270773981	-1.0269420378819192	-1.0247471557585854	-0.6878869238114713	-0.20191083894294762	4.945594666264125	-1.034449311881453	-0.432794089048691	-1.0230857495382142	-1.1739046075519535	1.1125196585145922	0.3389179635167294	0.3401544302412786	0.18806235496543688	-0.17858177971515474	-1.034449311881453	0.8289475274141413	0.317567098405797	0.3377066226219787	0.018930114862739433	0.17174629633410032	0.43770111666874123	0.4310295063038794	0.02774530360553673	0.23822288957933813	-0.432794089048691	0.317567098405797	1.1661075343679164	0.4311137618369693	0.31864718395351466	0.40496979043960946	0.5002645921280497	0.4986432852930537	0.34850988863188	0.1879880967099376	-1.0230857495382142	0.3377066226219787	0.4311137618369693	0.5095768793027524	0.21446524841070802	0.4409046430153192	0.21312116041981488	0.22182071077500753	0.11195558813883844	0.25647956181423665	-1.1739046075519535	0.018930114862739433	0.31864718395351466	0.21446524841070802	0.8914541278214492
3.025581402138541	0.3931463024897447	0.3810600301293902	0.34153913921115	0.7714400875713342	-2.7709138621725478	1.1110852534984386	0.16148975527368492	0.3903787871560395	0.4277729075784884	0.3931463024897447	0.5212332695683654	0.5009734394010775	0.35343327673438696	0.18255568656057372	-1.0056173001214102	0.3389055836977233	0.4372795039880881	0.502239327539236	0.1965072582591233	0.3810600301293902	0.5009734394010775	0.522281448119247	0.35047041164541415	0.18345431614103613	-1.0042261680815636	0.34000168487496946	0.43058760718126293	0.5001325914365348	0.20582666178014353	0.34153913921115	0.35343327673438696	0.35047041164541415	1.427061248588835	0.40828694073999683	-0.6730845026861241	0.18722541373348633	0.0242733277677053	0.3502926909988233	0.0983998902976666	0.7714400875713342	0.18255568656057372	0.18345431614103613	0.40828694073999683	1.9391079168908139	-0.19158036196558287	-0.19030051439960505	0.23747091548032995	0.18530613242962538	0.26095582874937506	-2.7709138621725478	-1.0056173001214102	-1.0042261680815636	-0.6730845026861241	-0.19158036196558287	4.8752956030876184	-1.0146249007094825	-0.4168842052193211	-1.0022074499739495	-1.1622212852978278	1.1110852534984386	0.3389055836977233	0.34000168487496946	0.18722541373348633	-0.19030051439960505	-1.0146249007094825	0.839893374290332	0.3162118408735258	0.3376316293213112	-0.0029422689945469704	0.16148975527368492	0.4372795039880881	0.43058760718126293	0.0242733277677053	0.23747091548032995	-0.4168842052193211	0.3162118408735258	1.1723457354438165	0.4308900555399217	0.31264946996317083	0.3903787871560395	0.502239327539236	0.5001325914365348	0.3502926909988233	0.18530613242962538	-1.0022074499739495	0.3376316293213112	0.4308900555399217	0.5114591217863013	0.19775293675724348	0.4277729075784884	0.1965072582591233	0.20582666178014353	0.0983998902976666	0.26095582874937506	-1.1622212852978278	-0.0029422689945469704	0.31264946996317083	0.19775293675724348	0.9194607911007739
2.8050213593984568	0.37774731688912133	0.3625728147690343	0.3405632161282117	0.8005840185948837	-2.615478911236136	0.9831096338954834	0.14171983739102245	0.3753700061492444	0.4162400762612344	0.37774731688912133	0.46345525380268043	0.43674025400300526	0.31933863718464894	0.19970051275692918	-0.877885458558382	0.3063597352823104	0.4010693037639687	0.4379985617668686	0.19604967583764943	0.3625728147690343	0.43674025400300526	0.462288459341209	0.316404337428382	0.20104387501705512	-0.8744630637860662	0.30800663422143265	0.3925473334345489	0.4371064125509141	0.2060578783821591	0.3405632161282117	0.31933863718464894	0.316404337428382	1.3402982337687936	0.36622456350145216	-0.6262250252778793	0.18908973313347432	0.01333461690370552	0.31590475715509686	0.10557243341900635	0.8005840185948837	0.19970051275692918	0.20104387501705512	0.36622456350145216	1.6504386415041943	-0.28470255609329626	-0.059648901963334805	0.24843204187188592	0.202676835703571	0.22090375017469477	-2.615478911236136	-0.877885458558382	-0.8744630637860662	-0.6262250252778793	-0.28470255609329626	4.416940858324064	-0.9043089868424121	-0.31413595385245374	-0.8722795402241227	-1.0359128922146494	0.9831096338954834	0.3063597352823104	0.30800663422143265	0.18908973313347432	-0.059648901963334805	-0.9043089868424121	0.7029579356244395	0.29960231518367575	0.3060268059760547	0.050795865435404264	0.14171983739102245	0.4010693037639687	0.3925473334345489	0.01333461690370552	0.24843204187188592	-0.31413595385245374	0.29960231518367575	1.1700654533630588	0.39301607305056574	0.3052213323084404	0.3753700061492444	0.4379985617668686	0.4371064125509141	0.31590475715509686	0.202676835703571	-0.8722795402241227	0.3060268059760547	0.39301607305056574	0.4466952481136298	0.19878209660096274	0.4162400762612344	0.19604967583764943	0.2060578783821591	0.10557243341900635	0.22090375017469477	-1.0359128922146494	0.050795865435404264	0.3052213323084404	0.19878209660096274	0.7880446313340742
1.679226396661321	0.30496654175671467	0.2508020459906464	0.2764193286210432	0.6631824599728146	-1.5985765269970895	0.5565588415025563	0.21295446154173592	0.31309493211927153	0.29682115710388113	0.30496654175671467	0.6186647370838666	0.289285903813942	0.2733941388536412	0.12747641394538273	-0.7475425538868963	0.22182797202555932	0.37943223000677984	0.2944307154121827	0.1619024515674451	0.2508020459906464	0.289285903813942	0.44850768493761284	0.25302220770336986	0.17607474196387898	-0.6660057588721014	0.26029748489654103	0.31508200718962964	0.321790709477648	0.23219122917191923	0.2764193286210432	0.2733941388536412	0.25302220770336986	1.007607202569662	0.2835430016726668	-0.48114191773768566	0.1739607552301488	0.1167923910365265	0.2494330414474734	0.1494259991058803	0.6631824599728146	0.12747641394538273	0.17607474196387898	0.2835430016726668	1.4577930961106533	-0.08968743420895646	-0.02523667831450499	0.22615298165136105	0.17313331687518446	0.16192550974492498	-1.5985765269970895	-0.7475425538868963	-0.6660057588721014	-0.48114191773768566	-0.08968743420895646	3.050686135769061	-0.5873702000271248	-0.3554295214423475	-0.6366406627441307	-0.7065431974061958	0.5565588415025563	0.22182797202555932	0.26029748489654103	0.1739607552301488	-0.02523667831450499	-0.5873702000271248	0.45979109313591093	0.27126947040162774	0.2501772761560852	0.12614619728492427	0.21295446154173592	0.37943223000677984	0.31508200718962964	0.1167923910365265	0.22615298165136105	-0.3554295214423475	0.27126947040162774	0.8891448618122998	0.32195428242736845	0.26027809882246045	0.31309493211927153	0.2944307154121827	0.321790709477648	0.2494330414474734	0.17313331687518446	-0.6366406627441307	0.2501772761560852	0.32195428242736845	0.3331159882612943	0.21622647592064562	0.29682115710388113	0.1619024515674451	0.23219122917191923	0.1494259991058803	0.16192550974492498	-0.7065431974061958	0.12614619728492427	0.26027809882246045	0.21622647592064562	0.501077976129579
0.13521577419332553	0.09172224738171773	0.06889432129886192	0.09335180016052116	0.09991766919874212	0.013295397420782661	0.11247612603438152	0.09998952557326228	-0.03730903947528391	0.09360045823839071	0.09172224738171773	0.12601301754323674	0.07190170019518594	0.09740521130154245	0.10083124623716821	0.015310645650791484	0.08833186267066835	0.10167297347036043	-0.03557008544420434	0.0946740546760886	0.06889432129886192	0.07190170019518594	0.25241494022771765	0.07923332631032115	0.07981112640061976	-0.00881532539129487	0.1618988598657941	0.08000677206438615	-0.04687247123804954	0.07483230076344174	0.09335180016052116	0.09740521130154245	0.07923332631032115	0.37145930548977313	0.10399022988750084	0.024649541708418786	0.10244524238029049	0.10043125397641293	-0.02110375018947932	0.09648777505329373	0.09991766919874212	0.10083124623716821	0.07981112640061976	0.10399022988750084	0.14907534670853295	0.025679598527024963	0.08273699577811086	0.1092600268214426	-0.02358033584849637	0.10286937771099662	0.013295397420782661	0.015310645650791484	-0.00881532539129487	0.024649541708418786	0.025679598527024963	0.2630021212485321	0.0734885025832155	0.025519648858106373	-0.11930837632355427	0.01802991695672743	0.11247612603438152	0.08833186267066835	0.1618988598657941	0.10244524238029049	0.08273699577811086	0.0734885025832155	0.22331034360766758	0.10026901839212589	0.04793850765577552	0.08972278777619384	0.09998952557326228	0.10167297347036043	0.08000677206438615	0.10043125397641293	0.1092600268214426	0.025519648858106373	0.10026901839212589	0.13104957377076504	-0.026133408085873975	0.10323185420471569	-0.03730903947528391	-0.03557008544420434	-0.04687247123804954	-0.02110375018947932	-0.02358033584849637	-0.11930837632355427	0.04793850765577552	-0.026133408085873975	0.3881741255316666	-0.03374913216030943	0.09360045823839071	0.0946740546760886	0.07483230076344174	0.09648777505329373	0.10286937771099662	0.01802991695672743	0.08972278777619384	0.10323185420471569	-0.03374913216030943	0.11203862957604013
0.11469576158054698	0.042043549165689864	0.047782599301318944	0.06595333473076621	0.06910270865750914	0.03712414111302992	0.11301613911486201	0.07044632991017939	-0.00203981645167978	0.061333421676045934	0.042043549165689864	0.16992294772890879	0.0347513122323284	0.05728933666708863	0.05264326461007923	0.020791167228527092	0.06287099890047548	0.05645270202375129	-0.01785645176033135	0.04412581490461862	0.047782599301318944	0.0347513122323284	0.16950537749564826	0.06025880304582805	0.061444100824723735	0.0290488074123062	0.13114958934559381	0.06281796240455363	-0.00672049294609877	0.055041613034010235	0.06595333473076621	0.05728933666708863	0.06025880304582805	0.23132678279524393	0.07729336858250888	0.04768461215040393	0.09577903515512477	0.07722213828745411	0.010919879690303506	0.06943086204919378	0.06910270865750914	0.05264326461007923	0.061444100824723735	0.07729336858250888	0.09407962767416837	0.04967768631549432	0.08912723774898573	0.08166083422599137	0.011307016205957162	0.0723427311358755	0.03712414111302992	0.020791167228527092	0.0290488074123062	0.04768461215040393	0.04967768631549432	0.13289925750153705	0.08411387045697763	0.051400487325791375	-0.02194509800545811	0.04171570182753367	0.11301613911486201	0.06287099890047548	0.13114958934559381	0.09577903515512477	0.08912723774898573	0.08411387045697763	0.2095088663300706	0.09816607961078118	0.06577036831974219	0.08369640927143338	0.07044632991017939	0.05645270202375129	0.06281796240455363	0.07722213828745411	0.08166083422599137	0.051400487325791375	0.09816607961078118	0.10690667533905418	0.012469609882735388	0.07408430961389363	-0.00203981645167978	-0.01785645176033135	-0.00672049294609877	0.010919879690303506	0.011307016205957162	-0.02194509800545811	0.06577036831974219	0.012469609882735388	0.21909035266052684	0.0023961042920815955	0.061333421676045934	0.04412581490461862	0.055041613034010235	0.06943086204919378	0.0723427311358755	0.04171570182753367	0.08369640927143338	0.07408430961389363	0.0023961042920815955	0.09087985297810204
0.16151462830411492	0.06713695324881253	-0.06864217112549728	0.07539744061421012	0.07846216641891644	0.03042870684454365	0.09164881468232525	0.08220057897147713	0.042515848395323276	0.04900058848322578	0.06713695324881253	0.13205157542316004	-0.05362745786591506	0.08227890613382971	0.08298564469807816	0.03557181613041886	0.042269156120506426	0.08824215631950677	0.047221563547700164	0.05208059128810404	-0.06864217112549728	-0.05362745786591506	0.8621243016336873	-0.032363168463046973	-0.04394467261810993	-0.095965081975803	0.4004575315824689	-0.03846969764229921	-0.06463572329853036	-0.03369940808575722	0.07539744061421012	0.08227890613382971	-0.032363168463046973	0.21172933230756433	0.09139848018769914	0.046486666910849454	0.06152638366287815	0.09325937203026258	0.05728802708822153	0.06260811920471061	0.07846216641891644	0.08298564469807816	-0.04394467261810993	0.09139848018769914	0.1029577437993442	0.04813117217492884	0.0513555327742279	0.09828700823287881	0.05907900920080146	0.06492142659772698	0.03042870684454365	0.03557181613041886	-0.095965081975803	0.046486666910849454	0.04813117217492884	0.18277021142223338	0.04164275049690376	0.052842815818461536	0.011519432878049365	0.017828387066167975	0.09164881468232525	0.042269156120506426	0.4004575315824689	0.06152638366287815	0.0513555327742279	0.04164275049690376	0.3352005480651173	0.06356319298088042	0.047467379531487844	0.030995918524451275	0.08220057897147713	0.08824215631950677	-0.03846969764229921	0.09325937203026258	0.09828700823287881	0.052842815818461536	0.06356319298088042	0.14067354060154175	0.06306590959086722	0.069578839444879	0.042515848395323276	0.047221563547700164	-0.06463572329853036	0.05728802708822153	0.05907900920080146	0.011519432878049365	0.047467379531487844	0.06306590959086722	0.1616340523563044	0.028760558507721464	0.04900058848322578	0.05208059128810404	-0.03369940808575722	0.06260811920471061	0.06492142659772698	0.017828387066167975	0.030995918524451275	0.069578839444879	0.028760558507721464	0.130155932016664
0.38691867627788845	0.1913910555348423	-0.09112751935975158	0.1935305788389849	0.19789048573304713	0.13098369834227838	0.14213430888156448	0.20228997164724238	-0.2597069596641951	0.11458947190500952	0.1913910555348423	0.26593051733235396	-0.060129514251418784	0.22545443563479414	0.2293983965783954	0.16455831492561293	0.03836417778696086	0.23523017389914308	-0.23544076991922994	0.1411177799921816	-0.09112751935975158	-0.060129514251418784	1.1978825520005656	-0.046032114419158485	-0.05386158619813249	-0.12064456369815559	0.5251067905425647	-0.040602436366114526	-0.2035996452328319	0.008717410018573183	0.1935305788389849	0.22545443563479414	-0.046032114419158485	0.28535721622611	0.2314626885201379	0.16866769697493153	0.05057048122303753	0.23396135319659864	-0.2206447924513112	0.14715657342566932	0.19789048573304713	0.2293983965783954	-0.05386158619813249	0.2314626885201379	0.24357895152959222	0.1723991935784133	0.0434198936773197	0.2401938835205584	-0.22507003866668218	0.15063636537624892	0.13098369834227838	0.16455831492561293	-0.12064456369815559	0.16866769697493153	0.1723991935784133	0.3721562798695002	0.032351829323655476	0.1791170005218826	-0.301940438528503	0.08477059135252459	0.14213430888156448	0.03836417778696086	0.5251067905425647	0.05057048122303753	0.0434198936773197	0.032351829323655476	0.4307344113710265	0.06389109502708767	0.020638583128013057	-0.005970712677416186	0.20228997164724238	0.23523017389914308	-0.040602436366114526	0.23396135319659864	0.2401938835205584	0.1791170005218826	0.06389109502708767	0.3134398212710043	-0.21326778178624556	0.15957074795970566	-0.2597069596641951	-0.23544076991922994	-0.2035996452328319	-0.2206447924513112	-0.22507003866668218	-0.301940438528503	0.020638583128013057	-0.21326778178624556	1.1021938894323728	-0.3210105353129355	0.11458947190500952	0.1411177799921816	0.008717410018573183	0.14715657342566932	0.15063636537624892	0.08477059135252459	-0.005970712677416186	0.15957074795970566	-0.3210105353129355	0.3380926572112444
0.14498991898929464	0.07075679177436166	0.0037526574109516	0.07867448589930282	0.0812903674939563	0.039948180033863884	0.10469455755258822	0.08313027925131619	-0.01610654913678684	0.06775696916482846	0.07075679177436166	0.12726030198204144	0.016307572355428217	0.08299866427302717	0.08335615752520677	0.043199851397903305	0.06755216130101349	0.08626214724792394	-0.012244908224622594	0.06925058600355963	0.0037526574109516	0.016307572355428217	0.44529984284951696	0.0293335091312237	0.026314602654560166	-0.02002324319102973	0.2285031881437603	0.02798124694398945	-0.05792554133983345	0.022254751175162263	0.07867448589930282	0.08299866427302717	0.0293335091312237	0.20346953526638203	0.09164233265677088	0.053251214576472077	0.08267520670098341	0.09250328125661736	1.0745107676575494e-6	0.07823325283560058	0.0812903674939563	0.08335615752520677	0.026314602654560166	0.09164233265677088	0.1054453761308328	0.05468499353839374	0.07535536451222198	0.0960261342861573	-0.00032447536694990564	0.0804395000064766	0.039948180033863884	0.043199851397903305	-0.02002324319102973	0.053251214576472077	0.05468499353839374	0.16814299549233647	0.06578645127581728	0.057036754792509956	-0.043771189718527094	0.04075909326782144	0.10469455755258822	0.06755216130101349	0.2285031881437603	0.08267520670098341	0.07535536451222198	0.06578645127581728	0.249472029225175	0.08398420850550745	0.04555740177737308	0.06418441138705026	0.08313027925131619	0.08626214724792394	0.02798124694398945	0.09250328125661736	0.0960261342861573	0.057036754792509956	0.08398420850550745	0.12146923157113933	0.0014329794702705925	0.08273698717511642	-0.01610654913678684	-0.012244908224622594	-0.05792554133983345	1.0745107676575494e-6	-0.00032447536694990564	-0.043771189718527094	0.04555740177737308	0.0014329794702705925	0.28525001583380105	-0.01564634187163457	0.06775696916482846	0.06925058600355963	0.022254751175162263	0.07823325283560058	0.0804395000064766	0.04075909326782144	0.06418441138705026	0.08273698717511642	-0.01564634187163457	0.11307040866758168
0.143360248553033	0.11282397445888157	0.06077301488555827	0.11614561746102695	0.12370440753410947	0.07948727978738208	0.10595359729062778	0.12535919967617207	-0.12065699501965921	0.11809082006273307	0.11282397445888157	0.16059537086678294	0.060775347911694984	0.11421551250813025	0.11662969597280892	0.07310973417844457	0.08866058271444162	0.11959317008322845	-0.12463429353428304	0.1112161855475695	0.06077301488555827	0.060775347911694984	0.40476231545759583	0.07179280365685982	0.07410072439743956	0.013891713453847418	0.20358951940608683	0.07141330175076781	-0.1783662740548977	0.06813183585495258	0.11614561746102695	0.11421551250813025	0.07179280365685982	0.36249906350362665	0.12191903150045674	0.08004248037255303	0.10435791968099288	0.11993976323399728	-0.10200661417695513	0.11524833752892129	0.12370440753410947	0.11662969597280892	0.07410072439743956	0.12191903150045674	0.16360743917557374	0.08568921269536578	0.0906833539086626	0.12948200975496477	-0.10426063004703688	0.12211645025933654	0.07948727978738208	0.07310973417844457	0.013891713453847418	0.08004248037255303	0.08568921269536578	0.21515432416000663	0.08112322592205364	0.08699181297435002	-0.1701509687669942	0.07913841890507058	0.10595359729062778	0.08866058271444162	0.20358951940608683	0.10435791968099288	0.0906833539086626	0.08112322592205364	0.21833492204347493	0.10467245693134941	-0.01309321720297725	0.09438517697498228	0.12535919967617207	0.11959317008322845	0.07141330175076781	0.11993976323399728	0.12948200975496477	0.08699181297435002	0.10467245693134941	0.15608629413284597	-0.11017513097144077	0.12420560093634152	-0.12065699501965921	-0.12463429353428304	-0.1783662740548977	-0.10200661417695513	-0.10426063004703688	-0.1701509687669942	-0.01309321720297725	-0.11017513097144077	0.6095273302671407	-0.11892540819124754	0.11809082006273307	0.1112161855475695	0.06813183585495258	0.11524833752892129	0.12211645025933654	0.07913841890507058	0.09438517697498228	0.12420560093634152	-0.11892540819124754	0.13333739403416117
0.07387212653299996	0.040465297642742336	0.027395149321996947	0.0492719593586906	0.057335096473793	0.02799406778261258	0.07302077244256813	0.05366471247897003	0.008253328164129959	0.04542657243086761	0.040465297642742336	0.09933297705748188	0.03054734173001101	0.05148792644283533	0.05303842654467934	0.027007106415404564	0.060678351354931374	0.05235109196958977	0.008325453183807844	0.0420892205868184	0.027395149321996947	0.03054734173001101	0.10506088614598232	0.040137402584188415	0.04874744241568873	0.015574350433070774	0.07466503191457481	0.04303658072168236	-0.003943137660297604	0.03651308558881744	0.0492719593586906	0.05148792644283533	0.040137402584188415	0.2638703876891029	0.06415534809775784	0.03751643597877623	0.07378091833852919	0.05885833840580761	0.019679018762379805	0.05235461232593413	0.057335096473793	0.05303842654467934	0.04874744241568873	0.06415534809775784	0.1018194579469667	0.044203533160567285	0.07085343704824708	0.06722314722078893	0.026502748798263157	0.05800490144065634	0.02799406778261258	0.027007106415404564	0.015574350433070774	0.03751643597877623	0.044203533160567285	0.08983488935989498	0.058095086494278705	0.041053210907304696	-0.004416715577316957	0.03232279320429741	0.07302077244256813	0.060678351354931374	0.07466503191457481	0.07378091833852919	0.07085343704824708	0.058095086494278705	0.12935646172156112	0.0765766223983733	0.04356438331461239	0.06490965893970291	0.05366471247897003	0.05235109196958977	0.04303658072168236	0.05885833840580761	0.06722314722078893	0.041053210907304696	0.0765766223983733	0.0897409252019612	0.021974925495209074	0.056463694741752085	0.008253328164129959	0.008325453183807844	-0.003943137660297604	0.019679018762379805	0.026502748798263157	-0.004416715577316957	0.04356438331461239	0.021974925495209074	0.12668934075173993	0.013340557675843013	0.04542657243086761	0.0420892205868184	0.03651308558881744	0.05235461232593413	0.05800490144065634	0.03232279320429741	0.06490965893970291	0.056463694741752085	0.013340557675843013	0.07307827622801877
