0.6542138848389423	-0.08440527260744583	-0.019849370983493493	-0.17752964976642047	-0.05513855350242254	-0.05119135576360564	-0.00556093598339317	-0.08440527260744583	0.32692628085443387	0.1796285460955573	0.020116195339620925	0.10806354876135899	0.1338379400084638	0.190813778997701	-0.019849370983493493	0.1796285460955573	0.4175910748992029	0.2556695971289906	0.2881180782038522	0.3208156130578873	0.4008579528585308	-0.17752964976642047	0.020116195339620925	0.2556695971289906	1.2666561740381728	0.3720693724210493	0.34986600873491314	0.2715548736802707	-0.05513855350242254	0.10806354876135899	0.2881180782038522	0.3720693724210493	0.5461787063743596	0.24289627396512922	0.29932409951385197	-0.05119135576360564	0.1338379400084638	0.3208156130578873	0.34986600873491314	0.24289627396512922	0.5602495863008707	0.327057125820433	-0.00556093598339317	0.190813778997701	0.4008579528585308	0.2715548736802707	0.29932409951385197	0.327057125820433	0.4167688143087842
0.5571182860523067	-0.04931044199455565	-0.01971190813356718	-0.09094421678665282	-0.02725071485305902	-0.013548831579994928	0.0007766555756231804	-0.04931044199455565	0.2579606647248358	0.18820991001075346	0.1306946414797987	0.16345182181219908	0.1921058624396368	0.20452341451838638	-0.01971190813356718	0.18820991001075346	0.28632296406241814	0.22027873179445706	0.23702346865127022	0.27113821553586626	0.2830082119085697	-0.09094421678665282	0.1306946414797987	0.22027873179445706	0.76942934295734	0.24460264835287837	0.22899949200303912	0.241821788840838	-0.02725071485305902	0.16345182181219908	0.23702346865127022	0.24460264835287837	0.35720701157179313	0.2406474675832076	0.2525480454299299	-0.013548831579994928	0.1921058624396368	0.27113821553586626	0.22899949200303912	0.2406474675832076	0.28512366931845523	0.285839127613238	0.0007766555756231804	0.20452341451838638	0.2830082119085697	0.241821788840838	0.2525480454299299	0.285839127613238	0.32161366890872056
0.5529663875130015	-0.051404092393061374	-0.001431839980633575	-0.09403298809405469	-0.020026188322900117	0.0023155148914524634	0.014029623359020797	-0.051404092393061374	0.27196683967510477	0.17314573631541205	0.09054697443545232	0.13543738515650366	0.1751487157712034	0.18584564310840232	-0.001431839980633575	0.17314573631541205	0.30816015276969094	0.23023430761407623	0.24501124654846726	0.2949219263228392	0.30523154090823446	-0.09403298809405469	0.09054697443545232	0.23023430761407623	0.9106821072650094	0.27262319305213095	0.2387900537471329	0.24771193049366444	-0.020026188322900117	0.13543738515650366	0.24501124654846726	0.27262319305213095	0.4055587457614115	0.24669727734791563	0.25696669536504957	0.0023155148914524634	0.1751487157712034	0.2949219263228392	0.2387900537471329	0.24669727734791563	0.3105639824930551	0.3058487337935941	0.014029623359020797	0.18584564310840232	0.30523154090823446	0.24771193049366444	0.25696669536504957	0.3058487337935941	0.3347217725987102
0.5003820157042178	-0.03196072675980311	0.061654127202816496	-0.06719677116999197	0.01942648313424742	0.057320512078789146	0.07312154423636259	-0.03196072675980311	0.28987353211765576	0.13897852142800773	0.004431688207049271	0.08365934331313633	0.1339984034248219	0.1493755433673011	0.061654127202816496	0.13897852142800773	0.32819942035475164	0.22110772641271761	0.24406282658482015	0.3106455279354578	0.32799897325704747	-0.06719677116999197	0.004431688207049271	0.22110772641271761	1.1519998750953835	0.3115484533445317	0.23859186585446912	0.23647787353075278	0.01942648313424742	0.08365934331313633	0.24406282658482015	0.3115484533445317	0.4606033966289014	0.2387706444209281	0.2537942414205008	0.057320512078789146	0.1339984034248219	0.3106455279354578	0.23859186585446912	0.2387706444209281	0.35047737897612485	0.318813961275759	0.07312154423636259	0.1493755433673011	0.32799897325704747	0.23647787353075278	0.2537942414205008	0.318813961275759	0.35297524882460424
0.4018915304196534	-0.016995133507173604	0.20098011206416277	0.12890546216747972	0.17291025750457295	0.20332487736649013	0.24082785090015243	-0.016995133507173604	0.3457757055202826	0.04047706332562496	-0.07901198207859916	0.02101450155924104	0.04368743416397341	0.08761354150537905	0.20098011206416277	0.04047706332562496	0.347374797677682	0.2803478586675181	0.2953736277352454	0.3352564090887368	0.36795772264340815	0.12890546216747972	-0.07901198207859916	0.2803478586675181	1.1507408726251689	0.32827559231587555	0.2884190248640842	0.33854375234064354	0.17291025750457295	0.02101450155924104	0.2953736277352454	0.32827559231587555	0.4173522602873732	0.29734497283333183	0.33137736383804645	0.20332487736649013	0.04368743416397341	0.3352564090887368	0.2884190248640842	0.29734497283333183	0.3460559056685956	0.36855841339655554	0.24082785090015243	0.08761354150537905	0.36795772264340815	0.33854375234064354	0.33137736383804645	0.36855841339655554	0.48316169549630056
0.29377090087016444	0.01648177951739377	0.21799307714292868	0.1614409239776036	0.216757697289397	0.22066851690439265	0.23955369142632119	0.01648177951739377	0.29507261338688223	0.034733983273610845	-0.07343612606089313	0.03587244019707943	0.03892285393795956	0.06041249804462746	0.21799307714292868	0.034733983273610845	0.27509171810230065	0.2066390393804241	0.255911088015356	0.26038870658072444	0.27882761345945595	0.1614409239776036	-0.07343612606089313	0.2066390393804241	1.0240104910351107	0.2231490324772248	0.21778466548337982	0.2401194996095547	0.216757697289397	0.03587244019707943	0.255911088015356	0.2231490324772248	0.28385286001583293	0.2582962882553776	0.2765839788650721	0.22066851690439265	0.03892285393795956	0.26038870658072444	0.21778466548337982	0.2582962882553776	0.27611624981558547	0.2805861712642922	0.23955369142632119	0.06041249804462746	0.27882761345945595	0.2401194996095547	0.2765839788650721	0.2805861712642922	0.33731354340426584
0.5589372434336217	-0.029875756601941125	0.05238450995861078	-0.050385475621164195	0.04108440204331995	0.053582294682984075	0.1147835318037636	-0.029875756601941125	0.311556912972789	0.15037679071321267	0.04921694311521934	0.13276413687339558	0.15090184855205138	0.2069043441382015	0.05238450995861078	0.15037679071321267	0.3434582102992901	0.2788102475475155	0.3085256814278504	0.33327585585384767	0.3795070142257834	-0.050385475621164195	0.04921694311521934	0.2788102475475155	1.2335831628551936	0.3163894462078104	0.28645994513941586	0.3600836132834788	0.04108440204331995	0.13276413687339558	0.3085256814278504	0.3163894462078104	0.38801898023759457	0.3082647403010844	0.3558760526466561	0.053582294682984075	0.15090184855205138	0.33327585585384767	0.28645994513941586	0.3082647403010844	0.34588547238108386	0.377826390095037	0.1147835318037636	0.2069043441382015	0.3795070142257834	0.3600836132834788	0.3558760526466561	0.377826390095037	0.5396338932471666
0.4264811155476684	-0.017194342346260258	0.1406093843029654	0.055619176412829596	0.13333966183112966	0.14029580238456524	0.17297700637618954	-0.017194342346260258	0.3134262518423334	0.07612459316789595	-0.04123373168970074	0.06939669121067742	0.07649542233743419	0.11066078108605532	0.1406093843029654	0.07612459316789595	0.3249179634369481	0.2641918083019854	0.3037665333237132	0.3141570709695055	0.3423812809692962	0.055619176412829596	-0.04123373168970074	0.2641918083019854	1.1960483892664486	0.2858297884277273	0.27312288439383037	0.3105040791518346	0.13333966183112966	0.06939669121067742	0.3037665333237132	0.2858297884277273	0.3470848034821398	0.30230582361531133	0.33069053823723127	0.14029580238456524	0.07649542233743419	0.3141570709695055	0.27312288439383037	0.30230582361531133	0.33090742126694905	0.3400055955821786	0.17297700637618954	0.11066078108605532	0.3423812809692962	0.3105040791518346	0.33069053823723127	0.3400055955821786	0.43173611534183015
0.4820858165407125	-0.035145331911860436	0.13552432203606135	0.034939211117836884	0.10316825551266191	0.13632226147481358	0.17358520884084225	-0.035145331911860436	0.3426912587985045	0.07496439901569252	-0.0593317307678133	0.04411952994984465	0.07615725117308438	0.11545954159379675	0.13552432203606135	0.07496439901569252	0.37404157228400475	0.29964717961633547	0.31163500671301575	0.3636439516007986	0.3933713889548531	0.034939211117836884	-0.0593317307678133	0.29964717961633547	1.28151358307399	0.36459296378559003	0.30739979058828637	0.35309829076477967	0.10316825551266191	0.04411952994984465	0.31163500671301575	0.36459296378559003	0.45834207135863314	0.31174261753479804	0.34332436434335656	0.13632226147481358	0.07615725117308438	0.3636439516007986	0.30739979058828637	0.31174261753479804	0.3758264346250707	0.39196120638190324	0.17358520884084225	0.11545954159379675	0.3933713889548531	0.35309829076477967	0.34332436434335656	0.39196120638190324	0.49682015553887215
0.40427085468554896	0.02160279580452304	0.16927169135929068	0.10801476353681032	0.15569265438116353	0.17436512316222152	0.2413621426329282	0.02160279580452304	0.32024787047410064	0.09231305743800385	0.0033095546868020034	0.08105160026017783	0.0975553155607547	0.17065091720934503	0.16927169135929068	0.09231305743800385	0.3224686562470949	0.2563631551215795	0.27962161724185874	0.3053872371970221	0.363951281625494	0.10801476353681032	0.0033095546868020034	0.2563631551215795	1.0767142188156458	0.2941345464680158	0.2667911270206283	0.35759117713925115	0.15569265438116353	0.08105160026017783	0.27962161724185874	0.2941345464680158	0.3697597408127179	0.28393004454669124	0.343280822995332	0.17436512316222152	0.0975553155607547	0.3053872371970221	0.2667911270206283	0.28393004454669124	0.3166610175997315	0.36600804507374735	0.2413621426329282	0.17065091720934503	0.363951281625494	0.35759117713925115	0.343280822995332	0.36600804507374735	0.5675124376457047
0.5174525528129698	-0.04361516583095913	0.15078697926553924	0.04153623121503869	0.0876595899546117	0.150977215552336	0.1988658073832355	-0.04361516583095913	0.37405474233630065	0.06856619553533766	-0.07703418619532174	0.01155324610422332	0.06937017398988281	0.12115290122228213	0.15078697926553924	0.06856619553533766	0.4238468570905212	0.33376428451291584	0.3086090963526068	0.4133842772034505	0.4493765065285275	0.04153623121503869	-0.07703418619532174	0.33376428451291584	1.3122906794927398	0.4388511288630287	0.3407701939819173	0.3996843882128592	0.0876595899546117	0.01155324610422332	0.3086090963526068	0.4388511288630287	0.5802739750030823	0.3086184113266494	0.34994598396003035	0.150977215552336	0.06937017398988281	0.4133842772034505	0.3407701939819173	0.3086184113266494	0.4253671291587894	0.4469316510480803	0.1988658073832355	0.12115290122228213	0.4493765065285275	0.3996843882128592	0.34994598396003035	0.4469316510480803	0.5817836512932958
0.6059765174743976	-0.05818097247710108	0.10748832830992651	-0.014519234512154554	0.04006704178454367	0.1068490273792967	0.17539510227428237	-0.05818097247710108	0.39728172151930996	0.0923078050488861	-0.06047950575721686	0.01904121007662931	0.09196177952579077	0.1616663805225948	0.10748832830992651	0.0923078050488861	0.4815099575019354	0.38337844857409986	0.3339451805996961	0.4704497600630416	0.5157444611361032	-0.014519234512154554	-0.06047950575721686	0.38337844857409986	1.4242710772427367	0.5114885231887618	0.3904441998876736	0.4702786189498032	0.04006704178454367	0.01904121007662931	0.3339451805996961	0.5114885231887618	0.6606673213528296	0.33296710963865667	0.3885142428237565	0.1068490273792967	0.09196177952579077	0.4704497600630416	0.3904441998876736	0.33296710963865667	0.48383066767181615	0.5112720644575233	0.17539510227428237	0.1616663805225948	0.5157444611361032	0.4702786189498032	0.3885142428237565	0.5112720644575233	0.692894977700116
0.5870511149434344	-0.02882649037903246	0.060937568752369664	-0.05874586119423594	0.018603715685307408	0.06129190409640467	0.13321603535086948	-0.02882649037903246	0.334521962467541	0.16010713412202746	0.03301417584045646	0.09901240028683078	0.15981788187233506	0.22542930819032	0.060937568752369664	0.16010713412202746	0.3787753607758952	0.28426930695596625	0.28238989823954047	0.3686849422701406	0.4207234869327559	-0.05874586119423594	0.03301417584045646	0.28426930695596625	1.2985139464248732	0.3933909195445924	0.2918919858146283	0.37996935600407594	0.018603715685307408	0.09901240028683078	0.28238989823954047	0.3933909195445924	0.5269001712138824	0.2821377030428724	0.3409433522439261	0.06129190409640467	0.15981788187233506	0.3686849422701406	0.2918919858146283	0.2821377030428724	0.3815628343565253	0.4178420375070653	0.13321603535086948	0.22542930819032	0.4207234869327559	0.37996935600407594	0.3409433522439261	0.4178420375070653	0.6070489122145241
0.3645590374143008	0.05152454330396218	0.0902919018885967	0.0022485958953042118	0.09206836578253799	0.09299156533506331	0.13065564874697377	0.05152454330396218	0.22501890767492408	0.1574812768749979	0.07543721827870539	0.15798627015885863	0.15949269505894142	0.19501855970695534	0.0902919018885967	0.1574812768749979	0.23125606712266678	0.1483839638485115	0.2158770874665542	0.21760366504201648	0.2516194348165535	0.0022485958953042118	0.07543721827870539	0.1483839638485115	1.005742492993716	0.1626541895774681	0.16000684071797538	0.20683792148751834	0.09206836578253799	0.15798627015885863	0.2158770874665542	0.1626541895774681	0.23629077189095346	0.2174416153996749	0.2511591788643254	0.09299156533506331	0.15949269505894142	0.21760366504201648	0.16000684071797538	0.2174416153996749	0.23467734644500088	0.252197001198929	0.13065564874697377	0.19501855970695534	0.2516194348165535	0.20683792148751834	0.2511591788643254	0.252197001198929	0.35787325267270237
0.8423135560333247	-0.12238527030659943	-0.08727540783994378	-0.2303982975829595	-0.11931124018050744	-0.0878842381381914	-0.007812687936095623	-0.12238527030659943	0.378109374990668	0.22148450416245422	0.08031384028614554	0.11871876484150815	0.2181546314812086	0.2797149124683397	-0.08727540783994378	0.22148450416245422	0.4928717898514148	0.38260161626354977	0.33362922504967374	0.47996402945010164	0.5260848895608288	-0.2303982975829595	0.08031384028614554	0.38260161626354977	1.4155189464069766	0.5132274729200734	0.39133229044564033	0.4668026706391956	-0.11931124018050744	0.11871876484150815	0.33362922504967374	0.5132274729200734	0.6745274761572811	0.3309236102472488	0.3867688938331442	-0.0878842381381914	0.2181546314812086	0.47996402945010164	0.39133229044564033	0.3309236102472488	0.4991922214889055	0.5185731548756342	-0.007812687936095623	0.2797149124683397	0.5260848895608288	0.4668026706391956	0.3867688938331442	0.5185731548756342	0.6976876061520237
0.4659352155421547	0.013444569936520972	0.05260075874593549	-0.02912515934151392	0.050753997860818405	0.05357295485749537	0.1046482425162504	0.013444569936520972	0.24920877707281344	0.1773185170839853	0.10829199871731085	0.17240016017379725	0.17729244047326825	0.22303857754173131	0.05260075874593549	0.1773185170839853	0.2603981442009753	0.1969484495957637	0.24420313120193268	0.24987235154825077	0.2927578693435188	-0.02912515934151392	0.10829199871731085	0.1969484495957637	0.9396079364485038	0.21111919500929488	0.20479456283693598	0.26320533494249415	0.050753997860818405	0.17240016017379725	0.24420313120193268	0.21111919500929488	0.2773068494718312	0.24365693975621744	0.2865142135889483	0.05357295485749537	0.17729244047326825	0.24987235154825077	0.20479456283693598	0.24365693975621744	0.2667571380940549	0.29105591886559534	0.1046482425162504	0.22303857754173131	0.2927578693435188	0.26320533494249415	0.2865142135889483	0.29105591886559534	0.42795234212059097
0.2712577196843422	0.08587158336513552	0.15530941006250612	0.07516586673091014	0.1536020087597345	0.15233676339195845	0.1964329322698762	0.08587158336513552	0.2243315234518175	0.12813262817054633	0.03489517372656319	0.12649689876322256	0.12573235160369312	0.17047187333800345	0.15530941006250612	0.12813262817054633	0.21854107107445397	0.1377234334336702	0.20673119258238523	0.2057224097564635	0.2482563906992912	0.07516586673091014	0.03489517372656319	0.1377234334336702	1.0089880858613125	0.15082154402890433	0.15163623990852013	0.20204452665535338	0.1536020087597345	0.12649689876322256	0.20673119258238523	0.15082154402890433	0.2284005560397698	0.2032746686692231	0.24566665615144995	0.15233676339195845	0.12573235160369312	0.2057224097564635	0.15163623990852013	0.2032746686692231	0.23555815373867225	0.2433824987413858	0.1964329322698762	0.17047187333800345	0.2482563906992912	0.20204452665535338	0.24566665615144995	0.2433824987413858	0.36920498921082134
0.3392162344492309	0.06587975766917437	0.12859528625865893	0.04533472662098463	0.1258577559373688	0.12760078831238444	0.1818434823188182	0.06587975766917437	0.2395510911533878	0.14534153937842587	0.056827807931259515	0.14194380220635466	0.1443136448747362	0.1977157696445366	0.12859528625865893	0.14534153937842587	0.2386214059224632	0.16319766628030408	0.22488675888703863	0.22763003643139773	0.27742229601479346	0.04533472662098463	0.056827807931259515	0.16319766628030408	1.047472953398071	0.17881523629829627	0.17379371622080342	0.24320354321706267	0.1258577559373688	0.14194380220635466	0.22488675888703863	0.17881523629829627	0.2524665738347725	0.22314105122014877	0.27289910030157816	0.12760078831238444	0.1443136448747362	0.22763003643139773	0.17379371622080342	0.22314105122014877	0.24856867787285047	0.27428323296992907	0.1818434823188182	0.1977157696445366	0.27742229601479346	0.24320354321706267	0.27289910030157816	0.27428323296992907	0.4300632273576559
0.3734364570677721	-0.014030718917836249	0.23574978528044632	0.17683760451331243	0.2361995306623396	0.22330875416894166	0.2828927226744334	-0.014030718917836249	0.361420417366581	0.02116944673234442	-0.10428114562884382	0.02273473860489269	0.015964419401765143	0.08005978615234528	0.23574978528044632	0.02116944673234442	0.33740467315657885	0.2849721353632333	0.32644289198272153	0.31236963215256885	0.36935953506721003	0.17683760451331243	-0.10428114562884382	0.2849721353632333	1.2239421272494264	0.2938426264658866	0.3067316585562414	0.35717409169950803	0.2361995306623396	0.02273473860489269	0.32644289198272153	0.2938426264658866	0.3387617720476355	0.3119513771990986	0.3686903186836406	0.22330875416894166	0.015964419401765143	0.31236963215256885	0.3067316585562414	0.3119513771990986	0.37171021772127155	0.35198720346773044	0.2828927226744334	0.08005978615234528	0.36935953506721003	0.35717409169950803	0.3686903186836406	0.35198720346773044	0.5147017781019929
0.4732885566840102	0.043955628500794736	0.1642301478166001	0.09704743122667682	0.1425574160330085	0.16048631063503765	0.2941580135038881	0.043955628500794736	0.3456262838151388	0.1423548127291964	0.056208367966971734	0.1202554223189506	0.13925669552362463	0.2763278892121182	0.1642301478166001	0.1423548127291964	0.34182918554169944	0.290029806472759	0.30108262065645386	0.3298982989317866	0.44127575614590847	0.09704743122667682	0.056208367966971734	0.290029806472759	1.2061245600516155	0.33827737699610866	0.29821917018124494	0.4719410474676055	0.1425574160330085	0.1202554223189506	0.30108262065645386	0.33827737699610866	0.4144783883923838	0.29664486209706215	0.4128159493925718	0.16048631063503765	0.13925669552362463	0.3298982989317866	0.29821917018124494	0.29664486209706215	0.35258986256822655	0.4328305341309936	0.2941580135038881	0.2763278892121182	0.44127575614590847	0.4719410474676055	0.4128159493925718	0.4328305341309936	0.8163466997278642
0.8923619013963415	-0.10899656276309415	0.038565808382037436	-0.1656810426296257	-0.09457069135554075	-0.026249769930834013	0.16036985796511738	-0.10899656276309415	0.5535378177418473	0.08153399561527949	-0.17584055350135624	-0.1028232259756323	0.025572092576343533	0.198456625795337	0.038565808382037436	0.08153399561527949	1.157557165149125	0.7517636371137276	0.4454719838347962	0.940824715451303	1.1530896962130543	-0.1656810426296257	-0.17584055350135624	0.7517636371137276	1.9673380193560188	0.9344477915024141	0.7921121047270819	0.8474629065417613	-0.09457069135554075	-0.1028232259756323	0.4454719838347962	0.9344477915024141	1.2309022499501872	0.39173097880898977	0.5302129078768546	-0.026249769930834013	0.025572092576343533	0.940824715451303	0.7921121047270819	0.39173097880898977	1.1071612668330326	0.9333729409039191	0.16036985796511738	0.198456625795337	1.1530896962130543	0.8474629065417613	0.5302129078768546	0.9333729409039191	1.3829042687561657
0.6543097921395319	-0.12100474155705185	0.1470326614003548	0.02511803763485089	0.06634763633209165	0.14662971015314805	0.19825705739891394	-0.12100474155705185	0.4826471230593032	-0.022332625354972227	-0.20344288044366404	-0.08218406472921788	-0.021351337782790636	0.03874981227517563	0.1470326614003548	-0.022332625354972227	0.6570524111681374	0.5769690027743006	0.4667475006024897	0.6448051226170904	0.6718790987298374	0.02511803763485089	-0.20344288044366404	0.5769690027743006	1.6625581505282883	0.6780067274137906	0.5826164473465498	0.6349201842415332	0.06634763633209165	-0.08218406472921788	0.4667475006024897	0.6780067274137906	0.7880605310247473	0.4653706234365144	0.5024144255753248	0.14662971015314805	-0.021351337782790636	0.6448051226170904	0.5826164473465498	0.4653706234365144	0.6557518465697793	0.6670501992417758	0.19825705739891394	0.03874981227517563	0.6718790987298374	0.6349201842415332	0.5024144255753248	0.6670501992417758	0.8011062084579204
0.7172090854678673	-0.13017315871102048	0.09163997507950672	-0.06707893128106086	-0.02215542442549967	0.0890734313947659	0.13279608423622594	-0.13017315871102048	0.47318401813252015	0.021151179096226783	-0.1839817148799912	-0.09014888766114747	0.020020031295770124	0.0654530674154839	0.09163997507950672	0.021151179096226783	0.7462744128483633	0.5996975063850212	0.423751539691777	0.7297845175552564	0.7527218005265799	-0.06707893128106086	-0.1839817148799912	0.5996975063850212	1.7023064178101217	0.7403173629566515	0.6063837790961523	0.6425947959251416	-0.02215542442549967	-0.09014888766114747	0.423751539691777	0.7403173629566515	0.934639731373616	0.42082521239037973	0.4534651010819301	0.0890734313947659	0.020020031295770124	0.7297845175552564	0.6063837790961523	0.42082521239037973	0.745841327204958	0.7423564631410104	0.13279608423622594	0.0654530674154839	0.7527218005265799	0.6425947959251416	0.4534651010819301	0.7423564631410104	0.8464537625158859
0.8828508614265637	-0.15794920244319133	-0.042737324722510794	-0.2470158903603205	-0.14300122875449967	-0.07995718281258286	0.006775231183767869	-0.15794920244319133	0.4964287359871593	0.10330371624491506	-0.15532050965969307	-0.08056845377178326	0.0622254464655453	0.14644120086865065	-0.042737324722510794	0.10330371624491506	1.034518313502366	0.7390524839661263	0.4890531999965443	0.8879539808126585	1.0333650210105167	-0.2470158903603205	-0.15532050965969307	0.7390524839661263	1.9174984267789503	0.8817889150213482	0.773703799007321	0.7767917196071935	-0.14300122875449967	-0.08056845377178326	0.4890531999965443	0.8817889150213482	1.1176794840169852	0.44192086166808664	0.5190432704248863	-0.07995718281258286	0.0622254464655453	0.8879539808126585	0.773703799007321	0.44192086166808664	1.0224324412959833	0.8891025164520486	0.006775231183767869	0.14644120086865065	1.0333650210105167	0.7767917196071935	0.5190432704248863	0.8891025164520486	1.1224071367295225
0.8575288017968178	-0.05272226259045975	-0.036119698621798216	-0.15085634639880213	-0.06944415855356505	-0.037626141000906485	0.1472673647033555	-0.05272226259045975	0.38072146090634784	0.2886454614541134	0.16108576582242895	0.16086122060090163	0.28444274963973215	0.4177508837053092	-0.036119698621798216	0.2886454614541134	0.43212155960024823	0.3095404132447826	0.263565102125514	0.4199045510182047	0.5316554067410039	-0.15085634639880213	0.16108576582242895	0.3095404132447826	1.4174691839887807	0.5155711239524616	0.3183148490043191	0.5284958212736821	-0.06944415855356505	0.16086122060090163	0.263565102125514	0.5155711239524616	0.7121638402325738	0.26184684976555817	0.4056442541066301	-0.037626141000906485	0.28444274963973215	0.4199045510182047	0.3183148490043191	0.26184684976555817	0.4379523230557647	0.5232570606889395	0.1472673647033555	0.4177508837053092	0.5316554067410039	0.5284958212736821	0.4056442541066301	0.5232570606889395	0.9526992495808668
0.9779324798330534	-0.10670859455342041	-0.10542386784002633	-0.22878171433984623	-0.12439367865791738	-0.10914648162831785	0.07498263349442784	-0.10670859455342041	0.4037144327262242	0.3086105850579026	0.1674868916845369	0.1635691524791479	0.29945927097418484	0.42510104636494755	-0.10542386784002633	0.3086105850579026	0.482436563722654	0.34746728407957983	0.2872281552120421	0.4645527224289542	0.5669758962044833	-0.22878171433984623	0.1674868916845369	0.34746728407957983	1.4715059581146115	0.5556162513125801	0.3606985240403589	0.5440468355277099	-0.12439367865791738	0.1635691524791479	0.2872281552120421	0.5556162513125801	0.7563816981862715	0.28243173380997083	0.41567521546897623	-0.10914648162831785	0.29945927097418484	0.4645527224289542	0.3606985240403589	0.28243173380997083	0.4952909529563034	0.5511925343188046	0.07498263349442784	0.42510104636494755	0.5669758962044833	0.5440468355277099	0.41567521546897623	0.5511925343188046	0.9510710861139267
0.891862392028782	-0.09002059624527867	-0.07039874784336536	-0.17820778171802848	-0.08158093287988062	-0.0725340513291268	0.09201904420887597	-0.09002059624527867	0.3877483294715593	0.23687224112302596	0.1454862727622268	0.18479309665612895	0.23197339859524074	0.35621248927007676	-0.07039874784336536	0.23687224112302596	0.4682123047701576	0.4096887179082198	0.384957303682018	0.4542705664122159	0.5490052229982729	-0.17820778171802848	0.1454862727622268	0.4096887179082198	1.4063888376875187	0.4833844959681938	0.4180374221464751	0.5773979347400688	-0.08158093287988062	0.18479309665612895	0.384957303682018	0.4833844959681938	0.5712875435157585	0.379353400463419	0.4854295078709849	-0.0725340513291268	0.23197339859524074	0.4542705664122159	0.4180374221464751	0.379353400463419	0.47783735194255766	0.5383091467125872	0.09201904420887597	0.35621248927007676	0.5490052229982729	0.5773979347400688	0.4854295078709849	0.5383091467125872	0.9070764564957168
0.3743253071383871	-0.00344391808609934	0.22513766086778486	0.17207051178328764	0.22094840294473217	0.21223851575799646	0.27828911143041934	-0.00344391808609934	0.34911750725155366	0.038736549216241686	-0.06254785910394428	0.03676842372739361	0.032548450561000655	0.1037556768285101	0.22513766086778486	0.038736549216241686	0.3295792868493414	0.28441376057097445	0.3167048672285823	0.3073991977701196	0.3699446974056209	0.17207051178328764	-0.06254785910394428	0.28441376057097445	1.0644499824354414	0.2944052386313676	0.2990207970128305	0.35945317347591316	0.22094840294473217	0.03676842372739361	0.3167048672285823	0.2944052386313676	0.34142098225618156	0.30183141493952625	0.36425423628775544	0.21223851575799646	0.032548450561000655	0.3073991977701196	0.2990207970128305	0.30183141493952625	0.36601579198329987	0.3516105754678912	0.27828911143041934	0.1037556768285101	0.3699446974056209	0.35945317347591316	0.36425423628775544	0.3516105754678912	0.5341225953036693
0.35395171327895514	-0.027328387685256306	0.26246908972009075	0.23083393196965996	0.2596791718589043	0.2590077729271252	0.30244674030673085	-0.027328387685256306	0.3668067712658817	-0.005531745028486669	-0.08947980157629612	-0.005194340608832318	-0.004887307916354992	0.048210724087787586	0.26246908972009075	-0.005531745028486669	0.33446579093959417	0.3012512696036678	0.32153664817236416	0.3211390242615967	0.3624295684030012	0.23083393196965996	-0.08947980157629612	0.3012512696036678	0.9039837557887056	0.3078715253797267	0.30695436990223696	0.3553467765295087	0.2596791718589043	-0.005194340608832318	0.32153664817236416	0.3078715253797267	0.34281990240317883	0.3173785123254902	0.3585178197369045	0.2590077729271252	-0.004887307916354992	0.3211390242615967	0.30695436990223696	0.3173785123254902	0.3462127495354368	0.35687085808384544	0.30244674030673085	0.048210724087787586	0.3624295684030012	0.3553467765295087	0.3585178197369045	0.35687085808384544	0.48928999387125416
0.6605342731841526	-0.08957114682416761	-0.051846779574156676	-0.12292553996925329	-0.05298706330225982	-0.05171696927291207	-0.017422806364523924	-0.08957114682416761	0.2876574610882756	0.19554229071495724	0.14438008439908057	0.18640064350299126	0.19291568134085826	0.22236636247826938	-0.051846779574156676	0.19554229071495724	0.32810512632512445	0.28718707418597156	0.3077493878601623	0.31586758566396206	0.3434325996136139	-0.12292553996925329	0.14438008439908057	0.28718707418597156	0.8152918444808173	0.2943579248876489	0.2922952193815808	0.3199433657989078	-0.05298706330225982	0.18640064350299126	0.3077493878601623	0.2943579248876489	0.35187702754074496	0.3034214412891818	0.3309972270556556	-0.05171696927291207	0.19291568134085826	0.31586758566396206	0.2922952193815808	0.3034214412891818	0.34295836913984323	0.3380527335965296	-0.017422806364523924	0.22236636247826938	0.3434325996136139	0.3199433657989078	0.3309972270556556	0.3380527335965296	0.42047534951307713
0.9857869563922662	-0.09751732824294096	-0.05401448655558817	-0.2517895486686825	-0.13696137315590895	-0.13896246490709857	0.11037303658875788	-0.09751732824294096	0.534198778389697	0.2547150867743882	-0.055277231241030095	-0.025577209229451447	0.12616170930921483	0.37946303228155764	-0.05401448655558817	0.2547150867743882	1.048501940074899	0.5646960301610386	0.34197155205855095	0.7377747101783417	1.070317052096297	-0.2517895486686825	-0.055277231241030095	0.5646960301610386	1.8416657459404604	0.8624685219733935	0.6697861613756639	0.7023145199772659	-0.13696137315590895	-0.025577209229451447	0.34197155205855095	0.8624685219733935	1.2179665354336848	0.28312315839244523	0.4617085432646827	-0.13896246490709857	0.12616170930921483	0.7377747101783417	0.6697861613756639	0.28312315839244523	1.0434244268036288	0.7436304890029835	0.11037303658875788	0.37946303228155764	1.070317052096297	0.7023145199772659	0.4617085432646827	0.7436304890029835	1.3751878364632983
1.0289645559157115	-0.066603155149704	-0.04689881438796567	-0.24428101717732773	-0.13103773411991515	-0.15023637079965807	0.1735089468473634	-0.066603155149704	0.5566504045077802	0.37159596004456596	-0.01875553021214764	-0.03639842474930738	0.1871030936576148	0.5215378756471961	-0.04689881438796567	0.37159596004456596	0.9921313664875758	0.38630905818545425	0.16069042527414595	0.6413330031292412	1.0368338899641838	-0.24428101717732773	-0.01875553021214764	0.38630905818545425	1.819836064581473	0.9037818566549677	0.5588585737055818	0.598794733174256	-0.13103773411991515	-0.03639842474930738	0.16069042527414595	0.9037818566549677	1.3752620739472632	0.1577423065046107	0.3530189820163526	-0.15023637079965807	0.1871030936576148	0.6413330031292412	0.5588585737055818	0.1577423065046107	1.0034984917694607	0.6586666400795651	0.1735089468473634	0.5215378756471961	1.0368338899641838	0.598794733174256	0.3530189820163526	0.6586666400795651	1.4569619273408188
0.7453322885047106	-0.1283931282838309	0.054507977000708106	-0.06688319559138639	0.017487098137677744	0.04078304953670436	0.12700042771160502	-0.1283931282838309	0.4842844342183084	0.003508162656258154	-0.1610046827085827	-0.03493531502104781	-0.0050507069470642416	0.0800196183056207	0.054507977000708106	0.003508162656258154	0.7019314305543445	0.6620432849935558	0.578750556465825	0.6633945011197916	0.7238585252600218	-0.06688319559138639	-0.1610046827085827	0.6620432849935558	1.756967642190852	0.7172895875532512	0.6757236413739438	0.7289648224075104	0.017487098137677744	-0.03493531502104781	0.578750556465825	0.7172895875532512	0.761679963729403	0.5536462585050227	0.6161786470100736	0.04078304953670436	-0.0050507069470642416	0.6633945011197916	0.6757236413739438	0.5536462585050227	0.721909530624719	0.6879247304427731	0.12700042771160502	0.0800196183056207	0.7238585252600218	0.7289648224075104	0.6161786470100736	0.6879247304427731	0.8894071331816511
0.6067358556151158	-0.11100531105889871	0.19384828494990938	0.09489682656118241	0.13722868108357614	0.1841013328200424	0.25403410359778866	-0.11100531105889871	0.491662406827579	-0.04067183751786989	-0.21134720106155905	-0.07537705015167481	-0.04402195930553899	0.03615094318694621	0.19384828494990938	-0.04067183751786989	0.596730388523525	0.5471813277921049	0.482337827298424	0.5738085117835733	0.6239788510887124	0.09489682656118241	-0.21134720106155905	0.5471813277921049	1.6228046212993754	0.6193177992807514	0.5581874088433753	0.6199986803085448	0.13722868108357614	-0.07537705015167481	0.482337827298424	0.6193177992807514	0.686641948596217	0.46997223009087685	0.5246459112701313	0.1841013328200424	-0.04402195930553899	0.5738085117835733	0.5581874088433753	0.46997223009087685	0.6101755466602465	0.6049551856297106	0.25403410359778866	0.03615094318694621	0.6239788510887124	0.6199986803085448	0.5246459112701313	0.6049551856297106	0.7898536094914012
0.8328391753454738	-0.14214811495108914	-0.02958846582772642	-0.19952848673859386	-0.11564070820991945	-0.03576970940309923	0.026943096364727488	-0.14214811495108914	0.4644870660197066	0.10771069935037733	-0.10479708125710233	-0.047744579198207446	0.10036448115641464	0.1571961995012431	-0.02958846582772642	0.10771069935037733	0.8074395759555462	0.6207777267104839	0.4146368012231223	0.777655063633657	0.8145661624073324	-0.19952848673859386	-0.10479708125710233	0.6207777267104839	1.7354250953027706	0.7737469810279778	0.631566419772815	0.6715815960408097	-0.11564070820991945	-0.047744579198207446	0.4146368012231223	0.7737469810279778	1.0020884557244558	0.40670208584537626	0.45169023793335455	-0.03576970940309923	0.10036448115641464	0.777655063633657	0.631566419772815	0.40670208584537626	0.8098508389847461	0.7894160219742167	0.026943096364727488	0.1571961995012431	0.8145661624073324	0.6715815960408097	0.45169023793335455	0.7894160219742167	0.9271538715436213
0.9365931969291512	-0.1148278939240756	-0.09406185624729166	-0.2614711519281067	-0.1705979175451032	-0.10179866901228972	0.03034638340113322	-0.1148278939240756	0.45895931950598345	0.3279712817104144	0.042328689759161646	-0.034501431217329376	0.3098307615656926	0.4058637366483446	-0.09406185624729166	0.3279712817104144	0.6612345120506472	0.3254162275775405	0.10179369739653853	0.6272681862149606	0.6971668403434422	-0.2614711519281067	0.042328689759161646	0.3254162275775405	1.5620264559498735	0.76756774270076	0.34831113505721006	0.46442868006118604	-0.1705979175451032	-0.034501431217329376	0.10179369739653853	0.76756774270076	1.2686850864570858	0.10462275375361667	0.21710861820717306	-0.10179866901228972	0.3098307615656926	0.6272681862149606	0.34831113505721006	0.10462275375361667	0.6703207018473868	0.6656660362559796	0.03034638340113322	0.4058637366483446	0.6971668403434422	0.46442868006118604	0.21710861820717306	0.6656660362559796	0.9475933648369987
0.9855825481244339	-0.09429625364637237	-0.06968220059259103	-0.2579644905558079	-0.16127986417539975	-0.11908511805152593	0.09826581071917076	-0.09429625364637237	0.523596327076266	0.34979382305581763	-0.018046587842875023	-0.08093695668455271	0.25507055267490975	0.4587357636347433	-0.06968220059259103	0.34979382305581763	0.8991247748971308	0.3716439987720186	0.08170846047505118	0.7215255935975756	0.9269891281465003	-0.2579644905558079	-0.018046587842875023	0.3716439987720186	1.7546716925253794	0.9029054697680909	0.46823854988453406	0.5467172984069996	-0.16127986417539975	-0.08093695668455271	0.08170846047505118	0.9029054697680909	1.4456360536929098	0.09818708591742553	0.24192895593331534	-0.11908511805152593	0.25507055267490975	0.7215255935975756	0.46823854988453406	0.09818708591742553	0.8998233725447526	0.7421291096994578	0.09826581071917076	0.4587357636347433	0.9269891281465003	0.5467172984069996	0.24192895593331534	0.7421291096994578	1.2459141162904632
0.9343912308150908	-0.10218001307301969	-0.0627403425205014	-0.25926485246267916	-0.15778798202984926	-0.11233371234971457	0.06521708828443937	-0.10218001307301969	0.48426542811619744	0.3100981685626049	-0.005836689138713574	-0.027732975799643067	0.22235371285611946	0.3984074924405028	-0.0627403425205014	0.3100981685626049	0.7766727255509549	0.3726465348188276	0.17691286868024617	0.6178552078490034	0.8112976245886142	-0.25926485246267916	-0.005836689138713574	0.3726465348188276	1.663826635293441	0.784750924214833	0.4678661959148948	0.5052340912642606	-0.15778798202984926	-0.027732975799643067	0.17691286868024617	0.784750924214833	1.216278023710805	0.16890710851968482	0.28757685872862004	-0.11233371234971457	0.22235371285611946	0.6178552078490034	0.4678661959148948	0.16890710851968482	0.8226604749716988	0.6448090735213393	0.06521708828443937	0.3984074924405028	0.8112976245886142	0.5052340912642606	0.28757685872862004	0.6448090735213393	1.0679038947709283
0.9296475162652604	-0.13867841877174025	-0.10218040503829684	-0.27425235201711884	-0.1654994551058759	-0.11476986970644454	-0.006837601806313669	-0.13867841877174025	0.4602926011013098	0.2267649725570486	-0.009866079423310817	-0.002584850114018683	0.20379731813430926	0.2953034062466503	-0.10218040503829684	0.2267649725570486	0.7632712297366885	0.5065665137844382	0.30912417112399604	0.7101295196857266	0.782666986893275	-0.27425235201711884	-0.009866079423310817	0.5065665137844382	1.683191731137258	0.7549767733279598	0.532709360025735	0.5964584552102726	-0.1654994551058759	-0.002584850114018683	0.30912417112399604	0.7549767733279598	1.060078942042843	0.29849918848178664	0.3777407734946689	-0.11476986970644454	0.20379731813430926	0.7101295196857266	0.532709360025735	0.29849918848178664	0.7759158133631625	0.7315799338439402	-0.006837601806313669	0.2953034062466503	0.782666986893275	0.5964584552102726	0.3777407734946689	0.7315799338439402	0.9664076634752375
0.807077984305687	-0.11904485067795516	-0.05702992122665473	-0.2041909727643803	-0.10791000644911145	-0.05665530890943218	0.010015076781202989	-0.11904485067795516	0.396066796005639	0.1871446864830234	0.024448376420328606	0.06166991313544591	0.1856811666982047	0.23954699850863226	-0.05702992122665473	0.1871446864830234	0.552225279297129	0.42154037885357865	0.33321106204691125	0.5402109449528689	0.5755431324921902	-0.2041909727643803	0.024448376420328606	0.42154037885357865	1.4593584445171943	0.5729457816021065	0.42856330314857843	0.49185480088826344	-0.10791000644911145	0.06166991313544591	0.33321106204691125	0.5729457816021065	0.7720274001528762	0.3322964385720548	0.379682453899596	-0.05665530890943218	0.1856811666982047	0.5402109449528689	0.42856330314857843	0.3322964385720548	0.553949710281361	0.5700506451742857	0.010015076781202989	0.23954699850863226	0.5755431324921902	0.49185480088826344	0.379682453899596	0.5700506451742857	0.7198659661541605
0.7566129238697568	-0.11701232327989627	0.028581942332414095	-0.13046433601042626	-0.0635066577504268	0.024805047484760666	0.08660711452318226	-0.11701232327989627	0.4468913669262237	0.09450475732875946	-0.10177512234722594	-0.03531136436818676	0.0907580857519727	0.14899704580925663	0.028581942332414095	0.09450475732875946	0.6881384629893705	0.533292024983533	0.38185943290317187	0.6690156157838683	0.7027614179262349	-0.13046433601042626	-0.10177512234722594	0.533292024983533	1.6357475199895477	0.6961234561256138	0.5423150224130249	0.5936646750698427	-0.0635066577504268	-0.03531136436818676	0.38185943290317187	0.6961234561256138	0.9066830496933472	0.3775735233634393	0.4234967751080215	0.024805047484760666	0.0907580857519727	0.6690156157838683	0.5423150224130249	0.3775735233634393	0.6916636262255796	0.6887731047559086	0.08660711452318226	0.14899704580925663	0.7027614179262349	0.5936646750698427	0.4234967751080215	0.6887731047559086	0.8315102413784614
