0.6684036011589505	0.2536031690502455	-0.04943539086190676	0.46073714158618706	0.45905336599272023	0.3152448091875099	0.6698310920021123	0.2536031690502455	0.6796701534842916	-0.1169885061466277	0.2716568128200348	0.2713320812334962	0.16279072253469412	0.6412634961960044	-0.04943539086190676	-0.1169885061466277	2.9635133232464743	0.0904088687976296	0.08850020848202045	0.20821202304938824	1.786098587573943	0.46073714158618706	0.2716568128200348	0.0904088687976296	0.5763760361421916	0.5623778685754686	0.4151805165646184	0.730038607771795	0.45905336599272023	0.2713320812334962	0.08850020848202045	0.5623778685754686	0.5690961151680942	0.4112147638972134	0.7254816903530728	0.3152448091875099	0.16279072253469412	0.20821202304938824	0.4151805165646184	0.4112147638972134	0.605267011127275	0.5806523614828835	0.6698310920021123	0.6412634961960044	1.786098587573943	0.730038607771795	0.7254816903530728	0.5806523614828835	2.5382037411772504
1.2850907191045864	0.3827819264714508	-0.06378018033087274	0.3866331630849603	0.3905069178599513	-0.026072200417352226	1.0667260805066545	0.3827819264714508	0.7451105046422284	0.27176161475037364	0.5287717585254398	0.5114112419380633	0.15339286381648867	1.1832116588359056	-0.06378018033087274	0.27176161475037364	4.720874843277551	0.3076153593409571	0.23716543270127977	0.612986548865505	3.5756952997944293	0.3866331630849603	0.5287717585254398	0.3076153593409571	0.7478808403044434	0.7056222710365707	0.29617283878176803	1.135622885554489	0.3905069178599513	0.5114112419380633	0.23716543270127977	0.7056222710365707	0.8325322663418084	0.24425399573168016	1.088027490136838	-0.026072200417352226	0.15339286381648867	0.612986548865505	0.29617283878176803	0.24425399573168016	0.9086988999195497	0.6350964685321607	1.0667260805066545	1.1832116588359056	3.5756952997944293	1.135622885554489	1.088027490136838	0.6350964685321607	4.784247483528267
0.9126686416386689	0.37900764257572855	0.15331804855562886	0.4573135431814313	0.45611480101689333	0.14459835679694968	1.0510931292978405	0.37900764257572855	0.708867489470063	0.27779159733743514	0.44446707699753674	0.4430757288446601	0.17020038066389584	1.1166023808366698	0.15331804855562886	0.27779159733743514	3.3790160809708354	0.34479451725962035	0.33860866547959617	0.43971016258333373	2.766553088947288	0.4573135431814313	0.44446707699753674	0.34479451725962035	0.6474143637090832	0.6367984588526149	0.31201679627537493	1.0885285228696062	0.45611480101689333	0.4430757288446601	0.33860866547959617	0.6367984588526149	0.650111506425912	0.3057488616118531	1.0823234512391813	0.14459835679694968	0.17020038066389584	0.43971016258333373	0.31201679627537493	0.3057488616118531	0.773417395352183	0.6284175400913669	1.0510931292978405	1.1166023808366698	2.766553088947288	1.0885285228696062	1.0823234512391813	0.6284175400913669	4.123023621764252
0.32604517981675035	0.2770045012858004	0.15417866161411334	0.31545585769363166	0.31728496083600355	0.25500662667993484	0.5344344020065429	0.2770045012858004	0.3415352616335057	0.1118620133649892	0.27140780426631533	0.2757354426375982	0.21729066175064002	0.5059127405251038	0.15417866161411334	0.1118620133649892	0.743614694162378	0.1343443897673947	0.15243556918799597	0.14577987802150302	0.5748636614153174	0.31545585769363166	0.27140780426631533	0.1343443897673947	0.5422138818601239	0.3170840724062315	0.27316420188611906	0.5590354799060161	0.31728496083600355	0.2757354426375982	0.15243556918799597	0.3170840724062315	0.3377769346520372	0.2532906771727572	0.5322977910159177	0.25500662667993484	0.21729066175064002	0.14577987802150302	0.27316420188611906	0.2532906771727572	0.4204141046216393	0.4347203335754387	0.5344344020065429	0.5059127405251038	0.5748636614153174	0.5590354799060161	0.5322977910159177	0.4347203335754387	1.3385136193894056
0.5051546816065758	0.16885329501572674	0.006612085411322702	0.41470817056057485	0.4126182571781543	0.36936040657829516	0.5128611964267489	0.16885329501572674	0.5692668699539014	-0.24189446859431543	0.18062361641264843	0.1809709047308934	0.14981140492768674	0.34436655933638033	0.006612085411322702	-0.24189446859431543	1.4239398527677172	0.07431116124305966	0.07700301295312	0.10104744517252298	0.5786403377351846	0.41470817056057485	0.18062361641264843	0.07431116124305966	0.49048362903240705	0.4625690119788949	0.41939113269026734	0.5557874655806564	0.4126182571781543	0.1809709047308934	0.07700301295312	0.4625690119788949	0.4669113731755843	0.41582631180964535	0.5514060054256499	0.36936040657829516	0.14981140492768674	0.10104744517252298	0.41939113269026734	0.41582631180964535	0.48620606448500014	0.5026091797841487	0.5128611964267489	0.34436655933638033	0.5786403377351846	0.5557874655806564	0.5514060054256499	0.5026091797841487	1.1915575023426805
0.341427703910532	0.0870125548059629	0.13866681510662435	0.2902685951694698	0.2973180096760838	0.29574192661345944	0.34807927555526064	0.0870125548059629	0.3771230259581015	-0.0782303580209368	0.06447307842922408	0.0976283590439893	0.09636263514306807	0.16328622631450507	0.13866681510662435	-0.0782303580209368	0.559364853650633	0.1172583814516238	0.16526086800768264	0.16694709508818237	0.25587411393784315	0.2902685951694698	0.06447307842922408	0.1172583814516238	0.7233749065772013	0.31693372762543565	0.3153431736387758	0.37812402601172224	0.2973180096760838	0.0976283590439893	0.16526086800768264	0.31693372762543565	0.32940411255852015	0.3179463317743687	0.3687860537961188	0.29574192661345944	0.09636263514306807	0.16694709508818237	0.3153431736387758	0.3179463317743687	0.3297443050141926	0.3666993275031034	0.34807927555526064	0.16328622631450507	0.25587411393784315	0.37812402601172224	0.3687860537961188	0.3666993275031034	0.5634817398128038
0.18720321480249635	0.16347868636499469	0.13567217981726049	0.08370374812201814	0.1600164144765432	0.16355535190123088	0.20984201135176275	0.16347868636499469	0.18784304096880522	0.11890031259945148	0.06258382712887699	0.14415166938634416	0.14772432615306838	0.19386276184337187	0.13567217981726049	0.11890031259945148	0.23905098183919282	0.01054831440383978	0.11367974187934364	0.12437754793124578	0.17025185733940792	0.08370374812201814	0.06258382712887699	0.01054831440383978	1.0184324871622321	0.13211220519110958	0.11583783544167028	0.13257577714764432	0.1600164144765432	0.14415166938634416	0.11367974187934364	0.13211220519110958	0.2508730010659972	0.14579533641846093	0.19075135882029012	0.16355535190123088	0.14772432615306838	0.12437754793124578	0.11583783544167028	0.14579533641846093	0.24368931839488106	0.19170853339049093	0.20984201135176275	0.19386276184337187	0.17025185733940792	0.13257577714764432	0.19075135882029012	0.19170853339049093	0.30328667505205276
0.1890674523489691	0.11057572325222033	0.15450669976243966	0.07729153738487876	0.15697250374476482	0.15813767905175025	0.1700137386742115	0.11057572325222033	0.18420531447929162	0.111740419471549	0.02165613967447545	0.11482597606737314	0.11615806882861854	0.12767790318293337	0.15450669976243966	0.111740419471549	0.1863696640052498	0.07703709477336983	0.15975656506924807	0.16147613206643777	0.17322399322770488	0.07729153738487876	0.02165613967447545	0.07703709477336983	0.9071315547252705	0.10339776608483597	0.10140689988876303	0.10172304914739173	0.15697250374476482	0.11482597606737314	0.15975656506924807	0.10339776608483597	0.19583106467859568	0.16349651275518767	0.17523870785777476	0.15813767905175025	0.11615806882861854	0.16147613206643777	0.10140689988876303	0.16349651275518767	0.19800325405751734	0.17627695642664046	0.1700137386742115	0.12767790318293337	0.17322399322770488	0.10172304914739173	0.17523870785777476	0.17627695642664046	0.20197708459483416
1.2049430062805362	0.30023464022899127	-0.19865819647305843	0.33399208622439613	0.335694059564277	0.04323511467065354	0.8288563342531684	0.30023464022899127	0.9617959200073031	0.02442129076004318	0.18137847282344144	0.19278484487618058	-0.009120466549569384	0.9639839761030761	-0.19865819647305843	0.02442129076004318	4.330438974135969	0.36058689750494327	0.2599128636678657	0.588759609104948	2.986575435767586	0.33399208622439613	0.18137847282344144	0.36058689750494327	0.9704007203575384	0.8829267911180634	0.5857095481360781	0.9659499246277734	0.335694059564277	0.19278484487618058	0.2599128636678657	0.8829267911180634	1.0092817878077567	0.4987101019590028	0.906027842783203	0.04323511467065354	-0.009120466549569384	0.588759609104948	0.5857095481360781	0.4987101019590028	0.9571884358391739	0.6497498744098603	0.8288563342531684	0.9639839761030761	2.986575435767586	0.9659499246277734	0.906027842783203	0.6497498744098603	3.9187506115406223
1.586040107136863	0.4651181857015965	-0.2549759038142176	0.4510085700937839	0.47507202787593755	-0.25689244236032505	1.1891917113156942	0.4651181857015965	0.8330377887950475	0.19871742193459715	0.6902429380948893	0.6634695886632292	0.027868783790479048	1.3184595675174458	-0.2549759038142176	0.19871742193459715	5.583420381610936	0.20015729469224192	0.07544418478716342	0.8674336976907521	3.982425272485515	0.4510085700937839	0.6902429380948893	0.20015729469224192	0.8856350491033491	0.8302438491597819	0.12334571695863526	1.2826290505399813	0.47507202787593755	0.6634695886632292	0.07544418478716342	0.8302438491597819	1.0317380537240297	0.033304129866715576	1.2108535694674383	-0.25689244236032505	0.027868783790479048	0.8674336976907521	0.12334571695863526	0.033304129866715576	1.1866041594561176	0.5118310428077683	1.1891917113156942	1.3184595675174458	3.982425272485515	1.2826290505399813	1.2108535694674383	0.5118310428077683	5.320161788615939
1.5983885709914947	0.42645896916260506	-0.2116454340453735	0.40737756407881986	0.45384088828858726	-0.2376872632925991	1.1795916323245494	0.42645896916260506	0.7971691110440513	0.2704148473038339	0.6996367606695623	0.6364189052660914	0.08793808088150137	1.3174457537653836	-0.2116454340453735	0.2704148473038339	5.169147789558125	0.29365207244160163	0.0650202566451461	0.8208290811070913	3.7911928799244454	0.40737756407881986	0.6996367606695623	0.29365207244160163	0.8365819746759443	0.7362917183744652	0.1649648253101431	1.3019953433004967	0.45384088828858726	0.6364189052660914	0.0650202566451461	0.7362917183744652	1.1291428791523606	-0.00015194474668238367	1.1653392154734667	-0.2376872632925991	0.08793808088150137	0.8208290811070913	0.1649648253101431	-0.00015194474668238367	1.153841392459173	0.5405818494462985	1.1795916323245494	1.3174457537653836	3.7911928799244454	1.3019953433004967	1.1653392154734667	0.5405818494462985	5.174480712967523
1.705441673615681	0.48714185514406616	-0.3465346173833974	0.4134233640120245	0.4454452588562975	-0.3295126536537365	1.1891700066749342	0.48714185514406616	0.9530278979455767	0.17084438754331827	0.5730803800940659	0.5652255584225538	-0.06042327869382025	1.3562241311090544	-0.3465346173833974	0.17084438754331827	6.042934616024169	0.135279980956955	0.015198773201556492	0.9528497391342107	4.21122809998399	0.4134233640120245	0.5730803800940659	0.135279980956955	1.1371980553688579	1.0616629662525445	0.19946645641710048	1.235595541174586	0.4454452588562975	0.5652255584225538	0.015198773201556492	1.0616629662525445	1.2234123851988343	0.10248368788490705	1.173190656251017	-0.3295126536537365	-0.06042327869382025	0.9528497391342107	0.19946645641710048	0.10248368788490705	1.2833881604158641	0.49817464225091457	1.1891700066749342	1.3562241311090544	4.21122809998399	1.235595541174586	1.173190656251017	0.49817464225091457	5.495265740714554
1.7202301241455533	0.4863664731837094	-0.3491401073850632	0.39755560434986453	0.43222215982377643	-0.3350644862297336	1.1876571034065515	0.4863664731837094	0.9621487147045011	0.17485510377432967	0.5555379974488373	0.5491059744860058	-0.06460927990676388	1.358144364974232	-0.3491401073850632	0.17485510377432967	6.027265597856637	0.1440008443766123	0.020076206400412633	0.950888647899232	4.2051008822693	0.39755560434986453	0.5555379974488373	0.1440008443766123	1.1629317516704225	1.0815415648840971	0.21923939167650283	1.2302027266958657	0.43222215982377643	0.5491059744860058	0.020076206400412633	1.0815415648840971	1.2451058433803528	0.11758662855730592	1.1664156156471461	-0.3350644862297336	-0.06460927990676388	0.950888647899232	0.21923939167650283	0.11758662855730592	1.2878704228321938	0.49866613266978393	1.1876571034065515	1.358144364974232	4.2051008822693	1.2302027266958657	1.1664156156471461	0.49866613266978393	5.488832448206121
1.6526275012156706	0.45158546870411337	-0.26494588855521384	0.29591481351438337	0.33979157127454024	-0.2600766377574143	1.1394838888492689	0.45158546870411337	0.9860903786188586	0.22884189821583067	0.39871262897546705	0.4026699318470117	-0.04308012682834747	1.3272112671619332	-0.26494588855521384	0.22884189821583067	5.648840055281318	0.28387563624949735	0.1310487745220139	0.8437950314181114	4.079774564343254	0.29591481351438337	0.39871262897546705	0.28387563624949735	1.18647869074696	1.061857785068361	0.40959130934390925	1.1545793404716866	0.33979157127454024	0.4026699318470117	0.1310487745220139	1.061857785068361	1.2499783347838913	0.27415731261854226	1.0769214209436526	-0.2600766377574143	-0.04308012682834747	0.8437950314181114	0.40959130934390925	0.27415731261854226	1.2090221497579818	0.5586174983961477	1.1394838888492689	1.3272112671619332	4.079774564343254	1.1545793404716866	1.0769214209436526	0.5586174983961477	5.3109810781931746
0.35944288258755364	0.23003333222169603	-0.04077004746410092	0.3542605813812505	0.35037544451874764	0.3207242057539447	0.40415207478068005	0.23003333222169603	0.39952979559727586	-0.1834002330385019	0.2232035755216075	0.2306443612127547	0.20508264114794986	0.296622734327256	-0.04077004746410092	-0.1834002330385019	0.9451905038387474	-0.11232145190282825	-0.0391752604811911	-0.0195168289671461	0.16631029348076498	0.3542605813812505	0.2232035755216075	-0.11232145190282825	0.7011641138411507	0.3579034259339834	0.3377757948719421	0.4211464549349442	0.35037544451874764	0.2306443612127547	-0.0391752604811911	0.3579034259339834	0.36354751579728894	0.3216252414008834	0.4048689275057544	0.3207242057539447	0.20508264114794986	-0.0195168289671461	0.3377757948719421	0.3216252414008834	0.38509944752256703	0.37292645801953167	0.40415207478068005	0.296622734327256	0.16631029348076498	0.4211464549349442	0.4048689275057544	0.37292645801953167	0.6848612066237717
0.20733126758357318	0.19023866204169448	0.17594011135571513	0.08889755768448236	0.1653518801010821	0.15422540849999272	0.27759859105828616	0.19023866204169448	0.20686640656626418	0.16597501954878102	0.07667620103273942	0.15608850098654217	0.14532503743254183	0.2684952726230885	0.17594011135571513	0.16597501954878102	0.23983483396677022	0.05030938774465563	0.13922205255725098	0.13694363086132355	0.2602115936992977	0.08889755768448236	0.07667620103273942	0.05030938774465563	1.0890040068822902	0.1713066214646907	0.16457872303388377	0.21434953426224743	0.1653518801010821	0.15608850098654217	0.13922205255725098	0.1713066214646907	0.31437091247833193	0.12848755437554163	0.24649684803261027	0.15422540849999272	0.14532503743254183	0.13694363086132355	0.16457872303388377	0.12848755437554163	0.3471212813930927	0.2201550760684414	0.27759859105828616	0.2684952726230885	0.2602115936992977	0.21434953426224743	0.24649684803261027	0.2201550760684414	0.5215321573513965
0.30320803336169494	0.11836555142918254	0.12378908847503504	-0.0042681442168069	0.06335714359272959	0.12222903866432705	0.1765160044287331	0.11836555142918254	0.20806361204938847	0.19423944809029922	0.07073897194974538	0.1218532835049516	0.19194434324098159	0.24301598107586075	0.12378908847503504	0.19423944809029922	0.21194373894148608	0.07867240387203331	0.1278502792471921	0.19981102037514206	0.2508200316217874	-0.0042681442168069	0.07073897194974538	0.07867240387203331	1.0637900766172694	0.22707825557055233	0.09253650132126494	0.16455026976586565	0.06335714359272959	0.1218532835049516	0.1278502792471921	0.22707825557055233	0.4193332068850053	0.12799866754868483	0.1823377552144892	0.12222903866432705	0.19194434324098159	0.19981102037514206	0.09253650132126494	0.12799866754868483	0.22344709034123414	0.24710728101262963	0.1765160044287331	0.24301598107586075	0.2508200316217874	0.16455026976586565	0.1823377552144892	0.24710728101262963	0.4029487011431514
0.23289247353710996	0.1114004722529666	0.10368888426740612	0.03642159603628713	0.12522339890396167	0.11371440224339932	0.1352392293250066	0.1114004722529666	0.17696641140021346	0.13449791790703744	0.06945305599194196	0.15479407446600837	0.14306212362491674	0.1647627734011195	0.10368888426740612	0.13449791790703744	0.19979666405281352	0.05761601998355638	0.15036887351875786	0.14036398334544062	0.16094033969595095	0.03642159603628713	0.06945305599194196	0.05761601998355638	0.8837595969567342	0.09636562553949515	0.11533680652315159	0.10416069597753848	0.12522339890396167	0.15479407446600837	0.15036887351875786	0.09636562553949515	0.18241617133252533	0.15837438418743927	0.18040230008423863	0.11371440224339932	0.14306212362491674	0.14036398334544062	0.11533680652315159	0.15837438418743927	0.2313196178984225	0.16764267946845895	0.1352392293250066	0.1647627734011195	0.16094033969595095	0.10416069597753848	0.18040230008423863	0.16764267946845895	0.20695461550552188
0.209114099701667	0.1928014688550846	0.09908361218747819	0.1283895224249089	0.19381883053648463	0.1615577701459928	0.24469443880773276	0.1928014688550846	0.207923210819772	0.0907544465379797	0.11821775834705703	0.18577586737239632	0.15412377324857326	0.23689742738596872	0.09908361218747819	0.0907544465379797	0.3248681768949869	-0.020758529565718054	0.0904276516915352	0.08352207042243197	0.15853124769832697	0.1283895224249089	0.11821775834705703	-0.020758529565718054	0.9428776345678953	0.14911675478760494	0.17172624707661233	0.1940246355392112	0.19381883053648463	0.18577586737239632	0.0904276516915352	0.14911675478760494	0.23795378979188725	0.15593660636632528	0.23789013927361777	0.1615577701459928	0.15412377324857326	0.08352207042243197	0.17172624707661233	0.15593660636632528	0.3242025425800169	0.1997966403200801	0.24469443880773276	0.23689742738596872	0.15853124769832697	0.1940246355392112	0.23789013927361777	0.1997966403200801	0.38679369043708434
0.20012858218253887	0.1819178799965358	0.08410730795410817	0.11296977427466673	0.18360493738354142	0.1676064668872762	0.21303325685844454	0.1819178799965358	0.19900005716146138	0.074287773342463	0.10066697160606812	0.17421216649861127	0.15858048680206963	0.20367706919824036	0.08410730795410817	0.074287773342463	0.31641252727860547	-0.05534319691681472	0.0742714472012582	0.07606538260150152	0.11364812743025808	0.11296977427466673	0.10066697160606812	-0.05534319691681472	1.0029078820908899	0.13777049215283962	0.1476528286040641	0.14657778705219976	0.18360493738354142	0.17421216649861127	0.0742714472012582	0.13777049215283962	0.2305561187663899	0.16097843081165808	0.20539160783107935	0.1676064668872762	0.15858048680206963	0.07606538260150152	0.1476528286040641	0.16097843081165808	0.2717613231077271	0.18761509986990665	0.21303325685844454	0.20367706919824036	0.11364812743025808	0.14657778705219976	0.20539160783107935	0.18761509986990665	0.28084962850761686
0.36332803399069324	-0.05681283498101339	0.3287702785552574	0.2733326226895594	0.29370053831590925	0.3245042973383566	0.3601006842233854	-0.05681283498101339	0.4211954754912098	-0.052019758406769964	-0.21145645068787172	-0.06709909846492187	-0.05170358355824994	-0.004604734176294701	0.3287702785552574	-0.052019758406769964	0.3619958494352954	0.30224676312535315	0.31715512183851485	0.34963964816435394	0.3845915836745374	0.2733326226895594	-0.21145645068787172	0.30224676312535315	1.2805470961503211	0.3511284134357357	0.3121261908201444	0.35711094786565517	0.29370053831590925	-0.06709909846492187	0.31715512183851485	0.3511284134357357	0.4256265060641594	0.3136903536344959	0.34956927855088166	0.3245042973383566	-0.05170358355824994	0.34963964816435394	0.3121261908201444	0.3136903536344959	0.3712759708182496	0.37920210934445026	0.3601006842233854	-0.004604734176294701	0.3845915836745374	0.35711094786565517	0.34956927855088166	0.37920210934445026	0.4935159539405066
0.30153179953832654	-0.014783253091415344	0.25729912613811057	0.20215895739492126	0.2589525226618077	0.2532067279849714	0.27006625907130033	-0.014783253091415344	0.33043300727582564	-0.009996700954711288	-0.1444169053322388	-0.005843465645862094	-0.007943679197615319	0.005760455185118853	0.25729912613811057	-0.009996700954711288	0.2984115919008755	0.2251949310285532	0.2798011333668543	0.2742767882379266	0.2911213612022162	0.20215895739492126	-0.1444169053322388	0.2251949310285532	1.1379960444094674	0.24100450834396261	0.24708146184474428	0.24600041048583127	0.2589525226618077	-0.005843465645862094	0.2798011333668543	0.24100450834396261	0.29976764086808594	0.27541220276161105	0.2922789441658048	0.2532067279849714	-0.007943679197615319	0.2742767882379266	0.24708146184474428	0.27541220276161105	0.31740732414923967	0.28609460989217944	0.27006625907130033	0.005760455185118853	0.2911213612022162	0.24600041048583127	0.2922789441658048	0.28609460989217944	0.3197818611912038
0.2046299313173922	0.1373915418393423	0.14849064116582852	0.0498159563097033	0.12392423627683373	0.14798875622503244	0.1840032536784887	0.1373915418393423	0.17802792935456846	0.15714109984672278	0.05793933023232309	0.13174931077910618	0.15657141670836025	0.19231295934340958	0.14849064116582852	0.15714109984672278	0.18003877161977033	0.07192626122933851	0.14289334988072208	0.16868033737792204	0.20428760954612482	0.0498159563097033	0.05793933023232309	0.07192626122933851	0.9557165766363521	0.13183672098664256	0.08438593889378766	0.13011623140374315	0.12392423627683373	0.13174931077910618	0.14289334988072208	0.13183672098664256	0.26204395164785466	0.14303066741397866	0.17911859702954974	0.14798875622503244	0.15657141670836025	0.16868033737792204	0.08438593889378766	0.14303066741397866	0.19021220847556294	0.20270518739550897	0.1840032536784887	0.19231295934340958	0.20428760954612482	0.13011623140374315	0.17911859702954974	0.20270518739550897	0.3080234971820415
0.3092047461394023	0.1355608624124445	0.16698165903674805	0.29819181450678245	0.29881181557333836	0.2962528008311758	0.396619633986624	0.1355608624124445	0.3588320616724055	-0.009440605122605111	0.12313936761767058	0.13552233129012137	0.13312410146493608	0.2565951499689047	0.16698165903674805	-0.009440605122605111	0.5418604574866444	0.1477550323855024	0.1668394775850901	0.1693851225815012	0.33507808232067327	0.29819181450678245	0.12313936761767058	0.1477550323855024	0.5159993309994467	0.3006458983993256	0.2977782393156813	0.4098902986367725	0.29881181557333836	0.13552233129012137	0.1668394775850901	0.3006458983993256	0.3181865564787843	0.2959233039605449	0.3959164325946537	0.2962528008311758	0.13312410146493608	0.1693851225815012	0.2977782393156813	0.2959233039605449	0.31739525784431816	0.3914497170864576	0.396619633986624	0.2565951499689047	0.33507808232067327	0.4098902986367725	0.3959164325946537	0.3914497170864576	0.7604028673158245
1.440727162977257	0.435720072865041	-0.1781337335257982	0.43086662229109807	0.4328690328742012	-0.14620886687609508	1.1307542515264648	0.435720072865041	0.8496932168026072	0.21595137706174583	0.5469429006733058	0.5459374611360468	0.04305124948510228	1.267636144334071	-0.1781337335257982	0.21595137706174583	5.454984202887276	0.20240721113430074	0.19027161313314656	0.7430818224543855	3.9632764011762247	0.43086662229109807	0.5469429006733058	0.20240721113430074	0.893707057531233	0.8823466169078924	0.22601499937500458	1.1726367906927289	0.4328690328742012	0.5459374611360468	0.19027161313314656	0.8823466169078924	0.899912148390899	0.21567321040093293	1.1648045191817145	-0.14620886687609508	0.04305124948510228	0.7430818224543855	0.22601499937500458	0.21567321040093293	1.0600743951468439	0.5550308939654178	1.1307542515264648	1.267636144334071	3.9632764011762247	1.1726367906927289	1.1648045191817145	0.5550308939654178	5.193768404223979
1.7544017922783073	0.4881333403467696	-0.3467979516791858	0.24911658073475168	0.36110249391015137	-0.3607679081692116	1.155821485436183	0.4881333403467696	1.0384802424696526	0.20322331354980616	0.36882083329581816	0.39426901414756116	-0.10488210028889738	1.3606013207820045	-0.3467979516791858	0.20322331354980616	5.882369305863863	0.3252161013556376	0.0027867041282830796	0.9787259070999217	4.169673130854202	0.24911658073475168	0.36882083329581816	0.3252161013556376	1.3991396955379578	1.115241990028145	0.48541002941763545	1.2014142171259297	0.36110249391015137	0.39426901414756116	0.0027867041282830796	1.115241990028145	1.4762318533899705	0.18640866340848633	1.048754558329068	-0.3607679081692116	-0.10488210028889738	0.9787259070999217	0.48541002941763545	0.18640866340848633	1.3666123167184836	0.5555329513337526	1.155821485436183	1.3606013207820045	4.169673130854202	1.2014142171259297	1.048754558329068	0.5555329513337526	5.418198783140805
0.719601589156335	0.3622081588229799	-0.021715686482316587	0.5240065070362663	0.5258411219978323	0.22197594552056282	0.8387338300372593	0.3622081588229799	0.6948519707433348	0.016672146438516666	0.38408817654544825	0.3875503298558512	0.14158414265639774	0.8722140851028	-0.021715686482316587	0.016672146438516666	3.886847327483532	0.08406467196774092	0.07968987050553067	0.3513730681045699	2.615405099904351	0.5240065070362663	0.38408817654544825	0.08406467196774092	0.7253992663921962	0.6082855463919744	0.3255689209034853	0.8986213014324327	0.5258411219978323	0.3875503298558512	0.07968987050553067	0.6082855463919744	0.6144979650028747	0.2978380631043532	0.8715165737321127	0.22197594552056282	0.14158414265639774	0.3513730681045699	0.3255689209034853	0.2978380631043532	0.71999752063308	0.5762042100547929	0.8387338300372593	0.8722140851028	2.615405099904351	0.8986213014324327	0.8715165737321127	0.5762042100547929	3.5331084906025367
0.3441697827603455	0.13965341657515307	0.07931540678704237	0.28929291745053803	0.2975873926205195	0.2953716589973282	0.3582316670371343	0.13965341657515307	0.3706034372138409	-0.08002629080722269	0.10837785275450822	0.15118025420234668	0.14925414722627445	0.22548735742451112	0.07931540678704237	-0.08002629080722269	0.6674943499841052	-0.00791952560158049	0.10559506943768786	0.10796902384564169	0.23693170880562672	0.28929291745053803	0.10837785275450822	-0.00791952560158049	1.0756498655428781	0.31756513702719286	0.3155200334870447	0.4040368091591423	0.2975873926205195	0.15118025420234668	0.10559506943768786	0.31756513702719286	0.32783123232427186	0.31627635375912655	0.3775307804060793	0.2953716589973282	0.14925414722627445	0.10796902384564169	0.3155200334870447	0.31627635375912655	0.3279952204044775	0.37474876354562037	0.3582316670371343	0.22548735742451112	0.23693170880562672	0.4040368091591423	0.3775307804060793	0.37474876354562037	0.6261112879178472
0.18044118010066196	0.1302760166863987	0.14790337679417	0.05296045798940123	0.13169012496617816	0.15617966734907496	0.16602512420489463	0.1302760166863987	0.17397969454706239	0.1270247971063139	0.02527797473814389	0.11176168036719934	0.1355721042037185	0.14534337289341095	0.14790337679417	0.1270247971063139	0.18327660852629235	0.04395058121438276	0.1280546207647338	0.15410342737316254	0.16389747515167308	0.05296045798940123	0.02527797473814389	0.04395058121438276	0.9579860033368144	0.11774009096629201	0.07140813358541924	0.0743191827617848	0.13169012496617816	0.11176168036719934	0.1280546207647338	0.11774009096629201	0.2511108813982763	0.13752630241640512	0.14697731217950297	0.15617966734907496	0.1355721042037185	0.15410342737316254	0.07140813358541924	0.13752630241640512	0.1837669655140908	0.17164454326971484	0.16602512420489463	0.14534337289341095	0.16389747515167308	0.0743191827617848	0.14697731217950297	0.17164454326971484	0.1949618335316312
0.19798295793621107	0.13777728304906356	0.11873794584190399	0.11432205270155227	0.18052780841741856	0.17810187191096596	0.19539734531465153	0.13777728304906356	0.19864112517768734	0.07819447082197852	0.06349734412990331	0.14118356291955317	0.1390327202728641	0.15643016803646392	0.11873794584190399	0.07819447082197852	0.2617786699124113	0.02131902104329137	0.12287648305349036	0.12282610032506319	0.1409200337962985	0.11432205270155227	0.06349734412990331	0.02131902104329137	0.9193088945329426	0.12712768970418617	0.12874741155473204	0.1414975322769453	0.18052780841741856	0.14118356291955317	0.12287648305349036	0.12712768970418617	0.19882124159189934	0.1821036036874531	0.19933198872086005	0.17810187191096596	0.1390327202728641	0.12282610032506319	0.12874741155473204	0.1821036036874531	0.20700911776590739	0.196636756696017	0.19539734531465153	0.15643016803646392	0.1409200337962985	0.1414975322769453	0.19933198872086005	0.196636756696017	0.24261308962240796
0.1846059257050262	0.13501127466511056	0.16224360514556904	0.10066309368123331	0.1597309516480116	0.17387035293783001	0.2053003182107996	0.13501127466511056	0.1884651130893918	0.12232490376925789	0.05130378804209928	0.1214642924293833	0.13459868812707004	0.16696486089926202	0.16224360514556904	0.12232490376925789	0.1992974800264325	0.08055606349069724	0.14708564265055332	0.16224849900389188	0.19474875268972464	0.10066309368123331	0.05130378804209928	0.08055606349069724	0.8597772182135291	0.1322866248249702	0.10950527108193202	0.14804498269586408	0.1597309516480116	0.1214642924293833	0.14708564265055332	0.1322866248249702	0.2360742482192114	0.15947778673811544	0.1911627057174016	0.17387035293783001	0.13459868812707004	0.16224849900389188	0.10950527108193202	0.15947778673811544	0.1944666829319164	0.20434860928026424	0.2053003182107996	0.16696486089926202	0.19474875268972464	0.14804498269586408	0.1911627057174016	0.20434860928026424	0.2979517470533631
0.3459568984459289	-0.030784584844271767	0.25489297946447476	0.2053547325846835	0.22659368445713546	0.26732160157910134	0.2756103344249522	-0.030784584844271767	0.3520236191816893	-0.02414106053346323	-0.134425506107704	-0.031387417618478075	-0.008490982315105993	0.0008751082528621086	0.25489297946447476	-0.02414106053346323	0.347745297904242	0.25044226935840513	0.2656280905442011	0.3122068676277172	0.3204113694759044	0.2053547325846835	-0.134425506107704	0.25044226935840513	1.0406955516379788	0.3114370283700355	0.27391351143508225	0.28178742136722484	0.22659368445713546	-0.031387417618478075	0.2656280905442011	0.3114370283700355	0.41795521238263944	0.27840036847376487	0.28649116642319167	0.26732160157910134	-0.008490982315105993	0.3122068676277172	0.27391351143508225	0.27840036847376487	0.3330612084214986	0.331328490875072	0.2756103344249522	0.0008751082528621086	0.3204113694759044	0.28178742136722484	0.28649116642319167	0.331328490875072	0.35505016330791084
0.37649758699201796	0.012749927623768365	0.27712388733324644	0.3231584882814359	0.3159289235244433	0.35513409137314844	0.42235380120628774	0.012749927623768365	0.4600526780579793	-0.07578292054406385	-0.10007741851184884	-0.0012175637245223497	0.015830555197617523	0.11725875135447719	0.27712388733324644	-0.07578292054406385	0.5185441770629329	0.20478648219500217	0.2438626985043812	0.2918276976313133	0.3857825233226503	0.3231584882814359	-0.10007741851184884	0.20478648219500217	1.3221563711905528	0.39798018316501055	0.34097683717167254	0.4555492444448574	0.3159289235244433	-0.0012175637245223497	0.2438626985043812	0.39798018316501055	0.46234977507187275	0.3277567249459808	0.39863298323416557	0.35513409137314844	0.015830555197617523	0.2918276976313133	0.34097683717167254	0.3277567249459808	0.3742222327171517	0.43345898983939585	0.42235380120628774	0.11725875135447719	0.3857825233226503	0.4555492444448574	0.39863298323416557	0.43345898983939585	0.697955688206878
0.3730630163512798	-0.06192937767146417	0.2884482905945369	0.24972056826946978	0.2694276333548531	0.30901559805517387	0.31743032773006885	-0.06192937767146417	0.4038781673929286	-0.07333552681135541	-0.20317296573419416	-0.06710751061843886	-0.047275509399657634	-0.036996142451686975	0.2884482905945369	-0.07333552681135541	0.39658228950591523	0.2748419246939935	0.2950351708198181	0.340263518797089	0.34877052754680765	0.24972056826946978	-0.20317296573419416	0.2748419246939935	1.2297012905985463	0.35761655067914083	0.3134776334945595	0.3222726936503298	0.2694276333548531	-0.06710751061843886	0.2950351708198181	0.35761655067914083	0.44048151838821564	0.3163744426765613	0.3246432444604568	0.30901559805517387	-0.047275509399657634	0.340263518797089	0.3134776334945595	0.3163744426765613	0.3678511920944203	0.367255932503002	0.31743032773006885	-0.036996142451686975	0.34877052754680765	0.3222726936503298	0.3246432444604568	0.367255932503002	0.39264466044338575
0.439263524618397	0.03480506600813732	0.2025885664818035	0.4311710505750692	0.3924918115931996	0.41899189706851886	0.48925917021315823	0.03480506600813732	0.5634090730170914	-0.24189937717000579	-0.05375941990306723	0.023196407106003708	0.025915543769254347	0.13189798874513683	0.2025885664818035	-0.24189937717000579	0.8808951866941869	0.046353555308648674	0.14096191682598724	0.20319539645385515	0.3532930386045037	0.4311710505750692	-0.05375941990306723	0.046353555308648674	1.436986273982977	0.4975109353789373	0.43660629636400217	0.5301682422916609	0.3924918115931996	0.023196407106003708	0.14096191682598724	0.4975109353789373	0.540794769101948	0.3795082584592076	0.4526015135589441	0.41899189706851886	0.025915543769254347	0.20319539645385515	0.43660629636400217	0.3795082584592076	0.45384953935567773	0.47322851162592183	0.48925917021315823	0.13189798874513683	0.3532930386045037	0.5301682422916609	0.4526015135589441	0.47322851162592183	0.7714390519283962
0.5105501884080478	0.059803180937846534	0.2476348457068579	0.4515707835780019	0.4417052031162713	0.43004011062659014	0.611640168517869	0.059803180937846534	0.6926753824899781	-0.1414026070395033	0.05025513567683747	0.059723420926501306	0.052925736124074654	0.3817471239375112	0.2476348457068579	-0.1414026070395033	1.1434059701004968	0.2928746887077583	0.3030628642426184	0.3025979688329509	0.7849513573572359	0.4515707835780019	0.05025513567683747	0.2928746887077583	0.699672715125774	0.4998488644306822	0.48976589171263296	0.67826130148637	0.4417052031162713	0.059723420926501306	0.3030628642426184	0.4998488644306822	0.49404690769430704	0.4757969654045143	0.642265791226255	0.43004011062659014	0.052925736124074654	0.3025979688329509	0.48976589171263296	0.4757969654045143	0.499508578754404	0.6257872720338883	0.611640168517869	0.3817471239375112	0.7849513573572359	0.67826130148637	0.642265791226255	0.6257872720338883	1.5156453387366577
0.3274874890484589	-0.008071991326219663	0.284296130685244	0.2680847001286927	0.2939001862809628	0.289448195629284	0.3439537240120275	-0.008071991326219663	0.37878694598869417	-0.052893012665058685	-0.12915631756799262	-0.021294854956253516	-0.02139247089310622	0.021910928783757628	0.284296130685244	-0.052893012665058685	0.37825369727291913	0.21201325884253258	0.25513928587390766	0.2592233517384865	0.31045211577330595	0.2680847001286927	-0.12915631756799262	0.21201325884253258	1.0536357542005441	0.2993984578234681	0.2919685149013553	0.30269868222474067	0.2939001862809628	-0.021294854956253516	0.25513928587390766	0.2993984578234681	0.38710700791943975	0.2649335897389934	0.3172478743071354	0.289448195629284	-0.02139247089310622	0.2592233517384865	0.2919685149013553	0.2649335897389934	0.39982143766364386	0.309883437187273	0.3439537240120275	0.021910928783757628	0.31045211577330595	0.30269868222474067	0.3172478743071354	0.309883437187273	0.42031615416822987
0.4385484070385323	0.04584080321244738	0.32659204168409606	0.4244023693339548	0.4213478885802234	0.4088461751523994	0.5921798046728853	0.04584080321244738	0.6087318056280101	-0.06044355355618217	0.04504060103078045	0.04677655960725401	0.04018477131767367	0.34177832172476674	0.32659204168409606	-0.06044355355618217	0.7153345306760432	0.33732535182365464	0.3356215948974887	0.33033961106457943	0.6342047459226451	0.4244023693339548	0.04504060103078045	0.33732535182365464	0.46259340694742396	0.43266063586455755	0.42041521913569063	0.603734962493047	0.4213478885802234	0.04677655960725401	0.3356215948974887	0.43266063586455755	0.43933306582074594	0.4167357251025261	0.5971913611182736	0.4088461751523994	0.04018477131767367	0.33033961106457943	0.42041521913569063	0.4167357251025261	0.4493546724552566	0.5772090260312793	0.5921798046728853	0.34177832172476674	0.6342047459226451	0.603734962493047	0.5971913611182736	0.5772090260312793	1.3185982906654468
0.5170844712561193	0.11400709148304639	0.3337857698288427	0.49198883902079826	0.48797138680318186	0.45862181543631847	0.7572317112602546	0.11400709148304639	0.7871391605383	-0.0018636394389042743	0.11174498825880491	0.11231585594353477	0.09428746204885226	0.6433859451548435	0.3337857698288427	-0.0018636394389042743	1.3900561189550427	0.3531194411813491	0.3516219791894025	0.3456039209965801	1.1853236607523139	0.49198883902079826	0.11174498825880491	0.3531194411813491	0.5502304611864609	0.5083103750281167	0.47962207830168924	0.775343032808406	0.48797138680318186	0.11231585594353477	0.3516219791894025	0.5083103750281167	0.5111382442313563	0.4743467115519864	0.7632655577043803	0.45862181543631847	0.09428746204885226	0.3456039209965801	0.47962207830168924	0.4743467115519864	0.5231887455375199	0.7170566892701633	0.7572317112602546	0.6433859451548435	1.1853236607523139	0.775343032808406	0.7632655577043803	0.7170566892701633	2.2198660186608885
0.7127631727717376	0.15869833186076987	0.04878245769750977	0.5200897221669364	0.5179025693266097	0.38444052338324874	0.7208689580525038	0.15869833186076987	0.8942182752902036	-0.11709928387657054	0.13188772077635857	0.13244024281542147	0.05476966217078322	0.6945836488926354	0.04878245769750977	-0.11709928387657054	3.2299790917967517	0.2002377267084878	0.197964572434219	0.2899384168144227	2.1100617452185366	0.5200897221669364	0.13188772077635857	0.2002377267084878	0.6684305237164506	0.6520721954376696	0.5120230609804608	0.7774117257683653	0.5179025693266097	0.13244024281542147	0.197964572434219	0.6520721954376696	0.6572518687376311	0.5075071558141919	0.7720658522198925	0.38444052338324874	0.05476966217078322	0.2899384168144227	0.5120230609804608	0.5075071558141919	0.6686651103718654	0.6405025243325277	0.7208689580525038	0.6945836488926354	2.1100617452185366	0.7774117257683653	0.7720658522198925	0.6405025243325277	2.888455295290922
0.6739479957240027	0.14035155787972448	0.02815724496089972	0.5390068748444607	0.5366133554030383	0.4140477520701483	0.6796722295674448	0.14035155787972448	0.866945324399226	-0.2287658879112655	0.12327095145100157	0.1239994085932605	0.05314059932195084	0.5727821482708628	0.02815724496089972	-0.2287658879112655	2.949029287667604	0.14581208816329272	0.1451333900660585	0.23411410470302726	1.7510913559268104	0.5390068748444607	0.12327095145100157	0.14581208816329272	0.654418833652062	0.6328855109333826	0.5069479772267766	0.7329558474109853	0.5366133554030383	0.1239994085932605	0.1451333900660585	0.6328855109333826	0.6369548391035018	0.5022061150583537	0.7273379648525323	0.4140477520701483	0.05314059932195084	0.23411410470302726	0.5069479772267766	0.5022061150583537	0.6464213078679601	0.6106995683071034	0.6796722295674448	0.5727821482708628	1.7510913559268104	0.7329558474109853	0.7273379648525323	0.6106995683071034	2.4613761945447723
