0.10750074332412682	-0.06380676940468993	0.016206208754897485	0.050848693216059664	0.13702885439387844	0.05741823376758936	0.07591220250334586	0.07779998230512702	0.06712326060054244	0.06160749708896728	-0.06380676940468993	0.6186215007576261	-0.08213369046560504	0.030723440838601207	-0.02198716269073522	-0.06837502282107352	-0.05307899218181654	0.05852177685103968	-0.05791579803146533	-0.07189942738116363	0.016206208754897485	-0.08213369046560504	0.16914946522167437	0.034217772752447265	0.15885733235609928	0.027923916013508868	0.05730442480133334	0.04441345269800107	0.040428682550490695	0.040913990872556885	0.050848693216059664	0.030723440838601207	0.034217772752447265	0.5132908033657677	0.1280323773579189	0.051485356261236154	0.06448388218813172	0.04571037559374252	0.0593529455431432	0.052216540712342774	0.13702885439387844	-0.02198716269073522	0.15885733235609928	0.1280323773579189	0.42606683848659566	0.1215829997103425	0.11253889173732837	0.15203531780397275	0.12442428466037514	0.11494189292993569	0.05741823376758936	-0.06837502282107352	0.027923916013508868	0.051485356261236154	0.1215829997103425	0.10368489361368385	0.07380175462383719	0.08131487924054388	0.06745374168925017	0.061067089985703704	0.07591220250334586	-0.05307899218181654	0.05730442480133334	0.06448388218813172	0.11253889173732837	0.07380175462383719	0.10545156398025135	0.09752648067234299	0.08163784553490816	0.07419078459466721	0.07779998230512702	0.05852177685103968	0.04441345269800107	0.04571037559374252	0.15203531780397275	0.08131487924054388	0.09752648067234299	0.33472184558007684	0.08961187574921456	0.08526539505234156	0.06712326060054244	-0.05791579803146533	0.040428682550490695	0.0593529455431432	0.12442428466037514	0.06745374168925017	0.08163784553490816	0.08961187574921456	0.08918215137233874	0.06939027587920771	0.06160749708896728	-0.07189942738116363	0.040913990872556885	0.052216540712342774	0.11494189292993569	0.061067089985703704	0.07419078459466721	0.08526539505234156	0.06939027587920771	0.10786939426216176
0.10917385585741705	-0.05820189270605622	0.04277297240551822	0.05349515567657078	0.11850529659065082	0.02229306670346236	0.08420831975281678	0.07394790637680038	0.059972149541047196	0.0681005014250995	-0.05820189270605622	0.590812689751801	-0.05978122706016392	0.02112398557246401	-0.029134987911690297	-0.09572524736633324	-0.04585780908270464	0.03304046310442872	-0.05739765141850767	-0.051888646953546724	0.04277297240551822	-0.05978122706016392	0.13424204368523757	0.05288085553749043	0.11886707854332529	0.01676606450507788	0.08358877061013428	0.06932714326861213	0.056195101234656895	0.06471607293307427	0.05349515567657078	0.02112398557246401	0.05288085553749043	0.4322322182559929	0.11057671387270845	0.02909488353799322	0.07395853025064103	0.058375776299950125	0.05947460494313509	0.06542732643778867	0.11850529659065082	-0.029134987911690297	0.11886707854332529	0.11057671387270845	0.33552367232678887	0.09165652133249545	0.0962342507103883	0.12973336018340628	0.10915746786180078	0.11200623175213924	0.02229306670346236	-0.09572524736633324	0.01676606450507788	0.02909488353799322	0.09165652133249545	0.14995454712860476	0.05614633443665369	0.049935824768732186	0.032908347371006154	0.040988701626365476	0.08420831975281678	-0.04585780908270464	0.08358877061013428	0.07395853025064103	0.0962342507103883	0.05614633443665369	0.13035594212679757	0.10126985279060369	0.08228855939446736	0.0875433326750222	0.07394790637680038	0.03304046310442872	0.06932714326861213	0.058375776299950125	0.12973336018340628	0.049935824768732186	0.10126985279060369	0.26642569869406024	0.08203362684628265	0.08952896360457642	0.059972149541047196	-0.05739765141850767	0.056195101234656895	0.05947460494313509	0.10915746786180078	0.032908347371006154	0.08228855939446736	0.08203362684628265	0.10120989142497872	0.07321523754213675	0.0681005014250995	-0.051888646953546724	0.06471607293307427	0.06542732643778867	0.11200623175213924	0.040988701626365476	0.0875433326750222	0.08952896360457642	0.07321523754213675	0.08961992253630516
0.11084990671936513	-0.05605958409815709	0.030775341478942383	0.059077004890303784	0.1436286143932063	0.04387993908150785	0.08291690006853418	0.08533159850617211	0.07480661734791452	0.06915423100242987	-0.05605958409815709	0.623272663643568	-0.07261107542788407	0.03050121072978197	-0.016790171326492125	-0.08467547992449118	-0.04754899129250677	0.06532922734057091	-0.05138987696515158	-0.06454166218316511	0.030775341478942383	-0.07261107542788407	0.1795153549403067	0.043676677707952666	0.17031512338906893	0.011527661966622776	0.06783244079695995	0.054142755309144044	0.050090881849016444	0.04962351708001313	0.059077004890303784	0.03050121072978197	0.043676677707952666	0.48975397566449475	0.13601703861963316	0.04049621790077815	0.07028258412707548	0.0534913384904217	0.0658803648319985	0.05900725128962632	0.1436286143932063	-0.016790171326492125	0.17031512338906893	0.13601703861963316	0.4609420071276642	0.12315963850932728	0.11278237121150686	0.15980992800855087	0.13091850491688475	0.12195233993369875	0.04387993908150785	-0.08467547992449118	0.011527661966622776	0.04049621790077815	0.12315963850932728	0.1422117838695824	0.06162300076769058	0.06765268567631505	0.05394053855967856	0.04812687015366969	0.08291690006853418	-0.04754899129250677	0.06783244079695995	0.07028258412707548	0.11278237121150686	0.06162300076769058	0.11489768457205622	0.10281574223929238	0.08689884947595695	0.07954945304981659	0.08533159850617211	0.06532922734057091	0.054142755309144044	0.0534913384904217	0.15980992800855087	0.06765268567631505	0.10281574223929238	0.34105423323005124	0.09505893946298015	0.09065542317926889	0.07480661734791452	-0.05138987696515158	0.050090881849016444	0.0658803648319985	0.13091850491688475	0.05394053855967856	0.08689884947595695	0.09505893946298015	0.09252581845112391	0.07556896748119238	0.06915423100242987	-0.06454166218316511	0.04962351708001313	0.05900725128962632	0.12195233993369875	0.04812687015366969	0.07954945304981659	0.09065542317926889	0.07556896748119238	0.10999517174760216
0.11476707799326022	-0.08013796173780957	0.060876317502330524	0.05618691051329291	0.13936735548941806	0.021276980412817368	0.09108139166746082	0.08356069937435724	0.0711640489988955	0.07983497438133791	-0.08013796173780957	0.7551724248732504	-0.0807127832062581	0.03750496053481656	-0.05026957426020008	-0.13564243557204278	-0.07126507888213422	0.05709643935495087	-0.08256557930293709	-0.07690659214440593	0.060876317502330524	-0.0807127832062581	0.13464029815604042	0.05676250106400368	0.1406275689972644	0.016645680911645117	0.09001685884233587	0.0798129012092495	0.0683186299081523	0.077315748515141	0.05618691051329291	0.03750496053481656	0.05676250106400368	0.5410383846621286	0.12406839616526434	0.018852110953259216	0.07129942671950021	0.04788404615346256	0.0588273226704083	0.06487281239898195	0.13936735548941806	-0.05026957426020008	0.1406275689972644	0.12406839616526434	0.3916140296500204	0.1097473322712351	0.1123751076749964	0.15097607653534234	0.12673728991303299	0.12854477606122677	0.021276980412817368	-0.13564243557204278	0.016645680911645117	0.018852110953259216	0.1097473322712351	0.17833907545617309	0.0515057961016506	0.04478963578301294	0.028917538364871924	0.03818353546839928	0.09108139166746082	-0.07126507888213422	0.09001685884233587	0.07129942671950021	0.1123751076749964	0.0515057961016506	0.1286720677919133	0.10715934836940849	0.08891312588938069	0.09512412899396083	0.08356069937435724	0.05709643935495087	0.0798129012092495	0.04788404615346256	0.15097607653534234	0.04478963578301294	0.10715934836940849	0.33408124706138054	0.08865358711840934	0.09708367944559337	0.0711640489988955	-0.08256557930293709	0.0683186299081523	0.0588273226704083	0.12673728991303299	0.028917538364871924	0.08891312588938069	0.08865358711840934	0.11211183726035223	0.0817068353512515	0.07983497438133791	-0.07690659214440593	0.077315748515141	0.06487281239898195	0.12854477606122677	0.03818353546839928	0.09512412899396083	0.09708367944559337	0.0817068353512515	0.0994693307095255
0.10372614685758452	-0.05519264648043061	0.033021261089540954	0.05045878225483371	0.10584027412839224	0.03855008084783179	0.08649529766552327	0.07436299983818	0.05481516657861655	0.06816685656128113	-0.05519264648043061	0.5558427990813198	-0.06428612813508264	0.03407894413891002	-0.03064925132081975	-0.07920214659705632	-0.04378156891852348	0.012146320101443463	-0.06118754037795299	-0.05027257974151261	0.033021261089540954	-0.06428612813508264	0.15103746815004893	0.040913530196720435	0.10476668059345341	0.019160952866508027	0.08494564289622186	0.05699346174760884	0.03881434438402218	0.05370639032695944	0.05045878225483371	0.03407894413891002	0.040913530196720435	0.49863222245802946	0.10004428516414444	0.03616003475007053	0.07151489123981394	0.05302634628598382	0.049765256151746894	0.060135827938496256	0.10584027412839224	-0.03064925132081975	0.10476668059345341	0.10004428516414444	0.29761142398364526	0.08752707394720192	0.08810950933820008	0.11665463181038713	0.0966209209020488	0.10381345287009697	0.03855008084783179	-0.07920214659705632	0.019160952866508027	0.03616003475007053	0.08752707394720192	0.127620133774728	0.06751389045592146	0.05963717423915523	0.03842764650016108	0.05153610757548352	0.08649529766552327	-0.04378156891852348	0.08494564289622186	0.07151489123981394	0.08810950933820008	0.06751389045592146	0.14077153067332937	0.09930679523331383	0.07779649615696003	0.08675020243371805	0.07436299983818	0.012146320101443463	0.05699346174760884	0.05302634628598382	0.11665463181038713	0.05963717423915523	0.09930679523331383	0.2212057142135906	0.0734292814894546	0.08592779739836245	0.05481516657861655	-0.06118754037795299	0.03881434438402218	0.049765256151746894	0.0966209209020488	0.03842764650016108	0.07779649615696003	0.0734292814894546	0.10764639042886812	0.06565871779984131	0.06816685656128113	-0.05027257974151261	0.05370639032695944	0.060135827938496256	0.10381345287009697	0.05153610757548352	0.08675020243371805	0.08592779739836245	0.06565871779984131	0.08630168719106072
0.15068359942258255	0.09313501790266171	-0.0053382580341150825	0.09702205203210072	0.10390765888636	0.06589371588884306	0.09234053448119972	0.10191978836881406	-0.06357014943829208	0.0932422920147906	0.09313501790266171	0.13503184565093493	0.008608340470718885	0.10015508093600206	0.10374465408405398	0.06738777560421105	0.06630477790298343	0.10299246767663346	-0.060003573224368584	0.0936928492754068	-0.0053382580341150825	0.008608340470718885	0.5843384853206797	0.022977793354138975	0.021922296879065394	-0.028090898111684748	0.27315566122618995	0.016243295134180078	-0.12589492056746088	0.015374724760938242	0.09702205203210072	0.10015508093600206	0.022977793354138975	0.2676620847788486	0.10940736234639115	0.07349295718052282	0.0808886841015456	0.10603220917305022	-0.04633993073088351	0.09832771957659306	0.10390765888636	0.10374465408405398	0.021922296879065394	0.10940736234639115	0.16977644531794117	0.07902892835528959	0.05960982579037995	0.11281074539291026	-0.04223046836539681	0.10423468764520917	0.06589371588884306	0.06738777560421105	-0.028090898111684748	0.07349295718052282	0.07902892835528959	0.1776498185266275	0.061532340996332174	0.0770008214537043	-0.09051384744415977	0.06793698611804837	0.09234053448119972	0.06630477790298343	0.27315566122618995	0.0808886841015456	0.05960982579037995	0.061532340996332174	0.2600456929081642	0.07720601312134882	0.014668051614381214	0.06724413520066061	0.10191978836881406	0.10299246767663346	0.016243295134180078	0.10603220917305022	0.11281074539291026	0.0770008214537043	0.07720601312134882	0.12302674868433064	-0.05000811373560393	0.10293890848398993	-0.06357014943829208	-0.060003573224368584	-0.12589492056746088	-0.04633993073088351	-0.04223046836539681	-0.09051384744415977	0.014668051614381214	-0.05000811373560393	0.4328759529411533	-0.059924092917952296	0.0932422920147906	0.0936928492754068	0.015374724760938242	0.09832771957659306	0.10423468764520917	0.06793698611804837	0.06724413520066061	0.10293890848398993	-0.059924092917952296	0.11985197547059931
0.18218389330979348	0.07893641740989808	0.08497875182867806	0.14371554814618598	0.16231759690221373	0.1549683255536603	0.13204881622640857	0.1675623378580065	-0.2050395225119258	0.16206646288912746	0.07893641740989808	0.4720007139301687	0.025067807646109413	0.11682055747312335	0.06985757153098388	0.06790993911253479	0.03711863385562307	0.0892529376383084	-0.3000263448053717	0.07512028793071163	0.08497875182867806	0.025067807646109413	0.5307701132771572	0.09076389589621928	0.1417379539777553	0.07694011174050003	0.2312566779462993	0.09447957221808333	-0.3255368837315159	0.0942354400390571	0.14371554814618598	0.11682055747312335	0.09076389589621928	0.49643121331179657	0.1578703540275572	0.1359673055269313	0.11989934724615502	0.14469272278260897	-0.17833446488310578	0.14227084711003263	0.16231759690221373	0.06985757153098388	0.1417379539777553	0.1578703540275572	0.39395499798030603	0.15401400034431786	0.08006461509474921	0.16457000996749424	-0.10182007688310846	0.1589790403220604	0.1549683255536603	0.06790993911253479	0.07694011174050003	0.1359673055269313	0.15401400034431786	0.19474890077778523	0.12264307732919462	0.1589344803384134	-0.2150733020354472	0.15326920535763872	0.13204881622640857	0.03711863385562307	0.2312566779462993	0.11989934724615502	0.08006461509474921	0.12264307732919462	0.24081558431968011	0.13247772804812782	-0.09469074332832096	0.12523681916574286	0.1675623378580065	0.0892529376383084	0.09447957221808333	0.14469272278260897	0.16457000996749424	0.1589344803384134	0.13247772804812782	0.19692448748159305	-0.19561823038662918	0.16577178062634448	-0.2050395225119258	-0.3000263448053717	-0.3255368837315159	-0.17833446488310578	-0.10182007688310846	-0.2150733020354472	-0.09469074332832096	-0.19561823038662918	0.9296836278851226	-0.20240039861639691	0.16206646288912746	0.07512028793071163	0.0942354400390571	0.14227084711003263	0.1589790403220604	0.15326920535763872	0.12523681916574286	0.16577178062634448	-0.20240039861639691	0.17362620784727095
0.1883501417469495	0.131733216531908	0.015845472251136576	0.13207258712323927	0.14189994042806056	0.09506240641700014	0.10712276390881388	0.13658383810567065	-0.13654552340221593	0.10971454421531003	0.131733216531908	0.15672474900238315	0.036943839090316496	0.13604354695235002	0.14046997229558086	0.09946953657437999	0.08817515624623462	0.139754586103802	-0.12645979053257386	0.11203025197823693	0.015845472251136576	0.036943839090316496	0.6222215363703613	0.044973261217925616	0.07471857708351344	-0.015086512742131561	0.2651277111193895	0.04110666905640613	-0.2122178250788481	0.04455482736427162	0.13207258712323927	0.13604354695235002	0.044973261217925616	0.24909813258954938	0.14593033794703406	0.10156865718873762	0.09487373148663977	0.1397439880420296	-0.11487570616057483	0.11389601455363053	0.14189994042806056	0.14046997229558086	0.07471857708351344	0.14593033794703406	0.3724770604709138	0.11182821229961942	0.036120470430822546	0.14587563613575194	-0.06639860778772672	0.12190072524129432	0.09506240641700014	0.09946953657437999	-0.015086512742131561	0.10156865718873762	0.11182821229961942	0.23045807730210605	0.07300877986297838	0.10493556160890057	-0.17282125931578024	0.07724629380346987	0.10712276390881388	0.08817515624623462	0.2651277111193895	0.09487373148663977	0.036120470430822546	0.07300877986297838	0.26622255883901574	0.09434286928912332	-0.03385440191343564	0.06641748314121763	0.13658383810567065	0.139754586103802	0.04110666905640613	0.1397439880420296	0.14587563613575194	0.10493556160890057	0.09434286928912332	0.1539153736635523	-0.12041740679343518	0.11766721355378933	-0.13654552340221593	-0.12645979053257386	-0.2122178250788481	-0.11487570616057483	-0.06639860778772672	-0.17282125931578024	-0.03385440191343564	-0.12041740679343518	0.6961784948145782	-0.1522026646952081	0.10971454421531003	0.11203025197823693	0.04455482736427162	0.11389601455363053	0.12190072524129432	0.07724629380346987	0.06641748314121763	0.11766721355378933	-0.1522026646952081	0.18152686233711127
0.15790348608254196	0.11068350904160308	0.057269664528270287	0.1154918818987259	0.12693085674646226	0.09043794528950909	0.11041900427823408	0.12254787162213442	-0.13943087948054075	0.11694189503296516	0.11068350904160308	0.16280418768675242	0.06421939209386318	0.11477273006755287	0.11792026015075335	0.08599756781281342	0.08961084326165392	0.117873530551762	-0.1380317718994585	0.1114359581156991	0.057269664528270287	0.06421939209386318	0.395227046145651	0.07543265374754472	0.09855220439056353	0.03355843483832956	0.18621612283021893	0.07439035567825725	-0.19697333988925186	0.07229055625242585	0.1154918818987259	0.11477273006755287	0.07543265374754472	0.33574901507203336	0.13047757295445533	0.09345566943517543	0.10334643197244645	0.12140853035745783	-0.11392252809674118	0.11708700040583606	0.12693085674646226	0.11792026015075335	0.09855220439056353	0.13047757295445533	0.2954545699518869	0.10406113863486524	0.06459950102216291	0.13076749747851854	-0.07826160440135943	0.1250866412734768	0.09043794528950909	0.08599756781281342	0.03355843483832956	0.09345566943517543	0.10406113863486524	0.19051543760771422	0.08581696006825798	0.0988250299806846	-0.16670831580684403	0.09289669596274318	0.11041900427823408	0.08961084326165392	0.18621612283021893	0.10334643197244645	0.06459950102216291	0.08581696006825798	0.21581666100873367	0.10375818215641677	-0.03895178868527965	0.09628801871718715	0.12254787162213442	0.117873530551762	0.07439035567825725	0.12140853035745783	0.13076749747851854	0.0988250299806846	0.10375818215641677	0.14338814465890426	-0.12421240857565846	0.12378644470462886	-0.13943087948054075	-0.1380317718994585	-0.19697333988925186	-0.11392252809674118	-0.07826160440135943	-0.16670831580684403	-0.03895178868527965	-0.12421240857565846	0.6434607490631685	-0.13092210755971387	0.11694189503296516	0.1114359581156991	0.07229055625242585	0.11708700040583606	0.1250866412734768	0.09289669596274318	0.09628801871718715	0.12378644470462886	-0.13092210755971387	0.13316659522310179
0.17138668519966155	0.08889788366530389	0.053949145093032724	0.09135656381423243	0.09640088102569011	0.03658481824528719	0.12426997302742059	0.09678741163951846	-0.08265426603689152	0.09036054906470219	0.08889788366530389	0.1286037127521542	0.07051521065310365	0.10181409727304458	0.10426497614170527	0.04828450643806985	0.0869340010338466	0.1060029970155248	-0.06822170384633823	0.09877001429665139	0.053949145093032724	0.07051521065310365	0.2821558288675015	0.07695298290781263	0.07801851801178004	0.015572046004695306	0.16329066794167338	0.07821104823727101	-0.08846542132777385	0.0733800451082924	0.09135656381423243	0.10181409727304458	0.07695298290781263	0.2756320797055131	0.10771638527576295	0.05411765670110579	0.09749332585315364	0.10669807168671251	-0.05552457184283592	0.1016331238048117	0.09640088102569011	0.10426497614170527	0.07801851801178004	0.10771638527576295	0.14058254857753216	0.05671162949539159	0.08520837320213527	0.11251986292233676	-0.056710728670436444	0.10583767308902844	0.03658481824528719	0.04828450643806985	0.015572046004695306	0.05411765670110579	0.05671162949539159	0.21555834125821252	0.07466785706810204	0.05761568892915789	-0.12561842340676332	0.050293334682284516	0.12426997302742059	0.0869340010338466	0.16329066794167338	0.09749332585315364	0.08520837320213527	0.07466785706810204	0.22160934015897144	0.0982690306854076	0.02299573235945679	0.08796336991368194	0.09678741163951846	0.1060029970155248	0.07821104823727101	0.10669807168671251	0.11251986292233676	0.05761568892915789	0.0982690306854076	0.13559420336577577	-0.05881763354083835	0.1071477012966987	-0.08265426603689152	-0.06822170384633823	-0.08846542132777385	-0.05552457184283592	-0.056710728670436444	-0.12561842340676332	0.02299573235945679	-0.05881763354083835	0.4628545276452651	-0.06679183143532577	0.09036054906470219	0.09877001429665139	0.0733800451082924	0.1016331238048117	0.10583767308902844	0.050293334682284516	0.08796336991368194	0.1071477012966987	-0.06679183143532577	0.11609488039048856
0.16948209863529623	0.09887007791528456	0.0450168662572998	0.10583187872352706	0.10968349310707828	0.06958014854247851	0.11649786110260109	0.110224547487049	-0.11555603837660956	0.1034458556860936	0.09887007791528456	0.15374385011594166	0.053532728456586416	0.10916131775058144	0.11077040940596888	0.07180349767991272	0.0794056737627191	0.11234133333666685	-0.11160210925439101	0.10462904508415309	0.0450168662572998	0.053532728456586416	0.4038622817612716	0.0644915485913758	0.06401450607131741	0.020517131674475178	0.2161232935059027	0.06438816746457596	-0.13261411088288472	0.06061512181913198	0.10583187872352706	0.10916131775058144	0.0644915485913758	0.21999333346058672	0.11832471827953187	0.08072966390967398	0.09367664499269768	0.11812771056189815	-0.09525425076000782	0.11204436081261886	0.10968349310707828	0.11077040940596888	0.06401450607131741	0.11832471827953187	0.147190949216961	0.0836075656903713	0.08275085573089433	0.12242528733704902	-0.09560761782513712	0.11556639718317953	0.06958014854247851	0.07180349767991272	0.020517131674475178	0.08072966390967398	0.0836075656903713	0.1949532822366983	0.07907740108808757	0.08443234465364893	-0.14452998201073544	0.07711825185227825	0.11649786110260109	0.0794056737627191	0.2161232935059027	0.09367664499269768	0.08275085573089433	0.07907740108808757	0.2453015423215682	0.09452225290348612	0.013831443297584942	0.08447249339035008	0.110224547487049	0.11234133333666685	0.06438816746457596	0.11812771056189815	0.12242528733704902	0.08443234465364893	0.09452225290348612	0.14076091841934635	-0.09773739574996264	0.11651172774753542	-0.11555603837660956	-0.11160210925439101	-0.13261411088288472	-0.09525425076000782	-0.09560761782513712	-0.14452998201073544	0.013831443297584942	-0.09773739574996264	0.5703782981180969	-0.10643779434087508	0.1034458556860936	0.10462904508415309	0.06061512181913198	0.11204436081261886	0.11556639718317953	0.07711825185227825	0.08447249339035008	0.11651172774753542	-0.10643779434087508	0.128027773031475
0.1552916427172106	0.06355388586048558	0.029713917998242308	0.08259488129457357	0.08575649337508522	0.04958288393296556	0.11749091959723859	0.0877164757407695	-0.04887126924796409	0.08055435113171781	0.06355388586048558	0.17383075578756824	0.02819857323787953	0.07882385009354179	0.07762716663232638	0.041609658068838554	0.061026314317563765	0.081952296413722	-0.05686000669399195	0.07221173879614827	0.029713917998242308	0.02819857323787953	0.36624885512500716	0.05047161188066195	0.04926567495242229	0.011726603512600214	0.20626515522034228	0.05154878040689201	-0.06655790423634639	0.04647719552378837	0.08259488129457357	0.07882385009354179	0.05047161188066195	0.2012476003488243	0.09725986846060392	0.06335338870648967	0.08871803386676969	0.09808276256425208	-0.030793223584434246	0.0920178599162056	0.08575649337508522	0.07762716663232638	0.04926567495242229	0.09725986846060392	0.11657241617276565	0.06564932117849276	0.08062267705907518	0.10233772301689957	-0.031071349932363372	0.09508921875972949	0.04958288393296556	0.041609658068838554	0.011726603512600214	0.06335338870648967	0.06564932117849276	0.16468417345958847	0.07644756713227059	0.06813430541335189	-0.07024407537503323	0.06029754454888224	0.11749091959723859	0.061026314317563765	0.20626515522034228	0.08871803386676969	0.08062267705907518	0.07644756713227059	0.24833345707745072	0.09210750032396595	0.04280782703204186	0.08056749124251746	0.0877164757407695	0.081952296413722	0.05154878040689201	0.09808276256425208	0.10233772301689957	0.06813430541335189	0.09210750032396595	0.13258093153076544	-0.029408385598551818	0.09735669233855214	-0.04887126924796409	-0.05686000669399195	-0.06655790423634639	-0.030793223584434246	-0.031071349932363372	-0.07024407537503323	0.04280782703204186	-0.029408385598551818	0.3699481387079415	-0.03802978043854187	0.08055435113171781	0.07221173879614827	0.04647719552378837	0.0920178599162056	0.09508921875972949	0.06029754454888224	0.08056749124251746	0.09735669233855214	-0.03802978043854187	0.10547088243115484
0.22157684730043717	0.1663785025228278	0.05171980370162566	0.16596560951453626	0.1698821027379222	0.1550046310284457	0.1274888252860643	0.17217248543048788	-0.2587661646132587	0.13783834849152432	0.1663785025228278	0.19517406206589977	0.07073016456028139	0.16771059431483326	0.16720128022408842	0.155895889146549	0.10851551259087262	0.17271175621968549	-0.24636773445089535	0.13709312021646655	0.05171980370162566	0.07073016456028139	0.6242680401883016	0.07793182750195327	0.09619909739445281	0.05174643477199108	0.26936674469966937	0.07568316251391355	-0.34709418308104223	0.08062670266793176	0.16596560951453626	0.16771059431483326	0.07793182750195327	0.28937539161264797	0.1710930123055263	0.15647250908246227	0.11584264434997708	0.17201464549576473	-0.22836947372166666	0.13895870746521294	0.1698821027379222	0.16720128022408842	0.09619909739445281	0.1710930123055263	0.3226881918245852	0.15860694829998023	0.07471254042007786	0.17351793739858332	-0.18377943228610996	0.141598833589326	0.1550046310284457	0.155895889146549	0.05174643477199108	0.15647250908246227	0.15860694829998023	0.2154406933112734	0.1059711786904175	0.16206036955216785	-0.26457585511326964	0.12711540248048467	0.1274888252860643	0.10851551259087262	0.26936674469966937	0.11584264434997708	0.07471254042007786	0.1059711786904175	0.262890936655941	0.11574825828863533	-0.09026736529718708	0.08001609451687837	0.17217248543048788	0.17271175621968549	0.07568316251391355	0.17201464549576473	0.17351793739858332	0.16206036955216785	0.11574825828863533	0.18761716330139494	-0.23857419417391834	0.14408267997182958	-0.2587661646132587	-0.24636773445089535	-0.34709418308104223	-0.22836947372166666	-0.18377943228610996	-0.26457585511326964	-0.09026736529718708	-0.23857419417391834	1.03553800981134	-0.2832423144103178	0.13783834849152432	0.13709312021646655	0.08062670266793176	0.13895870746521294	0.141598833589326	0.12711540248048467	0.08001609451687837	0.14408267997182958	-0.2832423144103178	0.23009725896795538
0.27381738214554346	0.20523044753826208	0.022811972971029153	0.18870988368081548	0.17260610259266035	0.20500881632773355	0.16984194338481232	0.21043983832378238	-0.25613264714390505	0.07199943271455084	0.20523044753826208	0.23311702658052855	0.0556613969959798	0.19234069511614726	0.15526576640309342	0.20498272887152985	0.15684428176850496	0.21045445900429618	-0.23954023710044248	0.06825572562601866	0.022811972971029153	0.0556613969959798	0.7200947379969737	0.07675022452216086	0.21449356086173288	0.052479054838931484	0.22101077980019507	0.06070695933285776	-0.42252504139449426	0.12488948306875855	0.18870988368081548	0.19234069511614726	0.07675022452216086	0.5249804408146268	0.1911343787046504	0.18972478853558333	0.15196767156001695	0.1930832617203785	-0.1903698570586967	0.07268578650262553	0.17260610259266035	0.15526576640309342	0.21449356086173288	0.1911343787046504	0.7516310699258499	0.15865971262841605	0.018599279349304283	0.16244996790885916	0.02729584389448135	0.07955094966397976	0.20500881632773355	0.20498272887152985	0.052479054838931484	0.18972478853558333	0.15865971262841605	0.2255176073393326	0.15816706807003866	0.21040542370061502	-0.2406895684099448	0.07099805710291526	0.16984194338481232	0.15684428176850496	0.22101077980019507	0.15196767156001695	0.018599279349304283	0.15816706807003866	0.29044563223150316	0.1628713747737901	-0.1559851281026423	0.028665622453517604	0.21043983832378238	0.21045445900429618	0.06070695933285776	0.1930832617203785	0.16244996790885916	0.21040542370061502	0.1628713747737901	0.22646055084967506	-0.23239747780224562	0.07778739540664109	-0.25613264714390505	-0.23954023710044248	-0.42252504139449426	-0.1903698570586967	0.02729584389448135	-0.2406895684099448	-0.1559851281026423	-0.23239747780224562	1.2336419095397422	-0.39461913139270305	0.07199943271455084	0.06825572562601866	0.12488948306875855	0.07268578650262553	0.07955094966397976	0.07099805710291526	0.028665622453517604	0.07778739540664109	-0.39461913139270305	0.40979302023398306
0.25760758510674997	0.1678439449520169	-0.02208844997442951	0.16266025297997108	0.176080582589378	0.1900697665808846	0.15285552510435763	0.1936296074944735	-0.15185958660962295	0.02901429641905504	0.1678439449520169	0.3100128838485255	-0.011023272085287009	0.17056677834560346	0.13371169683913758	0.17261541443791953	0.11782028868379375	0.1783780199720128	-0.16318053506078842	-0.008483212033496139	-0.02208844997442951	-0.011023272085287009	0.7457683524333862	0.048472433445858255	0.19795999710562967	0.011046217266943388	0.2289450490256684	0.015749503033364247	-0.29612571947213073	0.09636466549935657	0.16266025297997108	0.17056677834560346	0.048472433445858255	0.6474167575906331	0.21457264515617946	0.16820626689381263	0.12817149956158302	0.1672516518712993	-0.09148103841466657	0.03396889710610119	0.176080582589378	0.13371169683913758	0.19795999710562967	0.21457264515617946	0.9186158818535618	0.16330845727478221	-0.04311306558630196	0.1675004478416168	0.09190078629815994	0.08393281616174295	0.1900697665808846	0.17261541443791953	0.011046217266943388	0.16820626689381263	0.16330845727478221	0.20293258996099175	0.14131009357566593	0.199013351984901	-0.1365702281192716	0.03296555759660758	0.15285552510435763	0.11782028868379375	0.2289450490256684	0.12817149956158302	-0.04311306558630196	0.14131009357566593	0.32487367046886984	0.14584412238577646	-0.07575995337796837	-0.015157363172964788	0.1936296074944735	0.1783780199720128	0.015749503033364247	0.1672516518712993	0.1675004478416168	0.199013351984901	0.14584412238577646	0.22698039214057997	-0.1315395174521286	0.039859783994908075	-0.15185958660962295	-0.16318053506078842	-0.29612571947213073	-0.09148103841466657	0.09190078629815994	-0.1365702281192716	-0.07575995337796837	-0.1315395174521286	0.9533717574300734	-0.31003668956045444	0.02901429641905504	-0.008483212033496139	0.09636466549935657	0.03396889710610119	0.08393281616174295	0.03296555759660758	-0.015157363172964788	0.039859783994908075	-0.31003668956045444	0.4334004429040728
0.13759769309452247	-0.04265925362186368	0.07379895953287768	0.08935348925563225	0.15444099756419108	0.1176326161602513	0.12201929755602066	0.13131346870219973	-0.03664983653515707	0.12466735731542257	-0.04265925362186368	0.7332837685004867	-0.06895737071369366	0.09636176047253485	-0.03415470301238007	-0.05524559917637233	-0.05621133698467756	0.0015876061740474519	-0.2148185137912047	-0.048791621583075526	0.07379895953287768	-0.06895737071369366	0.3459192543948548	0.06516763583148023	0.19418651063303013	0.06343040715568796	0.1547866507408355	0.07871356092396017	-0.10228091553184376	0.07792183173473102	0.08935348925563225	0.09636176047253485	0.06516763583148023	0.6723860271733368	0.1632398323566215	0.08161932771303923	0.08631860845454219	0.08342926780763973	-0.038043574644900324	0.0870760142955911	0.15444099756419108	-0.03415470301238007	0.19418651063303013	0.1632398323566215	0.6315601983742285	0.14844458702686902	0.05229852027406395	0.15903352826773104	0.0967412128546895	0.14957344062619637	0.1176326161602513	-0.05524559917637233	0.06343040715568796	0.08161932771303923	0.14844458702686902	0.15475648499820832	0.11393001015351839	0.12252404438705622	-0.046948263703111434	0.11558832883585089	0.12201929755602066	-0.05621133698467756	0.1547866507408355	0.08631860845454219	0.05229852027406395	0.11393001015351839	0.21932906164135432	0.12756773757507545	0.0019704355226010124	0.11664256365756562	0.13131346870219973	0.0015876061740474519	0.07871356092396017	0.08342926780763973	0.15903352826773104	0.12252404438705622	0.12756773757507545	0.2140877480011949	-0.030614057961503106	0.129385465916464	-0.03664983653515707	-0.2148185137912047	-0.10228091553184376	-0.038043574644900324	0.0967412128546895	-0.046948263703111434	0.0019704355226010124	-0.030614057961503106	0.48651776856411966	-0.0375532827281586	0.12466735731542257	-0.048791621583075526	0.07792183173473102	0.0870760142955911	0.14957344062619637	0.11558832883585089	0.11664256365756562	0.129385465916464	-0.0375532827281586	0.13865376113859892
0.2526737793351708	0.1833101857432165	-0.03383914743492717	0.17580649387467878	0.1746792878222101	0.18051475327267633	0.15445049690134446	0.18658787307879413	-0.10517138886489666	-0.014203390220035491	0.1833101857432165	0.20489908690520203	-0.001096921594134611	0.18211410477491224	0.1540577368584304	0.18623893908408545	0.14303256793780375	0.19230000618879733	-0.09213660710355588	-0.013673754709811043	-0.03383914743492717	-0.001096921594134611	0.7193145573709705	0.018847130323489406	0.23030198714266578	-0.00575283742413733	0.1982399378795495	0.0032910597510382097	-0.2565177756150066	0.09390013405373204	0.17580649387467878	0.18211410477491224	0.018847130323489406	0.3714202563718708	0.18572191388683096	0.17894191512439464	0.1391985310987674	0.18344750628925524	-0.07301469994346811	-0.0031510061292315938	0.1746792878222101	0.1540577368584304	0.23030198714266578	0.18572191388683096	1.067309648350317	0.15605397870215054	-0.07806874169838411	0.16013188927447786	0.14046258127422506	0.07300191594916523	0.18051475327267633	0.18623893908408545	-0.00575283742413733	0.17894191512439464	0.15605397870215054	0.20521743962467356	0.1418894978338068	0.18968066743836262	-0.0952335378086263	-0.013915271279581844	0.15445049690134446	0.14303256793780375	0.1982399378795495	0.1391985310987674	-0.07806874169838411	0.1418894978338068	0.332701373708107	0.14726847632764017	-0.052834758889804455	-0.057149188347183105	0.18658787307879413	0.19230000618879733	0.0032910597510382097	0.18344750628925524	0.16013188927447786	0.18968066743836262	0.14726847632764017	0.2099923955468444	-0.08739253288517873	-0.005148837634357777	-0.10517138886489666	-0.09213660710355588	-0.2565177756150066	-0.07301469994346811	0.14046258127422506	-0.0952335378086263	-0.052834758889804455	-0.08739253288517873	0.8459360992936424	-0.3012137035796509	-0.014203390220035491	-0.013673754709811043	0.09390013405373204	-0.0031510061292315938	0.07300191594916523	-0.013915271279581844	-0.057149188347183105	-0.005148837634357777	-0.3012137035796509	0.4735435885664959
0.15877307636391558	0.09534542864902604	0.07590840399532159	0.10318498821016023	0.12638674935485794	0.1419208024282342	0.13704284773920553	0.14897675601645982	-0.1571548288442172	0.12240975877149894	0.09534542864902604	0.31884637669374644	0.046404052822125376	0.14563293655916063	0.07145979538128307	0.09193268062235847	0.08629714158943565	0.10298998776121876	-0.20393801729564007	0.06791093006553993	0.07590840399532159	0.046404052822125376	0.45546617678015666	0.09725513954564066	0.2824019887848024	0.07747827054897201	0.12415473786004086	0.08495830413460176	-0.30291368907220234	0.0899680969159776	0.10318498821016023	0.14563293655916063	0.09725513954564066	1.114451980771972	0.20922023093711997	0.10174600419496523	0.10122522819968649	0.09770896741625713	-0.07812223821453786	0.08766859342994536	0.12638674935485794	0.07145979538128307	0.2824019887848024	0.20922023093711997	0.6250678213361511	0.12124966691142977	0.0820329664314734	0.12677992417790723	0.08319338494753649	0.10640770576921849	0.1419208024282342	0.09193268062235847	0.07747827054897201	0.10174600419496523	0.12124966691142977	0.15692326601326256	0.13356028391391767	0.1461313739727162	-0.15811929333328492	0.11937863091291775	0.13704284773920553	0.08629714158943565	0.12415473786004086	0.10122522819968649	0.0820329664314734	0.13356028391391767	0.17424840277719533	0.1406106962341715	-0.1334894175260563	0.1131209535239664	0.14897675601645982	0.10298998776121876	0.08495830413460176	0.09770896741625713	0.12677992417790723	0.1461313739727162	0.1406106962341715	0.1806846527907007	-0.1495551316422064	0.12691865932728522	-0.1571548288442172	-0.20393801729564007	-0.30291368907220234	-0.07812223821453786	0.08319338494753649	-0.15811929333328492	-0.1334894175260563	-0.1495551316422064	0.8181776896973842	-0.17723037005745546	0.12240975877149894	0.06791093006553993	0.0899680969159776	0.08766859342994536	0.10640770576921849	0.11937863091291775	0.1131209535239664	0.12691865932728522	-0.17723037005745546	0.18478553182192475
0.14283474728658302	-0.04434424903056121	0.10497853657185006	0.05295808667632282	0.17715405292758862	0.10736576059422921	0.1278238610759681	0.1378691417103402	-0.036625523406340774	0.12516415405060677	-0.04434424903056121	0.7855196942317485	-0.049074412867007366	0.23128496150136918	-0.018783290124190808	-0.06707288256596844	-0.04518381974024151	0.06218232274055367	-0.2022917790705385	-0.049253319690148255	0.10497853657185006	-0.049074412867007366	0.22867461241997677	0.06728019248248784	0.252705403348054	0.08563306243201835	0.11454782451851203	0.11494614027731995	-0.0598540987323968	0.10856093268848555	0.05295808667632282	0.23128496150136918	0.06728019248248784	1.3317798863666404	0.2282635292490722	0.042148357067672455	0.04975162978362273	0.006556336910808869	-0.013510643539113777	0.04976984885120135	0.17715405292758862	-0.018783290124190808	0.252705403348054	0.2282635292490722	0.7124788443611084	0.17428305025865323	0.13510812789250265	0.19940798936227216	0.22417646785235484	0.16073149438782497	0.10736576059422921	-0.06707288256596844	0.08563306243201835	0.042148357067672455	0.17428305025865323	0.17752746610899744	0.11032638771226656	0.12119947923444241	-0.056422738640752354	0.10736692709102749	0.1278238610759681	-0.04518381974024151	0.11454782451851203	0.04975162978362273	0.13510812789250265	0.11032638771226656	0.1474858335502563	0.1414894526891027	-0.027652442816435332	0.12629437749274544	0.1378691417103402	0.06218232274055367	0.11494614027731995	0.006556336910808869	0.19940798936227216	0.12119947923444241	0.1414894526891027	0.35660820690179196	-0.024283864062795774	0.13842837539100428	-0.036625523406340774	-0.2022917790705385	-0.0598540987323968	-0.013510643539113777	0.22417646785235484	-0.056422738640752354	-0.027652442816435332	-0.024283864062795774	0.5066603453558627	-0.03477565546710595	0.12516415405060677	-0.049253319690148255	0.10856093268848555	0.04976984885120135	0.16073149438782497	0.10736692709102749	0.12629437749274544	0.13842837539100428	-0.03477565546710595	0.13890344433681376
