0.37034129617253697	-0.08085900002008647	0.3261662185165179	0.3104906203336413	0.3216275163172532	0.3508120116328842	0.36110881674965184	-0.08085900002008647	0.4349334799950895	-0.11771329547219356	-0.23937336510242255	-0.09310351216554652	-0.08029587162442652	-0.07289731321029212	0.3261662185165179	-0.11771329547219356	0.41499357693639166	0.27104231471827056	0.29884662793164085	0.3317376079764905	0.3415391184585429	0.3104906203336413	-0.23937336510242255	0.27104231471827056	1.2383417823457215	0.36085445348096695	0.32909238416338044	0.3295518656251549	0.3216275163172532	-0.09310351216554652	0.29884662793164085	0.36085445348096695	0.4314017019238616	0.325967285472776	0.33568652487073286	0.3508120116328842	-0.08029587162442652	0.3317376079764905	0.32909238416338044	0.325967285472776	0.3821068006659881	0.36514743378670517	0.36110881674965184	-0.07289731321029212	0.3415391184585429	0.3295518656251549	0.33568652487073286	0.36514743378670517	0.3849790571243171
0.2741532872691957	0.08010031582625722	0.16347569893227196	0.18139649653099088	0.1696605206500452	0.23416760579200147	0.24311167130184408	0.08010031582625722	0.2738384704017109	0.016749419914605324	0.02256536695815349	0.048659643850462495	0.09350246655853513	0.10325574321792401	0.16347569893227196	0.016749419914605324	0.34438973824901997	0.10658704897345965	0.1112586568240341	0.18700362716745406	0.1971864579251423	0.18139649653099088	0.02256536695815349	0.10658704897345965	0.718636627379623	0.24592399602841952	0.2057129406144683	0.21515899910061878	0.1696605206500452	0.048659643850462495	0.1112586568240341	0.24592399602841952	0.45855316090041515	0.18697802659295976	0.19596343064069505	0.23416760579200147	0.09350246655853513	0.18700362716745406	0.2057129406144683	0.18697802659295976	0.2632628253322667	0.2636994852634021	0.24311167130184408	0.10325574321792401	0.1971864579251423	0.21515899910061878	0.19596343064069505	0.2636994852634021	0.290676794264811
0.3014562522167379	0.052312672727971854	0.17175624462082512	0.12411252737616786	0.14631339904001817	0.20870530267712345	0.21538905550507237	0.052312672727971854	0.2754572556098237	0.04468551242323169	-0.028024281464024824	0.03553625641655207	0.08441127778410329	0.09067900812885751	0.17175624462082512	0.04468551242323169	0.31603798285377566	0.12343401535458272	0.15040598462604626	0.2261970878246542	0.23271121567136618	0.12411252737616786	-0.028024281464024824	0.12343401535458272	0.9436483746345782	0.2634218972022297	0.1870201974973443	0.1893661347047286	0.14631339904001817	0.03553625641655207	0.15040598462604626	0.2634218972022297	0.44476035157630656	0.19039911211357613	0.19659654003423757	0.20870530267712345	0.08441127778410329	0.2261970878246542	0.1870201974973443	0.19039911211357613	0.27545891918018367	0.26634197025005807	0.21538905550507237	0.09067900812885751	0.23271121567136618	0.1893661347047286	0.19659654003423757	0.26634197025005807	0.2815413760272896
0.2498560330011632	0.09351003919744841	0.18083179651680387	0.12213620380996111	0.1496675608503514	0.21932863414693282	0.23156481060310746	0.09351003919744841	0.2553850033634797	0.051122456615999005	-0.029921866895395888	0.03996688429779689	0.09514294862143442	0.10539340522461822	0.18083179651680387	0.051122456615999005	0.2992426601379764	0.05648800837742447	0.10545815104705253	0.1867245690694052	0.19722533047867288	0.12213620380996111	-0.029921866895395888	0.05648800837742447	1.0077927829717876	0.2540383675277948	0.14652435357198318	0.14041273633290818	0.1496675608503514	0.03996688429779689	0.10545815104705253	0.2540383675277948	0.4519581123641602	0.15354910340941205	0.16315584602608132	0.21932863414693282	0.09514294862143442	0.1867245690694052	0.14652435357198318	0.15354910340941205	0.2657499875704471	0.23424458092887854	0.23156481060310746	0.10539340522461822	0.19722533047867288	0.14041273633290818	0.16315584602608132	0.23424458092887854	0.25396877731646395
0.8049784844854406	-0.14874220144542274	0.031694693501133006	-0.2079986863092523	-0.14442242067484545	-0.006621992796535366	0.042638957273110456	-0.14874220144542274	0.4748788631919463	0.12166593780764767	-0.17502702401313716	-0.1286875251687247	0.08367939328374492	0.13125187557991377	0.031694693501133006	0.12166593780764767	0.9750725542373587	0.6042163367487672	0.31815642950200845	0.8441233492516417	0.9692076079924677	-0.2079986863092523	-0.17502702401313716	0.6042163367487672	1.779757604251608	0.8260721476122572	0.6480771081442039	0.6147225789449792	-0.14442242067484545	-0.1286875251687247	0.31815642950200845	0.8260721476122572	1.1859128337310818	0.29908907422812636	0.3273741899769216	-0.006621992796535366	0.08367939328374492	0.8441233492516417	0.6480771081442039	0.29908907422812636	0.9634622902117601	0.8450248920393313	0.042638957273110456	0.13125187557991377	0.9692076079924677	0.6147225789449792	0.3273741899769216	0.8450248920393313	0.9862978750338743
0.2422305475978211	0.08796905497426391	0.13498935282597	0.09719843674788309	0.12912866108342713	0.1567432897680329	0.1639714307798941	0.08796905497426391	0.20772523147130037	0.09734685048233171	0.051055220412048394	0.09375776856645793	0.11957475422542264	0.12644962834130594	0.13498935282597	0.09734685048233171	0.2296066301915945	0.10956800671414851	0.142703090319813	0.17546611424497405	0.18245918038694967	0.09719843674788309	0.051055220412048394	0.10956800671414851	0.6811417891161361	0.17063690747677	0.14617444072709018	0.1484331742347665	0.12912866108342713	0.09375776856645793	0.142703090319813	0.17063690747677	0.30743879338608726	0.16453528999426317	0.17159885444541395	0.1567432897680329	0.11957475422542264	0.17546611424497405	0.14617444072709018	0.16453528999426317	0.21694421633957753	0.20232855169941236	0.1639714307798941	0.12644962834130594	0.18245918038694967	0.1484331742347665	0.17159885444541395	0.20232855169941236	0.21782468990761758
0.3667213661660776	0.03676191091974945	0.06299552623500669	0.012349215355472062	0.05330394651227716	0.07937857289479555	0.0862893117449703	0.03676191091974945	0.2203037348785229	0.14346928684788807	0.093234224301433	0.12315891594624614	0.15736132927593943	0.1642384282089643	0.06299552623500669	0.14346928684788807	0.24602113312723972	0.1452675850582611	0.16595047607160793	0.20670115140558293	0.2136884603343847	0.012349215355472062	0.093234224301433	0.1452675850582611	0.6840149493340718	0.19403787817189905	0.1702459918562062	0.17304369982201287	0.05330394651227716	0.12315891594624614	0.16595047607160793	0.19403787817189905	0.3435924945505157	0.17991466920902405	0.18683948123409777	0.07937857289479555	0.15736132927593943	0.20670115140558293	0.1702459918562062	0.17991466920902405	0.239195283019534	0.2259611717222409	0.0862893117449703	0.1642384282089643	0.2136884603343847	0.17304369982201287	0.18683948123409777	0.2259611717222409	0.24162795420695887
0.20800211714560354	0.11048740274626531	0.14492434588606085	0.06441513095348392	0.12822522941117426	0.15452908050196715	0.16339549264362543	0.11048740274626531	0.1871733918524816	0.12083669924016104	0.032161220109725136	0.1051427535987114	0.1305919320650486	0.139472191055923	0.14492434588606085	0.12083669924016104	0.19497185514760915	0.07472688834166034	0.1395803381199383	0.16829159364223262	0.17715963484309097	0.06441513095348392	0.032161220109725136	0.07472688834166034	0.8709517969789068	0.13833860819277716	0.09648048916413847	0.10357731201118017	0.12822522941117426	0.1051427535987114	0.1395803381199383	0.13833860819277716	0.2681340334023631	0.14974826158770888	0.15845262101680038	0.15452908050196715	0.1305919320650486	0.16829159364223262	0.09648048916413847	0.14974826158770888	0.19018678717657644	0.18600178771802714	0.16339549264362543	0.139472191055923	0.17715963484309097	0.10357731201118017	0.15845262101680038	0.18600178771802714	0.20957256017249046
0.24406446160663448	0.08282717443021684	0.1745033361182562	0.09199065486721089	0.13884148784070105	0.19003101089531074	0.19727996749433382	0.08282717443021684	0.23201627455794616	0.08487453835214001	-0.0195896219885233	0.057772876622536606	0.10162001271691505	0.10874494762990464	0.1745033361182562	0.08487453835214001	0.2431636119100751	0.09444203382622214	0.14435349026615502	0.20096463523371635	0.20818144686319798	0.09199065486721089	-0.0195896219885233	0.09444203382622214	0.9651543379874344	0.20606560749803463	0.127883570568467	0.13127902995976182	0.13884148784070105	0.057772876622536606	0.14435349026615502	0.20606560749803463	0.36849813536453646	0.16187196521832414	0.16872666400130368	0.19003101089531074	0.10162001271691505	0.20096463523371635	0.127883570568467	0.16187196521832414	0.23004014240951104	0.22264563203009988	0.19727996749433382	0.10874494762990464	0.20818144686319798	0.13127902995976182	0.16872666400130368	0.22264563203009988	0.24031586160944715
0.24092102131618096	0.07675855600707923	0.18445973236473792	0.14221720226287551	0.17470280385774165	0.21261045721764976	0.2222418329608581	0.07675855600707923	0.2470726260167478	0.05515169120212971	-0.011822808562223397	0.05673672402939518	0.0857838448664306	0.0961222765617786	0.18445973236473792	0.05515169120212971	0.26527896836881504	0.11354060642326864	0.15692166994390266	0.1985493559640358	0.20863647790039963	0.14221720226287551	-0.011822808562223397	0.11354060642326864	0.8671728017164716	0.2054137553423111	0.16088778575626828	0.171112075528938	0.17470280385774165	0.05673672402939518	0.15692166994390266	0.2054137553423111	0.33980984508849693	0.18687168660077938	0.19652564712415127	0.21261045721764976	0.0857838448664306	0.1985493559640358	0.16088778575626828	0.18687168660077938	0.23526348792073423	0.23527372433486904	0.2222418329608581	0.0961222765617786	0.20863647790039963	0.171112075528938	0.19652564712415127	0.23527372433486904	0.2634459043249313
0.3402236027623965	0.01612225833270914	0.22692058069222248	0.13840499356618913	0.18124528396825504	0.21047502103570967	0.2578271295805981	0.01612225833270914	0.32207371983464833	0.01563284775737997	-0.1115244634117089	-0.004362770799560184	0.02043631472905986	0.04904294958945705	0.22692058069222248	0.01563284775737997	0.34983676280588405	0.16184811403000468	0.2028799005436138	0.2465792730827698	0.29147378040395133	0.13840499356618913	-0.1115244634117089	0.16184811403000468	1.1238411518381757	0.30189562756081245	0.25382403832846706	0.20835331391962933	0.18124528396825504	-0.004362770799560184	0.2028799005436138	0.30189562756081245	0.473667614857183	0.19846594464765446	0.2357443071528245	0.21047502103570967	0.02043631472905986	0.2465792730827698	0.25382403832846706	0.19846594464765446	0.4237349800833218	0.2690112935726956	0.2578271295805981	0.04904294958945705	0.29147378040395133	0.20835331391962933	0.2357443071528245	0.2690112935726956	0.32601399911526363
0.27343713324336233	0.031012266200211608	0.2220473419952633	0.17297570660980796	0.19839507569781653	0.2358821027089207	0.24388477892066485	0.031012266200211608	0.2839825552131068	0.025889408938168323	-0.06079403637033947	0.017667705227686983	0.04242849478843438	0.050807192491396536	0.2220473419952633	0.025889408938168323	0.2809771667534445	0.1744854166617751	0.20245270446748165	0.24304174843575474	0.2510989343221742	0.17297570660980796	-0.06079403637033947	0.1744854166617751	0.8811276369927212	0.23575528907279517	0.20046502012892492	0.2071402468380504	0.19839507569781653	0.017667705227686983	0.20245270446748165	0.23575528907279517	0.3600401302370404	0.2171845172933469	0.22507733934663235	0.2358821027089207	0.04242849478843438	0.24304174843575474	0.20046502012892492	0.2171845172933469	0.26786639274879437	0.26402663997710785	0.24388477892066485	0.050807192491396536	0.2510989343221742	0.2071402468380504	0.22507733934663235	0.26402663997710785	0.2857418103277322
0.3185669651000708	0.12895994551668322	0.19371778797350375	0.2945907729629244	0.29641095939323525	0.3017757358966455	0.41496749594140603	0.12895994551668322	0.3703521647397755	0.01478082146248734	0.10112236389637937	0.12889629997163737	0.13162529847069976	0.2738786412704768	0.19371778797350375	0.01478082146248734	0.5240017044157279	0.15877169300881522	0.19373202908563755	0.20165625133419304	0.37994351411816946	0.2945907729629244	0.10112236389637937	0.15877169300881522	0.7781987530839227	0.3066928246388398	0.302570610614417	0.4512149287112439	0.29641095939323525	0.12889629997163737	0.19373202908563755	0.3066928246388398	0.3351084264769689	0.3019058364932391	0.41455892647004394	0.3017757358966455	0.13162529847069976	0.20165625133419304	0.302570610614417	0.3019058364932391	0.31550975924592145	0.4187362333568863	0.41496749594140603	0.2738786412704768	0.37994351411816946	0.4512149287112439	0.41455892647004394	0.4187362333568863	0.8405307657399479
0.22824205471142975	0.10385031395718852	0.17550044557755226	0.13750695301728275	0.18326394614405794	0.20816717189817255	0.2344495965664071	0.10385031395718852	0.23770132315218614	0.07529910675612614	0.014639590510378206	0.08945707402406998	0.10988750939892548	0.13890144856935122	0.17550044557755226	0.07529910675612614	0.2625992293103305	0.09452720888560522	0.15688617210700911	0.1844284197396392	0.21340052130562748	0.13750695301728275	0.014639590510378206	0.09452720888560522	0.9425335553267754	0.18812145962176582	0.15042086100378482	0.18838705398586025	0.18326394614405794	0.08945707402406998	0.15688617210700911	0.18812145962176582	0.29510701266772776	0.19107978856988145	0.21787001179208376	0.20816717189817255	0.10988750939892548	0.1844284197396392	0.15042086100378482	0.19107978856988145	0.22410613469599122	0.24225635151499542	0.2344495965664071	0.13890144856935122	0.21340052130562748	0.18838705398586025	0.21787001179208376	0.24225635151499542	0.3271250602951812
0.2182130499687529	0.12234063354478385	0.18398012129177044	0.05392250925235401	0.1356659303751883	0.1469169763802631	0.20735451459379942	0.12234063354478385	0.2181334059537688	0.108149335631638	-0.03558390790756932	0.0684460015439865	0.08088983890654759	0.13228394134619625	0.18398012129177044	0.108149335631638	0.23213167566522627	0.031301617812185385	0.12033787841687499	0.14031496724854456	0.19547271589943244	0.05392250925235401	-0.03558390790756932	0.031301617812185385	1.06295142429877	0.1848948708148252	0.15984527501586226	0.06791310316229643	0.1356659303751883	0.0684460015439865	0.12033787841687499	0.1848948708148252	0.3792431068037091	0.10446816760734656	0.1460734482898487	0.1469169763802631	0.08088983890654759	0.14031496724854456	0.15984527501586226	0.10446816760734656	0.38776164739147645	0.1567805852896522	0.20735451459379942	0.13228394134619625	0.19547271589943244	0.06791310316229643	0.1460734482898487	0.1567805852896522	0.22625510892138764
0.23533218803177813	0.17585210504323828	0.16548445137857834	0.16090305712576114	0.1948298990039156	0.22566753131015782	0.31328283907849014	0.17585210504323828	0.24544480454654147	0.11419257029953496	0.0986784697750342	0.148254438191613	0.17591278885260841	0.2687600275309532	0.16548445137857834	0.11419257029953496	0.3344886955319488	0.05895005121823557	0.12989951555793838	0.16694313532174526	0.2764954400753545	0.16090305712576114	0.0986784697750342	0.05895005121823557	1.094333152627128	0.23414020658344717	0.16740098376396187	0.3074926042285571	0.1948298990039156	0.148254438191613	0.12989951555793838	0.23414020658344717	0.34230087227321493	0.19524448365227923	0.2868659342551482	0.22566753131015782	0.17591278885260841	0.16694313532174526	0.16740098376396187	0.19524448365227923	0.23861847268767045	0.3125301594603529	0.31328283907849014	0.2687600275309532	0.2764954400753545	0.3074926042285571	0.2868659342551482	0.3125301594603529	0.6073340035722498
0.8632334113694076	-0.1367407253906307	-0.01578782538721935	-0.24561216666748714	-0.1579312113854823	-0.06107124357080983	0.033953815603022415	-0.1367407253906307	0.4872985559239369	0.17531074149473988	-0.12797814246314848	-0.09387888810219791	0.11897588124367997	0.21651290532582926	-0.01578782538721935	0.17531074149473988	0.9747351263433134	0.5767849166488443	0.31092856897556664	0.8153040814833168	0.9763232664024164	-0.24561216666748714	-0.12797814246314848	0.5767849166488443	1.803718425200525	0.8387297283096399	0.6358830796301488	0.6225858916712362	-0.1579312113854823	-0.09387888810219791	0.31092856897556664	0.8387297283096399	1.1957567767678612	0.287654310911473	0.350145732091392	-0.06107124357080983	0.11897588124367997	0.8153040814833168	0.6358830796301488	0.287654310911473	0.9667044039187039	0.8187832553468621	0.033953815603022415	0.21651290532582926	0.9763232664024164	0.6225858916712362	0.350145732091392	0.8187832553468621	1.0704467494386776
0.7793194403803567	-0.0891833687892349	-0.027451505037242883	-0.3097514504873153	-0.18255057445458292	-0.12844017118654316	-0.01714246200172885	-0.0891833687892349	0.4246362872893735	0.3229349994719323	-0.06247872196513177	-0.02630968791968981	0.14613829995324623	0.3302860856742545	-0.027451505037242883	0.3229349994719323	0.6062902193809272	0.15348867106423136	0.1115154078670692	0.33811291527566245	0.5994869714572101	-0.3097514504873153	-0.06247872196513177	0.15348867106423136	1.4912833358466202	0.605988406902005	0.41831293155274357	0.1645553236502073	-0.18255057445458292	-0.02630968791968981	0.1115154078670692	0.605988406902005	1.024562132798687	0.10950316797212983	0.12115060753169402	-0.12844017118654316	0.14613829995324623	0.33811291527566245	0.41831293155274357	0.10950316797212983	0.8447147850588104	0.3399505814881995	-0.01714246200172885	0.3302860856742545	0.5994869714572101	0.1645553236502073	0.12115060753169402	0.3399505814881995	0.6137956641453532
0.723549631782739	-0.12003407426716352	0.05375761503914876	-0.161969824805994	-0.05536420876142668	-0.021902709832544415	0.06608763985296619	-0.12003407426716352	0.4244976145401644	0.11341898288571006	-0.13270497331036998	-0.026969159740719464	0.04417032329408755	0.12470256944632552	0.05375761503914876	0.11341898288571006	0.6974989393407917	0.4509566315761008	0.3936404836480942	0.51571025741679	0.6963763947440815	-0.161969824805994	-0.13270497331036998	0.4509566315761008	1.6083141072240734	0.6293980824254033	0.557480136316776	0.4636683033159799	-0.05536420876142668	-0.026969159740719464	0.3936404836480942	0.6293980824254033	0.8557788179874675	0.315937260238563	0.40298050665657875	-0.021902709832544415	0.04417032329408755	0.51571025741679	0.557480136316776	0.315937260238563	0.82071660463867	0.5189466384500585	0.06608763985296619	0.12470256944632552	0.6963763947440815	0.4636683033159799	0.40298050665657875	0.5189466384500585	0.7203552597000472
0.2437757076515761	0.07076435454003005	0.18013467586149137	0.08537681863747772	0.17165790439292147	0.1545328422536423	0.18981818278381205	0.07076435454003005	0.22852914864989185	0.09090517481934846	-0.028903407775995735	0.08423455078800432	0.07209055648160959	0.10124194486902319	0.18013467586149137	0.09090517481934846	0.2210439220618582	0.11829911185436595	0.2001258398420672	0.1830905586312663	0.21906354237741898	0.08537681863747772	-0.028903407775995735	0.11829911185436595	0.9979977140949455	0.14377169692982208	0.17090649821525974	0.13319747118687744	0.17165790439292147	0.08423455078800432	0.2001258398420672	0.14377169692982208	0.24766492623290728	0.17496726167592455	0.20966090013552008	0.1545328422536423	0.07209055648160959	0.1830905586312663	0.17090649821525974	0.17496726167592455	0.31897649579654985	0.19112816750691666	0.18981818278381205	0.10124194486902319	0.21906354237741898	0.13319747118687744	0.20966090013552008	0.19112816750691666	0.24139915799863437
0.21168243805936118	0.08673289389027773	0.16827521916121693	0.14216264010000873	0.1868236045900641	0.18863387111867744	0.199982038892312	0.08673289389027773	0.21758519936050852	0.07025060563639818	0.026509778185510875	0.0909162465213359	0.0925337155261289	0.1040947952562415	0.16827521916121693	0.07025060563639818	0.22783486882615095	0.12174713194222016	0.17412568939313083	0.17666121505764307	0.18818376086274025	0.14216264010000873	0.026509778185510875	0.12174713194222016	0.7063610215667903	0.1582455833177668	0.15630243300426377	0.16590592242862842	0.1868236045900641	0.0909162465213359	0.17412568939313083	0.1582455833177668	0.21693203329831784	0.19435281080542738	0.20564651959985664	0.18863387111867744	0.0925337155261289	0.17666121505764307	0.15630243300426377	0.19435281080542738	0.21333598386240293	0.2073781275059828	0.199982038892312	0.1040947952562415	0.18818376086274025	0.16590592242862842	0.20564651959985664	0.2073781275059828	0.23787662935471166
0.37418622289236636	0.07334680804469812	0.2108675405410101	0.36418830421287945	0.35773696957863615	0.3594504231677283	0.4538167948129439	0.07334680804469812	0.47141888889365113	-0.09375812193646521	0.012240023349624443	0.07366500574326607	0.07377054219540696	0.21172259248238126	0.2108675405410101	-0.09375812193646521	0.6715774782827112	0.1398351884212094	0.21330228304976803	0.21851409011815692	0.396460575654188	0.36418830421287945	0.012240023349624443	0.1398351884212094	1.196809320446332	0.37870743429234544	0.373143765901966	0.519391096306951	0.35773696957863615	0.07366500574326607	0.21330228304976803	0.37870743429234544	0.382342955037819	0.36203814957959857	0.4560814353655423	0.3594504231677283	0.07377054219540696	0.21851409011815692	0.373143765901966	0.36203814957959857	0.37396748050161294	0.4565548114854971	0.4538167948129439	0.21172259248238126	0.396460575654188	0.519391096306951	0.4560814353655423	0.4565548114854971	0.8515442361970391
0.38820607769675364	0.08779486967621922	0.24972083572147302	0.37693358822634593	0.3646492942550868	0.36599804673174907	0.5103212251590543	0.08779486967621922	0.4974253310918177	-0.036760718645427015	0.03565239940453195	0.08960193395679365	0.08954323374069291	0.29936459911702823	0.24972083572147302	-0.036760718645427015	0.6723770199259943	0.20674076697960952	0.2582342186822522	0.262117426278903	0.5131483249363684	0.37693358822634593	0.03565239940453195	0.20674076697960952	1.2641083932605897	0.39645688463708895	0.3912335893084181	0.6205887291341207	0.3646492942550868	0.08960193395679365	0.2582342186822522	0.39645688463708895	0.39155535346430687	0.37391983559796615	0.5166812613503171	0.36599804673174907	0.08954323374069291	0.262117426278903	0.3912335893084181	0.37391983559796615	0.38421680301747396	0.5163071152087851	0.5103212251590543	0.29936459911702823	0.5131483249363684	0.6205887291341207	0.5166812613503171	0.5163071152087851	1.1064304783757108
0.3578235403773662	0.2593741620531034	0.20890267913753133	0.32330049573052566	0.313426946859816	0.3146412156677963	0.5901255096805912	0.2593741620531034	0.3663002991387333	0.16587433251919598	0.27266024117686405	0.26857630260318827	0.26941975277729346	0.5665164869878582	0.20890267913753133	0.16587433251919598	0.7493241241752432	0.20605067155694312	0.22261867259961182	0.2261371858020515	0.7186591506880394	0.32330049573052566	0.27266024117686405	0.20605067155694312	0.7671450507587775	0.34165058876759663	0.3386692855049842	0.6841495302725575	0.313426946859816	0.26857630260318827	0.22261867259961182	0.34165058876759663	0.34734685583685443	0.32658924448809923	0.5967073189995488	0.3146412156677963	0.26941975277729346	0.2261371858020515	0.3386692855049842	0.32658924448809923	0.335744405330517	0.5961652755284433	0.5901255096805912	0.5665164869878582	0.7186591506880394	0.6841495302725575	0.5967073189995488	0.5961652755284433	1.6144557637205548
0.6019712230546042	0.13865495784759727	0.253248167857488	0.29991910581810666	0.26753885109055636	0.2934185361520787	0.637954466848502	0.13865495784759727	0.5507649223321402	0.1527226873330253	0.1677093992941413	0.16965044695169282	0.18610027851524424	0.5893664457865708	0.253248167857488	0.1527226873330253	0.6394617002125254	0.4199811782312305	0.37611960777812664	0.4262353483868284	0.7889811144366778	0.29991910581810666	0.1677093992941413	0.4199811782312305	1.3428309288249134	0.5274421851915363	0.47479752545030685	0.9227556785103345	0.26753885109055636	0.16965044695169282	0.37611960777812664	0.5274421851915363	0.5745986437279843	0.4129559089121869	0.7043787196293281	0.2934185361520787	0.18610027851524424	0.4262353483868284	0.47479752545030685	0.4129559089121869	0.46401329815135106	0.7257320046378096	0.637954466848502	0.5893664457865708	0.7889811144366778	0.9227556785103345	0.7043787196293281	0.7257320046378096	1.8258738411087239
0.2979368017991273	0.16893553000562564	0.16894324638291283	0.2464833452543404	0.24443695189257794	0.28675657985291364	0.39445024636315146	0.16893553000562564	0.3305549384967132	0.045905691838086043	0.10629525711594333	0.1388496158494225	0.16992796496266588	0.29544733897317293	0.16894324638291283	0.045905691838086043	0.5268666835179567	0.05485089179678529	0.11641083508167177	0.17297969172061478	0.34597982474878947	0.2464833452543404	0.10629525711594333	0.05485089179678529	1.1506880047785106	0.33410296089167635	0.2524438455405047	0.42576130036675486	0.24443695189257794	0.1388496158494225	0.11641083508167177	0.33410296089167635	0.44172433925093096	0.24626224245123318	0.36053921887039636	0.28675657985291364	0.16992796496266588	0.17297969172061478	0.2524438455405047	0.24626224245123318	0.29758753195861065	0.39529177520189535	0.39445024636315146	0.29544733897317293	0.34597982474878947	0.42576130036675486	0.36053921887039636	0.39529177520189535	0.79806475316066
0.31245783789186377	0.15961373928846978	0.16555966658363463	0.24046884775569471	0.23669258468294999	0.28702840096263577	0.3888844210124302	0.15961373928846978	0.33829655818707516	0.03858039962787735	0.09468355924148245	0.12897187312338865	0.16599433070892727	0.2856423228414049	0.16555966658363463	0.03858039962787735	0.5382780135735463	0.04910334135267029	0.11050575785213013	0.1787598467469509	0.3432325156872334	0.24046884775569471	0.09468355924148245	0.04910334135267029	1.1938141829399784	0.3538615190953478	0.2543377191408034	0.4217248126546966	0.23669258468294999	0.12897187312338865	0.11050575785213013	0.3538615190953478	0.4715623375392515	0.24564260172007407	0.3544998812392229	0.28702840096263577	0.16599433070892727	0.1787598467469509	0.2543377191408034	0.24564260172007407	0.30354623075352694	0.39729708019189724	0.3888844210124302	0.2856423228414049	0.3432325156872334	0.4217248126546966	0.3544998812392229	0.39729708019189724	0.7809754070324126
0.34058888616039973	0.2647161368198674	-0.04011689166561182	0.3300500871925128	0.3223720118490558	0.31457753970378677	0.4115529779876049	0.2647161368198674	0.35481803766392167	-0.10012073925054563	0.2682253815053454	0.2686555920989077	0.26128463481259234	0.36740578091040255	-0.04011689166561182	-0.10012073925054563	1.0247899611958389	-0.14220922996378885	-0.032695991893019166	-0.02600342975726888	0.2977462089825436	0.3300500871925128	0.2682253815053454	-0.14220922996378885	0.8668727718061171	0.33829073837609186	0.33315562955235956	0.45546158518373525	0.3223720118490558	0.2686555920989077	-0.032695991893019166	0.33829073837609186	0.3362531931721636	0.3195538655545064	0.4158362545684713	0.31457753970378677	0.26128463481259234	-0.02600342975726888	0.33315562955235956	0.3195538655545064	0.3394281375775607	0.40697950623859935	0.4115529779876049	0.36740578091040255	0.2977462089825436	0.45546158518373525	0.4158362545684713	0.40697950623859935	0.868821610963515
0.30103937248000845	0.019753880873759733	0.2768986863277233	0.2179228177456789	0.24161342507563996	0.28605310331450917	0.32239255591877225	0.019753880873759733	0.34473914697058416	0.011013852393441749	-0.11245423345634067	-0.0037919136448201496	0.022686014804316697	0.07038848254739939	0.2768986863277233	0.011013852393441749	0.3139973386302135	0.20940157127805964	0.23772402042334556	0.28406902792780236	0.3215957130632068	0.2179228177456789	-0.11245423345634067	0.20940157127805964	1.1452669996675762	0.2908511017738117	0.23047502286280158	0.2879470591557566	0.24161342507563996	-0.0037919136448201496	0.23772402042334556	0.2908511017738117	0.3992401688923277	0.24816130738151124	0.28652072918973914	0.28605310331450917	0.022686014804316697	0.28406902792780236	0.23047502286280158	0.24816130738151124	0.30179208367264926	0.32871419475056757	0.32239255591877225	0.07038848254739939	0.3215957130632068	0.2879470591557566	0.28652072918973914	0.32871419475056757	0.45338522111466184
0.25737507974979523	0.11554207994154053	0.21430215755855503	0.18701822997883108	0.22731709898383198	0.2379843175441449	0.3213734012804488	0.11554207994154053	0.2810113027767536	0.09524824287389713	0.03757682104612457	0.11222501554793092	0.1204972323011862	0.21592028482805947	0.21430215755855503	0.09524824287389713	0.2898011268161565	0.1568300935844219	0.210518979157784	0.22234315430781318	0.3134105709263574	0.18701822997883108	0.03757682104612457	0.1568300935844219	1.0698625734593212	0.21882550225699082	0.199459432944012	0.3322462217218806	0.22731709898383198	0.11222501554793092	0.210518979157784	0.21882550225699082	0.2843217136713518	0.23467052675982952	0.3187288356293151	0.2379843175441449	0.1204972323011862	0.22234315430781318	0.199459432944012	0.23467052675982952	0.25322400664239353	0.3275581712506869	0.3213734012804488	0.21592028482805947	0.3134105709263574	0.3322462217218806	0.3187288356293151	0.3275581712506869	0.6054235280198627
0.39423927652159346	0.061912215707975754	0.18027336965368768	-0.008364738490565168	0.15284024977827484	0.0029929121468119588	0.21908364444356848	0.061912215707975754	0.3038853199577285	0.10340391481434259	-0.09211659501316627	0.08083704735478882	-0.03082819086969541	0.14042657271961023	0.18027336965368768	0.10340391481434259	0.3577511229693056	0.0710823974385692	0.22167318643862055	0.08643714201366762	0.3034632835633996	-0.008364738490565168	-0.09211659501316627	0.0710823974385692	1.253062662862476	0.21893378133412866	0.4350287570927334	0.11163293558323178	0.15284024977827484	0.08083704735478882	0.22167318643862055	0.21893378133412866	0.44121854519919057	0.07503428213025456	0.2594125591911368	0.0029929121468119588	-0.03082819086969541	0.08643714201366762	0.4350287570927334	0.07503428213025456	0.9332362634481219	0.08742399155722753	0.21908364444356848	0.14042657271961023	0.3034632835633996	0.11163293558323178	0.2594125591911368	0.08742399155722753	0.3448817924816789
0.246300677954197	0.08430792190140218	0.19417236216172268	0.07435057109153012	0.14517805839340625	0.15565730809144174	0.2047276912742272	0.08430792190140218	0.2345213206527046	0.09582266456148857	-0.043985736746339835	0.05582943959583657	0.06823444750863773	0.10692853407222809	0.19417236216172268	0.09582266456148857	0.23459726667537104	0.09208574554206093	0.1605113596956522	0.17457478270124874	0.22358139981221667	0.07435057109153012	-0.043985736746339835	0.09208574554206093	1.0041813098674097	0.1900316440873446	0.17285688975179483	0.10816103866201289	0.14517805839340625	0.05582943959583657	0.1605113596956522	0.1900316440873446	0.3647764591559397	0.1333476020781284	0.17169442013141192	0.15565730809144174	0.06823444750863773	0.17457478270124874	0.17285688975179483	0.1333476020781284	0.37377398536808537	0.1824571179479926	0.2047276912742272	0.10692853407222809	0.22358139981221667	0.10816103866201289	0.17169442013141192	0.1824571179479926	0.24148854538096678
0.2301301588238645	0.07649291939171765	0.18481318920494672	0.15382237061370413	0.1599072691626545	0.2019869043268633	0.21113781936618248	0.07649291939171765	0.23124762679417216	0.06689632549370439	0.022265544477788238	0.05461544272214828	0.08589147763682285	0.09549354388363727	0.18481318920494672	0.06689632549370439	0.24018078433365375	0.1447282376295752	0.1534475991729853	0.19845809584878918	0.20778933627737706	0.15382237061370413	0.022265544477788238	0.1447282376295752	0.6162467760521172	0.19083763130460216	0.1705782220904962	0.17950860399316942	0.1599072691626545	0.05461544272214828	0.1534475991729853	0.19083763130460216	0.3550325432246826	0.17147531651894393	0.1806108883733818	0.2019869043268633	0.08589147763682285	0.19845809584878918	0.1705782220904962	0.17147531651894393	0.22576973171000236	0.22399849023135596	0.21113781936618248	0.09549354388363727	0.20778933627737706	0.17950860399316942	0.1806108883733818	0.22399849023135596	0.2498093019879928
0.2953942696850004	0.00476857738922748	0.26164505643668945	0.2174279554675013	0.22091745371038604	0.2770072773674053	0.28543842829757704	0.00476857738922748	0.3220863463068045	-0.011860077571278837	-0.1002538525609843	-0.022244426505869976	0.00836187976720913	0.016804114845552658	0.26164505643668945	-0.011860077571278837	0.3155704337071635	0.20146605855610042	0.21038880111588043	0.26977997559445394	0.27824465893596523	0.2174279554675013	-0.1002538525609843	0.20146605855610042	0.8944058604822287	0.27440507722766466	0.23152099208206703	0.2373508844468239	0.22091745371038604	-0.022244426505869976	0.21038880111588043	0.27440507722766466	0.42588226855463623	0.22778382331650113	0.23600700891870283	0.2770072773674053	0.00836187976720913	0.26977997559445394	0.23152099208206703	0.22778382331650113	0.2997038455550539	0.2928554272294261	0.28543842829757704	0.016804114845552658	0.27824465893596523	0.2373508844468239	0.23600700891870283	0.2928554272294261	0.3144538978628055
0.4071283072803985	0.05796927559997872	0.2756080088016684	0.38918693019974104	0.3554811687116419	0.3918710228640951	0.5175603924512562	0.05796927559997872	0.5277044469097094	-0.0859899198611756	-0.01568952746070293	0.04285762143815855	0.05199700623803033	0.2421899786892706	0.2756080088016684	-0.0859899198611756	0.7039590170446067	0.18921525553367735	0.21815333713214485	0.27313705983416026	0.49177946848829596	0.38918693019974104	-0.01568952746070293	0.18921525553367735	1.2666734983847365	0.4503349528335639	0.3938129835914873	0.5832009995958989	0.3554811687116419	0.04285762143815855	0.21815333713214485	0.4503349528335639	0.5227797826837913	0.3472597626132894	0.4806915906884644	0.3918710228640951	0.05199700623803033	0.27313705983416026	0.3938129835914873	0.3472597626132894	0.4198732860898221	0.5050582799318907	0.5175603924512562	0.2421899786892706	0.49177946848829596	0.5832009995958989	0.4806915906884644	0.5050582799318907	1.0201373280029584
0.38170031833334717	0.09499066103104897	0.29822545230425623	0.3538062719503492	0.3296515907466225	0.3598675805883453	0.5312548686922193	0.09499066103104897	0.4819296060523701	0.03070585504915295	0.05284837787013684	0.08617310864788222	0.0978043574034704	0.341268838685942	0.29822545230425623	0.03070585504915295	0.5436912739439896	0.2762303590721046	0.27486356372503534	0.31025896385305585	0.5475044818706917	0.3538062719503492	0.05284837787013684	0.2762303590721046	1.0329150420916537	0.39366880336788107	0.3671277970609938	0.6178386914219464	0.3296515907466225	0.08617310864788222	0.27486356372503534	0.39366880336788107	0.46022611227972315	0.3392720801172729	0.5146148786164948	0.3598675805883453	0.0978043574034704	0.31025896385305585	0.3671277970609938	0.3392720801172729	0.37673237283786165	0.5378504931256465	0.5312548686922193	0.341268838685942	0.5475044818706917	0.6178386914219464	0.5146148786164948	0.5378504931256465	1.1880936108356062
0.2809012536448817	0.16158435017417178	0.17134990301510836	0.24126011111013163	0.23163399616005242	0.25929714852205554	0.36739697020560447	0.16158435017417178	0.29823219150012237	0.07552453623853794	0.14016679467925855	0.14689193457525482	0.16732033511082828	0.2893977078649168	0.17134990301510836	0.07552453623853794	0.42748871831904545	0.1394804556067341	0.1487339643971946	0.18139400349456553	0.3342530118101726	0.24126011111013163	0.14016679467925855	0.1394804556067341	0.6286781810660205	0.2607147623179044	0.25098903613042023	0.38560184779582307	0.23163399616005242	0.14689193457525482	0.1487339643971946	0.2607147623179044	0.3757654238304545	0.2388891754494691	0.3471499934448012	0.25929714852205554	0.16732033511082828	0.18139400349456553	0.25098903613042023	0.2388891754494691	0.27403426371309636	0.3736463343415366	0.36739697020560447	0.2893977078649168	0.3342530118101726	0.38560184779582307	0.3471499934448012	0.3736463343415366	0.7497394650318876
0.4604993201887999	-0.0017852076999583244	0.35067429371454467	0.3670233993868359	0.3148887392797407	0.39279776493018975	0.5310874848411925	-0.0017852076999583244	0.5654480349916016	-0.04423932684893312	-0.07153592346877001	-0.01390527058809745	0.004766055886329695	0.23174642667842266	0.35067429371454467	-0.04423932684893312	0.5616382105703279	0.3613353661500953	0.3130441159549413	0.40704220996630325	0.5713560270281077	0.3670233993868359	-0.07153592346877001	0.3613353661500953	1.1621437382665902	0.47975520571703156	0.42548413000205243	0.6312914963605436	0.3148887392797407	-0.01390527058809745	0.3130441159549413	0.47975520571703156	0.6174572141331529	0.3589924118912273	0.5035952601116994	0.39279776493018975	0.004766055886329695	0.40704220996630325	0.42548413000205243	0.3589924118912273	0.45159530597791653	0.5720800362902055	0.5310874848411925	0.23174642667842266	0.5713560270281077	0.6312914963605436	0.5035952601116994	0.5720800362902055	1.1064725488502245
0.4497994058270314	-0.04844741706601752	0.3336350431939551	0.4318889728356117	0.3872401226128752	0.44094819157324017	0.5121869231991023	-0.04844741706601752	0.5902373162223534	-0.18658457708484774	-0.15126787084631754	-0.058920927571986	-0.0493650478645667	0.08346442023133882	0.3336350431939551	-0.18658457708484774	0.6819538389437105	0.2590370121937132	0.2700890681351543	0.3373681198319452	0.45979016524202027	0.4318889728356117	-0.15126787084631754	0.2590370121937132	1.2909480084590745	0.48669114826390314	0.4378635181234027	0.5545331934320519	0.3872401226128752	-0.058920927571986	0.2700890681351543	0.48669114826390314	0.5569691551667837	0.38866246899410295	0.466221637535105	0.44094819157324017	-0.0493650478645667	0.3373681198319452	0.4378635181234027	0.38866246899410295	0.45306318755112407	0.5126239816147832	0.5121869231991023	0.08346442023133882	0.45979016524202027	0.5545331934320519	0.466221637535105	0.5126239816147832	0.8325871582073754
0.3709531873463283	0.02191419679395451	0.28991487950441686	0.31443158806017146	0.2710445983950494	0.356539064204379	0.4222178308634944	0.02191419679395451	0.43725667461398565	-0.05646111290939392	-0.06076431788411843	-0.008445449198541947	0.02400628656888519	0.12266722599881698	0.28991487950441686	-0.05646111290939392	0.4933221262489841	0.2219734011821119	0.2014205616031749	0.29891331673314925	0.38745151755822527	0.31443158806017146	-0.06076431788411843	0.2219734011821119	0.9859259408465014	0.38216727753328383	0.32476578460486244	0.4224083206544575	0.2710445983950494	-0.008445449198541947	0.2014205616031749	0.38216727753328383	0.56763106168165	0.2772246160787715	0.34912292928671834	0.356539064204379	0.02400628656888519	0.29891331673314925	0.32476578460486244	0.2772246160787715	0.37107314886900505	0.4285616386241769	0.4222178308634944	0.12266722599881698	0.38745151755822527	0.4224083206544575	0.34912292928671834	0.4285616386241769	0.6819780523913265
0.2783312729172402	0.11042792657904289	0.1637324164903017	0.19182368364471508	0.20489823569607193	0.2433456220290584	0.28957427273413383	0.11042792657904289	0.28842670807701815	0.03695131789186509	0.04633506078191174	0.09283542935292102	0.12141670405463606	0.17482743427440037	0.1637324164903017	0.03695131789186509	0.37735130387106675	0.09094802077528456	0.13610896094583538	0.18286221097533753	0.243274134509774	0.19182368364471508	0.04633506078191174	0.09094802077528456	0.9130886260338558	0.25990326315036616	0.2124519476439433	0.2793480099158566	0.20489823569607193	0.09283542935292102	0.13610896094583538	0.25990326315036616	0.38465171758203076	0.21997538333826294	0.2673213255513108	0.2433456220290584	0.12141670405463606	0.18286221097533753	0.2124519476439433	0.21997538333826294	0.26621258822414745	0.30511895775908854	0.28957427273413383	0.17482743427440037	0.243274134509774	0.2793480099158566	0.2673213255513108	0.30511895775908854	0.46501845487254384
