0.4201852359894477	-0.05433875374350963	0.20489639405662305	0.15783615480983487	0.1981177495127524	0.21735062876620906	0.23564479138557434	-0.05433875374350963	0.37026988432266045	-0.011754909069833019	-0.1164534375318088	-0.010134440891367598	0.0022693981390756075	0.024491076786262837	0.20489639405662305	-0.011754909069833019	0.3913393007741203	0.31717574817377625	0.3320994532952613	0.3584067443901141	0.3746683880745763	0.15783615480983487	-0.1164534375318088	0.31717574817377625	1.1196963338818986	0.3555418808786649	0.33718057813844793	0.35922637830090665	0.1981177495127524	-0.010134440891367598	0.3320994532952613	0.3555418808786649	0.4162769860280665	0.3427659475067178	0.3587824406336859	0.21735062876620906	0.0022693981390756075	0.3584067443901141	0.33718057813844793	0.3427659475067178	0.3754010833899409	0.38370878852908263	0.23564479138557434	0.024491076786262837	0.3746683880745763	0.35922637830090665	0.3587824406336859	0.38370878852908263	0.4393448308160977
0.4806133221929111	-0.02931140821174938	0.18700750809973743	0.16537008806867926	0.19096100736001395	0.21408848762631422	0.2843218220602408	-0.02931140821174938	0.4100231589646425	0.009793905459457346	-0.05688752576319798	0.02255445309787696	0.03765626466521116	0.1236058021317888	0.18700750809973743	0.009793905459457346	0.4547547442187667	0.34755029725038955	0.3472237257579969	0.3836466989212501	0.445257039359612	0.16537008806867926	-0.05688752576319798	0.34755029725038955	1.1366693670867887	0.40600340312790767	0.38428287814594986	0.4714784041193282	0.19096100736001395	0.02255445309787696	0.3472237257579969	0.40600340312790767	0.46719327500628327	0.3700997177458456	0.427665990052205	0.21408848762631422	0.03765626466521116	0.3836466989212501	0.38428287814594986	0.3700997177458456	0.41046691932790325	0.4590162834817171	0.2843218220602408	0.1236058021317888	0.445257039359612	0.4714784041193282	0.427665990052205	0.4590162834817171	0.6756930973327471
0.43105165034309567	-0.02729962316151302	0.18270885309443802	0.09668993683359406	0.11829139450735981	0.18966707864674842	0.21100080487016346	-0.02729962316151302	0.3422521731320143	0.045553101184436076	-0.07528314625898062	-0.002188711367657359	0.05313706165515544	0.0773745589492329	0.18270885309443802	0.045553101184436076	0.37738839502435173	0.27619114058097205	0.25562068643388486	0.356600639138149	0.3748123139855571	0.09668993683359406	-0.07528314625898062	0.27619114058097205	1.0823405758113376	0.3649392862472077	0.2890707182149786	0.31530336246008683	0.11829139450735981	-0.002188711367657359	0.25562068643388486	0.3649392862472077	0.5425294627067265	0.26245594594901395	0.2822374739950611	0.18966707864674842	0.05313706165515544	0.356600639138149	0.2890707182149786	0.26245594594901395	0.3689494489402566	0.3791592186678209	0.21100080487016346	0.0773745589492329	0.3748123139855571	0.31530336246008683	0.2822374739950611	0.3791592186678209	0.4424332870240411
0.3015647471077416	0.03445095959743734	0.1770458156672026	0.18580376452881778	0.1817361299645865	0.20659320635864079	0.22456323243711143	0.03445095959743734	0.2763299259538414	0.03650069870678513	0.03616491726050047	0.052394640738579676	0.06841772896903867	0.08898196161840348	0.1770458156672026	0.03650069870678513	0.3014243928475361	0.21196522888782038	0.2054970695324681	0.23555588264953806	0.254160639333577	0.18580376452881778	0.03616491726050047	0.21196522888782038	0.48744541694705956	0.2380652149305952	0.2454588385560395	0.26450827222354106	0.1817361299645865	0.052394640738579676	0.2054970695324681	0.2380652149305952	0.34826302792546737	0.23366574012941732	0.25077695538025174	0.20659320635864079	0.06841772896903867	0.23555588264953806	0.2454588385560395	0.23366574012941732	0.26947067952642656	0.27954076500957653	0.22456323243711143	0.08898196161840348	0.254160639333577	0.26450827222354106	0.25077695538025174	0.27954076500957653	0.3351211016150505
0.36778422108968356	0.007389511312215782	0.12003804908454267	0.11099736997815426	0.11398743656698514	0.14316805131815608	0.15115273810108779	0.007389511312215782	0.26824206019440056	0.0704763721560033	0.05296060253963686	0.06740610890202292	0.09334146981429048	0.10136548082035608	0.12003804908454267	0.0704763721560033	0.3069870362194243	0.22670731849314674	0.21342319703208498	0.2569034478439502	0.2645786228276248	0.11099736997815426	0.05296060253963686	0.22670731849314674	0.5463031800199561	0.24602634390928302	0.25221263191695203	0.2594726171645409	0.11398743656698514	0.06740610890202292	0.21342319703208498	0.24602634390928302	0.3887521398194991	0.2335730277306552	0.24108670847921868	0.14316805131815608	0.09334146981429048	0.2569034478439502	0.25221263191695203	0.2335730277306552	0.285363196315761	0.2831740166368901	0.15115273810108779	0.10136548082035608	0.2645786228276248	0.2594726171645409	0.24108670847921868	0.2831740166368901	0.30463841781578405
0.47664625923511067	0.03005324935753073	0.05555851954849792	0.10284645966567976	0.11983203138457539	0.13079167404111514	0.19386227570490308	0.03005324935753073	0.3119213305598399	0.083117264020584	0.11811475458632717	0.13791918833417738	0.15071375548717955	0.2133929022976621	0.05555851954849792	0.083117264020584	0.4215135082090452	0.2232465417486479	0.23413895787634764	0.25630218853680836	0.3221279214330092	0.10284645966567976	0.11811475458632717	0.2232465417486479	0.6580069416646014	0.30058469131470683	0.3004710363619156	0.3641368044884459	0.11983203138457539	0.13791918833417738	0.23413895787634764	0.30058469131470683	0.36987341367756144	0.2955077485778476	0.34687715170297234	0.13079167404111514	0.15071375548717955	0.25630218853680836	0.3004710363619156	0.2955077485778476	0.3213137446684227	0.36599422750182803	0.19386227570490308	0.2133929022976621	0.3221279214330092	0.3641368044884459	0.34687715170297234	0.36599422750182803	0.5511624114772499
0.3293154222170555	0.13233108910318175	0.14892658172943452	0.24396982209810508	0.2479567548474684	0.2753569253736366	0.36295148922755777	0.13233108910318175	0.3433705849995349	0.015441231127291996	0.08938225982160006	0.12820426845576485	0.1476093794284466	0.2513761441856692	0.14892658172943452	0.015441231127291996	0.5276233557220443	0.0820666288520212	0.14173984732273942	0.179914129234537	0.31890591976706817	0.24396982209810508	0.08938225982160006	0.0820666288520212	1.0469131288357014	0.31628199780234534	0.2744511485245925	0.4053859046286585	0.2479567548474684	0.12820426845576485	0.14173984732273942	0.31628199780234534	0.3979653837900384	0.27165630828815657	0.35970053507782157	0.2753569253736366	0.1476093794284466	0.179914129234537	0.2744511485245925	0.27165630828815657	0.30685518887338625	0.3853951938815007	0.36295148922755777	0.2513761441856692	0.31890591976706817	0.4053859046286585	0.35970053507782157	0.3853951938815007	0.7096872461048419
0.3394326908616175	0.040297201614510864	0.14689291875644772	0.08774351544974493	0.11009598892667358	0.17879094570710563	0.18575668637057022	0.040297201614510864	0.27439356947834315	0.06894872185021415	-0.010354528257089508	0.041301157501412625	0.10125894726492377	0.1082467473520014	0.14689291875644772	0.06894872185021415	0.3187688967694891	0.14300024570713932	0.15500371728483542	0.24473066031388943	0.25164692344138073	0.08774351544974493	-0.010354528257089508	0.14300024570713932	0.9278879497308239	0.2759900164343865	0.19355230156516065	0.1989376018416231	0.11009598892667358	0.041301157501412625	0.15500371728483542	0.2759900164343865	0.48063982658929805	0.18826398567200686	0.19488303927263775	0.17879094570710563	0.10125894726492377	0.24473066031388943	0.19355230156516065	0.18826398567200686	0.28265090800485065	0.27898913539808295	0.18575668637057022	0.1082467473520014	0.25164692344138073	0.1989376018416231	0.19488303927263775	0.27898913539808295	0.2972967506592783
0.7357459285672312	0.08390223731591923	0.12257549572803877	0.14806396825093987	0.15106000622291305	0.16584134562450087	0.48444903157180763	0.08390223731591923	0.4844566653118892	0.17494476917776008	0.17421192879724504	0.18611369830830632	0.20823070768304092	0.5173436929514688	0.12257549572803877	0.17494476917776008	0.6062432782020389	0.41789162333138863	0.38584487967287284	0.4355645878508948	0.7080331792271005	0.14806396825093987	0.17421192879724504	0.41789162333138863	1.426859177991019	0.5255102425082107	0.47181670906516343	0.8469777729372763	0.15106000622291305	0.18611369830830632	0.38584487967287284	0.5255102425082107	0.562916708107436	0.4194284784551216	0.650592905979247	0.16584134562450087	0.20823070768304092	0.4355645878508948	0.47181670906516343	0.4194284784551216	0.47028065679486974	0.6750613078552288	0.48444903157180763	0.5173436929514688	0.7080331792271005	0.8469777729372763	0.650592905979247	0.6750613078552288	1.5588485350963162
0.46202543331400703	-0.0019183111984533638	0.08864467956745327	0.004041417960031594	0.07267488781723654	0.09317734375799014	0.13484865047322336	-0.0019183111984533638	0.2861233869785007	0.13243729864901269	0.041076031262022666	0.11159246230999652	0.13631967994039146	0.17644204173264785	0.08864467956745327	0.13243729864901269	0.3085838412256351	0.23259093700089578	0.2607681198089	0.29441304054455225	0.3286183112306561	0.004041417960031594	0.041076031262022666	0.23259093700089578	1.0431190236367653	0.27622912332059496	0.2419384978459038	0.29329423940847327	0.07267488781723654	0.11159246230999652	0.2607681198089	0.27622912332059496	0.37247870664709204	0.2641193235488081	0.2991916695420265	0.09317734375799014	0.13631967994039146	0.29441304054455225	0.2419384978459038	0.2641193235488081	0.30553314794917263	0.3305381713519155	0.13484865047322336	0.17644204173264785	0.3286183112306561	0.29329423940847327	0.2991916695420265	0.3305381713519155	0.44630395036959736
0.6423537422730577	-0.003985915392463346	0.08711538455329587	0.07188671994624413	0.09859370683645602	0.11475894656576277	0.2729121104073035	-0.003985915392463346	0.41073361222800225	0.11708947557123184	0.08516991507898991	0.11992451272390733	0.1402571781164136	0.29671915624755846	0.08711538455329587	0.11708947557123184	0.49091667554110907	0.39138576485512255	0.3721365698842147	0.4150078694025965	0.5338770021326117	0.07188671994624413	0.08516991507898991	0.39138576485512255	1.0635033884929865	0.43715825825738	0.4214382270544775	0.5820187571682421	0.09859370683645602	0.11992451272390733	0.3721365698842147	0.43715825825738	0.5063373730897032	0.3920605517744628	0.5029706824624438	0.11475894656576277	0.1402571781164136	0.4150078694025965	0.4214382270544775	0.3920605517744628	0.43871051787893134	0.5371410771311899	0.2729121104073035	0.29671915624755846	0.5338770021326117	0.5820187571682421	0.5029706824624438	0.5371410771311899	0.9600072599810181
0.7789724264531047	-0.08386843336599799	-0.04572167404259271	-0.10493951573849258	-0.05064779962196746	-0.02301248765002161	0.07855938662735044	-0.08386843336599799	0.38189620973572325	0.1761918716111706	0.10673644802980843	0.11633287151728702	0.1919548671543535	0.2747685242858821	-0.04572167404259271	0.1761918716111706	0.5153616222166237	0.39963299871386604	0.33250865420742826	0.4637226699990717	0.5244905620584017	-0.10493951573849258	0.10673644802980843	0.39963299871386604	1.1112339986941617	0.46470262144148705	0.42192692283280653	0.5139957624771156	-0.05064779962196746	0.11633287151728702	0.33250865420742826	0.46470262144148705	0.6519752548267346	0.3477276167175012	0.414525988342379	-0.02301248765002161	0.1919548671543535	0.4637226699990717	0.42192692283280653	0.3477276167175012	0.4807139563575975	0.5302559105408522	0.07855938662735044	0.2747685242858821	0.5244905620584017	0.5139957624771156	0.414525988342379	0.5302559105408522	0.7671762403247229
0.7350968448714206	-0.10728051039465422	-0.07060685832626173	-0.12614005318991886	-0.06948416447542029	-0.05475803212434405	-0.006429766470104805	-0.10728051039465422	0.3329174171988341	0.18301904529335963	0.13230409474367769	0.14741729287934735	0.19375848175572358	0.2321988369944016	-0.07060685832626173	0.18301904529335963	0.4277022846195034	0.35397800618447284	0.32479460121813347	0.39530165349775587	0.4263015839588927	-0.12614005318991886	0.13230409474367769	0.35397800618447284	0.8899865248663135	0.37678571151150175	0.36847727265375485	0.4097460395196545	-0.06948416447542029	0.14741729287934735	0.32479460121813347	0.37678571151150175	0.5145379358989368	0.33433212627426045	0.36602874905310917	-0.05475803212434405	0.19375848175572358	0.39530165349775587	0.36847727265375485	0.33433212627426045	0.4097630749735409	0.43269363896405516	-0.006429766470104805	0.2321988369944016	0.4263015839588927	0.4097460395196545	0.36602874905310917	0.43269363896405516	0.5452833043580698
0.8551703426794576	-0.02030950934541058	-0.09012803240508885	-0.019787201064410613	0.007304248819065828	0.029736640523886748	0.202833558156709	-0.02030950934541058	0.44230039790787157	0.13173043833782852	0.15052191283244637	0.13590838212776263	0.21628960924871243	0.36198692943686595	-0.09012803240508885	0.13173043833782852	0.7652229758743765	0.3672560375271057	0.2812334023293218	0.46095469643860626	0.6085025967544692	-0.019787201064410613	0.15052191283244637	0.3672560375271057	1.171702190513693	0.5318721415053376	0.4788131284339988	0.6319329680358245	0.007304248819065828	0.13590838212776263	0.2812334023293218	0.5318721415053376	0.7538660137698372	0.3681171338254724	0.48183301881297147	0.029736640523886748	0.21628960924871243	0.46095469643860626	0.4788131284339988	0.3681171338254724	0.5296540116667479	0.6137682465991138	0.202833558156709	0.36198692943686595	0.6085025967544692	0.6319329680358245	0.48183301881297147	0.6137682465991138	1.0522563179766053
0.5893698893376995	0.05309969805087822	0.08595184620503732	0.13520493815104945	0.13177088854901764	0.18857098930192084	0.33228525351121424	0.05309969805087822	0.42243325991853287	0.07365257675542217	0.0898187869646596	0.10563094416756688	0.16412515820413048	0.31558748790877705	0.08595184620503732	0.07365257675542217	0.6452032335812368	0.25013341282624196	0.22133473375847396	0.35116273209717486	0.5137966485716392	0.13520493815104945	0.0898187869646596	0.25013341282624196	1.2041318421569331	0.47886575416904087	0.38164997248431715	0.5590163504146265	0.13177088854901764	0.10563094416756688	0.22133473375847396	0.47886575416904087	0.657586074653664	0.3159453541856506	0.4390753614228297	0.18857098930192084	0.16412515820413048	0.35116273209717486	0.38164997248431715	0.3159453541856506	0.43154552062276663	0.5299701549088227	0.33228525351121424	0.31558748790877705	0.5137966485716392	0.5590163504146265	0.4390753614228297	0.5299701549088227	0.9768933014821461
0.6932355727606634	-0.004529197697154708	0.046511179303139416	0.043600002962685465	0.04413828532570403	0.14406505267547362	0.2607778190226056	-0.004529197697154708	0.4595803622776874	0.06397008851228762	0.01121922662043489	0.02746207104678304	0.14531642106756337	0.2647549999189568	0.046511179303139416	0.06397008851228762	0.7583513696687219	0.3002043095894913	0.19166840618433775	0.4901650797345435	0.5919314132753548	0.043600002962685465	0.01121922662043489	0.3002043095894913	1.4541069719279032	0.6398558703860431	0.4277935453362541	0.5689726239216655	0.04413828532570403	0.02746207104678304	0.19166840618433775	0.6398558703860431	0.9243188436651675	0.28860033957527237	0.3915142189710485	0.14406505267547362	0.14531642106756337	0.4901650797345435	0.4277935453362541	0.28860033957527237	0.5513034536422167	0.6100643721050942	0.2607778190226056	0.2647549999189568	0.5919314132753548	0.5689726239216655	0.3915142189710485	0.6100643721050942	0.9436728698931028
0.6587978587746984	-0.04315919258047578	0.0004960040336825927	-0.09488013232167107	-0.05163567424658011	0.05936232317180573	0.0939408782533906	-0.04315919258047578	0.3747866556427437	0.1433253307525612	0.0036195992823139997	0.014267770656118131	0.1881410144942828	0.21876132523783373	0.0004960040336825927	0.1433253307525612	0.5659490307296868	0.22064865851389903	0.13969714063581945	0.43225594166259695	0.45831241000002043	-0.09488013232167107	0.0036195992823139997	0.22064865851389903	1.351489174981392	0.5548993532818012	0.3012691025839906	0.34333386518733167	-0.05163567424658011	0.014267770656118131	0.13969714063581945	0.5548993532818012	0.8789555187897644	0.19905244015815457	0.23051911851783818	0.05936232317180573	0.1881410144942828	0.43225594166259695	0.3012691025839906	0.19905244015815457	0.47107490124457274	0.4865308033662435	0.0939408782533906	0.21876132523783373	0.45831241000002043	0.34333386518733167	0.23051911851783818	0.4865308033662435	0.5777741769765811
0.5756466244595589	-0.03252453773967628	0.03227377102785232	-0.08558354076931367	-0.04630425162822602	0.0721967677236452	0.08006864246500961	-0.03252453773967628	0.33651988582678255	0.14272673017620952	-0.005463416650621045	0.009060312361036993	0.1744819357359607	0.18184265804686442	0.03227377102785232	0.14272673017620952	0.46619689321388663	0.18681432518912444	0.1251306147754801	0.37675964122297684	0.3837715184895232	-0.08558354076931367	-0.005463416650621045	0.18681432518912444	1.2144522033928589	0.4713152898102312	0.2453667045119119	0.25163279815111667	-0.04630425162822602	0.009060312361036993	0.1251306147754801	0.4713152898102312	0.80812986390628	0.16675356703069782	0.17363921716885816	0.0721967677236452	0.1744819357359607	0.37675964122297684	0.2453667045119119	0.16675356703069782	0.41005448275570194	0.4078253190223597	0.08006864246500961	0.18184265804686442	0.3837715184895232	0.25163279815111667	0.17363921716885816	0.4078253190223597	0.42771151045320194
0.8731821652884425	0.012408973447393806	-0.07727346478070296	0.03055019890868909	0.040441587202547424	0.09122927295698255	0.28848845895744313	0.012408973447393806	0.5292629668798748	0.051792353408635805	0.06533074736511167	0.0629275236922758	0.17515902665279126	0.3620855717519426	-0.07727346478070296	0.051792353408635805	1.0937689104959039	0.3418250219757515	0.19097579720457186	0.5835137723631144	0.7683022287356076	0.03055019890868909	0.06533074736511167	0.3418250219757515	1.6353688977906662	0.769543667710596	0.5367165052963764	0.7413679498587399	0.040441587202547424	0.0629275236922758	0.19097579720457186	0.769543667710596	1.0465331885386973	0.34558665374125086	0.49762712167981316	0.09122927295698255	0.17515902665279126	0.5835137723631144	0.5367165052963764	0.34558665374125086	0.6643163191821547	0.7352968277779738	0.28848845895744313	0.3620855717519426	0.7683022287356076	0.7413679498587399	0.49762712167981316	0.7352968277779738	1.2742193683939402
0.8044626499405241	-0.09641306052907293	-0.05674834864528845	-0.13113588131827686	-0.06766969382755623	-0.03590405838841166	0.06169445898065269	-0.09641306052907293	0.39437431880776896	0.17377810215890618	0.0855908750799371	0.09937689460135016	0.18795165980926345	0.266921522558282	-0.05674834864528845	0.17377810215890618	0.5494045106609319	0.4240961352942791	0.3424036068545886	0.5015713065672288	0.5555439710210599	-0.13113588131827686	0.0855908750799371	0.4240961352942791	1.2185846357468313	0.5073309666160835	0.4451261962439512	0.5339494679623795	-0.06766969382755623	0.09937689460135016	0.3424036068545886	0.5073309666160835	0.7029897050701224	0.35637857809296686	0.419876174528757	-0.03590405838841166	0.18795165980926345	0.5015713065672288	0.4451261962439512	0.35637857809296686	0.5167291285279094	0.5602656175486685	0.06169445898065269	0.266921522558282	0.5555439710210599	0.5339494679623795	0.419876174528757	0.5602656175486685	0.7831807690325915
0.7774194200629161	-0.1133572792400549	-0.06444155270075533	-0.1340666208119207	-0.07321673994771243	-0.05705948419847742	0.015818301281783687	-0.1133572792400549	0.36066118404724795	0.17982493507691877	0.11424767823325763	0.13268777842194282	0.18446072309985914	0.2427502832211705	-0.06444155270075533	0.17982493507691877	0.47058435685738165	0.41271842540684445	0.3663090792002824	0.4526127842018617	0.49435968309918316	-0.1340666208119207	0.11424767823325763	0.41271842540684445	1.0076947380812988	0.43273217786039186	0.4199439306272425	0.4808534503798905	-0.07321673994771243	0.13268777842194282	0.3663090792002824	0.43273217786039186	0.5726789463010693	0.3699050236163569	0.41516372304465765	-0.05705948419847742	0.18446072309985914	0.4526127842018617	0.4199439306272425	0.3699050236163569	0.4623471468423699	0.49545095138441897	0.015818301281783687	0.2427502832211705	0.49435968309918316	0.4808534503798905	0.41516372304465765	0.49545095138441897	0.6606616859675284
0.7801881765952268	-0.09137045959059442	-0.032661393205961474	-0.11501709901369313	-0.049877573913025566	-0.024470918269924473	0.07919170518001716	-0.09137045959059442	0.3886487263176581	0.1677013545923671	0.08082547986558433	0.11037323943099339	0.1731608224318268	0.2592572567987398	-0.032661393205961474	0.1677013545923671	0.5086082136395961	0.43361058730023344	0.3752550778362364	0.4871193178521881	0.5443975114387812	-0.11501709901369313	0.08082547986558433	0.43361058730023344	1.2081927859033637	0.4887390691370558	0.44290368050494483	0.5383462958832526	-0.049877573913025566	0.11037323943099339	0.3752550778362364	0.4887390691370558	0.6321653291207878	0.3799320144985455	0.4459087405582935	-0.024470918269924473	0.1731608224318268	0.4871193178521881	0.44290368050494483	0.3799320144985455	0.4967480422724322	0.5450191453395322	0.07919170518001716	0.2592572567987398	0.5443975114387812	0.5383462958832526	0.4459087405582935	0.5450191453395322	0.7841382542941563
0.7428453649312173	-0.05298247802671082	-0.0007735858395068358	-0.07772254242588558	-0.010131361044930419	0.009231744347589665	0.1416751289755677	-0.05298247802671082	0.37588288404312264	0.18125069182050063	0.10453120448122824	0.1458475646712847	0.18821884246610823	0.29951878380981983	-0.0007735858395068358	0.18125069182050063	0.4540420150193936	0.3814261778281116	0.3594322618624105	0.42726580924081436	0.510512113317349	-0.07772254242588558	0.10453120448122824	0.3814261778281116	1.2507867615669785	0.44465312058984346	0.3940780808541459	0.5332043621150641	-0.010131361044930419	0.1458475646712847	0.3594322618624105	0.44465312058984346	0.539498567188798	0.3657486501189605	0.4550741189814777	0.009231744347589665	0.18821884246610823	0.42726580924081436	0.3940780808541459	0.3657486501189605	0.4384748280536024	0.5115085592081573	0.1416751289755677	0.29951878380981983	0.510512113317349	0.5332043621150641	0.4550741189814777	0.5115085592081573	0.8329205205613988
0.7704944962478018	-0.09261859489644367	-0.029602842380988287	-0.15409135219412567	-0.06548647006506259	-0.027161713559585188	0.060788181475662104	-0.09261859489644367	0.38291184765420216	0.18045113488796435	0.05032014876963334	0.09698934697739411	0.18137611509409743	0.2535977964208074	-0.029602842380988287	0.18045113488796435	0.49400577794998896	0.39770653153225777	0.3463785985052951	0.48247692653961755	0.5314513113219097	-0.15409135219412567	0.05032014876963334	0.39770653153225777	1.397311725806409	0.5120787099593251	0.40417365885549905	0.49594227794267853	-0.06548647006506259	0.09698934697739411	0.3463785985052951	0.5120787099593251	0.6600766997767129	0.3472723598807521	0.4083213858886321	-0.027161713559585188	0.18137611509409743	0.48247692653961755	0.40417365885549905	0.3472723598807521	0.4918404034824448	0.5293696110201511	0.060788181475662104	0.2535977964208074	0.5314513113219097	0.49594227794267853	0.4083213858886321	0.5293696110201511	0.7346679212693984
0.34687523688956695	0.06652740294931683	0.20279262520938787	0.14844543922465828	0.19295662978587705	0.20877686362732947	0.2986161479486833	0.06652740294931683	0.3120584195814588	0.10519062846171463	0.019535638652531932	0.09832887687853827	0.11150624592652682	0.21194187770563339	0.20279262520938787	0.10519062846171463	0.29904721119964583	0.22604795794102883	0.2591521841916291	0.2783937562092742	0.3629547378608661	0.14844543922465828	0.019535638652531932	0.22604795794102883	1.1296721350825394	0.26702331386333095	0.23898740034092186	0.3744431656616347	0.19295662978587705	0.09832887687853827	0.2591521841916291	0.26702331386333095	0.33595088551622304	0.26478414055454624	0.3495210700046024	0.20877686362732947	0.11150624592652682	0.2783937562092742	0.23898740034092186	0.26478414055454624	0.29065414675006535	0.3651982444619479	0.2986161479486833	0.21194187770563339	0.3629547378608661	0.3744431656616347	0.3495210700046024	0.3651982444619479	0.6481799205359796
0.32282087430199785	0.024542753908408793	0.21429419375967115	0.14733509521082172	0.18700585181861354	0.21848810714752107	0.2511751176393992	0.024542753908408793	0.30538493036418674	0.053815548753991596	-0.054587686921455006	0.03587481689112497	0.058939145035169456	0.09732180882414215	0.21429419375967115	0.053815548753991596	0.2936692232177754	0.21367406670016253	0.24200692949063332	0.2783660453729172	0.3094162551479579	0.14733509521082172	-0.054587686921455006	0.21367406670016253	1.0363217695318567	0.26473320941132406	0.22425226926700303	0.2703192435693288	0.18700585181861354	0.03587481689112497	0.24200692949063332	0.26473320941132406	0.3679063148788938	0.24625419741486285	0.2780995946546795	0.21848810714752107	0.058939145035169456	0.2783660453729172	0.22425226926700303	0.24625419741486285	0.2901422906738805	0.3121714136602941	0.2511751176393992	0.09732180882414215	0.3094162551479579	0.2703192435693288	0.2780995946546795	0.3121714136602941	0.4156160751887094
0.35344366882877976	-0.022169801611418155	0.2645018742465473	0.20125734585633429	0.22595262990758885	0.2672166475385922	0.2944438221688637	-0.022169801611418155	0.3620088285016404	-0.0026328591166300108	-0.1306755577448397	-0.02238598324299273	0.0017406967711879467	0.03688246531594956	0.2645018742465473	-0.0026328591166300108	0.33945037922481114	0.2668823928437808	0.27922490542814393	0.3259210962947045	0.3517283029751823	0.20125734585633429	-0.1306755577448397	0.2668823928437808	1.1189888153383907	0.32182563812554854	0.27600452516237817	0.3141185056341431	0.22595262990758885	-0.02238598324299273	0.27922490542814393	0.32182563812554854	0.42377351270588204	0.2821831947818209	0.3090732651872233	0.2672166475385922	0.0017406967711879467	0.3259210962947045	0.27600452516237817	0.2821831947818209	0.33719030144492124	0.35329111170024347	0.2944438221688637	0.03688246531594956	0.3517283029751823	0.3141185056341431	0.3090732651872233	0.35329111170024347	0.44203018709916003
0.4654648545303458	-0.09202651262780875	0.3216216868763298	0.26573592368363425	0.26508508320859997	0.3240520499792048	0.3761756087892633	-0.09202651262780875	0.49048454254086915	-0.07419402507379534	-0.22389719142101117	-0.0936908457956799	-0.06961579714931325	0.009784627253941844	0.3216216868763298	-0.07419402507379534	0.4678932280315623	0.4124364760366007	0.37971103481657237	0.4534079471759519	0.49754563411893005	0.26573592368363425	-0.22389719142101117	0.4124364760366007	1.3659060637728855	0.478878332879914	0.42059181421299535	0.49701248372748286	0.26508508320859997	-0.0936908457956799	0.37971103481657237	0.478878332879914	0.5627797754663911	0.38222854791616195	0.43136138883109426	0.3240520499792048	-0.06961579714931325	0.4534079471759519	0.42059181421299535	0.38222854791616195	0.4629048240442459	0.49772896320563886	0.3761756087892633	0.009784627253941844	0.49754563411893005	0.49701248372748286	0.43136138883109426	0.49772896320563886	0.6764708220697567
0.3347242638819122	0.033032317928886334	0.25623241533802155	0.24680744122419068	0.2761590610124448	0.2749849300729059	0.35553711687411876	0.033032317928886334	0.3722895118552439	0.024622280598418193	-0.04007986920486867	0.04738956463743263	0.04674463530413668	0.15014776047999925	0.25623241533802155	0.024622280598418193	0.35140213361665795	0.25649483627439823	0.2911602766599886	0.29048290107411034	0.37473644144779156	0.24680744122419068	-0.04007986920486867	0.25649483627439823	1.069770283582422	0.29176735767480355	0.29131518851362653	0.40753603313141573	0.2761590610124448	0.04738956463743263	0.2911602766599886	0.29176735767480355	0.31990008127393516	0.3089989224917824	0.38631434328229003	0.2749849300729059	0.04674463530413668	0.29048290107411034	0.29131518851362653	0.3089989224917824	0.32214745370037273	0.3840980827993221	0.35553711687411876	0.15014776047999925	0.37473644144779156	0.40753603313141573	0.38631434328229003	0.3840980827993221	0.6549098065063516
0.2690800996722765	0.08915753581188385	0.17570036327662064	0.14307736747191196	0.1987303097763071	0.18832844606179766	0.2477210829277656	0.08915753581188385	0.2552962476878022	0.09022317127195925	0.035808632685351074	0.11389303205248028	0.1058117670880699	0.16765916694875949	0.17570036327662064	0.09022317127195925	0.26792659608556085	0.14993482422276674	0.21149700121822168	0.2023889723490891	0.262931858710622	0.14307736747191196	0.035808632685351074	0.14993482422276674	0.9141159424941935	0.18668637277619649	0.19587029633769243	0.25535060623473965	0.1987303097763071	0.11389303205248028	0.21149700121822168	0.18668637277619649	0.24012093982729282	0.2226606638533769	0.28071948989458284	0.18832844606179766	0.1058117670880699	0.2023889723490891	0.19587029633769243	0.2226606638533769	0.2727483345356426	0.26768273068598225	0.2477210829277656	0.16765916694875949	0.262931858710622	0.25535060623473965	0.28071948989458284	0.26768273068598225	0.43610242057004056
0.26542340462615777	0.10284523357771325	0.15825474854294924	0.09482514697525313	0.14856194285795415	0.15854354171965696	0.21513133629386885	0.10284523357771325	0.2201092017948575	0.1421764288775148	0.07116586946799529	0.13263110497300726	0.14262607901901161	0.20017014601082583	0.15825474854294924	0.1421764288775148	0.21590855741448867	0.14797013735536813	0.19456048174356022	0.206165483237683	0.2604842312904281	0.09482514697525313	0.07116586946799529	0.14797013735536813	0.8502626369367199	0.17032385445979548	0.15532426899947283	0.23044106073635107	0.14856194285795415	0.13263110497300726	0.19456048174356022	0.17032385445979548	0.2538125074618155	0.19469251667338588	0.24924786566460247	0.15854354171965696	0.14262607901901161	0.206165483237683	0.15532426899947283	0.19469251667338588	0.22187024578802975	0.2591966469232466	0.21513133629386885	0.20017014601082583	0.2604842312904281	0.23044106073635107	0.24924786566460247	0.2591966469232466	0.4287968135548184
0.8949017600440133	0.2894723409423949	-0.10782084260266556	0.39054324852664435	0.3910864413333083	0.17057609423341846	0.7412138171917055	0.2894723409423949	0.6754004903114745	0.017495185082534226	0.35016385089259827	0.35269651647790823	0.16996611625246952	0.7968390402620948	-0.10782084260266556	0.017495185082534226	3.235972975160554	0.17670968698378586	0.17861207808514262	0.33663641475176453	2.144063818796844	0.39054324852664435	0.35016385089259827	0.17670968698378586	0.763758904540417	0.620191986835686	0.4094476983564027	0.8764833873338596	0.3910864413333083	0.35269651647790823	0.17861207808514262	0.620191986835686	0.6232742837529863	0.38109083799138505	0.845600323244874	0.17057609423341846	0.16996611625246952	0.33663641475176453	0.4094476983564027	0.38109083799138505	0.702475200783432	0.5979988421051887	0.7412138171917055	0.7968390402620948	2.144063818796844	0.8764833873338596	0.845600323244874	0.5979988421051887	3.0565593946868335
0.3288720630570009	0.1264863924055468	0.18439464573187891	0.21001641030864185	0.2204758986449259	0.21987849973707332	0.355026824241459	0.1264863924055468	0.29910176784207276	0.12565832206506652	0.14484513922623082	0.16176212616077956	0.16127201555804324	0.30741028584449637	0.18439464573187891	0.12565832206506652	0.3420298627214644	0.2221686093175276	0.23628040524648983	0.2364968316918814	0.38482344812287306	0.21001641030864185	0.14484513922623082	0.2221686093175276	0.5353232522568253	0.2640336831820487	0.26318479464610117	0.413231739146929	0.2204758986449259	0.16176212616077956	0.23628040524648983	0.2640336831820487	0.2806831748592727	0.26929314890933614	0.39629150295140686	0.21987849973707332	0.16127201555804324	0.2364968316918814	0.26318479464610117	0.26929314890933614	0.28018409646788495	0.3945062269958999	0.355026824241459	0.30741028584449637	0.38482344812287306	0.413231739146929	0.39629150295140686	0.3945062269958999	0.8196558731340415
0.5338584207999557	-0.08400623595893142	0.19000816576284515	0.1065839080150354	0.14855511859262027	0.19266427508771009	0.2384937729341552	-0.08400623595893142	0.4324943769928109	-0.00820838919332287	-0.15547583048598107	-0.03528612045508016	-0.004641601153223769	0.0511967180926541	0.19000816576284515	-0.00820838919332287	0.4887385684427928	0.4330791139841542	0.402726605742279	0.4754041712826643	0.5078782919230296	0.1065839080150354	-0.15547583048598107	0.4330791139841542	1.4210418304373515	0.4961386389069493	0.44069042213910825	0.49705428485983916	0.14855511859262027	-0.03528612045508016	0.402726605742279	0.4961386389069493	0.571025665394951	0.4044114374977278	0.44059345369274017	0.19266427508771009	-0.004641601153223769	0.4754041712826643	0.44069042213910825	0.4044114374977278	0.4847656988437515	0.5076636869586201	0.2384937729341552	0.0511967180926541	0.5078782919230296	0.49705428485983916	0.44059345369274017	0.5076636869586201	0.640889250318782
0.20770180778147043	0.126052557275236	0.12352205631399647	0.07193628380111146	0.13547894801251267	0.1377034268791511	0.16297801229371578	0.126052557275236	0.17219551926286986	0.13972094476555633	0.08865882181252177	0.15101272677562677	0.15342353858082522	0.1783546092184017	0.12352205631399647	0.13972094476555633	0.18830189194824004	0.08362641665688594	0.14997239669177545	0.15280875871731298	0.17844570105072002	0.07193628380111146	0.08865882181252177	0.08362641665688594	0.7545434614262464	0.11273753554967252	0.10927008625412049	0.1404471927222702	0.13547894801251267	0.15101272677562677	0.14997239669177545	0.11273753554967252	0.18508736576185703	0.16363118761963472	0.18832353443326494	0.1377034268791511	0.15342353858082522	0.15280875871731298	0.10927008625412049	0.16363118761963472	0.17878501587223877	0.19046618704018853	0.16297801229371578	0.1783546092184017	0.17844570105072002	0.1404471927222702	0.18832353443326494	0.19046618704018853	0.2649579730050154
0.49935799524203495	-0.008478997290052387	0.12318045541591574	0.051604414090590814	0.120979884705778	0.1251166695052996	0.20767420904981862	-0.008478997290052387	0.3407625788099572	0.107438737069712	0.014390972735712881	0.10455246123326054	0.10932651742150985	0.19368892755901887	0.12318045541591574	0.107438737069712	0.3558862076190419	0.31056492118995827	0.3363095581741176	0.3437854159975223	0.4089712780403768	0.051604414090590814	0.014390972735712881	0.31056492118995827	1.2307275355411817	0.32748660655487505	0.31832610393165517	0.4236458306223869	0.120979884705778	0.10455246123326054	0.3363095581741176	0.32748660655487505	0.3681434346525387	0.3368328352141756	0.40209929226625757	0.1251166695052996	0.10932651742150985	0.3437854159975223	0.31832610393165517	0.3368328352141756	0.35559999336931625	0.4077886106039459	0.20767420904981862	0.19368892755901887	0.4089712780403768	0.4236458306223869	0.40209929226625757	0.4077886106039459	0.6401030381620857
0.3171003091652327	0.040739960707379425	0.2062596912356744	0.15413826724026397	0.21300164094969096	0.21286652168391806	0.2651501667425612	0.040739960707379425	0.3045053945876973	0.06494347117803385	-0.0330396006973161	0.07260417333427413	0.07272776553223019	0.13282506995480514	0.2062596912356744	0.06494347117803385	0.2893040630540011	0.21203892056705864	0.2641044363890284	0.2642813174715266	0.3149014045160351	0.15413826724026397	-0.0330396006973161	0.21203892056705864	1.1322388720104948	0.23091466107969838	0.22998187075507637	0.305539736842528	0.21300164094969096	0.07260417333427413	0.2641044363890284	0.23091466107969838	0.2825236562652817	0.2699726208540504	0.3191902713789715	0.21286652168391806	0.07272776553223019	0.2642813174715266	0.22998187075507637	0.2699726208540504	0.2835128250025747	0.3184908072611485	0.2651501667425612	0.13282506995480514	0.3149014045160351	0.305539736842528	0.3191902713789715	0.3184908072611485	0.48321244533699764
0.4437727059198599	-0.05174497452125221	0.3044419723877469	0.25861102474540065	0.269603905812509	0.3079635843093744	0.38528972396419453	-0.05174497452125221	0.4749510650687629	-0.033026544969420576	-0.1684093260354536	-0.04578855219514258	-0.02782104496843083	0.084234722303582	0.3044419723877469	-0.033026544969420576	0.43297820873347587	0.38236684161289736	0.3687763319159549	0.41605323340642364	0.4839029911618195	0.25861102474540065	-0.1684093260354536	0.38236684161289736	1.3832647120308121	0.44128978594857404	0.39214558415961476	0.5110460983079473	0.269603905812509	-0.04578855219514258	0.3687763319159549	0.44128978594857404	0.5000262940996603	0.3722086927663775	0.4444695080926921	0.3079635843093744	-0.02782104496843083	0.41605323340642364	0.39214558415961476	0.3722086927663775	0.4260352107292816	0.48436207688386457	0.38528972396419453	0.084234722303582	0.4839029911618195	0.5110460983079473	0.4444695080926921	0.48436207688386457	0.7481083657873421
0.5706944998135813	-0.009988256556666547	0.09824010830931044	-0.006698158791033346	0.051656801046500424	0.09996620949890583	0.19626987363602463	-0.009988256556666547	0.35424850255433105	0.14813428682150856	0.027588720553986687	0.08850002006421442	0.14938813303604465	0.24147937125042332	0.09824010830931044	0.14813428682150856	0.392750941142285	0.3026505177246497	0.28897482859801893	0.38160525836033543	0.45141095297822664	-0.006698158791033346	0.027588720553986687	0.3026505177246497	1.3109936451341004	0.4174617798453415	0.3098224817337363	0.4344367050141076	0.051656801046500424	0.08850002006421442	0.28897482859801893	0.4174617798453415	0.5523896898339282	0.2902397893548505	0.3706875145136112	0.09996620949890583	0.14938813303604465	0.38160525836033543	0.3098224817337363	0.2902397893548505	0.39141858626602055	0.44981491562638337	0.19626987363602463	0.24147937125042332	0.45141095297822664	0.4344367050141076	0.3706875145136112	0.44981491562638337	0.7113675955079024
0.2740910562742398	0.14425127155905895	0.13310890416258725	0.05818916649763637	0.1251400782153242	0.1427765275482235	0.22487800130596733	0.14425127155905895	0.20233534895276137	0.18457293951044182	0.11523861005978787	0.17255486849622495	0.1930233601338596	0.27126555227122545	0.13310890416258725	0.18457293951044182	0.22242592537563052	0.09758328798004305	0.16195177374334893	0.18375908569527494	0.2651527146830224	0.05818916649763637	0.11523861005978787	0.09758328798004305	1.0200825581826554	0.16972103820958298	0.12726861324669314	0.2425944446644542	0.1251400782153242	0.17255486849622495	0.16195177374334893	0.16972103820958298	0.2798507410794439	0.17178537663243457	0.25205776478798414	0.1427765275482235	0.1930233601338596	0.18375908569527494	0.12726861324669314	0.17178537663243457	0.21749301666007825	0.26841521735568824	0.22487800130596733	0.27126555227122545	0.2651527146830224	0.2425944446644542	0.25205776478798414	0.26841521735568824	0.5121858707026319
0.33324031745076427	0.16540871403163337	0.15287274055742017	0.029840149750766036	0.09362850080952975	0.1112045339035887	0.275028857784591	0.16540871403163337	0.24163372094701183	0.22490180520295827	0.10106798101447378	0.14994146425850927	0.17696550142271705	0.3382162926100008	0.15287274055742017	0.22490180520295827	0.2632260916938161	0.08280386000982479	0.13644092684270284	0.17035656575929797	0.33216059558335526	0.029840149750766036	0.10106798101447378	0.08280386000982479	1.1289858007352256	0.2777163737310127	0.18851253383512448	0.2676886049427692	0.09362850080952975	0.14994146425850927	0.13644092684270284	0.2777163737310127	0.49292297034927474	0.11488721585656009	0.2637156331435529	0.1112045339035887	0.17696550142271705	0.17035656575929797	0.18851253383512448	0.11488721585656009	0.4041389283241399	0.2604898350744028	0.275028857784591	0.3382162926100008	0.33216059558335526	0.2676886049427692	0.2637156331435529	0.2604898350744028	0.6630296969763749
