0.7221461283561245	-0.13651441426997363	0.16325799017910142	-0.03814365363646175	-0.016355519464326493	0.12865859886424885	0.1970162540613725	-0.13651441426997363	0.5057244340052804	-0.009868734446821886	-0.2514161061455001	-0.14672313548027266	-0.026861691664498255	0.0301083510587637	0.16325799017910142	-0.009868734446821886	0.8801008804485557	0.6387734891431797	0.41105929445667333	0.7962025822243789	0.882405396099623	-0.03814365363646175	-0.2514161061455001	0.6387734891431797	1.7880780723150043	0.8089001849722214	0.6646527109769534	0.6741958892433041	-0.016355519464326493	-0.14672313548027266	0.41105929445667333	0.8089001849722214	1.0668683161425458	0.3860682546920964	0.4385248555483628	0.12865859886424885	-0.026861691664498255	0.7962025822243789	0.6646527109769534	0.3860682546920964	0.8850990295876064	0.8020874713655294	0.1970162540613725	0.0301083510587637	0.882405396099623	0.6741958892433041	0.4385248555483628	0.8020874713655294	0.9606509211960768
0.9285134212061931	-0.12662155898829977	-0.07745439189625433	-0.26037567203554435	-0.1479555868448225	-0.1149022118047324	0.029534687656334307	-0.12662155898829977	0.4776477496576499	0.21472805595468347	-0.03539884421670361	-0.002102980737987245	0.15715128832728503	0.29577749980083884	-0.07745439189625433	0.21472805595468347	0.827412316234295	0.5353266075916127	0.35871548130397124	0.696150039721124	0.8495917091511312	-0.26037567203554435	-0.03539884421670361	0.5353266075916127	1.7411925731422482	0.7739660554104489	0.5937937954725285	0.6320215350888075	-0.1479555868448225	-0.002102980737987245	0.35871548130397124	0.7739660554104489	1.0570381852133683	0.3229280369573903	0.4329838855767616	-0.1149022118047324	0.15715128832728503	0.696150039721124	0.5937937954725285	0.3229280369573903	0.8600427214282824	0.7148208978118832	0.029534687656334307	0.29577749980083884	0.8495917091511312	0.6320215350888075	0.4329838855767616	0.7148208978118832	1.0572175254178275
1.0062827561975065	-0.060685504116930994	0.026112002054094627	-0.22395065664131114	-0.10877257661542487	-0.14024846452281214	0.22943377783779909	-0.060685504116930994	0.5961456566341259	0.25236788181386005	-0.11815018479425961	-0.05881027612092597	0.0446620791202296	0.42040976070583574	0.026112002054094627	0.25236788181386005	1.42706732579728	0.6357270514968936	0.37507382695546176	0.7986710117503822	1.425409004786514	-0.22395065664131114	-0.11815018479425961	0.6357270514968936	1.9902650295657807	0.9591116012423044	0.7802300606861581	0.7928825505198983	-0.10877257661542487	-0.05881027612092597	0.37507382695546176	0.9591116012423044	1.341873763380107	0.28250951004808456	0.5269108593689065	-0.14024846452281214	0.0446620791202296	0.7986710117503822	0.7802300606861581	0.28250951004808456	1.2452267805723292	0.7744821536244931	0.22943377783779909	0.42040976070583574	1.425409004786514	0.7928825505198983	0.5269108593689065	0.7744821536244931	1.7868902537441382
1.0186298043866198	-0.06498883854559696	-0.020050617968286874	-0.2552673938270195	-0.12254903262046041	-0.17546975422977149	0.18218163714606617	-0.06498883854559696	0.5656289050231844	0.3418151123825778	-0.05171581023953918	-0.005556783722801523	0.09607873710867035	0.4922150290433647	-0.020050617968286874	0.3418151123825778	1.1132513819958392	0.4593606275140695	0.30938860832479864	0.5832416990231151	1.1566556117627365	-0.2552673938270195	-0.05171581023953918	0.4593606275140695	1.8573997941718887	0.8631712514114636	0.6727614859293621	0.6328898234351314	-0.12254903262046041	-0.005556783722801523	0.30938860832479864	0.8631712514114636	1.2482636811990764	0.23006878890527105	0.46433442091928656	-0.17546975422977149	0.09607873710867035	0.5832416990231151	0.6727614859293621	0.23006878890527105	1.1316750502233677	0.5863391241818531	0.18218163714606617	0.4922150290433647	1.1566556117627365	0.6328898234351314	0.46433442091928656	0.5863391241818531	1.542702704074901
0.990673984137568	-0.11636157015291221	-0.057419437308261434	-0.2690922245512115	-0.1428339502367379	-0.15238050163691255	0.08468019901576114	-0.11636157015291221	0.5548919025555109	0.17670694516251514	-0.125370683045222	-0.05410617848415536	0.0524936803668504	0.2930907502149527	-0.057419437308261434	0.17670694516251514	1.2951899681346557	0.7660170109039551	0.5125095371440981	0.8846627474731068	1.2913961310415751	-0.2690922245512115	-0.125370683045222	0.7660170109039551	2.0083122077646207	0.9454147988963697	0.8380623422556217	0.8620998584174854	-0.1428339502367379	-0.05410617848415536	0.5125095371440981	0.9454147988963697	1.2313307251160508	0.39938555172248646	0.5980694155756441	-0.15238050163691255	0.0524936803668504	0.8846627474731068	0.8380623422556217	0.39938555172248646	1.197618998444313	0.8707219936253355	0.08468019901576114	0.2930907502149527	1.2913961310415751	0.8620998584174854	0.5980694155756441	0.8707219936253355	1.5329872373916642
0.4183249294409519	0.006781768965152424	0.18822997546192058	0.009019616696210198	0.08047390815985242	0.12722635787948108	0.1968434166772067	0.006781768965152424	0.3187045980611172	0.09153257060169105	-0.11117068833667476	-0.0027059366959658188	0.04816219529897924	0.10035557601026392	0.18822997546192058	0.09153257060169105	0.35974212179375314	0.1683852537907433	0.2011623687747793	0.2691212950462244	0.352811621542199	0.009019616696210198	-0.11117068833667476	0.1683852537907433	1.259602438153595	0.35986709844092457	0.277261306205732	0.18095785054744917	0.08047390815985242	-0.0027059366959658188	0.2011623687747793	0.35986709844092457	0.5887010501852112	0.16581282210399362	0.21011367108174153	0.12722635787948108	0.04816219529897924	0.2691212950462244	0.277261306205732	0.16581282210399362	0.5153795875727204	0.27421659070873505	0.1968434166772067	0.10035557601026392	0.352811621542199	0.18095785054744917	0.21011367108174153	0.27421659070873505	0.3681973105647812
0.4857798692398805	-0.052236921003754266	0.2736204980756399	0.11155729561437407	0.09373830609726548	0.27145321219765184	0.30026517510697803	-0.052236921003754266	0.4194624833603185	0.008095400740220717	-0.20071376122670956	-0.10446003863580629	0.008451507656452976	0.04390343198951224	0.2736204980756399	0.008095400740220717	0.4770400326955858	0.3093676295581127	0.22455964353187305	0.465210625831807	0.4890507901218634	0.11155729561437407	-0.20071376122670956	0.3093676295581127	1.408653427763782	0.5475733868566572	0.3180130206499658	0.35423468478108455	0.09373830609726548	-0.10446003863580629	0.22455964353187305	0.5475733868566572	0.8181331816472357	0.2254109033838057	0.255552141140761	0.27145321219765184	0.008451507656452976	0.465210625831807	0.3180130206499658	0.2254109033838057	0.47903283234970945	0.4846900851009637	0.30026517510697803	0.04390343198951224	0.4890507901218634	0.35423468478108455	0.255552141140761	0.4846900851009637	0.5715985668171983
0.8697274353573615	-0.1062050378792565	0.04282090463008018	-0.14454740310608966	-0.056252745326546824	-0.030835441380198614	0.1661387732927406	-0.1062050378792565	0.5402529945559573	0.06549640574381645	-0.16252228864260343	-0.06282036090487196	0.00559030117511293	0.18601610231225257	0.04282090463008018	0.06549640574381645	1.005852804676995	0.7235352640397461	0.5411010120353208	0.7906988365125949	1.0215994822159298	-0.14454740310608966	-0.16252228864260343	0.7235352640397461	1.9246054579103684	0.8719726221165296	0.7732160933571104	0.8226188389212532	-0.056252745326546824	-0.06282036090487196	0.5411010120353208	0.8719726221165296	1.0744165236987095	0.4515554748142161	0.6158749975411449	-0.030835441380198614	0.00559030117511293	0.7906988365125949	0.7732160933571104	0.4515554748142161	1.014870115898092	0.7978233968418751	0.1661387732927406	0.18601610231225257	1.0215994822159298	0.8226188389212532	0.6158749975411449	0.7978233968418751	1.2712016060258575
0.8968013811888425	-0.12486819188135531	-0.03445244991862194	-0.22976246651049684	-0.13138878784851532	-0.07859106360394036	0.06065574354059296	-0.12486819188135531	0.4976682946858555	0.15914321641187462	-0.09969030128221003	-0.048833833739356125	0.10480521363305548	0.2383943015692001	-0.03445244991862194	0.15914321641187462	0.9397683910950093	0.617196113783529	0.39604113974228894	0.787202173890134	0.9509062960940382	-0.22976246651049684	-0.09969030128221003	0.617196113783529	1.8278747174908245	0.8337454844031379	0.6692632181988688	0.699503315920441	-0.13138878784851532	-0.048833833739356125	0.39604113974228894	0.8337454844031379	1.1165181523102645	0.355530887657631	0.461763729991072	-0.07859106360394036	0.10480521363305548	0.787202173890134	0.6692632181988688	0.355530887657631	0.9471787937921005	0.7963231754498311	0.06065574354059296	0.2383943015692001	0.9509062960940382	0.699503315920441	0.461763729991072	0.7963231754498311	1.1338445584668024
0.9754164350287373	-0.11703263883310788	-0.033877383049703697	-0.2683892829511554	-0.17114010408213776	-0.1138828241869104	0.09141679608445503	-0.11703263883310788	0.5657002451004399	0.2152198433403893	-0.1483660835944686	-0.1315675790368233	0.1050362536467688	0.3147342924912295	-0.033877383049703697	0.2152198433403893	1.4659727442467523	0.732640319442391	0.28259809119717544	1.08886871947374	1.4359886126062635	-0.2683892829511554	-0.1483660835944686	0.732640319442391	2.0180487902886863	0.9963225088411867	0.8006489092624582	0.8252582464896592	-0.17114010408213776	-0.1315675790368233	0.28259809119717544	0.9963225088411867	1.4390516006930332	0.26246526717778323	0.38291900010691277	-0.1138828241869104	0.1050362536467688	1.08886871947374	0.8006489092624582	0.26246526717778323	1.2762249657712443	1.0606188109838388	0.09141679608445503	0.3147342924912295	1.4359886126062635	0.8252582464896592	0.38291900010691277	1.0606188109838388	1.6324534947594742
1.0348072515286337	-0.07887750566676016	-0.020756696764720584	-0.26049801837069475	-0.14882925469053457	-0.15246187583321208	0.174951412109242	-0.07887750566676016	0.6102576281211417	0.28111760572076205	-0.1349211570727813	-0.11658127822262872	0.08723502025977184	0.43195632471785417	-0.020756696764720584	0.28111760572076205	1.7227294857297655	0.7035716543771411	0.24467908235397448	1.0650872713164392	1.667828494395519	-0.26049801837069475	-0.1349211570727813	0.7035716543771411	2.059315598091231	1.0338130097796605	0.8149208789615483	0.8451538067785243	-0.14882925469053457	-0.11658127822262872	0.24467908235397448	1.0338130097796605	1.5092242282635446	0.2283212111298639	0.40526358967134607	-0.15246187583321208	0.08723502025977184	1.0650872713164392	0.8149208789615483	0.2283212111298639	1.3550728496688522	1.0123873993063217	0.174951412109242	0.43195632471785417	1.667828494395519	0.8451538067785243	0.40526358967134607	1.0123873993063217	1.9631502425924336
1.087059080045136	-0.03169213379873846	-0.025233791466838962	-0.23496385054764085	-0.10971945107098974	-0.1840094197272899	0.2602180469698705	-0.03169213379873846	0.6035191898717724	0.48615341856298594	-0.011593538912332724	-0.03725756628196422	0.17836170680081503	0.6695489403129684	-0.025233791466838962	0.48615341856298594	0.9917152860645555	0.25163097890676545	0.07382285113834933	0.4939834489049776	1.0753217789901868	-0.23496385054764085	-0.011593538912332724	0.25163097890676545	1.8568762077950849	0.959364400384657	0.5450070146644991	0.536790877658651	-0.10971945107098974	-0.03725756628196422	0.07382285113834933	0.959364400384657	1.4839817922019685	0.1105084355145035	0.33676865592399563	-0.1840094197272899	0.17836170680081503	0.4939834489049776	0.5450070146644991	0.1105084355145035	1.050362673204876	0.5178972857730948	0.2602180469698705	0.6695489403129684	1.0753217789901868	0.536790877658651	0.33676865592399563	0.5178972857730948	1.6336785743831155
0.9842313307568047	-0.059907850744432334	0.017775650147566727	-0.19430164402810687	-0.09951627570801455	-0.10131488655867461	0.22759136861358675	-0.059907850744432334	0.5817731187041771	0.2163570757610931	-0.0994479391020164	-0.05793453633025224	0.07359907487994881	0.39197750726138947	0.017775650147566727	0.2163570757610931	1.248386975207049	0.6247911976131578	0.33648104315487454	0.8327903420862457	1.2526356647903707	-0.19430164402810687	-0.0994479391020164	0.6247911976131578	1.9448002602318515	0.9447437250933451	0.7296558181863899	0.7973499652038208	-0.09951627570801455	-0.05793453633025224	0.33648104315487454	0.9447437250933451	1.3324384309925337	0.27666270133233123	0.4992707161104436	-0.10131488655867461	0.07359907487994881	0.8327903420862457	0.7296558181863899	0.27666270133233123	1.1518946549732962	0.8187205477467471	0.22759136861358675	0.39197750726138947	1.2526356647903707	0.7973499652038208	0.4992707161104436	0.8187205477467471	1.6383331669695165
0.5251772808253046	0.01939462094766346	0.03642204027462507	-0.08706185743401522	0.023287341949281958	0.011316934944393522	0.10740402473549497	0.01939462094766346	0.258596034037415	0.2235616890185448	0.1221225274359613	0.20002513399629285	0.19040429331420602	0.2824443703785464	0.03642204027462507	0.2235616890185448	0.26692966006437857	0.167081478304405	0.2355099093992619	0.2253764615519826	0.31757454359679377	-0.08706185743401522	0.1221225274359613	0.167081478304405	1.1282404887591146	0.2119356669715997	0.2228457064927807	0.2616412257693523	0.023287341949281958	0.20002513399629285	0.2355099093992619	0.2119356669715997	0.32277236006730076	0.2042954734977001	0.2941800569770615	0.011316934944393522	0.19040429331420602	0.2253764615519826	0.2228457064927807	0.2042954734977001	0.3706757905761888	0.27454328308277853	0.10740402473549497	0.2824443703785464	0.31757454359679377	0.2616412257693523	0.2941800569770615	0.27454328308277853	0.5028404120901848
0.49890972315550913	0.10286491986921689	-0.0509856305655753	0.26104283998750966	0.270917551917498	0.2587316067276221	0.3072394398901222	0.10286491986921689	0.42729885014641844	-0.16052485176219644	0.1087270027248052	0.15729713786154761	0.1476280996359647	0.2010559753293992	-0.0509856305655753	-0.16052485176219644	0.8513555031190811	-0.0442361478270883	0.11199175683376031	0.11524677923852344	0.20278821599319796	0.26104283998750966	0.1087270027248052	-0.0442361478270883	1.3000655925601545	0.40239679983005605	0.4020342236033629	0.45061964507152313	0.270917551917498	0.15729713786154761	0.11199175683376031	0.40239679983005605	0.39709645241925073	0.378278527754206	0.4222301435421836	0.2587316067276221	0.1476280996359647	0.11524677923852344	0.4020342236033629	0.378278527754206	0.4091364251599646	0.4087078092311048	0.3072394398901222	0.2010559753293992	0.20278821599319796	0.45061964507152313	0.4222301435421836	0.4087078092311048	0.5759153319863249
0.4252895784589461	-0.07840964928982741	0.25883245525336845	0.23418848888173255	0.26361314353953735	0.25547539476730763	0.29713368694080555	-0.07840964928982741	0.4149357887390852	-0.048518502898899515	-0.13135346215820923	-0.04186098412946154	-0.04399380547202322	0.00366762920789143	0.25883245525336845	-0.048518502898899515	0.40831978871401015	0.3769372273350153	0.3903079094543922	0.3810002920412976	0.41984507454367354	0.23418848888173255	-0.13135346215820923	0.3769372273350153	0.9674425307396228	0.38567186725032887	0.38615505180173426	0.4239277853360753	0.26361314353953735	-0.04186098412946154	0.3903079094543922	0.38567186725032887	0.4022703127734651	0.3840362201220294	0.4224660149370678	0.25547539476730763	-0.04399380547202322	0.3810002920412976	0.38615505180173426	0.3840362201220294	0.42104788932697157	0.41156582208888604	0.29713368694080555	0.00366762920789143	0.41984507454367354	0.4239277853360753	0.4224660149370678	0.41156582208888604	0.5284691913518705
0.5815524682553833	0.09079731452162765	0.0482271961504514	0.3799007468737137	0.3604370800728605	0.33104028782921546	0.4850797373169109	0.09079731452162765	0.5989406775159699	-0.19489916426345485	0.06345449794166134	0.11129559112651109	0.09098646015529256	0.2992402483141932	0.0482271961504514	-0.19489916426345485	1.2381719898717214	0.11343920555825807	0.22902605061820652	0.23126639968997362	0.5993962594581155	0.3799007468737137	0.06345449794166134	0.11343920555825807	1.537984539634058	0.5417475903294243	0.538871610513898	0.714262312195703	0.3604370800728605	0.11129559112651109	0.22902605061820652	0.5417475903294243	0.5046230262139717	0.4678655203455405	0.5976513183743145	0.33104028782921546	0.09098646015529256	0.23126639968997362	0.538871610513898	0.4678655203455405	0.5250395690347436	0.5622524920001932	0.4850797373169109	0.2992402483141932	0.5993962594581155	0.714262312195703	0.5976513183743145	0.5622524920001932	1.2043871024943815
0.3933546582923012	-0.041635806184543156	0.2347286138899513	0.20966016295344042	0.2576337874890339	0.25229607828677064	0.28762312041194593	-0.041635806184543156	0.39259093122635813	-0.034287162097913285	-0.140678407928285	-0.008553229599488192	-0.01089741601275072	0.0306594362817749	0.2347286138899513	-0.034287162097913285	0.3956931548497923	0.29570177733996267	0.336338455178769	0.3313321657065769	0.3658852677962417	0.20966016295344042	-0.140678407928285	0.29570177733996267	1.2550000430743073	0.3345391164543183	0.3386499146477235	0.3758553666767424	0.2576337874890339	-0.008553229599488192	0.336338455178769	0.3345391164543183	0.3637575185156958	0.3506425900203596	0.3833773397977757	0.25229607828677064	-0.01089741601275072	0.3313321657065769	0.3386499146477235	0.3506425900203596	0.37595160983976356	0.3767728062610569	0.28762312041194593	0.0306594362817749	0.3658852677962417	0.3758553666767424	0.3833773397977757	0.3767728062610569	0.48120980510080136
0.4307293844261717	-0.012141648425991927	0.13449579562699107	0.06557083019250085	0.1362845668282248	0.13553155275098402	0.1780784293563766	-0.012141648425991927	0.31131424783458495	0.08278882968459701	-0.012165279408476767	0.08446776560700245	0.08440839414871343	0.1286927318150196	0.13449579562699107	0.08278882968459701	0.32317805908315644	0.27045589339806375	0.30921073967337614	0.3088127578978978	0.3453749119028453	0.06557083019250085	-0.012165279408476767	0.27045589339806375	1.0979821214333878	0.2806088649373181	0.280505257145552	0.3291332997518311	0.1362845668282248	0.08446776560700245	0.30921073967337614	0.2806088649373181	0.3247036928944712	0.30849440695303043	0.34474284934858035	0.13553155275098402	0.08440839414871343	0.3088127578978978	0.280505257145552	0.30849440695303043	0.32815402567849505	0.3435205292930866	0.1780784293563766	0.1286927318150196	0.3453749119028453	0.3291332997518311	0.34474284934858035	0.3435205292930866	0.46318685821419686
0.3377327791946984	0.08287062393439917	0.07287499545557424	-0.010129356658627055	0.07275567035191516	0.07686281144701058	0.11971342324894958	0.08287062393439917	0.19724546743918858	0.18211895594931826	0.11233143075940999	0.17625335639994583	0.18296655057715663	0.2237862859707404	0.07287499545557424	0.18211895594931826	0.21185559229914291	0.0994884736205886	0.16839802397442438	0.17630115683171846	0.21754714596683877	-0.010129356658627055	0.11233143075940999	0.0994884736205886	0.8964587382663689	0.14275611794436088	0.1317521221080701	0.16523586019026715	0.07275567035191516	0.17625335639994583	0.16839802397442438	0.14275611794436088	0.2454968832261664	0.17035473288363845	0.21097876317586417	0.07686281144701058	0.18296655057715663	0.17630115683171846	0.1317521221080701	0.17035473288363845	0.234751613732247	0.21575313989602604	0.11971342324894958	0.2237862859707404	0.21754714596683877	0.16523586019026715	0.21097876317586417	0.21575313989602604	0.3261852867477052
0.36359863350875377	0.20822184402657362	-0.0485263462493552	0.17941005283719902	0.20904187208122538	0.18756992325390814	0.273875747726592	0.20822184402657362	0.2694205855244906	0.023250979758220203	0.23763551736085747	0.2620917674080698	0.24040682137594077	0.32386201979833285	-0.0485263462493552	0.023250979758220203	0.6163205504082161	-0.10536804736601732	0.023265516732741146	0.03035052198241988	0.15763897005347985	0.17941005283719902	0.23763551736085747	-0.10536804736601732	0.9557964057088771	0.24700853153235566	0.24689420862541078	0.32913855243609	0.20904187208122538	0.2620917674080698	0.023265516732741146	0.24700853153235566	0.2798736414349228	0.24136670280028832	0.3246379597644717	0.18756992325390814	0.24040682137594077	0.03035052198241988	0.24689420862541078	0.24136670280028832	0.31259814894970667	0.2995510710579275	0.273875747726592	0.32386201979833285	0.15763897005347985	0.32913855243609	0.3246379597644717	0.2995510710579275	0.5635678758385255
0.5091749500097972	0.0326631001768839	0.12236793459177246	0.3469548222053578	0.3426077352188558	0.33116877682522916	0.4236170080656867	0.0326631001768839	0.54263835138325	-0.18338082575607756	-0.0033768590901846994	0.05358286818124913	0.04669310980563426	0.17584035376701407	0.12236793459177246	-0.18338082575607756	0.8793347178237696	0.19101827445224642	0.26284430433606604	0.26206098651446436	0.43567998357007903	0.3469548222053578	-0.0033768590901846994	0.19101827445224642	1.2007858501705941	0.4782599781645346	0.47507320533898834	0.5817786791653551	0.3426077352188558	0.05358286818124913	0.26284430433606604	0.4782599781645346	0.4624647440148051	0.4442996965354621	0.5241454168972192	0.33116877682522916	0.04669310980563426	0.26206098651446436	0.47507320533898834	0.4442996965354621	0.4725660159041869	0.5099474258604447	0.4236170080656867	0.17584035376701407	0.43567998357007903	0.5817786791653551	0.5241454168972192	0.5099474258604447	0.869933054249715
0.7823679250077593	0.16586444391867328	-0.030184300760236538	0.48951737700656367	0.47845202141516907	0.3106144714555866	0.6820841750628924	0.16586444391867328	0.8499669488770216	-0.20966024686264384	0.11666258219869549	0.13783554536527837	0.033520707693569185	0.5845639716627967	-0.030184300760236538	-0.20966024686264384	2.7141657723121355	0.18672202873202526	0.22670150816752427	0.31555457633925604	1.6156809293955634	0.48951737700656367	0.11666258219869549	0.18672202873202526	1.280232399025552	0.7128884779550434	0.5993589214735303	0.8969969621411495	0.47845202141516907	0.13783554536527837	0.22670150816752427	0.7128884779550434	0.6947716254595768	0.5062668926167715	0.795715494551949	0.3106144714555866	0.033520707693569185	0.31555457633925604	0.5993589214735303	0.5062668926167715	0.7289234683955792	0.6221196230263898	0.6820841750628924	0.5845639716627967	1.6156809293955634	0.8969969621411495	0.795715494551949	0.6221196230263898	2.4344284608458735
0.8497780409510716	0.22687997202668686	-0.0410801551449268	0.5041080776148572	0.5057861006243216	0.24501196309020662	0.7726180089867586	0.22687997202668686	0.8766625318998592	-0.09312856772240807	0.18466801861987905	0.19983557281590136	0.03311183690321247	0.763803268214249	-0.0410801551449268	-0.09312856772240807	3.302360703765324	0.2010522448670145	0.20622219438975242	0.3736761490653351	2.148255583075986	0.5041080776148572	0.18466801861987905	0.2010522448670145	1.1162727836414232	0.7385775224969431	0.5259119218137656	0.9394102182899756	0.5057861006243216	0.19983557281590136	0.20622219438975242	0.7385775224969431	0.7388795638269801	0.44691902909013315	0.8634057192310296	0.24501196309020662	0.03311183690321247	0.3736761490653351	0.5259119218137656	0.44691902909013315	0.7870006726236121	0.6015508665231978	0.7726180089867586	0.763803268214249	2.148255583075986	0.9394102182899756	0.8634057192310296	0.6015508665231978	3.066654438529982
0.7704939605000127	0.16182125067566533	-0.024924934131345333	0.47756602379542984	0.4663884599852146	0.30723242109171406	0.6676444014721683	0.16182125067566533	0.8241797175385305	-0.21629649449243055	0.1162579170578695	0.14037395029180316	0.03950136239887418	0.5543946443877759	-0.024924934131345333	-0.21629649449243055	2.5095509918781005	0.18555432799382235	0.23364062767601795	0.3081653371798891	1.4675758706057407	0.47756602379542984	0.1162579170578695	0.18555432799382235	1.3190638559332015	0.6995423041408584	0.6000335434902299	0.8924722858547407	0.4663884599852146	0.14037395029180316	0.23364062767601795	0.6995423041408584	0.6799199847617453	0.5010574174427544	0.7871911928011809	0.30723242109171406	0.03950136239887418	0.3081653371798891	0.6000335434902299	0.5010574174427544	0.7190999087968546	0.6169554081900235	0.6676444014721683	0.5543946443877759	1.4675758706057407	0.8924722858547407	0.7871911928011809	0.6169554081900235	2.286510336797663
0.40027542237048763	0.02303605757723909	0.20227855663309283	0.24130316674396252	0.2620212501222136	0.25870965864841017	0.3405511670629252	0.02303605757723909	0.39694205858305986	-0.0062211997029478355	-0.0036401305636228655	0.05766839802592629	0.055761446235116606	0.15814677096288393	0.20227855663309283	-0.0062211997029478355	0.4531324577286878	0.2631504850418156	0.29534762833236766	0.29351329480901855	0.3860985543636281	0.24130316674396252	-0.0036401305636228655	0.2631504850418156	0.9316453099186313	0.34212671647334075	0.3415790879162605	0.44096223723808575	0.2620212501222136	0.05766839802592629	0.29534762833236766	0.34212671647334075	0.35633868525600426	0.34553968843339217	0.41919616327217823	0.25870965864841017	0.055761446235116606	0.29351329480901855	0.3415790879162605	0.34553968843339217	0.3623236520028351	0.41438991120295066	0.3405511670629252	0.15814677096288393	0.3860985543636281	0.44096223723808575	0.41919616327217823	0.41438991120295066	0.6842403878619089
0.7846349700140232	0.19898103378346038	-0.16947555161330896	0.30442920165053977	0.31150307120047627	0.1827702654987069	0.5018148711670991	0.19898103378346038	0.5670492337517481	-0.11413559431539633	0.2603981662340228	0.2827190305824456	0.17352336560765946	0.5032978544049764	-0.16947555161330896	-0.11413559431539633	1.761550384943749	0.055578115358124874	0.14885179523077643	0.20254302597013318	0.8684629781133439	0.30442920165053977	0.2603981662340228	0.055578115358124874	1.274621169546683	0.5471659667366691	0.49603749695777377	0.7526348599955739	0.31150307120047627	0.2827190305824456	0.14885179523077643	0.5471659667366691	0.5420474926820519	0.3974911301167495	0.6713012815696985	0.1827702654987069	0.17352336560765946	0.20254302597013318	0.49603749695777377	0.3974911301167495	0.6218499550736478	0.5189776006596751	0.5018148711670991	0.5032978544049764	0.8684629781133439	0.7526348599955739	0.6713012815696985	0.5189776006596751	1.6224296143651196
0.704240588174279	0.20445761200391593	-0.1672289391001509	0.20997210763187105	0.22756882220076607	0.1349966235071519	0.40311228763747825	0.20445761200391593	0.4067706138202666	0.02808244006603952	0.3382759913942851	0.35191505822469055	0.2588292732591207	0.508165386155295	-0.1672289391001509	0.02808244006603952	1.204340523814072	-0.011437344153050186	0.08098531226877523	0.11238577149219704	0.5581715936660813	0.20997210763187105	0.3382759913942851	-0.011437344153050186	1.010796090337975	0.39519097724521235	0.3654138915041138	0.5926408247302343	0.22756882220076607	0.35191505822469055	0.08098531226877523	0.39519097724521235	0.40635554518040695	0.30276768860648917	0.5447750020933932	0.1349966235071519	0.2588292732591207	0.11238577149219704	0.3654138915041138	0.30276768860648917	0.5053095160022328	0.42669213201016515	0.40311228763747825	0.508165386155295	0.5581715936660813	0.5926408247302343	0.5447750020933932	0.42669213201016515	1.254000045127426
0.8751589286939859	0.2241241218399988	-0.2409626407803791	0.2514160949688793	0.2715676320567848	0.10760347519436059	0.4939114932075923	0.2241241218399988	0.5182521807264479	-0.0323810155227508	0.34908857490036543	0.37118112634598766	0.21711418568682656	0.5838758798550899	-0.2409626407803791	-0.0323810155227508	1.8002685515771017	0.017987649717766674	0.10951493935646009	0.1882532719528256	0.9068746838339641	0.2514160949688793	0.34908857490036543	0.017987649717766674	1.235848370776469	0.5067840112191457	0.4499985398181331	0.747820426349985	0.2715676320567848	0.37118112634598766	0.10951493935646009	0.5067840112191457	0.5168040247868062	0.3365169332570789	0.674133311101879	0.10760347519436059	0.21711418568682656	0.1882532719528256	0.4499985398181331	0.3365169332570789	0.6362553515247334	0.4789319648486786	0.4939114932075923	0.5838758798550899	0.9068746838339641	0.747820426349985	0.674133311101879	0.4789319648486786	1.713335666590562
0.9416374302681007	0.22647960576611156	-0.18568400309746724	0.36117366456120586	0.39471626754775746	0.1326245452051974	0.6416597147980703	0.22647960576611156	0.7572237650828986	-0.1745447600217902	0.18256544027432775	0.2458599533794621	0.04864107266092134	0.6069926452935015	-0.18568400309746724	-0.1745447600217902	2.52123087825946	0.15695716640133422	0.23162486888038325	0.35201084847876246	1.4168466513637274	0.36117366456120586	0.18256544027432775	0.15695716640133422	1.8251479042541956	0.7206631740143101	0.6655155752513429	0.98709527796957	0.39471626754775746	0.2458599533794621	0.23162486888038325	0.7206631740143101	0.7309631328175963	0.43088020051213394	0.8455203361037448	0.1326245452051974	0.04864107266092134	0.35201084847876246	0.6655155752513429	0.43088020051213394	0.8367716757385877	0.564707296185444	0.6416597147980703	0.6069926452935015	1.4168466513637274	0.98709527796957	0.8455203361037448	0.564707296185444	2.3096498610315175
0.8164584068985685	0.20604146236375365	-0.05505206569427862	0.4785152113407879	0.48571727623018934	0.2475780917063657	0.7108503364134523	0.20604146236375365	0.8215582221581961	-0.17624995876602506	0.1429643293916545	0.19296194826100577	0.03177101652619392	0.6275279141005317	-0.05505206569427862	-0.17624995876602506	2.7017168237840252	0.14480890166881732	0.20611988634480066	0.32514289371244276	1.6106768705666872	0.4785152113407879	0.1429643293916545	0.14480890166881732	1.7573888397418944	0.7153840454462683	0.6483393840022909	0.9957329620654705	0.48571727623018934	0.19296194826100577	0.20611988634480066	0.7153840454462683	0.7084061116624862	0.44476084693458756	0.8298188773236708	0.2475780917063657	0.03177101652619392	0.32514289371244276	0.6483393840022909	0.44476084693458756	0.788229441995113	0.59240760157865	0.7108503364134523	0.6275279141005317	1.6106768705666872	0.9957329620654705	0.8298188773236708	0.59240760157865	2.514380594551162
0.8341194784049086	0.216591060646523	-0.03502318617290662	0.4847318387053541	0.49566113764616015	0.2362534877900443	0.7481605714826353	0.216591060646523	0.8448728516507068	-0.1351024173981994	0.15169905543563447	0.19840690921175053	0.02495577188163245	0.687804099782013	-0.03502318617290662	-0.1351024173981994	2.839707206462367	0.18474090702870274	0.22233373266966916	0.35209343658355274	1.7798943058336008	0.4847318387053541	0.15169905543563447	0.18474090702870274	1.6962898753048048	0.7259365477111462	0.6378696132306229	1.0245759329435156	0.49566113764616015	0.19840690921175053	0.22233373266966916	0.7259365477111462	0.7251868330714193	0.4369557326441133	0.8582397986174671	0.2362534877900443	0.02495577188163245	0.35209343658355274	0.6378696132306229	0.4369557326441133	0.8088135143108921	0.597846869209649	0.7481605714826353	0.687804099782013	1.7798943058336008	1.0245759329435156	0.8582397986174671	0.597846869209649	2.731721146257091
0.8059234189517257	0.20343548188513313	-0.05348619270594268	0.42155112874564804	0.42958889156107416	0.22384435380592554	0.66946881275517	0.20343548188513313	0.746888721020414	-0.14831751449709923	0.17279353457034163	0.21323722522127947	0.06540814972968523	0.5931698896422893	-0.05348619270594268	-0.14831751449709923	2.28245777519266	0.1699196300102026	0.2326630776553114	0.30940960983776833	1.3504944350007488	0.42155112874564804	0.17279353457034163	0.1699196300102026	1.5391811062733876	0.6690971813278751	0.5931656181433472	0.9353549673808282	0.42958889156107416	0.21323722522127947	0.2326630776553114	0.6690971813278751	0.6640342392413365	0.433667323768232	0.8075688125835758	0.22384435380592554	0.06540814972968523	0.30940960983776833	0.5931656181433472	0.433667323768232	0.7498861200908881	0.5754923657888902	0.66946881275517	0.5931698896422893	1.3504944350007488	0.9353549673808282	0.8075688125835758	0.5754923657888902	2.247618336637976
0.8796759141941388	0.2140240814697396	-0.16092895711368632	0.3888147601786323	0.4036080291247074	0.1779199651510743	0.6260054955811359	0.2140240814697396	0.739506793308322	-0.19180796281433077	0.19179623185936148	0.23331578416805424	0.06658106953540484	0.5719465828235462	-0.16092895711368632	-0.19180796281433077	2.4227603819383883	0.14067672527835032	0.20820975520714996	0.31804941100269984	1.3284772223623038	0.3888147601786323	0.19179623185936148	0.14067672527835032	1.5163571280727643	0.6944357809377828	0.596058545208462	0.9153306057854663	0.4036080291247074	0.23331578416805424	0.20820975520714996	0.6944357809377828	0.6938410115180902	0.4378465474678361	0.8078193829076042	0.1779199651510743	0.06658106953540484	0.31804941100269984	0.596058545208462	0.4378465474678361	0.7767650198060707	0.5612198930369207	0.6260054955811359	0.5719465828235462	1.3284772223623038	0.9153306057854663	0.8078193829076042	0.5612198930369207	2.176654535512752
0.8598069851108645	0.20231689104057468	-0.18334423793282867	0.41773194289446747	0.4263128845455193	0.20861347974291636	0.6054689164485795	0.20231689104057468	0.7588791352642894	-0.26494809530721314	0.16722484273834806	0.20856830031634266	0.053547416710346726	0.5161329952710592	-0.18334423793282867	-0.26494809530721314	2.4682990205360897	0.09860866897855122	0.17893025316480454	0.2996528179963511	1.254800133083975	0.41773194289446747	0.16722484273834806	0.09860866897855122	1.5204332275916685	0.7103221950099811	0.6076376272403203	0.8882094095741034	0.4263128845455193	0.20856830031634266	0.17893025316480454	0.7103221950099811	0.703244631238646	0.45792875502510033	0.7880771825271261	0.20861347974291636	0.053547416710346726	0.2996528179963511	0.6076376272403203	0.45792875502510033	0.7682157265860374	0.5614933800656112	0.6054689164485795	0.5161329952710592	1.254800133083975	0.8882094095741034	0.7880771825271261	0.5614933800656112	2.046227606766902
0.7634840143577886	0.15489935773805846	-0.08955594762144048	0.4695503686099825	0.45851907649095025	0.29959270642293734	0.6050246377576373	0.15489935773805846	0.7804345520683251	-0.3102550520104348	0.1039329182257043	0.14452016935556558	0.039652854529483084	0.4398374170001007	-0.08955594762144048	-0.3102550520104348	2.259906422752253	0.08964255547626389	0.18857347952132253	0.26478365387207153	1.1162669109137406	0.4695503686099825	0.1039329182257043	0.08964255547626389	1.5591544769975094	0.6971475468817795	0.628298340512427	0.8625803178170807	0.45851907649095025	0.14452016935556558	0.18857347952132253	0.6971475468817795	0.6710583886138384	0.4938598941865662	0.7495456644837707	0.29959270642293734	0.039652854529483084	0.26478365387207153	0.628298340512427	0.4938598941865662	0.7161588723681005	0.584559432806819	0.6050246377576373	0.4398374170001007	1.1162669109137406	0.8625803178170807	0.7495456644837707	0.584559432806819	1.8627003750772662
0.7931993112354663	0.16208716951919544	-0.057889344987483465	0.4921057933551962	0.48474220589374095	0.29194040802338145	0.6639380426054496	0.16208716951919544	0.8388529838572407	-0.26485419091572765	0.09047175915027098	0.13679519811739324	0.014136564498417575	0.5223027187400134	-0.057889344987483465	-0.26485419091572765	2.5205725033408233	0.13757040942156504	0.21740206493011094	0.30885888375554627	1.3931281813227416	0.4921057933551962	0.09047175915027098	0.13757040942156504	1.6796013545716637	0.7333971815946587	0.6592841762606386	0.9402110500622523	0.48474220589374095	0.13679519811739324	0.21740206493011094	0.7333971815946587	0.7100935796487304	0.4947343353174902	0.7982700428471113	0.29194040802338145	0.014136564498417575	0.30885888375554627	0.6592841762606386	0.4947343353174902	0.7613108104715729	0.6029546463844677	0.6639380426054496	0.5223027187400134	1.3931281813227416	0.9402110500622523	0.7982700428471113	0.6029546463844677	2.21039722332279
0.82873142544308	0.19796679914348192	-0.06165992998902381	0.4897400750217022	0.4910452547661724	0.2584626361190946	0.7124539629474099	0.19796679914348192	0.8515043372948734	-0.18692244856125295	0.13773521538186864	0.17351614629943204	0.02310406209093621	0.6350450027786495	-0.06165992998902381	-0.18692244856125295	2.854394864701085	0.1688196031848729	0.2110949451284576	0.3393919493231874	1.7140707212326953	0.4897400750217022	0.13773521538186864	0.1688196031848729	1.5126584572745914	0.7359751410091878	0.616962608598562	0.9633610737860043	0.4910452547661724	0.17351614629943204	0.2110949451284576	0.7359751410091878	0.7269984595071807	0.46692690384755503	0.8325229684792006	0.2584626361190946	0.02310406209093621	0.3393919493231874	0.616962608598562	0.46692690384755503	0.784618657697839	0.6002479912859386	0.7124539629474099	0.6350450027786495	1.7140707212326953	0.9633610737860043	0.8325229684792006	0.6002479912859386	2.5918346552955898
0.8622926999964391	0.21558496102716046	-0.1312771337018379	0.45443735373853933	0.4730366951253668	0.20691771645332896	0.6775564632311254	0.21558496102716046	0.807627643700796	-0.22677989752972816	0.15282349785832494	0.20797676519710762	0.02420834206986426	0.5890538560430746	-0.1312771337018379	-0.22677989752972816	2.6776405984648455	0.11884262704657214	0.1861465678206577	0.3304914536866231	1.486359318928646	0.45443735373853933	0.15282349785832494	0.11884262704657214	1.6976711220449634	0.7300494129168619	0.6369323174294004	0.9608714793606754	0.4730366951253668	0.20797676519710762	0.1861465678206577	0.7300494129168619	0.7332043507971605	0.43589314356271913	0.8303139639446021	0.20691771645332896	0.02420834206986426	0.3304914536866231	0.6369323174294004	0.43589314356271913	0.8150271027912134	0.5639752078285	0.6775564632311254	0.5890538560430746	1.486359318928646	0.9608714793606754	0.8303139639446021	0.5639752078285	2.3545628341405895
0.8539062416901146	0.21533017811341545	-0.17027287693605714	0.42812354888235826	0.4477829401121174	0.20139225386761236	0.6303167015850054	0.21533017811341545	0.7633594851830694	-0.25167722195203146	0.16228008529547955	0.2231194500213635	0.044854617467978294	0.5394449491196891	-0.17027287693605714	-0.25167722195203146	2.509144336796359	0.06017132947644624	0.16177080930843757	0.29502011336106065	1.2909592383468624	0.42812354888235826	0.16228008529547955	0.06017132947644624	1.8050227367028981	0.7054479963419086	0.6482257036645438	0.9291300403880434	0.4477829401121174	0.2231194500213635	0.16177080930843757	0.7054479963419086	0.7054917130104575	0.43194419402948236	0.7975321928518483	0.20139225386761236	0.044854617467978294	0.29502011336106065	0.6482257036645438	0.43194419402948236	0.7926703569481011	0.551457681704301	0.6303167015850054	0.5394449491196891	1.2909592383468624	0.9291300403880434	0.7975321928518483	0.551457681704301	2.1191779903200616
0.8469868887794189	0.20442641301330633	-0.14274989938429117	0.4231980826569248	0.43584231644801263	0.21196300762860323	0.6327746499473624	0.20442641301330633	0.7658368637885109	-0.23098270152696293	0.15412136971622697	0.20846339218118481	0.04825940508354942	0.5443841727079304	-0.14274989938429117	-0.23098270152696293	2.467834279974383	0.09881357836172583	0.192202326652317	0.30348787506574554	1.3177925967195407	0.4231980826569248	0.15412136971622697	0.09881357836172583	1.7654697897906255	0.7067923497593238	0.6483597226127714	0.9377947639915853	0.43584231644801263	0.20846339218118481	0.192202326652317	0.7067923497593238	0.6996337488888127	0.4489956683502633	0.7997243889355218	0.21196300762860323	0.04825940508354942	0.30348787506574554	0.6483597226127714	0.4489956683502633	0.7797403114212191	0.5696130740832127	0.6327746499473624	0.5443841727079304	1.3177925967195407	0.9377947639915853	0.7997243889355218	0.5696130740832127	2.1509623948958994
