0.06461857665999685	0.033928698709714475	0.02044363299317739	0.048997309337538895	0.07815767053900452	0.030936084225073053	0.06388962634774475	0.054714858207759856	0.03677855762447051	0.045363759038992056	0.033928698709714475	0.1132046155515177	0.014623971363648784	0.04301403577437634	0.060912742764823676	0.02032448994564656	0.047709812536251645	0.046415904641976945	0.026041564185383823	0.033551183320419654	0.02044363299317739	0.014623971363648784	0.11378165652582446	0.030145451398111166	0.07555787299147698	0.007097066568348825	0.06165065189379018	0.03321953691699233	0.015127908415366396	0.026814348550529752	0.048997309337538895	0.04301403577437634	0.030145451398111166	0.2226536724984021	0.08284668320983407	0.03669417272432463	0.06514135656318396	0.05622611786159305	0.04204099075414823	0.049606153182212565	0.07815767053900452	0.060912742764823676	0.07555787299147698	0.08284668320983407	0.2482772721557563	0.06610972735495199	0.06387042835168573	0.08557992362477243	0.06978379386005376	0.07344443362157385	0.030936084225073053	0.02032448994564656	0.007097066568348825	0.03669417272432463	0.06610972735495199	0.0815165173085484	0.05113051581097017	0.042062185018924586	0.023609519788907782	0.0322789350043322	0.06388962634774475	0.047709812536251645	0.06165065189379018	0.06514135656318396	0.06387042835168573	0.05113051581097017	0.11626360493488085	0.07165473470362284	0.05476186324401529	0.0591296369765146	0.054714858207759856	0.046415904641976945	0.03321953691699233	0.05622611786159305	0.08557992362477243	0.042062185018924586	0.07165473470362284	0.11047123080999108	0.0473308865333742	0.0556178972550419	0.03677855762447051	0.026041564185383823	0.015127908415366396	0.04204099075414823	0.06978379386005376	0.023609519788907782	0.05476186324401529	0.0473308865333742	0.07763322125945783	0.0375882141626992	0.045363759038992056	0.033551183320419654	0.026814348550529752	0.049606153182212565	0.07344443362157385	0.0322789350043322	0.0591296369765146	0.0556178972550419	0.0375882141626992	0.06556886557247486
0.08280511146980746	-0.025110894774977584	0.012639124087809095	0.060576987964182955	0.09175333532713942	0.05858002794748404	0.08340150870393902	0.0745715705213525	0.06459247061371239	0.06308739881908501	-0.025110894774977584	0.4087105343636334	-0.06295932474909283	0.017773113193885512	-0.008221670748064625	-0.03516215700527483	-0.018014107717475736	0.002496596071110843	-0.028000837847569373	-0.03300313513148806	0.012639124087809095	-0.06295932474909283	0.21614827014881033	0.018847101483784795	0.07559068725770392	0.005231469470062755	0.1021795900036839	0.022993172322965917	0.014703302350842036	0.019161920599826122	0.060576987964182955	0.017773113193885512	0.018847101483784795	0.3473686133326462	0.09154794422318868	0.053397619207119634	0.07648234099268794	0.06296989615792913	0.05900781888617955	0.057123519733494124	0.09175333532713942	-0.008221670748064625	0.07559068725770392	0.09154794422318868	0.27215832885131824	0.08413734607486052	0.06892904661458746	0.09889773270851927	0.08860032889601938	0.08585530954690172	0.05858002794748404	-0.03516215700527483	0.005231469470062755	0.053397619207119634	0.08413734607486052	0.09354108874191808	0.07514232700878841	0.06703845768021066	0.056704581973677455	0.05517119080284247	0.08340150870393902	-0.018014107717475736	0.1021795900036839	0.07648234099268794	0.06892904661458746	0.07514232700878841	0.16520254612871435	0.09030820480767772	0.07874324488336096	0.07431710220464638	0.0745715705213525	0.002496596071110843	0.022993172322965917	0.06296989615792913	0.09889773270851927	0.06703845768021066	0.09030820480767772	0.14753463630773522	0.07268904698826852	0.07140068766168892	0.06459247061371239	-0.028000837847569373	0.014703302350842036	0.05900781888617955	0.08860032889601938	0.056704581973677455	0.07874324488336096	0.07268904698826852	0.08404156010208937	0.060918139838136195	0.06308739881908501	-0.03300313513148806	0.019161920599826122	0.057123519733494124	0.08585530954690172	0.05517119080284247	0.07431710220464638	0.07140068766168892	0.060918139838136195	0.08824409494145197
0.0737491231309482	0.024764120522176733	0.01795583532165849	0.058730172856172096	0.0675642978992794	0.03579926162718383	0.08166964447557397	0.06419414685472617	0.0494425648282803	0.054589238322669494	0.024764120522176733	0.18806671285268758	-0.0074751179830278135	0.03323337600018467	0.033811578800030946	0.0029818866910317305	0.039689159950161104	0.03694575475774424	0.01731824657747512	0.021345986488947376	0.01795583532165849	-0.0074751179830278135	0.19862509165094486	0.025449102634773964	0.039278021601177424	-0.005083194083922049	0.11747311038619107	0.028057446759803064	0.01335626063180892	0.022254689449280295	0.058730172856172096	0.03323337600018467	0.025449102634773964	0.1624399290129962	0.0699730197939087	0.03905013526162722	0.07943969186489111	0.06496128686680402	0.052047873754131585	0.05674699546543288	0.0675642978992794	0.033811578800030946	0.039278021601177424	0.0699730197939087	0.13894742820041278	0.04828366194304697	0.06872127929900619	0.07477453211463865	0.060609447032678704	0.0647455453207421	0.03579926162718383	0.0029818866910317305	-0.005083194083922049	0.03905013526162722	0.04828366194304697	0.10382161739574322	0.06646795899790621	0.044348551586849416	0.02893967683699191	0.034332806752495094	0.08166964447557397	0.039689159950161104	0.11747311038619107	0.07943969186489111	0.06872127929900619	0.06646795899790621	0.1761586279102399	0.0857644540760879	0.07271525101730324	0.07179244155258947	0.06419414685472617	0.03694575475774424	0.028057446759803064	0.06496128686680402	0.07477453211463865	0.044348551586849416	0.0857644540760879	0.11115898460954464	0.057312702062703155	0.06240433317093822	0.0494425648282803	0.01731824657747512	0.01335626063180892	0.052047873754131585	0.060609447032678704	0.02893967683699191	0.07271525101730324	0.057312702062703155	0.08396328156506316	0.047481339290888575	0.054589238322669494	0.021345986488947376	0.022254689449280295	0.05674699546543288	0.0647455453207421	0.034332806752495094	0.07179244155258947	0.06240433317093822	0.047481339290888575	0.07439174509736109
0.09658063336252916	-0.03578783448617062	0.025952475309489527	0.056759250964260356	0.08551127209365089	0.03901897230624884	0.09292779583438528	0.07182129294091534	0.06305490984012042	0.062165409618761824	-0.03578783448617062	0.45149721763725575	-0.05333472779593108	0.010965739578538764	-0.01837754184793238	-0.05806418977339478	-0.021848051187937728	0.010913091428237737	-0.032129333763122846	-0.035735923273820726	0.025952475309489527	-0.05333472779593108	0.1788105776828931	0.037420142302838966	0.07235736185284158	0.010571951961083223	0.10822668069024685	0.04626936327955324	0.03909702378307032	0.04030599133586895	0.056759250964260356	0.010965739578538764	0.037420142302838966	0.3255877784370012	0.08566318147794222	0.041349243241688524	0.08236135634587156	0.06427118788407604	0.06266811510110196	0.061289797597381526	0.08551127209365089	-0.01837754184793238	0.07235736185284158	0.08566318147794222	0.22538566266096477	0.06874937196443691	0.07500288763803188	0.09772315969882296	0.08725189905366443	0.08555064525512326	0.03901897230624884	-0.05806418977339478	0.010571951961083223	0.041349243241688524	0.06874937196443691	0.11916705495574959	0.07388824836373496	0.05625356495178156	0.046286914836076026	0.045320840083522385	0.09292779583438528	-0.021848051187937728	0.10822668069024685	0.08236135634587156	0.07500288763803188	0.07388824836373496	0.17627653149537417	0.10063467658235581	0.08682830488071522	0.08342111032281604	0.07182129294091534	0.010913091428237737	0.04626936327955324	0.06427118788407604	0.09772315969882296	0.05625356495178156	0.10063467658235581	0.18450058003445208	0.07816511368661122	0.07733186289150293	0.06305490984012042	-0.032129333763122846	0.03909702378307032	0.06266811510110196	0.08725189905366443	0.046286914836076026	0.08682830488071522	0.07816511368661122	0.08135999381170174	0.06761229890936632	0.062165409618761824	-0.035735923273820726	0.04030599133586895	0.061289797597381526	0.08555064525512326	0.045320840083522385	0.08342111032281604	0.07733186289150293	0.06761229890936632	0.08517265209408668
0.09492816733942981	-0.00198729378950295	0.017177068432561268	0.05607617883181342	0.06553216353449769	0.040794036472352566	0.09847925104242573	0.06618399680082766	0.05618208069942946	0.05155465591248448	-0.00198729378950295	0.28819251323420136	-0.02624681013038669	0.01798880974954597	0.010087942459980305	-0.013568538624304004	0.018727431815607605	0.029745202721272943	0.002772813346679748	-0.004419343846236691	0.017177068432561268	-0.02624681013038669	0.2260699876039655	0.03172188206663678	0.04047914359426713	0.011054533582150507	0.14430962623246432	0.03802378620623407	0.02868526866885651	0.027482484988878026	0.05607617883181342	0.01798880974954597	0.03172188206663678	0.2002944467243576	0.07106610742450223	0.04769903310207308	0.08684303769687574	0.06837808420550479	0.06192290947719023	0.057047551039996265	0.06553216353449769	0.010087942459980305	0.04047914359426713	0.07106610742450223	0.13265128047665659	0.056297760907741246	0.07471847275489726	0.08071525999223392	0.07030998645728444	0.06546008704844045	0.040794036472352566	-0.013568538624304004	0.011054533582150507	0.04769903310207308	0.056297760907741246	0.09977766101166947	0.07975465472725543	0.058114056260735264	0.04728715519576697	0.042484576083337264	0.09847925104242573	0.018727431815607605	0.14430962623246432	0.08684303769687574	0.07471847275489726	0.07975465472725543	0.21065942315702751	0.10088167966883957	0.08540311460964485	0.07689349200721675	0.06618399680082766	0.029745202721272943	0.03802378620623407	0.06837808420550479	0.08071525999223392	0.058114056260735264	0.10088167966883957	0.16167027078072702	0.07227528206147013	0.06791494033053354	0.05618208069942946	0.002772813346679748	0.02868526866885651	0.06192290947719023	0.07030998645728444	0.04728715519576697	0.08540311460964485	0.07227528206147013	0.07359535258661337	0.0571123823056534	0.05155465591248448	-0.004419343846236691	0.027482484988878026	0.057047551039996265	0.06546008704844045	0.042484576083337264	0.07689349200721675	0.06791494033053354	0.0571123823056534	0.08297654888619582
0.07927881542576423	0.03478335321134605	0.028976258184786607	0.05414966036983394	0.058933603116455846	0.02565212025988737	0.09193230392545125	0.060481663541599215	0.047454926253514926	0.04898380681968316	0.03478335321134605	0.13084630704316108	0.018337728469487932	0.04204197692062382	0.04409800249740204	0.011562712823137273	0.06054084177675736	0.050192378018095146	0.03348617153468471	0.034287330919084744	0.028976258184786607	0.018337728469487932	0.16670848932688662	0.03781435085755347	0.04291101291231024	0.00642197560057399	0.12321311096489532	0.04310602032883108	0.03042459494001037	0.0334884689051877	0.05414966036983394	0.04204197692062382	0.03781435085755347	0.1126318110683649	0.06424484765917164	0.03244238585213793	0.08390722421793884	0.06513745957299877	0.05325432581602663	0.05448641146317846	0.058933603116455846	0.04409800249740204	0.04291101291231024	0.06424484765917164	0.10844079416755895	0.037208212642113096	0.07343599573941784	0.07059294835921827	0.057635609711338326	0.05875068144792092	0.02565212025988737	0.011562712823137273	0.00642197560057399	0.03244238585213793	0.037208212642113096	0.10917479465254912	0.07255976553418966	0.039172836158725084	0.02525710914843682	0.026827786890247323	0.09193230392545125	0.06054084177675736	0.12321311096489532	0.08390722421793884	0.07343599573941784	0.07255976553418966	0.1949211855373921	0.09403436210027163	0.07986059502593987	0.07544646496020554	0.060481663541599215	0.050192378018095146	0.04310602032883108	0.06513745957299877	0.07059294835921827	0.039172836158725084	0.09403436210027163	0.12444728858097807	0.05967955279629879	0.061224271450352946	0.047454926253514926	0.03348617153468471	0.03042459494001037	0.05325432581602663	0.057635609711338326	0.02525710914843682	0.07986059502593987	0.05967955279629879	0.07441299643917748	0.04784847192530032	0.04898380681968316	0.034287330919084744	0.0334884689051877	0.05448641146317846	0.05875068144792092	0.026827786890247323	0.07544646496020554	0.061224271450352946	0.04784847192530032	0.07117275516376291
0.1469735281530765	-0.011188386609534178	0.04204841168494831	0.06962154396230483	0.07220348171177587	0.005935818798451006	0.13559192389650684	0.08251197703737816	0.062129632741906846	0.066050663464684	-0.011188386609534178	0.40850267188568407	-0.020760650842478516	0.007303379882744102	0.003077275463314674	-0.06992650247140597	0.00600002865716172	0.059570989468605604	-0.006997323012178449	-0.004928055538484749	0.04204841168494831	-0.020760650842478516	0.24499788211977241	0.05943921002462904	0.060915170710076086	-0.005249397753797763	0.17072363165273663	0.072308719819332	0.05183492842973951	0.05662804008463466	0.06962154396230483	0.007303379882744102	0.05943921002462904	0.12725920910044253	0.08594314967005798	0.022815615533932205	0.09991429220104495	0.0942799404196488	0.07618056801863873	0.0797642731112334	0.07220348171177587	0.003077275463314674	0.060915170710076086	0.08594314967005798	0.10161067624645288	0.025029625945250825	0.09617390310197366	0.09886571602684088	0.07866530755861519	0.08233354461677682	0.005935818798451006	-0.06992650247140597	-0.005249397753797763	0.022815615533932205	0.025029625945250825	0.21138076204838815	0.08621093946281233	0.03993894124313237	0.014513141149369743	0.0185338015413877	0.13559192389650684	0.00600002865716172	0.17072363165273663	0.09991429220104495	0.09617390310197366	0.08621093946281233	0.251899264267454	0.12844228792109627	0.09731406633105785	0.09332930940069006	0.08251197703737816	0.059570989468605604	0.072308719819332	0.0942799404196488	0.09886571602684088	0.03993894124313237	0.12844228792109627	0.263507023641284	0.08930216425191445	0.09334254095855352	0.062129632741906846	-0.006997323012178449	0.05183492842973951	0.07618056801863873	0.07866530755861519	0.014513141149369743	0.09731406633105785	0.08930216425191445	0.10542224764470265	0.07243002953669386	0.066050663464684	-0.004928055538484749	0.05662804008463466	0.0797642731112334	0.08233354461677682	0.0185338015413877	0.09332930940069006	0.09334254095855352	0.07243002953669386	0.09679869812599186
0.0828879181788667	0.024873374140351887	0.021007827868885103	0.05710961203745481	0.06177917789834495	0.03019336928137959	0.08653380926521076	0.06342257622055648	0.04104675954285085	0.05083561184506859	0.024873374140351887	0.1828680779160596	0.003008469953048887	0.03239882582610422	0.03448795940806091	0.004284623796398127	0.04466892262520754	0.04491346331240792	0.015409728506269933	0.023444934226028016	0.021007827868885103	0.003008469953048887	0.17037179950690243	0.03376380740122336	0.04055013468032029	0.002206254738633076	0.10957876270129961	0.03870730191347351	0.01649434562070924	0.029794616504629508	0.05710961203745481	0.03239882582610422	0.03376380740122336	0.08506888532736306	0.06780274836021147	0.03842722288915221	0.08110089434492349	0.0700772038575436	0.04850542528417848	0.05741383225318753	0.06177917789834495	0.03448795940806091	0.04055013468032029	0.06780274836021147	0.10377686877756608	0.04314968688310404	0.07594817405277425	0.07466327782803811	0.052895533259034636	0.06124039706040886	0.03019336928137959	0.004284623796398127	0.002206254738633076	0.03842722288915221	0.04314968688310404	0.10722828007667921	0.06765838278033906	0.04544550914277494	0.022066636712487857	0.0319288176922214	0.08653380926521076	0.04466892262520754	0.10957876270129961	0.08110089434492349	0.07594817405277425	0.06765838278033906	0.17257274448100576	0.09187919653207317	0.07190586651664214	0.07243772929749873	0.06342257622055648	0.04491346331240792	0.03870730191347351	0.0700772038575436	0.07466327782803811	0.04544550914277494	0.09187919653207317	0.13800535641986783	0.05511222699231576	0.06450892944417894	0.04104675954285085	0.015409728506269933	0.01649434562070924	0.04850542528417848	0.052895533259034636	0.022066636712487857	0.07190586651664214	0.05511222699231576	0.09449986417368214	0.04188336570897404	0.05083561184506859	0.023444934226028016	0.029794616504629508	0.05741383225318753	0.06124039706040886	0.0319288176922214	0.07243772929749873	0.06450892944417894	0.04188336570897404	0.07786688511845181
0.09200595035485462	0.025292844650133397	0.0048430435064513375	0.05434828446888119	0.06216618515542513	0.029372209476735273	0.08424588488806822	0.05863083110837907	0.04254591106121998	0.052318294698746146	0.025292844650133397	0.1717316803854633	-0.004243499136606742	0.038870705898557456	0.03787215691730405	0.0075587720561870785	0.042092467385373325	0.03939201363166737	0.02074055365604088	0.029412955691510947	0.0048430435064513375	-0.004243499136606742	0.22114680673349654	0.0248096217594157	0.034790336934407466	-0.008029651877188314	0.1209090578481587	0.026069183071249325	0.009814425806378362	0.022252628956983427	0.05434828446888119	0.038870705898557456	0.0248096217594157	0.178355922236399	0.06914574311808931	0.039189153196631125	0.0774146225072227	0.06522672517675254	0.05111437597159041	0.05984847772559421	0.06216618515542513	0.03787215691730405	0.034790336934407466	0.06914574311808931	0.1228166701754709	0.04604661047985783	0.06831022901318498	0.07269487102931413	0.05762574649939628	0.06596744801295906	0.029372209476735273	0.0075587720561870785	-0.008029651877188314	0.039189153196631125	0.04604661047985783	0.10817353619994705	0.06314492486180984	0.043109707491537905	0.026660779302288527	0.036300303787093556	0.08424588488806822	0.042092467385373325	0.1209090578481587	0.0774146225072227	0.06831022901318498	0.06314492486180984	0.17775030564270636	0.0810471921336206	0.06889174752887502	0.07174658108924875	0.05863083110837907	0.03939201363166737	0.026069183071249325	0.06522672517675254	0.07269487102931413	0.043109707491537905	0.0810471921336206	0.09724524260793842	0.055076518948095746	0.0642103377242194	0.04254591106121998	0.02074055365604088	0.009814425806378362	0.05111437597159041	0.05762574649939628	0.026660779302288527	0.06889174752887502	0.055076518948095746	0.08979278335805196	0.04841713166992046	0.052318294698746146	0.029412955691510947	0.022252628956983427	0.05984847772559421	0.06596744801295906	0.036300303787093556	0.07174658108924875	0.0642103377242194	0.04841713166992046	0.07155611359162332
0.07265646770452269	0.021946698612992338	0.00983681952647708	0.05394449428472547	0.06288985987503506	0.03552085560893932	0.07419018545561248	0.058792408040636436	0.04271279965401208	0.04948098017858926	0.021946698612992338	0.17755007699881845	-0.008120859913638548	0.029834092778843656	0.0328713559813584	0.007845242265735821	0.03718375782757601	0.036093607480001746	0.015254793522808228	0.02058098321747673	0.00983681952647708	-0.008120859913638548	0.1570742025835964	0.021734059626358646	0.03768056609938525	-0.0027332421706264196	0.08547372357037929	0.024387069308781664	0.008003296573402383	0.019245057279548835	0.05394449428472547	0.029834092778843656	0.021734059626358646	0.11743038836106298	0.06681371728470212	0.041358693722762095	0.07300603182384377	0.0628814015101638	0.04805778054317508	0.054135234185902735	0.06288985987503506	0.0328713559813584	0.03768056609938525	0.06681371728470212	0.12648406044504687	0.05020230370372213	0.06884622509251771	0.07173497967496871	0.05639503745966748	0.06155916371243413	0.03552085560893932	0.007845242265735821	-0.0027332421706264196	0.041358693722762095	0.05020230370372213	0.08906164916951342	0.061045369129260146	0.04634800217100181	0.029802673862063464	0.03657652533078575	0.07419018545561248	0.03718375782757601	0.08547372357037929	0.07300603182384377	0.06884622509251771	0.061045369129260146	0.1441817698295384	0.07945907053187917	0.06491345902218386	0.06642320130700449	0.058792408040636436	0.036093607480001746	0.024387069308781664	0.0628814015101638	0.07173497967496871	0.04634800217100181	0.07945907053187917	0.11005803798264285	0.05291052687459341	0.05937012008613648	0.04271279965401208	0.015254793522808228	0.008003296573402383	0.04805778054317508	0.05639503745966748	0.029802673862063464	0.06491345902218386	0.05291052687459341	0.08144813688415013	0.0432145429115335	0.04948098017858926	0.02058098321747673	0.019245057279548835	0.054135234185902735	0.06155916371243413	0.03657652533078575	0.06642320130700449	0.05937012008613648	0.0432145429115335	0.07122363335628956
0.07622487384470596	0.045743139372693524	-0.008931463660325822	0.06134616339929193	0.07480704679236949	0.048389131882145255	0.06944049871464221	0.06499943294340922	0.040007063610222965	0.0534773501582556	0.045743139372693524	0.1218975495860816	-0.011831049510091634	0.050862723738657564	0.05881931943615893	0.035040430813377696	0.05148939750658056	0.05301276626194216	0.02696622543742368	0.039288200383634654	-0.008931463660325822	-0.011831049510091634	0.230915394148457	0.003194599050337715	0.046053233232562524	-0.019256722517568187	0.08635472054545758	0.003264366222202944	-0.02651747066647787	0.0004434954752453374	0.06134616339929193	0.050862723738657564	0.003194599050337715	0.15764879820477215	0.07750972766566236	0.051449868738163596	0.0695644835530005	0.0666049018603191	0.04345064234055558	0.05599902885782201	0.07480704679236949	0.05881931943615893	0.046053233232562524	0.07750972766566236	0.1982507889127329	0.06495733495468017	0.06138829645161245	0.07954718462092267	0.05836373169638588	0.0676795295696717	0.048389131882145255	0.035040430813377696	-0.019256722517568187	0.051449868738163596	0.06495733495468017	0.08935885214982006	0.05923703986654183	0.05494284961915259	0.029642866809549667	0.043180535514716074	0.06944049871464221	0.05148939750658056	0.08635472054545758	0.0695644835530005	0.06138829645161245	0.05923703986654183	0.14042134169869547	0.07282205832302473	0.05288355163471117	0.059352092394153025	0.06499943294340922	0.05301276626194216	0.003264366222202944	0.0666049018603191	0.07954718462092267	0.05494284961915259	0.07282205832302473	0.09493825842251595	0.04657851801004564	0.059658138842499445	0.040007063610222965	0.02696622543742368	-0.02651747066647787	0.04345064234055558	0.05836373169638588	0.029642866809549667	0.05288355163471117	0.04657851801004564	0.10745056377213916	0.03481718773471547	0.0534773501582556	0.039288200383634654	0.0004434954752453374	0.05599902885782201	0.0676795295696717	0.043180535514716074	0.059352092394153025	0.059658138842499445	0.03481718773471547	0.07999199948677559
0.08174347457655723	-0.014629441375576995	0.012398044311669664	0.06317985042366789	0.08295224349359268	0.04870399222647522	0.08038561388868039	0.07298476563679367	0.0558136221271035	0.06487391271824958	-0.014629441375576995	0.368630899510107	-0.05064232272720586	0.009858926658596695	-0.002924602806280147	-0.03323175204282208	-0.007795096294705763	0.009783790226672657	-0.024618014502505347	-0.017434761650781044	0.012398044311669664	-0.05064232272720586	0.18428861513723363	0.019810533033262308	0.05900248283815664	-0.006342436798056454	0.0840759729024008	0.02351178316615591	0.006288300038520102	0.02116784946363697	0.06317985042366789	0.009858926658596695	0.019810533033262308	0.23959397237704994	0.08257876549062934	0.04815621426495531	0.07687489802390228	0.06808283693994091	0.05489606522631158	0.06310556938296066	0.08295224349359268	-0.002924602806280147	0.05900248283815664	0.08257876549062934	0.19455739869336938	0.06865543861035654	0.07666793223211979	0.09037232801636591	0.07431627199042695	0.08080610494107711	0.04870399222647522	-0.03323175204282208	-0.006342436798056454	0.04815621426495531	0.06865543861035654	0.10511650619452828	0.0664587884750399	0.057696493907945456	0.03985339710748268	0.04917824109127948	0.08038561388868039	-0.007795096294705763	0.0840759729024008	0.07687489802390228	0.07666793223211979	0.0664587884750399	0.1428646891291292	0.08730510840680612	0.07091525812277813	0.07591350529566684	0.07298476563679367	0.009783790226672657	0.02351178316615591	0.06808283693994091	0.09037232801636591	0.057696493907945456	0.08730510840680612	0.14102538387786695	0.06423476087065003	0.07317860882077303	0.0558136221271035	-0.024618014502505347	0.006288300038520102	0.05489606522631158	0.07431627199042695	0.03985339710748268	0.07091525812277813	0.06423476087065003	0.09616240391286074	0.05587190519326393	0.06487391271824958	-0.017434761650781044	0.02116784946363697	0.06310556938296066	0.08080610494107711	0.04917824109127948	0.07591350529566684	0.07317860882077303	0.05587190519326393	0.08089415126727288
0.09874937588418747	-0.0326376369376047	0.009182997758480034	0.06716479888019426	0.07357130135786127	0.05229500134586086	0.09851028649761093	0.0746560612462951	0.06557156104937258	0.06344166165895446	-0.0326376369376047	0.4432659368039961	-0.06967639680741397	-0.015147065299941058	-0.025119382906410907	-0.04719095671292752	-0.022312164466242606	0.0029419044869217134	-0.03179958786926152	-0.03748628407603159	0.009182997758480034	-0.06967639680741397	0.2834570914203989	0.023376088680746396	0.030160438948764932	0.0015675578958980613	0.1612252444504337	0.027125179560931238	0.01906813004214548	0.021688076025095964	0.06716479888019426	-0.015147065299941058	0.023376088680746396	0.15115338306729026	0.07721386457853831	0.0571194185968817	0.08986320026462942	0.07710976560405244	0.06963997511325987	0.06721292832525264	0.07357130135786127	-0.025119382906410907	0.030160438948764932	0.07721386457853831	0.11135400976456508	0.06317032727038745	0.0854908084705244	0.08476838037525108	0.07552356131275208	0.0731063773085097	0.05229500134586086	-0.04719095671292752	0.0015675578958980613	0.0571194185968817	0.06317032727038745	0.10936944066054094	0.0831342293010183	0.06497599420559982	0.05525598698906528	0.05302303912793239	0.09851028649761093	-0.022312164466242606	0.1612252444504337	0.08986320026462942	0.0854908084705244	0.0831342293010183	0.21254471666539232	0.10103584398759666	0.08861637334713943	0.08281086977016666	0.0746560612462951	0.0029419044869217134	0.027125179560931238	0.07710976560405244	0.08476838037525108	0.06497599420559982	0.10103584398759666	0.15789515477885402	0.07729162326095561	0.07528236256531011	0.06557156104937258	-0.03179958786926152	0.01906813004214548	0.06963997511325987	0.07552356131275208	0.05525598698906528	0.08861637334713943	0.07729162326095561	0.08611912636685065	0.06566777388775903	0.06344166165895446	-0.03748628407603159	0.021688076025095964	0.06721292832525264	0.0731063773085097	0.05302303912793239	0.08281086977016666	0.07528236256531011	0.06566777388775903	0.09078070276835253
0.16356006316366128	0.06855453121833213	0.03719632205361709	0.14102217370936668	0.1428445966998461	0.12438556401147631	0.11047865390572284	0.14995045747988742	-0.1292849747596914	0.13597817717082034	0.06855453121833213	0.42329939630669455	-0.01305466999438984	0.07243175161792853	0.0709084333788234	0.051248096279642996	0.024324085710355492	0.10717552527320677	-0.2089115170495303	0.06294761666389528	0.03719632205361709	-0.01305466999438984	0.5879970001765915	0.04822620913691916	0.05339861052626924	0.022256435541580313	0.2753738554848812	0.05371007152372421	-0.22547638340777104	0.04915626317285912	0.14102217370936668	0.07243175161792853	0.04822620913691916	0.16078803133931885	0.14470678067120585	0.12683178101304177	0.10444679022256531	0.15156147939765932	-0.12193847867753999	0.13799729688677212	0.1428445966998461	0.0709084333788234	0.05339861052626924	0.14470678067120585	0.17680745855649305	0.12873070892609167	0.09729299761504129	0.1539656196273426	-0.11405311110902668	0.13965679634094333	0.12438556401147631	0.051248096279642996	0.022256435541580313	0.12683178101304177	0.12873070892609167	0.18612215508437388	0.09663697490258619	0.13669625367673877	-0.14611642021525628	0.12167080195746352	0.11047865390572284	0.024324085710355492	0.2753738554848812	0.10444679022256531	0.09729299761504129	0.09663697490258619	0.25762293333676617	0.12196991737731108	-0.014698842013576893	0.09865398424970719	0.14995045747988742	0.10717552527320677	0.05371007152372421	0.15156147939765932	0.1539656196273426	0.13669625367673877	0.12196991737731108	0.2672695489159882	-0.1106741056931003	0.14758296579363045	-0.1292849747596914	-0.2089115170495303	-0.22547638340777104	-0.12193847867753999	-0.11405311110902668	-0.14611642021525628	-0.014698842013576893	-0.1106741056931003	0.6886729327532986	-0.12955252005484888	0.13597817717082034	0.06294761666389528	0.04915626317285912	0.13799729688677212	0.13965679634094333	0.12167080195746352	0.09865398424970719	0.14758296579363045	-0.12955252005484888	0.15544172323858027
0.08633989491508354	0.013502183465807727	-0.01312087325690989	0.06410628447395647	0.06802555107141033	0.05156678169164115	0.08060609606337014	0.07234931576814832	0.05534112028883298	0.056823110525638175	0.013502183465807727	0.2528427229540644	-0.043430840915583455	0.02049976566882754	0.019990824569109403	0.003855624626500925	0.021521755860880693	0.03956033269948083	0.008260070138558671	0.007678791136136943	-0.01312087325690989	-0.043430840915583455	0.2939411757805221	0.001594594694647452	0.0095883536679498	-0.017928473738359596	0.14074335446609007	0.005352133921963554	-0.009972151506228788	-0.0001783588924882659	0.06410628447395647	0.02049976566882754	0.001594594694647452	0.10527142615846251	0.07176397642952705	0.05616620123377461	0.07698386150706005	0.07567710839445072	0.05973115523829059	0.060831793576631904	0.06802555107141033	0.019990824569109403	0.0095883536679498	0.07176397642952705	0.10222378430439912	0.05988187833705622	0.07311927359664142	0.08037241597568011	0.06337559846093112	0.06430046970214273	0.05156678169164115	0.003855624626500925	-0.017928473738359596	0.05616620123377461	0.05988187833705622	0.09376817569569015	0.06959149504030068	0.0649200641157832	0.047315393812316864	0.04868019683616274	0.08060609606337014	0.021521755860880693	0.14074335446609007	0.07698386150706005	0.07311927359664142	0.06959149504030068	0.18433928242678418	0.08967547605325851	0.07137153278199046	0.06795948361946674	0.07234931576814832	0.03956033269948083	0.005352133921963554	0.07567710839445072	0.08037241597568011	0.0649200641157832	0.08967547605325851	0.1629177410506882	0.06818321207805031	0.06986484234613759	0.05534112028883298	0.008260070138558671	-0.009972151506228788	0.05973115523829059	0.06337559846093112	0.047315393812316864	0.07137153278199046	0.06818321207805031	0.08832372969919497	0.05219675519576435	0.056823110525638175	0.007678791136136943	-0.0001783588924882659	0.060831793576631904	0.06430046970214273	0.04868019683616274	0.06795948361946674	0.06986484234613759	0.05219675519576435	0.08406622189663426
0.09943619497520406	0.017729040326821807	0.002976401498000796	0.05838906181090234	0.06175570193482364	0.032814614625513855	0.09327626094023503	0.06715616233517585	0.05317724985487467	0.050572098179110195	0.017729040326821807	0.21851331710548888	-0.01642872610053514	0.028127071042565472	0.028359166569833602	-1.5707186519971564e-5	0.03549172091343918	0.047386282720077784	0.020782732899835316	0.016174181048880652	0.002976401498000796	-0.01642872610053514	0.2670543496623354	0.02214787597271636	0.02643894080016643	-0.009019640488353728	0.15050497155671022	0.028920837029951706	0.01604789683784045	0.01835200407491282	0.05838906181090234	0.028127071042565472	0.02214787597271636	0.09653251042793463	0.07016695600358624	0.04325708045921129	0.08155894702797117	0.07563937745733834	0.06235008511209811	0.05932203196838226	0.06175570193482364	0.028359166569833602	0.02643894080016643	0.07016695600358624	0.0968331362066274	0.04637000308273719	0.0764154856502603	0.07945037910620524	0.06518499544057416	0.06212088160335713	0.032814614625513855	-1.5707186519971564e-5	-0.009019640488353728	0.04325708045921129	0.04637000308273719	0.11337599115727373	0.07041930416039904	0.053118064473077126	0.037883773487112846	0.0350853046217881	0.09327626094023503	0.03549172091343918	0.15050497155671022	0.08155894702797117	0.0764154856502603	0.07041930416039904	0.20431529616326083	0.09700187118753868	0.07858706363375012	0.07108840811007716	0.06715616233517585	0.047386282720077784	0.028920837029951706	0.07563937745733834	0.07945037910620524	0.053118064473077126	0.09700187118753868	0.16926605622825436	0.07155048761732202	0.0691576852706907	0.05317724985487467	0.020782732899835316	0.01604789683784045	0.06235008511209811	0.06518499544057416	0.037883773487112846	0.07858706363375012	0.07155048761732202	0.07953093756851831	0.05423785677759836	0.050572098179110195	0.016174181048880652	0.01835200407491282	0.05932203196838226	0.06212088160335713	0.0350853046217881	0.07108840811007716	0.0691576852706907	0.05423785677759836	0.08388571905428477
0.1204446372818101	0.028182488008130252	-0.0002569191260302483	0.07022666673434402	0.0726623181340457	0.017446599801863527	0.09673281659549496	0.07822069530810305	0.04924959033070887	0.06609821999989635	0.028182488008130252	0.23861721487512172	-0.016160966186848855	0.03992663842954663	0.03805178175560453	-0.017690449014241022	0.03350040704408366	0.05546887167971131	0.015413781739181369	0.03080109103411132	-0.0002569191260302483	-0.016160966186848855	0.3656375186151451	0.02337923006203162	0.025046497232724528	-0.04353635403842546	0.18546366703066092	0.028360586700139617	0.0007746406690087616	0.02133632529860447	0.07022666673434402	0.03992663842954663	0.02337923006203162	0.1265546865393073	0.08123764177442461	0.029704400211111513	0.08233370672896861	0.08619618847580376	0.05917892843508489	0.07484757917532793	0.0726623181340457	0.03805178175560453	0.025046497232724528	0.08123764177442461	0.09634245493902785	0.031763064314669895	0.07893408995741992	0.08955765361468675	0.06123175552826803	0.07691612418140342	0.017446599801863527	-0.017690449014241022	-0.04353635403842546	0.029704400211111513	0.031763064314669895	0.17828796436406105	0.05964441746720058	0.03906009675485528	0.007505803871574737	0.02486529569587022	0.09673281659549496	0.03350040704408366	0.18546366703066092	0.08233370672896861	0.07893408995741992	0.05964441746720058	0.21917018782533554	0.09534350553733925	0.07185821067792887	0.07580481022902318	0.07822069530810305	0.05546887167971131	0.028360586700139617	0.08619618847580376	0.08955765361468675	0.03906009675485528	0.09534350553733925	0.16751367103838913	0.06740763317964031	0.08348465052290888	0.04924959033070887	0.015413781739181369	0.0007746406690087616	0.05917892843508489	0.06123175552826803	0.007505803871574737	0.07185821067792887	0.06740763317964031	0.12503223311294537	0.05454168979047508	0.06609821999989635	0.03080109103411132	0.02133632529860447	0.07484757917532793	0.07691612418140342	0.02486529569587022	0.07580481022902318	0.08348465052290888	0.05454168979047508	0.09032260449661753
0.10913775859418406	0.001055432503319638	0.009258188432592442	0.08017720030124136	0.08306440603913165	0.054623980847773104	0.10036388509835245	0.09460006692684972	0.04314050701400531	0.07465552677342588	0.001055432503319638	0.39700423063964807	-0.05177971674841321	0.011045640181074005	0.006506476101197637	-0.02461179807230868	0.0034627327163266903	0.0663481999218008	-0.034288468005188776	-0.004412159724072362	0.009258188432592442	-0.05177971674841321	0.4035874236098353	0.02133275325750002	0.02268625839331033	-0.012918801365210106	0.21788304505583073	0.03220204038894444	-0.016392173592371512	0.019547447617950894	0.08017720030124136	0.011045640181074005	0.02133275325750002	0.13348307311300897	0.08666140621638839	0.05924401373632631	0.09098657996256357	0.09601768933194461	0.047974867457882334	0.07826891552426447	0.08306440603913165	0.006506476101197637	0.02268625839331033	0.08666140621638839	0.1004502142548564	0.06194824147116202	0.0884595380322335	0.10140816268389777	0.050561350211362766	0.08105068002099476	0.054623980847773104	-0.02461179807230868	-0.012918801365210106	0.05924401373632631	0.06194824147116202	0.14089951740917678	0.0813945861244502	0.07556206102099342	0.021385249626491	0.05337503072303323	0.10036388509835245	0.0034627327163266903	0.21788304505583073	0.09098657996256357	0.0884595380322335	0.0813945861244502	0.24403250104610466	0.11919689614240131	0.07561675799487469	0.0828966992494623	0.09460006692684972	0.0663481999218008	0.03220204038894444	0.09601768933194461	0.10140816268389777	0.07556206102099342	0.11919689614240131	0.2788408415624216	0.06300544741361935	0.09393486778696127	0.04314050701400531	-0.034288468005188776	-0.016392173592371512	0.047974867457882334	0.050561350211362766	0.021385249626491	0.07561675799487469	0.06300544741361935	0.16609365420026773	0.041623375568678914	0.07465552677342588	-0.004412159724072362	0.019547447617950894	0.07826891552426447	0.08105068002099476	0.05337503072303323	0.0828966992494623	0.09393486778696127	0.041623375568678914	0.10131780504015792
0.10422493336365882	-0.0028957693215782704	0.05183986453381265	0.07195652871990259	0.07439679035894518	0.04336935970146415	0.11558569874691145	0.08468441837604289	0.033787556314139454	0.06698512980169541	-0.0028957693215782704	0.37185082466445196	-0.012878422394585901	0.005732278876504571	0.004671588893510719	-0.02842638965287342	0.017950294801570996	0.0584887779817988	-0.036454674122792845	-0.0045397227769653535	0.05183986453381265	-0.012878422394585901	0.17108168761676487	0.0607708891304181	0.06308872995044215	0.030834004975091103	0.13961205392431852	0.07320154917393853	0.023434468578057498	0.05686547128920416	0.07195652871990259	0.005732278876504571	0.0607708891304181	0.10010003867396071	0.08084894902717127	0.05106908598340139	0.10269939998611002	0.09061117668968288	0.04138705026592928	0.07351121340914626	0.07439679035894518	0.004671588893510719	0.06308872995044215	0.08084894902717127	0.1007555077078135	0.05350142253479866	0.09830319951740263	0.09403168028047718	0.04393947582940004	0.07577456366799765	0.04336935970146415	-0.02842638965287342	0.030834004975091103	0.05106908598340139	0.05350142253479866	0.13341761571699595	0.09436491801566864	0.0658624061765114	0.012314448313971538	0.04589844981747156	0.11558569874691145	0.017950294801570996	0.13961205392431852	0.10269939998611002	0.09830319951740263	0.09436491801566864	0.21883639514291936	0.1302622330531299	0.08725675389890397	0.09492747477584691	0.08468441837604289	0.0584887779817988	0.07320154917393853	0.09061117668968288	0.09403168028047718	0.0658624061765114	0.1302622330531299	0.2604842085644094	0.055088438881578654	0.08737573861331795	0.033787556314139454	-0.036454674122792845	0.023434468578057498	0.04138705026592928	0.04393947582940004	0.012314448313971538	0.08725675389890397	0.055088438881578654	0.15882984230315933	0.035874879885286634	0.06698512980169541	-0.0045397227769653535	0.05686547128920416	0.07351121340914626	0.07577456366799765	0.04589844981747156	0.09492747477584691	0.08737573861331795	0.035874879885286634	0.09241242361841646
