0.6984523472574381	0.14420246359833022	-0.09526550046899526	0.49680976431269164	0.48752863547167985	0.36636789002340675	0.577965633949162	0.14420246359833022	0.7707430557859829	-0.4053173589861986	0.12688140817905072	0.13685624459529702	0.06010962138592041	0.363239300587685	-0.09526550046899526	-0.4053173589861986	2.2090123937740525	0.07172752538062835	0.1106731801845903	0.19105751117271452	0.9424043419909083	0.49680976431269164	0.12688140817905072	0.07172752538062835	0.8986882167766839	0.6421281796670416	0.5353103886346527	0.7164006584948055	0.48752863547167985	0.13685624459529702	0.1106731801845903	0.6421281796670416	0.6330991719455694	0.49997225806094286	0.6843119354155592	0.36636789002340675	0.06010962138592041	0.19105751117271452	0.5353103886346527	0.49997225806094286	0.6498201733368718	0.5624547987156696	0.577965633949162	0.363239300587685	0.9424043419909083	0.7164006584948055	0.6843119354155592	0.5624547987156696	1.5942644462506543
0.6476569955878154	0.13244823731889704	-0.057755231313049854	0.48096845398489224	0.4589549864481448	0.38523364526053666	0.5534876057025382	0.13244823731889704	0.7248810559767541	-0.368301292654889	0.11494506688116474	0.1317966558633723	0.08327218756767853	0.3389781289086482	-0.057755231313049854	-0.368301292654889	1.9743670180436548	0.03538975807425119	0.11958188562055524	0.1622421362401696	0.8241888393624466	0.48096845398489224	0.11494506688116474	0.03538975807425119	1.1301175846269718	0.610611149110346	0.5605894795530065	0.7132830780388982	0.4589549864481448	0.1317966558633723	0.11958188562055524	0.610611149110346	0.5848310614108327	0.5024711397029019	0.6475924301859729	0.38523364526053666	0.08327218756767853	0.1622421362401696	0.5605894795530065	0.5024711397029019	0.602344442728176	0.5718635733968769	0.5534876057025382	0.3389781289086482	0.8241888393624466	0.7132830780388982	0.6475924301859729	0.5718635733968769	1.462173270281543
0.6994476806081812	0.15301681992384314	-0.13694129779553235	0.4441010572950567	0.43358973227279285	0.34924039814303154	0.5272132728581742	0.15301681992384314	0.7158879127706697	-0.37993787418138847	0.14905526996530105	0.15650476164470747	0.09932611842078629	0.3528998850632934	-0.13694129779553235	-0.37993787418138847	2.1052779761623603	0.06615965909621258	0.11037796730977781	0.1683014702173638	0.8604655398545714	0.4441010572950567	0.14905526996530105	0.06615965909621258	0.8789849975839263	0.612949654396886	0.5389913900503693	0.6885194857401057	0.43358973227279285	0.15650476164470747	0.11037796730977781	0.612949654396886	0.601733693372299	0.5070267944983244	0.6551032020719495	0.34924039814303154	0.09932611842078629	0.1683014702173638	0.5389913900503693	0.5070267944983244	0.6163943416290945	0.5686528373840497	0.5272132728581742	0.3528998850632934	0.8604655398545714	0.6885194857401057	0.6551032020719495	0.5686528373840497	1.480952116587113
0.593375973650307	0.11792337237348688	-0.02215732318079744	0.43406774513496515	0.41936871155357386	0.3800436496677504	0.5078610714363624	0.11792337237348688	0.6536701484942538	-0.3280744251281439	0.11429797303146927	0.126780415292377	0.10060246442121254	0.29186724097395844	-0.02215732318079744	-0.3280744251281439	1.5768043283806246	0.07610368950707849	0.1347676020300938	0.1541269812544074	0.6145331913491784	0.43406774513496515	0.11429797303146927	0.07610368950707849	0.9090399567915359	0.5474361928071487	0.5172300455707829	0.6381218568849603	0.41936871155357386	0.126780415292377	0.1347676020300938	0.5474361928071487	0.5317694918394897	0.48523841239589677	0.5960839778972549	0.3800436496677504	0.10060246442121254	0.1541269812544074	0.5172300455707829	0.48523841239589677	0.5450997566625233	0.5529596617707132	0.5078610714363624	0.29186724097395844	0.6145331913491784	0.6381218568849603	0.5960839778972549	0.5529596617707132	1.2042948265050852
0.6346611562364404	0.09684105578254609	-0.008140709603568747	0.48556258713929856	0.46342806012554033	0.4116106642372652	0.5541476879376127	0.09684105578254609	0.7483948304896734	-0.3856475499300829	0.07283165769300676	0.08996197575590958	0.05806939823496837	0.3002714606184659	-0.008140709603568747	-0.3856475499300829	1.8580963005305038	0.09368495640836223	0.1621304877817758	0.18833648578270684	0.7866866424052666	0.48556258713929856	0.07283165769300676	0.09368495640836223	1.0594113693421687	0.6116419269115866	0.5735199567495581	0.7055152236062674	0.46342806012554033	0.08996197575590958	0.1621304877817758	0.6116419269115866	0.5866068605150841	0.5269125285545844	0.6464186098551707	0.4116106642372652	0.05806939823496837	0.18833648578270684	0.5735199567495581	0.5269125285545844	0.5978502580729975	0.5916685150376849	0.5541476879376127	0.3002714606184659	0.7866866424052666	0.7055152236062674	0.6464186098551707	0.5916685150376849	1.4010830884208336
0.746142159619389	0.16255459794729804	-0.07248207786315963	0.4855672318435274	0.47606365507287873	0.3348293629628327	0.6296155062514108	0.16255459794729804	0.8072507971314116	-0.281296180332169	0.13617395103222696	0.14708177416583643	0.057745152071275146	0.5024912651232193	-0.07248207786315963	-0.281296180332169	2.625661970663941	0.1318560736327349	0.16568648341673164	0.2568696176645705	1.4149627818742718	0.4855672318435274	0.13617395103222696	0.1318560736327349	0.9947901168809449	0.6717539505120338	0.5519757562715331	0.7929899181895522	0.47606365507287873	0.14708177416583643	0.16568648341673164	0.6717539505120338	0.6606183339512401	0.5036344302347168	0.7408162086231093	0.3348293629628327	0.057745152071275146	0.2568696176645705	0.5519757562715331	0.5036344302347168	0.6826852576305108	0.5985217539968316	0.6296155062514108	0.5024912651232193	1.4149627818742718	0.7929899181895522	0.7408162086231093	0.5985217539968316	2.1368630289527117
0.8148050356321344	0.22786056048282255	-0.02179165340419864	0.5168191372616093	0.5157431328335292	0.2691828178504403	0.775803005366548	0.22786056048282255	0.8678802149475913	-0.07432279748834747	0.18771667909165773	0.20666793860786062	0.047028236241988555	0.7749796047922888	-0.02179165340419864	-0.07432279748834747	3.402341115356407	0.17845780940086015	0.18692070283750034	0.3548473758166784	2.2352095795693345	0.5168191372616093	0.18771667909165773	0.17845780940086015	1.2730835407723888	0.7174274395865996	0.5527283677403705	0.9665891414378469	0.5157431328335292	0.20666793860786062	0.18692070283750034	0.7174274395865996	0.7134023176491233	0.44180258514488124	0.8497481254890096	0.2691828178504403	0.047028236241988555	0.3548473758166784	0.5527283677403705	0.44180258514488124	0.768592161284134	0.6170108578419617	0.775803005366548	0.7749796047922888	2.2352095795693345	0.9665891414378469	0.8497481254890096	0.6170108578419617	3.1462166371362366
0.7894937714826402	0.20079480089513113	-0.05472852329464109	0.48527055873318875	0.48077194930168365	0.3048965255689604	0.7014056953880923	0.20079480089513113	0.8412613727711884	-0.1409269829697135	0.17564818581723254	0.1800730527734814	0.06789378140322497	0.6791977508373165	-0.05472852329464109	-0.1409269829697135	3.277647554490348	0.16993717884575255	0.17825508725306904	0.30861300761732713	2.0471210458593396	0.48527055873318875	0.17564818581723254	0.16993717884575255	0.8622364497617914	0.6857071630637308	0.516993805998382	0.8268215980857212	0.48077194930168365	0.1800730527734814	0.17825508725306904	0.6857071630637308	0.6827818089350427	0.48683694284329676	0.7901506086054377	0.3048965255689604	0.06789378140322497	0.30861300761732713	0.516993805998382	0.48683694284329676	0.706556077600212	0.619097775691836	0.7014056953880923	0.6791977508373165	2.0471210458593396	0.8268215980857212	0.7901506086054377	0.619097775691836	2.8273226787044368
0.7269035062340933	0.17501881234897598	-0.07315786058266327	0.490606700956402	0.47888463633912626	0.34602598473111434	0.633214474830674	0.17501881234897598	0.7935561386188548	-0.2583384941447249	0.15595830913350575	0.1649810736236713	0.07864217253332555	0.5273978991837167	-0.07315786058266327	-0.2583384941447249	2.779052058054412	0.09941444829288232	0.1364596363101172	0.23215988038028873	1.5248982990233952	0.490606700956402	0.15595830913350575	0.09941444829288232	0.9972457329607207	0.6537525807445308	0.5442203244193096	0.7858261061603271	0.47888463633912626	0.1649810736236713	0.1364596363101172	0.6537525807445308	0.6409381015434208	0.49469247585818976	0.7277269369715506	0.34602598473111434	0.07864217253332555	0.23215988038028873	0.5442203244193096	0.49469247585818976	0.6625743941925721	0.5996404686122372	0.633214474830674	0.5273978991837167	1.5248982990233952	0.7858261061603271	0.7277269369715506	0.5996404686122372	2.2361431589800715
0.7596266350838095	0.16968051128004868	-0.11153696003689914	0.4605954656977928	0.4556382080154341	0.33189515114905	0.6056238064068666	0.16968051128004868	0.7964972683880349	-0.2862365680689225	0.15196564029834383	0.15534673505900676	0.07582235037226608	0.5027946985984427	-0.11153696003689914	-0.2862365680689225	2.776147845761277	0.14064537859007487	0.15376280160024597	0.2461568545986996	1.4881259751081903	0.4605954656977928	0.15196564029834383	0.14064537859007487	0.7859277776674318	0.6585994208846881	0.5357344179141937	0.7479736090887018	0.4556382080154341	0.15534673505900676	0.15376280160024597	0.6585994208846881	0.6556573788253011	0.5167887193978047	0.726041664537377	0.33189515114905	0.07582235037226608	0.2461568545986996	0.5357344179141937	0.5167887193978047	0.6685264411393671	0.603817770146851	0.6056238064068666	0.5027946985984427	1.4881259751081903	0.7479736090887018	0.726041664537377	0.603817770146851	2.16136685306359
0.8057754913810249	0.2111708485134678	-0.05882198111427439	0.5078981080492356	0.5041444037586778	0.27890512816418767	0.7246166829262187	0.2111708485134678	0.8477959445793606	-0.1526629702529811	0.16834979053321122	0.1921065314003046	0.04559940257122995	0.6808579222815618	-0.05882198111427439	-0.1526629702529811	3.1700543130760916	0.14032530174692845	0.17066143630249936	0.3233850969451453	1.9517699955354217	0.5078981080492356	0.16834979053321122	0.14032530174692845	1.359274104158546	0.7153431056503029	0.5784096128925691	0.9380405652637009	0.5041444037586778	0.1921065314003046	0.17066143630249936	0.7153431056503029	0.7059239552844241	0.4576091364786039	0.8176622821582076	0.27890512816418767	0.04559940257122995	0.3233850969451453	0.5784096128925691	0.4576091364786039	0.7558708151034073	0.6065977197559035	0.7246166829262187	0.6808579222815618	1.9517699955354217	0.9380405652637009	0.8176622821582076	0.6065977197559035	2.8042671828194736
0.7310298401084483	0.17776680684685214	0.0042921437116602845	0.48458048329757275	0.4767261039315157	0.3301399926065348	0.6880916573065111	0.17776680684685214	0.8087432157486861	-0.16351869502484156	0.15739744035696251	0.1651624229644748	0.07120550889980119	0.6097900613900131	0.0042921437116602845	-0.16351869502484156	2.6820380784934823	0.1854303007209486	0.20476881988144588	0.28587787608067294	1.6461579486308464	0.48458048329757275	0.15739744035696251	0.1854303007209486	0.9336364494287295	0.6522579193268101	0.5255319811092598	0.8267256032805242	0.4767261039315157	0.1651624229644748	0.20476881988144588	0.6522579193268101	0.6444852576453766	0.4821944987798096	0.7729769606591953	0.3301399926065348	0.07120550889980119	0.28587787608067294	0.5255319811092598	0.4821944987798096	0.6761625484310537	0.6159739927076686	0.6880916573065111	0.6097900613900131	1.6461579486308464	0.8267256032805242	0.7729769606591953	0.6159739927076686	2.461719361209605
0.7330740837539257	0.15220743288266453	-0.06280633158261847	0.5223897532057387	0.5072446082091778	0.3406664873049692	0.636126344903727	0.15220743288266453	0.8132738941256229	-0.33154928448105514	0.10385499093573346	0.1375339361567563	0.03219922883988305	0.45097856600895586	-0.06280633158261847	-0.33154928448105514	2.4261227780118135	0.060982642993321345	0.14771487465603028	0.24232706202599652	1.2080301188743168	0.5223897532057387	0.10385499093573346	0.060982642993321345	1.4340982996525728	0.6932458987485801	0.604146311017352	0.8435265569719325	0.5072446082091778	0.1375339361567563	0.14771487465603028	0.6932458987485801	0.6696711238260233	0.48770078635436176	0.7422892227847145	0.3406664873049692	0.03219922883988305	0.24232706202599652	0.604146311017352	0.48770078635436176	0.7062502466444337	0.5786434870258522	0.636126344903727	0.45097856600895586	1.2080301188743168	0.8435265569719325	0.7422892227847145	0.5786434870258522	1.9510232763001674
0.37254364425575803	0.15321267377494394	0.0827145301608415	0.24732086225407868	0.25606618574908374	0.2562818489414154	0.36247369813466335	0.15321267377494394	0.3437000654353209	0.013893945503873462	0.163734924037633	0.18652519374915014	0.18662318116513543	0.30475534491617723	0.0827145301608415	0.013893945503873462	0.6259000011673399	0.08190391155843596	0.14392267764951397	0.1471277368178406	0.3383817580188066	0.24732086225407868	0.163734924037633	0.08190391155843596	0.836321266983733	0.30709908513735307	0.30466961700484735	0.43949389201898525	0.25606618574908374	0.18652519374915014	0.14392267764951397	0.30709908513735307	0.32095575184074765	0.3065733839497278	0.4060568045106876	0.2562818489414154	0.18662318116513543	0.1471277368178406	0.30466961700484735	0.3065733839497278	0.31544168596799815	0.4058379704763186	0.36247369813466335	0.30475534491617723	0.3383817580188066	0.43949389201898525	0.4060568045106876	0.4058379704763186	0.799634409207439
0.4482996781310018	0.10185775986522219	0.1398829781959176	0.3443380630959163	0.33587940357342216	0.33094957103746436	0.4614166152298742	0.10185775986522219	0.48942801310599815	-0.0805546196241392	0.07763023390413647	0.12195297714524671	0.11824637996247135	0.29390428225008347	0.1398829781959176	-0.0805546196241392	0.8436557238910916	0.13365646378418744	0.2164690060466875	0.2171875814404058	0.48544002059296315	0.3443380630959163	0.07763023390413647	0.13365646378418744	1.2726205112392759	0.41967547894871104	0.41807196228645105	0.6028080879265815	0.33587940357342216	0.12195297714524671	0.2164690060466875	0.41967547894871104	0.4057157260006545	0.39372765124271314	0.513154522031609	0.33094957103746436	0.11824637996247135	0.2171875814404058	0.41807196228645105	0.39372765124271314	0.4090607152813134	0.506512982130296	0.4614166152298742	0.29390428225008347	0.48544002059296315	0.6028080879265815	0.513154522031609	0.506512982130296	1.043505456547205
0.5234579300064105	0.11621120693842263	0.14731604560044154	0.385669067155823	0.36478892448121125	0.34651369387850595	0.5487436867674639	0.11621120693842263	0.5753778786234574	-0.07464638115838651	0.10378568416140194	0.1348180745814194	0.1217803538324644	0.39998493105480815	0.14731604560044154	-0.07464638115838651	1.102020873085501	0.19223920264545707	0.2591684289828385	0.25759125179188974	0.7125936172160688	0.385669067155823	0.10378568416140194	0.19223920264545707	1.3540768006509638	0.49118609236998834	0.48785304808176067	0.748826726403669	0.36478892448121125	0.1348180745814194	0.2591684289828385	0.49118609236998834	0.4619776231842738	0.43728451027772586	0.6149410508302605	0.34651369387850595	0.1217803538324644	0.25759125179188974	0.48785304808176067	0.43728451027772586	0.4763737717238339	0.5903551174162186	0.5487436867674639	0.39998493105480815	0.7125936172160688	0.748826726403669	0.6149410508302605	0.5903551174162186	1.4406913682260445
0.3822318459945596	0.1269178971460364	0.18330779665511115	0.20385325594278128	0.22987769553498555	0.22931576260701036	0.39218338947241516	0.1269178971460364	0.3372440357724179	0.1278441424691826	0.12706141482616895	0.172870129443834	0.17243825279264396	0.3479923922422765	0.18330779665511115	0.1278441424691826	0.40595987887263885	0.2175049869099442	0.25782384013939064	0.25834481161118833	0.44169077355487124	0.20385325594278128	0.12706141482616895	0.2175049869099442	1.12372417768153	0.29070382220912755	0.2886224995699074	0.5238380207447496	0.22987769553498555	0.172870129443834	0.25782384013939064	0.29070382220912755	0.3111717204945994	0.29978891428877963	0.4493303922000382	0.22931576260701036	0.17243825279264396	0.25834481161118833	0.2886224995699074	0.29978891428877963	0.3098302691389233	0.44740055943950924	0.39218338947241516	0.3479923922422765	0.44169077355487124	0.5238380207447496	0.4493303922000382	0.44740055943950924	0.9726605993913807
0.7883198098144542	-0.022761204654978107	0.057324926563180154	-0.005258934633992504	0.047114003779715544	0.06442109856656138	0.28470468435019847	-0.022761204654978107	0.47287590766241383	0.1321646962749928	0.04966450448790326	0.10835178865744119	0.13740952313405874	0.34402278814536696	0.057324926563180154	0.1321646962749928	0.5544293989842768	0.5137217882322119	0.4631496216003764	0.5291030361919937	0.6512625617615033	-0.005258934633992504	0.04966450448790326	0.5137217882322119	1.5965540434111203	0.5839296735416021	0.5241664605938089	0.7608344379208593	0.047114003779715544	0.10835178865744119	0.4631496216003764	0.5839296735416021	0.6190121927026603	0.46721678383326143	0.6031562663983635	0.06442109856656138	0.13740952313405874	0.5291030361919937	0.5241664605938089	0.46721678383326143	0.5382933697504039	0.6482219810442551	0.28470468435019847	0.34402278814536696	0.6512625617615033	0.7608344379208593	0.6031562663983635	0.6482219810442551	1.1868435111143727
0.578984372693915	0.06019930712975716	0.1473262369663641	0.0930777896695555	0.12483370928105222	0.1561464135923013	0.3582211229304991	0.06019930712975716	0.3883217823141113	0.1796632847968263	0.10872163629671128	0.1486423554160427	0.1869776828016715	0.3838717118040459	0.1473262369663641	0.1796632847968263	0.40656888148213943	0.3276753261753721	0.31458701805506795	0.37445765986681456	0.5338974987728657	0.0930777896695555	0.10872163629671128	0.3276753261753721	1.395328864654437	0.4330495225157331	0.34304851994191243	0.6231913685591012	0.12483370928105222	0.1486423554160427	0.31458701805506795	0.4330495225157331	0.5140463792215468	0.32216464618510054	0.49254727581405683	0.1561464135923013	0.1869776828016715	0.37445765986681456	0.34304851994191243	0.32216464618510054	0.38648010720302495	0.5317938930593783	0.3582211229304991	0.3838717118040459	0.5338974987728657	0.6231913685591012	0.49254727581405683	0.5317938930593783	1.1026607918915177
0.5387475926153249	0.029109844136755	0.08093463449687428	0.005098433735443927	0.06914330469266085	0.09064701380826315	0.20678329920321148	0.029109844136755	0.30993278348305187	0.18501440797634644	0.10971000143335016	0.1616418302016629	0.19276009556954027	0.2975689993298883	0.08093463449687428	0.18501440797634644	0.3358561496278671	0.246929664504988	0.26818368067310794	0.3084560995008439	0.401931373798165	0.005098433735443927	0.10971000143335016	0.246929664504988	1.1870787705560915	0.3172808583530724	0.2627586719866517	0.4165313417446253	0.06914330469266085	0.1616418302016629	0.26818368067310794	0.3172808583530724	0.40825409932033224	0.27597482003840285	0.3719062148830145	0.09064701380826315	0.19276009556954027	0.3084560995008439	0.2627586719866517	0.27597482003840285	0.32152315631047124	0.40454068561630496	0.20678329920321148	0.2975689993298883	0.401931373798165	0.4165313417446253	0.3719062148830145	0.40454068561630496	0.723707761920886
0.39439381208514324	-0.052551760378632933	0.2599620911695982	0.18072155163440795	0.18917138779337928	0.26350878632260555	0.272296544924495	-0.052551760378632933	0.37218910801800525	-0.021486548771860618	-0.1596355790686145	-0.057873725576584704	-0.015452688059946491	-0.006095297935174714	0.2599620911695982	-0.021486548771860618	0.3818683708500071	0.2900817093566628	0.2736695238513351	0.3637987407899679	0.37227758201435557	0.18072155163440795	-0.1596355790686145	0.2900817093566628	1.1163721767611683	0.3698952214315212	0.30179879009169175	0.3086617856797857	0.18917138779337928	-0.057873725576584704	0.2736695238513351	0.3698952214315212	0.5262243110467505	0.27783959469292613	0.2862027544619991	0.26350878632260555	-0.015452688059946491	0.3637987407899679	0.30179879009169175	0.27783959469292613	0.3787786210773739	0.3744514741308479	0.272296544924495	-0.006095297935174714	0.37227758201435557	0.3086617856797857	0.2862027544619991	0.3744514741308479	0.39797722751223696
0.5162851962927987	0.029617792383003994	0.32751543996940163	0.4363356068585416	0.4103993392368669	0.4137002175337	0.6270714022573523	0.029617792383003994	0.6946019236895491	-0.059371033581562455	-0.007940727848837675	0.027933852582554344	0.027210949175981686	0.3956903094856725	0.32751543996940163	-0.059371033581562455	0.796872372030583	0.40546943562314275	0.40233329331013773	0.4083094984701154	0.7442597888779603	0.4363356068585416	-0.007940727848837675	0.40546943562314275	1.1391165191278427	0.5213615628887802	0.5184535119453026	0.795778246953133	0.4103993392368669	0.027933852582554344	0.40233329331013773	0.5213615628887802	0.503750390595194	0.48289918720417446	0.6709617185702356	0.4137002175337	0.027210949175981686	0.4083094984701154	0.5184535119453026	0.48289918720417446	0.4937558109681117	0.6723451475219175	0.6270714022573523	0.3956903094856725	0.7442597888779603	0.795778246953133	0.6709617185702356	0.6723451475219175	1.552883352982126
0.4482587332751855	0.02315521949645083	0.32488854975526155	0.44751189755981774	0.42212620835971143	0.42387562436067583	0.5835994208238863	0.02315521949645083	0.6275809737404604	-0.08659427940757104	-0.031844964658012204	0.023418322070589217	0.02280700063802439	0.3004469154875491	0.32488854975526155	-0.08659427940757104	0.7320440137163433	0.31701925463881453	0.33735103289951635	0.341281414701962	0.6184835615800967	0.44751189755981774	-0.031844964658012204	0.31701925463881453	1.2328760024576026	0.46958398170092397	0.46557833563582085	0.709840923938551	0.42212620835971143	0.023418322070589217	0.33735103289951635	0.46958398170092397	0.45275682849983956	0.43543829034062637	0.5920407000267106	0.42387562436067583	0.02280700063802439	0.341281414701962	0.46557833563582085	0.43543829034062637	0.4457272238203264	0.5917645838876134	0.5835994208238863	0.3004469154875491	0.6184835615800967	0.709840923938551	0.5920407000267106	0.5917645838876134	1.28578758810775
0.31954274152727136	0.06487800012018796	0.2683418371442487	0.25557257168576863	0.2573775321261339	0.2997005834855239	0.38694656677107914	0.06487800012018796	0.37114615299916304	0.033630388446820765	-0.02115939379212902	0.04539836980198527	0.06917447159214063	0.18398440505442218	0.2683418371442487	0.033630388446820765	0.3725983981794841	0.2166223024090132	0.23250668647378378	0.27898020950960856	0.3783898282551926	0.25557257168576863	-0.02115939379212902	0.2166223024090132	1.0668983272928685	0.3207653889259615	0.2693891138954133	0.4060555068745919	0.2573775321261339	0.04539836980198527	0.23250668647378378	0.3207653889259615	0.42480807166844337	0.26639338846897814	0.3578699362052158	0.2997005834855239	0.06917447159214063	0.27898020950960856	0.2693891138954133	0.26639338846897814	0.31627880735514496	0.39511293293532357	0.38694656677107914	0.18398440505442218	0.3783898282551926	0.4060555068745919	0.3578699362052158	0.39511293293532357	0.7039805597665114
0.32568981829606813	0.048676253139279285	0.27467890820829216	0.279964750984739	0.27745116555330696	0.31636512746812484	0.3942719679520046	0.048676253139279285	0.3900536896007514	0.0001710973011760375	-0.03920858195649658	0.029702791100819144	0.04902115661416574	0.1554296693332148	0.27467890820829216	0.0001710973011760375	0.4018305537129529	0.21622775480586143	0.234050495438557	0.2772555132197038	0.37091332136145483	0.279964750984739	-0.03920858195649658	0.21622775480586143	1.0428797578146274	0.32765284925588484	0.2860829330871055	0.4046168495374689	0.27745116555330696	0.029702791100819144	0.234050495438557	0.32765284925588484	0.4247266660321834	0.2791045229446003	0.36081820190501307	0.31636512746812484	0.04902115661416574	0.2772555132197038	0.2860829330871055	0.2791045229446003	0.3287157636108352	0.3949519395051228	0.3942719679520046	0.1554296693332148	0.37091332136145483	0.4046168495374689	0.36081820190501307	0.3949519395051228	0.6763444223442385
0.38395214796760796	0.06647553700873299	0.30301641651251215	0.3783373957524917	0.36269329191736666	0.37435120062131755	0.5264463408258738	0.06647553700873299	0.5078944468077206	-0.015106413262521018	0.009247767145863235	0.062046065337328093	0.0652608328111224	0.29245554396277623	0.30301641651251215	-0.015106413262521018	0.5703302324337354	0.26991936625378904	0.28936551315186065	0.3046591697055179	0.5269819129638038	0.3783373957524917	0.009247767145863235	0.26991936625378904	1.146981657326668	0.3983531266576342	0.3829690859000732	0.6153894479294401	0.36269329191736666	0.062046065337328093	0.28936551315186065	0.3983531266576342	0.420517411241429	0.362640353412935	0.5172860758898845	0.37435120062131755	0.0652608328111224	0.3046591697055179	0.3829690859000732	0.362640353412935	0.38731666550155586	0.5241175082395922	0.5264463408258738	0.29245554396277623	0.5269819129638038	0.6153894479294401	0.5172860758898845	0.5241175082395922	1.1206762777381511
0.2305737959223687	0.1213967380399519	0.17431920708440587	0.15602890461805383	0.20104961543969396	0.21957224247964985	0.26349985064484815	0.1213967380399519	0.24746558338314453	0.07519347524733769	0.034292438060455885	0.10786477699121318	0.12303683431490123	0.17170332626334667	0.17431920708440587	0.07519347524733769	0.2905758522824	0.08468619043901263	0.15618356367778058	0.17750485417906461	0.2286405799760749	0.15602890461805383	0.034292438060455885	0.08468619043901263	1.0030811254272145	0.19563157189332545	0.1635690301429179	0.22972542601228507	0.20104961543969396	0.10786477699121318	0.15618356367778058	0.19563157189332545	0.2866069646049718	0.20338482519090925	0.24823014036768565	0.21957224247964985	0.12303683431490123	0.17750485417906461	0.1635690301429179	0.20338482519090925	0.23218761841849683	0.26534211272980895	0.26349985064484815	0.17170332626334667	0.2286405799760749	0.22972542601228507	0.24823014036768565	0.26534211272980895	0.41047905020238107
0.308725647101898	0.057612651736913156	0.14504576195570004	0.029234757722003252	0.10049634301997604	0.1467459386542878	0.159652773840618	0.057612651736913156	0.23842861959204342	0.11913070165610481	-0.012439384076116132	0.07509044296929338	0.12099273289038935	0.13393270921999392	0.14504576195570004	0.11913070165610481	0.2417376500842686	0.12210869866909632	0.1739768888219316	0.2296817053814254	0.2420418255559169	0.029234757722003252	-0.012439384076116132	0.12210869866909632	1.075032502699491	0.21939248995721675	0.13359445669291203	0.14567113803272175	0.10049634301997604	0.07509044296929338	0.1739768888219316	0.21939248995721675	0.37080918488158193	0.17621382316614564	0.18859229504148137	0.1467459386542878	0.12099273289038935	0.2296817053814254	0.13359445669291203	0.17621382316614564	0.24492736954494082	0.24273679773853185	0.159652773840618	0.13393270921999392	0.2420418255559169	0.14567113803272175	0.18859229504148137	0.24273679773853185	0.27780499187707675
0.2319974990552545	0.10561485857283283	0.19021191007904545	0.15059299003576007	0.20968480272577406	0.21417413856549242	0.26067051402488356	0.10561485857283283	0.2485089620641246	0.08447393299373514	0.014664389416577162	0.10627544998007998	0.11000563094189195	0.1618606549178327	0.19021191007904545	0.08447393299373514	0.25981859243309263	0.1177497203204515	0.19176538021078146	0.19699895349613328	0.24731851476220854	0.15059299003576007	0.014664389416577162	0.1177497203204515	1.057768485702179	0.17191245250206993	0.1629596303279071	0.235105153827553	0.20968480272577406	0.10627544998007998	0.19176538021078146	0.17191245250206993	0.2421305109041706	0.2158834931905879	0.2623919568355586	0.21417413856549242	0.11000563094189195	0.19699895349613328	0.1629596303279071	0.2158834931905879	0.23004217179416708	0.2662075483157915	0.26067051402488356	0.1618606549178327	0.24731851476220854	0.235105153827553	0.2623919568355586	0.2662075483157915	0.4178563855615612
0.20294143088950822	0.11825262372016668	0.1532981047201408	0.09799055724985527	0.16431258294451642	0.18499852167587816	0.19770123842981435	0.11825262372016668	0.20967373494099514	0.0813420027044589	0.008003041111531632	0.09707742954765396	0.1155782234614987	0.12744102919233974	0.1532981047201408	0.0813420027044589	0.24309414287938058	0.03804021197719008	0.12721400201428706	0.15232547722445233	0.16390248134153218	0.09799055724985527	0.008003041111531632	0.03804021197719008	1.0008702433989465	0.15530119002454207	0.11601168007128719	0.11171817695078759	0.16431258294451642	0.09707742954765396	0.12721400201428706	0.15530119002454207	0.27774812880660693	0.16216339949740818	0.17391223371930792	0.18499852167587816	0.1155782234614987	0.15232547722445233	0.11601168007128719	0.16216339949740818	0.22324785477880754	0.1945121817816072	0.19770123842981435	0.12744102919233974	0.16390248134153218	0.11171817695078759	0.17391223371930792	0.1945121817816072	0.2184568636533613
0.21060979082857084	0.10782837666649785	0.17571038498356747	0.093584316261028	0.15398341124463866	0.1940438289656312	0.2065252052426642	0.10782837666649785	0.21950527288891178	0.08475248578875144	-0.019633991901012157	0.0710408291562191	0.10563968729285235	0.11724735237092239	0.17571038498356747	0.08475248578875144	0.23676246551324487	0.055309617685770744	0.13026602391897396	0.17435851582555678	0.18626745988181026	0.093584316261028	-0.019633991901012157	0.055309617685770744	1.0323085326039143	0.18295236329716016	0.11096394042730542	0.10794394340102179	0.15398341124463866	0.0710408291562191	0.13026602391897396	0.18295236329716016	0.3321540531307514	0.15276207032721142	0.16383856136778072	0.1940438289656312	0.10563968729285235	0.17435851582555678	0.11096394042730542	0.15276207032721142	0.22888239108643682	0.20379916525862948	0.2065252052426642	0.11724735237092239	0.18626745988181026	0.10794394340102179	0.16383856136778072	0.20379916525862948	0.22846336792387117
0.24783592735218407	0.15933806844656695	0.17253202478230592	0.05144654697955991	0.1676406115665514	0.09030128196277257	0.2500745140177674	0.15933806844656695	0.24825823280568016	0.09047047511640856	-0.036605391369266695	0.09628500391726535	0.03208312367824681	0.16947307180546678	0.17253202478230592	0.09047047511640856	0.30273583209872107	-0.03759484107025294	0.09444001551706599	0.07058234455784602	0.18417152180281474	0.05144654697955991	-0.036605391369266695	-0.03759484107025294	1.1569962579961284	0.19503363151407369	0.28017727584507635	0.06528259351093425	0.1676406115665514	0.09628500391726535	0.09444001551706599	0.19503363151407369	0.41138485670218505	0.0661191970510849	0.17788105994321454	0.09030128196277257	0.03208312367824681	0.07058234455784602	0.28017727584507635	0.0661191970510849	0.6558844709797875	0.0968675121405195	0.2500745140177674	0.16947307180546678	0.18417152180281474	0.06528259351093425	0.17788105994321454	0.0968675121405195	0.2768010149529874
0.2807261369973311	0.11708722380853136	0.1990912427263501	-0.014025381567279213	0.13638746503947077	0.025673978697180588	0.2123527631613893	0.11708722380853136	0.24407254010795318	0.14030417470654802	-0.07654369877756662	0.0836500445084613	-0.006395486335358039	0.153517438248732	0.1990912427263501	0.14030417470654802	0.25740059959443473	0.01607116411879181	0.16237126933374782	0.05556971256130963	0.244439392752438	-0.014025381567279213	-0.07654369877756662	0.01607116411879181	1.1635128441425528	0.15978357939678997	0.35969011183959837	0.031772246282344055	0.13638746503947077	0.0836500445084613	0.16237126933374782	0.15978357939678997	0.39124368764722944	0.0437568886809854	0.17596393579970018	0.025673978697180588	-0.006395486335358039	0.05556971256130963	0.35969011183959837	0.0437568886809854	0.837563154006314	0.057841253852676175	0.2123527631613893	0.153517438248732	0.244439392752438	0.031772246282344055	0.17596393579970018	0.057841253852676175	0.2641092391287666
0.3083929165645051	0.08441791358407141	0.14265447778611107	-0.019178564578115183	0.06488996914538446	0.10647130476138274	0.15439039980242394	0.08441791358407141	0.23268474193624172	0.14659750307428987	-0.02353247362415531	0.06527600595536939	0.11219959180828148	0.1578901558014484	0.14265447778611107	0.14659750307428987	0.24589042735557262	0.05827627073881084	0.12546292140788073	0.1801419847400996	0.2317825951197914	-0.019178564578115183	-0.02353247362415531	0.05827627073881084	1.1060960206065469	0.2393001214099642	0.15744389821730076	0.07628246480506723	0.06488996914538446	0.06527600595536939	0.12546292140788073	0.2393001214099642	0.46330584272960923	0.10807330405410089	0.13799852717168973	0.10647130476138274	0.11219959180828148	0.1801419847400996	0.15744389821730076	0.10807330405410089	0.3800812960459556	0.18831852516027092	0.15439039980242394	0.1578901558014484	0.2317825951197914	0.07628246480506723	0.13799852717168973	0.18831852516027092	0.24928359030809472
0.4432325211919844	0.054362056955577394	0.14119514287312296	-0.1115854897679078	-0.013249915744725192	0.0274977728099726	0.1511512131128269	0.054362056955577394	0.2991999605413665	0.1910135615642074	-0.07777550039513656	0.013592888827849182	0.07561495227710038	0.20012516665501057	0.14119514287312296	0.1910135615642074	0.34313818641976784	0.05010827482359426	0.10559817985244219	0.17809074384921464	0.3347690784370444	-0.1115854897679078	-0.07777550039513656	0.05010827482359426	1.2708869805814058	0.3790922668253206	0.29097906833151876	0.06331169107039823	-0.013249915744725192	0.013592888827849182	0.10559817985244219	0.3790922668253206	0.7049078529645653	0.07576144380223412	0.11620088543311434	0.0274977728099726	0.07561495227710038	0.17809074384921464	0.29097906833151876	0.07576144380223412	0.6634806279846207	0.18181188910989807	0.1511512131128269	0.20012516665501057	0.3347690784370444	0.06331169107039823	0.11620088543311434	0.18181188910989807	0.35057457621815963
0.3581403440685712	0.0197134313072323	0.3064217460778732	0.20044550887098106	0.17958608260797704	0.3064673463661788	0.362555607348344	0.0197134313072323	0.3782265401772248	-0.03559121795441527	-0.16776991739515015	-0.0720817071992097	-0.001754896926377033	0.03294768889620087	0.3064217460778732	-0.03559121795441527	0.42631535447101965	0.12020739887211641	0.11946364157338393	0.27124285341053245	0.3196348563043927	0.20044550887098106	-0.16776991739515015	0.12020739887211641	1.2252962083348191	0.422398366645447	0.24742562884096286	0.21863365167188845	0.17958608260797704	-0.0720817071992097	0.11946364157338393	0.422398366645447	0.7000652615252474	0.1597036431530783	0.19228972580036005	0.3064673463661788	-0.001754896926377033	0.27124285341053245	0.24742562884096286	0.1597036431530783	0.43695511749497074	0.31660722995720464	0.362555607348344	0.03294768889620087	0.3196348563043927	0.21863365167188845	0.19228972580036005	0.31660722995720464	0.397171396275226
0.5477925975489735	0.08483758211151671	0.10448286131822722	0.5613186148503333	0.5374674147194586	0.48118689888290234	0.6196000253935575	0.08483758211151671	0.7685521073323152	-0.37352895329391417	0.06885976214589476	0.08444186903232449	0.05121849407665094	0.31672446109203034	0.10448286131822722	-0.37352895329391417	1.8053552766371395	0.05096455631857867	0.11011739136904232	0.139689679343421	0.7980626292026084	0.5613186148503333	0.06885976214589476	0.05096455631857867	0.9598972780916698	0.5674572535697485	0.5257172533674176	0.675727838754992	0.5374674147194586	0.08444186903232449	0.11011739136904232	0.5674572535697485	0.5497605936074536	0.48508327608186963	0.6223316838405362	0.48118689888290234	0.05121849407665094	0.139689679343421	0.5257172533674176	0.48508327608186963	0.5616869813869233	0.5648970096363618	0.6196000253935575	0.31672446109203034	0.7980626292026084	0.675727838754992	0.6223316838405362	0.5648970096363618	1.4476730355993233
0.32966844286055147	-0.002875836382831759	0.27682873070992053	0.1605166772323501	0.18683264345740144	0.26590129775749693	0.28658403409525024	-0.002875836382831759	0.3386145185700552	0.005023600444169111	-0.1707108025419484	-0.048232040892780825	0.003825621865286996	0.016743866370890315	0.27682873070992053	0.005023600444169111	0.3281828864759367	0.18842709116566522	0.20875767108183166	0.2944959902572128	0.31539847669601573	0.1605166772323501	-0.1707108025419484	0.18842709116566522	1.2151575363405174	0.33372283967676386	0.22236283980057162	0.20545912492174404	0.18683264345740144	-0.048232040892780825	0.20875767108183166	0.33372283967676386	0.5104638832897215	0.2052149711577619	0.21993267688216164	0.26590129775749693	0.003825621865286996	0.2944959902572128	0.22236283980057162	0.2052149711577619	0.3571996486286019	0.30314385561289225	0.28658403409525024	0.016743866370890315	0.31539847669601573	0.20545912492174404	0.21993267688216164	0.30314385561289225	0.3324967770973996
0.3309680881538102	0.031134894053921294	0.20753644747729333	0.0743572963225757	0.12812744659976694	0.1866443804381208	0.21875955368742792	0.031134894053921294	0.2901418937168078	0.07526827621092042	-0.09145465932227877	0.01141845858042833	0.061669835782928444	0.08793924895257396	0.20753644747729333	0.07526827621092042	0.2920676627813198	0.15807375198513868	0.19234773525516627	0.26113712394074573	0.29496567431457366	0.0743572963225757	-0.09145465932227877	0.15807375198513868	1.1597085245851466	0.29248187942640214	0.1970412820312123	0.17643217221272112	0.12812744659976694	0.01141845858042833	0.19234773525516627	0.29248187942640214	0.4764854121302622	0.17892240738736784	0.2042234951747969	0.1866443804381208	0.061669835782928444	0.26113712394074573	0.1970412820312123	0.17892240738736784	0.35073888837026707	0.27045414946896185	0.21875955368742792	0.08793924895257396	0.29496567431457366	0.17643217221272112	0.2042234951747969	0.27045414946896185	0.32566875177890753
0.37366470558218856	0.16225246385789657	0.13307035819773272	0.27993596011213573	0.3107695875456644	0.25562030032780764	0.4300987120645571	0.16225246385789657	0.4150300430897639	-0.08720758228581948	0.041937301262889026	0.1263610070496353	0.07789487121238164	0.240984700169748	0.13307035819773272	-0.08720758228581948	0.7058160587084354	-0.07457879704953371	0.052128297285133435	0.11580587271199541	0.2638767179547989	0.27993596011213573	0.041937301262889026	-0.07457879704953371	1.396256337076201	0.40150505729276476	0.3433742006781549	0.38349522991840207	0.3107695875456644	0.1263610070496353	0.052128297285133435	0.40150505729276476	0.5270240652664075	0.21775325714061283	0.377545191692697	0.25562030032780764	0.07789487121238164	0.11580587271199541	0.3433742006781549	0.21775325714061283	0.5223247114900019	0.3061044439570678	0.4300987120645571	0.240984700169748	0.2638767179547989	0.38349522991840207	0.377545191692697	0.3061044439570678	0.6866162131802103
0.47052542052756796	0.048443740113713274	0.17324561835340885	0.4701478900645081	0.4267027195834224	0.4306518353740618	0.5220334617562579	0.048443740113713274	0.6081899963696231	-0.2953098080688165	-0.035282252419434855	0.039364087981605775	0.02772388364092855	0.15474374864379245	0.17324561835340885	-0.2953098080688165	1.0382921767646183	-0.01105601531376247	0.11055188948735435	0.17575578502570044	0.36811189946363254	0.4701478900645081	-0.035282252419434855	-0.01105601531376247	1.5395636908625325	0.5387422829052427	0.4760465646166508	0.5738912119739782	0.4267027195834224	0.039364087981605775	0.11055188948735435	0.5387422829052427	0.5673191053124801	0.3953267437404627	0.4880845276234776	0.4306518353740618	0.02772388364092855	0.17575578502570044	0.4760465646166508	0.3953267437404627	0.4968564037613863	0.48511661184140903	0.5220334617562579	0.15474374864379245	0.36811189946363254	0.5738912119739782	0.4880845276234776	0.48511661184140903	0.8467897979631303
