0.13723171029765566	-0.08512786993108248	0.0904267357143833	0.07545138763296844	0.2323690483205602	0.04798823493647944	0.10820256431359804	0.11439548964499352	0.10337265477370408	0.0976219300927972	-0.08512786993108248	0.902837646808449	-0.0888112224350375	0.09853635436269553	-0.028704675839335957	-0.15866243548854184	-0.08323405387400735	0.08603560028829735	-0.08788325232776048	-0.10658483239553695	0.0904267357143833	-0.0888112224350375	0.20854414944879485	0.08056391944914809	0.29790818016656495	0.03260860910116824	0.09929222724310377	0.10150309408838923	0.09320687887000856	0.09161311845167952	0.07545138763296844	0.09853635436269553	0.08056391944914809	0.7611605314726018	0.2342310109535365	0.035270677011013565	0.07431724487276829	0.05024508216708652	0.07316823643203131	0.06365274117491454	0.2323690483205602	-0.028704675839335957	0.29790818016656495	0.2342310109535365	0.8222885854077849	0.25243451705653486	0.1804768219831821	0.25221645042710716	0.20395714327752806	0.18452404691799668	0.04798823493647944	-0.15866243548854184	0.03260860910116824	0.035270677011013565	0.25243451705653486	0.2553845282196732	0.05483964764835496	0.06537313783280194	0.04939894521483762	0.044677815929910325	0.10820256431359804	-0.08323405387400735	0.09929222724310377	0.07431724487276829	0.1804768219831821	0.05483964764835496	0.12185944580793534	0.12000785815338298	0.10716954037699622	0.10029097669459672	0.11439548964499352	0.08603560028829735	0.10150309408838923	0.05024508216708652	0.25221645042710716	0.06537313783280194	0.12000785815338298	0.4007622494111587	0.11496635904444638	0.11103997219239284	0.10337265477370408	-0.08788325232776048	0.09320687887000856	0.07316823643203131	0.20395714327752806	0.04939894521483762	0.10716954037699622	0.11496635904444638	0.12588892382071007	0.0963493283381624	0.0976219300927972	-0.10658483239553695	0.09161311845167952	0.06365274117491454	0.18452404691799668	0.044677815929910325	0.10029097669459672	0.11103997219239284	0.0963493283381624	0.14389360439558055
0.11388533842975047	-0.03802092410348326	0.07852599925799378	0.08134666044432654	0.13499269045425652	0.07283444402261684	0.10364942775767731	0.09713529871822378	-0.008564883429094249	0.09270988873526216	-0.03802092410348326	0.5883047704425162	-0.0422503893957484	0.020612325510477817	-0.02219371053898995	-0.05861860012424573	-0.03549037606234187	-0.0011364456332717751	-0.13654139937179183	-0.038812441244349086	0.07852599925799378	-0.0422503893957484	0.14226481564126206	0.07559563502168244	0.13917079702625754	0.0633343157244014	0.10225316224791571	0.08877174688935563	-0.019671516088403094	0.08544306637831994	0.08134666044432654	0.020612325510477817	0.07559563502168244	0.36008873441292244	0.13008778370191912	0.06741586326883052	0.09214741833340558	0.08485840818338873	-0.003763438974946468	0.08461778054331676	0.13499269045425652	-0.02219371053898995	0.13917079702625754	0.13008778370191912	0.3924658089302896	0.12193537621448239	0.10142616049840805	0.13789144065902217	0.08464465069548262	0.12832996734264965	0.07283444402261684	-0.05861860012424573	0.0633343157244014	0.06741586326883052	0.12193537621448239	0.13736191780203602	0.08880771486743529	0.08263331133355738	-0.02455129671493439	0.07766291019677571	0.10364942775767731	-0.03549037606234187	0.10225316224791571	0.09214741833340558	0.10142616049840805	0.08880771486743529	0.14878386340132968	0.1098155888373818	0.023000472966461502	0.10234203401853993	0.09713529871822378	-0.0011364456332717751	0.08877174688935563	0.08485840818338873	0.13789144065902217	0.08263331133355738	0.1098155888373818	0.173610775997489	0.0034757897198504427	0.10116265928293408	-0.008564883429094249	-0.13654139937179183	-0.019671516088403094	-0.003763438974946468	0.08464465069548262	-0.02455129671493439	0.023000472966461502	0.0034757897198504427	0.28418483961341967	-0.0004926850529389848	0.09270988873526216	-0.038812441244349086	0.08544306637831994	0.08461778054331676	0.12832996734264965	0.07766291019677571	0.10234203401853993	0.10116265928293408	-0.0004926850529389848	0.10654395528791502
0.18851409806263983	0.13567705626840765	0.07787910395886516	0.15163644364873913	0.16356696768418216	0.1636501913148348	0.1294370791870324	0.17108919376686543	-0.24083366112403598	0.15215999517514067	0.13567705626840765	0.29294556817981904	0.06179348488818401	0.14429514300590354	0.12749144587685488	0.13040366873864834	0.08998153348837025	0.13945333133071808	-0.2732982341004198	0.11648937025494235	0.07787910395886516	0.06179348488818401	0.5798636268334569	0.09043380019466779	0.12853588899191978	0.07794218918268746	0.2405371363532893	0.08885094734630994	-0.39235401777879486	0.09240514946622577	0.15163644364873913	0.14429514300590354	0.09043380019466779	0.5317258092672811	0.1613033351967185	0.14794009281629414	0.12402876485613666	0.15302442131388344	-0.2022893232187467	0.13751019267298342	0.16356696768418216	0.12749144587685488	0.12853588899191978	0.1613033351967185	0.343280617727859	0.1583956808111592	0.08679505584713881	0.16487990961107862	-0.1523295291636418	0.1476875701193218	0.1636501913148348	0.13040366873864834	0.07794218918268746	0.14794009281629414	0.1583956808111592	0.18764727362145317	0.12217161634610145	0.16649568530346281	-0.24326967897052157	0.14742508691490122	0.1294370791870324	0.08998153348837025	0.2405371363532893	0.12402876485613666	0.08679505584713881	0.12217161634610145	0.2365847023004371	0.1279582962513622	-0.12135354696916624	0.10840129684787814	0.17108919376686543	0.13945333133071808	0.08885094734630994	0.15302442131388344	0.16487990961107862	0.16649568530346281	0.1279582962513622	0.18563415120194166	-0.2312692496916265	0.15497299707466627	-0.24083366112403598	-0.2732982341004198	-0.39235401777879486	-0.2022893232187467	-0.1523295291636418	-0.24326967897052157	-0.12135354696916624	-0.2312692496916265	1.0064165768897972	-0.2551894256874302	0.15215999517514067	0.11648937025494235	0.09240514946622577	0.13751019267298342	0.1476875701193218	0.14742508691490122	0.10840129684787814	0.15497299707466627	-0.2551894256874302	0.20033285105347387
0.18320815075227365	0.12825914828042856	0.024005610214122793	0.14195448366274474	0.14518587895053725	0.13717336990516482	0.12014923743944884	0.14859011133720385	-0.14048836528143116	0.08063784562505008	0.12825914828042856	0.20641649044825328	0.03005202856106291	0.133842380636082	0.13437464352743442	0.12878491605031517	0.09288012403026125	0.14380060443557324	-0.14430515582142764	0.06737545030589896	0.024005610214122793	0.03005202856106291	0.5495913796491928	0.043479318747516045	0.060861596252729744	0.036040593698956694	0.24831905478423824	0.0490903987758476	-0.23544392925649898	0.04758510281645489	0.14195448366274474	0.133842380636082	0.043479318747516045	0.15844863781569374	0.14911264386839698	0.14285443646157372	0.10870403810836221	0.1540191287827092	-0.12672127233901603	0.08574445490388151	0.14518587895053725	0.13437464352743442	0.060861596252729744	0.14911264386839698	0.2626133655030128	0.14469512387437689	0.08036888121788315	0.15642796434885903	-0.0977201499007344	0.09096576540238624	0.13717336990516482	0.12878491605031517	0.036040593698956694	0.14285443646157372	0.14469512387437689	0.1597572755607382	0.10620506704760846	0.14985479591046363	-0.13410574364342287	0.08089015293572452	0.12014923743944884	0.09288012403026125	0.24831905478423824	0.10870403810836221	0.08036888121788315	0.10620506704760846	0.2638383588243297	0.1208037685147434	-0.01873297548120547	0.04473306860823084	0.14859011133720385	0.14380060443557324	0.0490903987758476	0.1540191287827092	0.15642796434885903	0.14985479591046363	0.1208037685147434	0.2248661478800744	-0.11814197068237318	0.09615618137858828	-0.14048836528143116	-0.14430515582142764	-0.23544392925649898	-0.12672127233901603	-0.0977201499007344	-0.13410574364342287	-0.01873297548120547	-0.11814197068237318	0.7167828141460532	-0.2014882123894265	0.08063784562505008	0.06737545030589896	0.04758510281645489	0.08574445490388151	0.09096576540238624	0.08089015293572452	0.04473306860823084	0.09615618137858828	-0.2014882123894265	0.248554200972897
0.16468399738249928	0.10367702658726088	0.028174444673609716	0.11771682445884503	0.1206518891781121	0.10528087281094597	0.1130820665035117	0.12264902821106438	-0.11503762965652176	0.08743380735863389	0.10367702658726088	0.18093571839583517	0.03298332765163399	0.11134423597323617	0.11286816765804528	0.09875408406535235	0.08050286490548958	0.11844663032662864	-0.11839246668338782	0.07818283346138105	0.028174444673609716	0.03298332765163399	0.4730206829709115	0.04650687437662451	0.05257611039634	0.030714581185062914	0.23418853835874975	0.05086339882887312	-0.16925658257873796	0.04213713534295324	0.11771682445884503	0.11134423597323617	0.04650687437662451	0.13539995209831376	0.12749145624115335	0.11341490631274145	0.0970464284088684	0.13023428790379232	-0.1010719885046816	0.09469538080632732	0.1206518891781121	0.11286816765804528	0.05257611039634	0.12749145624115335	0.18399461935018585	0.11587042750936799	0.08210225355676772	0.13265208898478745	-0.08951305698183348	0.09761322287498593	0.10528087281094597	0.09875408406535235	0.030714581185062914	0.11341490631274145	0.11587042750936799	0.1520216420916261	0.0920411416594118	0.11873582680904543	-0.11688080116120855	0.08258949995324087	0.1130820665035117	0.08050286490548958	0.23418853835874975	0.0970464284088684	0.08210225355676772	0.0920411416594118	0.2528468482498845	0.10609847581922703	0.00452653567604383	0.06241724883737008	0.12264902821106438	0.11844663032662864	0.05086339882887312	0.13023428790379232	0.13265208898478745	0.11873582680904543	0.10609847581922703	0.17948220564233308	-0.0949356331812874	0.10100417110161727	-0.11503762965652176	-0.11839246668338782	-0.16925658257873796	-0.1010719885046816	-0.08951305698183348	-0.11688080116120855	0.00452653567604383	-0.0949356331812874	0.5890515672971117	-0.1379066737117942	0.08743380735863389	0.07818283346138105	0.04213713534295324	0.09469538080632732	0.09761322287498593	0.08258949995324087	0.06241724883737008	0.10100417110161727	-0.1379066737117942	0.1780419591247349
0.17916199793092516	0.12579387864467065	0.032616315950809396	0.13152681534230348	0.13621964485666174	0.12183521164376054	0.12330415025491401	0.13441047027894332	-0.12789045494667403	0.07286074174146648	0.12579387864467065	0.162428686318968	0.05367068554888327	0.1315107511581812	0.13140697473074492	0.12211140248280732	0.10811639677004475	0.13491242087578745	-0.11680443064195425	0.06977697152934267	0.032616315950809396	0.05367068554888327	0.4406492933410362	0.05942538422722643	0.09247212382008574	0.044446768972377586	0.18305476046679603	0.060961736048033136	-0.23594792962992953	0.05752552711611991	0.13152681534230348	0.1315107511581812	0.05942538422722643	0.1508415739761885	0.138104708116675	0.12815604003584954	0.11489397052169018	0.14012728927614945	-0.10893096195800009	0.07773448979619024	0.13621964485666174	0.13140697473074492	0.09247212382008574	0.138104708116675	0.28453074938806416	0.12998220258335821	0.086977969198871	0.14121166895139348	-0.06561377435227113	0.08238248465900631	0.12183521164376054	0.12211140248280732	0.044446768972377586	0.12815604003584954	0.12998220258335821	0.16014526717627942	0.10896270981061563	0.13125134114881262	-0.12336141263730488	0.06832662007882331	0.12330415025491401	0.10811639677004475	0.18305476046679603	0.11489397052169018	0.086977969198871	0.10896270981061563	0.22011541914771707	0.11899000016386765	-0.039390564066360156	0.051091623900425646	0.13441047027894332	0.13491242087578745	0.060961736048033136	0.14012728927614945	0.14121166895139348	0.13125134114881262	0.11899000016386765	0.16706198791672053	-0.10641944948462898	0.08194678993666929	-0.12789045494667403	-0.11680443064195425	-0.23594792962992953	-0.10893096195800009	-0.06561377435227113	-0.12336141263730488	-0.039390564066360156	-0.10641944948462898	0.6514133131585037	-0.1790622761768167	0.07286074174146648	0.06977697152934267	0.05752552711611991	0.07773448979619024	0.08238248465900631	0.06832662007882331	0.051091623900425646	0.08194678993666929	-0.1790622761768167	0.2346420295936291
0.22607464633296412	0.16391838982959744	0.046940055312019995	0.16293475833757418	0.15834117687673122	0.1631106000242288	0.1505036862279635	0.1701643795146268	-0.21109910275833504	0.09207653851962913	0.16391838982959744	0.19299486426908488	0.07982655813017724	0.16285600159359928	0.14570230899736147	0.1611696914622536	0.1398072954287537	0.16817316264336474	-0.1933703660591619	0.08740157866621667	0.046940055312019995	0.07982655813017724	0.5538164223640353	0.0863645012890196	0.17643716882350294	0.0737883049661891	0.1780630298341551	0.08480457824707052	-0.39959673164214987	0.10536404101139306	0.16293475833757418	0.16285600159359928	0.0863645012890196	0.31438033950975625	0.15730939064030086	0.16116809784932884	0.14303279773239497	0.16705543141016824	-0.1747594978156421	0.09270848492834385	0.15834117687673122	0.14570230899736147	0.17643716882350294	0.15730939064030086	0.4423754396955497	0.1479340023823444	0.09369913726112329	0.15331849919409948	-0.05672069070169464	0.08917332748185636	0.1631106000242288	0.1611696914622536	0.0737883049661891	0.16116809784932884	0.1479340023823444	0.18778475039035747	0.14081917212229303	0.16770913397947734	-0.19659327011173167	0.08883260005223279	0.1505036862279635	0.1398072954287537	0.1780630298341551	0.14303279773239497	0.09369913726112329	0.14081917212229303	0.2174754533037095	0.1467999832014698	-0.13449140470447007	0.06862333564414508	0.1701643795146268	0.16817316264336474	0.08480457824707052	0.16705543141016824	0.15331849919409948	0.16770913397947734	0.1467999832014698	0.18492875993269692	-0.18552756676663917	0.09650537713585516	-0.21109910275833504	-0.1933703660591619	-0.39959673164214987	-0.1747594978156421	-0.05672069070169464	-0.19659327011173167	-0.13449140470447007	-0.18552756676663917	0.9680068877689463	-0.2822492079410588	0.09207653851962913	0.08740157866621667	0.10536404101139306	0.09270848492834385	0.08917332748185636	0.08883260005223279	0.06862333564414508	0.09650537713585516	-0.2822492079410588	0.2895426147963061
0.2624903858708009	0.1682376014345252	0.04351217735919516	0.14853050100796922	0.1694685927926562	0.17305848808539684	0.1504996393779024	0.18286059774899255	-0.2859774362920762	0.1345367448416761	0.1682376014345252	0.23788996359471362	0.07865353006892756	0.15968779964335844	0.1470829527851332	0.16400553002953813	0.12372744935564263	0.17370612641428496	-0.2692358788197463	0.12189770753254826	0.04351217735919516	0.07865353006892756	0.6526186931868203	0.1032256012607056	0.16840037033325253	0.0751331799831274	0.2317491086851467	0.08997826468575978	-0.41785951627877543	0.1058312855115833	0.14853050100796922	0.15968779964335844	0.1032256012607056	0.803651528188242	0.18497109377134868	0.14914016364990587	0.13080175601148653	0.1549373076249066	-0.18158054705567817	0.11798125064793101	0.1694685927926562	0.1470829527851332	0.16840037033325253	0.18497109377134868	0.5003281650887499	0.15629928858974343	0.0637808443671899	0.16296563366525726	-0.09266288501461381	0.12517271312948927	0.17305848808539684	0.16400553002953813	0.0751331799831274	0.14914016364990587	0.15629928858974343	0.21001935282125653	0.1321920654713183	0.1792519751981279	-0.2673600888269358	0.1303378037177073	0.1504996393779024	0.12372744935564263	0.2317491086851467	0.13080175601148653	0.0637808443671899	0.1321920654713183	0.250338001123007	0.13924765057873395	-0.15954211626124928	0.0916159522238641	0.18286059774899255	0.17370612641428496	0.08997826468575978	0.1549373076249066	0.16296563366525726	0.1792519751981279	0.13924765057873395	0.195627348870537	-0.252217397661354	0.1399393060155431	-0.2859774362920762	-0.2692358788197463	-0.41785951627877543	-0.18158054705567817	-0.09266288501461381	-0.2673600888269358	-0.15954211626124928	-0.252217397661354	1.1464111915335773	-0.3121546344742059	0.1345367448416761	0.12189770753254826	0.1058312855115833	0.11798125064793101	0.12517271312948927	0.1303378037177073	0.0916159522238641	0.1399393060155431	-0.3121546344742059	0.2594425610418717
0.18910432743524733	0.15405392823981084	0.06534071747130402	0.15473642876804958	0.1534632281798039	0.15432775138253266	0.13384072611110231	0.16280701677080542	-0.2107683262397368	0.11789640857767379	0.15405392823981084	0.19194208672140395	0.07592673317786186	0.152090304308224	0.1434745807782206	0.1486899107926473	0.12215920317014262	0.15736515101908938	-0.20827228785819574	0.11042460119082059	0.06534071747130402	0.07592673317786186	0.5433092662465542	0.08426186816820794	0.14676894958478856	0.06949237592946916	0.20279383556686717	0.08264631954416982	-0.38205822045211	0.09159741629225204	0.15473642876804958	0.152090304308224	0.08426186816820794	0.34025296945713224	0.15576311121830697	0.15022002301136972	0.12922376043521572	0.1573733168085833	-0.18422099592836697	0.1155032969769115	0.1534632281798039	0.1434745807782206	0.14676894958478856	0.15576311121830697	0.3870297903522324	0.14651288547178948	0.08473397619062806	0.15337158610446552	-0.0966036965041607	0.11428074935630977	0.15432775138253266	0.1486899107926473	0.06949237592946916	0.15022002301136972	0.14651288547178948	0.18247899089679934	0.12510263398742957	0.15771101104714047	-0.21112542979033072	0.11242202501658555	0.13384072611110231	0.12215920317014262	0.20279383556686717	0.12922376043521572	0.08473397619062806	0.12510263398742957	0.22085872313497806	0.1319012122352495	-0.12368394706874539	0.08634043490551158	0.16280701677080542	0.15736515101908938	0.08264631954416982	0.1573733168085833	0.15337158610446552	0.15771101104714047	0.1319012122352495	0.17664252298242333	-0.19759075733423156	0.12124562634021005	-0.2107683262397368	-0.20827228785819574	-0.38205822045211	-0.18422099592836697	-0.0966036965041607	-0.21112542979033072	-0.12368394706874539	-0.19759075733423156	0.9338554273833996	-0.25313553134415523	0.11789640857767379	0.11042460119082059	0.09159741629225204	0.1155032969769115	0.11428074935630977	0.11242202501658555	0.08634043490551158	0.12124562634021005	-0.25313553134415523	0.2314265252326864
0.1347016095316873	-0.07403305573653876	0.09503968401241346	0.07586064764524406	0.1686788505223278	0.027232874826777276	0.11465542003644615	0.10894665376879933	0.05952289750453468	0.10516534206181424	-0.07403305573653876	0.8369083935485722	-0.07420321867121712	0.06369259268735443	-0.053221679923219876	-0.1616574399688572	-0.07352306420106963	0.049158253927550154	-0.11768595754484787	-0.07401657058950019	0.09503968401241346	-0.07420321867121712	0.15261348753638468	0.07670023920510484	0.1710423954217135	0.023179518802250804	0.11490747170219771	0.10616255125053081	0.0575469098199841	0.1030667514325486	0.07586064764524406	0.06369259268735443	0.07670023920510484	0.6002838976820143	0.15768344805748838	0.017546558558964045	0.0823861877591087	0.06454813402506573	0.04494857710663645	0.0796190451851928	0.1686788505223278	-0.053221679923219876	0.1710423954217135	0.15768344805748838	0.5590445548333995	0.14519213316904406	0.10055388706978763	0.17599777441440217	0.14714519698025608	0.15479223609826354	0.027232874826777276	-0.1616574399688572	0.023179518802250804	0.017546558558964045	0.14519213316904406	0.2537250411962053	0.057626452206423526	0.044316978773847465	-0.012550348327315539	0.03812974086527367	0.11465542003644615	-0.07352306420106963	0.11490747170219771	0.0823861877591087	0.10055388706978763	0.057626452206423526	0.16738609485267078	0.12508391275858588	0.0777373256006044	0.11362186317708889	0.10894665376879933	0.049158253927550154	0.10616255125053081	0.06454813402506573	0.17599777441440217	0.044316978773847465	0.12508391275858588	0.3187128631131094	0.07137436928117438	0.11582886883751475	0.05952289750453468	-0.11768595754484787	0.0575469098199841	0.04494857710663645	0.14714519698025608	-0.012550348327315539	0.0777373256006044	0.07137436928117438	0.21206072978852292	0.06676761706461758	0.10516534206181424	-0.07401657058950019	0.1030667514325486	0.0796190451851928	0.15479223609826354	0.03812974086527367	0.11362186317708889	0.11582886883751475	0.06676761706461758	0.11809285340382775
0.16194712289450663	0.0067994017909757745	0.13111964063179796	0.09063766517607708	0.16235265701116763	0.12307053441885243	0.14835843403275617	0.15928622329231706	-0.1228298980992818	0.14671226581087157	0.0067994017909757745	0.6925743370547611	0.0006038652509310315	0.16948863281473198	-0.012466191136244285	-0.0239514793428431	0.004118492143201207	0.08439712806728064	-0.26728905532970004	0.0012789771739693079	0.13111964063179796	0.0006038652509310315	0.24847523417543407	0.09674527316090942	0.2353899978489015	0.10293067088514662	0.1383381615497295	0.14031829750285882	-0.14634317329231417	0.1326658665371559	0.09063766517607708	0.16948863281473198	0.09674527316090942	1.011201537301188	0.2138665110520116	0.07373956208866178	0.08688419178373269	0.06472642916633022	-0.060273524541725326	0.0874854125447241	0.16235265701116763	-0.012466191136244285	0.2353899978489015	0.2138665110520116	0.7263842514563794	0.1655051270204442	0.11544239272273987	0.1830989819035514	0.2560300911648812	0.14813700218036496	0.12307053441885243	-0.0239514793428431	0.10293067088514662	0.07373956208866178	0.1655051270204442	0.216838940415838	0.12438927772987962	0.13549672275802294	-0.1543513001454856	0.12188505282246628	0.14835843403275617	0.004118492143201207	0.1383381615497295	0.08688419178373269	0.11544239272273987	0.12438927772987962	0.17017968204164313	0.1603270887109888	-0.11032412775171377	0.14555625571167052	0.15928622329231706	0.08439712806728064	0.14031829750285882	0.06472642916633022	0.1830989819035514	0.13549672275802294	0.1603270887109888	0.33224163243632776	-0.11061988157469446	0.1582673334425145	-0.1228298980992818	-0.26728905532970004	-0.14634317329231417	-0.060273524541725326	0.2560300911648812	-0.1543513001454856	-0.11032412775171377	-0.11061988157469446	0.790769642559773	-0.12149154414230445	0.14671226581087157	0.0012789771739693079	0.1326658665371559	0.0874854125447241	0.14813700218036496	0.12188505282246628	0.14555625571167052	0.1582673334425145	-0.12149154414230445	0.16038223532215456
0.15686365432532814	-0.019246319617903598	0.12193594306342617	0.08188222293016584	0.1745079460025828	0.10868718250636553	0.1381568675346474	0.14737247858742467	-0.08081777565023077	0.13677260836480676	-0.019246319617903598	0.7488652837317654	-0.02323615517739476	0.1648860234585282	-0.01999973948229782	-0.052827802079393804	-0.021436098175108616	0.0781382905158816	-0.23702755454689067	-0.022147432285618378	0.12193594306342617	-0.02323615517739476	0.21800577678269573	0.08577221632536589	0.21885782843632212	0.09324717903806329	0.1316338994544729	0.1328568706437775	-0.09794783694701668	0.12588208107215562	0.08188222293016584	0.1648860234585282	0.08577221632536589	0.9929695766450125	0.20267013436696482	0.0630443803571216	0.07897016594982095	0.05345127178132682	-0.04419526875107502	0.08060930745984828	0.1745079460025828	-0.01999973948229782	0.21885782843632212	0.20267013436696482	0.6880643530266732	0.17128265283326383	0.11905161439677286	0.19215943444738953	0.2162707243980127	0.1578239802695846	0.10868718250636553	-0.052827802079393804	0.09324717903806329	0.0630443803571216	0.17128265283326383	0.21039842041985865	0.1128940253306453	0.12252109767818276	-0.11270265298901355	0.11046884586173286	0.1381568675346474	-0.021436098175108616	0.1316338994544729	0.07897016594982095	0.11905161439677286	0.1128940253306453	0.16511758626056156	0.151110110837789	-0.06401354081095684	0.13723525988936855	0.14737247858742467	0.0781382905158816	0.1328568706437775	0.05345127178132682	0.19215943444738953	0.12252109767818276	0.151110110837789	0.3473442551439839	-0.06704045933074959	0.14908353730883345	-0.08081777565023077	-0.23702755454689067	-0.09794783694701668	-0.04419526875107502	0.2162707243980127	-0.11270265298901355	-0.06401354081095684	-0.06704045933074959	0.6364825881035802	-0.07573716536059864	0.13677260836480676	-0.022147432285618378	0.12588208107215562	0.08060930745984828	0.1578239802695846	0.11046884586173286	0.13723525988936855	0.14908353730883345	-0.07573716536059864	0.14755710244013504
0.15705692220044382	0.0056093888684688314	0.1338126315818195	0.11701653252382024	0.16671096485811562	0.08102638244269263	0.13936287744353376	0.1445515819959409	-0.08405544092386275	0.13712279009122783	0.0056093888684688314	0.6635970484257628	0.004868609589480855	0.07604288061101623	-0.007921739072410608	-0.059588785374276296	0.0006303224425407788	0.06911446125288129	-0.21985765089166814	0.0022978957188993206	0.1338126315818195	0.004868609589480855	0.16895880816906095	0.11666560516598251	0.1697117668392147	0.0780386499238723	0.13895495384913167	0.14249019334816887	-0.08561415394583137	0.13553741806424188	0.11701653252382024	0.07604288061101623	0.11666560516598251	0.48969640849731155	0.1652690325917078	0.06977884992337766	0.11688442638526625	0.11367708135888585	-0.06630053227244209	0.11700870857407074	0.16671096485811562	-0.007921739072410608	0.1697117668392147	0.1652690325917078	0.5535412441082598	0.15699915952860416	0.11019088463506183	0.1757276595674329	0.1370995904465629	0.15418833082979663	0.08102638244269263	-0.059588785374276296	0.0780386499238723	0.06977884992337766	0.15699915952860416	0.2654986105368865	0.09310279113683882	0.09295160757855736	-0.1594576182447625	0.08447829207640703	0.13936287744353376	0.0006303224425407788	0.13895495384913167	0.11688442638526625	0.11019088463506183	0.09310279113683882	0.17450526181857343	0.14828159822397313	-0.052096177537748124	0.13697200966453904	0.1445515819959409	0.06911446125288129	0.14249019334816887	0.11367708135888585	0.1757276595674329	0.09295160757855736	0.14828159822397313	0.2781496815443594	-0.07138217335012283	0.14591156406248465	-0.08405544092386275	-0.21985765089166814	-0.08561415394583137	-0.06630053227244209	0.1370995904465629	-0.1594576182447625	-0.052096177537748124	-0.07138217335012283	0.6095463745043064	-0.07690596568285255	0.13712279009122783	0.0022978957188993206	0.13553741806424188	0.11700870857407074	0.15418833082979663	0.08447829207640703	0.13697200966453904	0.14591156406248465	-0.07690596568285255	0.1487565095164205
0.2071853998862958	0.143191004169789	0.00907341273593937	0.16322260222618365	0.16513157113695798	0.16067406790904404	0.11911032752334066	0.16601644318972844	-0.1803200959056947	0.09745001892187176	0.143191004169789	0.2567124712348022	0.010916427403607615	0.14799966422417957	0.14644453847881975	0.14407498144139838	0.08317354992320874	0.15078064400367222	-0.1934977901796351	0.0738641513833797	0.00907341273593937	0.010916427403607615	0.6949097237343557	0.03167958949160334	0.046295774405128165	0.024678164618354252	0.297130004705446	0.03189510578818747	-0.2993869576198835	0.0519539192518946	0.16322260222618365	0.14799966422417957	0.03167958949160334	0.19667458211052816	0.16815289769830621	0.1646661205434603	0.10788040460073567	0.16972196643191073	-0.16481492395522698	0.10163758536935237	0.16513157113695798	0.14644453847881975	0.046295774405128165	0.16815289769830621	0.2641229977752648	0.16541385419079122	0.08275543492890991	0.1705630591560599	-0.1389142585016825	0.1054767244918965	0.16067406790904404	0.14407498144139838	0.024678164618354252	0.1646661205434603	0.16541385419079122	0.17906673519858174	0.10547876299541234	0.167473347366081	-0.17213705785850197	0.09852983423475195	0.11911032752334066	0.08317354992320874	0.297130004705446	0.10788040460073567	0.08275543492890991	0.10547876299541234	0.2811393420352151	0.11029300249637071	-0.03963173912108405	0.04597191628119261	0.16601644318972844	0.15078064400367222	0.03189510578818747	0.16972196643191073	0.1705630591560599	0.167473347366081	0.11029300249637071	0.18843742746520933	-0.1643826750001644	0.10483641170037054	-0.1803200959056947	-0.1934977901796351	-0.2993869576198835	-0.16481492395522698	-0.1389142585016825	-0.17213705785850197	-0.03963173912108405	-0.1643826750001644	0.8612793545116737	-0.24917606422254962	0.09745001892187176	0.0738641513833797	0.0519539192518946	0.10163758536935237	0.1054767244918965	0.09852983423475195	0.04597191628119261	0.10483641170037054	-0.24917606422254962	0.27075190262750354
0.17902450080165208	0.12715293158280014	0.024769793118200854	0.1561657909665893	0.1576746620255366	0.15135753676481664	0.11248598975256607	0.1589208637256082	-0.16287996089943807	0.10834506407663773	0.12715293158280014	0.2768250484948854	0.009887073550543286	0.12992853822364006	0.1283420713709348	0.12337789665192081	0.0732813341263134	0.13322547834054888	-0.1925583279617613	0.07366328518100333	0.024769793118200854	0.009887073550543286	0.6489056370223943	0.03691442235462908	0.05175044897630658	0.02711289748487665	0.28362506822230854	0.03753296072202635	-0.2890830767229754	0.04986792991554228	0.1561657909665893	0.12992853822364006	0.03691442235462908	0.18219467553936503	0.15894409036130164	0.15305147479884865	0.10714563856228677	0.16033885610443344	-0.15441379068221184	0.11011578575158938	0.1576746620255366	0.1283420713709348	0.05175044897630658	0.15894409036130164	0.244267668331169	0.15419702048518555	0.0861236833352682	0.16146485974018948	-0.1309254565506052	0.11314435993577669	0.15135753676481664	0.12337789665192081	0.02711289748487665	0.15305147479884865	0.15419702048518555	0.17401873013557367	0.10389489798939527	0.1558397137974616	-0.1640964304546636	0.10497359823518394	0.11248598975256607	0.0732813341263134	0.28362506822230854	0.10714563856228677	0.0861236833352682	0.10389489798939527	0.26643387698056553	0.11009308553461766	-0.038746832737564026	0.06117875071439257	0.1589208637256082	0.13322547834054888	0.03753296072202635	0.16033885610443344	0.16146485974018948	0.1558397137974616	0.11009308553461766	0.181254423737222	-0.15324118020148658	0.1133437950702501	-0.16287996089943807	-0.1925583279617613	-0.2890830767229754	-0.15441379068221184	-0.1309254565506052	-0.1640964304546636	-0.038746832737564026	-0.15324118020148658	0.805361027529413	-0.21547482044863714	0.10834506407663773	0.07366328518100333	0.04986792991554228	0.11011578575158938	0.11314435993577669	0.10497359823518394	0.06117875071439257	0.1133437950702501	-0.21547482044863714	0.23544988432195935
0.19272483248074776	0.11255435380935883	-0.0686929638053843	0.11992705732081177	0.13214774945838312	0.11640980079045025	0.10785327053449771	0.1222308788537426	-0.016609348010486795	0.012245284906741058	0.11255435380935883	0.165756676762386	-0.03166750816230853	0.1216490234419317	0.12521660623097916	0.11760090550550659	0.08428388819269216	0.12370437902790302	-0.009827945409331556	0.009071132198016989	-0.0686929638053843	-0.03166750816230853	0.6538101950829939	-0.021028481673185034	0.04012728293976465	-0.03049138048340592	0.23477282496614477	-0.022203859916537765	-0.16378072269707925	0.014545433436788435	0.11992705732081177	0.1216490234419317	-0.021028481673185034	0.16584723382754285	0.13533349981570592	0.1253807097466321	0.09416105911642536	0.13077279452620527	0.0002759098274523319	0.02220832421718343	0.13214774945838312	0.12521660623097916	0.04012728293976465	0.13533349981570592	0.3743277872670052	0.13114642625284062	0.044637117903816886	0.13630206263621197	0.03442805912266604	0.04232668883611262	0.11640980079045025	0.11760090550550659	-0.03049138048340592	0.1253807097466321	0.13114642625284062	0.14059262257327748	0.0909458168590014	0.12766668693306332	-0.005448452950909149	0.017396425192197206	0.10785327053449771	0.08428388819269216	0.23477282496614477	0.09416105911642536	0.044637117903816886	0.0909458168590014	0.26561278439961133	0.09577078480962091	0.02215086439765622	-0.003842009527135254	0.1222308788537426	0.12370437902790302	-0.022203859916537765	0.13077279452620527	0.13630206263621197	0.12766668693306332	0.09577078480962091	0.1458888435996893	0.001169658559766194	0.024461849449205788	-0.016609348010486795	-0.009827945409331556	-0.16378072269707925	0.0002759098274523319	0.03442805912266604	-0.005448452950909149	0.02215086439765622	0.001169658559766194	0.4126524796976786	-0.11780873116145363	0.012245284906741058	0.009071132198016989	0.014545433436788435	0.02220832421718343	0.04232668883611262	0.017396425192197206	-0.003842009527135254	0.024461849449205788	-0.11780873116145363	0.27398531469917825
0.2703982073581879	0.18859144612119244	-0.0017325475432529984	0.1804613128269708	0.1707534997825547	0.19019562000955728	0.16264545946373177	0.19434596818711836	-0.2029920907717593	0.04808725922174951	0.18859144612119244	0.2178756390181103	0.04069542967688524	0.1844271240007872	0.15058514534230288	0.19174502696287343	0.1490177084526786	0.19619348618991458	-0.1835240411522636	0.04566032078903593	-0.0017325475432529984	0.04069542967688524	0.6943015136386056	0.0573109141878034	0.21136671702404117	0.04084483826308361	0.20046097019032919	0.04651029946918936	-0.36964588440822105	0.11087397556180738	0.1804613128269708	0.1844271240007872	0.0573109141878034	0.40561016044876697	0.176154463508955	0.18440227710515086	0.14787162033567453	0.1867184238552977	-0.1547741064601961	0.053048987944640816	0.1707534997825547	0.15058514534230288	0.21136671702404117	0.176154463508955	0.7384304831590401	0.15487288380096056	0.023899957815418794	0.15918706967865484	0.04251503677381353	0.06959779341212008	0.19019562000955728	0.19174502696287343	0.04084483826308361	0.18440227710515086	0.15487288380096056	0.20491342085808245	0.1516007405630363	0.19778389537654414	-0.1816570243603854	0.05042840847921974	0.16264545946373177	0.1490177084526786	0.20046097019032919	0.14787162033567453	0.023899957815418794	0.1516007405630363	0.27895681159414787	0.15604727580303476	-0.11906687194015811	0.013427665358571947	0.19434596818711836	0.19619348618991458	0.04651029946918936	0.1867184238552977	0.15918706967865484	0.19778389537654414	0.15604727580303476	0.2206410540770618	-0.17544566463988814	0.05711555641165473	-0.2029920907717593	-0.1835240411522636	-0.36964588440822105	-0.1547741064601961	0.04251503677381353	-0.1816570243603854	-0.11906687194015811	-0.17544566463988814	1.0623908715481245	-0.345014328939494	0.04808725922174951	0.04566032078903593	0.11087397556180738	0.053048987944640816	0.06959779341212008	0.05042840847921974	0.013427665358571947	0.05711555641165473	-0.345014328939494	0.40388271525063135
0.12942432282044108	0.08050434403456899	0.07177115009520178	0.10436540434197233	0.12493712925034325	0.10151458120523263	0.10982449452381736	0.11295242708783779	-0.1084151402063142	0.10313734310594136	0.08050434403456899	0.22231120250039052	0.05421488444951382	0.09286007583453608	0.08612514040684077	0.07295707376237033	0.07753702318479669	0.08606633063631702	-0.13241606132336026	0.07308384013015169	0.07177115009520178	0.05421488444951382	0.2588275732529884	0.07954642569253022	0.1548308137754805	0.06762139343201799	0.10984793688857511	0.0822662686811415	-0.18153147113267654	0.07865663734937177	0.10436540434197233	0.09286007583453608	0.07954642569253022	0.39402305705879903	0.13282345959176042	0.09850048611664139	0.10517362521217867	0.10730346764335857	-0.08670217787538273	0.09946400446646476	0.12493712925034325	0.08612514040684077	0.1548308137754805	0.13282345959176042	0.39789286815581565	0.11653436211323018	0.08766771381077186	0.1237641816242681	0.019893035159148184	0.11278651074981026	0.10151458120523263	0.07295707376237033	0.06762139343201799	0.09850048611664139	0.11653436211323018	0.13483105515995855	0.1020157925967016	0.10630659475417892	-0.11353251954413153	0.0962600773650628	0.10982449452381736	0.07753702318479669	0.10984793688857511	0.10517362521217867	0.08766771381077186	0.1020157925967016	0.15125691563825888	0.11182139196460143	-0.0701322436625416	0.10046858481034032	0.11295242708783779	0.08606633063631702	0.0822662686811415	0.10730346764335857	0.1237641816242681	0.10630659475417892	0.11182139196460143	0.13246238952189127	-0.09752773503946219	0.10742262938348145	-0.1084151402063142	-0.13241606132336026	-0.18153147113267654	-0.08670217787538273	0.019893035159148184	-0.11353251954413153	-0.0701322436625416	-0.09752773503946219	0.5331834948638474	-0.10722703702104291	0.10313734310594136	0.07308384013015169	0.07865663734937177	0.09946400446646476	0.11278651074981026	0.0962600773650628	0.10046858481034032	0.10742262938348145	-0.10722703702104291	0.12970239290441274
0.16171593611302962	0.07616756780409605	0.07695264237758447	0.13276243689907186	0.14496423621278498	0.1456572447001642	0.13281692574811862	0.15312962762703478	-0.15381365192485497	0.13406739860757308	0.07616756780409605	0.4153117082866626	0.02606534249302932	0.10943031003422493	0.06327516907352619	0.07070652280172558	0.054984775905155124	0.08464891842761446	-0.234402213953877	0.05405664884360567	0.07695264237758447	0.02606534249302932	0.47140015942218655	0.0810281080674974	0.1735302058946474	0.07432048146260287	0.17248671026377047	0.08436737798372816	-0.3249185075183933	0.08776025475494126	0.13276243689907186	0.10943031003422493	0.0810281080674974	0.48854965442896564	0.14842969058487615	0.12895882077855875	0.12088023507716258	0.13313365294879664	-0.13430846350948103	0.11816932199320981	0.14496423621278498	0.06327516907352619	0.1735302058946474	0.14842969058487615	0.4107223033047752	0.14044123212935375	0.09376713056314963	0.14687935915205028	-0.036729642127795045	0.12988139598234832	0.1456572447001642	0.07070652280172558	0.07432048146260287	0.12895882077855875	0.14044123212935375	0.16611350645042006	0.12790100411093402	0.1487980357941688	-0.1579520125723452	0.12960080677763572	0.13281692574811862	0.054984775905155124	0.17248671026377047	0.12088023507716258	0.09376713056314963	0.12790100411093402	0.20054827926455396	0.13494485773725168	-0.1014516505501577	0.11484013687593858	0.15312962762703478	0.08464891842761446	0.08436737798372816	0.13313365294879664	0.14687935915205028	0.1487980357941688	0.13494485773725168	0.18007447468191967	-0.14710175394410183	0.13735948438063367	-0.15381365192485497	-0.234402213953877	-0.3249185075183933	-0.13430846350948103	-0.036729642127795045	-0.1579520125723452	-0.1014516505501577	-0.14710175394410183	0.7932443630728192	-0.16910525759507558	0.13406739860757308	0.05405664884360567	0.08776025475494126	0.11816932199320981	0.12988139598234832	0.12960080677763572	0.11484013687593858	0.13735948438063367	-0.16910525759507558	0.18131754537892875
