0.8533387336202406	0.3143697360327872	-0.15573871087427457	0.31297120566409853	0.27729147452059755	0.20193673534608111	0.429792512467294	0.305945650726425	-0.24479788552124296	-0.2319074331831115	0.3143697360327872	0.45179382377227006	-0.05998583138616137	0.4415992602368422	0.382758084860214	0.34408255560021744	0.16529245873403536	0.4308180026925256	-0.1436949731184994	-0.17001818929862092	-0.15573871087427457	-0.05998583138616137	1.107416565327258	-0.056787792896644734	-0.0759207936354699	-0.16805447957324976	0.39097227023536707	-0.027104667389377238	-0.32928916861596946	0.2525411818725811	0.31297120566409853	0.4415992602368422	-0.056787792896644734	0.4541231065634249	0.38384878072641726	0.34306765750906265	0.16538444652268558	0.4279039688402089	-0.14130022953535426	-0.16527212544195538	0.27729147452059755	0.382758084860214	-0.0759207936354699	0.38384878072641726	1.1981901867368603	0.30575867639493787	-0.20932799577075936	0.38238918146987844	-0.0017195438239540981	0.020451552457501136	0.20193673534608111	0.34408255560021744	-0.16805447957324976	0.34306765750906265	0.30575867639493787	0.6822912964927383	0.1352253402207214	0.3400665426781893	-0.26045361776348286	-0.2779310538604825	0.429792512467294	0.16529245873403536	0.39097227023536707	0.16538444652268558	-0.20932799577075936	0.1352253402207214	0.7266386759960852	0.18179646673668498	0.06149056248536408	-0.35565005308209735	0.305945650726425	0.4308180026925256	-0.027104667389377238	0.4279039688402089	0.38238918146987844	0.3400665426781893	0.18179646673668498	0.5520297546470818	-0.13396208928127606	-0.10357138593812071	-0.24479788552124296	-0.1436949731184994	-0.32928916861596946	-0.14130022953535426	-0.0017195438239540981	-0.26045361776348286	0.06149056248536408	-0.13396208928127606	1.7053965827173148	-0.8239898283642041	-0.2319074331831115	-0.17001818929862092	0.2525411818725811	-0.16527212544195538	0.020451552457501136	-0.2779310538604825	-0.35565005308209735	-0.10357138593812071	-0.8239898283642041	1.292183250297646
0.9307362728746921	0.3049560895384299	-0.20688884219946402	0.30333107090657047	0.28761942008457236	0.0794681700450871	0.41451457857034657	0.2933260294730545	-0.2151805976476943	-0.16500098676942762	0.3049560895384299	0.43262244868617383	-0.06272505758204348	0.4231307864030379	0.3558741643632942	0.2381026866807897	0.14600430731037378	0.41075746814790404	-0.09443803145261478	-0.10056242494678828	-0.20688884219946402	-0.06272505758204348	1.2583760718785797	-0.05940180761118774	-0.059185969904039945	-0.28468584289421806	0.3999381155231414	-0.01818786215719543	-0.2891874079413206	0.29314950391919575	0.30333107090657047	0.4231307864030379	-0.05940180761118774	0.43781194897576226	0.35731815968525965	0.2376595891592957	0.14606959871537709	0.4071083922569764	-0.09215357655901787	-0.09699685592107739	0.28761942008457236	0.3558741643632942	-0.059185969904039945	0.35731815968525965	1.227260317692623	0.22393147195372037	-0.216359497593184	0.360638656731869	0.06257174310085199	0.06142252940147577	0.0794681700450871	0.2381026866807897	-0.28468584289421806	0.2376595891592957	0.22393147195372037	0.8957283835182195	0.07014360839383499	0.247339154089235	-0.3200733651322514	-0.304184871982391	0.41451457857034657	0.14600430731037378	0.3999381155231414	0.14606959871537709	-0.216359497593184	0.07014360839383499	0.6835128420605733	0.17178658436592364	0.012798141921431944	-0.25312004264506727	0.2933260294730545	0.41075746814790404	-0.01818786215719543	0.4071083922569764	0.360638656731869	0.247339154089235	0.17178658436592364	0.5889961640399827	-0.08107101104237195	-0.021788952007139015	-0.2151805976476943	-0.09443803145261478	-0.2891874079413206	-0.09215357655901787	0.06257174310085199	-0.3200733651322514	0.012798141921431944	-0.08107101104237195	1.5402817594201572	-0.6391436626986858	-0.16500098676942762	-0.10056242494678828	0.29314950391919575	-0.09699685592107739	0.06142252940147577	-0.304184871982391	-0.25312004264506727	-0.021788952007139015	-0.6391436626986858	1.1040675707501606
0.5186685961419067	0.1424175655813527	-0.13935269565353176	0.14190803029876858	0.19331263433935403	0.13461493579472394	0.2055489741823036	0.1461416752749603	-0.234018529940209	0.003462263981779114	0.1424175655813527	0.19509035813178188	0.04886945369170459	0.18581930286321366	0.16832369837023234	0.18047838775428746	0.12530372526149666	0.19126044351350024	-0.12218874923080114	0.03637270705366958	-0.13935269565353176	0.04886945369170459	0.7174833183563692	0.052207344503801	0.11362853582999358	0.04057874780344495	0.20810873342048353	0.05522699370361603	-0.2404172496165789	0.08710062937377101	0.14190803029876858	0.18581930286321366	0.052207344503801	0.2207109701740583	0.1717072045687181	0.18040304608562838	0.12645829148929907	0.19028305306132376	-0.11771937394793955	0.0389411622164406	0.19331263433935403	0.16832369837023234	0.11362853582999358	0.1717072045687181	0.6326055438087432	0.16535145623361067	0.019891080458969992	0.1759683479006131	-0.004947724462362711	0.0623446230480139	0.13461493579472394	0.18047838775428746	0.04057874780344495	0.18040304608562838	0.16535145623361067	0.20628445126091893	0.12221488276262955	0.18581297186740836	-0.1295434197233685	0.03168872051333136	0.2055489741823036	0.12530372526149666	0.20810873342048353	0.12645829148929907	0.019891080458969992	0.12221488276262955	0.3182903693739861	0.13341297743937056	-0.06508827003694123	-0.020318739378461695	0.1461416752749603	0.19126044351350024	0.05522699370361603	0.19028305306132376	0.1759683479006131	0.18581297186740836	0.13341297743937056	0.23860301935418224	-0.11423101100492405	0.04856721810061927	-0.234018529940209	-0.12218874923080114	-0.2404172496165789	-0.11771937394793955	-0.004947724462362711	-0.1295434197233685	-0.06508827003694123	-0.11423101100492405	0.909158034870807	-0.2948912394288949	0.003462263981779114	0.03637270705366958	0.08710062937377101	0.0389411622164406	0.0623446230480139	0.03168872051333136	-0.020318739378461695	0.04856721810061927	-0.2948912394288949	0.4085988318130073
0.667979951106482	0.19483081253166779	-0.13237506538064972	0.1539973837462435	0.24790042395009768	0.1916635192539984	0.2514960279630166	0.19762489463902366	-0.44205030739320506	0.04878137165280988	0.19483081253166779	0.24871931678265602	0.091311313306635	0.19989933467683582	0.16995426716865825	0.23209521887357398	0.1647006614554134	0.237204487042867	-0.271879672276769	0.06928533676166321	-0.13237506538064972	0.091311313306635	0.7714158992685455	0.11820457025613114	0.15936712916144324	0.08840386377022633	0.20956903362030077	0.09512235230223626	-0.36375580384749795	0.13997294102297692	0.1539973837462435	0.19989933467683582	0.11820457025613114	0.7694027912257626	0.22159289450285008	0.19635428078430803	0.1480327213445685	0.19734153653226616	-0.17831605381591073	0.06877941537533226	0.24790042395009768	0.16995426716865825	0.15936712916144324	0.22159289450285008	0.811196292316265	0.17064959289548157	0.0071342806160730275	0.1746753951565707	-0.0078084244474011105	0.07614411917539073	0.1916635192539984	0.23209521887357398	0.08840386377022633	0.19635428078430803	0.17064959289548157	0.24849794014144383	0.16427678683925423	0.23575092019726887	-0.2745058030381071	0.0695976787502822	0.2514960279630166	0.1647006614554134	0.20956903362030077	0.1480327213445685	0.0071342806160730275	0.16427678683925423	0.3392570290057543	0.16903415902229693	-0.1857056301655071	0.002839278218139069	0.19762489463902366	0.237204487042867	0.09512235230223626	0.19734153653226616	0.1746753951565707	0.23575092019726887	0.16903415902229693	0.2549719681833297	-0.26694087710745895	0.07676671863311745	-0.44205030739320506	-0.271879672276769	-0.36375580384749795	-0.17831605381591073	-0.0078084244474011105	-0.2745058030381071	-0.1857056301655071	-0.26694087710745895	1.4489738323509513	-0.4633750265063898	0.04878137165280988	0.06928533676166321	0.13997294102297692	0.06877941537533226	0.07614411917539073	0.0695976787502822	0.002839278218139069	0.07676671863311745	-0.4633750265063898	0.4820280096323791
0.606931698828856	0.18191347879319497	-0.11194614273857674	0.18073477434827218	0.2041120948115167	0.1657258178141632	0.28689647844669836	0.1837340176216375	-0.25271603317574787	-0.06786029267821941	0.18191347879319497	0.259975450450866	0.032935403224031684	0.24999079410284275	0.23219473126636775	0.2383725568781867	0.13577991353172603	0.2534387076084691	-0.14205795191777154	-0.021395022530973692	-0.11194614273857674	0.032935403224031684	0.7918768736249002	0.03660153676231188	0.05682774409045748	0.016951224144040836	0.2792688337646761	0.038462213424125063	-0.26521080645723105	0.10115043821575602	0.18073477434827218	0.24999079410284275	0.03660153676231188	0.28277973150987556	0.2341719502227411	0.23729340332694335	0.13688054739917968	0.2516772545470359	-0.1374902951179295	-0.01782981823686562	0.2041120948115167	0.23219473126636775	0.05682774409045748	0.2341719502227411	0.6947621763713535	0.22267494691695897	-0.016917504645211093	0.23588492422181948	-0.037550372780641696	0.03302101571047072	0.1657258178141632	0.2383725568781867	0.016951224144040836	0.23729340332694335	0.22267494691695897	0.2877168636009115	0.13037736737350505	0.24078162217667656	-0.15846156182449916	-0.033559464916977186	0.28689647844669836	0.13577991353172603	0.2792688337646761	0.13688054739917968	-0.016917504645211093	0.13037736737350505	0.4502654104303606	0.14126090827762042	-0.019103119579268815	-0.1281721455829125	0.1837340176216375	0.2534387076084691	0.038462213424125063	0.2516772545470359	0.23588492422181948	0.24078162217667656	0.14126090827762042	0.2830177519334734	-0.13707312100068658	-0.010295122942897788	-0.25271603317574787	-0.14205795191777154	-0.26521080645723105	-0.1374902951179295	-0.037550372780641696	-0.15846156182449916	-0.019103119579268815	-0.13707312100068658	1.1509201937419529	-0.46753900644986457	-0.06786029267821941	-0.021395022530973692	0.10115043821575602	-0.01782981823686562	0.03302101571047072	-0.033559464916977186	-0.1281721455829125	-0.010295122942897788	-0.46753900644986457	0.6578422682410331
0.2838097673224868	0.1584362838285887	0.012550729835748632	0.16013993410495977	0.1663444051542249	0.15520535446844821	0.15948220854783943	0.1633531364286966	-0.2144154822235469	0.060306827154786406	0.1584362838285887	0.19735678418477368	0.06050922685678881	0.1731696058930723	0.1720180033557244	0.16826241234166436	0.11894529825528406	0.1760387388978078	-0.17762713841240665	0.06733205686206217	0.012550729835748632	0.06050922685678881	0.5798498985212511	0.06620310187366397	0.08209681629425347	0.05560030527969743	0.24689169178773784	0.06574793173366623	-0.2788233204431736	0.06970036904923137	0.16013993410495977	0.1731696058930723	0.06620310187366397	0.22839288819093023	0.17583558874282532	0.17045386401490709	0.12430841327366143	0.1776674510521544	-0.16818339243537772	0.07324485011795752	0.1663444051542249	0.1720180033557244	0.08209681629425347	0.17583558874282532	0.32458569860721503	0.17060277639180707	0.08340076750725374	0.17764894649414825	-0.12836153994935673	0.07992605742221784	0.15520535446844821	0.16826241234166436	0.05560030527969743	0.17045386401490709	0.17060277639180707	0.19480849540840575	0.1204277845902026	0.17356301278852282	-0.18176549652214893	0.06709705547304384	0.15948220854783943	0.11894529825528406	0.24689169178773784	0.12430841327366143	0.08340076750725374	0.1204277845902026	0.28953823702769754	0.12560443759558418	-0.039891932065411605	0.013528640508854675	0.1633531364286966	0.1760387388978078	0.06574793173366623	0.1776674510521544	0.17764894649414825	0.17356301278852282	0.12560443759558418	0.19190018807712098	-0.1707454195204376	0.07594343271494729	-0.2144154822235469	-0.17762713841240665	-0.2788233204431736	-0.16818339243537772	-0.12836153994935673	-0.18176549652214893	-0.039891932065411605	-0.1707454195204376	0.9285320620209532	-0.30373827246613366	0.060306827154786406	0.06733205686206217	0.06970036904923137	0.07324485011795752	0.07992605742221784	0.06709705547304384	0.013528640508854675	0.07594343271494729	-0.30373827246613366	0.34863601424099905
0.28013938326227983	0.19851865310753378	0.044788072698873825	0.15335078069293873	0.1772214485935441	0.2041541907436525	0.17009819492195621	0.21040162069268548	-0.29909465666547147	0.10289186526316882	0.19851865310753378	0.25774392499273646	0.07385049890604783	0.16939209325629054	0.15515022200449893	0.19757834156871207	0.14806309308068488	0.20391125507641886	-0.2834959524762376	0.09024613243377796	0.044788072698873825	0.07385049890604783	0.6845163078846662	0.11213530749616818	0.19459129806545156	0.07457280799854998	0.23316503890169846	0.08358609024962557	-0.437007988858346	0.12387132392703132	0.15335078069293873	0.16939209325629054	0.11213530749616818	1.064253067080519	0.2267307218577546	0.15648527460368264	0.13725984480840128	0.15811169126885727	-0.14960697632994785	0.08611691585184499	0.1772214485935441	0.15515022200449893	0.19459129806545156	0.2267307218577546	0.6656914634605267	0.1641073452000931	0.035713105101532784	0.1679604473541329	-0.023850170919159037	0.09676695058716672	0.2041541907436525	0.19757834156871207	0.07457280799854998	0.15648527460368264	0.1641073452000931	0.2281126000331102	0.15567199535472875	0.209827775246054	-0.2799335044370726	0.10116450880385519	0.17009819492195621	0.14806309308068488	0.23316503890169846	0.13725984480840128	0.035713105101532784	0.15567199535472875	0.28427463454882174	0.16051687636082157	-0.17096738807780706	0.05411293340157959	0.21040162069268548	0.20391125507641886	0.08358609024962557	0.15811169126885727	0.1679604473541329	0.209827775246054	0.16051687636082157	0.2239170589841512	-0.27066526066110397	0.10797091634535352	-0.29909465666547147	-0.2834959524762376	-0.437007988858346	-0.14960697632994785	-0.023850170919159037	-0.2799335044370726	-0.17096738807780706	-0.27066526066110397	1.297156106351348	-0.3975503280582795	0.10289186526316882	0.09024613243377796	0.12387132392703132	0.08611691585184499	0.09676695058716672	0.10116450880385519	0.05411293340157959	0.10797091634535352	-0.3975503280582795	0.3732012888552956
0.44256299049478753	0.1471353061895499	-0.16831714634317507	0.14627896622817085	0.18342899856212957	0.12901071427078614	0.1711033514522144	0.14969978126289837	-0.1403132586785751	-0.0027019946013738055	0.1471353061895499	0.19148027642178705	-0.018179878477504477	0.18068595456219314	0.17222799625855134	0.16631165642162432	0.09841131193295104	0.18417956281694878	-0.07416635126517136	0.02912967213227967	-0.16831714634317507	-0.018179878477504477	0.9131325637254918	-0.012016342506295529	0.06710861869352322	-0.04102417741937901	0.2803840296523381	-0.01427330145777464	-0.22637244254990146	0.06802616905507473	0.14627896622817085	0.18068595456219314	-0.012016342506295529	0.2274328427127732	0.17667448362193972	0.1660369842700804	0.10048678467712147	0.18319800997133182	-0.06946395901442477	0.03228895583216156	0.18342899856212957	0.17222799625855134	0.06710861869352322	0.17667448362193972	0.6957820744334215	0.16286970138336043	-0.031862612170568835	0.17635856181000625	0.02802716880004813	0.06966948308055528	0.12901071427078614	0.16631165642162432	-0.04102417741937901	0.1660369842700804	0.16286970138336043	0.22514576859836322	0.0901494893798733	0.1695015605187753	-0.09258502734529844	0.014340463975759617	0.1711033514522144	0.09841131193295104	0.2803840296523381	0.10048678467712147	-0.031862612170568835	0.0901494893798733	0.3532720049444536	0.10293756780408046	-0.033033724430267614	-0.030331862499819465	0.14969978126289837	0.18417956281694878	-0.01427330145777464	0.18319800997133182	0.17635856181000625	0.1695015605187753	0.10293756780408046	0.2032140454529462	-0.06998878364281637	0.035441032262196866	-0.1403132586785751	-0.07416635126517136	-0.22637244254990146	-0.06946395901442477	0.02802716880004813	-0.09258502734529844	-0.033033724430267614	-0.06998878364281637	0.7538497260899759	-0.23949718460894187	-0.0027019946013738055	0.02912967213227967	0.06802616905507473	0.03228895583216156	0.06966948308055528	0.014340463975759617	-0.030331862499819465	0.035441032262196866	-0.23949718460894187	0.3792359462783183
0.4502165254591263	0.16381346487354237	-0.15393539034799933	0.16469201713707718	0.1905235288770225	0.1307925442959206	0.18733455829114248	0.16810496322260707	-0.12763134307531426	-0.025900654674907254	0.16381346487354237	0.20934108453696904	-0.013483304201286093	0.19829338494889479	0.1862208997484991	0.16991485211067442	0.11298638715975824	0.20279549075384898	-0.06181143799303305	0.003834649250715007	-0.15393539034799933	-0.013483304201286093	0.892193295307806	-0.010408629729347956	0.05739002001937599	-0.05473009098613043	0.27880326052667787	-0.00464658886961007	-0.22927644987684073	0.08729247131229065	0.16469201713707718	0.19829338494889479	-0.010408629729347956	0.21134360552738263	0.18872115375279133	0.17122233076369964	0.11486520655147542	0.20327813743795137	-0.05911013390165842	0.007391683398408518	0.1905235288770225	0.1862208997484991	0.05739002001937599	0.18872115375279133	0.6363156342144572	0.16713174779641488	-0.004442623486222203	0.19423768967151242	0.024302139959471645	0.04728597177120283	0.1307925442959206	0.16991485211067442	-0.05473009098613043	0.17122233076369964	0.16713174779641488	0.2734585689255191	0.09800732430833026	0.1761798106154593	-0.09606520298975606	-0.024230569828627133	0.18733455829114248	0.11298638715975824	0.27880326052667787	0.11486520655147542	-0.004442623486222203	0.09800732430833026	0.3616834764824577	0.12316849902998117	-0.01463897706047173	-0.05192609024826446	0.16810496322260707	0.20279549075384898	-0.00464658886961007	0.20327813743795137	0.19423768967151242	0.1761798106154593	0.12316849902998117	0.2575992602512825	-0.0535235330644005	0.019490310929824207	-0.12763134307531426	-0.06181143799303305	-0.22927644987684073	-0.05911013390165842	0.024302139959471645	-0.09606520298975606	-0.01463897706047173	-0.0535235330644005	0.7870038550509546	-0.27471670267449205	-0.025900654674907254	0.003834649250715007	0.08729247131229065	0.007391683398408518	0.04728597177120283	-0.024230569828627133	-0.05192609024826446	0.019490310929824207	-0.27471670267449205	0.45623200628504784
0.4406385942161533	0.1520562043081309	-0.1211232949439579	0.15302096177803712	0.16907788356170655	0.14577458837188462	0.1873120927444254	0.15585323438669102	-0.20939801133393873	0.013915852674020344	0.1520562043081309	0.19619231996071557	0.03218221521872474	0.1831141954502959	0.17620594880549348	0.17726380822387872	0.11814867357392787	0.18660541471845357	-0.12203741715094371	0.03986144355468556	-0.1211232949439579	0.03218221521872474	0.7438432263777272	0.03552350768827154	0.06858613385139309	0.02439143877408307	0.2369423261139073	0.037555644756858984	-0.2679498365592121	0.08003392604106632	0.15302096177803712	0.1831141954502959	0.03552350768827154	0.20367572808728382	0.17861595414187978	0.17871779313527028	0.12067355038259119	0.18753495125304867	-0.11807598444045633	0.04365050224672576	0.16907788356170655	0.17620594880549348	0.06858613385139309	0.17861595414187978	0.38672056099127844	0.1730213627691048	0.07121940830004037	0.18180272767920816	-0.06659348510715857	0.054552506175780134	0.14577458837188462	0.17726380822387872	0.02439143877408307	0.17871779313527028	0.1730213627691048	0.20316768372346627	0.11650279627462266	0.18212737304895482	-0.12847620366823143	0.036614423391696495	0.1873120927444254	0.11814867357392787	0.2369423261139073	0.12067355038259119	0.07121940830004037	0.11650279627462266	0.3022230138454957	0.12524114412858317	-0.04679000417527322	-0.010637470465126928	0.15585323438669102	0.18660541471845357	0.037555644756858984	0.18753495125304867	0.18180272767920816	0.18212737304895482	0.12524114412858317	0.21896179206121139	-0.11540317852351338	0.04979615822674255	-0.20939801133393873	-0.12203741715094371	-0.2679498365592121	-0.11807598444045633	-0.06659348510715857	-0.12847620366823143	-0.04679000417527322	-0.11540317852351338	0.8732895195838368	-0.2901817265418273	0.013915852674020344	0.03986144355468556	0.08003392604106632	0.04365050224672576	0.054552506175780134	0.036614423391696495	-0.010637470465126928	0.04979615822674255	-0.2901817265418273	0.3893563935446424
0.18539783970397908	0.10426427457693402	-0.03516468370564655	0.1091510722649424	0.1122101318870815	0.10095833582775351	0.10155220549122553	0.11220289566205191	-0.09187034468156163	0.07854422029560477	0.10426427457693402	0.14438329771548228	0.0022836967221887914	0.11375599826393946	0.11501030498726168	0.1052399888489906	0.07560768670368909	0.11636311725689806	-0.07850988438987719	0.0813073356467601	-0.03516468370564655	0.0022836967221887914	0.6188388208107815	0.01022758500647641	0.014058451711740007	-0.0062543451933468955	0.2563382500102046	0.008997128124880918	-0.1933131328966419	0.01503659643236048	0.1091510722649424	0.11375599826393946	0.01022758500647641	0.17346071156791093	0.12058873020324376	0.11070253014386455	0.0843494981040525	0.12096941169397157	-0.0692730132801889	0.08791414223141739	0.1122101318870815	0.11501030498726168	0.014058451711740007	0.12058873020324376	0.15194145667176567	0.11277191679295277	0.0762328121519661	0.12330424990241734	-0.0650880787013636	0.08998778459825732	0.10095833582775351	0.1052399888489906	-0.0062543451933468955	0.11070253014386455	0.11277191679295277	0.1412941226068546	0.07793113545845504	0.11362101129008073	-0.0826527111651346	0.07955343022014234	0.10155220549122553	0.07560768670368909	0.2563382500102046	0.0843494981040525	0.0762328121519661	0.07793113545845504	0.2460839708029675	0.08549202255557947	-0.00932059681325291	0.05320294252040603	0.11220289566205191	0.11636311725689806	0.008997128124880918	0.12096941169397157	0.12330424990241734	0.11362101129008073	0.08549202255557947	0.1379685872504391	-0.06914753822529975	0.09079012237128692	-0.09187034468156163	-0.07850988438987719	-0.1933131328966419	-0.0692730132801889	-0.0650880787013636	-0.0826527111651346	-0.00932059681325291	-0.06914753822529975	0.5116712871153984	-0.10780698510298523	0.07854422029560477	0.0813073356467601	0.01503659643236048	0.08791414223141739	0.08998778459825732	0.07955343022014234	0.05320294252040603	0.09079012237128692	-0.10780698510298523	0.1657828433631432
0.7195879584180177	0.22280413949368627	-0.23475620362056657	0.22450131806383547	0.24419219029277406	0.12803436270512092	0.3056157630773587	0.22305138847951902	-0.13451107262408168	-0.14439970980144007	0.22280413949368627	0.3267891543585182	-0.06454238348173162	0.29871249633063257	0.2660610902879669	0.2202336709769724	0.12869347539922707	0.30187596296098057	-0.031505140025318165	-0.09568295564733431	-0.23475620362056657	-0.06454238348173162	1.1347682804570247	-0.0584387403373376	-0.017029247165229612	-0.16311781403147074	0.3441385174066467	-0.016923604062316636	-0.25287676574526335	0.19979920969101217	0.22450131806383547	0.29871249633063257	-0.0584387403373376	0.3072161492171826	0.27043581845904513	0.22330112860144846	0.1316467126856991	0.30002821194301194	-0.027446142784215165	-0.08535347313661755	0.24419219029277406	0.2660610902879669	-0.017029247165229612	0.27043581845904513	0.8692895377192524	0.21255300752278825	-0.07603476125495336	0.2832388176873151	0.06495193737506214	0.011523936031445779	0.12803436270512092	0.2202336709769724	-0.16311781403147074	0.22330112860144846	0.21255300752278825	0.5032086681438885	0.0944732760375875	0.23350909906187955	-0.12261746994065925	-0.17269163441183796	0.3056157630773587	0.12869347539922707	0.3441385174066467	0.1316467126856991	-0.07603476125495336	0.0944732760375875	0.5226368822134205	0.16314439645666517	0.01749534332813632	-0.16475648522863764	0.22305138847951902	0.30187596296098057	-0.016923604062316636	0.30002821194301194	0.2832388176873151	0.23350909906187955	0.16314439645666517	0.514371649277109	-0.01137443297184251	-0.012435525641084098	-0.13451107262408168	-0.031505140025318165	-0.25287676574526335	-0.027446142784215165	0.06495193737506214	-0.12261746994065925	0.01749534332813632	-0.01137443297184251	1.0367120800736416	-0.4420144209975028	-0.14439970980144007	-0.09568295564733431	0.19979920969101217	-0.08535347313661755	0.011523936031445779	-0.17269163441183796	-0.16475648522863764	-0.012435525641084098	-0.4420144209975028	0.8126309787117337
0.8438115537673005	0.23729366810447694	-0.209670538657334	0.2389085287537711	0.2483243790061667	0.11232845820651977	0.3741089879935185	0.23178076697054323	-0.21551460377477644	-0.14615408407606012	0.23729366810447694	0.37365037021120073	-0.04044574847068004	0.34134543559782465	0.30739909817554667	0.23949587166842135	0.12854821212023176	0.33904579643928046	-0.08775465171589435	-0.08593716533824906	-0.209670538657334	-0.04044574847068004	1.123482944622435	-0.03436018618501185	-0.019232907086069922	-0.1588176436737278	0.3595371053198333	0.03507008259605603	-0.26749035714536706	0.22539066766050714	0.2389085287537711	0.34134543559782465	-0.03436018618501185	0.34963301558016346	0.31162896731443895	0.24282304618005082	0.13128457298867535	0.3339110354626373	-0.08336776201167426	-0.07484110351006092	0.2483243790061667	0.30739909817554667	-0.019232907086069922	0.31162896731443895	0.8367324842656834	0.2310235672475346	-0.06551130887285708	0.3220373348012593	0.01149267709368197	0.01374873275414401	0.11232845820651977	0.23949587166842135	-0.1588176436737278	0.24282304618005082	0.2310235672475346	0.6046529807402792	0.09031238016221038	0.2571959368061771	-0.20860964947961383	-0.18404957524163715	0.3741089879935185	0.12854821212023176	0.3595371053198333	0.13128457298867535	-0.06551130887285708	0.09031238016221038	0.5732193736203928	0.18453285848537063	0.016558410325249004	-0.18248608420089138	0.23178076697054323	0.33904579643928046	0.03507008259605603	0.3339110354626373	0.3220373348012593	0.2571959368061771	0.18453285848537063	0.6844371859488084	-0.05481512563380382	0.050318902789795825	-0.21551460377477644	-0.08775465171589435	-0.26749035714536706	-0.08336776201167426	0.01149267709368197	-0.20860964947961383	0.016558410325249004	-0.05481512563380382	1.2962573560061843	-0.54182580694006	-0.14615408407606012	-0.08593716533824906	0.22539066766050714	-0.07484110351006092	0.01374873275414401	-0.18404957524163715	-0.18248608420089138	0.050318902789795825	-0.54182580694006	0.9323940868746972
0.30894938304103753	0.11602666819409044	-0.04520560945718798	0.12157356404406118	0.1247368823726842	0.10121539382303027	0.16456424670477152	0.12788324796785075	-0.1276337853723102	0.03778712340813792	0.11602666819409044	0.18300786544588657	1.6490132484624914e-6	0.1504602929924484	0.15226419464492633	0.13121390634351654	0.07335826018032927	0.15816390294164479	-0.0951024643768347	0.06147862454542639	-0.04520560945718798	1.6490132484624914e-6	0.7447053773769884	0.0067228555645126	0.007586575933783968	-0.015519486031243576	0.33864564942363196	0.01587016309317322	-0.1568161837578438	0.021796886837028837	0.12157356404406118	0.1504602929924484	0.0067228555645126	0.1645205045824269	0.15823618524145774	0.13732293326659972	0.08065594689526404	0.16222559190878963	-0.087411502254647	0.06998899357898677	0.1247368823726842	0.15226419464492633	0.007586575933783968	0.15823618524145774	0.21266694926490906	0.13965575837494232	0.06257473351607701	0.16459466432033895	-0.07918501818393812	0.07430389771959886	0.10121539382303027	0.13121390634351654	-0.015519486031243576	0.13732293326659972	0.13965575837494232	0.19764701720982386	0.07481064748763122	0.14432728505056783	-0.10985110005081017	0.050336352501856696	0.16456424670477152	0.07335826018032927	0.33864564942363196	0.08065594689526404	0.06257473351607701	0.07481064748763122	0.3547461555627593	0.09529029159526964	0.025156726084562542	2.2916476540555726e-5	0.12788324796785075	0.15816390294164479	0.01587016309317322	0.16222559190878963	0.16459466432033895	0.14432728505056783	0.09529029159526964	0.2340059231288134	-0.07776405112086121	0.08132435307111374	-0.1276337853723102	-0.0951024643768347	-0.1568161837578438	-0.087411502254647	-0.07918501818393812	-0.10985110005081017	0.025156726084562542	-0.07776405112086121	0.6561860446292374	-0.1877013255101542	0.03778712340813792	0.06147862454542639	0.021796886837028837	0.06998899357898677	0.07430389771959886	0.050336352501856696	2.2916476540555726e-5	0.08132435307111374	-0.1877013255101542	0.28412805551410353
0.137685766726239	0.0991340839019682	0.03726409974452439	0.1155841756945481	0.11899503371396308	0.10358386299610522	0.1015213869668529	0.11898545798134286	-0.11005499658030127	0.10240078535745539	0.0991340839019682	0.1864454012405534	0.0302262852530258	0.10277284685210164	0.10320857077715255	0.08817541201849091	0.0747870564565599	0.10470777448641225	-0.12463369932650098	0.08578453917169902	0.03726409974452439	0.0302262852530258	0.4532621716045234	0.04763270396196798	0.05237124284553982	0.027887079887525812	0.22222037379255669	0.04755468469032914	-0.18306403093277981	0.04462634994112906	0.1155841756945481	0.10277284685210164	0.04763270396196798	0.18524199246060885	0.12054112715844803	0.10551209906208583	0.0967700990354748	0.1200565752124307	-0.10077782778184442	0.10396499979981579	0.11899503371396308	0.10320857077715255	0.05237124284553982	0.12054112715844803	0.16256664636727108	0.10871767359626783	0.08570959694286331	0.12350946081882729	-0.09405775714296494	0.1070669602628947	0.10358386299610522	0.08817541201849091	0.027887079887525812	0.10551209906208583	0.10871767359626783	0.14973888680447883	0.08938824065368592	0.10876629005065686	-0.1213141857987424	0.09192589111289791	0.1015213869668529	0.0747870564565599	0.22222037379255669	0.0967700990354748	0.08570959694286331	0.08938824065368592	0.23084968616526244	0.09824937126532612	-0.006578084880757312	0.07878782574495034	0.11898545798134286	0.10470777448641225	0.04755468469032914	0.1200565752124307	0.12350946081882729	0.10876629005065686	0.09824937126532612	0.1379883168644015	-0.10160046633753915	0.10731390814973243	-0.11005499658030127	-0.12463369932650098	-0.18306403093277981	-0.10077782778184442	-0.09405775714296494	-0.1213141857987424	-0.006578084880757312	-0.10160046633753915	0.5692819700750955	-0.1212171562273196	0.10240078535745539	0.08578453917169902	0.04462634994112906	0.10396499979981579	0.1070669602628947	0.09192589111289791	0.07878782574495034	0.10731390814973243	-0.1212171562273196	0.14582739533681158
0.3533301275328925	0.16891711345121352	-0.05248563188781983	0.17898077200125115	0.18614220451106597	0.17010944037571274	0.17225994327815536	0.18923466369936995	-0.20565338013999726	0.03657971326538637	0.16891711345121352	0.2604263276436568	0.008672294361718477	0.192664346488222	0.1870262636244046	0.18437876663698974	0.104676223531776	0.2110238568285983	-0.1707822543631646	0.03933989358311351	-0.05248563188781983	0.008672294361718477	0.7905591862040502	0.02099262125085043	0.047314879756073513	0.009076855598775455	0.31163162441623865	0.039475709032575204	-0.27647810621066876	0.07418316976544871	0.17898077200125115	0.192664346488222	0.02099262125085043	0.21012378284582708	0.1992877670709136	0.19525907710046708	0.11657852054596855	0.21414490316524262	-0.15615313070917827	0.058350996951354775	0.18614220451106597	0.1870262636244046	0.047314879756073513	0.1992877670709136	0.45630142068541546	0.19224691336107785	0.04084360811959025	0.21378469423635132	-0.09091153594336257	0.0759776926633532	0.17010944037571274	0.18437876663698974	0.009076855598775455	0.19525907710046708	0.19224691336107785	0.2245881735709817	0.11278088004208361	0.20738373425138584	-0.1678538936824766	0.04976686156560029	0.17225994327815536	0.104676223531776	0.31163162441623865	0.11657852054596855	0.04084360811959025	0.11278088004208361	0.3540659083069677	0.1444014405226692	-0.02499639658813444	-0.014177307846703296	0.18923466369936995	0.2110238568285983	0.039475709032575204	0.21414490316524262	0.21378469423635132	0.20738373425138584	0.1444014405226692	0.37814128449193085	-0.13450628819876795	0.0897024178262379	-0.20565338013999726	-0.1707822543631646	-0.27647810621066876	-0.15615313070917827	-0.09091153594336257	-0.1678538936824766	-0.02499639658813444	-0.13450628819876795	0.9814930623698508	-0.33026788530369167	0.03657971326538637	0.03933989358311351	0.07418316976544871	0.058350996951354775	0.0759776926633532	0.04976686156560029	-0.014177307846703296	0.0897024178262379	-0.33026788530369167	0.4236780355150854
0.16954012006831093	0.10052865924298957	0.0748130830324607	0.13124986784286818	0.1422945114599337	0.1481809647271979	0.13417888710893705	0.15529681353222347	-0.17959381203740887	0.14035108075887426	0.10052865924298957	0.3365232299763701	0.0477003161795065	0.12823307903230258	0.08464520112278731	0.09521901906965376	0.07915230955497637	0.1053725013521381	-0.23315401825023957	0.0849427796609595	0.0748130830324607	0.0477003161795065	0.5197457032672407	0.08464775091206513	0.18452999355226177	0.07552974046445066	0.17445258085475845	0.08642259541627823	-0.38434327488677655	0.09074288164146199	0.13124986784286818	0.12823307903230258	0.08464775091206513	0.6216126939388845	0.15117129844947752	0.1278607926984395	0.12074951385319387	0.13154689493238203	-0.14602577476267148	0.12104217314295383	0.1422945114599337	0.08464520112278731	0.18452999355226177	0.15117129844947752	0.40260879859485055	0.13703830479715287	0.09614998177187051	0.14283105506625873	-0.05667897904345004	0.1300318661917697	0.1481809647271979	0.09521901906965376	0.07552974046445066	0.1278607926984395	0.13703830479715287	0.16960321327694544	0.12873147346785882	0.15085447551528125	-0.18217938754389798	0.1358062441738187	0.13417888710893705	0.07915230955497637	0.17445258085475845	0.12074951385319387	0.09614998177187051	0.12873147346785882	0.1944035184630875	0.13524604591774572	-0.1313115974476076	0.12018362602334368	0.15529681353222347	0.1053725013521381	0.08642259541627823	0.13154689493238203	0.14283105506625873	0.15085447551528125	0.13524604591774572	0.1735734031154304	-0.1713501739363387	0.143037950224076	-0.17959381203740887	-0.23315401825023957	-0.38434327488677655	-0.14602577476267148	-0.05667897904345004	-0.18217938754389798	-0.1313115974476076	-0.1713501739363387	0.8639471399669766	-0.18925941702903304	0.14035108075887426	0.0849427796609595	0.09074288164146199	0.12104217314295383	0.1300318661917697	0.1358062441738187	0.12018362602334368	0.143037950224076	-0.18925941702903304	0.17562833061744673
0.34459645545334283	0.11233408048357385	-0.1187595582855671	0.12127504305385979	0.1298241966017523	0.11267042057070771	0.16003222972868533	0.1268183902986717	-0.0917209210751893	0.0033659818924425614	0.11233408048357385	0.20063924769527897	-0.03240931312032543	0.14719601470338087	0.14895592563368093	0.1393461436441189	0.07226486641444285	0.15556810885832828	-0.05128991477316858	0.02211165323504515	-0.1187595582855671	-0.03240931312032543	0.8336448209810611	-0.0215768273768936	-0.009437805502892697	-0.03280747602751631	0.32444054202653794	-0.013321593643777413	-0.17428719794760553	0.02574332987850954	0.12127504305385979	0.14719601470338087	-0.0215768273768936	0.1646812937280151	0.15912303262657462	0.1491211674638185	0.0833713684815198	0.16247617611872228	-0.03968556238878879	0.037413625671682084	0.1298241966017523	0.14895592563368093	-0.009437805502892697	0.15912303262657462	0.27746412367751905	0.15192531404388337	0.050361241982872076	0.16555899149797018	-0.021736825714147763	0.04737900116874911	0.11267042057070771	0.1393461436441189	-0.03280747602751631	0.1491211674638185	0.15192531404388337	0.17516579805300547	0.07972928538757422	0.15546064437156212	-0.04916933974487892	0.029206814308024208	0.16003222972868533	0.07226486641444285	0.32444054202653794	0.0833713684815198	0.050361241982872076	0.07972928538757422	0.3445981543049663	0.09624796297868413	0.01573806993359205	-0.015856161687687772	0.1268183902986717	0.15556810885832828	-0.013321593643777413	0.16247617611872228	0.16555899149797018	0.15546064437156212	0.09624796297868413	0.2333425578216866	-0.0315005448342526	0.05001771049104109	-0.0917209210751893	-0.05128991477316858	-0.17428719794760553	-0.03968556238878879	-0.021736825714147763	-0.04916933974487892	0.01573806993359205	-0.0315005448342526	0.5692219617020084	-0.17258116166561	0.0033659818924425614	0.02211165323504515	0.02574332987850954	0.037413625671682084	0.04737900116874911	0.029206814308024208	-0.015856161687687772	0.05001771049104109	-0.17258116166561	0.31730749323932145
0.24464338468118701	0.15727441103496548	0.014494743467656404	0.16631766552345972	0.16799371427953538	0.1613987259604596	0.1325371111474475	0.1686986819494116	-0.2308911121503817	0.1073007869821798	0.15727441103496548	0.21814577258982776	0.04226997041832942	0.16530707584603666	0.16401165725395297	0.16004919424879327	0.09920132121837748	0.1676975926689115	-0.21724590422746548	0.10218069019862674	0.014494743467656404	0.04226997041832942	0.670073394742928	0.052500227887069775	0.06319899344027642	0.043106422911692525	0.28314557270869206	0.05288457155778355	-0.32523119912982584	0.06654438404437096	0.16631766552345972	0.16530707584603666	0.052500227887069775	0.19891863353322667	0.1741059055154115	0.16961135466580013	0.11136492597819102	0.17644876946083646	-0.20203782861619185	0.11501115868039949	0.16799371427953538	0.16401165725395297	0.06319899344027642	0.1741059055154115	0.253146435350308	0.16942899390379232	0.09037474736208523	0.17622561469990838	-0.17836268192480856	0.11693060057132222	0.1613987259604596	0.16004919424879327	0.043106422911692525	0.16961135466580013	0.16942899390379232	0.19049758373255288	0.108056501845211	0.17201260060655046	-0.2125714875687025	0.10983688374390278	0.1325371111474475	0.09920132121837748	0.28314557270869206	0.11136492597819102	0.09037474736208523	0.108056501845211	0.27540876583231805	0.1134533257690355	-0.06073284799248696	0.05326930739202428	0.1686986819494116	0.1676975926689115	0.05288457155778355	0.17644876946083646	0.17622561469990838	0.17201260060655046	0.1134533257690355	0.19221738972249564	-0.20185706861780042	0.11773194137950699	-0.2308911121503817	-0.21724590422746548	-0.32523119912982584	-0.20203782861619185	-0.17836268192480856	-0.2125714875687025	-0.06073284799248696	-0.20185706861780042	0.9598031193213906	-0.28087435769567193	0.1073007869821798	0.10218069019862674	0.06654438404437096	0.11501115868039949	0.11693060057132222	0.10983688374390278	0.05326930739202428	0.11773194137950699	-0.28087435769567193	0.2695435527417753
