0.09611995151943029	0.02346146183219174	-0.025535773014451105	0.03559674390770428	0.05109274587873387	0.01849354470797512	0.06162950408323419	0.045933775315694335	0.03331924422011677	0.02731669791666665	0.02346146183219174	0.11130827664931572	0.010124352421866602	0.046187109958152936	0.051463253319451875	0.029081308012640198	0.05123445048579752	0.06184238260173908	0.04142432998988469	0.032748825204044596	-0.025535773014451105	0.010124352421866602	0.14733735487330998	0.023163974718274374	0.040992965181267355	0.0025872701629944053	0.060978248979249645	0.030342838851797893	0.019343091434546576	0.01764078108623806	0.03559674390770428	0.046187109958152936	0.023163974718274374	0.1562962019119301	0.06624614723981068	0.042935684178861996	0.06594025161545981	0.06571515007500653	0.054817587442070104	0.04710568676730195	0.05109274587873387	0.051463253319451875	0.040992965181267355	0.06624614723981068	0.1307739029130576	0.052417615033662414	0.06560115477280065	0.07950507689181402	0.0632640682297266	0.05503008064042982	0.01849354470797512	0.029081308012640198	0.0025872701629944053	0.042935684178861996	0.052417615033662414	0.08281398378330423	0.05425558880511177	0.05582388876849108	0.040344908651915506	0.03276779378814195	0.06162950408323419	0.05123445048579752	0.060978248979249645	0.06594025161545981	0.06560115477280065	0.05425558880511177	0.11786986012575214	0.08173451049185372	0.06349845676398522	0.05365222101106927	0.045933775315694335	0.06184238260173908	0.030342838851797893	0.06571515007500653	0.07950507689181402	0.05582388876849108	0.08173451049185372	0.1867554524145743	0.06761890479117492	0.06116505257130799	0.03331924422011677	0.04142432998988469	0.019343091434546576	0.054817587442070104	0.0632640682297266	0.040344908651915506	0.06349845676398522	0.06761890479117492	0.06466526627600987	0.04466849617305973	0.02731669791666665	0.032748825204044596	0.01764078108623806	0.04710568676730195	0.05503008064042982	0.03276779378814195	0.05365222101106927	0.06116505257130799	0.04466849617305973	0.08020565603857768
0.09029046964056588	0.003960936523649303	-0.008985524920351325	0.04886571591996189	0.056107734483909044	0.03259846026249117	0.07522782449325931	0.06408007583145088	0.044867604179110704	0.04605038446636766	0.003960936523649303	0.24765464703898776	-0.02196012796867084	0.020574895286773684	0.018894225690386707	-0.0013781103704378177	0.024518642269250348	0.06128432338522081	0.010347621004552856	0.009531864010979083	-0.008985524920351325	-0.02196012796867084	0.16446745596925977	0.020934436335732467	0.030541723677204813	-0.0008964899485272224	0.08029791981141375	0.02952876707659113	0.015029781084545684	0.019514815579806437	0.04886571591996189	0.020574895286773684	0.020934436335732467	0.13748757873041664	0.06613814087126023	0.04618556449375851	0.07373068440169145	0.07341901096767589	0.05689106130414695	0.05719279744406261	0.056107734483909044	0.018894225690386707	0.030541723677204813	0.06613814087126023	0.09863502194151458	0.05204244796128324	0.07344889781931908	0.08437986696514158	0.06236359018198568	0.062464685092872695	0.03259846026249117	-0.0013781103704378177	-0.0008964899485272224	0.04618556449375851	0.05204244796128324	0.09021872426609	0.06340647248517135	0.0640629608201182	0.042120327329877964	0.04276257356438531	0.07522782449325931	0.024518642269250348	0.08029791981141375	0.07373068440169145	0.07344889781931908	0.06340647248517135	0.14060380864638133	0.09843865801064312	0.07069052105890411	0.06880345782501211	0.06408007583145088	0.06128432338522081	0.02952876707659113	0.07341901096767589	0.08437986696514158	0.0640629608201182	0.09843865801064312	0.26501615134204853	0.0743520100164578	0.07572529079597597	0.044867604179110704	0.010347621004552856	0.015029781084545684	0.05689106130414695	0.06236359018198568	0.042120327329877964	0.07069052105890411	0.0743520100164578	0.0740871552247152	0.053489049161712814	0.04605038446636766	0.009531864010979083	0.019514815579806437	0.05719279744406261	0.062464685092872695	0.04276257356438531	0.06880345782501211	0.07572529079597597	0.053489049161712814	0.07460476520434166
0.11273306523577781	-0.003472162707635647	-0.017434661758108178	0.05292309075357536	0.06559292488075333	0.03802973873501417	0.08449938957546878	0.08131691229667914	0.048727964587341785	0.04249984703982574	-0.003472162707635647	0.3352022739968338	-0.02838879437130242	0.015165966882756973	0.02051192651862947	-0.00019537818403955048	0.024398950946303694	0.14489612896803042	0.009782727744450565	-0.0008577103239545261	-0.017434661758108178	-0.02838879437130242	0.19660483124268507	0.026439548102972787	0.04484090563779848	0.00814803757005321	0.09208695532684658	0.044979194859147746	0.021526634733708767	0.021932019034879794	0.05292309075357536	0.015165966882756973	0.026439548102972787	0.08838053315647722	0.0789538677351867	0.05841764039622928	0.0817424859496033	0.10488572884565722	0.06745119317212839	0.05980244515098359	0.06559292488075333	0.02051192651862947	0.04484090563779848	0.0789538677351867	0.14671309959668682	0.06727699125608634	0.07869841516493176	0.1195663183435662	0.07551445424696368	0.06769239744975829	0.03802973873501417	-0.00019537818403955048	0.00814803757005321	0.05841764039622928	0.06727699125608634	0.09571442638283646	0.07321604356546235	0.09578587807880305	0.054577136738245074	0.04719635478417808	0.08449938957546878	0.024398950946303694	0.09208695532684658	0.0817424859496033	0.07869841516493176	0.07321604356546235	0.1590108858222775	0.13765043492969575	0.07914994154429322	0.06877755173801846	0.08131691229667914	0.14489612896803042	0.044979194859147746	0.10488572884565722	0.1195663183435662	0.09578587807880305	0.13765043492969575	0.5600129211681938	0.10356075133199788	0.1010703049337492	0.048727964587341785	0.009782727744450565	0.021526634733708767	0.06745119317212839	0.07551445424696368	0.054577136738245074	0.07914994154429322	0.10356075133199788	0.08051896698448183	0.056106058092797215	0.04249984703982574	-0.0008577103239545261	0.021932019034879794	0.05980244515098359	0.06769239744975829	0.04719635478417808	0.06877755173801846	0.1010703049337492	0.056106058092797215	0.0973537469431112
0.09988198607429379	0.014436274197734076	-0.03669904483415212	0.05281847403338388	0.0664220806257511	0.046913993064393325	0.07163789697091102	0.06574148117311415	0.05067194303086105	0.043424931826565046	0.014436274197734076	0.21582867615990753	-0.03296761168095143	0.029267959735977768	0.03211576588925316	0.018272892416747087	0.02911738105197738	0.05636765448995455	0.02193618423810569	0.011852405804180533	-0.03669904483415212	-0.03296761168095143	0.22188411695774865	0.002696560023713416	0.031225307297805555	-0.008198259054435955	0.0786958777609535	0.007236075819289249	-0.0020387113592772875	0.00023502092612624078	0.05281847403338388	0.029267959735977768	0.002696560023713416	0.13604953146236032	0.07371826832987681	0.05832285204100514	0.0708671721488097	0.07467369215696971	0.06160994198766086	0.05372164704271307	0.0664220806257511	0.03211576588925316	0.031225307297805555	0.07371826832987681	0.15489426426666986	0.06810888307360956	0.0682214784950376	0.08879523265072287	0.07108522024166097	0.06301215294745083	0.046913993064393325	0.018272892416747087	-0.008198259054435955	0.05832285204100514	0.06810888307360956	0.07866840661658801	0.06638726182937699	0.07284045903475926	0.05615100568306365	0.04825052685288292	0.07163789697091102	0.02911738105197738	0.0786958777609535	0.0708671721488097	0.0682214784950376	0.06638726182937699	0.13978423403105675	0.08932299953977671	0.06876100721874005	0.05912303612015231	0.06574148117311415	0.05636765448995455	0.007236075819289249	0.07467369215696971	0.08879523265072287	0.07284045903475926	0.08932299953977671	0.21668269095751747	0.07592756865170716	0.06935532166666962	0.05067194303086105	0.02193618423810569	-0.0020387113592772875	0.06160994198766086	0.07108522024166097	0.05615100568306365	0.06876100721874005	0.07592756865170716	0.07322153035260756	0.051520778035874376	0.043424931826565046	0.011852405804180533	0.00023502092612624078	0.05372164704271307	0.06301215294745083	0.04825052685288292	0.05912303612015231	0.06935532166666962	0.051520778035874376	0.08670698378575661
0.2740176869869831	-0.040702485504457625	-0.14655427919300296	0.07240969584993279	0.1082702903196965	0.06847123769727555	0.12371618515040791	0.09054665578849277	0.07555796748817925	0.007547805147582441	-0.040702485504457625	0.7383569478731725	-0.11657552884780466	0.002583956631073626	-0.0026585269929688612	-0.01728934151534214	-0.015636666321175986	0.2751031953440808	-0.01044271903004207	-0.11184769773788437	-0.14655427919300296	-0.11657552884780466	0.5588049173332895	0.0012937693575683028	0.05443978646713687	-0.011743560738980325	0.17322803474039386	0.01065672884222372	-0.0019065442089141356	0.019470896416250157	0.07240969584993279	0.002583956631073626	0.0012937693575683028	0.18948747915661612	0.120436669200019	0.10113469304035215	0.09413445711919226	0.12039485895211718	0.10661961755235394	0.03863876488972969	0.1082702903196965	-0.0026585269929688612	0.05443978646713687	0.120436669200019	0.3136841426500919	0.1169997749483889	0.0741734208378978	0.15578693360757367	0.12164569825084065	0.06292321271347097	0.06847123769727555	-0.01728934151534214	-0.011743560738980325	0.10113469304035215	0.1169997749483889	0.1304949946199398	0.09272402568647764	0.1317132281272398	0.10433319861283845	0.036060571967300045	0.12371618515040791	-0.015636666321175986	0.17322803474039386	0.09413445711919226	0.0741734208378978	0.09272402568647764	0.24424826562627172	0.1514915406158852	0.09633684597914333	0.03281917159206944	0.09054665578849277	0.2751031953440808	0.01065672884222372	0.12039485895211718	0.15578693360757367	0.1317132281272398	0.1514915406158852	0.7303101549002028	0.13585991860348123	0.09196702144641654	0.07555796748817925	-0.01044271903004207	-0.0019065442089141356	0.10661961755235394	0.12164569825084065	0.10433319861283845	0.09633684597914333	0.13585991860348123	0.11709532132940259	0.04162136269320775	0.007547805147582441	-0.11184769773788437	0.019470896416250157	0.03863876488972969	0.06292321271347097	0.036060571967300045	0.03281917159206944	0.09196702144641654	0.04162136269320775	0.2369149386543204
0.09148309003523647	-0.02540816210199506	-0.011547901228591704	0.057959076127756075	0.07021885273983942	0.05353350545446367	0.07920027699158645	0.07263892567250634	0.05681083825160811	0.0564310973198506	-0.02540816210199506	0.40720147897957704	-0.06460447003188743	-0.00474457376077903	-0.013362790841694486	-0.026770567696783584	-0.012141356066585809	0.04877771817652862	-0.02303987967394772	-0.026412004872558303	-0.011547901228591704	-0.06460447003188743	0.18742511323144356	0.011951654590948648	0.03237542071804983	0.0017199781972817574	0.08146849027872313	0.015804997582015406	0.0073501698852242855	0.012328426658393109	0.057959076127756075	-0.00474457376077903	0.011951654590948648	0.1744509048580303	0.07410872807306214	0.05934516304071781	0.07686800461212286	0.07336289391905733	0.06228713006738734	0.06130729780571437	0.07021885273983942	-0.013362790841694486	0.03237542071804983	0.07410872807306214	0.13082856379587166	0.06984615439683184	0.07828705652234476	0.09094797540810988	0.07256559438030913	0.07130940554028803	0.05353350545446367	-0.026770567696783584	0.0017199781972817574	0.05934516304071781	0.06984615439683184	0.08482940401277016	0.0739370027245138	0.0756169953026791	0.05813693999937147	0.05735148497722343	0.07920027699158645	-0.012141356066585809	0.08146849027872313	0.07686800461212286	0.07828705652234476	0.0739370027245138	0.14370718940666632	0.0988438569656487	0.07591519537030869	0.0731425236021204	0.07263892567250634	0.04877771817652862	0.015804997582015406	0.07336289391905733	0.09094797540810988	0.0756169953026791	0.0988438569656487	0.2696613164562501	0.0782818812741773	0.07839950910209943	0.05681083825160811	-0.02303987967394772	0.0073501698852242855	0.06228713006738734	0.07256559438030913	0.05813693999937147	0.07591519537030869	0.0782818812741773	0.08051573344055582	0.06025151983458252	0.0564310973198506	-0.026412004872558303	0.012328426658393109	0.06130729780571437	0.07130940554028803	0.05735148497722343	0.0731425236021204	0.07839950910209943	0.06025151983458252	0.08349968785183073
0.11213415708569088	-0.003551904419089348	-0.022817304039517438	0.05312860533939533	0.06942964046863673	0.03896865924904431	0.08097975432166453	0.07677205303557032	0.05196810640953302	0.042821371090385425	-0.003551904419089348	0.3250919228302325	-0.033225156831380706	0.015819904708890366	0.0199372464881775	-0.0023036863318910234	0.01990746422096329	0.11311985437522322	0.009929588318925126	-0.0038757943595487997	-0.022817304039517438	-0.033225156831380706	0.20430430226677934	0.021674438527223214	0.04669206847391489	0.002446838676612606	0.08685707286688399	0.03458754163330624	0.019055350541850792	0.017797713171949458	0.05312860533939533	0.015819904708890366	0.021674438527223214	0.11907436651715328	0.07988480786034241	0.057097917869407044	0.07900626018932694	0.09307697341098223	0.06817474661056891	0.05787644108874298	0.06942964046863673	0.0199372464881775	0.04669206847391489	0.07988480786034241	0.16405282687981443	0.06875020452536335	0.07664097609889806	0.1131672622182719	0.07862924136980655	0.06830409913533532	0.03896865924904431	-0.0023036863318910234	0.002446838676612606	0.057097917869407044	0.06875020452536335	0.09645113385539514	0.0705107036158554	0.08736326791157575	0.055982804840313476	0.045870606081454775	0.08097975432166453	0.01990746422096329	0.08685707286688399	0.07900626018932694	0.07664097609889806	0.0705107036158554	0.15193204776513733	0.12196829164050055	0.07830082080294991	0.06592069527223941	0.07677205303557032	0.11311985437522322	0.03458754163330624	0.09307697341098223	0.1131672622182719	0.08736326791157575	0.12196829164050055	0.4503972901169933	0.09754335144771598	0.09140633464010811	0.05196810640953302	0.009929588318925126	0.019055350541850792	0.06817474661056891	0.07862924136980655	0.055982804840313476	0.07830082080294991	0.09754335144771598	0.07715468329162176	0.056890515726557025	0.042821371090385425	-0.0038757943595487997	0.017797713171949458	0.05787644108874298	0.06830409913533532	0.045870606081454775	0.06592069527223941	0.09140633464010811	0.056890515726557025	0.09832393546226804
0.13740601368003702	-0.007562141885800178	-0.0514273603881675	0.05952143470931625	0.09757630893294839	0.06077668208287327	0.08178423838059533	0.08243722028473913	0.06321920118192288	0.0282774807260009	-0.007562141885800178	0.4023044845621227	-0.05646082296571268	0.0252391434976061	0.022063641040729432	0.004100340043597585	0.011131604108274077	0.10801484554402149	0.006535843472677938	-0.04450178876637651	-0.0514273603881675	-0.05646082296571268	0.2514544223037502	0.012550778409140269	0.08149215521790533	0.005701934535032871	0.06947134263874029	0.017517155235131684	0.00969670041393034	0.008253194428881517	0.05952143470931625	0.0252391434976061	0.012550778409140269	0.24803698945501623	0.09937586650999722	0.07391440816044781	0.08145171475279078	0.08434321404173707	0.07589391988049997	0.03902532484463177	0.09757630893294839	0.022063641040729432	0.08149215521790533	0.09937586650999722	0.2794703367847843	0.0970127272659939	0.08453378442735063	0.1302828065953292	0.09853709878799306	0.06349465423239863	0.06077668208287327	0.004100340043597585	0.005701934535032871	0.07391440816044781	0.0970127272659939	0.09339670020400231	0.08283812024274595	0.10207789435545783	0.07745487523150148	0.04008437136301088	0.08178423838059533	0.011131604108274077	0.06947134263874029	0.08145171475279078	0.08453378442735063	0.08283812024274595	0.14252619948395237	0.11587006083313292	0.08442261892050419	0.04474570206659469	0.08243722028473913	0.10801484554402149	0.017517155235131684	0.08434321404173707	0.1302828065953292	0.10207789435545783	0.11587006083313292	0.4117255955893451	0.10374284065374478	0.07619872654212127	0.06321920118192288	0.006535843472677938	0.00969670041393034	0.07589391988049997	0.09853709878799306	0.07745487523150148	0.08442261892050419	0.10374284065374478	0.08973559302591272	0.04196876288652538	0.0282774807260009	-0.04450178876637651	0.008253194428881517	0.03902532484463177	0.06349465423239863	0.04008437136301088	0.04474570206659469	0.07619872654212127	0.04196876288652538	0.16025817321189795
0.20550718147791736	-0.06005961777361766	-0.08466537184082518	0.06064071329903714	0.11733838009108657	0.0728684821983674	0.10618801822933795	0.08557478615896894	0.07609249602791217	0.026856095562006833	-0.06005961777361766	0.7336721298946228	-0.11369712744361846	0.018388421643948022	-0.02714599214452791	-0.042716302206455316	-0.038439761603299955	0.14985925290523522	-0.039250984881499196	-0.124474451615527	-0.08466537184082518	-0.11369712744361846	0.38571964608437975	0.016847177803340895	0.09407090423935693	0.010926469526671034	0.11627704840459532	0.016946150990814014	0.015805196771223853	0.021906484808346165	0.06064071329903714	0.018388421643948022	0.016847177803340895	0.384492340459832	0.11387673075872423	0.08371244096885029	0.08749556332712712	0.07589030582206854	0.08620040425113101	0.034858606564142615	0.11733838009108657	-0.02714599214452791	0.09407090423935693	0.11387673075872423	0.34710392573170723	0.11673266553329893	0.08535837804518838	0.14228607247498676	0.11866550227161589	0.07429095856050677	0.0728684821983674	-0.042716302206455316	0.010926469526671034	0.08371244096885029	0.11673266553329893	0.1154404266598754	0.09793337678322378	0.11543165839523153	0.09880728716046507	0.04708752231103161	0.10618801822933795	-0.038439761603299955	0.11627704840459532	0.08749556332712712	0.08535837804518838	0.09793337678322378	0.19410149681399472	0.12832540121866215	0.09977971188676028	0.04664535015758252	0.08557478615896894	0.14985925290523522	0.016946150990814014	0.07589030582206854	0.14228607247498676	0.11543165839523153	0.12832540121866215	0.4911626160124667	0.11754044177545675	0.07784851395204659	0.07609249602791217	-0.039250984881499196	0.015805196771223853	0.08620040425113101	0.11866550227161589	0.09880728716046507	0.09977971188676028	0.11754044177545675	0.1097022124441507	0.04953384585539175	0.026856095562006833	-0.124474451615527	0.021906484808346165	0.034858606564142615	0.07429095856050677	0.04708752231103161	0.04664535015758252	0.07784851395204659	0.04953384585539175	0.2098209803645431
0.10561179844643186	-0.06401492470367857	-0.0012482279134673965	0.06044924208695624	0.09259463152618452	0.06071729622402261	0.08788727649142536	0.07778566677205187	0.06801552570139881	0.06404969397054193	-0.06401492470367857	0.6070883334392071	-0.09606101539685367	-0.016824385022661443	-0.04571026226232257	-0.06733208859098588	-0.05182381839654446	0.04724580147519267	-0.05906975125517645	-0.06854151424802771	-0.0012482279134673965	-0.09606101539685367	0.2058515306259878	0.021374607526944808	0.07280114472041412	0.01259427760412559	0.08896348087275192	0.02533653774892063	0.02314396845714351	0.024928051570044518	0.06044924208695624	-0.016824385022661443	0.021374607526944808	0.2749202568114715	0.09077508016238503	0.06175589968728257	0.07995342992588969	0.06868859748030848	0.06821792326332417	0.0636189461858455	0.09259463152618452	-0.04571026226232257	0.07280114472041412	0.09077508016238503	0.2333691037352618	0.0891941586941852	0.08525555218079574	0.10973139935548894	0.09444783388809154	0.08961565621782573	0.06071729622402261	-0.06733208859098588	0.01259427760412559	0.06175589968728257	0.0891941586941852	0.09849084849004858	0.0817536287743818	0.08089073436191717	0.06901527962306984	0.06465080371645704	0.08788727649142536	-0.05182381839654446	0.08896348087275192	0.07995342992588969	0.08525555218079574	0.0817536287743818	0.15380913327593798	0.10483128842121235	0.08649965163999054	0.08053007305799968	0.07778566677205187	0.04724580147519267	0.02533653774892063	0.06868859748030848	0.10973139935548894	0.08089073436191717	0.10483128842121235	0.3027408499997326	0.08721135125894426	0.08397713435865434	0.06801552570139881	-0.05906975125517645	0.02314396845714351	0.06821792326332417	0.09444783388809154	0.06901527962306984	0.08649965163999054	0.08721135125894426	0.08688441073931963	0.07119181820513804	0.06404969397054193	-0.06854151424802771	0.024928051570044518	0.0636189461858455	0.08961565621782573	0.06465080371645704	0.08053007305799968	0.08397713435865434	0.07119181820513804	0.0979693484882308
0.1841036612514179	-0.04989508085407815	-0.0685055111632074	0.06583235770985181	0.13147387986350792	0.08130057180016612	0.10193834926766868	0.09769147460946452	0.08551953641157603	0.025859051765865868	-0.04989508085407815	0.7665549444553014	-0.1171535722700674	0.03232640559471473	-0.017221978095582676	-0.03834354981967239	-0.03087518730402679	0.2018463708366302	-0.03377470504923322	-0.13398745358662517	-0.0685055111632074	-0.1171535722700674	0.3480629370598258	0.014376109319449812	0.12647239712685043	0.006702245186267851	0.08698657764801108	0.008840390175758318	0.013448888942754377	0.022276951206938546	0.06583235770985181	0.03232640559471473	0.014376109319449812	0.45379928110110884	0.12170535177819629	0.08110914828316614	0.08639777557331285	0.06256705871275395	0.08448580388451928	0.022894823066380514	0.13147387986350792	-0.017221978095582676	0.12647239712685043	0.12170535177819629	0.4008903754918053	0.12260604134283137	0.09614972973461275	0.15839833045916019	0.12488598427615823	0.07371489350819377	0.08130057180016612	-0.03834354981967239	0.006702245186267851	0.08110914828316614	0.12260604134283137	0.11975748367851122	0.10099197756281951	0.12063374272238364	0.10042351875109728	0.03840934970047055	0.10193834926766868	-0.03087518730402679	0.08698657764801108	0.08639777557331285	0.09614972973461275	0.10099197756281951	0.1712863110787612	0.13455352248634767	0.10380478313597824	0.04048695346496484	0.09769147460946452	0.2018463708366302	0.008840390175758318	0.06256705871275395	0.15839833045916019	0.12063374272238364	0.13455352248634767	0.5959953881489436	0.12352493343573773	0.07993362218210034	0.08551953641157603	-0.03377470504923322	0.013448888942754377	0.08448580388451928	0.12488598427615823	0.10042351875109728	0.10380478313597824	0.12352493343573773	0.11193976049042907	0.04176607702624962	0.025859051765865868	-0.13398745358662517	0.022276951206938546	0.022894823066380514	0.07371489350819377	0.03840934970047055	0.04048695346496484	0.07993362218210034	0.04176607702624962	0.23359850885229164
0.3356820084423857	-0.09629527740003427	-0.16738771357130233	0.029647856987663486	0.172927894299987	0.06610611580792113	0.11519998471970207	0.07017185900198604	0.07540224645732697	-0.0014702041935588832	-0.09629527740003427	1.098518326557983	-0.1315469268469808	0.0877177537535841	-0.027293366821260726	-0.055047616091420074	-0.04354532218757885	0.43546720932838995	-0.047013204661000896	-0.18572833844075556	-0.16738771357130233	-0.1315469268469808	0.4872420809410679	0.03809222921111538	0.15254958644406655	0.027234302888480937	0.10420372172081928	0.03215880252688904	0.0377113054363508	0.053085254977734926	0.029647856987663486	0.0877177537535841	0.03809222921111538	0.8196289012981249	0.13460539034275282	0.06917681248615892	0.07067661165453652	-0.02971004084391859	0.07491655346522369	-0.010846179113837796	0.172927894299987	-0.027293366821260726	0.15254958644406655	0.13460539034275282	0.5234469228092211	0.13568434550940311	0.09478281239121625	0.18630479403311068	0.13935522300461067	0.079631896284606	0.06610611580792113	-0.055047616091420074	0.027234302888480937	0.06917681248615892	0.13568434550940311	0.14669634780397672	0.11125075359138738	0.14336496395234932	0.11786357256155358	0.03433604478896818	0.11519998471970207	-0.04354532218757885	0.10420372172081928	0.07067661165453652	0.09478281239121625	0.11125075359138738	0.19806052098824267	0.1601693582572726	0.11640242587985476	0.03230206622581158	0.07017185900198604	0.43546720932838995	0.03215880252688904	-0.02971004084391859	0.18630479403311068	0.14336496395234932	0.1601693582572726	1.0044036397081615	0.14793019791932127	0.10258310106848946	0.07540224645732697	-0.047013204661000896	0.0377113054363508	0.07491655346522369	0.13935522300461067	0.11786357256155358	0.11640242587985476	0.14793019791932127	0.13069791687656623	0.04039349067681378	-0.0014702041935588832	-0.18572833844075556	0.053085254977734926	-0.010846179113837796	0.079631896284606	0.03433604478896818	0.03230206622581158	0.10258310106848946	0.04039349067681378	0.30114484690766596
0.5136158391753054	-0.13348967422428287	-0.27080353533931245	0.02591649442920176	0.2011105751676547	0.0361770887950586	0.14641344526325273	0.026108336077472042	0.06280396819499205	-0.0315278655156641	-0.13348967422428287	1.4213808842427844	-0.1420362244566284	0.052383683069840065	-0.03558726102839738	-0.06850415855681352	-0.043986155280663033	0.7375032761779166	-0.04897580386904571	-0.21599725230748967	-0.27080353533931245	-0.1420362244566284	0.6445007160724298	0.052858868876176815	0.1449338860752209	0.026525934252720904	0.13025900430058396	0.048624243168859965	0.05033397513362644	0.0802158351676225	0.02591649442920176	0.052383683069840065	0.052858868876176815	0.6997104335876677	0.1449696873266662	0.08154213314401901	0.0788284836119346	-0.023333448309371233	0.09628398989068537	-0.009497804391085548	0.2011105751676547	-0.03558726102839738	0.1449338860752209	0.1449696873266662	0.6018625580433064	0.13886982009218135	0.07803726353025314	0.19525165744120146	0.14846002426480998	0.08337146494140701	0.0361770887950586	-0.06850415855681352	0.026525934252720904	0.08154213314401901	0.13886982009218135	0.19028799156663342	0.1064926192308487	0.14765800222927639	0.12470706667902529	0.02284111702529858	0.14641344526325273	-0.043986155280663033	0.13025900430058396	0.0788284836119346	0.07803726353025314	0.1064926192308487	0.2421114166337169	0.17479424201358124	0.1191407425293299	0.019533011111879738	0.026108336077472042	0.7375032761779166	0.048624243168859965	-0.023333448309371233	0.19525165744120146	0.14765800222927639	0.17479424201358124	1.4067606846844432	0.15719820427229417	0.1151737388626871	0.06280396819499205	-0.04897580386904571	0.05033397513362644	0.09628398989068537	0.14846002426480998	0.12470706667902529	0.1191407425293299	0.15719820427229417	0.14633090097936138	0.038363382481789055	-0.0315278655156641	-0.21599725230748967	0.0802158351676225	-0.009497804391085548	0.08337146494140701	0.02284111702529858	0.019533011111879738	0.1151737388626871	0.038363382481789055	0.3545679806303117
1.0892696295767992	-0.12113201495856521	-0.38178526656690065	0.0643820390880809	0.18567381534904004	-0.24807799344699663	0.3851544014529723	-0.05589346900833897	0.06816674168881767	-0.11271239228461988	-0.12113201495856521	2.1173414618003608	-0.11525061634995337	0.010465912218951849	-0.009814322203263757	-0.16707843411423703	0.022511282258734396	1.5217983749878576	0.0019776261837301003	-0.2546215968454132	-0.38178526656690065	-0.11525061634995337	1.006249992832009	0.07271629298524666	0.1008283435492458	-0.14415372807620755	0.22716755578987308	0.10062293985704794	0.0708426255367477	0.17666084896624548	0.0643820390880809	0.010465912218951849	0.07271629298524666	0.3037499912770543	0.20819889896048188	0.03434167680365223	0.09900119182687762	0.1050009394685503	0.20796716835431772	0.016584904205933188	0.18567381534904004	-0.009814322203263757	0.1008283435492458	0.20819889896048188	0.6483772352888257	0.0779625807310604	0.019008627562734803	0.18284815200497467	0.20973762245824412	0.08281195744721939	-0.24807799344699663	-0.16707843411423703	-0.14415372807620755	0.03434167680365223	0.0779625807310604	0.7170476091414197	-0.0038834631964236727	0.11767817574089634	0.039938125918257045	-0.14233565121370495	0.3851544014529723	0.022511282258734396	0.22716755578987308	0.09900119182687762	0.019008627562734803	-0.0038834631964236727	0.4516545762325577	0.2295219053072638	0.10455757936727164	-0.0450534623502341	-0.05589346900833897	1.5217983749878576	0.10062293985704794	0.1050009394685503	0.18284815200497467	0.11767817574089634	0.2295219053072638	2.3679608352099337	0.14715086127084084	0.13647032698181563	0.06816674168881767	0.0019776261837301003	0.0708426255367477	0.20796716835431772	0.20973762245824412	0.039938125918257045	0.10455757936727164	0.14715086127084084	0.22030767467375423	0.025113094806745288	-0.11271239228461988	-0.2546215968454132	0.17666084896624548	0.016584904205933188	0.08281195744721939	-0.14233565121370495	-0.0450534623502341	0.13647032698181563	0.025113094806745288	0.5743361114991915
0.17408090584014174	-0.07308347078753685	-0.06505233062181688	0.050886625752845846	0.08686061194197861	0.04792615327075329	0.09476383666376781	0.07806924776433614	0.06602272731146189	0.057088334635948625	-0.07308347078753685	0.7505738431247521	-0.10514711452569574	-0.003963007824078178	-0.04312102831576473	-0.06943831553097102	-0.04607556136368402	0.22214354306518777	-0.051793563325990666	-0.06866085242989631	-0.06505233062181688	-0.10514711452569574	0.3082953895628694	0.021701446000036578	0.060245140947268606	0.0011815783132589283	0.10218512885651368	0.021201992878447033	0.025138372008662497	0.02655031353267147	0.050886625752845846	-0.003963007824078178	0.021701446000036578	0.3530736046992828	0.08974583388836706	0.06193593183817062	0.08045991815343036	0.06397466735599522	0.07587439490750006	0.06572941688000893	0.08686061194197861	-0.04312102831576473	0.060245140947268606	0.08974583388836706	0.20104626375360662	0.08787694691029721	0.09060415609776572	0.12964584884636393	0.10043188416312371	0.09088548107831937	0.04792615327075329	-0.06943831553097102	0.0011815783132589283	0.06193593183817062	0.08787694691029721	0.12842448673767776	0.08227624244962232	0.10144739191526557	0.0761139317219453	0.06628428835309809	0.09476383666376781	-0.04607556136368402	0.10218512885651368	0.08045991815343036	0.09060415609776572	0.08227624244962232	0.1674903729320324	0.13314463944680704	0.09303844396625377	0.08226587478955251	0.07806924776433614	0.22214354306518777	0.021201992878447033	0.06397466735599522	0.12964584884636393	0.10144739191526557	0.13314463944680704	0.6474239092353418	0.11415339829842319	0.10824591920686968	0.06602272731146189	-0.051793563325990666	0.025138372008662497	0.07587439490750006	0.10043188416312371	0.0761139317219453	0.09303844396625377	0.11415339829842319	0.09815171697470823	0.08058161194773104	0.057088334635948625	-0.06866085242989631	0.02655031353267147	0.06572941688000893	0.09088548107831937	0.06628428835309809	0.08226587478955251	0.10824591920686968	0.08058161194773104	0.11841594248218591
0.6929457853234215	-0.1398907545758738	-0.39510310532797877	-0.007298861182171243	0.1278293007692001	0.016240997660280525	0.21102137731798742	0.001646012805182652	0.025218825594332688	-0.07944054485620479	-0.1398907545758738	1.2134393020671832	-0.12601960135535686	0.059147807851807906	-0.029698934451083563	-0.03798022813603221	-0.04608861501368962	0.5437631654365446	-0.031904718500698204	-0.2067305246338643	-0.39510310532797877	-0.12601960135535686	0.7889581177842996	0.05235057396950861	0.08773943328391569	0.038689115352151054	0.15696766674991608	0.06674039237900237	0.0457582971726538	0.08693668594502756	-0.007298861182171243	0.059147807851807906	0.05235057396950861	0.6134492514391654	0.1346957812672224	0.10343039028758114	0.07253187379533954	0.031412215594548265	0.10793299495466777	-0.0007795849188249581	0.1278293007692001	-0.029698934451083563	0.08773943328391569	0.1346957812672224	0.4515598075650486	0.14506562461008113	0.0626979252691989	0.1773735716463386	0.148878238332219	0.0665313162136539	0.016240997660280525	-0.03798022813603221	0.038689115352151054	0.10343039028758114	0.14506562461008113	0.16475026599521553	0.09596289475716878	0.1598053393638669	0.1398495475363939	0.03253662785524537	0.21102137731798742	-0.04608861501368962	0.15696766674991608	0.07253187379533954	0.0626979252691989	0.09596289475716878	0.29910396448471893	0.16176089014563905	0.09948228019703328	0.0015977973108673577	0.001646012805182652	0.5437631654365446	0.06674039237900237	0.031412215594548265	0.1773735716463386	0.1598053393638669	0.16176089014563905	1.1248075177151309	0.1625130264587461	0.10486828326397515	0.025218825594332688	-0.031904718500698204	0.0457582971726538	0.10793299495466777	0.148878238332219	0.1398495475363939	0.09948228019703328	0.1625130264587461	0.15102339004554924	0.03716751927773465	-0.07944054485620479	-0.2067305246338643	0.08693668594502756	-0.0007795849188249581	0.0665313162136539	0.03253662785524537	0.0015977973108673577	0.10486828326397515	0.03716751927773465	0.3553544449441533
0.6188014947503523	-0.034929232079876575	-0.37176103179473935	0.02042192153098714	0.1133702740714105	0.012751195118735896	0.19075459472780978	0.04003080436760601	0.030315712648021246	-0.09220733479919863	-0.034929232079876575	0.5371005961893207	-0.053018889136504994	0.07569748143289395	0.05918247615085204	0.046281786765636906	0.025688472809361727	0.2509879274125027	0.05792128061182744	-0.10259808868112369	-0.37176103179473935	-0.053018889136504994	0.7635651460572966	0.03146376786438136	0.06666340270946874	0.007187250390258576	0.15341805315209847	0.06282844974330347	0.0221580589776797	0.06338108283064185	0.02042192153098714	0.07569748143289395	0.03146376786438136	0.34533733027734564	0.13511942120075843	0.11135273109983215	0.0856308611199809	0.12025029903181406	0.12111146920993288	-0.00015307536645056365	0.1133702740714105	0.05918247615085204	0.06666340270946874	0.13511942120075843	0.40950201802007336	0.12785197292730813	0.05627771672540375	0.18142326251536314	0.1361787118540397	0.036478497269253486	0.012751195118735896	0.046281786765636906	0.007187250390258576	0.11135273109983215	0.12785197292730813	0.16463030290822406	0.08406393701848465	0.16017741053903722	0.12114174738512445	-0.0030950774621634706	0.19075459472780978	0.025688472809361727	0.15341805315209847	0.0856308611199809	0.05627771672540375	0.08406393701848465	0.2848803395333021	0.1542900055575226	0.09147393888547345	-0.021348647634053534	0.04003080436760601	0.2509879274125027	0.06282844974330347	0.12025029903181406	0.18142326251536314	0.16017741053903722	0.1542900055575226	0.7422402005739295	0.16743413138682778	0.09146086668118629	0.030315712648021246	0.05792128061182744	0.0221580589776797	0.12111146920993288	0.1361787118540397	0.12114174738512445	0.09147393888547345	0.16743413138682778	0.13736125618816525	0.007283659868759642	-0.09220733479919863	-0.10259808868112369	0.06338108283064185	-0.00015307536645056365	0.036478497269253486	-0.0030950774621634706	-0.021348647634053534	0.09146086668118629	0.007283659868759642	0.3410996464060473
0.8752207942616159	-0.15501764448271022	-0.4116142652045706	0.0034754485961927747	0.1677220621212013	-0.04048993983075899	0.29248329941440604	-0.009683359032218564	0.03699636967894529	-0.10640708057205069	-0.15501764448271022	1.6595520476870158	-0.16623969416425083	0.06534689490254227	-0.048139288468730286	-0.09634798741874137	-0.0537154079576124	0.8182344489924223	-0.042429953805953866	-0.2950343902431853	-0.4116142652045706	-0.16623969416425083	0.9289449385992959	0.051528610021011945	0.09074447015039191	-0.01460821391538644	0.19912613204763416	0.058910963341259406	0.04256657365872391	0.12591882219763714	0.0034754485961927747	0.06534689490254227	0.051528610021011945	0.6524644149326163	0.16709498884342688	0.09133811400687626	0.06849645891643495	0.01572777847385906	0.1320305037270676	-0.018578501018407297	0.1677220621212013	-0.048139288468730286	0.09074447015039191	0.16709498884342688	0.622075734506531	0.14620284800665678	0.02442586502659253	0.18051528472946626	0.17813735002965264	0.08011773224715066	-0.04048993983075899	-0.09634798741874137	-0.01460821391538644	0.09133811400687626	0.14620284800665678	0.30602787595099984	0.06938323133210483	0.13804802134431784	0.13256399696335636	-0.015129803909641398	0.29248329941440604	-0.0537154079576124	0.19912613204763416	0.06849645891643495	0.02442586502659253	0.06938323133210483	0.3861529472918987	0.16911466648311257	0.09881166683072826	-0.0275037950895961	-0.009683359032218564	0.8182344489924223	0.058910963341259406	0.01572777847385906	0.18051528472946626	0.13804802134431784	0.16911466648311257	1.407527318609914	0.16282417872756477	0.08990561018497531	0.03699636967894529	-0.042429953805953866	0.04256657365872391	0.1320305037270676	0.17813735002965264	0.13256399696335636	0.09881166683072826	0.16282417872756477	0.1814622965949428	0.027990054181464687	-0.10640708057205069	-0.2950343902431853	0.12591882219763714	-0.018578501018407297	0.08011773224715066	-0.015129803909641398	-0.0275037950895961	0.08990561018497531	0.027990054181464687	0.46748808312023826
1.3793751829602323	-0.07064527687584937	-0.3060150535659947	0.1102155014077656	0.3409642303911365	-0.5781355882662026	0.4787977900470757	-0.02351701245338142	0.17699923705188475	-0.055123713630385755	-0.07064527687584937	2.9058821261989545	-0.1510307666213458	0.19121173401170571	-0.07405887874475534	-0.4658085704591456	0.023752098011863045	1.7383568233556586	-0.007677998288996221	-0.4331195280282763	-0.3060150535659947	-0.1510307666213458	1.1823598779590683	0.1260954614105015	0.14915761102637495	-0.4003084794729456	0.27571642531592855	0.06691522614833012	0.11734831577291781	0.2925369421996598	0.1102155014077656	0.19121173401170571	0.1260954614105015	1.247777590386103	0.27499341024025503	-0.18540700030667204	0.06911952932436703	-0.21633296479274802	0.19932090421217888	-0.06764325764307455	0.3409642303911365	-0.07405887874475534	0.14915761102637495	0.27499341024025503	1.1008871314329807	0.019564836973548272	-0.05886502482495028	0.15832727283838766	0.25598253337715	0.16112875740439925	-0.5781355882662026	-0.4658085704591456	-0.4003084794729456	-0.18540700030667204	0.019564836973548272	1.539843918394237	-0.13447675112497756	0.02301659433304158	-0.1302202453172632	-0.3527472458746547	0.4787977900470757	0.023752098011863045	0.27571642531592855	0.06911952932436703	-0.05886502482495028	-0.13447675112497756	0.5444636168724265	0.22691034082366074	0.1516102024953436	-0.057574902954863914	-0.02351701245338142	1.7383568233556586	0.06691522614833012	-0.21633296479274802	0.15832727283838766	0.02301659433304158	0.22691034082366074	2.4464807425022395	0.15909510055849604	0.08835808437313043	0.17699923705188475	-0.007677998288996221	0.11734831577291781	0.19932090421217888	0.25598253337715	-0.1302202453172632	0.1516102024953436	0.15909510055849604	0.31446426982469705	0.051042751066673074	-0.055123713630385755	-0.4331195280282763	0.2925369421996598	-0.06764325764307455	0.16112875740439925	-0.3527472458746547	-0.057574902954863914	0.08835808437313043	0.051042751066673074	0.7987871561841425
