0.4354166777371549	-0.003002576345088971	0.09723529888780633	-0.0067674404695102445	0.0830673275252864	0.08601251313215376	0.12215761790082567	-0.003002576345088971	0.27648283824046405	0.12416272380418239	0.011593226416357644	0.10760635052135473	0.11368453497269548	0.14836348309933622	0.09723529888780633	0.12416272380418239	0.2934666794283591	0.21336808531193266	0.26414517893766376	0.27099144369768013	0.30724642407853536	-0.0067674404695102445	0.011593226416357644	0.21336808531193266	1.104771059290647	0.2462654725851862	0.23794061360219795	0.24753353099783754	0.0830673275252864	0.10760635052135473	0.26414517893766376	0.2462654725851862	0.3381977101946933	0.24985507945323748	0.2850940948733655	0.08601251313215376	0.11368453497269548	0.27099144369768013	0.23794061360219795	0.24985507945323748	0.3385482280777196	0.2898301126411761	0.12215761790082567	0.14836348309933622	0.30724642407853536	0.24753353099783754	0.2850940948733655	0.2898301126411761	0.3735002260607163
0.8210900354392108	-0.13446819157188208	-0.032054311117866705	-0.1758403182982084	-0.058129816316605756	-0.061293016112446856	0.04108083508901228	-0.13446819157188208	0.4474758929951373	0.08433232980488653	-0.07463025560693905	0.037889122823013634	0.055233291934122575	0.15026080370898595	-0.032054311117866705	0.08433232980488653	0.685459707739593	0.616816419714979	0.5674900836552995	0.6020209517626972	0.7088248187750722	-0.1758403182982084	-0.07463025560693905	0.616816419714979	1.6979689517803627	0.6724754861668854	0.6506393902731009	0.6800041899475981	-0.058129816316605756	0.037889122823013634	0.5674900836552995	0.6724754861668854	0.7401591571058411	0.5068090865159867	0.6044085360691654	-0.061293016112446856	0.055233291934122575	0.6020209517626972	0.6506393902731009	0.5068090865159867	0.747294043636818	0.624258811322015	0.04108083508901228	0.15026080370898595	0.7088248187750722	0.6800041899475981	0.6044085360691654	0.624258811322015	0.8641809479086783
0.5054365333900764	-0.0037141656967566924	0.03856372335863914	-0.0467777789065531	0.03435112651784626	0.03707210985023422	0.09127727440363065	-0.0037141656967566924	0.26055561993704723	0.18182043035840983	0.11068642222218444	0.1731814565855173	0.17897813205700894	0.2273317026683405	0.03856372335863914	0.18182043035840983	0.27518464754703575	0.21428799746571306	0.25690312809635635	0.2636911576250473	0.3089540124802547	-0.0467777789065531	0.11068642222218444	0.21428799746571306	0.9539182810634379	0.23040223009903	0.2232778435475441	0.27918729635255674	0.03435112651784626	0.1731814565855173	0.25690312809635635	0.23040223009903	0.30029381029167546	0.25318005340761607	0.29857875899137154	0.03707210985023422	0.17897813205700894	0.2636911576250473	0.2232778435475441	0.25318005340761607	0.2898436426136663	0.3036334270155019	0.09127727440363065	0.2273317026683405	0.3089540124802547	0.27918729635255674	0.29857875899137154	0.3036334270155019	0.4446341470334455
0.697209481697304	-0.11358207557073091	0.0003759772749827202	-0.1464729253421195	-0.0731260520531225	0.0006114154482804654	0.020645362900491626	-0.11358207557073091	0.37749079806815755	0.13740480038630812	-0.029386485885453322	0.016645188261134675	0.13656797418492447	0.1548457959643704	0.0003759772749827202	0.13740480038630812	0.5331233491978838	0.4008367319274746	0.3096964399845969	0.5198834659840031	0.5350487696919027	-0.1464729253421195	-0.029386485885453322	0.4008367319274746	1.3490309070855124	0.5319348071526536	0.4084346405475156	0.4229151599650977	-0.0731260520531225	0.016645188261134675	0.3096964399845969	0.5319348071526536	0.7609208264339026	0.3089132837520343	0.3249209167953404	0.0006114154482804654	0.13656797418492447	0.5198834659840031	0.4084346405475156	0.3089132837520343	0.5358428234249811	0.5298467783652404	0.020645362900491626	0.1548457959643704	0.5350487696919027	0.4229151599650977	0.3249209167953404	0.5298467783652404	0.57730265576593
0.8957818877095929	-0.15727392754604677	0.003067508258754254	-0.23700150101872042	-0.18032294710146562	-0.02679393259907458	0.0510948788951302	-0.15727392754604677	0.5388816679550258	0.10078306230615709	-0.21815689423926773	-0.18615522409027102	0.07083599000737037	0.14427110282527406	0.003067508258754254	0.10078306230615709	1.4025055255348138	0.8642945075629243	0.3255645117463047	1.2632056927935476	1.3821830605695395	-0.23700150101872042	-0.21815689423926773	0.8642945075629243	2.0524476437466728	1.0024936005630405	0.879470577435552	0.8976423880872223	-0.18032294710146562	-0.18615522409027102	0.3255645117463047	1.0024936005630405	1.426526805198061	0.31590161616126683	0.36433974970799715	-0.02679393259907458	0.07083599000737037	1.2632056927935476	0.879470577435552	0.31590161616126683	1.3187970768572441	1.2479975972849369	0.0510948788951302	0.14427110282527406	1.3821830605695395	0.8976423880872223	0.36433974970799715	1.2479975972849369	1.4550596512232172
0.5206706601915367	-0.037290578696012266	0.19164576771517067	0.017652884077021674	0.02915258940074015	0.17126707908432695	0.21855750944666252	-0.037290578696012266	0.3853434264676907	0.05141287429815229	-0.14982496606291645	-0.07706541461578789	0.04652220216597995	0.07811478300191008	0.19164576771517067	0.05141287429815229	0.5225867204181871	0.24130280188440756	0.17172861349675203	0.4087437595092272	0.46910506895778603	0.017652884077021674	-0.14982496606291645	0.24130280188440756	1.3503613267161625	0.5312674388851468	0.3276412734828122	0.2804979136760329	0.02915258940074015	-0.07706541461578789	0.17172861349675203	0.5312674388851468	0.8602189650539578	0.18058711267336755	0.202310690952652	0.17126707908432695	0.04652220216597995	0.4087437595092272	0.3276412734828122	0.18058711267336755	0.5577114167101983	0.42377355580379594	0.21855750944666252	0.07811478300191008	0.46910506895778603	0.2804979136760329	0.202310690952652	0.42377355580379594	0.4943005349762102
0.3637836265175059	0.02592164048413763	0.12755442794091434	0.049099518330418576	0.09483898373736507	0.1435321263150199	0.1535268408795418	0.02592164048413763	0.26899529985609644	0.08872581574862726	-0.007896094941370675	0.05734508725576859	0.10509375700952168	0.11392748288536607	0.12755442794091434	0.08872581574862726	0.3048015082740839	0.15644233142148908	0.18182992605749423	0.2498039612221596	0.26015139979127183	0.049099518330418576	-0.007896094941370675	0.15644233142148908	0.972455681783956	0.26499995124345577	0.19722937489923767	0.19306806165177276	0.09483898373736507	0.05734508725576859	0.18182992605749423	0.26499995124345577	0.4380795783981521	0.19799189589419994	0.2071859493651349	0.1435321263150199	0.10509375700952168	0.2498039612221596	0.19722937489923767	0.19799189589419994	0.2999655341009725	0.2712140281979662	0.1535268408795418	0.11392748288536607	0.26015139979127183	0.19306806165177276	0.2071859493651349	0.2712140281979662	0.28892510107323044
0.34527025552259183	0.03448758925701781	0.12714044879092093	0.06836358875127792	0.11059766683323116	0.14783725028777314	0.15919595367158673	0.03448758925701781	0.2623457420180406	0.08113476873542602	0.005315164693687027	0.06671374833644339	0.10268463863194743	0.11250742355517498	0.12714044879092093	0.08113476873542602	0.3002252476109546	0.14976879875175328	0.17970595906424713	0.2320948409179634	0.24343778702499122	0.06836358875127792	0.005315164693687027	0.14976879875175328	0.90397900793682	0.2452258095697616	0.19843458517806534	0.19370526582043124	0.11059766683323116	0.06671374833644339	0.17970595906424713	0.2452258095697616	0.40242315938018414	0.19984723642705463	0.210722019327794	0.14783725028777314	0.10268463863194743	0.2320948409179634	0.19843458517806534	0.19984723642705463	0.2948640263484645	0.2587333032374279	0.15919595367158673	0.11250742355517498	0.24343778702499122	0.19370526582043124	0.210722019327794	0.2587333032374279	0.27772144018330375
0.30612179297291015	0.045173658321366425	0.15133126551082918	0.10062207782947037	0.13025080715044057	0.17183303256193544	0.17936896903673824	0.045173658321366425	0.25479805618281315	0.07183815380200234	0.0031039687183466516	0.057674064796496366	0.09362013931358616	0.10037180567947575	0.15133126551082918	0.07183815380200234	0.28081653203129925	0.15008261681820328	0.17310523764666835	0.2253759855757297	0.23278682377734083	0.10062207782947037	0.0031039687183466516	0.15008261681820328	0.8232515051419792	0.22923412649842548	0.18767122201010736	0.1886492337263387	0.13025080715044057	0.057674064796496366	0.17310523764666835	0.22923412649842548	0.3877359391851043	0.193725100483364	0.2009323641156853	0.17183303256193544	0.09362013931358616	0.2253759855757297	0.18767122201010736	0.193725100483364	0.26664061638083836	0.2503108982219467	0.17936896903673824	0.10037180567947575	0.23278682377734083	0.1886492337263387	0.2009323641156853	0.2503108982219467	0.2655810903511897
0.29551712121988893	0.029570456599487205	0.1968051629625744	0.21012084487024862	0.22974421474611254	0.239324408178526	0.2561736744646046	0.029570456599487205	0.30263764024188483	-0.0003265444883989166	-0.011441637476702491	0.041601642843752146	0.04726263044633908	0.06747007653542286	0.1968051629625744	-0.0003265444883989166	0.3294955012219196	0.19182076174666063	0.22053371853130024	0.23200592504017828	0.25059229920236004	0.21012084487024862	-0.011441637476702491	0.19182076174666063	0.6984950595129683	0.25167775665941466	0.24824593619123442	0.2680181020706402	0.22974421474611254	0.041601642843752146	0.22053371853130024	0.25167775665941466	0.3056318927504549	0.2618977699434542	0.27827709011838175	0.239324408178526	0.04726263044633908	0.23200592504017828	0.24824593619123442	0.2618977699434542	0.2796316696019013	0.28847840584278944	0.2561736744646046	0.06747007653542286	0.25059229920236004	0.2680181020706402	0.27827709011838175	0.28847840584278944	0.34265638966688117
0.450217859811328	-0.05633143585899608	0.19470522638069881	0.1385746527298205	0.15865921033541144	0.21967759031409642	0.23070515015393933	-0.05633143585899608	0.37936101392866656	-0.016960856568773018	-0.12265572680979318	-0.02971503720191252	0.010181808690671468	0.023065738433825166	0.19470522638069881	-0.016960856568773018	0.44278677251440746	0.3070648873481201	0.29242982035548304	0.38101414674461626	0.3910419892512135	0.1385746527298205	-0.12265572680979318	0.3070648873481201	1.156119348586143	0.4026856914478073	0.34461439642465536	0.3566431215807901	0.15865921033541144	-0.02971503720191252	0.29242982035548304	0.4026856914478073	0.5384489217030578	0.3158879974915764	0.3259040965534304	0.21967759031409642	0.010181808690671468	0.38101414674461626	0.34461439642465536	0.3158879974915764	0.40752768393950073	0.40965999487785526	0.23070515015393933	0.023065738433825166	0.3910419892512135	0.3566431215807901	0.3259040965534304	0.40965999487785526	0.4420768389353386
0.5219004221305941	0.0003014913505135497	0.15727395232946798	0.18475798741479293	0.2009243620391837	0.21887957905558872	0.32600669010870453	0.0003014913505135497	0.43967695987248623	0.008633876915802877	-0.003300448208568528	0.057279789322547466	0.06916796117574157	0.19829571173173338	0.15727395232946798	0.008633876915802877	0.5421323648965531	0.33777055867568107	0.3421873006235263	0.3748782313400676	0.48180034247465303	0.18475798741479293	-0.003300448208568528	0.33777055867568107	1.1365319580439905	0.43244555384994215	0.41501644757547373	0.5429221324974939	0.2009243620391837	0.057279789322547466	0.3421873006235263	0.43244555384994215	0.4792875616716635	0.3932867884522312	0.4779720688821647	0.21887957905558872	0.06916796117574157	0.3748782313400676	0.41501644757547373	0.3932867884522312	0.4282186410994186	0.5031928570089755	0.32600669010870453	0.19829571173173338	0.48180034247465303	0.5429221324974939	0.4779720688821647	0.5031928570089755	0.8392235308234769
0.5109832646775937	0.08166924109873004	0.10844902391688797	0.2243236721137445	0.23048020472374364	0.23486213414083737	0.3830828762984313	0.08166924109873004	0.4239463232260705	0.029567962135594678	0.1188533843607045	0.1457089723487097	0.14905809436083908	0.31827351379886004	0.10844902391688797	0.029567962135594678	0.6533756202997513	0.240891326407493	0.2696147471647038	0.27974501620417186	0.48784078549973053	0.2243236721137445	0.1188533843607045	0.240891326407493	0.9321098534705157	0.39189294561365956	0.3877558057573556	0.557074439794071	0.23048020472374364	0.1457089723487097	0.2696147471647038	0.39189294561365956	0.4089986757194078	0.37624475371224075	0.497999497584791	0.23486213414083737	0.14905809436083908	0.27974501620417186	0.3877558057573556	0.37624475371224075	0.3897679954998486	0.5038232847589317	0.3830828762984313	0.31827351379886004	0.48784078549973053	0.557074439794071	0.497999497584791	0.5038232847589317	1.004359465860287
0.7621083262846098	0.0649908695092423	0.09373506363581009	0.15310845916401014	0.14698713806118308	0.17922519596090702	0.4653502779434382	0.0649908695092423	0.5442986707344647	0.09276229099918337	0.10330965226254993	0.12326464648623986	0.1600443159761863	0.4611718544347239	0.09373506363581009	0.09276229099918337	0.8101236687997648	0.41788076716902867	0.3635843910606548	0.4856018397504449	0.7596860150834769	0.15310845916401014	0.10330965226254993	0.41788076716902867	1.599366615706471	0.6404841800186731	0.526605687138302	0.8629053597389759	0.14698713806118308	0.12326464648623986	0.3635843910606548	0.6404841800186731	0.7189192789246752	0.4352329712594324	0.6441233489929711	0.17922519596090702	0.1600443159761863	0.4856018397504449	0.526605687138302	0.4352329712594324	0.5455873802578637	0.7051157943582275	0.4653502779434382	0.4611718544347239	0.7596860150834769	0.8629053597389759	0.6441233489929711	0.7051157943582275	1.537227360210559
0.40829751615476584	-0.022177304205024534	0.17522008148916524	0.12194321887454984	0.15622740696590046	0.20339335752852183	0.21536999033319557	-0.022177304205024534	0.3418824029995468	0.013400386073266171	-0.08313815661230421	0.008101455673885167	0.04301650570791627	0.05659994249662272	0.17522008148916524	0.013400386073266171	0.3895726536446569	0.24327345888342178	0.25699502433190935	0.32242256039871015	0.333786687575661	0.12194321887454984	-0.08313815661230421	0.24327345888342178	1.1170399051375872	0.34302736320398064	0.286898519085876	0.30079924359691157	0.15622740696590046	0.008101455673885167	0.25699502433190935	0.34302736320398064	0.4645926524539853	0.283759193098689	0.294837784080645	0.20339335752852183	0.04301650570791627	0.32242256039871015	0.286898519085876	0.283759193098689	0.35258400081578484	0.35602742915489116	0.21536999033319557	0.05659994249662272	0.333786687575661	0.30079924359691157	0.294837784080645	0.35602742915489116	0.39165446318621266
0.5326707167095045	0.02301346449126629	0.21553128244495035	0.4267254394408229	0.3958267979492545	0.406953099029432	0.543976370168814	0.02301346449126629	0.6618262559117469	-0.18232010584974945	-0.020770742639664573	0.02332863235632319	0.02366298174497132	0.2678778151086372	0.21553128244495035	-0.18232010584974945	1.0313005642678985	0.27796730614930426	0.30826434486934945	0.32882727869348627	0.64970425349188	0.4267254394408229	-0.020770742639664573	0.27796730614930426	1.2129539886847867	0.5384638550758098	0.5304423989887047	0.7096704583684604	0.3958267979492545	0.02332863235632319	0.30826434486934945	0.5384638550758098	0.5337217739913763	0.48552921198867904	0.6032915964193101	0.406953099029432	0.02366298174497132	0.32882727869348627	0.5304423989887047	0.48552921198867904	0.5055071110764089	0.6140467106023045	0.543976370168814	0.2678778151086372	0.64970425349188	0.7096704583684604	0.6032915964193101	0.6140467106023045	1.2594436534675628
0.5031420274753956	0.029183885074315408	0.2551084335794184	0.4571341207488705	0.4370001566319015	0.4375698885863601	0.5841575946713109	0.029183885074315408	0.6837168173894899	-0.17228365615331045	0.0036683439932505904	0.028795506724986455	0.02745444674499581	0.3074979233526641	0.2551084335794184	-0.17228365615331045	1.0415507231480032	0.2850882187006475	0.30681709550775194	0.3108592012627865	0.6889626693754364	0.4571341207488705	0.0036683439932505904	0.2850882187006475	0.9227283207182042	0.5070760988077445	0.505677379002599	0.6830932517565803	0.4370001566319015	0.028795506724986455	0.30681709550775194	0.5070760988077445	0.4951275939440714	0.4808411013724663	0.615043916022493	0.4375698885863601	0.02745444674499581	0.3108592012627865	0.505677379002599	0.4808411013724663	0.4899188670584695	0.6145447415449687	0.5841575946713109	0.3074979233526641	0.6889626693754364	0.6830932517565803	0.615043916022493	0.6145447415449687	1.3491010934729735
0.544661531431498	-0.024178640106034988	0.28578880454654765	0.33093534244730183	0.3087056387129462	0.3463305347391133	0.4976003647424414	-0.024178640106034988	0.6117956544336778	-0.07910325880102875	-0.11249954537482448	-0.024487439014339862	-0.014510436365917742	0.2216334045346963	0.28578880454654765	-0.07910325880102875	0.6738792011681117	0.42981389022268013	0.40304400170700755	0.4625662051826162	0.6285444740813474	0.33093534244730183	-0.11249954537482448	0.42981389022268013	1.5141834463097064	0.5697144022584459	0.5205859663627288	0.7371988638238706	0.3087056387129462	-0.024487439014339862	0.40304400170700755	0.5697144022584459	0.5983868205065745	0.4593958154298292	0.5884574162650387	0.3463305347391133	-0.014510436365917742	0.4625662051826162	0.5205859663627288	0.4593958154298292	0.5176989231082846	0.626617714432769	0.4976003647424414	0.2216334045346963	0.6285444740813474	0.7371988638238706	0.5884574162650387	0.626617714432769	1.1744749866316309
0.32984939176959943	0.06142181871887284	0.22658195808253132	0.16147055749278222	0.18454040313485973	0.25172455292546014	0.30942255281727793	0.06142181871887284	0.3294247839539652	0.05924125752072249	-0.04597071356424359	0.03736164616791304	0.08635995667384064	0.15606623526316818	0.22658195808253132	0.05924125752072249	0.34416701682834977	0.16973573792914573	0.19635482668309995	0.2746598008535173	0.3351682473695271	0.16147055749278222	-0.04597071356424359	0.16973573792914573	1.2200262085594855	0.3323829182574948	0.21649462648102416	0.3123433503708446	0.18454040313485973	0.03736164616791304	0.19635482668309995	0.3323829182574948	0.4753317728437164	0.22456814276253256	0.2859436488778327	0.25172455292546014	0.08635995667384064	0.2746598008535173	0.21649462648102416	0.22456814276253256	0.30391132013793876	0.3522674651383508	0.30942255281727793	0.15606623526316818	0.3351682473695271	0.3123433503708446	0.2859436488778327	0.3522674651383508	0.5473760489784729
0.430478546580449	0.10504007696479978	0.1351442577074973	0.11243756052531859	0.15729836298529498	0.1660148043033639	0.3137897381962961	0.10504007696479978	0.30102769538898116	0.16965493749449606	0.13938554676554935	0.18704719167101594	0.19731886643379493	0.34095421810547066	0.1351442577074973	0.16965493749449606	0.34957291849436584	0.2064919422461085	0.24697194095005923	0.2607076996959157	0.40638683346331445	0.11243756052531859	0.13938554676554935	0.2064919422461085	1.1705174506544205	0.2764777279315306	0.2537802951010298	0.46756809829198565	0.15729836298529498	0.18704719167101594	0.24697194095005923	0.2764777279315306	0.327888618910716	0.27420169018672824	0.40534961621585985	0.1660148043033639	0.19731886643379493	0.2607076996959157	0.2537802951010298	0.27420169018672824	0.2926832202267414	0.4143448420426082	0.3137897381962961	0.34095421810547066	0.40638683346331445	0.46756809829198565	0.40534961621585985	0.4143448420426082	0.8592406563146074
0.35317433732105225	0.13512027245282482	0.14787330357940884	0.15531672290770693	0.1982363802755767	0.1978848481454593	0.33031612535584953	0.13512027245282482	0.2868445059945768	0.13971981576774703	0.13458607102230996	0.1874631527231349	0.18728751067456795	0.32212497510583055	0.14787330357940884	0.13971981576774703	0.36500898274501703	0.15748717952869162	0.21915124760473134	0.21993172729492988	0.3694398525713089	0.15531672290770693	0.13458607102230996	0.15748717952869162	1.1471027003588024	0.24044610603679867	0.23820664457663815	0.43676339443904616	0.1982363802755767	0.1874631527231349	0.21915124760473134	0.24044610603679867	0.27657356279828127	0.2650004396667748	0.38772703097178807	0.1978848481454593	0.18728751067456795	0.21993172729492988	0.23820664457663815	0.2650004396667748	0.2752035767321973	0.38630995620856834	0.33031612535584953	0.32212497510583055	0.3694398525713089	0.43676339443904616	0.38772703097178807	0.38630995620856834	0.8077610664806574
0.3134877805549644	0.13948501992804355	0.13701611097628114	0.10451855699234298	0.15907860247354963	0.16400613047357285	0.272236763446327	0.13948501992804355	0.23492363359950263	0.17140334583223846	0.13880689704140878	0.19095968414505607	0.19659047950707026	0.30128398197859674	0.13701611097628114	0.17140334583223846	0.2750171601662736	0.13599701177204604	0.1953392918803778	0.20204512265091623	0.31391511905633446	0.10451855699234298	0.13880689704140878	0.13599701177204604	1.022603543823133	0.19163825792105202	0.17974968654649992	0.34048510701818846	0.15907860247354963	0.19095968414505607	0.1953392918803778	0.19163825792105202	0.2526909111400686	0.22053247794904274	0.3224694087877541	0.16400613047357285	0.19659047950707026	0.20204512265091623	0.17974968654649992	0.22053247794904274	0.23353408375222046	0.32686481322806055	0.272236763446327	0.30128398197859674	0.31391511905633446	0.34048510701818846	0.3224694087877541	0.32686481322806055	0.6593868032026696
0.44866091346869963	0.1079251753165347	0.07271660566796723	0.12354254796843261	0.14380799349996778	0.1442329696464779	0.2774458977142272	0.1079251753165347	0.28315282557558097	0.15605888937866605	0.20006287243528267	0.21724074308357877	0.2183519777071752	0.34184096903203826	0.07271660566796723	0.15605888937866605	0.39891018303034764	0.18607120067801536	0.21275308005947607	0.21514412183988005	0.36437772943937224	0.12354254796843261	0.20006287243528267	0.18607120067801536	0.6405648792429218	0.26503629998542394	0.263885550092647	0.4079555060580949	0.14380799349996778	0.21724074308357877	0.21275308005947607	0.26503629998542394	0.28830761728028825	0.27296391113542307	0.3874538905290596	0.1442329696464779	0.2183519777071752	0.21514412183988005	0.263885550092647	0.27296391113542307	0.28245952246753653	0.38789056099706404	0.2774458977142272	0.34184096903203826	0.36437772943937224	0.4079555060580949	0.3874538905290596	0.38789056099706404	0.7838068225284016
0.9730394827317745	0.014797446259332742	-0.026083883393897056	0.0014844256633638683	0.018824661690581855	0.02078288861170688	0.362961142947946	0.014797446259332742	0.45453944359641585	0.26075043621912924	0.2598052718368558	0.2135548997828351	0.28992389747476827	0.548996235348676	-0.026083883393897056	0.26075043621912924	0.6286918273436832	0.43831305304982743	0.33909045274416266	0.474505066807854	0.71118904370614	0.0014844256633638683	0.2598052718368558	0.43831305304982743	0.9835534518878546	0.48709461298774115	0.4763921746889149	0.7488048228046166	0.018824661690581855	0.2135548997828351	0.33909045274416266	0.48709461298774115	0.7206130141999347	0.3707562621618281	0.5867351646788725	0.02078288861170688	0.28992389747476827	0.474505066807854	0.4763921746889149	0.3707562621618281	0.5040817080825893	0.6832894454883076	0.362961142947946	0.548996235348676	0.71118904370614	0.7488048228046166	0.5867351646788725	0.6832894454883076	1.4772029836080072
0.40255081497011536	0.01753955246220151	0.05033122235569867	0.012695352531073859	0.03798906686555224	0.0674883097081128	0.07461503422453548	0.01753955246220151	0.2317922211935597	0.14585431031960766	0.10766674385092082	0.11886982770481978	0.1602774983115508	0.16714014723404247	0.05033122235569867	0.14585431031960766	0.2619065288122642	0.17574562781036962	0.17395397522830072	0.22493838013687356	0.2318238393346744	0.012695352531073859	0.10766674385092082	0.17574562781036962	0.6021861757756621	0.2093901785091281	0.19670303904140132	0.20214910202926611	0.03798906686555224	0.11886982770481978	0.17395397522830072	0.2093901785091281	0.38293707108186875	0.1882028344337898	0.1950379132828463	0.0674883097081128	0.1602774983115508	0.22493838013687356	0.19670303904140132	0.1882028344337898	0.2506569631513864	0.24453291108991998	0.07461503422453548	0.16714014723404247	0.2318238393346744	0.20214910202926611	0.1950379132828463	0.24453291108991998	0.2623348009796034
0.45083696959816383	-0.03076747281279804	0.15867498158616103	0.10819264397407811	0.1325734553906897	0.17965352264452966	0.20752494650076453	-0.03076747281279804	0.3503305170414052	0.03447331323398077	-0.048190113313998195	0.01915892210665423	0.05572584916610869	0.08745000345667497	0.15867498158616103	0.03447331323398077	0.4037398044627429	0.2915435042356161	0.2807914127199986	0.3530359559412982	0.37721886275227284	0.10819264397407811	-0.048190113313998195	0.2915435042356161	1.025813004850328	0.36133986893033576	0.3205195553779613	0.3538128441118916	0.1325734553906897	0.01915892210665423	0.2807914127199986	0.36133986893033576	0.49643995995019297	0.2995130397234498	0.3237999601079219	0.17965352264452966	0.05572584916610869	0.3530359559412982	0.3205195553779613	0.2995130397234498	0.37526668395341856	0.39138448153875643	0.20752494650076453	0.08745000345667497	0.37721886275227284	0.3538128441118916	0.3237999601079219	0.39138448153875643	0.4743396509398493
0.32155974573572593	0.0923334128960586	0.18950041609355953	0.26116469799440883	0.262392318054404	0.28090513723480387	0.3572204293573605	0.0923334128960586	0.3515999195568865	0.0036938153727429784	0.057836928734757875	0.09260425335751644	0.10318153823983918	0.19888585118632748	0.18950041609355953	0.0036938153727429784	0.456277093458918	0.1629754220064022	0.19056659488872832	0.21367868004397494	0.3211039097340103	0.26116469799440883	0.057836928734757875	0.1629754220064022	0.7848906343010343	0.295854420696889	0.28534412901135353	0.38564918087505096	0.262392318054404	0.09260425335751644	0.19056659488872832	0.295854420696889	0.36441454398509354	0.28216306179874306	0.35759155764477873	0.28090513723480387	0.10318153823983918	0.21367868004397494	0.28534412901135353	0.28216306179874306	0.3078507731697761	0.3755932701971154	0.3572204293573605	0.19888585118632748	0.3211039097340103	0.38564918087505096	0.35759155764477873	0.3755932701971154	0.6501657186001383
0.29873398525156064	0.1178586603331894	0.17024579186156374	0.21912128006053655	0.24193875991115188	0.24984818142376325	0.332168096654389	0.1178586603331894	0.3104290011041319	0.049227187140500436	0.07549117532240979	0.12664074059873542	0.13243480986279912	0.2277293223068322	0.17024579186156374	0.049227187140500436	0.4067066692793445	0.128982623568138	0.18571158075214445	0.19629784162553834	0.3052875708078468	0.21912128006053655	0.07549117532240979	0.128982623568138	0.9481467885640043	0.2586503271757259	0.24736138550707815	0.36637925113060693	0.24193875991115188	0.12664074059873542	0.18571158075214445	0.2586503271757259	0.30547530709060927	0.2643841552885725	0.3452271819576151	0.24984818142376325	0.13243480986279912	0.19629784162553834	0.24736138550707815	0.2643841552885725	0.27921392982657217	0.35236783327606774	0.332168096654389	0.2277293223068322	0.3052875708078468	0.36637925113060693	0.3452271819576151	0.35236783327606774	0.6381084377356486
0.5914547817588051	0.04687094147731853	0.11493148908181874	0.06518994988246164	0.09965426663930427	0.13999956293514676	0.31371332141920133	0.04687094147731853	0.3811736340008092	0.16764413810977363	0.0988597750178358	0.1362392426632873	0.1883772724965177	0.3546356076527847	0.11493148908181874	0.16764413810977363	0.4425288506352139	0.29540425349421096	0.2842968874649198	0.3669900150104206	0.5101029862118459	0.06518994988246164	0.0988597750178358	0.29540425349421096	1.373198917168886	0.44524552484320024	0.3326734758145579	0.5697057686103457	0.09965426663930427	0.1362392426632873	0.2842968874649198	0.44524552484320024	0.5552539446225103	0.30653251205489573	0.45409978601646367	0.13999956293514676	0.1883772724965177	0.3669900150104206	0.3326734758145579	0.30653251205489573	0.3902565996493579	0.5117097767727705	0.31371332141920133	0.3546356076527847	0.5101029862118459	0.5697057686103457	0.45409978601646367	0.5117097767727705	1.0026295818430164
0.25147566464083115	0.09684309363388573	0.1737269921011865	0.10898062678416656	0.16189480129887043	0.18623113026413862	0.22432064573806745	0.09684309363388573	0.2342529412127139	0.10820751236660617	0.024831759645420705	0.0994834590090082	0.1211126865352514	0.1619506292408041	0.1737269921011865	0.10820751236660617	0.2387557566579241	0.12546687184397287	0.17907589920760086	0.2061608372914736	0.24467186021189125	0.10898062678416656	0.024831759645420705	0.12546687184397287	0.9601580095668314	0.18771233979646626	0.14865793285171236	0.20513491103643486	0.16189480129887043	0.0994834590090082	0.17907589920760086	0.18771233979646626	0.2956705216914418	0.19187845005593895	0.22992354723028696	0.18623113026413862	0.1211126865352514	0.2061608372914736	0.14865793285171236	0.19187845005593895	0.22483635827989912	0.25455282255778866	0.22432064573806745	0.1619506292408041	0.24467186021189125	0.20513491103643486	0.22992354723028696	0.25455282255778866	0.3747387454904841
0.5793788318434263	0.10059592411903992	0.19550029054589066	0.13163788306777266	0.09263438837180775	0.19738434925850462	0.4392843834016452	0.10059592411903992	0.4089079695446923	0.22262820415864676	0.14233273359716536	0.10048110261736888	0.22403831929324539	0.4610545046751122	0.19550029054589066	0.22262820415864676	0.42351309540901294	0.3244023795892351	0.210771957155156	0.40853028799331365	0.594710600401978	0.13163788306777266	0.14233273359716536	0.3244023795892351	1.1084518965002115	0.5003837869344364	0.3296776356895267	0.6350973821822531	0.09263438837180775	0.10048110261736888	0.210771957155156	0.5003837869344364	0.8844619425956521	0.213382272828309	0.4494049435504153	0.19738434925850462	0.22403831929324539	0.40853028799331365	0.3296776356895267	0.213382272828309	0.41668347491824487	0.5902759879374688	0.4392843834016452	0.4610545046751122	0.594710600401978	0.6350973821822531	0.4494049435504153	0.5902759879374688	1.2746282117874501
0.5758281665354474	-0.0005688983889978391	0.052995985596712536	-0.05998449211105124	0.0005060369440173865	0.065832227135819	0.14315663093420936	-0.0005688983889978391	0.32065548851129	0.19006091795955413	0.06713080910916767	0.09965308797204758	0.19984667075353651	0.2673556614495623	0.052995985596712536	0.19006091795955413	0.37145205293425393	0.21922640715244274	0.20655782879021264	0.33857062978507096	0.39727646095513525	-0.05998449211105124	0.06713080910916767	0.21922640715244274	1.2275037834244173	0.40058378102541414	0.2396482570255435	0.3418259118251769	0.0005060369440173865	0.09965308797204758	0.20655782879021264	0.40058378102541414	0.6068342847377232	0.2185473038966492	0.2869176399593017	0.065832227135819	0.19984667075353651	0.33857062978507096	0.2396482570255435	0.2185473038966492	0.35283076877714425	0.40238091880471755	0.14315663093420936	0.2673556614495623	0.39727646095513525	0.3418259118251769	0.2869176399593017	0.40238091880471755	0.610192787266159
0.5292944452203574	0.008875665299156996	0.12053384029998071	0.03838672607249453	0.09240466189589057	0.13362074672436608	0.23243583218583821	0.008875665299156996	0.35594712233166864	0.1263688488862449	0.02214580823590389	0.09197555939289276	0.13785706351074611	0.23703415472811443	0.12053384029998071	0.1263688488862449	0.3958765496396002	0.2845574261598487	0.28725376595251667	0.35920728263604934	0.43769170290634535	0.03838672607249453	0.02214580823590389	0.2845574261598487	1.3306228850753608	0.3979946229380238	0.30611704252120636	0.44266506525060584	0.09240466189589057	0.09197555939289276	0.28725376595251667	0.3979946229380238	0.5049996964366086	0.29872238533981166	0.3828628791525489	0.13362074672436608	0.13785706351074611	0.35920728263604934	0.30611704252120636	0.29872238533981166	0.3743178869968578	0.4421794374251373	0.23243583218583821	0.23703415472811443	0.43769170290634535	0.44266506525060584	0.3828628791525489	0.4421794374251373	0.7239373924985183
0.46206240650609876	-0.006342345127328938	0.19573725646972934	-0.01070699918655605	0.038232385720499286	0.14016627637822376	0.20389369792762024	-0.006342345127328938	0.34363624916257274	0.09485581668832704	-0.13519279287746153	-0.04344705603922421	0.05578113735092498	0.1032727523862547	0.19573725646972934	0.09485581668832704	0.4096139616396568	0.18361918353017123	0.17476572838725837	0.3230885881146657	0.40353928959110674	-0.01070699918655605	-0.13519279287746153	0.18361918353017123	1.324218143683313	0.4494133480516657	0.27966256586213745	0.19591285288959417	0.038232385720499286	-0.04344705603922421	0.17476572838725837	0.4494133480516657	0.735230005219859	0.15450118761844275	0.18374109321974288	0.14016627637822376	0.05578113735092498	0.3230885881146657	0.27966256586213745	0.15450118761844275	0.5271184376569363	0.32789413216006896	0.20389369792762024	0.1032727523862547	0.40353928959110674	0.19591285288959417	0.18374109321974288	0.32789413216006896	0.4187355681971082
0.4247774574150585	0.0018406598052499445	0.12620531290217474	0.021907945744698995	0.09213631351093271	0.13191285069193306	0.15925184596473926	0.0018406598052499445	0.2969807105244453	0.1034514574272977	-0.02304478398921337	0.06814677932065509	0.1088646937609772	0.1368389920723339	0.12620531290217474	0.1034514574272977	0.3188502369989399	0.21446181999219416	0.24432959441680296	0.3016391522071892	0.3249650243687992	0.021907945744698995	-0.02304478398921337	0.21446181999219416	1.1865890949551146	0.3005265230956417	0.22712101854298183	0.2634693829688651	0.09213631351093271	0.06814677932065509	0.24432959441680296	0.3005265230956417	0.4216641028263088	0.24950249226212837	0.2741298744721709	0.13191285069193306	0.1088646937609772	0.3016391522071892	0.22712101854298183	0.24950249226212837	0.3133791665837138	0.3283001612115621	0.15925184596473926	0.1368389920723339	0.3249650243687992	0.2634693829688651	0.2741298744721709	0.3283001612115621	0.40716170020987463
0.6396280361001783	-0.034511339039539735	0.0437679440262574	-0.15609604049890005	-0.016824287745585448	-0.07034601341420545	0.08971400952530846	-0.034511339039539735	0.37102200144683345	0.17203178644041964	-0.057801097567595675	0.06496795736397654	0.038536357233166126	0.2101478979646032	0.0437679440262574	0.17203178644041964	0.5316284936252642	0.17253801808835434	0.24458376512653102	0.22458040640682775	0.4640250439177504	-0.15609604049890005	-0.057801097567595675	0.17253801808835434	1.3877321415148531	0.4251757569964848	0.46888831096508676	0.21770900514491465	-0.016824287745585448	0.06496795736397654	0.24458376512653102	0.4251757569964848	0.6951193203530754	0.15194129635671094	0.28549440068357756	-0.07034601341420545	0.038536357233166126	0.22458040640682775	0.46888831096508676	0.15194129635671094	0.9003881683632496	0.22768354612133435	0.08971400952530846	0.2101478979646032	0.4640250439177504	0.21770900514491465	0.28549440068357756	0.22768354612133435	0.5039327423465679
0.3448119651468837	0.014533015240026856	0.1896393410807014	0.10420672683655251	0.12665013908582334	0.19798933907867083	0.20711259093479348	0.014533015240026856	0.2935869165263094	0.05844444116166386	-0.05661073459296187	0.011914946883215483	0.06778987327336747	0.0774388065739136	0.1896393410807014	0.05844444116166386	0.30897615893988084	0.19414859912035143	0.19654843696418542	0.2843782649254095	0.29313626031802303	0.10420672683655251	-0.05661073459296187	0.19414859912035143	0.9779712258921567	0.2917389056038835	0.21112267142375818	0.21992724536629754	0.12665013908582334	0.011914946883215483	0.19654843696418542	0.2917389056038835	0.48324998367065203	0.20560975814457688	0.21441413434511905	0.19798933907867083	0.06778987327336747	0.2843782649254095	0.21112267142375818	0.20560975814457688	0.30102746333829666	0.2998003084296168	0.20711259093479348	0.0774388065739136	0.29313626031802303	0.21992724536629754	0.21441413434511905	0.2998003084296168	0.325229334232731
0.33453483574308984	0.03995552799831341	0.15726523806970005	0.05858797374621418	0.09820894643583365	0.16943918307101266	0.17813824726424532	0.03995552799831341	0.26823730470483154	0.08650459734577233	-0.03416295752909554	0.035046612601484076	0.09975802933516793	0.10748869852132018	0.15726523806970005	0.08650459734577233	0.2937904633711617	0.1371419013737453	0.15974778935059383	0.2498990078440543	0.2587459889622547	0.05858797374621418	-0.03416295752909554	0.1371419013737453	1.0252606987753954	0.2777489452357771	0.171756214496162	0.1691196485972944	0.09820894643583365	0.035046612601484076	0.15974778935059383	0.2777489452357771	0.47958811665312584	0.17430723557256605	0.18164317988544126	0.16943918307101266	0.09975802933516793	0.2498990078440543	0.171756214496162	0.17430723557256605	0.2881865228953824	0.2679160443580007	0.17813824726424532	0.10748869852132018	0.2587459889622547	0.1691196485972944	0.18164317988544126	0.2679160443580007	0.2843138297369241
0.3835840867203296	0.012656262872437249	0.1386543061299042	0.03902358774042468	0.0863301884795994	0.15005903717126437	0.158114400362686	0.012656262872437249	0.28300878214029485	0.09041052823852168	-0.031603974681155014	0.04076965156080523	0.10166197488460266	0.1097157480117225	0.1386543061299042	0.09041052823852168	0.31225404560938264	0.17833474393291257	0.19462489577989328	0.28173432457722347	0.28938648817691803	0.03902358774042468	-0.031603974681155014	0.17833474393291257	1.0595022657155415	0.2957847109405177	0.20043325193446182	0.2069691979508155	0.0863301884795994	0.04076965156080523	0.19462489577989328	0.2957847109405177	0.4749649122877898	0.20623067185939273	0.2137458647648613	0.15005903717126437	0.10166197488460266	0.28173432457722347	0.20043325193446182	0.20623067185939273	0.3009439037691407	0.29799054598512353	0.158114400362686	0.1097157480117225	0.28938648817691803	0.2069691979508155	0.2137458647648613	0.29799054598512353	0.319195149543396
0.4346528364932175	-0.040579273221478376	0.16904985590461916	0.09301364935716377	0.13079818566740467	0.18579677753736248	0.19282046907624306	-0.040579273221478376	0.34488922660003435	0.021204456766983678	-0.09753891294087626	-0.0036722870795081047	0.03908224945402693	0.04605865753975482	0.16904985590461916	0.021204456766983678	0.3955330055436767	0.2711937349142763	0.27177201512482096	0.3512425937772062	0.3579981535837703	0.09301364935716377	-0.09753891294087626	0.2711937349142763	1.150461246453182	0.365389379623937	0.3001336099313627	0.30461301821013953	0.13079818566740467	-0.0036722870795081047	0.27177201512482096	0.365389379623937	0.5014792211687654	0.28739855342127785	0.2939030461046915	0.18579677753736248	0.03908224945402693	0.3512425937772062	0.3001336099313627	0.28739855342127785	0.3750931847076111	0.3702184365687966	0.19282046907624306	0.04605865753975482	0.3579981535837703	0.30461301821013953	0.2939030461046915	0.3702184365687966	0.3879509011356844
0.6930547165057039	0.015681133733702834	0.15812085975183285	0.19079112778667986	0.17992260097770502	0.22893131152153492	0.44780549924678403	0.015681133733702834	0.5910907706597164	-0.003015512940318932	-0.0248899020663728	0.03305704008268963	0.0602255290025514	0.3322883906185989	0.15812085975183285	-0.003015512940318932	0.7894358337435667	0.4749270207048779	0.4067985683270229	0.5382515289714077	0.729608046570416	0.19079112778667986	-0.0248899020663728	0.4749270207048779	1.6462212769295832	0.670456488619393	0.5689991876295062	0.8315382717238409	0.17992260097770502	0.03305704008268963	0.4067985683270229	0.670456488619393	0.7416916329645955	0.4677627179648225	0.6287836015782288	0.22893131152153492	0.0602255290025514	0.5382515289714077	0.5689991876295062	0.4677627179648225	0.5896621420371685	0.7058260504047851	0.44780549924678403	0.3322883906185989	0.729608046570416	0.8315382717238409	0.6287836015782288	0.7058260504047851	1.369723762688509
