0.1379351834221509	0.09180713677967624	0.011194959847807651	0.1014861128136424	0.11121075220486806	0.1003809058246097	0.10196710845223529	0.10622346790119075	-0.061095545860302344	0.062199098343746005	0.09180713677967624	0.15079826392975504	0.020301310686313145	0.09756069084704153	0.10216003228052882	0.09481139272248404	0.08225181208442867	0.10187196035620749	-0.06258464858377052	0.05383684518877912	0.011194959847807651	0.020301310686313145	0.40779692562710806	0.03213678645369324	0.062140382301319186	0.026657194400611407	0.1802905002162193	0.03275126321497063	-0.14829749828442165	0.026896702842497813	0.1014861128136424	0.09756069084704153	0.03213678645369324	0.1807629762415296	0.11458741615328658	0.10483194458622153	0.09541927901945368	0.1098076315058224	-0.04794546467739304	0.06676646784273152	0.11121075220486806	0.10216003228052882	0.062140382301319186	0.11458741615328658	0.25879444353237363	0.11189361384518665	0.06709109681069739	0.11788823352861152	-0.019913854184646154	0.0757081190933835	0.1003809058246097	0.09481139272248404	0.026657194400611407	0.10483194458622153	0.11189361384518665	0.1142223609572661	0.09306433585961786	0.10960037951185936	-0.053297895603645874	0.06486959787739759	0.10196710845223529	0.08225181208442867	0.1802905002162193	0.09541927901945368	0.06709109681069739	0.09306433585961786	0.2182818361271891	0.09983236374772197	0.004296388761896617	0.049896738640295445	0.10622346790119075	0.10187196035620749	0.03275126321497063	0.1098076315058224	0.11788823352861152	0.10960037951185936	0.09983236374772197	0.14402482034141847	-0.04633288768999947	0.07188708460692453	-0.061095545860302344	-0.06258464858377052	-0.14829749828442165	-0.04794546467739304	-0.019913854184646154	-0.053297895603645874	0.004296388761896617	-0.04633288768999947	0.4322831128725948	-0.09560294939918706	0.062199098343746005	0.05383684518877912	0.026896702842497813	0.06676646784273152	0.0757081190933835	0.06486959787739759	0.049896738640295445	0.07188708460692453	-0.09560294939918706	0.17505388651967133
0.1214136829616417	0.08443961197270186	0.023004238739752755	0.08772404240104521	0.093919401002343	0.07978023343387232	0.09490358077055615	0.09142776637802211	-0.06138273793123568	0.06931216680858843	0.08443961197270186	0.10884234392080891	0.040949778353454105	0.09031430843801992	0.09370415137108389	0.08246802921984002	0.08732709679623336	0.09420067627032024	-0.05139658530041709	0.07052538670479629	0.023004238739752755	0.040949778353454105	0.2664104081170271	0.04454003072445543	0.06284525530624147	0.032272708471839925	0.11677733866455581	0.04617248551001934	-0.1355434471741886	0.03907795635434626	0.08772404240104521	0.09031430843801992	0.04454003072445543	0.13581160659440084	0.09787148184415638	0.08606086424316749	0.09188483508719184	0.09684236088292206	-0.046188560946976286	0.0746053276560849	0.093919401002343	0.09370415137108389	0.06284525530624147	0.09787148184415638	0.16613991916999135	0.09055008812766316	0.08409687777091383	0.10145354860663319	-0.029710704359729844	0.07856292528758357	0.07978023343387232	0.08246802921984002	0.032272708471839925	0.08606086424316749	0.09055008812766316	0.11059693260846123	0.08611931593535566	0.08989078170548731	-0.05786605170591096	0.06696748600562302	0.09490358077055615	0.08732709679623336	0.11677733866455581	0.09188483508719184	0.08409687777091383	0.08611931593535566	0.16153712524789576	0.0962060851121834	-0.008478304632358609	0.06980073419705929	0.09142776637802211	0.09420067627032024	0.04617248551001934	0.09684236088292206	0.10145354860663319	0.08989078170548731	0.0962060851121834	0.12749613783700092	-0.04391650858835912	0.07877780279747221	-0.06138273793123568	-0.05139658530041709	-0.1355434471741886	-0.046188560946976286	-0.029710704359729844	-0.05786605170591096	-0.008478304632358609	-0.04391650858835912	0.3638837730304953	-0.06774965907240701	0.06931216680858843	0.07052538670479629	0.03907795635434626	0.0746053276560849	0.07856292528758357	0.06696748600562302	0.06980073419705929	0.07877780279747221	-0.06774965907240701	0.12789798204541708
0.15084080655224438	0.10606727250244385	0.03567179388964774	0.10512414131529106	0.11455500956342747	0.10265875588634259	0.1087644244769111	0.1115350284886862	-0.11588718109162874	0.08555631839509255	0.10606727250244385	0.12664216607674905	0.059406452544217364	0.10941039588973181	0.11290485955481357	0.10545819081834332	0.10132056661939962	0.11426423285184553	-0.10000264219977469	0.08683701033522949	0.03567179388964774	0.059406452544217364	0.32878962781979465	0.062457227680258125	0.0906573093128536	0.05228415519273676	0.13265376233846685	0.06332635427279645	-0.21463051670903513	0.058306485330033436	0.10512414131529106	0.10941039588973181	0.062457227680258125	0.31257092917284196	0.11742632654107818	0.10557054690048194	0.10532979523025598	0.11226827697618368	-0.08873031672316696	0.0884113655327411	0.11455500956342747	0.11290485955481357	0.0906573093128536	0.11742632654107818	0.219717974970786	0.1110491366905032	0.09196397949424469	0.11908819688631539	-0.06209688637579921	0.09282777946623409	0.10265875588634259	0.10545819081834332	0.05228415519273676	0.10557054690048194	0.1110491366905032	0.12874828999286422	0.10035807746734829	0.11125897948948232	-0.10568495824913726	0.08441326943757735	0.1087644244769111	0.10132056661939962	0.13265376233846685	0.10532979523025598	0.09196397949424469	0.10035807746734829	0.17050458901728874	0.10802415461953072	-0.050606210315959035	0.07850778912782741	0.1115350284886862	0.11426423285184553	0.06332635427279645	0.11226827697618368	0.11908819688631539	0.11125897948948232	0.10802415461953072	0.13884574284823606	-0.09408191703718022	0.09342033701837811	-0.11588718109162874	-0.10000264219977469	-0.21463051670903513	-0.08873031672316696	-0.06209688637579921	-0.10568495824913726	-0.050606210315959035	-0.09408191703718022	0.5299155311608932	-0.12307019685684112	0.08555631839509255	0.08683701033522949	0.058306485330033436	0.0884113655327411	0.09282777946623409	0.08441326943757735	0.07850778912782741	0.09342033701837811	-0.12307019685684112	0.1550983961468283
0.12456463310197192	0.09024208399366729	0.03584752648547404	0.09476607141597243	0.10207120060933281	0.09386010125676275	0.09943352805793805	0.10145038731916622	-0.08919501262761825	0.0863320857990837	0.09024208399366729	0.13355485465870798	0.04306869944064618	0.09431603148667479	0.09636482186629	0.0896079782766718	0.08562604374242458	0.09780192479892465	-0.08783425525968971	0.08119216967043559	0.03584752648547404	0.04306869944064618	0.3116399726756248	0.05157479775030969	0.06362046112809078	0.04350360368102239	0.14626150871052138	0.05211847237353306	-0.16914205875751326	0.0474112133007936	0.09476607141597243	0.09431603148667479	0.05157479775030969	0.31811741250040393	0.1039626628332117	0.0948977398445557	0.09724860236714693	0.10019599249473496	-0.07157358269440853	0.08743429870772017	0.10207120060933281	0.09636482186629	0.06362046112809078	0.1039626628332117	0.16209876037557855	0.10078364420422296	0.08611083084021019	0.10813192868680156	-0.06297206481399258	0.09277086272337248	0.09386010125676275	0.0896079782766718	0.04350360368102239	0.0948977398445557	0.10078364420422296	0.11306166036523976	0.09209081058831124	0.10114841203316194	-0.08504367993997797	0.08567127124258776	0.09943352805793805	0.08562604374242458	0.14626150871052138	0.09724860236714693	0.08611083084021019	0.09209081058831124	0.18151446013212086	0.09902617819488557	-0.019009632308706753	0.08066862825744082	0.10145038731916622	0.09780192479892465	0.05211847237353306	0.10019599249473496	0.10813192868680156	0.10114841203316194	0.09902617819488557	0.13054676493872067	-0.07570399783609695	0.09343427292078611	-0.08919501262761825	-0.08783425525968971	-0.16914205875751326	-0.07157358269440853	-0.06297206481399258	-0.08504367993997797	-0.019009632308706753	-0.07570399783609695	0.45194772304520936	-0.09234153682006185	0.0863320857990837	0.08119216967043559	0.0474112133007936	0.08743429870772017	0.09277086272337248	0.08567127124258776	0.08066862825744082	0.09343427292078611	-0.09234153682006185	0.12477795495550649
0.7244005856285051	0.2633416656860368	-0.19556390446962962	0.2494146975746428	0.2726259103764322	0.2587704363453267	0.3158217144476361	0.2631431162368165	-0.3125122249893816	-0.12969291085114007	0.2633416656860368	0.3355133659277671	-0.007971633065862807	0.31220282150158585	0.21605721959786053	0.3239910881126137	0.201837035421687	0.32820781049560666	-0.19010016016760073	-0.10009591141256158	-0.19556390446962962	-0.007971633065862807	0.9639198663562979	0.007637571444898529	0.09547223213640992	-0.012103992737038383	0.25005523039360444	0.005287373576115258	-0.3752893426358093	0.210857295890636	0.2494146975746428	0.31220282150158585	0.007637571444898529	0.44795321726012716	0.23548901879656572	0.3086765873306737	0.1933515485343079	0.30899957692639696	-0.16832890470791267	-0.08846264482350133	0.2726259103764322	0.21605721959786053	0.09547223213640992	0.23548901879656572	1.2437828365547068	0.21566626989224552	-0.15052046218391066	0.2264217254291498	0.10460228836219643	0.051586481109160524	0.2587704363453267	0.3239910881126137	-0.012103992737038383	0.3086765873306737	0.21566626989224552	0.3398695152883331	0.1999322053964845	0.3246914718127815	-0.19430926394086845	-0.10140698191122521	0.3158217144476361	0.201837035421687	0.25005523039360444	0.1933515485343079	-0.15052046218391066	0.1999322053964845	0.5211808496737997	0.20888255515768495	-0.09231645656329951	-0.20134544220463269	0.2631431162368165	0.32820781049560666	0.005287373576115258	0.30899957692639696	0.2264217254291498	0.3246914718127815	0.20888255515768495	0.3956133705055827	-0.1811237099498244	-0.07100370966103633	-0.3125122249893816	-0.19010016016760073	-0.3752893426358093	-0.16832890470791267	0.10460228836219643	-0.19430926394086845	-0.09231645656329951	-0.1811237099498244	1.5274820307806385	-0.6462087706565209	-0.12969291085114007	-0.10009591141256158	0.210857295890636	-0.08846264482350133	0.051586481109160524	-0.10140698191122521	-0.20134544220463269	-0.07100370966103633	-0.6462087706565209	0.9102817560648132
0.49967949438961384	0.18154888698699623	-0.11367557544420691	0.13308709638445176	0.23015914610196983	0.18527498110137097	0.20176163010371645	0.18939420644190874	-0.27729543398320244	0.016249325269409972	0.18154888698699623	0.24552908143070432	0.04386559422788369	0.1656211559927981	0.1279196698831302	0.21007542430079063	0.16053161778443392	0.21504136902134624	-0.19612338487292935	0.023101282422944593	-0.11367557544420691	0.04386559422788369	0.7643709465200739	0.11162092877509514	0.23637802743156544	0.04750564892026976	0.17994553471029015	0.052509263346931775	-0.3020741993690217	0.12650379389358668	0.13308709638445176	0.1656211559927981	0.11162092877509514	1.0426804753693775	0.27562294985851926	0.15920122754943894	0.1255966751819873	0.15323551095379415	-0.06902748029617711	0.041120879818244964	0.23015914610196983	0.1279196698831302	0.23637802743156544	0.27562294985851926	1.0951641723371204	0.13449867725206233	-0.05513279424750026	0.13933875079199587	0.14847869478204911	0.07158258438201373	0.18527498110137097	0.21007542430079063	0.04750564892026976	0.15920122754943894	0.13449867725206233	0.2222238665977655	0.16527150316582442	0.21905790215470633	-0.1915059610392061	0.03248501662527037	0.20176163010371645	0.16053161778443392	0.17994553471029015	0.1255966751819873	-0.05513279424750026	0.16527150316582442	0.32671978330828694	0.1705119200076181	-0.14572830692245609	-0.017651207694350413	0.18939420644190874	0.21504136902134624	0.052509263346931775	0.15323551095379415	0.13933875079199587	0.21905790215470633	0.1705119200076181	0.2524073513046676	-0.1859432171278006	0.04113922349458687	-0.27729543398320244	-0.19612338487292935	-0.3020741993690217	-0.06902748029617711	0.14847869478204911	-0.1915059610392061	-0.14572830692245609	-0.1859432171278006	1.1828629909393078	-0.3762747852967868	0.016249325269409972	0.023101282422944593	0.12650379389358668	0.041120879818244964	0.07158258438201373	0.03248501662527037	-0.017651207694350413	0.04113922349458687	-0.3762747852967868	0.47238727288636284
0.12413573539860188	0.057508966643284656	0.00148748368069446	0.07167695667943702	0.11447949245592882	0.09160535916088998	0.09155503585982881	0.09797055424147545	-0.023498694318280007	0.07607312022628317	0.057508966643284656	0.2217971364725709	-0.0023411551260467877	0.10708662263675904	0.07185472056020457	0.05858122082299991	0.05548700405556508	0.06838585282190246	-0.052284164322595625	0.040324621378545235	0.00148748368069446	-0.0023411551260467877	0.34966763129517414	0.04786901036647193	0.190368390675588	0.02130319061747682	0.07761421820643796	0.026238451885641445	-0.1301765712096998	0.02801708734106694	0.07167695667943702	0.10708662263675904	0.04786901036647193	1.1001822880727041	0.16783508877630057	0.07508851990046213	0.07890631918004358	0.0681065828424693	0.0017146678886507602	0.06371559077025397	0.11447949245592882	0.07185472056020457	0.190368390675588	0.16783508877630057	0.4677130078285028	0.10747794239135747	0.07691231989899162	0.11384944996826651	0.06330567758763808	0.09446741159507456	0.09160535916088998	0.05858122082299991	0.02130319061747682	0.07508851990046213	0.10747794239135747	0.10325899596585171	0.09034285593100246	0.09967620710834507	-0.018016806978232512	0.07739541440988242	0.09155503585982881	0.05548700405556508	0.07761421820643796	0.07890631918004358	0.07691231989899162	0.09034285593100246	0.13650184539365665	0.09704489001705359	-0.006986612494614013	0.07399528016620731	0.09797055424147545	0.06838585282190246	0.026238451885641445	0.0681065828424693	0.11384944996826651	0.09967620710834507	0.09704489001705359	0.13955993494807006	-0.011393246057771705	0.08430987566876821	-0.023498694318280007	-0.052284164322595625	-0.1301765712096998	0.0017146678886507602	0.06330567758763808	-0.018016806978232512	-0.006986612494614013	-0.011393246057771705	0.34220634243737896	-0.034049186943256926	0.07607312022628317	0.040324621378545235	0.02801708734106694	0.06371559077025397	0.09446741159507456	0.07739541440988242	0.07399528016620731	0.08430987566876821	-0.034049186943256926	0.12622853231155098
0.46758719180242003	0.17024596891432764	-0.13937794297982994	0.14140628665962368	0.22377638174067874	0.16980888851838416	0.18751578259503954	0.17428901184715687	-0.1891082831213605	-0.02223364459593554	0.17024596891432764	0.21383637427959395	0.028630917827311184	0.17080132645988896	0.14032121306990783	0.19638642594032224	0.15603879335979678	0.20115369225742474	-0.1118114825759338	-0.008518185719043078	-0.13937794297982994	0.028630917827311184	0.7438385651355485	0.07485778264551891	0.22142665614507914	0.027934359979080725	0.15834889846523076	0.033956384663585665	-0.26304751183857733	0.11740487168505168	0.14140628665962368	0.17080132645988896	0.07485778264551891	0.7409753267895678	0.21919837456445518	0.1682873618803012	0.1384212498436418	0.16668328330737375	-0.05642008086665226	0.011155258225167969	0.22377638174067874	0.14032121306990783	0.22142665614507914	0.21919837456445518	0.9407053491232277	0.14280144267155262	-0.007556062722849154	0.14776595944787496	0.11177602828530787	0.051598814684321204	0.16980888851838416	0.19638642594032224	0.027934359979080725	0.1682873618803012	0.14280144267155262	0.20730877876495896	0.15679973575394507	0.20127284074830093	-0.11174259589862354	-0.00575572104520465	0.18751578259503954	0.15603879335979678	0.15834889846523076	0.1384212498436418	-0.007556062722849154	0.15679973575394507	0.2991213343471061	0.1618697695349691	-0.08050761957642036	-0.0429069828934619	0.17428901184715687	0.20115369225742474	0.033956384663585665	0.16668328330737375	0.14776595944787496	0.20127284074830093	0.1618697695349691	0.23121715596481385	-0.10577341681033034	0.0032665857475226052	-0.1891082831213605	-0.1118114825759338	-0.26304751183857733	-0.05642008086665226	0.11177602828530787	-0.11174259589862354	-0.08050761957642036	-0.10577341681033034	0.942448169849079	-0.3258106734815634	-0.02223364459593554	-0.008518185719043078	0.11740487168505168	0.011155258225167969	0.051598814684321204	-0.00575572104520465	-0.0429069828934619	0.0032665857475226052	-0.3258106734815634	0.4836192654866883
0.6374043584376861	0.21121505459416	-0.17459286302655577	0.1844117626886484	0.2628043721483353	0.21136197348301206	0.26554107192289883	0.2145014330828152	-0.25319247424181135	-0.09693422249438655	0.21121505459416	0.28387540963747054	0.025890285525153385	0.23468247638391534	0.1780785182843138	0.26164836798074065	0.1897500986258464	0.2659537895670725	-0.1332445916763259	-0.08117917379516021	-0.17459286302655577	0.025890285525153385	0.8136854704613129	0.05891287074170953	0.15354279198674364	0.027562970555928157	0.19382976886768813	0.03640573693540856	-0.3051097407065084	0.1590935241343722	0.1844117626886484	0.23468247638391534	0.05891287074170953	0.609609375806364	0.22740412368579474	0.23310935513136416	0.17252333314832585	0.22953672540484824	-0.08858667413456488	-0.054708277438022486	0.2628043721483353	0.1780785182843138	0.15354279198674364	0.22740412368579474	1.0380756943228306	0.1814310477660782	-0.04853039512302812	0.18907435841748738	0.10418238534064153	0.029608532908602967	0.21136197348301206	0.26164836798074065	0.027562970555928157	0.23310935513136416	0.1814310477660782	0.27033105992473483	0.19112305011462594	0.26635605019811875	-0.1319285694894144	-0.0746996424160166	0.26554107192289883	0.1897500986258464	0.19382976886768813	0.17252333314832585	-0.04853039512302812	0.19112305011462594	0.40933416326172206	0.19741456243811922	-0.07459494451771768	-0.14267980243615994	0.2145014330828152	0.2659537895670725	0.03640573693540856	0.22953672540484824	0.18907435841748738	0.26635605019811875	0.19741456243811922	0.31972327844000376	-0.12470904268524105	-0.056035059044785514	-0.25319247424181135	-0.1332445916763259	-0.3051097407065084	-0.08858667413456488	0.10418238534064153	-0.1319285694894144	-0.07459494451771768	-0.12470904268524105	1.2163180250941954	-0.4983655599597709	-0.09693422249438655	-0.08117917379516021	0.1590935241343722	-0.054708277438022486	0.029608532908602967	-0.0746996424160166	-0.14267980243615994	-0.056035059044785514	-0.4983655599597709	0.7464420217935881
0.370971758431111	0.17210830548018016	-0.054346124380588744	0.1722166009663626	0.19655012724207804	0.16924138980209252	0.19511974317773859	0.17686398754345117	-0.14079249950879993	-0.04722161925149836	0.17210830548018016	0.21145241755870317	0.03559191046329941	0.1994090559598841	0.18269673924719362	0.19694888339409936	0.1491476304697518	0.20517313178964866	-0.08431440506294029	-0.033545613319027855	-0.054346124380588744	0.03559191046329941	0.6352737156317744	0.03905557646218163	0.11600215507678215	0.032315734563490184	0.2176970830243525	0.04496413379258114	-0.23384380722048848	0.0776778943499682	0.1722166009663626	0.1994090559598841	0.03905557646218163	0.22815289652667875	0.18637157074929533	0.1971804176341081	0.1503203230835163	0.20423605457428187	-0.08044920671420738	-0.029054600338538565	0.19655012724207804	0.18269673924719362	0.11600215507678215	0.18637157074929533	0.7100829002334258	0.18243571170471895	0.009420073129849927	0.19291530941747675	0.03891897044171686	0.02439936004237588	0.16924138980209252	0.19694888339409936	0.032315734563490184	0.1971804176341081	0.18243571170471895	0.21151261340011918	0.14856847790902458	0.20270973413193177	-0.08716326110332848	-0.03366030894301922	0.19511974317773859	0.1491476304697518	0.2176970830243525	0.1503203230835163	0.009420073129849927	0.14856847790902458	0.349331324260324	0.15952789790745714	-0.012581546098380407	-0.08886469536304098	0.17686398754345117	0.20517313178964866	0.04496413379258114	0.20423605457428187	0.19291530941747675	0.20270973413193177	0.15952789790745714	0.2731737734013331	-0.075004983887819	-0.011625164773600503	-0.14079249950879993	-0.08431440506294029	-0.23384380722048848	-0.08044920671420738	0.03891897044171686	-0.08716326110332848	-0.012581546098380407	-0.075004983887819	0.8618775029039415	-0.3470395725887554	-0.04722161925149836	-0.033545613319027855	0.0776778943499682	-0.029054600338538565	0.02439936004237588	-0.03366030894301922	-0.08886469536304098	-0.011625164773600503	-0.3470395725887554	0.5564187951079888
0.2283488198949906	0.1584998955297232	0.04667908175478973	0.13993695385764715	0.15380993927037617	0.16267897526165195	0.14349439471606779	0.16773361275119347	-0.24095283918581262	0.11332771300565223	0.1584998955297232	0.20132221908118997	0.07388172131712446	0.14735279344569	0.13218229315469204	0.15958356339712396	0.12775694913761548	0.16480871889031834	-0.22758908636914194	0.10730165692936097	0.04667908175478973	0.07388172131712446	0.5782959199777039	0.09932839503584381	0.2130217222069304	0.07471249923793907	0.19368559805516633	0.08122845082150962	-0.3501109719056885	0.09360646299958125	0.13993695385764715	0.14735279344569	0.09932839503584381	0.7605730395282231	0.1952512207325515	0.14290607073501982	0.12424974233186473	0.14440410546556587	-0.1462222516758351	0.10310142474288317	0.15380993927037617	0.13218229315469204	0.2130217222069304	0.1952512207325515	0.6848466257446695	0.1395070742148018	0.025077336929666412	0.14295973816858593	0.022526634401112366	0.1055171742753469	0.16267897526165195	0.15958356339712396	0.07471249923793907	0.14290607073501982	0.1395070742148018	0.18077653412689978	0.13334322895621503	0.16910458304308712	-0.22380362634833445	0.11369339332908525	0.14349439471606779	0.12775694913761548	0.19368559805516633	0.12424974233186473	0.025077336929666412	0.13334322895621503	0.24348411880041773	0.13778312597109316	-0.15215651164737043	0.0805135844623379	0.16773361275119347	0.16480871889031834	0.08122845082150962	0.14440410546556587	0.14295973816858593	0.16910458304308712	0.13778312597109316	0.18493269584146552	-0.2167625250091822	0.11913159105404612	-0.24095283918581262	-0.22758908636914194	-0.3501109719056885	-0.1462222516758351	0.022526634401112366	-0.22380362634833445	-0.15215651164737043	-0.2167625250091822	1.0410869977037542	-0.2794225472722903	0.11332771300565223	0.10730165692936097	0.09360646299958125	0.10310142474288317	0.1055171742753469	0.11369339332908525	0.0805135844623379	0.11913159105404612	-0.2794225472722903	0.25365721817408954
0.37629106545612223	0.2019182850494355	-0.017468618921132176	0.16033575467107694	0.18650759770470027	0.20703511321446486	0.18921144026271688	0.21072988805638482	-0.3251624159068457	0.07897772746691858	0.2019182850494355	0.2549298292935649	0.06258074448877901	0.17761497818847155	0.13272031073738294	0.21278991013115844	0.1603537383892305	0.21687680321869174	-0.28052975432527677	0.07578390983510419	-0.017468618921132176	0.06258074448877901	0.7422864738201982	0.1092987459302035	0.243665302550292	0.06652315692799363	0.21186463148201798	0.07094296497586748	-0.3894401036142177	0.12813065200733537	0.16033575467107694	0.17761497818847155	0.1092987459302035	0.8827506235050994	0.2424884822385361	0.17246746781796815	0.13688172650277974	0.17099616055333694	-0.15213211010121397	0.0769707298818782	0.18650759770470027	0.13272031073738294	0.243665302550292	0.2424884822385361	0.9903312217872792	0.1410460649775507	-0.04146866198207607	0.14435268289325348	0.11663459097428432	0.08470255460567962	0.20703511321446486	0.21278991013115844	0.06652315692799363	0.17246746781796815	0.1410460649775507	0.22783855585525264	0.1664594702733106	0.222165581528719	-0.27440870496972186	0.0858868276833101	0.18921144026271688	0.1603537383892305	0.21186463148201798	0.13688172650277974	-0.04146866198207607	0.1664594702733106	0.3156045125730297	0.17039188812453443	-0.19898530861753425	0.033637966105294015	0.21072988805638482	0.21687680321869174	0.07094296497586748	0.17099616055333694	0.14435268289325348	0.222165581528719	0.17039188812453443	0.2424583995991459	-0.2692327438099379	0.09142113598656038	-0.3251624159068457	-0.28052975432527677	-0.3894401036142177	-0.15213211010121397	0.11663459097428432	-0.27440870496972186	-0.19898530861753425	-0.2692327438099379	1.370116299462464	-0.4142663190556911	0.07897772746691858	0.07578390983510419	0.12813065200733537	0.0769707298818782	0.08470255460567962	0.0858868276833101	0.033637966105294015	0.09142113598656038	-0.4142663190556911	0.4125716223555881
0.20047190849144286	0.13981159756569767	0.07601306413649926	0.12619918631971622	0.14427645112238485	0.15787835305818085	0.1431198602035315	0.1624346023747147	-0.23720471010021632	0.1309603991503666	0.13981159756569767	0.23722160526656577	0.08158567428325394	0.14158831467862182	0.11308113237873929	0.1393966829344115	0.11825825368392096	0.14481970092156177	-0.2430594851814227	0.10934517127949264	0.07601306413649926	0.08158567428325394	0.5028078362936172	0.10806557151619008	0.2224720467802441	0.09358005220803225	0.17231220844673117	0.09888251518320162	-0.36185658828443545	0.10273018880968707	0.12619918631971622	0.14158831467862182	0.10806557151619008	0.956115581818561	0.1973003632001329	0.1280031418160366	0.11964473438057069	0.1273375241158749	-0.1327158055532911	0.10754952544965721	0.14427645112238485	0.11308113237873929	0.2224720467802441	0.1973003632001329	0.6000079498799881	0.13399806411611484	0.05723250250386755	0.13748675769084187	0.015969468924996285	0.11319154299108923	0.15787835305818085	0.1393966829344115	0.09358005220803225	0.1280031418160366	0.13399806411611484	0.1708724162748461	0.137498189938002	0.16245275600815076	-0.22487266087018434	0.13043277174627518	0.1431198602035315	0.11825825368392096	0.17231220844673117	0.11964473438057069	0.05723250250386755	0.137498189938002	0.2130209220318991	0.1418433351361142	-0.1662923385757929	0.10817987016610899	0.1624346023747147	0.14481970092156177	0.09888251518320162	0.1273375241158749	0.13748675769084187	0.16245275600815076	0.1418433351361142	0.18084508281949452	-0.2186798137964304	0.13528135737580843	-0.23720471010021632	-0.2430594851814227	-0.36185658828443545	-0.1327158055532911	0.015969468924996285	-0.22487266087018434	-0.1662923385757929	-0.2186798137964304	1.0079218263259273	-0.2541145128357828	0.1309603991503666	0.10934517127949264	0.10273018880968707	0.10754952544965721	0.11319154299108923	0.13043277174627518	0.10817987016610899	0.13528135737580843	-0.2541145128357828	0.21197341460070612
0.12878654147736876	0.08093234496855263	-0.006660031381547251	0.0867679909374889	0.11559798973020229	0.08992329203352467	0.09285313467680661	0.09683504163046575	-0.012581244001513963	0.04283241731259456	0.08093234496855263	0.13964422880568864	0.010797321770788803	0.08893888046521974	0.0985350351907829	0.08440348316575802	0.08078451520791657	0.09306247523614318	-0.013796744157933765	0.0338017500767745	-0.006660031381547251	0.010797321770788803	0.3345229111490038	0.029347541728243963	0.141288509826684	0.017024117634178465	0.0932375100698363	0.02268309785654067	-0.11057624577635872	0.020933768553751758	0.0867679909374889	0.08893888046521974	0.029347541728243963	0.4330531722427219	0.12811884243820174	0.09110737995685685	0.09123447912200426	0.09241415654386353	0.004157732892394439	0.04770602476370578	0.11559798973020229	0.0985350351907829	0.141288509826684	0.12811884243820174	0.4226529386179431	0.10970795283093797	0.06918410781693164	0.11785299300089644	0.058662575320789626	0.06844178659900275	0.08992329203352467	0.08440348316575802	0.017024117634178465	0.09110737995685685	0.10970795283093797	0.1024521880154241	0.09068166195986556	0.10082634381473729	-0.004427268494221152	0.04562635937743213	0.09285313467680661	0.08078451520791657	0.0932375100698363	0.09123447912200426	0.06918410781693164	0.09068166195986556	0.15806549606692974	0.09858027679688144	0.011461144718561859	0.04025012755795025	0.09683504163046575	0.09306247523614318	0.02268309785654067	0.09241415654386353	0.11785299300089644	0.10082634381473729	0.09858027679688144	0.149144363452585	0.0030789975819276033	0.054663553775292376	-0.012581244001513963	-0.013796744157933765	-0.11057624577635872	0.004157732892394439	0.058662575320789626	-0.004427268494221152	0.011461144718561859	0.0030789975819276033	0.30965578765221424	-0.05411350737391497	0.04283241731259456	0.0338017500767745	0.020933768553751758	0.04770602476370578	0.06844178659900275	0.04562635937743213	0.04025012755795025	0.054663553775292376	-0.05411350737391497	0.17619880879188335
0.25153987321721333	0.1680224230174276	0.027345373879520102	0.1409246613941848	0.15426825907899	0.17453196402780788	0.15839125144646735	0.1791016922145002	-0.22566157565653408	0.08390799919866798	0.1680224230174276	0.21505073732056595	0.06600772692826512	0.1511314337553171	0.12547853796712055	0.17076012788931816	0.14420484511636206	0.1760484722878405	-0.20863644799829065	0.0754864722510585	0.027345373879520102	0.06600772692826512	0.6079580315291544	0.10127584975369414	0.2562325210204603	0.07008156611852528	0.16790029073658408	0.074600524701438	-0.366026467197907	0.10716843915327397	0.1409246613941848	0.1511314337553171	0.10127584975369414	0.874792705180316	0.21065890852373487	0.14589979634951242	0.1311672234663071	0.14315274532928776	-0.11678846883676242	0.07775270471301075	0.15426825907899	0.12547853796712055	0.2562325210204603	0.21065890852373487	0.7266851888829277	0.13424786849636106	0.04250999809661694	0.13902209230707893	0.06605565883825308	0.08059576958237873	0.17453196402780788	0.17076012788931816	0.07008156611852528	0.14589979634951242	0.13424786849636106	0.18628717377228063	0.15135224180285725	0.18224549825788494	-0.20184198016081698	0.08562497814418847	0.15839125144646735	0.14420484511636206	0.16790029073658408	0.1311672234663071	0.04250999809661694	0.15135224180285725	0.2375344338599121	0.1563565609632496	-0.1549541895082724	0.059382051082075935	0.1791016922145002	0.1760484722878405	0.074600524701438	0.14315274532928776	0.13902209230707893	0.18224549825788494	0.1563565609632496	0.2109187343677786	-0.1960014455613011	0.09216299344533603	-0.22566157565653408	-0.20863644799829065	-0.366026467197907	-0.11678846883676242	0.06605565883825308	-0.20184198016081698	-0.1549541895082724	-0.1960014455613011	1.0558106540587289	-0.3031771773679637	0.08390799919866798	0.0754864722510585	0.10716843915327397	0.07775270471301075	0.08059576958237873	0.08562497814418847	0.059382051082075935	0.09216299344533603	-0.3031771773679637	0.3181319156213245
0.18073662491122866	0.043719958803351985	0.09740307436155457	0.09660739700050505	0.14450185673059057	0.15957249123317577	0.15417979617084474	0.1704469023552753	-0.17195116806415228	0.1472340897476918	0.043719958803351985	0.5857196771673462	0.015234412460463472	0.17832401298232553	0.017487527328161296	0.04208691672707519	0.03537043014441432	0.0899133771382479	-0.2865745142297189	0.022540808589899236	0.09740307436155457	0.015234412460463472	0.43744074243970177	0.09581559344124159	0.2794223725745745	0.10524825889727601	0.14116428650269378	0.10919709646041052	-0.30343395578440957	0.11132080006635009	0.09660739700050505	0.17832401298232553	0.09581559344124159	1.0699909663716203	0.19261988259868845	0.09674179862705173	0.09423200394702533	0.07621961727619568	-0.10748176839670238	0.08601401478323788	0.14450185673059057	0.017487527328161296	0.2794223725745745	0.19261988259868845	0.6339604652309381	0.1374198055810802	0.09761467164732936	0.1530699226036529	0.10111571111840167	0.1273097997135074	0.15957249123317577	0.04208691672707519	0.10524825889727601	0.09674179862705173	0.1374198055810802	0.1688423442398019	0.15234555848249812	0.17021386102172048	-0.16704755882434674	0.14646781986859236	0.15417979617084474	0.03537043014441432	0.14116428650269378	0.09423200394702533	0.09761467164732936	0.15234555848249812	0.18948030813235422	0.16487569260542562	-0.14221521107126928	0.13910367680976707	0.1704469023552753	0.0899133771382479	0.10919709646041052	0.07621961727619568	0.1530699226036529	0.17021386102172048	0.16487569260542562	0.2925385392638493	-0.15705225648190815	0.15880278900150238	-0.17195116806415228	-0.2865745142297189	-0.30343395578440957	-0.10748176839670238	0.10111571111840167	-0.16704755882434674	-0.14221521107126928	-0.15705225648190815	0.8906509795699955	-0.17893510387034223	0.1472340897476918	0.022540808589899236	0.11132080006635009	0.08601401478323788	0.1273097997135074	0.14646781986859236	0.13910367680976707	0.15880278900150238	-0.17893510387034223	0.1911810088881056
0.16640568562896627	0.09287973485970216	0.09089643026108885	0.10595267981194027	0.12817401126926029	0.1488191068907377	0.1450898724873048	0.15606568042896296	-0.18149785076756542	0.13325952095422985	0.09287973485970216	0.3567507991994351	0.05361493095386617	0.15197843071324413	0.06205852743134032	0.08990435198679302	0.0853590046062539	0.10304269072036035	-0.2368857381394984	0.0698246787031736	0.09089643026108885	0.05361493095386617	0.44145635480569534	0.10461936672153997	0.2899536890066635	0.09360662348808871	0.12831411994641712	0.10028727302201064	-0.31621848463679164	0.10273944476729696	0.10595267981194027	0.15197843071324413	0.10461936672153997	1.087195003822727	0.21044785894212434	0.1047978754413548	0.10368625506303115	0.0992642366153234	-0.0933541421223551	0.09303223507823133	0.12817401126926029	0.06205852743134032	0.2899536890066635	0.21044785894212434	0.6454203533626525	0.12229249741925909	0.08658244774551133	0.12876922155444265	0.10521417063131859	0.10936596894646776	0.1488191068907377	0.08990435198679302	0.09360662348808871	0.1047978754413548	0.12229249741925909	0.16230821402418008	0.1420872041722434	0.1537663896157564	-0.18102949771888818	0.1307273851027615	0.1450898724873048	0.0853590046062539	0.12831411994641712	0.10368625506303115	0.08658244774551133	0.1420872041722434	0.1758572995641895	0.14947998508231986	-0.1580713697129177	0.12556955864328806	0.15606568042896296	0.10304269072036035	0.10028727302201064	0.0992642366153234	0.12876922155444265	0.1537663896157564	0.14947998508231986	0.1956184548202159	-0.1725131382359695	0.13850017437635445	-0.18149785076756542	-0.2368857381394984	-0.31621848463679164	-0.0933541421223551	0.10521417063131859	-0.18102949771888818	-0.1580713697129177	-0.1725131382359695	0.8930049085792467	-0.1954842501558458	0.13325952095422985	0.0698246787031736	0.10273944476729696	0.09303223507823133	0.10936596894646776	0.1307273851027615	0.12556955864328806	0.13850017437635445	-0.1954842501558458	0.18556232134936568
0.16454534349982566	0.0641139911763994	0.06372511925509439	0.08920214302611038	0.1336512608546496	0.1412465690357457	0.13447924214282317	0.14789649200794722	-0.13512321020835247	0.12564223694520957	0.0641139911763994	0.41376577978079065	0.020005633528399	0.16621900830757957	0.050504136466757645	0.06274720888369954	0.054626607141476595	0.07850091959034305	-0.20777622885733882	0.04178925885313975	0.06372511925509439	0.020005633528399	0.4544423371947865	0.08215078083225832	0.2516820691848282	0.07440440948130075	0.12766294016193547	0.07879087770581	-0.2898783402801463	0.08348472487263751	0.08920214302611038	0.16621900830757957	0.08215078083225832	1.1943070642085323	0.19014929119012583	0.09006579245614545	0.09014828469936399	0.0805225025318169	-0.07548347994821505	0.07841434794534916	0.1336512608546496	0.050504136466757645	0.2516820691848282	0.19014929119012583	0.5539948381011619	0.1276813308857237	0.09031722685772031	0.13452120687573155	0.05095094031535374	0.11603028360740116	0.1412465690357457	0.06274720888369954	0.07440440948130075	0.09006579245614545	0.1276813308857237	0.15098624504708624	0.13231661697275446	0.1473494223368202	-0.13060256161816516	0.12484740914644267	0.13447924214282317	0.054626607141476595	0.12766294016193547	0.09014828469936399	0.09031722685772031	0.13231661697275446	0.17579894478890246	0.13942831566971822	-0.1070358937715136	0.11618299487837921	0.14789649200794722	0.07850091959034305	0.07879087770581	0.0805225025318169	0.13452120687573155	0.1473494223368202	0.13942831566971822	0.19663549068262132	-0.12364985435271139	0.13211131713938265	-0.13512321020835247	-0.20777622885733882	-0.2898783402801463	-0.07548347994821505	0.05095094031535374	-0.13060256161816516	-0.1070358937715136	-0.12364985435271139	0.7467905466514574	-0.1468870005950368	0.12564223694520957	0.04178925885313975	0.08348472487263751	0.07841434794534916	0.11603028360740116	0.12484740914644267	0.11618299487837921	0.13211131713938265	-0.1468870005950368	0.1751319844961286
0.11828683139598817	-0.045974944914583066	0.07964529355633693	0.06067825207431603	0.1743989267384301	0.07756824762158022	0.10153423856908445	0.10986427679360962	0.0207233116359712	0.09645605589042014	-0.045974944914583066	0.6728174591287556	-0.05254561266717877	0.12968961923336939	-0.004121413616303735	-0.06902261490215288	-0.04374387076380793	0.05711827524613717	-0.12205726662873326	-0.05132815548264751	0.07964529355633693	-0.05254561266717877	0.172354686592254	0.06138830425919687	0.21520066821747658	0.060718812371551203	0.09054522410670335	0.09249045491357563	0.003336089376766129	0.0844305172668331	0.06067825207431603	0.12968961923336939	0.06138830425919687	0.9409421862512991	0.188570591185435	0.047187837647408415	0.06242927454163824	0.030278198484416124	0.013627201578665996	0.058493718031872914	0.1743989267384301	-0.004121413616303735	0.21520066821747658	0.188570591185435	0.591934358292132	0.16617104447786143	0.14418501977222808	0.19578604470046188	0.17193612907740574	0.15500825673453675	0.07756824762158022	-0.06902261490215288	0.060718812371551203	0.047187837647408415	0.16617104447786143	0.14921243393924463	0.08378195049964579	0.09334587368871067	0.001656916153942773	0.07854262339279589	0.10153423856908445	-0.04374387076380793	0.09054522410670335	0.06242927454163824	0.14418501977222808	0.08378195049964579	0.11733088496180763	0.11649362890751133	0.029551291380304996	0.10034541200095715	0.10986427679360962	0.05711827524613717	0.09249045491357563	0.030278198484416124	0.19578604470046188	0.09334587368871067	0.11649362890751133	0.33188254598901556	0.03557964037986402	0.11161800629260153	0.0207233116359712	-0.12205726662873326	0.003336089376766129	0.013627201578665996	0.17193612907740574	0.001656916153942773	0.029551291380304996	0.03557964037986402	0.27241231610031935	0.022884287177020065	0.09645605589042014	-0.05132815548264751	0.0844305172668331	0.058493718031872914	0.15500825673453675	0.07854262339279589	0.10034541200095715	0.11161800629260153	0.022884287177020065	0.1161660868497127
