0.7176734068473639	-0.06797106733155633	0.033499825968093616	-0.06412088254176253	-0.00787043873495824	0.032468817086707916	0.14409409576703017	-0.06797106733155633	0.4032644058754273	0.1428198399771337	0.03064956226538066	0.07350536320917703	0.1412099040970788	0.242501334809346	0.033499825968093616	0.1428198399771337	0.5069242327228459	0.43311695377881876	0.3671370811046462	0.4950019173185938	0.5606388585878332	-0.06412088254176253	0.03064956226538066	0.43311695377881876	1.306654416489177	0.5131052261497582	0.4383405267733974	0.5484799322117206	-0.00787043873495824	0.07350536320917703	0.3671370811046462	0.5131052261497582	0.6683372855876921	0.36434467431537315	0.44347723480891765	0.032468817086707916	0.1412099040970788	0.4950019173185938	0.4383405267733974	0.36434467431537315	0.5111182201311892	0.553781047588684	0.14409409576703017	0.242501334809346	0.5606388585878332	0.5484799322117206	0.44347723480891765	0.553781047588684	0.8241691092603344
0.9231833484155477	-0.14964532521102716	-0.034686343891305815	-0.2676329177633955	-0.1949340882831943	-0.07434610238113776	0.02808771637783658	-0.14964532521102716	0.5336189560673059	0.1788653243346405	-0.1602479845765449	-0.1653069495470301	0.1264422210497946	0.2297074939132657	-0.034686343891305815	0.1788653243346405	1.3639920750901835	0.7708643581746627	0.2505154936215147	1.1710074938122643	1.3447121253197027	-0.2676329177633955	-0.1602479845765449	0.7708643581746627	1.9515448449612944	0.9593320088649586	0.7994929455816155	0.816682958564228	-0.1949340882831943	-0.1653069495470301	0.2505154936215147	0.9593320088649586	1.4466886850068539	0.24420596870172687	0.3030367063498191	-0.07434610238113776	0.1264422210497946	1.1710074938122643	0.7994929455816155	0.24420596870172687	1.2615517211983678	1.155961459828904	0.02808771637783658	0.2297074939132657	1.3447121253197027	0.816682958564228	0.3030367063498191	1.155961459828904	1.4414089926693778
0.37202147090083193	-0.016245991097469853	0.22932957200306367	0.18160182999535662	0.21450362329690575	0.2322315364356113	0.27195346488407063	-0.016245991097469853	0.3519645219408093	0.020124033347419485	-0.07723092734352738	0.01305192940653217	0.02427439651335163	0.07340457214498933	0.22932957200306367	0.020124033347419485	0.3379856181660068	0.2863642040564629	0.30287520872055007	0.3246964895374985	0.3608360410650646	0.18160182999535662	-0.07723092734352738	0.2863642040564629	1.0157759509049007	0.3106201993666854	0.294198776567746	0.346337624329513	0.21450362329690575	0.01305192940653217	0.30287520872055007	0.3106201993666854	0.37673609542106956	0.30532977839938674	0.34184308679728787	0.2322315364356113	0.02427439651335163	0.3246964895374985	0.294198776567746	0.30532977839938674	0.33587029252671796	0.36204014507407745	0.27195346488407063	0.07340457214498933	0.3608360410650646	0.346337624329513	0.34184308679728787	0.36204014507407745	0.4874536480964225
0.32409464954151096	0.061948425551161757	0.09796587726663132	-0.017823827931863115	0.06181981113342914	0.09741549994424681	0.10842339733635141	0.061948425551161757	0.2115227591074223	0.1542955383389502	0.03990745713457756	0.11102122083235631	0.15300622930733768	0.16399809966515133	0.09796587726663132	0.1542955383389502	0.2189209693386831	0.09951726730143348	0.15608963686410843	0.20257650331305269	0.2139378055904835	-0.017823827931863115	0.03990745713457756	0.09951726730143348	0.9721673703355564	0.18458729933256263	0.11728605961960968	0.11516736730874279	0.06181981113342914	0.11102122083235631	0.15608963686410843	0.18458729933256263	0.3429490767310315	0.15600137057075347	0.1661736507779965	0.09741549994424681	0.15300622930733768	0.20257650331305269	0.11728605961960968	0.15600137057075347	0.2349891813533679	0.21151557435644358	0.10842339733635141	0.16399809966515133	0.2139378055904835	0.11516736730874279	0.1661736507779965	0.21151557435644358	0.23453696689556533
0.711497960465906	-0.08339573122682002	-0.06915128164720827	-0.2086353285710156	-0.0923117934654281	-0.0793042442505073	-0.026479907805389974	-0.08339573122682002	0.2961014136012165	0.2537111016139284	0.14082691400558037	0.18846218940374976	0.23387355874762733	0.2845796658916157	-0.06915128164720827	0.2537111016139284	0.32060753219704935	0.2116038900738222	0.24221244176847112	0.2922215744719268	0.3433172547811566	-0.2086353285710156	0.14082691400558037	0.2116038900738222	1.120187763447341	0.29754438239458564	0.24302751258512206	0.26142858224695725	-0.0923117934654281	0.18846218940374976	0.24221244176847112	0.29754438239458564	0.45186260460933364	0.22641657528823522	0.27416673121594853	-0.0793042442505073	0.23387355874762733	0.2922215744719268	0.24302751258512206	0.22641657528823522	0.37819528189779306	0.31839439369398115	-0.026479907805389974	0.2845796658916157	0.3433172547811566	0.26142858224695725	0.27416673121594853	0.31839439369398115	0.4416798306218133
0.7938004341323306	-0.042505602918580805	-0.030916082439122763	-0.11964474064648384	-0.05283817090064865	-0.03128200726943192	0.1328794921757098	-0.042505602918580805	0.33935387267808714	0.2875752118357797	0.20550701693170537	0.1999086299344222	0.28478100244541393	0.4042161216656373	-0.030916082439122763	0.2875752118357797	0.3646487886317421	0.28238713661297227	0.25661958883833685	0.35397444268829303	0.46394095880310005	-0.11964474064648384	0.20550701693170537	0.28238713661297227	1.109396308581362	0.38452699857480704	0.2883986811120858	0.46363849264663	-0.05283817090064865	0.1999086299344222	0.25661958883833685	0.38452699857480704	0.5710268961102426	0.2549559423766726	0.3793796985957732	-0.03128200726943192	0.28478100244541393	0.35397444268829303	0.2883986811120858	0.2549559423766726	0.37056788799544255	0.45784623009827397	0.1328794921757098	0.4042161216656373	0.46394095880310005	0.46363849264663	0.3793796985957732	0.45784623009827397	0.8470383990159871
0.5504855579500635	-0.004555522276904695	0.0006348192883244112	-0.10554166511997275	-0.0176103253795671	0.0018280416410254505	0.05727841018222507	-0.004555522276904695	0.24951312397522285	0.23086639764329145	0.1490987699473612	0.19102486182679498	0.2301176897740853	0.27531354415489684	0.0006348192883244112	0.23086639764329145	0.2576068455224682	0.16827727890129424	0.20622375066827295	0.2469797958665087	0.2917044378966499	-0.10554166511997275	0.1490987699473612	0.16827727890129424	0.9783780819752401	0.2276281181831734	0.1770380419215868	0.24021843172095547	-0.0176103253795671	0.19102486182679498	0.20622375066827295	0.2276281181831734	0.35780320850950253	0.20617935329028106	0.2524931741321883	0.0018280416410254505	0.2301176897740853	0.2469797958665087	0.1770380419215868	0.20617935329028106	0.264082564748474	0.28975754277054033	0.05727841018222507	0.27531354415489684	0.2917044378966499	0.24021843172095547	0.2524931741321883	0.28975754277054033	0.43250641878746016
0.8909085574954939	-0.11055929441066686	-0.0947772220492052	-0.21630640714403207	-0.10234793776551011	-0.09448590658689646	0.03559442433665226	-0.11055929441066686	0.3688612488409567	0.23845308206932028	0.14860661442209466	0.19960059516546252	0.23641211527427766	0.33196634729790375	-0.0947772220492052	0.23845308206932028	0.44407304613946913	0.3885755856146379	0.3824398021988539	0.4330955745385122	0.5081229147638336	-0.21630640714403207	0.14860661442209466	0.3885755856146379	1.4077197224323914	0.44710456413656674	0.3957662545316961	0.5260155168858399	-0.10234793776551011	0.19960059516546252	0.3824398021988539	0.44710456413656674	0.5166542154661664	0.37984147854016964	0.4614467917942932	-0.09448590658689646	0.23641211527427766	0.4330955745385122	0.3957662545316961	0.37984147854016964	0.4484980288808631	0.5026686041373788	0.03559442433665226	0.33196634729790375	0.5081229147638336	0.5260155168858399	0.4614467917942932	0.5026686041373788	0.7933495614225773
0.32695825426248276	0.09559625312533976	0.19604621457251492	0.10494036360574814	0.14779052638172288	0.19813488548804759	0.2847239472977583	0.09559625312533976	0.28281174476841775	0.1394239743672631	0.027929649543948096	0.09551269231138426	0.14172323300113898	0.23412327694859775	0.19604621457251492	0.1394239743672631	0.27415507475097967	0.1741189231772911	0.20290876500276164	0.26199078629502076	0.34333060336452925	0.10494036360574814	0.027929649543948096	0.1741189231772911	1.1796588271843789	0.2858610509726165	0.18318728740364773	0.321509540355903	0.14779052638172288	0.09551269231138426	0.20290876500276164	0.2858610509726165	0.42112295497512003	0.20557730575043326	0.2937147940692305	0.19813488548804759	0.14172323300113898	0.26199078629502076	0.18318728740364773	0.20557730575043326	0.2724612848934457	0.3431936651981361	0.2847239472977583	0.23412327694859775	0.34333060336452925	0.321509540355903	0.2937147940692305	0.3431936651981361	0.6148167762698413
0.33666711282694145	0.07346811609873648	0.23486456706752584	0.12807972570998027	0.14685087626447885	0.23632758565973203	0.3100338908384946	0.07346811609873648	0.3179432852700116	0.10507752749327237	-0.032133373818104397	0.036690508224011424	0.1072206338789862	0.19245196182401492	0.23486456706752584	0.10507752749327237	0.3044850448604122	0.1866513127299441	0.19097337719440383	0.29278678265717994	0.362374902344976	0.12807972570998027	-0.032133373818104397	0.1866513127299441	1.2119527282243037	0.35382839773199615	0.1954217005816835	0.31633601518054794	0.14685087626447885	0.036690508224011424	0.19097337719440383	0.35382839773199615	0.5403576808015973	0.19372249868509878	0.2739888838801692	0.23632758565973203	0.1072206338789862	0.29278678265717994	0.1954217005816835	0.19372249868509878	0.30310772418079907	0.36194861183739685	0.3100338908384946	0.19245196182401492	0.362374902344976	0.31633601518054794	0.2739888838801692	0.36194861183739685	0.6016233556467594
0.25315592046613744	0.08333205586341444	0.19645484945000644	0.13156182052489396	0.1918514417902922	0.20227211132130524	0.24538093398206923	0.08333205586341444	0.25221717784732023	0.09409969702653304	-0.0015130187437441614	0.0918386710307136	0.10055447397153464	0.14846444500738049	0.19645484945000644	0.09409969702653304	0.24061280760362408	0.15094219319827315	0.21026561230781718	0.22158385752166188	0.26457171320012723	0.13156182052489396	-0.0015130187437441614	0.15094219319827315	1.0389048786149946	0.18322891530480995	0.16522190073007456	0.23082801844146691	0.1918514417902922	0.0918386710307136	0.21026561230781718	0.18322891530480995	0.26311967267844855	0.21609171215831335	0.2587226587908721	0.20227211132130524	0.10055447397153464	0.22158385752166188	0.16522190073007456	0.21609171215831335	0.2355459265356575	0.26870312987458245	0.24538093398206923	0.14846444500738049	0.26457171320012723	0.23082801844146691	0.2587226587908721	0.26870312987458245	0.4060518647190546
0.4987660395087718	-0.031065800165326077	0.09097515536920359	-0.0023628636737730996	0.04834711403926831	0.09492074147231293	0.12381686888926277	-0.031065800165326077	0.3129677998543301	0.11462225956450403	0.007346095066321716	0.06441365666330764	0.11808965643119586	0.14644216121372533	0.09097515536920359	0.11462225956450403	0.35745999874440704	0.2708238587516747	0.2620045371560027	0.3441072750284859	0.36680189826677	-0.0023628636737730996	0.007346095066321716	0.2708238587516747	1.0481753380105259	0.34085639872808643	0.2790488739149786	0.3117851825058131	0.04834711403926831	0.06441365666330764	0.2620045371560027	0.34085639872808643	0.4993487649061099	0.265036842281519	0.28946790258019134	0.09492074147231293	0.11808965643119586	0.3441072750284859	0.2790488739149786	0.265036842281519	0.3548640024310702	0.3681240465945947	0.12381686888926277	0.14644216121372533	0.36680189826677	0.3117851825058131	0.28946790258019134	0.3681240465945947	0.4467251673411952
0.536585385557246	-0.04802297501642038	0.06718517526487691	-0.04001166198740232	0.02596451624210569	0.06989363851708913	0.09490557192651272	-0.04802297501642038	0.3186639218078141	0.12171678731147935	0.0027851902552522637	0.06865920886979412	0.12386638793404739	0.14772348562035395	0.06718517526487691	0.12171678731147935	0.37274901604531974	0.28375883392345447	0.27770118112209274	0.3610623942494022	0.3802888809464237	-0.04001166198740232	0.0027851902552522637	0.28375883392345447	1.1318719129580224	0.3604308967958554	0.29141615617566374	0.3182892783173874	0.02596451624210569	0.06865920886979412	0.27770118112209274	0.3604308967958554	0.507756467024941	0.2794006181479683	0.30008434813267443	0.06989363851708913	0.12386638793404739	0.3610623942494022	0.29141615617566374	0.2794006181479683	0.37232837509905037	0.3803434258473307	0.09490557192651272	0.14772348562035395	0.3802888809464237	0.3182892783173874	0.30008434813267443	0.3803434258473307	0.446225668346359
0.34704547464655855	0.0360185705076331	0.1487150931634255	0.11107715367289862	0.14991752910307468	0.16781636880962256	0.2017377913048228	0.0360185705076331	0.2771393269041822	0.0820254740285043	0.025564283450996927	0.08531634033783156	0.10108845317602355	0.13760253532110828	0.1487150931634255	0.0820254740285043	0.29712812057368904	0.19895335182617352	0.22819208271367467	0.2519823481504015	0.2844409510207104	0.11107715367289862	0.025564283450996927	0.19895335182617352	0.8458443257780833	0.2435283721791893	0.22623804017110322	0.26892583731591435	0.14991752910307468	0.08531634033783156	0.22819208271367467	0.2435283721791893	0.3296412285108789	0.24563564359318574	0.27670220738573204	0.16781636880962256	0.10108845317602355	0.2519823481504015	0.22623804017110322	0.24563564359318574	0.2748733066372073	0.2986698500635362	0.2017377913048228	0.13760253532110828	0.2844409510207104	0.26892583731591435	0.27670220738573204	0.2986698500635362	0.4015632382295242
0.3271391172677115	0.04938442389890205	0.16358686998312794	0.1978664308007427	0.22471192335890364	0.22994359145009202	0.26578111564365836	0.04938442389890205	0.31521552239957285	0.009293863628252227	0.017910060176410784	0.07630332629312982	0.07985748718023164	0.12233349381201454	0.16358686998312794	0.009293863628252227	0.3782745006814437	0.17187478748846824	0.21632994380767617	0.22371184923742632	0.2661571319268368	0.1978664308007427	0.017910060176410784	0.17187478748846824	0.823802254761321	0.26594095606396095	0.26164345666370453	0.3073329392341715	0.22471192335890364	0.07630332629312982	0.21632994380767617	0.26594095606396095	0.30742521407933215	0.27897623714268033	0.31275239421327233	0.22994359145009202	0.07985748718023164	0.22371184923742632	0.26164345666370453	0.27897623714268033	0.2918111667058537	0.31842877119928126	0.26578111564365836	0.12233349381201454	0.2661571319268368	0.3073329392341715	0.31275239421327233	0.31842877119928126	0.4374015720577475
0.403832194075109	0.13839090510673496	0.10511352333144583	0.3594054105158003	0.34694176609861105	0.34528874864413	0.453101287359912	0.13839090510673496	0.46066874474848696	-0.10673972695136022	0.11597325793444221	0.149067774685945	0.1474102454329942	0.29307464442989783	0.10511352333144583	-0.10673972695136022	0.8981005986651381	0.03377518302267443	0.13992842578841397	0.14297462268908084	0.41754115108802625	0.3594054105158003	0.11597325793444221	0.03377518302267443	1.2053791311711437	0.39533242042162225	0.3923128104177135	0.5518517376106816	0.34694176609861105	0.149067774685945	0.13992842578841397	0.39533242042162225	0.38451710774304265	0.3725316705158054	0.4761746768906436	0.34528874864413	0.1474102454329942	0.14297462268908084	0.3923128104177135	0.3725316705158054	0.38220046680695213	0.47371016052051423	0.453101287359912	0.29307464442989783	0.41754115108802625	0.5518517376106816	0.4761746768906436	0.47371016052051423	0.9607563353282444
0.2690511438388612	0.060992186711693944	0.1495190223291532	0.16068489352465637	0.1924520023135735	0.19319814642546757	0.20486921314992534	0.060992186711693944	0.2518308023887977	0.04074408307103435	0.03651152737600315	0.0863525964653076	0.08707409420758563	0.09930776691394823	0.1495190223291532	0.04074408307103435	0.28766711355843855	0.14789099709666065	0.18903898182314385	0.19089002604001482	0.20311964975168756	0.16068489352465637	0.03651152737600315	0.14789099709666065	0.6412964473783217	0.20701861732968613	0.20619450447182247	0.21755059601582424	0.1924520023135735	0.0863525964653076	0.18903898182314385	0.20701861732968613	0.24635741360497876	0.23060449155145699	0.2420002914075437	0.19319814642546757	0.08707409420758563	0.19089002604001482	0.20619450447182247	0.23060449155145699	0.244542255641309	0.2428075840129512	0.20486921314992534	0.09930776691394823	0.20311964975168756	0.21755059601582424	0.2420002914075437	0.2428075840129512	0.27598159329379723
0.23948113172496643	0.08936534523419108	0.13373345264398712	0.16438596061134783	0.19452996069782716	0.18577006294418896	0.20191221662605052	0.08936534523419108	0.23299914960932128	0.04025651728799137	0.06118565206753031	0.10404764463080177	0.09770201903415776	0.11145385241606799	0.13373345264398712	0.04025651728799137	0.28401827295382204	0.11087901003021744	0.15500825036625854	0.1510492303353697	0.16373000032996995	0.16438596061134783	0.06118565206753031	0.11087901003021744	0.5739986980384371	0.18951647469290264	0.18979709648444665	0.1948272997717123	0.19452996069782716	0.10404764463080177	0.15500825036625854	0.18951647469290264	0.22774136413957952	0.20522188709636258	0.22163136381568008	0.18577006294418896	0.09770201903415776	0.1510492303353697	0.18979709648444665	0.20522188709636258	0.2584406796795651	0.21234692264877528	0.20191221662605052	0.11145385241606799	0.16373000032996995	0.1948272997717123	0.22163136381568008	0.21234692264877528	0.24055159383275537
0.23996424235133357	0.09906592028868645	0.1406672201277076	0.06379014747588165	0.13995515002590278	0.1397353553226591	0.1697471552924611	0.09906592028868645	0.19575673781969866	0.1355693542625841	0.05315180241586807	0.13472551537701316	0.13479638232708244	0.16476828188779805	0.1406672201277076	0.1355693542625841	0.1944264425425753	0.11189714283415154	0.18179219594857257	0.1818677836154537	0.21116994529282088	0.06379014747588165	0.05315180241586807	0.11189714283415154	0.8902525055759899	0.12461573028066343	0.12442499151464081	0.155936596604776	0.13995515002590278	0.13472551537701316	0.18179219594857257	0.12461573028066343	0.20376249321503234	0.18047746002836362	0.20963342959854223	0.1397353553226591	0.13479638232708244	0.1818677836154537	0.12442499151464081	0.18047746002836362	0.20820338384364828	0.2089144167281571	0.1697471552924611	0.16476828188779805	0.21116994529282088	0.155936596604776	0.20963342959854223	0.2089144167281571	0.29283577551473267
0.3334257842798882	0.07385202936625052	0.07468532913540071	0.010248150506007737	0.0834817895545714	0.07046520440680933	0.11548209184052526	0.07385202936625052	0.1969610995505119	0.17289663521604015	0.11844946035850148	0.18009596218157428	0.1650325278829005	0.2096623827420799	0.07468532913540071	0.17289663521604015	0.20798268606230685	0.12377028067509488	0.18617364190455093	0.17165738997844343	0.21621972934280576	0.010248150506007737	0.11844946035850148	0.12377028067509488	0.755290398263044	0.13852102486223689	0.15416397937089668	0.17585114255227285	0.0834817895545714	0.18009596218157428	0.18617364190455093	0.13852102486223689	0.20273214550332075	0.17770803627659265	0.22246510943810038	0.07046520440680933	0.1650325278829005	0.17165738997844343	0.15416397937089668	0.17770803627659265	0.26526405121516305	0.2045703938863991	0.11548209184052526	0.2096623827420799	0.21621972934280576	0.17585114255227285	0.22246510943810038	0.2045703938863991	0.31200611459098665
0.20389807113240754	0.121872738840974	0.12475577162977798	0.07575601641044659	0.13083387976675218	0.1299750097181679	0.15514720474100127	0.121872738840974	0.16695320287366164	0.14378710211113577	0.0958414519805337	0.14941850839132426	0.14865515749155078	0.1735009232734488	0.12475577162977798	0.14378710211113577	0.1751263683233096	0.09906912998760511	0.15354785347772137	0.1530446269151478	0.1780815918598039	0.07575601641044659	0.0958414519805337	0.09906912998760511	0.6467356148896074	0.11427346147586884	0.11490213122403078	0.14015412092445256	0.13083387976675218	0.14941850839132426	0.15354785347772137	0.11427346147586884	0.17637276111779765	0.1582856357852394	0.1829815333310879	0.1299750097181679	0.14865515749155078	0.1530446269151478	0.11490213122403078	0.1582856357852394	0.18313587716580826	0.18168591809667473	0.15514720474100127	0.1735009232734488	0.1780815918598039	0.14015412092445256	0.1829815333310879	0.18168591809667473	0.2514953310470299
0.28494199237181494	0.08244423465009906	0.11104716883021058	0.06722060664145137	0.11656894114871927	0.1174845182174191	0.15039341633783895	0.08244423465009906	0.20018755618826345	0.14455249323502087	0.10118378121303398	0.1491983474409026	0.15043070838938402	0.1823901916079479	0.11104716883021058	0.14455249323502087	0.207309744562957	0.1437686901813482	0.18669477117296804	0.18818235298071018	0.21950315298234555	0.06722060664145137	0.10118378121303398	0.1437686901813482	0.6494982044656707	0.15664908035975414	0.1555699975216948	0.19338463736987813	0.11656894114871927	0.1491983474409026	0.18669477117296804	0.15664908035975414	0.20889010803063812	0.19214578508282198	0.22283896908345413	0.1174845182174191	0.15043070838938402	0.18818235298071018	0.1555699975216948	0.19214578508282198	0.20663615822888393	0.22376972651993873	0.15039341633783895	0.1823901916079479	0.21950315298234555	0.19338463736987813	0.22283896908345413	0.22376972651993873	0.3182416557136804
0.7529293849231806	-0.12408653219664693	0.10502386944074119	-0.06710008281460264	-0.02339957139093833	0.08506583755931363	0.16966503699557273	-0.12408653219664693	0.5074559204251002	0.013857869855370498	-0.20343430761872394	-0.10472573191143111	0.0018237557012942968	0.08493422254143909	0.10502386944074119	0.013857869855370498	0.8389184149154505	0.6499133956764759	0.44693375097375765	0.7846046157726086	0.8491144659446613	-0.06710008281460264	-0.20343430761872394	0.6499133956764759	1.8081082222301508	0.8071097919712812	0.6676147422749809	0.7141716573754331	-0.02339957139093833	-0.10472573191143111	0.44693375097375765	0.8071097919712812	1.0135299783756655	0.42817233668134286	0.49338114221167284	0.08506583755931363	0.0018237557012942968	0.7846046157726086	0.6676147422749809	0.42817233668134286	0.8449846929586187	0.7977461375249428	0.16966503699557273	0.08493422254143909	0.8491144659446613	0.7141716573754331	0.49338114221167284	0.7977461375249428	0.9956624760676483
0.43865793528923325	-0.03645536289539031	0.21667257220177838	0.13774433940520064	0.18345771571456207	0.2137237160577386	0.26379893734902715	-0.03645536289539031	0.3838585853035736	0.02289317695369751	-0.11652370071183246	0.00040387695825545855	0.022264202033515035	0.08100038754111472	0.21667257220177838	0.02289317695369751	0.3855307719027319	0.32595283470208986	0.33281667545680127	0.374044534974206	0.4168959309722683	0.13774433940520064	-0.11652370071183246	0.32595283470208986	1.2991790670841383	0.37962895902432225	0.3345895836075103	0.3961163511601937	0.18345771571456207	0.00040387695825545855	0.33281667545680127	0.37962895902432225	0.4583475548190933	0.3294925568092226	0.37437553135065516	0.2137237160577386	0.022264202033515035	0.374044534974206	0.3345895836075103	0.3294925568092226	0.3936758735884446	0.41139522545344354	0.26379893734902715	0.08100038754111472	0.4168959309722683	0.3961163511601937	0.37437553135065516	0.41139522545344354	0.5599351837115036
0.3895292629420084	-0.026961886998390472	0.2060682766203385	0.11232896977066743	0.15915172727177326	0.20890100987831925	0.2207674181919496	-0.026961886998390472	0.33754133596839025	0.025990650132039703	-0.12187251365567336	-0.007030642855485374	0.03004282558043249	0.04305595844939146	0.2060682766203385	0.025990650132039703	0.34743629224489364	0.25394410955722724	0.2700131460108081	0.3329933824940078	0.34396979009876766	0.11232896977066743	-0.12187251365567336	0.25394410955722724	1.2095044886521942	0.33478001514136996	0.2648704233406334	0.2768054218400738	0.15915172727177326	-0.007030642855485374	0.2700131460108081	0.33478001514136996	0.4537245814336187	0.2729469929459877	0.2841230113258143	0.20890100987831925	0.03004282558043249	0.3329933824940078	0.2648704233406334	0.2729469929459877	0.3460590461678633	0.34541029942848894	0.2207674181919496	0.04305595844939146	0.34396979009876766	0.2768054218400738	0.2841230113258143	0.34541029942848894	0.3788650825341198
0.41588871661026217	-0.022097030602014733	0.3232923014564294	0.2706532071474841	0.26129262827909266	0.3289738142061523	0.4141746145751529	-0.022097030602014733	0.46255567882421555	-0.012803544872782641	-0.13636465427076294	-0.035848411695275605	-0.005165928079359172	0.12001019748676245	0.3232923014564294	-0.012803544872782641	0.4149327009585486	0.3366882744376593	0.3136950687907504	0.3916372434482158	0.4718076667361208	0.2706532071474841	-0.13636465427076294	0.3366882744376593	1.2974192569106122	0.4316989849333397	0.34983425201317536	0.48735406329608516	0.26129262827909266	-0.035848411695275605	0.3136950687907504	0.4316989849333397	0.5420856137756156	0.32018683070805254	0.4084516940939003	0.3289738142061523	-0.005165928079359172	0.3916372434482158	0.34983425201317536	0.32018683070805254	0.4031527739143693	0.47338586659049364	0.4141746145751529	0.12001019748676245	0.4718076667361208	0.48735406329608516	0.4084516940939003	0.47338586659049364	0.7746426712669352
0.381299479770303	-0.07323948098439759	0.30899198866774474	0.23635643541617085	0.2546881272613286	0.3109264929065336	0.3197375742608298	-0.07323948098439759	0.406297834161184	-0.06512372486531037	-0.23502553948008167	-0.08775574672687159	-0.05852557918910942	-0.05108653844415604	0.30899198866774474	-0.06512372486531037	0.38450618119161634	0.2927873205568681	0.2997147760827632	0.36224985174289076	0.3710973770836853	0.23635643541617085	-0.23502553948008167	0.2927873205568681	1.2829059158663207	0.37518277025073826	0.3095223523543501	0.31102557245316165	0.2546881272613286	-0.08775574672687159	0.2997147760827632	0.37518277025073826	0.4807892059571437	0.3029215058365093	0.3110440860297736	0.3109264929065336	-0.05852557918910942	0.36224985174289076	0.3095223523543501	0.3029215058365093	0.3839399477901819	0.3720495463091261	0.3197375742608298	-0.05108653844415604	0.3710973770836853	0.31102557245316165	0.3110440860297736	0.3720495463091261	0.3911633494848625
0.3559462749262846	-0.02104706017935737	0.266424658587267	0.15718043767065057	0.18097752619282698	0.26422026392911874	0.2756685566811683	-0.02104706017935737	0.3502756701827047	0.0025466657835352177	-0.17059828755433018	-0.0498954134706359	0.0037917858555351677	0.01418376222968387	0.266424658587267	0.0025466657835352177	0.3423826103962344	0.22672200711676213	0.23366309977213373	0.327323144090159	0.3388156573149473	0.15718043767065057	-0.17059828755433018	0.22672200711676213	1.227980700409499	0.35253971177407883	0.2401277169623385	0.24263106177916394	0.18097752619282698	-0.0498954134706359	0.23366309977213373	0.35253971177407883	0.5152220166592634	0.23365528453844725	0.24379419971985675	0.26422026392911874	0.0037917858555351677	0.327323144090159	0.2401277169623385	0.23365528453844725	0.3497616654426176	0.3356240407838572	0.2756685566811683	0.01418376222968387	0.3388156573149473	0.24263106177916394	0.24379419971985675	0.3356240407838572	0.36143816527028316
0.7159218215305883	-0.11596391708823162	0.20261681804236759	-0.07839226962734568	-0.11340503219497958	0.18281694574927057	0.2162183358744947	-0.11596391708823162	0.4904297969921776	0.047293327515650366	-0.2657326824537176	-0.2150547946544885	0.03898707671685768	0.06071329221830286	0.20261681804236759	0.047293327515650366	0.9561733061942675	0.49533508821032357	0.1503169536479751	0.8610546642513883	0.9255155474855178	-0.07839226962734568	-0.2657326824537176	0.49533508821032357	1.7613059192947367	0.859543113209958	0.5380239710379903	0.5143013491439784	-0.11340503219497958	-0.2150547946544885	0.1503169536479751	0.859543113209958	1.343723787846631	0.16573232495672438	0.168177889409662	0.18281694574927057	0.03898707671685768	0.8610546642513883	0.5380239710379903	0.16573232495672438	0.9191548621039354	0.863460672567418	0.2162183358744947	0.06071329221830286	0.9255155474855178	0.5143013491439784	0.168177889409662	0.863460672567418	0.9349851714909254
0.38486221973216944	0.008279647809559018	0.14177712809605902	0.03037454015072327	0.09501490766044977	0.15028397145885036	0.15770688172385036	0.008279647809559018	0.2866604833848128	0.08626028480757203	-0.05244881423283807	0.0420638806318245	0.09489290792335132	0.10208038112187526	0.14177712809605902	0.08626028480757203	0.3114379749304399	0.17723738053192947	0.20991601105515195	0.28426590908085286	0.291561001511438	0.03037454015072327	-0.05244881423283807	0.17723738053192947	1.1651438967554908	0.2950393158835416	0.1988637963047667	0.2018744108895897	0.09501490766044977	0.0420638806318245	0.20991601105515195	0.2950393158835416	0.4457153987847951	0.218666195141993	0.22547098863101261	0.15028397145885036	0.09489290792335132	0.28426590908085286	0.1988637963047667	0.218666195141993	0.3047835028054902	0.29753283737928266	0.15770688172385036	0.10208038112187526	0.291561001511438	0.2018744108895897	0.22547098863101261	0.29753283737928266	0.3153672451252781
0.34085490097830773	0.15402669610680314	0.20127722356084013	0.3217347538190657	0.3187386194500274	0.3214733094237893	0.47510052630646454	0.15402669610680314	0.4024479475394266	0.029927216135293283	0.12724723753498196	0.15551128616837104	0.15668600771892155	0.3501507640078281	0.20127722356084013	0.029927216135293283	0.6233322911219998	0.1575091092680998	0.2048302396615592	0.21028040876747725	0.47469860373302797	0.3217347538190657	0.12724723753498196	0.1575091092680998	0.9910755977135342	0.33680156891574536	0.3312066500045348	0.5518219820285513	0.3187386194500274	0.15551128616837104	0.2048302396615592	0.33680156891574536	0.34896275960507406	0.32489492643662227	0.47759927823704185	0.3214733094237893	0.15668600771892155	0.21028040876747725	0.3312066500045348	0.32489492643662227	0.3360960588617619	0.47866477572092064	0.47510052630646454	0.3501507640078281	0.47469860373302797	0.5518219820285513	0.47759927823704185	0.47866477572092064	1.071830633695321
0.49750370937960503	0.16881379088349907	0.431612018956769	0.4585649172733832	0.3816953822623698	0.43371316189678233	0.8237942817258909	0.16881379088349907	0.6790210098983603	0.16888223656379717	0.17158008480316014	0.16045876646390386	0.17040614164966694	0.7383300557139993	0.431612018956769	0.16888223656379717	0.501337255794988	0.48788740095293814	0.40633856159171666	0.4654288861821257	0.8515521837162794	0.4585649172733832	0.17158008480316014	0.48788740095293814	1.4386113377382268	0.5824405187384593	0.4942585523050987	1.1157513400493095	0.3816953822623698	0.16045876646390386	0.40633856159171666	0.5824405187384593	0.6440272031738835	0.4091483241144033	0.8203456003755001	0.43371316189678233	0.17040614164966694	0.4654288861821257	0.4942585523050987	0.4091483241144033	0.4735552946543068	0.8327939924832867	0.8237942817258909	0.7383300557139993	0.8515521837162794	1.1157513400493095	0.8203456003755001	0.8327939924832867	2.2292605935501215
0.34707460174994287	-0.039128585229388696	0.29103568247219364	0.23545443972442742	0.2522806630730931	0.2991242097947278	0.3145910772564455	-0.039128585229388696	0.37713761361612785	-0.05406041890363837	-0.18381782287480547	-0.059748587642211574	-0.03419765670381191	-0.02555550323899297	0.29103568247219364	-0.05406041890363837	0.3697619097156613	0.23431266277839444	0.2554525153335244	0.30831681412006706	0.3230814503967664	0.23545443972442742	-0.18381782287480547	0.23431266277839444	1.1537856549081154	0.3324364318207768	0.2796226556521034	0.27263932890347453	0.2522806630730931	-0.059748587642211574	0.2554525153335244	0.3324364318207768	0.4543839111896041	0.26744169270843005	0.2807981596182167	0.2991242097947278	-0.03419765670381191	0.30831681412006706	0.2796226556521034	0.26744169270843005	0.36790626184974157	0.32970808506839877	0.3145910772564455	-0.02555550323899297	0.3230814503967664	0.27263932890347453	0.2807981596182167	0.32970808506839877	0.3524027364485179
0.3634104345344481	-0.019287279959876974	0.28594571733652524	0.27859173314321695	0.2657617255780527	0.3260339092393517	0.35924607201283115	-0.019287279959876974	0.4072603065831202	-0.05957813404500969	-0.11853623057998847	-0.03654723260266902	-0.010736410325274438	0.037576826567424455	0.28594571733652524	-0.05957813404500969	0.42143923622774326	0.24736873591721295	0.246263284895897	0.314542759972282	0.3525976683363512	0.27859173314321695	-0.11853623057998847	0.24736873591721295	1.0242363373903154	0.35580562178434666	0.3107236168801298	0.35911807381318767	0.2657617255780527	-0.03654723260266902	0.246263284895897	0.35580562178434666	0.4862660176775576	0.2895195824508622	0.3241519922155217	0.3260339092393517	-0.010736410325274438	0.314542759972282	0.3107236168801298	0.2895195824508622	0.35902816374523827	0.384758346122116	0.35924607201283115	0.037576826567424455	0.3525976683363512	0.35911807381318767	0.3241519922155217	0.384758346122116	0.5051813155101174
0.54277865968509	-0.05366019864479871	0.3284023372711632	0.3053587130105042	0.2728918789457033	0.3363221077948587	0.480356481806037	-0.05366019864479871	0.5895137929175769	-0.0493270081710607	-0.12928702654345164	-0.05418842719319664	-0.03953543278742748	0.18493031954081368	0.3284023372711632	-0.0493270081710607	0.5522125495914234	0.4988393748925492	0.4261001903625724	0.5190462284349262	0.6314074858165726	0.3053587130105042	-0.12928702654345164	0.4988393748925492	1.2619569528420367	0.5452306095092018	0.5112881469025637	0.6924218512445492	0.2728918789457033	-0.05418842719319664	0.4261001903625724	0.5452306095092018	0.649737977982413	0.4334296701940572	0.5575121088890295	0.3363221077948587	-0.03953543278742748	0.5190462284349262	0.5112881469025637	0.4334296701940572	0.5307167937381545	0.6296149701783246	0.480356481806037	0.18493031954081368	0.6314074858165726	0.6924218512445492	0.5575121088890295	0.6296149701783246	1.1125783733690404
0.2933679561279515	0.013048566750714197	0.2374660001230642	0.2058164527508883	0.21844737183774698	0.25349140761316613	0.2666843519571545	0.013048566750714197	0.3083389087174719	0.00618972903610859	-0.06215482055032674	0.0051796997306715505	0.025285678647290227	0.041188119722811334	0.2374660001230642	0.00618972903610859	0.3037477919685973	0.21001088720972216	0.2244115274824796	0.2625651768978824	0.27609765301963535	0.2058164527508883	-0.06215482055032674	0.21001088720972216	0.8106222184370141	0.2567668679455599	0.23544152497002502	0.2511584293052863	0.21844737183774698	0.0051796997306715505	0.2244115274824796	0.2567668679455599	0.37104994495760635	0.24096393128737317	0.2541598546630868	0.25349140761316613	0.025285678647290227	0.2625651768978824	0.23544152497002502	0.24096393128737317	0.2857519687389316	0.2906349405679277	0.2666843519571545	0.041188119722811334	0.27609765301963535	0.2511584293052863	0.2541598546630868	0.2906349405679277	0.33211618806675763
0.3608846144520044	0.05959094161553702	0.2584105585782155	0.3287352356600137	0.3130103584427405	0.3468251567959905	0.4427512743713143	0.05959094161553702	0.44308486722676804	-0.040116729813271065	-0.006201505247197585	0.047288470569426075	0.061168719195430446	0.1994909900125006	0.2584105585782155	-0.040116729813271065	0.5358621426068451	0.2030167160890633	0.22512548511284083	0.2660960280271649	0.4090711435203984	0.3287352356600137	-0.006201505247197585	0.2030167160890633	1.0431650893152724	0.36943561917113665	0.3377753059930672	0.4816485547932885	0.3130103584427405	0.047288470569426075	0.22512548511284083	0.36943561917113665	0.4469495205430247	0.3184633230972835	0.4178122449343957	0.3468251567959905	0.061168719195430446	0.2660960280271649	0.3377753059930672	0.3184633230972835	0.36000957487416396	0.4471185862789524	0.4427512743713143	0.1994909900125006	0.4090711435203984	0.4816485547932885	0.4178122449343957	0.4471185862789524	0.8206818672003743
0.4203615422210108	0.11846106290625893	0.17009820612602952	0.4237959443575533	0.40557698726689345	0.409134187799652	0.5348869797732567	0.11846106290625893	0.5529164532344719	-0.15018734792549943	0.10571826223276301	0.11724364200956308	0.1160373129148283	0.3202038548094944	0.17009820612602952	-0.15018734792549943	1.0567766236525915	0.13419317629068123	0.16364024300160823	0.17509871323520004	0.5643641154928515	0.4237959443575533	0.10571826223276301	0.13419317629068123	0.7554168911983697	0.42659505866991915	0.42421600748530464	0.5772879228536215	0.40557698726689345	0.11724364200956308	0.16364024300160823	0.42659505866991915	0.4411260065207132	0.4039782575848392	0.5294704453801286	0.409134187799652	0.1160373129148283	0.17509871323520004	0.42421600748530464	0.4039782575848392	0.42215213902810744	0.5314323843202008	0.5348869797732567	0.3202038548094944	0.5643641154928515	0.5772879228536215	0.5294704453801286	0.5314323843202008	1.1765854980856993
0.3557957490680142	0.1976712967173793	0.12127711797020575	0.3226513754846139	0.3190344891427732	0.31914759312759927	0.4696685346481018	0.1976712967173793	0.39127189034483034	-0.00041046671648606314	0.20403505762209972	0.20510007915811124	0.2046297557992096	0.3864417944126845	0.12127711797020575	-0.00041046671648606314	0.8189668063710369	0.1272006977697399	0.13716082868740742	0.14071677018384526	0.49216535457272703	0.3226513754846139	0.20403505762209972	0.1272006977697399	0.4522399312855706	0.33625597828324527	0.335766770273086	0.49433422152558704	0.3190344891427732	0.20510007915811124	0.13716082868740742	0.33625597828324527	0.34781157640504706	0.33132206043494067	0.4785198044238058	0.31914759312759927	0.2046297557992096	0.14071677018384526	0.335766770273086	0.33132206043494067	0.3408010310915871	0.4778611662000687	0.4696685346481018	0.3864417944126845	0.49216535457272703	0.49433422152558704	0.4785198044238058	0.4778611662000687	1.1039446668748958
0.4143043773518733	0.008657694143467051	0.09847304615075766	0.002852348398276621	0.06497619628798422	0.1177766421340687	0.12454729105744673	0.008657694143467051	0.27741790370326813	0.10540957138018255	-0.006457413360597892	0.06587054992260588	0.12312041115705782	0.12961932943327195	0.09847304615075766	0.10540957138018255	0.3209934966227766	0.1649119568538449	0.19347104021106368	0.2725999875025903	0.2793340467794797	0.002852348398276621	-0.006457413360597892	0.1649119568538449	1.0847038293971105	0.29068270755746856	0.20040998874795563	0.2023649383130122	0.06497619628798422	0.06587054992260588	0.19347104021106368	0.29068270755746856	0.4557680516485427	0.21194069774451718	0.2181480914760388	0.1177766421340687	0.12312041115705782	0.2725999875025903	0.20040998874795563	0.21194069774451718	0.30217415759071636	0.2935481337824515	0.12454729105744673	0.12961932943327195	0.2793340467794797	0.2023649383130122	0.2181480914760388	0.2935481337824515	0.30921167555828966
0.7762196077150731	-0.13061912474526055	-0.06539529558692347	-0.2580691865932323	-0.1313207039310958	-0.09538818232406275	-0.053169798262572454	-0.13061912474526055	0.3763221788062451	0.21096840206044842	-0.0003164253663641616	0.062307102511227265	0.16311731775455723	0.22016074875836722	-0.06539529558692347	0.21096840206044842	0.5340846075196634	0.3371277998225002	0.30094955178246163	0.4460888808155214	0.5328103650397372	-0.2580691865932323	-0.0003164253663641616	0.3371277998225002	1.4379116337081355	0.5201490974115353	0.4112007569011976	0.3502065915761054	-0.1313207039310958	0.062307102511227265	0.30094955178246163	0.5201490974115353	0.7479154217240581	0.266241434735002	0.3100682961406288	-0.09538818232406275	0.16311731775455723	0.4460888808155214	0.4112007569011976	0.266241434735002	0.63014244261085	0.4508343346516667	-0.053169798262572454	0.22016074875836722	0.5328103650397372	0.3502065915761054	0.3100682961406288	0.4508343346516667	0.5549429605986572
