0.46757917332234955	0.010858937254789341	0.19755780570972317	0.2565971205061279	0.32362901667583366	0.22023685280389504	0.38091018537443266	0.010858937254789341	0.46500182760497566	-0.0892713055855576	-0.09482969540643874	0.04057147010638092	-0.017732069585012694	0.11708252631962236	0.19755780570972317	-0.0892713055855576	0.5972545587483281	0.2142145864994069	0.3140591353139084	0.2514078332113922	0.3913916977483938	0.2565971205061279	-0.09482969540643874	0.2142145864994069	1.413900305823043	0.38299406553113813	0.44323183354307105	0.4619923773341134	0.32362901667583366	0.04057147010638092	0.3140591353139084	0.38299406553113813	0.43460424355690713	0.3158720441902233	0.4798684025106465	0.22023685280389504	-0.017732069585012694	0.2514078332113922	0.44323183354307105	0.3158720441902233	0.5997460857291288	0.35375793562283675	0.38091018537443266	0.11708252631962236	0.3913916977483938	0.4619923773341134	0.4798684025106465	0.35375793562283675	0.6827514712144688
0.5927382357869859	0.20541323481809382	-0.021567299097127374	0.31035486908717147	0.3639722682954817	0.1766372664406973	0.5058507767621109	0.20541323481809382	0.5125938139008501	-0.0982101259427764	0.1772821819431034	0.2566188871939509	0.10062376851135749	0.42544546542558	-0.021567299097127374	-0.0982101259427764	1.1642907010982042	-0.01559078283101703	0.12891635813095387	0.15131830338941807	0.522412954421136	0.31035486908717147	0.1772821819431034	-0.01559078283101703	1.5146004335147198	0.4397980801458431	0.4677258558366887	0.6380603911765619	0.3639722682954817	0.2566188871939509	0.12891635813095387	0.4397980801458431	0.4833081670229523	0.2814029691434651	0.6006778619100864	0.1766372664406973	0.10062376851135749	0.15131830338941807	0.4677258558366887	0.2814029691434651	0.6632818916779364	0.37804599858596266	0.5058507767621109	0.42544546542558	0.522412954421136	0.6380603911765619	0.6006778619100864	0.37804599858596266	1.229258170870429
0.4200801358985818	0.17230357475924352	-0.004703403475959794	0.17319196139932586	0.2344503966412453	0.16043125476178205	0.30645559527298427	0.17230357475924352	0.3270282151261136	0.01006049733046313	0.16601884519611299	0.23486791018556485	0.16508422588306293	0.3078882052908098	-0.004703403475959794	0.01006049733046313	0.6336930463636512	-0.05954759499425009	0.0953194253268832	0.08870105811488951	0.2283598072783176	0.17319196139932586	0.16601884519611299	-0.05954759499425009	1.2543692086172813	0.26741799156581875	0.3101975689217279	0.37023773286803724	0.2344503966412453	0.23486791018556485	0.0953194253268832	0.26741799156581875	0.31980067248352273	0.23667643255848467	0.3804886024101094	0.16043125476178205	0.16508422588306293	0.08870105811488951	0.3101975689217279	0.23667643255848467	0.44848503291204034	0.29267110264373497	0.30645559527298427	0.3078882052908098	0.2283598072783176	0.37023773286803724	0.3804886024101094	0.29267110264373497	0.6422967249788121
0.5199313745400942	0.14387646571172197	-0.07619367883235867	0.27535731317877327	0.27901521635936305	0.24653196705213393	0.3448900910232981	0.14387646571172197	0.4282592393906689	-0.137726986786393	0.18864540286961967	0.2041567054121512	0.17745822994055832	0.2809499246896398	-0.07619367883235867	-0.137726986786393	0.9360396092737259	0.020349513411521532	0.08708938713527639	0.09851019066311248	0.27125371046160046	0.27535731317877327	0.18864540286961967	0.020349513411521532	0.7815316757783944	0.3993413748611363	0.3794810696640681	0.4695370824589702	0.27901521635936305	0.2041567054121512	0.08708938713527639	0.3993413748611363	0.40064586389526397	0.3605525904016166	0.45137724495521075	0.24653196705213393	0.17745822994055832	0.09851019066311248	0.3794810696640681	0.3605525904016166	0.4330161834442471	0.4132504661290578	0.3448900910232981	0.2809499246896398	0.27125371046160046	0.4695370824589702	0.45137724495521075	0.4132504661290578	0.7388401847952635
0.5401731753084562	0.19499814874181073	0.05799287851658902	0.20832797075974385	0.27114510948326487	0.13456488617533724	0.4615331233022466	0.19499814874181073	0.4064022905235264	0.08480927786880471	0.20663154876953055	0.27675404400137343	0.1492819707130025	0.46895543033200915	0.05799287851658902	0.08480927786880471	0.7856396273602216	0.08884516675648046	0.1993080154030734	0.1632523425320976	0.5253799212341207	0.20832797075974385	0.20663154876953055	0.08884516675648046	1.3489310337802607	0.341632840283567	0.3955574435797353	0.5968947145079471	0.27114510948326487	0.27675404400137343	0.1993080154030734	0.341632840283567	0.39442807960806875	0.24313439702518652	0.5564302885701796	0.13456488617533724	0.1492819707130025	0.1632523425320976	0.3955574435797353	0.24313439702518652	0.5983046711872322	0.3663134592804651	0.4615331233022466	0.46895543033200915	0.5253799212341207	0.5968947145079471	0.5564302885701796	0.3663134592804651	1.2211453272365074
0.48587128727668183	0.19720905346196876	0.038978788974361064	0.18158642257256452	0.23102759621714894	0.1521391898835172	0.40228131729154987	0.19720905346196876	0.3419919438477982	0.11073334473657098	0.23525531566575347	0.2833658165836037	0.2047876596758727	0.4467197317181382	0.038978788974361064	0.11073334473657098	0.6928976641458303	0.04929031470898479	0.16078286319787705	0.14085858662246353	0.4481652298364203	0.18158642257256452	0.23525531566575347	0.04929031470898479	1.262729354294323	0.2969302526067375	0.33407968551368883	0.535081145987514	0.23102759621714894	0.2833658165836037	0.16078286319787705	0.2969302526067375	0.33723374818000706	0.24827641203700385	0.48520972318153094	0.1521391898835172	0.2047876596758727	0.14085858662246353	0.33407968551368883	0.24827641203700385	0.4703384327559097	0.3757699522888313	0.40228131729154987	0.4467197317181382	0.4481652298364203	0.535081145987514	0.48520972318153094	0.3757699522888313	1.0758229881195887
0.363446218851338	0.13938101016924453	0.09501221430322469	0.078907633073518	0.16862492011260966	0.10828152664577095	0.2593773794709078	0.13938101016924453	0.2584436322742261	0.14690057154539043	0.128390075736185	0.21476194135541785	0.15337162204503926	0.30174911875427146	0.09501221430322469	0.14690057154539043	0.35187795060558835	0.076452929398146	0.1854500948868871	0.14312420865322087	0.2899683876964395	0.078907633073518	0.128390075736185	0.076452929398146	1.1331267772357683	0.17867269738547487	0.2494595254773245	0.3062855578786413	0.16862492011260966	0.21476194135541785	0.1854500948868871	0.17867269738547487	0.2582473334399359	0.18713897656395473	0.33606369117582985	0.10828152664577095	0.15337162204503926	0.14312420865322087	0.2494595254773245	0.18713897656395473	0.4247966307981193	0.2546602079403713	0.2593773794709078	0.30174911875427146	0.2899683876964395	0.3062855578786413	0.33606369117582985	0.2546602079403713	0.6156577688609536
0.3805945546880358	0.14741866232919812	0.07691176674602987	0.08553406697832347	0.16150789826459894	0.12296652128014204	0.26773269034492897	0.14741866232919812	0.25555990779175847	0.1554721785366111	0.16455833464094247	0.23192584600580377	0.19146703583727767	0.33099866936211453	0.07691176674602987	0.1554721785366111	0.37738583402522746	0.0708837017070726	0.17477188268737112	0.15029698239688535	0.3021297768452871	0.08553406697832347	0.16455833464094247	0.0708837017070726	1.1482008830504067	0.19227418325351492	0.234434732335591	0.3451696142693993	0.16150789826459894	0.23192584600580377	0.17477188268737112	0.19227418325351492	0.2569378166375805	0.20919247568735277	0.3477716725471149	0.12296652128014204	0.19146703583727767	0.15029698239688535	0.234434732335591	0.20919247568735277	0.35802316399439116	0.29443474342176357	0.26773269034492897	0.33099866936211453	0.3021297768452871	0.3451696142693993	0.3477716725471149	0.29443474342176357	0.6779721882273609
0.5723080431362204	0.17374162983879535	0.02799030893131277	0.21781036748461974	0.2710716739495412	0.15207776669333697	0.4460109665481299	0.17374162983879535	0.4312183785995716	0.04066786996441324	0.19138530927604397	0.2577260990065676	0.15033774953519186	0.4395676809894305	0.02799030893131277	0.04066786996441324	0.8692305623328102	0.08085350092516079	0.1984075947029705	0.17570138084549922	0.5238744269163259	0.21781036748461974	0.19138530927604397	0.08085350092516079	1.4215167844322276	0.37632042261062704	0.41965063386422796	0.6129317528191145	0.2710716739495412	0.2577260990065676	0.1984075947029705	0.37632042261062704	0.4155528931367235	0.2819143754688782	0.5592266095952556	0.15207776669333697	0.15033774953519186	0.17570138084549922	0.41965063386422796	0.2819143754688782	0.5770826765756452	0.39888580753686037	0.4460109665481299	0.4395676809894305	0.5238744269163259	0.6129317528191145	0.5592266095952556	0.39888580753686037	1.1931529738926474
0.4295655157958991	0.12751470958470806	0.0899661631103244	0.1525269453372751	0.2231117114726	0.14946635486672177	0.3265466961875905	0.12751470958470806	0.33879336553993133	0.07055929972018242	0.11074765525675165	0.19547747683406883	0.1297471613623887	0.30301669792058145	0.0899661631103244	0.07055929972018242	0.5180784574474712	0.09095584807065986	0.2024941467044993	0.16616475627565772	0.3441343301416865	0.1525269453372751	0.11074765525675165	0.09095584807065986	1.2546081586412303	0.26972239248827345	0.3256401684314857	0.41472784129085005	0.2231117114726	0.19547747683406883	0.2024941467044993	0.26972239248827345	0.3279523964102059	0.24280156194078079	0.41555023874453245	0.14946635486672177	0.1297471613623887	0.16616475627565772	0.3256401684314857	0.24280156194078079	0.4779456916160511	0.31804817277832403	0.3265466961875905	0.30301669792058145	0.3441343301416865	0.41472784129085005	0.41555023874453245	0.31804817277832403	0.7575024778067594
0.4101215946687109	0.07116063797578884	0.12305776169956385	0.19647433621856186	0.24967506056277972	0.20194119920861914	0.31165789901243507	0.07116063797578884	0.36928281512434585	-0.008816485389138068	0.026707317713207397	0.11747659999751234	0.08229059261295377	0.18975093430863624	0.12305776169956385	-0.008816485389138068	0.518568095645569	0.12922031552861296	0.22581723224623512	0.20166381826741092	0.3115393678700305	0.19647433621856186	0.026707317713207397	0.12922031552861296	1.2099700493221004	0.3055256359788479	0.3338972623356954	0.39185272896773016	0.24967506056277972	0.11747659999751234	0.22581723224623512	0.3055256359788479	0.3464062341379875	0.28911768110751734	0.39678190058392876	0.20194119920861914	0.08229059261295377	0.20166381826741092	0.3338972623356954	0.28911768110751734	0.43919555879134065	0.33755491415199823	0.31165789901243507	0.18975093430863624	0.3115393678700305	0.39185272896773016	0.39678190058392876	0.33755491415199823	0.6098464515858154
0.5995692461578163	0.18956191005970785	0.0314872574714479	0.39018153012866164	0.3936983276890865	0.2704732109768537	0.5783199219571827	0.18956191005970785	0.5818895431920061	-0.10792177962422275	0.1866819262254737	0.22024456767199027	0.12539387203179672	0.4720742098242265	0.0314872574714479	-0.10792177962422275	1.4552524687907606	0.08643240319452665	0.17376053807640543	0.1968658821254056	0.797437198063254	0.39018153012866164	0.1866819262254737	0.08643240319452665	1.296172726252725	0.5098455013030398	0.4758262522043955	0.7472986633900736	0.3936983276890865	0.22024456767199027	0.17376053807640543	0.5098455013030398	0.5073569791300044	0.3729361319307158	0.6579501867237696	0.2704732109768537	0.12539387203179672	0.1968658821254056	0.4758262522043955	0.3729361319307158	0.5955303863600214	0.5073425161856581	0.5783199219571827	0.4720742098242265	0.797437198063254	0.7472986633900736	0.6579501867237696	0.5073425161856581	1.5831306862669157
0.6927278544374353	0.19717401487990666	0.04962998760868578	0.42908015495719165	0.4337277338355974	0.26074959503547723	0.6753813916377597	0.19717401487990666	0.6873150528327795	-0.09429237742085472	0.17683280432356374	0.21572300104845185	0.08887777372242205	0.576822757036806	0.04962998760868578	-0.09429237742085472	1.8442501146529358	0.16756099161763233	0.23497320573279265	0.26872115766982657	1.1484990687389491	0.42908015495719165	0.17683280432356374	0.16756099161763233	1.4772988205440958	0.5921671469214929	0.5453757678251017	0.8967621822957661	0.4337277338355974	0.21572300104845185	0.23497320573279265	0.5921671469214929	0.5880632774667227	0.39875002268368587	0.7686281697744347	0.26074959503547723	0.08887777372242205	0.26872115766982657	0.5453757678251017	0.39875002268368587	0.6864836666931109	0.5588022016153462	0.6753813916377597	0.576822757036806	1.1484990687389491	0.8967621822957661	0.7686281697744347	0.5588022016153462	2.069341755743054
0.7205788370246045	0.16317294863400572	-0.0654885255045336	0.41333852080216904	0.41508067881695343	0.26327181713162495	0.5705494496475155	0.16317294863400572	0.6848518904902189	-0.23725589199356695	0.13054259727452214	0.18093817330073225	0.07196543068525312	0.4279620135716553	-0.0654885255045336	-0.23725589199356695	1.818749018764318	0.06899570132127475	0.1876806888696359	0.23674324197844396	0.8781846876571394	0.41333852080216904	0.13054259727452214	0.06899570132127475	1.617472446059879	0.6234713000045671	0.5894035118316762	0.8199126417518121	0.41508067881695343	0.18093817330073225	0.1876806888696359	0.6234713000045671	0.6084202266938578	0.43978960585801186	0.711061185089564	0.26327181713162495	0.07196543068525312	0.23674324197844396	0.5894035118316762	0.43978960585801186	0.6824378575219715	0.5415335406992463	0.5705494496475155	0.4279620135716553	0.8781846876571394	0.8199126417518121	0.711061185089564	0.5415335406992463	1.6309033693075865
0.4897861172817333	0.117203538541947	1.1843317627574512e-6	0.1651778721106923	0.20743386963591962	0.15397208898390027	0.2901794469222067	0.117203538541947	0.3527983413361962	0.017864998506700522	0.15637157957454248	0.20741778987454867	0.15909574625122527	0.29189538336996473	1.1843317627574512e-6	0.017864998506700522	0.6328555171283955	0.06642392505661884	0.16276033870816395	0.1525265834096105	0.2979121159836828	0.1651778721106923	0.15637157957454248	0.06642392505661884	1.0414346981887943	0.3166668670376685	0.3252508917708229	0.41879915368124815	0.20743386963591962	0.20741778987454867	0.16276033870816395	0.3166668670376685	0.3470332929981199	0.2822811040547909	0.4127885977102306	0.15397208898390027	0.15909574625122527	0.1525265834096105	0.3252508917708229	0.2822811040547909	0.4435729933087583	0.3433403933965228	0.2901794469222067	0.29189538336996473	0.2979121159836828	0.41879915368124815	0.4127885977102306	0.3433403933965228	0.6964176603536248
0.3805191463169965	0.052527898797292555	0.11900446901344816	0.03970124708318549	0.13143201425945078	0.10244825406808568	0.18340216329973869	0.052527898797292555	0.2617056160084365	0.13601103745749177	0.049685412312627075	0.1472606435550548	0.12021430728929736	0.198710882011078	0.11900446901344816	0.13601103745749177	0.27714682286835396	0.1712878931899831	0.2472351561325289	0.21530615351080687	0.29510851628329043	0.03970124708318549	0.049685412312627075	0.1712878931899831	1.0763018782934042	0.19176583494039606	0.23312388067381964	0.261226175581916	0.13143201425945078	0.1472606435550548	0.2472351561325289	0.19176583494039606	0.26405031398309275	0.22348009918803893	0.3035448618247818	0.10244825406808568	0.12021430728929736	0.21530615351080687	0.23312388067381964	0.22348009918803893	0.3626141269452011	0.26371570872909844	0.18340216329973869	0.198710882011078	0.29510851628329043	0.261226175581916	0.3035448618247818	0.26371570872909844	0.4548588551640943
0.38067151623534495	0.0642559875957703	0.06432505487873644	-0.024541574009307093	0.07561298744587616	0.05547078706270314	0.11620410070050685	0.0642559875957703	0.21281750284831302	0.18371587318090313	0.11056473795515372	0.1929044352684119	0.16940550474266633	0.2295548218217627	0.06432505487873644	0.18371587318090313	0.22737586622699957	0.11741018375356364	0.20084467729478195	0.17816944523047007	0.23818108817070743	-0.024541574009307093	0.11056473795515372	0.11741018375356364	0.9658801166716059	0.13667332870744603	0.171364160983148	0.18836473583250438	0.07561298744587616	0.1929044352684119	0.20084467729478195	0.13667332870744603	0.2178899231122125	0.18562851972410438	0.24596284348595676	0.05547078706270314	0.16940550474266633	0.17816944523047007	0.171364160983148	0.18562851972410438	0.3029282077301982	0.21798468290516496	0.11620410070050685	0.2295548218217627	0.23818108817070743	0.18836473583250438	0.24596284348595676	0.21798468290516496	0.359571236139958
0.2873938056279086	0.1111484637671269	0.11030937941307778	0.030010047354511557	0.11469659798483464	0.10668962212731298	0.16848546230801498	0.1111484637671269	0.1923330481355824	0.17757553058542547	0.10688270090203585	0.1809052486484032	0.17237812576347628	0.23173477637184986	0.11030937941307778	0.17757553058542547	0.20028014438002978	0.10641232089836902	0.18205431962288002	0.17390742648071444	0.23366306597057898	0.030010047354511557	0.10688270090203585	0.10641232089836902	0.9326959706549518	0.12185736865344701	0.13391226139210555	0.19236963848531416	0.11469659798483464	0.1809052486484032	0.18205431962288002	0.12185736865344701	0.20084006685871192	0.17686068209683853	0.23602279335729137	0.10668962212731298	0.17237812576347628	0.17390742648071444	0.13391226139210555	0.17686068209683853	0.23370276377168628	0.2249506958335407	0.16848546230801498	0.23173477637184986	0.23366306597057898	0.19236963848531416	0.23602279335729137	0.2249506958335407	0.3912405187097424
0.2971399938228153	0.11509827431739476	0.11037205803919106	0.022234956866873587	0.11476962686803774	0.100826149025704	0.17566926064520125	0.11509827431739476	0.19667501605181054	0.18371200990372624	0.10642243258979633	0.18657674204838048	0.17162432510342582	0.24417381024414872	0.11037205803919106	0.18371200990372624	0.20680557393033083	0.10006538180341333	0.18342762038549956	0.1693706621131784	0.2423368051520994	0.022234956866873587	0.10642243258979633	0.10006538180341333	0.9974624391656425	0.12163877774019477	0.1440940223318908	0.19803434546760593	0.11476962686803774	0.18657674204838048	0.18342762038549956	0.12163877774019477	0.2102128323263723	0.1717353048602543	0.2440565971841104	0.100826149025704	0.17162432510342582	0.1693706621131784	0.1440940223318908	0.1717353048602543	0.264759456760313	0.22471245920728605	0.17566926064520125	0.24417381024414872	0.2423368051520994	0.19803434546760593	0.2440565971841104	0.22471245920728605	0.4174079129176819
0.45540692174485364	0.0179196317123559	0.025679884065409046	-0.03649830191304185	0.03982878248409837	0.028682097487997757	0.07298843223356408	0.0179196317123559	0.22982213371877586	0.18175238877042701	0.1337942524973566	0.1927164164701095	0.17870418096910373	0.22182767963961375	0.025679884065409046	0.18175238877042701	0.2506229893355419	0.16414482676279607	0.22059685090855713	0.20657986408392268	0.24980625596228254	-0.03649830191304185	0.1337942524973566	0.16414482676279607	0.7953413230546018	0.1828168159435336	0.1953792993728378	0.2197011710381053	0.03982878248409837	0.1927164164701095	0.22059685090855713	0.1828168159435336	0.2385291178219514	0.21577268871182193	0.25915698978037244	0.028682097487997757	0.17870418096910373	0.20657986408392268	0.1953792993728378	0.21577268871182193	0.2935388463072095	0.24169039081870083	0.07298843223356408	0.22182767963961375	0.24980625596228254	0.2197011710381053	0.25915698978037244	0.24169039081870083	0.34836383928003783
0.47482397131047815	-8.663444074898802e-5	0.03008983067566325	-0.03253635340861291	0.03963433659547888	0.024817477669425193	0.07104602671344325	-8.663444074898802e-5	0.24473935815931927	0.1721179541340922	0.12017857412830402	0.17932985106853222	0.16129091803729192	0.20737407355071305	0.03008983067566325	0.1721179541340922	0.26617973979036624	0.19526675842930774	0.24492581584761666	0.22448999527493851	0.2717963102989983	-0.03253635340861291	0.12017857412830402	0.19526675842930774	0.7806519363699097	0.20787128436442737	0.22174551733426415	0.24121176731002653	0.03963433659547888	0.17932985106853222	0.24492581584761666	0.20787128436442737	0.25910645832366125	0.2298626443442678	0.27764182888288824	0.024817477669425193	0.16129091803729192	0.22448999527493851	0.22174551733426415	0.2298626443442678	0.3328871069256144	0.2533412521877385	0.07104602671344325	0.20737407355071305	0.2717963102989983	0.24121176731002653	0.27764182888288824	0.2533412521877385	0.36117170132417575
0.46287841996024	0.03734497744458187	0.0527289720121302	-0.01748308119475054	0.06556831225190869	0.0438076773886467	0.13038330421734287	0.03734497744458187	0.24725145458626124	0.18915575697695539	0.13154706937555988	0.19934183519219595	0.17373270734225715	0.2566153068608599	0.0527289720121302	0.18915575697695539	0.2676001795966694	0.17591901239022828	0.2384855543839649	0.21203819267172402	0.2950390410427564	-0.01748308119475054	0.13154706937555988	0.17591901239022828	0.9164617678052002	0.19393805999282787	0.22015630172626455	0.27171422158851527	0.06556831225190869	0.19934183519219595	0.2384855543839649	0.19393805999282787	0.2549227137872128	0.21981403061549637	0.3025728763141795	0.0438076773886467	0.17373270734225715	0.21203819267172402	0.22015630172626455	0.21981403061549637	0.34414439657323354	0.26782057258805575	0.13038330421734287	0.2566153068608599	0.2950390410427564	0.27171422158851527	0.3025728763141795	0.26782057258805575	0.4796319771345434
0.37632478413553805	0.04793577950614222	0.13858394295558746	0.05283231842679733	0.143976173032189	0.11883376197669598	0.20015335542896523	0.04793577950614222	0.2723330688884128	0.1283491253409457	0.02928671173257171	0.13325753721427555	0.11106534004218688	0.1903013380530707	0.13858394295558746	0.1283491253409457	0.2771667979708746	0.18918222961360542	0.2607068205856431	0.2323133186791391	0.3115531923195453	0.05283231842679733	0.02928671173257171	0.18918222961360542	1.133523074601646	0.20143421607667136	0.2386231331155845	0.278473448521619	0.143976173032189	0.13325753721427555	0.2607068205856431	0.20143421607667136	0.27244549376694804	0.2356817351241814	0.3147147342609797	0.11883376197669598	0.11106534004218688	0.2323133186791391	0.2386231331155845	0.2356817351241814	0.3542349251218452	0.28023919402606345	0.20015335542896523	0.1903013380530707	0.3115531923195453	0.278473448521619	0.3147147342609797	0.28023919402606345	0.47952995890233074
0.31601679898043267	0.061573518508956836	0.14345475776600206	0.07746188395241366	0.15797712046476758	0.14548475225608598	0.19335009124940528	0.061573518508956836	0.2508876965537077	0.10631053574032483	0.02249260191550801	0.12039819649907868	0.10986248239886447	0.157281939371866	0.14345475776600206	0.10631053574032483	0.26132932429412936	0.15238578444325201	0.22588152565238637	0.21330943130190252	0.2602937675943888	0.07746188395241366	0.02249260191550801	0.15238578444325201	1.045082608045459	0.17782832002677215	0.1952649272601079	0.22684138796476808	0.15797712046476758	0.12039819649907868	0.22588152565238637	0.17782832002677215	0.24561331154713906	0.22501910838343264	0.27151985311822363	0.14548475225608598	0.10986248239886447	0.21330943130190252	0.1952649272601079	0.22501910838343264	0.28760154405627164	0.2558706115487043	0.19335009124940528	0.157281939371866	0.2602937675943888	0.22684138796476808	0.27151985311822363	0.2558706115487043	0.3784417417312644
0.36124826517687253	-0.02042447281737572	0.24060810356071735	0.2808256639714595	0.2979326129250566	0.293626609312238	0.327270703108415	-0.02042447281737572	0.39536574848313566	-0.07312762025373774	-0.07150021972291794	-0.00549369552730088	-0.0071058452900727015	0.03530334256264945	0.24060810356071735	-0.07312762025373774	0.4281009043117136	0.25628823725722183	0.2873142246013145	0.28484252216280526	0.3226156273378496	0.2808256639714595	-0.07150021972291794	0.25628823725722183	0.8198431150890793	0.3319834085441367	0.33117537507170614	0.36752448320495984	0.2979326129250566	-0.00549369552730088	0.2873142246013145	0.3319834085441367	0.3491476557735207	0.3371457531392087	0.36947115226916327	0.293626609312238	-0.0071058452900727015	0.28484252216280526	0.33117537507170614	0.3371457531392087	0.3579443664386561	0.3643426951524861	0.327270703108415	0.03530334256264945	0.3226156273378496	0.36752448320495984	0.36947115226916327	0.3643426951524861	0.47174391762944734
0.3877240941366135	-0.0484739309365165	0.2588523454173988	0.30876707326574815	0.32408023161900945	0.3190776550735079	0.3490022874499208	-0.0484739309365165	0.4348410341420723	-0.11493222278977054	-0.11808226290286872	-0.035898874949397926	-0.03753062000379159	0.0006790329099094811	0.2588523454173988	-0.11493222278977054	0.4726269084128082	0.2763675181199886	0.31040504088390364	0.30758688186649696	0.3413927720320817	0.30876707326574815	-0.11808226290286872	0.2763675181199886	0.9395924773600394	0.3659433743696334	0.3653774716189155	0.3968022632378937	0.32408023161900945	-0.035898874949397926	0.31040504088390364	0.3659433743696334	0.3794108330499573	0.36677680709688604	0.3955193368275686	0.3190776550735079	-0.03753062000379159	0.30758688186649696	0.3653774716189155	0.36677680709688604	0.38836339876570647	0.38972232661200634	0.3490022874499208	0.0006790329099094811	0.3413927720320817	0.3968022632378937	0.3955193368275686	0.38972232661200634	0.48472753728965007
0.3323927748420693	0.08073405089543423	0.10516166457910475	0.17383526625865553	0.20075826288092605	0.19190957088686128	0.23760429309940195	0.08073405089543423	0.28635283584417537	0.030141648918515895	0.08631828008831124	0.12613582589482977	0.11935173553659491	0.1665548876154099	0.10516166457910475	0.030141648918515895	0.38869209249556713	0.13386595374686788	0.18027769296386176	0.17659346381383326	0.2277613721856345	0.17383526625865553	0.08631828008831124	0.13386595374686788	0.6728990145939727	0.24920906179403296	0.24822241381573537	0.29197718194168454	0.20075826288092605	0.12613582589482977	0.18027769296386176	0.24920906179403296	0.27461657524174055	0.2587126994885849	0.30250750432725615	0.19190957088686128	0.11935173553659491	0.17659346381383326	0.24822241381573537	0.2587126994885849	0.29817373276034687	0.29157285911207287	0.23760429309940195	0.1665548876154099	0.2277613721856345	0.29197718194168454	0.30250750432725615	0.29157285911207287	0.42277659714450333
0.32755450708692185	0.07088126671265882	0.1453323858853138	0.0648176994722551	0.1462009045231008	0.13350185973890388	0.20233848660560005	0.07088126671265882	0.24646485691126585	0.13751370644581407	0.046897923822641775	0.1381639840540387	0.1268477357548297	0.19502214483639657	0.1453323858853138	0.13751370644581407	0.2435825856781769	0.16695753019298581	0.2333439016803613	0.21947882764622312	0.2854987796102087	0.0648176994722551	0.046897923822641775	0.16695753019298581	1.0437689980615052	0.17627841900123348	0.1940427340178715	0.2516589023965078	0.1462009045231008	0.1381639840540387	0.2333439016803613	0.17627841900123348	0.24656289446681778	0.21941578654063706	0.28515986983445407	0.13350185973890388	0.1268477357548297	0.21947882764622312	0.1940427340178715	0.21941578654063706	0.2908521830556312	0.2678217886824373	0.20233848660560005	0.19502214483639657	0.2854987796102087	0.2516589023965078	0.28515986983445407	0.2678217886824373	0.4501371293350948
0.3790601868943909	0.03023800979054546	0.13831979178648504	0.050055365081258914	0.1413526285883513	0.12158474469813232	0.18392209360843043	0.03023800979054546	0.27610355861511954	0.11330568419564319	0.007288807241217714	0.11605522804186057	0.09943188385792089	0.15989367233134807	0.13831979178648504	0.11330568419564319	0.28007618603135115	0.1995083839569045	0.26762183698836983	0.24477931966345415	0.30583177572193615	0.050055365081258914	0.007288807241217714	0.1995083839569045	1.1354011529014394	0.20954781275519788	0.2391749125602452	0.26569608793307126	0.1413526285883513	0.11605522804186057	0.26762183698836983	0.20954781275519788	0.27885781249874303	0.24631720890687608	0.30724724186298413	0.12158474469813232	0.09943188385792089	0.24477931966345415	0.2391749125602452	0.24631720890687608	0.34438264882299247	0.28066076046321536	0.18392209360843043	0.15989367233134807	0.30583177572193615	0.26569608793307126	0.30724724186298413	0.28066076046321536	0.4311127022659878
0.3836031597360512	0.058867649560418775	0.06758370891152074	-0.03464858880541547	0.0708524139762033	0.05932700841099447	0.11256797765714825	0.058867649560418775	0.21215592451156193	0.1873135600348247	0.10394831292475623	0.18921715836593694	0.17601403541102079	0.2270530534205443	0.06758370891152074	0.1873135600348247	0.2187033373011823	0.1235392862988764	0.20566678659348708	0.19231426680919544	0.2433428117607647	-0.03464858880541547	0.10394831292475623	0.1235392862988764	1.022504576355363	0.13509674452873843	0.15705803293802553	0.1880075331445142	0.0708524139762033	0.18921715836593694	0.20566678659348708	0.13509674452873843	0.2192789610596571	0.19385005770941618	0.24468267474066377	0.05932700841099447	0.17601403541102079	0.19231426680919544	0.15705803293802553	0.19385005770941618	0.2681283265463263	0.22862795240999195	0.11256797765714825	0.2270530534205443	0.2433428117607647	0.1880075331445142	0.24468267474066377	0.22862795240999195	0.36040079941297054
0.42442772069002993	0.04956373026376529	0.04823496244653157	-0.06153694223507579	0.049917247571161255	0.03789771531081952	0.09953309499189279	0.04956373026376529	0.21628994805466906	0.20531956299104837	0.12146087135808657	0.2042940265569377	0.19015801734743887	0.24899061627905275	0.04823496244653157	0.20531956299104837	0.2230722657401034	0.12273433528703868	0.20646401667149117	0.19273045785428622	0.2516283613160513	-0.06153694223507579	0.12146087135808657	0.12273433528703868	1.0483200952485427	0.1398664658106274	0.16288326057910485	0.19518826904352451	0.049917247571161255	0.2042940265569377	0.20646401667149117	0.1398664658106274	0.23051655845594649	0.19165643836210755	0.2502075035977594	0.03789771531081952	0.19015801734743887	0.19273045785428622	0.16288326057910485	0.19165643836210755	0.282917746103134	0.2327228553904269	0.09953309499189279	0.24899061627905275	0.2516283613160513	0.19518826904352451	0.2502075035977594	0.2327228553904269	0.38310663083849417
0.5519408836087382	0.07336892590356905	0.060659657130848726	-0.03436712832125627	0.06918483882985066	0.010096420322587507	0.217604569234919	0.07336892590356905	0.27546256756542054	0.26053890639113036	0.1840498664135101	0.26175540118643226	0.19035816159966015	0.3900147799807197	0.060659657130848726	0.26053890639113036	0.29531307391396483	0.17163851804550007	0.25324333434986135	0.18692685058990455	0.38642704342588774	-0.03436712832125627	0.1840498664135101	0.17163851804550007	1.1252828386255183	0.20590400437524603	0.2801312164687763	0.36834292817572445	0.06918483882985066	0.26175540118643226	0.25324333434986135	0.20590400437524603	0.3011744308185054	0.18630695459543578	0.38402394894195213	0.010096420322587507	0.19035816159966015	0.18692685058990455	0.2801312164687763	0.18630695459543578	0.495556390349845	0.28050066797498135	0.217604569234919	0.3900147799807197	0.38642704342588774	0.36834292817572445	0.38402394894195213	0.28050066797498135	0.7749850800407967
0.40946121623763615	0.07499596214853976	0.07165585053778477	-0.0006873754977024041	0.06861752147664228	0.04704416535052866	0.15114497538567337	0.07499596214853976	0.22329198024037641	0.21389008080309452	0.153661902917686	0.20506021772237096	0.180522457614248	0.2827818234622306	0.07165585053778477	0.21389008080309452	0.23070144450048297	0.15154841625506982	0.20394893508230366	0.1806442057214556	0.2827916201790015	-0.0006873754977024041	0.153661902917686	0.15154841625506982	0.7913871282741954	0.17343895649219834	0.19123443782210509	0.24826909738636208	0.06861752147664228	0.20506021772237096	0.20394893508230366	0.17343895649219834	0.26418786635379576	0.17209804759636574	0.27348134622811726	0.04704416535052866	0.180522457614248	0.1806442057214556	0.19123443782210509	0.17209804759636574	0.35868678821477223	0.23752248421047292	0.15114497538567337	0.2827818234622306	0.2827916201790015	0.24826909738636208	0.27348134622811726	0.23752248421047292	0.4894388382152141
0.5199277566021313	0.07819556480742451	0.07855676676778821	-0.10815690280259538	-0.030374047902335992	0.025986245453218378	0.17392663236032477	0.07819556480742451	0.29106188304271263	0.283423296999483	0.07747512725471366	0.10127357057952674	0.21207545812178405	0.3605540894064907	0.07855676676778821	0.283423296999483	0.2970294235763824	0.07990414993044506	0.10253573267575132	0.21630256194359304	0.36487559536562086	-0.10815690280259538	0.07747512725471366	0.07990414993044506	1.2443452489874227	0.405984390913382	0.19404054773738388	0.21726884421146453	-0.030374047902335992	0.10127357057952674	0.10253573267575132	0.405984390913382	0.7209777324725102	0.08570146080889447	0.2000240071065464	0.025986245453218378	0.21207545812178405	0.21630256194359304	0.19404054773738388	0.08570146080889447	0.45730210149911243	0.27701332205184115	0.17392663236032477	0.3605540894064907	0.36487559536562086	0.21726884421146453	0.2000240071065464	0.27701332205184115	0.6181125428820565
0.44289874560721854	0.09499412767530387	0.10226240317420673	-0.07536852412056046	0.0053555745612096015	0.052715069952807884	0.1808918401302515	0.09499412767530387	0.26474521984012284	0.25007243970417187	0.06594218332339526	0.11102261209808766	0.18885339688503106	0.31756488796559107	0.10226240317420673	0.25007243970417187	0.26986747120111293	0.07903935258840675	0.12022141987451257	0.200950511539459	0.33013555576326375	-0.07536852412056046	0.06594218332339526	0.07903935258840675	1.2025662937543597	0.3391481357428466	0.1826836580343745	0.19590634476893876	0.0053555745612096015	0.11102261209808766	0.12022141987451257	0.3391481357428466	0.6075956592408557	0.09767289777165397	0.20065406352122356	0.052715069952807884	0.18885339688503106	0.200950511539459	0.1826836580343745	0.09767289777165397	0.4250844461739862	0.25480870205388184	0.1808918401302515	0.31756488796559107	0.33013555576326375	0.19590634476893876	0.20065406352122356	0.25480870205388184	0.5473534706312205
0.7075274617639771	0.0020441952803721885	0.005192784725265187	-0.19804781408791605	-0.10860509794312583	-0.04652785553055016	0.11075409076144904	0.0020441952803721885	0.356473540517454	0.344914722877091	0.07919467187772006	0.0661534603656181	0.2582659870740335	0.4190457425439435	0.005192784725265187	0.344914722877091	0.3673448889814271	0.0924768515132551	0.0738870652239437	0.2725070264679108	0.4339478444547357	-0.19804781408791605	0.07919467187772006	0.0924768515132551	1.3476887122645567	0.5336692614321661	0.21773064469127934	0.23419971616569907	-0.10860509794312583	0.0661534603656181	0.0738870652239437	0.5336692614321661	0.9277573775219544	0.07006311085413386	0.17895714946897232	-0.04652785553055016	0.2582659870740335	0.2725070264679108	0.21773064469127934	0.07006311085413386	0.518402233277226	0.329014979603362	0.11075409076144904	0.4190457425439435	0.4339478444547357	0.23419971616569907	0.17895714946897232	0.329014979603362	0.6920793832199471
0.6822823970783366	-0.013783033347715365	-0.008295727373217869	-0.20039213539680395	-0.11805215039093195	-0.04341250217669614	0.06730981516659286	-0.013783033347715365	0.3391156283020926	0.32388323792962026	0.08322735499463826	0.059451951220170975	0.2630323322856555	0.37724932993067173	-0.008295727373217869	0.32388323792962026	0.35238338026970545	0.10325757369531345	0.07133048964924979	0.2833657156705828	0.39834435196878054	-0.20039213539680395	0.08322735499463826	0.10325757369531345	1.242635541080544	0.48689308103479045	0.19110942447852594	0.2031074335978163	-0.11805215039093195	0.059451951220170975	0.07133048964924979	0.48689308103479045	0.8972974726925901	0.06708029608937312	0.14550658396327917	-0.04341250217669614	0.2630323322856555	0.2833657156705828	0.19110942447852594	0.06708029608937312	0.4692499016978491	0.3261296818309128	0.06730981516659286	0.37724932993067173	0.39834435196878054	0.2031074335978163	0.14550658396327917	0.3261296818309128	0.5820988710225471
0.9156734112972063	-0.17273242762768612	-0.08913170923027913	-0.3265852539348996	-0.21266843894438642	-0.1374254470017956	-0.06877432775600596	-0.17273242762768612	0.49024154603088077	0.23318565313483197	-0.10644965832969985	-0.0963320753516929	0.149993410879056	0.24805153358129858	-0.08913170923027913	0.23318565313483197	1.0979228872307651	0.6210017901839393	0.31175865127987207	0.8669275549832606	1.0935303289774725	-0.3265852539348996	-0.10644965832969985	0.6210017901839393	1.8048971598113792	0.8468298994165875	0.6889107804337538	0.6373827370965633	-0.21266843894438642	-0.0963320753516929	0.31175865127987207	0.8468298994165875	1.2403861382853787	0.28234409145869943	0.326959376725821	-0.1374254470017956	0.149993410879056	0.8669275549832606	0.6889107804337538	0.28234409145869943	1.0606835394205074	0.8667511632183197	-0.06877432775600596	0.24805153358129858	1.0935303289774725	0.6373827370965633	0.326959376725821	0.8667511632183197	1.1254622386297792
0.9847616909596887	-0.12515807139972462	-0.05353401714055077	-0.2658344485447293	-0.15878892920446153	-0.12680749072225989	0.07685960555637976	-0.12515807139972462	0.5711064936093719	0.1412336842388242	-0.168504489429449	-0.11580049245738266	0.05143764014405357	0.25089664148861024	-0.05353401714055077	0.1412336842388242	1.510001049075973	0.8816661766565189	0.4523344999203125	1.1423526486693545	1.4752056545764562	-0.2658344485447293	-0.168504489429449	0.8816661766565189	2.0953345324373243	1.0193071240872902	0.914228317861	0.9608368021120176	-0.15878892920446153	-0.11580049245738266	0.4523344999203125	1.0193071240872902	1.3631805273200497	0.3879707065458119	0.5367587428771914	-0.12680749072225989	0.05143764014405357	1.1423526486693545	0.914228317861	0.3879707065458119	1.3228897765498964	1.1088259811227985	0.07685960555637976	0.25089664148861024	1.4752056545764562	0.9608368021120176	0.5367587428771914	1.1088259811227985	1.67273401946134
0.8673240916414389	-0.14137806608335982	0.03911291151475667	-0.21207781609106707	-0.15028202567581678	-0.02016155837362256	0.08919165088107839	-0.14137806608335982	0.5244232574823889	0.11673703166361744	-0.20006354613028487	-0.15253593504701785	0.06042506450291267	0.16298788211298892	0.03911291151475667	0.11673703166361744	1.2377755152545729	0.7329486327557644	0.3447511727363883	1.0191077135332156	1.2283890851866774	-0.21207781609106707	-0.20006354613028487	0.7329486327557644	1.9462165781965746	0.935536014348114	0.7763478965428544	0.7737007569601295	-0.15028202567581678	-0.15253593504701785	0.3447511727363883	0.935536014348114	1.3189889966561184	0.3176421634158092	0.3848376243816663	-0.02016155837362256	0.06042506450291267	1.0191077135332156	0.7763478965428544	0.3176421634158092	1.1575136349615174	1.012708812059998	0.08919165088107839	0.16298788211298892	1.2283890851866774	0.7737007569601295	0.3848376243816663	1.012708812059998	1.3168423430298386
0.78775392499229	-0.1369091454323766	0.07133687645810927	-0.18287913516768672	-0.12854467535701253	0.016259402987719093	0.08603047852913036	-0.1369091454323766	0.47889206984739285	0.11548332233789893	-0.1899440050192636	-0.136357017038503	0.06645366285926275	0.12917519618826956	0.07133687645810927	0.11548332233789893	0.9743872505575781	0.5763011847987546	0.3041575972416487	0.8095150620147562	0.9705761698376795	-0.18287913516768672	-0.1899440050192636	0.5763011847987546	1.7729536578138458	0.8217092949606171	0.6347402265907611	0.5909334068862612	-0.12854467535701253	-0.136357017038503	0.3041575972416487	0.8217092949606171	1.1917026260621661	0.28096656883227306	0.3169568419695396	0.016259402987719093	0.06645366285926275	0.8095150620147562	0.6347402265907611	0.28096656883227306	0.9649265710794246	0.8107460071698073	0.08603047852913036	0.12917519618826956	0.9705761698376795	0.5909334068862612	0.3169568419695396	0.8107460071698073	0.9974331127673031
