0.8684455485087391	-0.05610036970862434	0.14162167446015705	-0.1581094807007008	-0.12483589348668034	0.013910541091989609	0.27085955896900804	-0.05610036970862434	0.556327241636273	0.20785851702867392	-0.16190450725594638	-0.14450028562406794	0.08510013627452108	0.3283560614821011	0.14162167446015705	0.20785851702867392	1.1786369744007372	0.4780666318308841	0.12951995508206882	0.8225586705987996	1.1812171556867315	-0.1581094807007008	-0.16190450725594638	0.4780666318308841	1.8750933082268226	0.9527863642330181	0.6090146846332929	0.6175004397382315	-0.12483589348668034	-0.14450028562406794	0.12951995508206882	0.9527863642330181	1.475981303225659	0.14569555627387437	0.2673672796104236	0.013910541091989609	0.08510013627452108	0.8225586705987996	0.6090146846332929	0.14569555627387437	1.084551188213308	0.8182080352251286	0.27085955896900804	0.3283560614821011	1.1812171556867315	0.6175004397382315	0.2673672796104236	0.8182080352251286	1.4493393965149426
0.9105915305175875	-0.12336231419514476	-0.010446119246920259	-0.25094428094328447	-0.15582059095006787	-0.08784589434009973	0.0744276120406702	-0.12336231419514476	0.521240434330781	0.19892653497463714	-0.13286801675742427	-0.09670531594849072	0.10097467116099883	0.2687170584166283	-0.010446119246920259	0.19892653497463714	1.1406712973658681	0.61702871444737	0.3245626915992199	0.8529502639284371	1.1407890414177135	-0.25094428094328447	-0.13286801675742427	0.61702871444737	1.8813652031527632	0.8917859044802994	0.7023747216413747	0.6890881443501926	-0.15582059095006787	-0.09670531594849072	0.3245626915992199	0.8917859044802994	1.2692200177351702	0.28622932390235145	0.39040506743673825	-0.08784589434009973	0.10097467116099883	0.8529502639284371	0.7023747216413747	0.28622932390235145	1.0862183885370178	0.8506917399609506	0.0744276120406702	0.2687170584166283	1.1407890414177135	0.6890881443501926	0.39040506743673825	0.8506917399609506	1.2956866787800252
0.635993369534063	-0.1198077379626718	0.1957303542764029	-0.0022861093068566856	0.030041845468924133	0.14353557022660132	0.20542770270262456	-0.1198077379626718	0.45552371618402326	0.0019520957758550912	-0.23313062243943972	-0.12005368960260995	-0.023202797357044704	0.013078858515885661	0.1957303542764029	0.0019520957758550912	0.6999312200697949	0.4859745245232888	0.36300608237567483	0.5965054783820795	0.6972140437240506	-0.0022861093068566856	-0.23313062243943972	0.4859745245232888	1.6001123543543072	0.6656860096394492	0.5370423324975137	0.4977826366024808	0.030041845468924133	-0.12005368960260995	0.36300608237567483	0.6656860096394492	0.9112207658831157	0.32603222453882547	0.3717320966592039	0.14353557022660132	-0.023202797357044704	0.5965054783820795	0.5370423324975137	0.32603222453882547	0.7505733020188193	0.6000175225984818	0.20542770270262456	0.013078858515885661	0.6972140437240506	0.4977826366024808	0.3717320966592039	0.6000175225984818	0.7179289945844023
0.5701605289991446	-0.08448649326519765	0.19060352946261547	0.013341489623179312	0.03313707975742283	0.15134930972860897	0.19974399806627663	-0.08448649326519765	0.4092910014401124	0.03510120824693487	-0.17343052526110972	-0.08794563269037459	0.015076382028208601	0.04461196875437008	0.19060352946261547	0.03510120824693487	0.5711919040826712	0.3681373815972732	0.2733424718559235	0.48743207060785804	0.5601991285594009	0.013341489623179312	-0.17343052526110972	0.3681373815972732	1.3883640452223183	0.5559113467770429	0.4187887638042684	0.3800442026540376	0.03313707975742283	-0.08794563269037459	0.2733424718559235	0.5559113467770429	0.8449020021853573	0.25047189005609816	0.28248235148572587	0.15134930972860897	0.015076382028208601	0.48743207060785804	0.4187887638042684	0.25047189005609816	0.6311766939030888	0.49188081425473607	0.19974399806627663	0.04461196875437008	0.5601991285594009	0.3800442026540376	0.28248235148572587	0.49188081425473607	0.5734754287412992
0.7055650727861178	-0.11319600572427524	0.1142993587939596	-0.12526269239381096	0.008155532614681812	-0.03893959335712985	0.12645575033771395	-0.11319600572427524	0.4361104776332764	0.08615208557962187	-0.17137444871118565	-0.023915062782913138	-0.027981753970854242	0.09793652412957758	0.1142993587939596	0.08615208557962187	0.7414592728876278	0.45328401849192623	0.4759950567571896	0.4109200142789399	0.741198710851263	-0.12526269239381096	-0.17137444871118565	0.45328401849192623	1.6300788168645468	0.6021812517745619	0.6342613567702582	0.46490998303372644	0.008155532614681812	-0.023915062782913138	0.4759950567571896	0.6021812517745619	0.8219731707385922	0.2962760502621846	0.4850726724633049	-0.03893959335712985	-0.027981753970854242	0.4109200142789399	0.6342613567702582	0.2962760502621846	0.994904462017438	0.41264153340903637	0.12645575033771395	0.09793652412957758	0.741198710851263	0.46490998303372644	0.4850726724633049	0.41264153340903637	0.7655279481958971
0.5157230857078849	-0.08278871561824719	0.2442705010015654	0.0773363782755614	0.15114296382104328	0.1519036705723932	0.25237180855792934	-0.08278871561824719	0.4126157425439654	-0.0077231937141270315	-0.21679731669073504	-0.06727470993807465	-0.048617100585297994	0.0015408787448298702	0.2442705010015654	-0.0077231937141270315	0.5107902105583233	0.34666733301394476	0.3627158828357866	0.3733214456035285	0.5066558807795651	0.0773363782755614	-0.21679731669073504	0.34666733301394476	1.4408939408864265	0.4695367071585853	0.453856884659389	0.35728915655450383	0.15114296382104328	-0.06727470993807465	0.3627158828357866	0.4695367071585853	0.6391121723020444	0.2812171747744346	0.3701992942941207	0.1519036705723932	-0.048617100585297994	0.3733214456035285	0.453856884659389	0.2812171747744346	0.6812318122529771	0.3770380728567244	0.25237180855792934	0.0015408787448298702	0.5066558807795651	0.35728915655450383	0.3701992942941207	0.3770380728567244	0.522992784378124
0.5341931178055103	-0.05274782980425921	0.2566003223186733	0.041238970373716655	0.1506562193950043	0.08300825427430117	0.27909417142678766	-0.05274782980425921	0.4106516754288117	0.015155062288647339	-0.2114890645071519	-0.05023563611264491	-0.06562459821494723	0.03732007942431131	0.2566003223186733	0.015155062288647339	0.5523482261712742	0.2675657543405675	0.3349910763577575	0.27093320499188134	0.5191566093813111	0.041238970373716655	-0.2114890645071519	0.2675657543405675	1.4595345336045642	0.45222160336967543	0.5030810559200962	0.29292584870542326	0.1506562193950043	-0.05023563611264491	0.3349910763577575	0.45222160336967543	0.6770648464522313	0.20242138746808144	0.35674933603454606	0.08300825427430117	-0.06562459821494723	0.27093320499188134	0.5030810559200962	0.20242138746808144	0.8770761019947045	0.27446069355912023	0.27909417142678766	0.03732007942431131	0.5191566093813111	0.29292584870542326	0.35674933603454606	0.27446069355912023	0.5436181231274746
0.7648376530874901	-0.14969368485969672	0.05014042128531972	-0.14772075090198714	-0.04841080787353	-0.010194895473128365	0.06876994846996122	-0.14969368485969672	0.46405364966456886	0.04733487398147364	-0.18526722399538603	-0.06607219914253334	0.0022066565491084197	0.06560592292012743	0.05014042128531972	0.04733487398147364	0.836590686047118	0.6306483262642107	0.5183559811498457	0.671594936995237	0.8366694308044036	-0.14772075090198714	-0.18526722399538603	0.6306483262642107	1.7710593427560448	0.7509440268324052	0.689124734206848	0.6474349482856415	-0.04841080787353	-0.06607219914253334	0.5183559811498457	0.7509440268324052	0.925536415999717	0.4369162527209197	0.5301747384588043	-0.010194895473128365	0.0022066565491084197	0.671594936995237	0.689124734206848	0.4369162527209197	0.8943077942034491	0.6750636451845545	0.06876994846996122	0.06560592292012743	0.8366694308044036	0.6474349482856415	0.5301747384588043	0.6750636451845545	0.8738594088407642
0.8848141351692531	-0.16044859249069382	0.0012499757179772093	-0.2374906656952721	-0.1531132695124794	-0.05278312713927869	0.04184027495993816	-0.16044859249069382	0.5243024946256999	0.08879426697691435	-0.21298105790730443	-0.14276632161967656	0.03717824938766654	0.12595020469007215	0.0012499757179772093	0.08879426697691435	1.2828702396973561	0.8320003849801718	0.46262831367966734	1.0601046768360747	1.2730222722209998	-0.2374906656952721	-0.21298105790730443	0.8320003849801718	2.028689866701644	0.9666490465293726	0.863574103259773	0.8606000596982591	-0.1531132695124794	-0.14276632161967656	0.46262831367966734	0.9666490465293726	1.2700482027079758	0.41519663819442953	0.4897750161028709	-0.05278312713927869	0.03717824938766654	1.0601046768360747	0.863574103259773	0.41519663819442953	1.1978407392788644	1.0538114105231475	0.04184027495993816	0.12595020469007215	1.2730222722209998	0.8606000596982591	0.4897750161028709	1.0538114105231475	1.3400974884704242
0.807445325011173	-0.1614323118842298	0.047540203729222	-0.18175641119485098	-0.1002452378329346	-0.007765727958230134	0.06121280790950838	-0.1614323118842298	0.4906507223183697	0.053110972306296494	-0.22036058233486538	-0.12179240708976435	0.010423343506278993	0.06624908272699537	0.047540203729222	0.053110972306296494	1.0329623864578	0.7188706244700422	0.4844033704002151	0.8536101999666487	1.0283221938391598	-0.18175641119485098	-0.22036058233486538	0.7188706244700422	1.8988061528753477	0.8652314753464865	0.7636757726827927	0.7304848700579408	-0.1002452378329346	-0.12179240708976435	0.4844033704002151	0.8652314753464865	1.1077285121800178	0.4275460320980227	0.49378006670953317	-0.007765727958230134	0.010423343506278993	0.8536101999666487	0.7636757726827927	0.4275460320980227	1.0209417276828137	0.8542183223208037	0.06121280790950838	0.06624908272699537	1.0283221938391598	0.7304848700579408	0.49378006670953317	0.8542183223208037	1.0516533117485267
0.6891662094732208	-0.10819493343171507	0.011709775486464319	-0.17069113178618092	-0.057108233423753485	-0.03162954648575825	0.021311710337745492	-0.10819493343171507	0.37602123431040113	0.14161434761250297	-0.059482179119559865	0.03564068995632992	0.09340965395881297	0.14965228641236875	0.011709775486464319	0.14161434761250297	0.5396932984416413	0.36132229085922374	0.34482308196090194	0.431250248275526	0.5335303830477446	-0.17069113178618092	-0.059482179119559865	0.36132229085922374	1.4468728737431753	0.5074525203663574	0.4460176889910653	0.3718313132199554	-0.057108233423753485	0.03564068995632992	0.34482308196090194	0.5074525203663574	0.7004730561467121	0.29279384496985306	0.35222164247757587	-0.03162954648575825	0.09340965395881297	0.431250248275526	0.4460176889910653	0.29279384496985306	0.6588388710442805	0.4349403130487398	0.021311710337745492	0.14965228641236875	0.5335303830477446	0.3718313132199554	0.35222164247757587	0.4349403130487398	0.5481480607647423
0.9601678373007542	-0.13931706280787529	-0.06734137194853337	-0.26907391647192536	-0.15083899967230086	-0.13009906824851786	0.03866440631901918	-0.13931706280787529	0.5389930143522366	0.12272538555953455	-0.1501095792604907	-0.07526052718853636	0.047047483174672694	0.2123925397474914	-0.06734137194853337	0.12272538555953455	1.2438598634142368	0.8288205213822599	0.5437819118831364	0.9636906892227333	1.2360462916865096	-0.26907391647192536	-0.1501095792604907	0.8288205213822599	2.0288063237371565	0.9577957797863107	0.8685013712134668	0.8973558894711807	-0.15083899967230086	-0.07526052718853636	0.5437819118831364	0.9577957797863107	1.2081480592653202	0.4567601598565696	0.6032194397537327	-0.13009906824851786	0.047047483174672694	0.9636906892227333	0.8685013712134668	0.4567601598565696	1.1724642835996475	0.9531549681926728	0.03866440631901918	0.2123925397474914	1.2360462916865096	0.8973558894711807	0.6032194397537327	0.9531549681926728	1.4135251223497172
0.9817640956555339	-0.1342195203451541	-0.047168511412268535	-0.2863819825021032	-0.18507753456649675	-0.12322269305324021	0.05964995238089533	-0.1342195203451541	0.5720620715371142	0.18409071806866878	-0.1790137385648713	-0.15186469935939823	0.08215469258603696	0.2705765332407273	-0.047168511412268535	0.18409071806866878	1.6695527852682792	0.8764121650190777	0.34503005960296357	1.253614632532387	1.6260273059627164	-0.2863819825021032	-0.1790137385648713	0.8764121650190777	2.1111032889564707	1.0374450093349634	0.914388375808138	0.9424493096533472	-0.18507753456649675	-0.15186469935939823	0.34503005960296357	1.0374450093349634	1.4597953747065817	0.3131715900999927	0.42444683698071545	-0.12322269305324021	0.08215469258603696	1.253614632532387	0.914388375808138	0.3131715900999927	1.4046627244607346	1.2159755584862137	0.05964995238089533	0.2705765332407273	1.6260273059627164	0.9424493096533472	0.42444683698071545	1.2159755584862137	1.7749375515130552
0.8550369791289124	-0.11392905105870609	-0.028716968945098932	-0.23210635333873983	-0.11872290071622843	-0.09065501895689332	0.049205728801760704	-0.11392905105870609	0.4548265404658475	0.20507186465514374	-0.050163693856923264	0.01002173236650658	0.12237068577487203	0.2678380108289542	-0.028716968945098932	0.20507186465514374	0.7493498206681832	0.4620757047092057	0.35746034487251804	0.5717455279133532	0.7730869594028716	-0.23210635333873983	-0.050163693856923264	0.4620757047092057	1.663526579003343	0.6958718881259962	0.5589616536497057	0.537453635203066	-0.11872290071622843	0.01002173236650658	0.35746034487251804	0.6958718881259962	0.9633412960869775	0.29886747891793525	0.4137886160881529	-0.09065501895689332	0.12237068577487203	0.5717455279133532	0.5589616536497057	0.29886747891793525	0.838097240494337	0.5894593189335682	0.049205728801760704	0.2678380108289542	0.7730869594028716	0.537453635203066	0.4137886160881529	0.5894593189335682	0.9358646795425114
0.3052725526198935	0.07170533610915211	0.14802093036379757	0.03768468808184815	0.10633405558666999	0.1491997939479873	0.17712531985684532	0.07170533610915211	0.23658834722211325	0.13159568381441936	0.008429616550964414	0.08970979704499024	0.1328577661823996	0.1611428851704689	0.14802093036379757	0.13159568381441936	0.2371329262268804	0.12481088226922527	0.17566069962928138	0.2269379541592516	0.25312573355653173	0.03768468808184815	0.008429616550964414	0.12481088226922527	1.0719182146663713	0.2165468618485879	0.13436054893339142	0.1717813495471067	0.10633405558666999	0.08970979704499024	0.17566069962928138	0.2165468618485879	0.3619015309234849	0.17727384455754772	0.2046551683208583	0.1491997939479873	0.1328577661823996	0.2269379541592516	0.13436054893339142	0.17727384455754772	0.24014846180218843	0.2532027790195942	0.17712531985684532	0.1611428851704689	0.25312573355653173	0.1717813495471067	0.2046551683208583	0.2532027790195942	0.33537873461038814
0.8352115628223997	-0.12476302273337617	-0.019956467810253307	-0.21999487311140378	-0.13226126133451296	-0.047301322156193336	0.04045791174667275	-0.12476302273337617	0.45990744623272717	0.17104191285673467	-0.08497496358239465	-0.04721056953574532	0.13661305434892504	0.2210170740132469	-0.019956467810253307	0.17104191285673467	0.7917000042553731	0.5093678571053426	0.31619471292272316	0.7042841250036422	0.802856846746038	-0.21999487311140378	-0.08497496358239465	0.5093678571053426	1.7017730376551554	0.7585607322025115	0.5517469810111054	0.5696855594242147	-0.13226126133451296	-0.04721056953574532	0.31619471292272316	0.7585607322025115	1.0646602016509774	0.29755754005253204	0.3627853614350681	-0.047301322156193336	0.13661305434892504	0.7042841250036422	0.5517469810111054	0.29755754005253204	0.8121178906151594	0.7172752901700146	0.04045791174667275	0.2210170740132469	0.802856846746038	0.5696855594242147	0.3627853614350681	0.7172752901700146	0.9262530397870697
0.32958176001505635	0.040064964739893405	0.11605619384345915	0.03798962189656867	0.1066301036999074	0.12406624068647572	0.13405888097272625	0.040064964739893405	0.234608931323963	0.1136142469575048	0.025502088901188196	0.10298109167802126	0.12125350374765477	0.13115147133541538	0.11605619384345915	0.1136142469575048	0.24602584232850477	0.1498868660716121	0.2014183920636717	0.22432344096880205	0.23382962261717763	0.03798962189656867	0.025502088901188196	0.1498868660716121	0.9232750554823889	0.19227932515692842	0.166018956409457	0.17540856301721616	0.1066301036999074	0.10298109167802126	0.2014183920636717	0.19227932515692842	0.29361833699175355	0.20854846200783633	0.21796237424094558	0.12406624068647572	0.12125350374765477	0.22432344096880205	0.166018956409457	0.20854846200783633	0.24143943898322057	0.24005607266711723	0.13405888097272625	0.13115147133541538	0.23382962261717763	0.17540856301721616	0.21796237424094558	0.24005607266711723	0.2670732046826408
0.8305935376192415	-0.12847129208601954	0.031125477268623955	-0.2095178341380671	-0.12797236562691655	-0.0336593037680465	0.0766012763614883	-0.12847129208601954	0.48763896745161706	0.14530896008659092	-0.15390787744162854	-0.0958979121444787	0.07813263594747252	0.18589614059157805	0.031125477268623955	0.14530896008659092	0.9691365576873983	0.5741881526791459	0.3441173596843887	0.768519558664262	0.9721268821510141	-0.2095178341380671	-0.15390787744162854	0.5741881526791459	1.802197532192716	0.8239808862115747	0.6484793851797133	0.6169192282621108	-0.12797236562691655	-0.0958979121444787	0.3441173596843887	0.8239808862115747	1.1551084244148102	0.30533727427002993	0.37988069167741156	-0.0336593037680465	0.07813263594747252	0.768519558664262	0.6484793851797133	0.30533727427002993	0.9709506433288564	0.7723464922486555	0.0766012763614883	0.18589614059157805	0.9721268821510141	0.6169192282621108	0.37988069167741156	0.7723464922486555	1.062375745259225
0.5908729278032243	-0.0433579288471528	0.06138168293473209	-0.148940989652111	-0.06654403936360923	0.024250105037319968	0.07047868254488682	-0.0433579288471528	0.3427754274525979	0.18284607670809264	-0.052778554998136135	0.0035684260425631886	0.14039577630382327	0.1905774216614755	0.06138168293473209	0.18284607670809264	0.43578016293647726	0.1987426302754219	0.17176956462082973	0.35919445688555424	0.431522212660385	-0.148940989652111	-0.052778554998136135	0.1987426302754219	1.3420458092550347	0.4789657328221445	0.2825060519995033	0.21090618074295536	-0.06654403936360923	0.0035684260425631886	0.17176956462082973	0.4789657328221445	0.7826018709124081	0.1572078216393486	0.1806338216706546	0.024250105037319968	0.14039577630382327	0.35919445688555424	0.2825060519995033	0.1572078216393486	0.5328576670700619	0.3638651146821507	0.07047868254488682	0.1905774216614755	0.431522212660385	0.21090618074295536	0.1806338216706546	0.3638651146821507	0.44785733644091685
0.32994812511207966	0.06206154039305216	0.11112962279932385	-0.014869769116592239	0.056753108882875936	0.1163305442958244	0.12489963605185218	0.06206154039305216	0.22593690978818676	0.14681164251172138	0.016076021585767444	0.08477660352533249	0.15138615807478814	0.15975506680606216	0.11112962279932385	0.14681164251172138	0.237899142664313	0.09538512243552566	0.14268634025058988	0.2191276012249019	0.22747270648771015	-0.014869769116592239	0.016076021585767444	0.09538512243552566	1.0416466299662792	0.22816757280422814	0.11210749288688507	0.1170170823212659	0.056753108882875936	0.08477660352533249	0.14268634025058988	0.22816757280422814	0.41561463145633426	0.148712965376361	0.1566271530188103	0.1163305442958244	0.15138615807478814	0.2191276012249019	0.11210749288688507	0.148712965376361	0.23733612957700614	0.23107843803766817	0.12489963605185218	0.15975506680606216	0.22747270648771015	0.1170170823212659	0.1566271530188103	0.23107843803766817	0.25245913737221076
0.4465607680196997	-0.06506715169056354	0.27480785013532105	0.15850125019638323	0.1651043961243095	0.27652893680722923	0.2952834337440151	-0.06506715169056354	0.41289406397938117	-0.024058040599430463	-0.20983996738121574	-0.08634521817337443	-0.02046775556413084	0.0035964525682736087	0.27480785013532105	-0.024058040599430463	0.4367221438976136	0.3191146210186597	0.2818844175280814	0.4234392819680421	0.43967196722982216	0.15850125019638323	-0.20983996738121574	0.3191146210186597	1.3680690968728693	0.46781984270607885	0.3284252920553423	0.35302195475800274	0.1651043961243095	-0.08634521817337443	0.2818844175280814	0.46781984270607885	0.6383924706535973	0.2847540709535275	0.30356378237901666	0.27652893680722923	-0.02046775556413084	0.4234392819680421	0.3284252920553423	0.2847540709535275	0.43390183618852035	0.43985794912672754	0.2952834337440151	0.0035964525682736087	0.43967196722982216	0.35302195475800274	0.30356378237901666	0.43985794912672754	0.498363131496302
0.49283950825091355	-0.04010702178526737	0.21785671429629078	0.027805730834925997	0.07009673533062909	0.15025052227466068	0.22607450980308777	-0.04010702178526737	0.37378365428397575	0.05589377115296196	-0.1603734674324512	-0.05852788942902699	0.01633984013158548	0.06492455332843268	0.21785671429629078	0.05589377115296196	0.46190080038299564	0.25923552814960493	0.23669639432118778	0.3597564428794468	0.45883823721099165	0.027805730834925997	-0.1603734674324512	0.25923552814960493	1.3292436388160813	0.4652431841974888	0.3495126349850391	0.2708151535098894	0.07009673533062909	-0.05852788942902699	0.23669639432118778	0.4652431841974888	0.7306247134297656	0.1991387842912161	0.24519735237888293	0.15025052227466068	0.01633984013158548	0.3597564428794468	0.3495126349850391	0.1991387842912161	0.5929855848611669	0.3641894320822963	0.22607450980308777	0.06492455332843268	0.45883823721099165	0.2708151535098894	0.24519735237888293	0.3641894320822963	0.4764356521449877
0.39494749698114606	-0.05343249369074363	0.25389137530936917	0.18393801356312653	0.20188454428018657	0.25698748730931276	0.27041168237741825	-0.05343249369074363	0.3741169172248749	-0.019992694356581103	-0.15195464903367803	-0.04657200529919553	-0.014977361388852403	0.0012320898243741467	0.25389137530936917	-0.019992694356581103	0.3771437503185062	0.3013900538102622	0.29487017312684594	0.3622546589093532	0.37464545033973057	0.18393801356312653	-0.15195464903367803	0.3013900538102622	1.1170612596270115	0.3615789922454881	0.31086150298640597	0.32585938689994837	0.20188454428018657	-0.04657200529919553	0.29487017312684594	0.3615789922454881	0.4846280111198391	0.2980761826101116	0.3108994529505747	0.25698748730931276	-0.014977361388852403	0.3622546589093532	0.31086150298640597	0.2980761826101116	0.3744386217045355	0.37644968095188447	0.27041168237741825	0.0012320898243741467	0.37464545033973057	0.32585938689994837	0.3108994529505747	0.37644968095188447	0.41667612061360104
0.644960634507567	-0.11942648974063788	0.15832460645501273	-0.0341873163392642	0.053923235308323963	0.061558550080935984	0.16727993346393313	-0.11942648974063788	0.43804965016142783	0.018476566890135528	-0.20311387470169368	-0.06653252422861602	-0.0343172124267775	0.027495577526417063	0.15832460645501273	0.018476566890135528	0.6804009697769732	0.4759037184925292	0.4462403329531545	0.4852458060997093	0.6730670690573712	-0.0341873163392642	-0.20311387470169368	0.4759037184925292	1.5786823926085216	0.6033848776845276	0.5769152620813848	0.4855052291332723	0.053923235308323963	-0.06653252422861602	0.4462403329531545	0.6033848776845276	0.791959408032675	0.3412939919895844	0.4534718181921455	0.061558550080935984	-0.0343172124267775	0.4852458060997093	0.5769152620813848	0.3412939919895844	0.8273038389815199	0.48766653407282984	0.16727993346393313	0.027495577526417063	0.6730670690573712	0.4855052291332723	0.4534718181921455	0.48766653407282984	0.6868723832305884
0.6317915949137504	-0.12661271155552573	0.17049507809929115	-0.0013259415651652113	0.063984797037954	0.10124560255309936	0.1790362391493728	-0.12661271155552573	0.444540740696649	-0.005049467081189957	-0.21411140841781487	-0.08471440268692658	-0.03802031122411267	0.0041177462855649695	0.17049507809929115	-0.005049467081189957	0.6702505766611764	0.5018397859945193	0.44130296760020443	0.531618162436792	0.6650624983178125	-0.0013259415651652113	-0.21411140841781487	0.5018397859945193	1.558853554940601	0.6156750110218938	0.5659822880431057	0.5113053763579067	0.063984797037954	-0.08471440268692658	0.44130296760020443	0.6156750110218938	0.7956784561218775	0.36707128605644784	0.44813786149308477	0.10124560255309936	-0.03802031122411267	0.531618162436792	0.5659822880431057	0.36707128605644784	0.7683452345705591	0.5345454797321222	0.1790362391493728	0.0041177462855649695	0.6650624983178125	0.5113053763579067	0.44813786149308477	0.5345454797321222	0.6802378315243764
0.678605704219208	-0.13777533111932863	0.19355781650143924	-0.007956439131572408	0.026996122721377275	0.12467645953974497	0.20751172835911122	-0.13777533111932863	0.4805409906123564	-0.016788005366155902	-0.25082394480930104	-0.13320947365546337	-0.047346723833600966	-0.0003335800525136691	0.19355781650143924	-0.016788005366155902	0.8054654825547085	0.5776489138897943	0.42850643714145875	0.6605891862459934	0.8046956830393078	-0.007956439131572408	-0.25082394480930104	0.5776489138897943	1.6692416833385004	0.7223196670709471	0.6269849546483773	0.5926581654922655	0.026996122721377275	-0.13320947365546337	0.42850643714145875	0.7223196670709471	0.9624839722912291	0.37023057973565576	0.4398854508618918	0.12467645953974497	-0.047346723833600966	0.6605891862459934	0.6269849546483773	0.37023057973565576	0.8526557151662496	0.6640603155538723	0.20751172835911122	-0.0003335800525136691	0.8046956830393078	0.5926581654922655	0.4398854508618918	0.6640603155538723	0.8360603118442268
0.46558382649824237	-0.07481643351357936	0.22199002331254405	0.11985762394997707	0.14572291282213798	0.2253864859774776	0.23567347487344517	-0.07481643351357936	0.3934142615395658	-0.013027338650285788	-0.17705425899361926	-0.060745878498747234	-0.007969093928630178	0.0033916748062154385	0.22199002331254405	-0.013027338650285788	0.4410965227297822	0.3417322204748351	0.31246187265436154	0.4243384843710047	0.4335082229455476	0.11985762394997707	-0.17705425899361926	0.3417322204748351	1.306089290977028	0.4447433006966225	0.35273174623263376	0.3618885474698884	0.14572291282213798	-0.060745878498747234	0.31246187265436154	0.4447433006966225	0.5891895922210362	0.3160053526011047	0.325413980833861	0.2253864859774776	-0.007969093928630178	0.4243384843710047	0.35273174623263376	0.3160053526011047	0.4369399628503482	0.43472434061519183	0.23567347487344517	0.0033916748062154385	0.4335082229455476	0.3618885474698884	0.325413980833861	0.43472434061519183	0.46286736826080865
0.508085929043554	-0.11282985750138955	0.22980876462505967	0.12942161726377713	0.16716448685762425	0.22299615324889355	0.23932983614647416	-0.11282985750138955	0.431923819700308	-0.05085897379267165	-0.23030160085738235	-0.08720491981965178	-0.051490481217629405	-0.038801247143686136	0.22980876462505967	-0.05085897379267165	0.49897477398991014	0.4277119339310992	0.39483848874672045	0.47878574798847806	0.49673527184945065	0.12942161726377713	-0.23030160085738235	0.4277119339310992	1.4374245300664086	0.5028373200973894	0.4405637201784847	0.4409835081318895	0.16716448685762425	-0.08720491981965178	0.39483848874672045	0.5028373200973894	0.6003030234121361	0.3873922656202897	0.40295083133857384	0.22299615324889355	-0.051490481217629405	0.47878574798847806	0.4405637201784847	0.3873922656202897	0.5117353363792049	0.4851973959756938	0.23932983614647416	-0.038801247143686136	0.49673527184945065	0.4409835081318895	0.40295083133857384	0.4851973959756938	0.5193357989575564
0.9303444011589075	-0.1306553083707902	-0.008545778155759895	-0.23089785839944868	-0.14683427196015375	-0.0684026148196131	0.09235199732709756	-0.1306553083707902	0.5557605070814026	0.10779163025866836	-0.1902980584697611	-0.13293767139023965	0.04629524923640184	0.1982676828690998	-0.008545778155759895	0.10779163025866836	1.3645221891496138	0.8323454817218567	0.41965928834574096	1.1091038376968156	1.3414111298466347	-0.23089785839944868	-0.1902980584697611	0.8323454817218567	2.057881224780435	0.9964253908648919	0.8658550177585663	0.9020764918144399	-0.14683427196015375	-0.13293767139023965	0.41965928834574096	0.9964253908648919	1.3379555598752304	0.37724919500259463	0.49026672809898547	-0.0684026148196131	0.04629524923640184	1.1091038376968156	0.8658550177585663	0.37724919500259463	1.2481201064139529	1.0879348133223499	0.09235199732709756	0.1982676828690998	1.3414111298466347	0.9020764918144399	0.49026672809898547	1.0879348133223499	1.506710594292051
0.8429764539506948	-0.13382720201795884	-0.027621328663980635	-0.226860350710539	-0.14744528198640885	-0.04288675846245202	0.026375517348465688	-0.13382720201795884	0.46606237231543035	0.16566926628541973	-0.09532879545486116	-0.07193789651703293	0.14568666128514618	0.21004388829018966	-0.027621328663980635	0.16566926628541973	0.836687136347066	0.5425335600240644	0.29640285316425885	0.7793758597866456	0.8423388372992694	-0.226860350710539	-0.09532879545486116	0.5425335600240644	1.7199529638060485	0.790406565784385	0.5671725089485389	0.5952555525916302	-0.14744528198640885	-0.07193789651703293	0.29640285316425885	0.790406565784385	1.1312057273338203	0.2879852383484772	0.3390204652741426	-0.04288675846245202	0.14568666128514618	0.7793758597866456	0.5671725089485389	0.2879852383484772	0.8403963449142842	0.7887472691513112	0.026375517348465688	0.21004388829018966	0.8423388372992694	0.5952555525916302	0.3390204652741426	0.7887472691513112	0.9488254374735778
0.18291847088228624	0.11612277505080804	0.15031984108823182	0.07958209347513419	0.15345985135892393	0.15435698873062148	0.1670959132180705	0.11612277505080804	0.17700887130648996	0.11735161817594437	0.03726067557163679	0.12090924973629003	0.12193352176799967	0.13451738073460606	0.15031984108823182	0.11735161817594437	0.1800713579707572	0.07934187274728466	0.1559075820324975	0.1572512662910571	0.16992709109911103	0.07958209347513419	0.03726067557163679	0.07934187274728466	0.8401295595110188	0.1016488095342302	0.10024537205000536	0.10524021193555483	0.15345985135892393	0.12090924973629003	0.1559075820324975	0.1016488095342302	0.18764528397313768	0.15997799220588885	0.17262360328108411	0.15435698873062148	0.12193352176799967	0.1572512662910571	0.10024537205000536	0.15997799220588885	0.1897306652512376	0.17335829074306003	0.1670959132180705	0.13451738073460606	0.16992709109911103	0.10524021193555483	0.17262360328108411	0.17335829074306003	0.20369765898064152
0.9539056029359531	-0.0963770471690476	-0.0644038994448822	-0.30217599756253855	-0.14948397399018712	-0.1960694251024851	0.057196017118724775	-0.0963770471690476	0.4862617652300144	0.3722478170198754	0.007282354179945813	0.07060369784102319	0.1253211949250423	0.45804599456971706	-0.0644038994448822	0.3722478170198754	0.7228789339909754	0.27600188967487876	0.262877456036766	0.3462370684431793	0.7772278434278607	-0.30217599756253855	0.007282354179945813	0.27600188967487876	1.6161891050471981	0.6461220580602705	0.5532647672397362	0.39066853706386967	-0.14948397399018712	0.07060369784102319	0.262877456036766	0.6461220580602705	0.9928988990180968	0.17711198907065007	0.3569923101351486	-0.1960694251024851	0.1253211949250423	0.3462370684431793	0.5532647672397362	0.17711198907065007	1.0037918679525724	0.3650429272797489	0.057196017118724775	0.45804599456971706	0.7772278434278607	0.39066853706386967	0.3569923101351486	0.3650429272797489	1.0310669394609324
0.9433010449232929	-0.05861494070880598	-0.029539639536631176	-0.21174602196316555	-0.08828529109948044	-0.13111627245210666	0.16229294414626666	-0.05861494070880598	0.46800733243655523	0.3203842345679039	0.06513099761100888	0.11533103477907262	0.16277154147727405	0.46086144883487606	-0.029539639536631176	0.3203842345679039	0.6369349032566136	0.3416843125669903	0.31386598167522	0.39939187441796586	0.7285089481127375	-0.21174602196316555	0.06513099761100888	0.3416843125669903	1.603551126456588	0.632144658258704	0.5070322280933561	0.5338014256711147	-0.08828529109948044	0.11533103477907262	0.31386598167522	0.632144658258704	0.9091362324716895	0.22657478244355253	0.4589435525904513	-0.13111627245210666	0.16277154147727405	0.39939187441796586	0.5070322280933561	0.22657478244355253	0.8423380418833777	0.44953845811431414	0.16229294414626666	0.46086144883487606	0.7285089481127375	0.5338014256711147	0.4589435525904513	0.44953845811431414	1.1438725580185718
0.7233113632130711	-0.08551042482741433	0.12908241496021652	-0.01876638380698687	0.044993624478422714	0.07851032916538729	0.23343921611739302	-0.08551042482741433	0.5001009456733966	0.03942162588872683	-0.1459977842162143	-0.03632504761289136	0.006488646172123483	0.1532963874463784	0.12908241496021652	0.03942162588872683	0.7047980967535261	0.5652525217551508	0.4775370184000146	0.6015940815292724	0.7450549000116552	-0.01876638380698687	-0.1459977842162143	0.5652525217551508	1.712052054208452	0.6968609025531374	0.609023638243201	0.6755182691850017	0.044993624478422714	-0.03632504761289136	0.4775370184000146	0.6968609025531374	0.8403841897835342	0.42031344962634914	0.5498389246160759	0.07851032916538729	0.006488646172123483	0.6015940815292724	0.609023638243201	0.42031344962634914	0.7633255911644072	0.6358556337030485	0.23343921611739302	0.1532963874463784	0.7450549000116552	0.6755182691850017	0.5498389246160759	0.6358556337030485	1.00112794358173
0.7082320316922918	-0.10424563929940826	0.017601072067093194	-0.09969644838260376	0.007728744401490597	0.0023041271354513754	0.08238110160824627	-0.10424563929940826	0.4003046948497672	0.09001998438409264	-0.03897511139727831	0.07482726049184156	0.07582626333138857	0.1506971840289469	0.017601072067093194	0.09001998438409264	0.5185866239487242	0.4837666410032194	0.4812969140454202	0.4805308193283312	0.5483080993133828	-0.09969644838260376	-0.03897511139727831	0.4837666410032194	1.512537086894363	0.5102117924803901	0.5075700825840772	0.5516068521008126	0.007728744401490597	0.07482726049184156	0.4812969140454202	0.5102117924803901	0.546522050640793	0.4518128821633097	0.5189911071803051	0.0023041271354513754	0.07582626333138857	0.4805308193283312	0.5075700825840772	0.4518128821633097	0.5626118447731498	0.5122847789221213	0.08238110160824627	0.1506971840289469	0.5483080993133828	0.5516068521008126	0.5189911071803051	0.5122847789221213	0.7010706414815063
0.9386304336747063	-0.07419852954560933	0.03592049515727673	-0.20209032681995817	-0.07611791912542859	-0.12458860466260173	0.19771419897173184	-0.07419852954560933	0.5468015428441898	0.20101852671524273	-0.10269549362098541	-0.00592962173820491	0.02299433062012636	0.341580936481855	0.03592049515727673	0.20101852671524273	1.0893576263483342	0.5948386904291165	0.4918324066079182	0.6069092995812437	1.125787666719089	-0.20209032681995817	-0.10269549362098541	0.5948386904291165	1.8793304937190196	0.8336044115418655	0.7438275211048113	0.7253469483898399	-0.07611791912542859	-0.00592962173820491	0.4918324066079182	0.8336044115418655	1.1170993258254407	0.32770248417528186	0.6003181110617835	-0.12458860466260173	0.02299433062012636	0.6069092995812437	0.7438275211048113	0.32770248417528186	1.136135607916645	0.6091008616716509	0.19771419897173184	0.341580936481855	1.125787666719089	0.7253469483898399	0.6003181110617835	0.6091008616716509	1.4490800891640758
0.5147333295546013	0.0851657656155034	0.08876726675490662	-0.0980057548575568	-0.002282260961376306	0.011733038428204286	0.19169604202409665	0.0851657656155034	0.2910125700802281	0.2803304644019665	0.08005619229377435	0.13356879289523832	0.18008059459719272	0.3656216187993423	0.08876726675490662	0.2803304644019665	0.2965008948115804	0.08831105407423075	0.13944145060559796	0.1882069276190177	0.3742921187497943	-0.0980057548575568	0.08005619229377435	0.08831105407423075	1.2558187474398106	0.35718764440939854	0.2438378568330222	0.2313487021330517	-0.002282260961376306	0.13356879289523832	0.13944145060559796	0.35718764440939854	0.6252885720065353	0.10007590612443182	0.24054619165330707	0.011733038428204286	0.18008059459719272	0.1882069276190177	0.2438378568330222	0.10007590612443182	0.5331869201070784	0.24830141782613951	0.19169604202409665	0.3656216187993423	0.3742921187497943	0.2313487021330517	0.24054619165330707	0.24830141782613951	0.6493516773710092
0.45940794840319604	0.07414116884228088	0.07415795000216932	-0.08857008888092717	-0.0011546662976522765	0.040268111424656895	0.1440136738581601	0.07414116884228088	0.25516647453274177	0.24718493729277977	0.08478117119942848	0.13055785239305118	0.20235210077436283	0.3055298217784597	0.07415795000216932	0.24718493729277977	0.26068782186986617	0.08654941997097731	0.13182900930046032	0.20570334618403563	0.30890173692309586	-0.08857008888092717	0.08478117119942848	0.08654941997097731	1.1626299003894753	0.3021053828969749	0.16758105115281297	0.18866382763075717	-0.0011546662976522765	0.13055785239305118	0.13182900930046032	0.3021053828969749	0.5427840644381702	0.11299121299084161	0.2004806634723054	0.040268111424656895	0.20235210077436283	0.20570334618403563	0.16758105115281297	0.11299121299084161	0.3812101301968578	0.2549429121101836	0.1440136738581601	0.3055298217784597	0.30890173692309586	0.18866382763075717	0.2004806634723054	0.2549429121101836	0.49567973831026974
0.8607887464911701	-0.08781881515074817	-0.04642627540239801	-0.2035200858785374	-0.11068922721325308	-0.0632135302320313	0.07973388137010355	-0.08781881515074817	0.4216745890112703	0.2536126801537416	0.05254533208783526	0.061902790897029866	0.22690577267977594	0.34621809107249235	-0.04642627540239801	0.2536126801537416	0.5666667039047286	0.36288852392159265	0.26169772997227403	0.5192844727536543	0.6191351018187778	-0.2035200858785374	0.05254533208783526	0.36288852392159265	1.5338573681208583	0.6327604988857828	0.3973656781159923	0.5036329274179839	-0.11068922721325308	0.061902790897029866	0.26169772997227403	0.6327604988857828	0.9088181441229175	0.249430767056521	0.3612202019938674	-0.0632135302320313	0.22690577267977594	0.5192844727536543	0.3973656781159923	0.249430767056521	0.6018809978905134	0.5707985849449788	0.07973388137010355	0.34621809107249235	0.6191351018187778	0.5036329274179839	0.3612202019938674	0.5707985849449788	0.8952510459214702
0.8193881552731099	-0.09605535372545326	0.009890351175690527	-0.17192052571259137	-0.10691259814032653	-0.004974420519441372	0.10581804217813177	-0.09605535372545326	0.46487718426770663	0.17181077537528375	-0.06661122596703753	-0.04419204119211914	0.15392445526773565	0.25311246263952514	0.009890351175690527	0.17181077537528375	0.7399362939514171	0.47444202508352523	0.27234692098831004	0.6934978832952563	0.7635648528510827	-0.17192052571259137	-0.06661122596703753	0.47444202508352523	1.6808677893110917	0.7630977795040956	0.49868132891860967	0.5785509249442086	-0.10691259814032653	-0.04419204119211914	0.27234692098831004	0.7630977795040956	1.0928935443712167	0.2654351822837892	0.35279112472650226	-0.004974420519441372	0.15392445526773565	0.6934978832952563	0.49868132891860967	0.2654351822837892	0.7500539235485819	0.7193379200319111	0.10581804217813177	0.25311246263952514	0.7635648528510827	0.5785509249442086	0.35279112472650226	0.7193379200319111	0.9703162125145253
0.5604182806748605	-0.07306649992400255	0.18405406183925596	0.06421899377549456	0.09612308233360162	0.18199097163440683	0.23541627312034719	-0.07306649992400255	0.43114814848498123	0.023139880014604267	-0.14782002882987078	-0.04358824563556019	0.022844955276624036	0.08432801680917455	0.18405406183925596	0.023139880014604267	0.5119631902664135	0.41403154486015276	0.35152051116836774	0.4999487800016579	0.5373813476240161	0.06421899377549456	-0.14782002882987078	0.41403154486015276	1.4718371037754363	0.5436706612288729	0.42149303201088373	0.4840018488483538	0.09612308233360162	-0.04358824563556019	0.35152051116836774	0.5436706612288729	0.6914091168699064	0.3497210368870805	0.39558481082697866	0.18199097163440683	0.022844955276624036	0.4999487800016579	0.42149303201088373	0.3497210368870805	0.5152305786362814	0.5316354370412183	0.23541627312034719	0.08432801680917455	0.5373813476240161	0.4840018488483538	0.39558481082697866	0.5316354370412183	0.6813094649959296
