0.44623932523521664	-0.0937993449989186	0.2871287942206598	0.2594886808009299	0.28922886975649414	0.2820835817173324	0.3342333346218625	-0.0937993449989186	0.459244599020476	-0.07020197483056381	-0.1823556738464058	-0.06605524172397069	-0.06781882544124336	-0.0016186007410621123	0.2871287942206598	-0.07020197483056381	0.43604624350341	0.41420192430877834	0.42195292584481475	0.4138491598016442	0.4607477607455533	0.2594886808009299	-0.1823556738464058	0.41420192430877834	1.1660132825213323	0.4216100181322763	0.423311862081674	0.47697911157717393	0.28922886975649414	-0.06605524172397069	0.42195292584481475	0.4216100181322763	0.4330860732402044	0.41456386612519647	0.46099776283454874	0.2820835817173324	-0.06781882544124336	0.4138491598016442	0.423311862081674	0.41456386612519647	0.4475294977942096	0.4512192644060843	0.3342333346218625	-0.0016186007410621123	0.4607477607455533	0.47697911157717393	0.46099776283454874	0.4512192644060843	0.6068880644997662
0.39545905844822926	0.01869808990412588	0.10608033660480543	0.061467539692993366	0.1089538902881089	0.09920994460132283	0.14841342589733839	0.01869808990412588	0.2590430545949527	0.12571598127777864	0.07695321910573585	0.12803033044190684	0.1195023223579615	0.16719600376640037	0.10608033660480543	0.12571598127777864	0.2700569904305344	0.22601081419455618	0.2585887711580414	0.24632582700880284	0.2933468863422072	0.061467539692993366	0.07695321910573585	0.22601081419455618	0.6970124073735725	0.23185335836620177	0.2352408252519467	0.2738739248893355	0.1089538902881089	0.12803033044190684	0.2585887711580414	0.23185335836620177	0.270832260452031	0.24733738775826092	0.29425015826590234	0.09920994460132283	0.1195023223579615	0.24632582700880284	0.2352408252519467	0.24733738775826092	0.31274267016965096	0.27937987232950917	0.14841342589733839	0.16719600376640037	0.2933468863422072	0.2738739248893355	0.29425015826590234	0.27937987232950917	0.4043135749244213
0.36752335995966084	0.021829393180564094	0.10765377135151045	0.05245899645360648	0.10952681863330513	0.10289481941766652	0.1338681054508393	0.021829393180564094	0.2457359196185316	0.1196458539003562	0.05905702490948553	0.12103955133851305	0.11545194005191128	0.14544088785648632	0.10765377135151045	0.1196458539003562	0.25438609502071086	0.20213047222739527	0.24309066929209666	0.23512929704832863	0.2654857866834484	0.05245899645360648	0.05905702490948553	0.20213047222739527	0.7517851957977196	0.2088636459399669	0.21344980435242716	0.23381156921345325	0.10952681863330513	0.12103955133851305	0.24309066929209666	0.2088636459399669	0.25754390519295084	0.2352970879551866	0.26562685367911615	0.10289481941766652	0.11545194005191128	0.23512929704832863	0.21344980435242716	0.2352970879551866	0.28763255275287447	0.2563630946523844	0.1338681054508393	0.14544088785648632	0.2654857866834484	0.23381156921345325	0.26562685367911615	0.2563630946523844	0.33266993912982074
0.33780213625004946	0.03444486718368881	0.13918067037062565	0.09009739419442273	0.14387597628074636	0.13735516666724976	0.17478492447407087	0.03444486718368881	0.2550408893106253	0.10213644365421268	0.04023779409778664	0.106703125968648	0.10168955543959349	0.13894458155273243	0.13918067037062565	0.10213644365421268	0.2590835894898447	0.20180400449278535	0.24386623376097064	0.23657996272810564	0.27250181652570754	0.09009739419442273	0.04023779409778664	0.20180400449278535	0.7830469622371626	0.2111195060302703	0.21542343333416542	0.24696783250602064	0.14387597628074636	0.106703125968648	0.24386623376097064	0.2111195060302703	0.2568140116053734	0.23977977969019393	0.275478486976302	0.13735516666724976	0.10168955543959349	0.23657996272810564	0.21542343333416542	0.23977977969019393	0.28261532772548303	0.26668400576845175	0.17478492447407087	0.13894458155273243	0.27250181652570754	0.24696783250602064	0.275478486976302	0.26668400576845175	0.3652942838420754
0.7510568403533706	-0.11873480139255535	0.18581138479359166	-0.04271517670744923	-0.024664466633236473	0.12543191395034028	0.24450560200160168	-0.11873480139255535	0.5307461774184832	0.0056653467016115275	-0.25141662467116077	-0.1506545953527137	-0.02599284533225011	0.07562057450018538	0.18581138479359166	0.0056653467016115275	0.9581489236116701	0.6345158255958036	0.38506568996718094	0.8172766392734531	0.9633390683192226	-0.04271517670744923	-0.25141662467116077	0.6345158255958036	1.850313354735111	0.853394855780883	0.6777431065078818	0.6969107824293046	-0.024664466633236473	-0.1506545953527137	0.38506568996718094	0.853394855780883	1.1482659537935844	0.35116587624988893	0.4361360943662787	0.12543191395034028	-0.02599284533225011	0.8172766392734531	0.6777431065078818	0.35116587624988893	0.9525471052761973	0.8232283372322268	0.24450560200160168	0.07562057450018538	0.9633390683192226	0.6969107824293046	0.4361360943662787	0.8232283372322268	1.1008422573552699
0.46239073884916077	-0.10260490706592723	0.33937643641438364	0.21306967371233929	0.19807555412641564	0.3252316585194268	0.3465582588861294	-0.10260490706592723	0.44889051607666997	-0.07867777222780971	-0.28257369653322406	-0.14191092362496355	-0.0796616847769618	-0.06854358354491541	0.33937643641438364	-0.07867777222780971	0.47635049998012685	0.34636963528855813	0.2936098778169383	0.44717298531132665	0.4705330395680905	0.21306967371233929	-0.28257369653322406	0.34636963528855813	1.3864484640184502	0.4993652884157139	0.3673099438355021	0.35851859513075474	0.19807555412641564	-0.14191092362496355	0.2936098778169383	0.4993652884157139	0.6920318208792101	0.2865490144419668	0.3018096949718428	0.3252316585194268	-0.0796616847769618	0.44717298531132665	0.3673099438355021	0.2865490144419668	0.49569330016203206	0.45281205377426154	0.3465582588861294	-0.06854358354491541	0.4705330395680905	0.35851859513075474	0.3018096949718428	0.45281205377426154	0.48687430768877826
0.3336385585629483	-0.04237639804157703	0.27293816981549823	0.24410207273897772	0.26975448054916285	0.28661725241551966	0.2941682783832126	-0.04237639804157703	0.3637420144599631	-0.050200306799438335	-0.14896216232029535	-0.039989925795340615	-0.031313858557473956	-0.0242232484694009	0.27293816981549823	-0.050200306799438335	0.3469668988187236	0.2581153349312304	0.28545881599901374	0.30433738313548936	0.3118478417877418	0.24410207273897772	-0.14896216232029535	0.2581153349312304	1.005786460559127	0.29953422414454073	0.28576664632153653	0.2898371191026265	0.26975448054916285	-0.039989925795340615	0.28545881599901374	0.29953422414454073	0.3652486181196287	0.2991411095473932	0.3065734942239865	0.28661725241551966	-0.031313858557473956	0.30433738313548936	0.28576664632153653	0.2991411095473932	0.3324957091144594	0.3243810506179426	0.2941682783832126	-0.0242232484694009	0.3118478417877418	0.2898371191026265	0.3065734942239865	0.3243810506179426	0.34256786579910153
0.5790696560849516	-0.10430238363586997	0.14812145234421606	0.007141127472613064	0.06427765668683993	0.1279447889141431	0.1587812969701201	-0.10430238363586997	0.40919525817959773	0.018361195327683988	-0.16794651880792388	-0.05154974840644804	0.007612248853363004	0.03006865509482211	0.14812145234421606	0.018361195327683988	0.5409487639493943	0.427310535055227	0.3761822684678984	0.4976994622515857	0.5398638232701987	0.007141127472613064	-0.16794651880792388	0.427310535055227	1.4587095923882383	0.5380498779267294	0.45462963182368293	0.4406117168088842	0.06427765668683993	-0.05154974840644804	0.3761822684678984	0.5380498779267294	0.6903865062026668	0.3550137388640605	0.3848349471825274	0.1279447889141431	0.007612248853363004	0.4976994622515857	0.45462963182368293	0.3550137388640605	0.5792749791134426	0.5033942107796257	0.1587812969701201	0.03006865509482211	0.5398638232701987	0.4406117168088842	0.3848349471825274	0.5033942107796257	0.5636767717315975
0.6888335749451341	-0.11684251867100333	0.008726584164785953	-0.12193783577311688	-0.054854705378847665	0.0032047221082389145	0.029036418976040177	-0.11684251867100333	0.37830249671655347	0.12106927852229928	-0.027120115429160378	0.021771686290067434	0.11476048040998664	0.13912264599235627	0.008726584164785953	0.12106927852229928	0.5368092817732859	0.4271721866643643	0.34196454179341995	0.5135487781820701	0.5406525386952584	-0.12193783577311688	-0.027120115429160378	0.4271721866643643	1.2856256184062846	0.5147768274776301	0.43805216614475084	0.44783713822660115	-0.054854705378847665	0.021771686290067434	0.34196454179341995	0.5147768274776301	0.727355703879897	0.3329674925937781	0.3564008059175026	0.0032047221082389145	0.11476048040998664	0.5135487781820701	0.43805216614475084	0.3329674925937781	0.555026575726522	0.5233021620084591	0.029036418976040177	0.13912264599235627	0.5406525386952584	0.44783713822660115	0.3564008059175026	0.5233021620084591	0.5843163696512825
0.8710692582231776	-0.15165873607746116	-0.0034860922442244216	-0.20739503611155685	-0.12848614636254782	-0.040489172989621645	0.054262012885037236	-0.15165873607746116	0.5167504217154267	0.07202883932536905	-0.1866456032781398	-0.11599042283134926	0.038019859948594165	0.1257687079375281	-0.0034860922442244216	0.07202883932536905	1.1227427152409941	0.7922408302261371	0.4721932030388904	0.9800921196869495	1.1171860540851117	-0.20739503611155685	-0.1866456032781398	0.7922408302261371	1.9444084347637065	0.9175219425369565	0.8151006974733217	0.834607771857122	-0.12848614636254782	-0.11599042283134926	0.4721932030388904	0.9175219425369565	1.191916678915605	0.4329884558287452	0.5091436162031441	-0.040489172989621645	0.038019859948594165	0.9800921196869495	0.8151006974733217	0.4329884558287452	1.0899169043736494	0.9770961974196466	0.054262012885037236	0.1257687079375281	1.1171860540851117	0.834607771857122	0.5091436162031441	0.9770961974196466	1.2206311369272602
0.2755893334401279	0.03197380550488671	0.22851242955913584	0.14191916401431418	0.18662550357613442	0.22484230537146815	0.23850990072415604	0.03197380550488671	0.2820741730432573	0.040210785985211335	-0.09189007096779095	0.012885246016240918	0.04109816357754203	0.0516351716361647	0.22851242955913584	0.040210785985211335	0.2689739692767925	0.16235627278159756	0.204164749395867	0.2453039271739393	0.2589858732137231	0.14191916401431418	-0.09189007096779095	0.16235627278159756	1.040353014225588	0.23688169190107902	0.18487094694943637	0.1786058963608276	0.18662550357613442	0.012885246016240918	0.204164749395867	0.23688169190107902	0.37207569136173096	0.20263052656456768	0.21471297143481516	0.22484230537146815	0.04109816357754203	0.2453039271739393	0.18487094694943637	0.20263052656456768	0.2890723352771155	0.2545325451358148	0.23850990072415604	0.0516351716361647	0.2589858732137231	0.1786058963608276	0.21471297143481516	0.2545325451358148	0.2777217546553287
0.31603780197533915	0.0031732897953138384	0.25568827332624466	0.15739276459966006	0.1946050497715308	0.2457984421549984	0.2659208201686709	0.0031732897953138384	0.3215391202353995	0.013429582406885097	-0.14124092215989517	-0.0230968756359941	0.012482036121642403	0.025391483488884953	0.25568827332624466	0.013429582406885097	0.3107359808861789	0.18947730904145155	0.22076467646695452	0.2771866774938404	0.2975495770754713	0.15739276459966006	-0.14124092215989517	0.18947730904145155	1.146396619263692	0.29266299943050045	0.22219732706017348	0.20645323404348692	0.1946050497715308	-0.0230968756359941	0.22076467646695452	0.29266299943050045	0.4429369144933709	0.21564536067391588	0.23184423598470622	0.2457984421549984	0.012482036121642403	0.2771866774938404	0.22219732706017348	0.21564536067391588	0.3426982296237595	0.2862031289711975	0.2659208201686709	0.025391483488884953	0.2975495770754713	0.20645323404348692	0.23184423598470622	0.2862031289711975	0.31494113066885837
0.33989416685055096	-0.022553361299592595	0.2720993330348453	0.2051890717816268	0.22694176228560511	0.28012201817156335	0.29477118222071474	-0.022553361299592595	0.3579068886551614	-0.031228370798560515	-0.1646707257545923	-0.04493874606475592	-0.013361103100240787	-0.004495860550005564	0.2720993330348453	-0.031228370798560515	0.3569932130426865	0.21488716680788697	0.23822966165633536	0.2986889580058954	0.3128354769179708	0.2051890717816268	-0.1646707257545923	0.21488716680788697	1.1570143117381395	0.3245953943089799	0.2596432132078608	0.2520328760586527	0.22694176228560511	-0.04493874606475592	0.23822966165633536	0.3245953943089799	0.45918860794817534	0.25035637864106525	0.2627276113067384	0.28012201817156335	-0.013361103100240787	0.2986889580058954	0.2596432132078608	0.25035637864106525	0.3559583907638798	0.3191416499462586	0.29477118222071474	-0.004495860550005564	0.3128354769179708	0.2520328760586527	0.2627276113067384	0.3191416499462586	0.34097996675283887
0.3797245188921333	-0.07561876956176802	0.3159662952209275	0.25763292148827166	0.26676140226934125	0.32136414193011004	0.3315849250324592	-0.07561876956176802	0.41082408060436926	-0.07858805152273365	-0.22693021505838198	-0.09152200783223295	-0.0653291228040511	-0.05870854085962673	0.3159662952209275	-0.07858805152273365	0.39364133318484323	0.2900038435492314	0.29450139373183803	0.35521338828921245	0.36541309630251734	0.25763292148827166	-0.22693021505838198	0.2900038435492314	1.208315709370192	0.3716293183203983	0.31679640251706587	0.3155488457578485	0.26676140226934125	-0.09152200783223295	0.29450139373183803	0.3716293183203983	0.48305222660056857	0.30191783866933586	0.31110563281331977	0.32136414193011004	-0.0653291228040511	0.35521338828921245	0.31679640251706587	0.30191783866933586	0.3891750651296081	0.36951049609778613	0.3315849250324592	-0.05870854085962673	0.36541309630251734	0.3155488457578485	0.31110563281331977	0.36951049609778613	0.38772508728954985
0.48555814973276595	-0.10814367394415433	0.3177631618625936	0.18874545448302957	0.17541293049786633	0.31039211708953357	0.3257756471801061	-0.10814367394415433	0.45223777613858157	-0.07561368767511681	-0.28025243551675005	-0.1420389972871979	-0.07371184759916044	-0.06492103123694286	0.3177631618625936	-0.07561368767511681	0.5061883618564236	0.37154390889020056	0.3049089705315444	0.47916289406408374	0.4964055270447235	0.18874545448302957	-0.28025243551675005	0.37154390889020056	1.4248098245001306	0.5292902063415044	0.3897496546647663	0.3846692427897094	0.17541293049786633	-0.1420389972871979	0.3049089705315444	0.5292902063415044	0.7226044869555788	0.3024852655030726	0.3138261991164445	0.31039211708953357	-0.07371184759916044	0.47916289406408374	0.3897496546647663	0.3024852655030726	0.5144491924433215	0.48517888862442354	0.3257756471801061	-0.06492103123694286	0.4964055270447235	0.3846692427897094	0.3138261991164445	0.48517888862442354	0.5114927493065091
0.412782708154118	-0.05795979407085122	0.2971407808644064	0.2531093598942881	0.25100121582154006	0.32167159290226266	0.3508599717433876	-0.05795979407085122	0.43711852193347606	-0.06822216718578206	-0.19029793056418148	-0.07109236232642736	-0.03815387703881842	0.004705224022571713	0.2971407808644064	-0.06822216718578206	0.4449755421055603	0.3005116985824177	0.2919865837480715	0.3765399086144341	0.405971269351756	0.2531093598942881	-0.19029793056418148	0.3005116985824177	1.2709018740250078	0.4197617352438845	0.3436266109992017	0.3882224772997076	0.25100121582154006	-0.07109236232642736	0.2919865837480715	0.4197617352438845	0.5369751885799275	0.31837224537000147	0.34817750528246044	0.32167159290226266	-0.03815387703881842	0.3765399086144341	0.3436266109992017	0.31837224537000147	0.4044708594782382	0.4247101791458382	0.3508599717433876	0.004705224022571713	0.405971269351756	0.3882224772997076	0.34817750528246044	0.4247101791458382	0.5278025016704583
0.33088431494007203	-0.0019879138219516257	0.25088252183021803	0.19842627621463033	0.21857942101776107	0.267463167233726	0.28718992265710486	-0.0019879138219516257	0.34342826210040733	-0.0028540873726671315	-0.11110185125629882	-0.012527602148076515	0.016698953819346593	0.041866373782802065	0.25088252183021803	-0.0028540873726671315	0.33917938482390675	0.22092039536817537	0.23998430460628178	0.29496507881843137	0.31496280784268	0.19842627621463033	-0.11110185125629882	0.22092039536817537	1.0722945049115946	0.3051452678057799	0.25060314567816866	0.27848787731470304	0.21857942101776107	-0.012527602148076515	0.23998430460628178	0.3051452678057799	0.4251630982209827	0.2575927894673199	0.2775814759894007	0.267463167233726	0.016698953819346593	0.29496507881843137	0.25060314567816866	0.2575927894673199	0.3171394828858686	0.32910577279698466	0.28718992265710486	0.041866373782802065	0.31496280784268	0.27848787731470304	0.2775814759894007	0.32910577279698466	0.39430759233214224
0.3003766126375847	0.01181329255525998	0.22950494955703285	0.19058834729147833	0.21810085870472315	0.250120333061953	0.2603185394935323	0.01181329255525998	0.31255944611672576	0.0031590603333567988	-0.08297094769326507	0.007212922397963568	0.027152766029774372	0.03901403247593097	0.22950494955703285	0.0031590603333567988	0.31359287926864043	0.19443651495754083	0.22591679186700606	0.2616353202771605	0.2721052816398272	0.19058834729147833	-0.08297094769326507	0.19443651495754083	0.9592984414089158	0.26137592891246964	0.22951832322716198	0.2411212279110174	0.21810085870472315	0.007212922397963568	0.22591679186700606	0.26137592891246964	0.3641818033000831	0.2471577382253992	0.2572886645333927	0.250120333061953	0.027152766029774372	0.2616353202771605	0.22951832322716198	0.2471577382253992	0.28943536154612237	0.2910083288614192	0.2603185394935323	0.03901403247593097	0.2721052816398272	0.2411212279110174	0.2572886645333927	0.2910083288614192	0.32204751533383885
0.422659744611827	0.04804874947061616	0.2820392180533405	0.39068509250477246	0.3597155335028888	0.3918668235392606	0.523993134911935	0.04804874947061616	0.5437097706749785	-0.07246737683524926	-0.010416653805714993	0.041941614169613145	0.050913697868282315	0.26147871274754075	0.2820392180533405	-0.07246737683524926	0.6917305185798326	0.24538747245394582	0.26228717873282775	0.30415257587870115	0.5314581157605811	0.39068509250477246	-0.010416653805714993	0.24538747245394582	1.1966074868048437	0.44663253948496195	0.413258804577039	0.61781214884075	0.3597155335028888	0.041941614169613145	0.26228717873282775	0.44663253948496195	0.49637388207163935	0.3768247571411776	0.5118977440632697	0.3918668235392606	0.050913697868282315	0.30415257587870115	0.413258804577039	0.3768247571411776	0.4163713546473711	0.5378480062932608	0.523993134911935	0.26147871274754075	0.5314581157605811	0.61781214884075	0.5118977440632697	0.5378480062932608	1.094392821617944
0.4146740008350739	0.06586959591419284	0.2522933277485188	0.39962892384131654	0.3693902101760028	0.3955639342708144	0.5204388675922587	0.06586959591419284	0.5377019311048263	-0.09438355000296844	0.01936151347451042	0.06027224247111799	0.06709555258215434	0.2665150680672328	0.2522933277485188	-0.09438355000296844	0.7645277056027819	0.20250151054747412	0.22960813096757227	0.26499456092274665	0.5161043319316154	0.39962892384131654	0.01936151347451042	0.20250151054747412	1.0965026817281533	0.4341922173839683	0.4118850231432853	0.597164342718634	0.3693902101760028	0.06027224247111799	0.22960813096757227	0.4341922173839683	0.47993011259872453	0.37811605297708395	0.5054763991743346	0.3955639342708144	0.06709555258215434	0.26499456092274665	0.4118850231432853	0.37811605297708395	0.4114855100232565	0.5270253595880231	0.5204388675922587	0.2665150680672328	0.5161043319316154	0.597164342718634	0.5054763991743346	0.5270253595880231	1.0775772368798677
0.32955844764902803	0.09091009047427379	0.21907845236834012	0.2749469523445693	0.2689986669781409	0.31486585518524124	0.39416107154328467	0.09091009047427379	0.38471586423172177	-0.01342203489230781	0.00798888512965789	0.06732704979583563	0.09324318887872243	0.1979256312479523	0.21907845236834012	-0.01342203489230781	0.5013904133393008	0.1248751537192183	0.16942900173856096	0.22671185058059032	0.34431888420089696	0.2749469523445693	0.00798888512965789	0.1248751537192183	1.1560203642435454	0.3525266041201623	0.28447780491855923	0.4123299373873456	0.2689986669781409	0.06732704979583563	0.16942900173856096	0.3525266041201623	0.454418198494971	0.27425622204153677	0.3585229892276507	0.31486585518524124	0.09324318887872243	0.22671185058059032	0.28447780491855923	0.27425622204153677	0.32783217165371537	0.398812956112548	0.39416107154328467	0.1979256312479523	0.34431888420089696	0.4123299373873456	0.3585229892276507	0.398812956112548	0.7001316746980214
0.3600360052607151	-0.02444976364785098	0.23958790795978	0.16655531470845222	0.19026200066777607	0.2502437559749534	0.25750941525863336	-0.02444976364785098	0.34494701392334587	-0.006345655876381043	-0.13603980546674652	-0.030291011510686576	0.007721505673346721	0.014265234104501543	0.23958790795978	-0.006345655876381043	0.35396879035529116	0.23566628090057162	0.246273362128398	0.31745626736714544	0.32471420864991196	0.16655531470845222	-0.13603980546674652	0.23566628090057162	1.1184311568825385	0.3296212738167942	0.2614143038644626	0.2636336371303056	0.19026200066777607	-0.030291011510686576	0.246273362128398	0.3296212738167942	0.4690460336771769	0.2580229431075109	0.2647724967289557	0.2502437559749534	0.007721505673346721	0.31745626736714544	0.2614143038644626	0.2580229431075109	0.3428678205630765	0.3334609003886807	0.25750941525863336	0.014265234104501543	0.32471420864991196	0.2636336371303056	0.2647724967289557	0.3334609003886807	0.3498950160008236
0.3755063120027769	-0.07079644335079421	0.31347936177253943	0.26975711259725343	0.27494804643677234	0.33176138819710194	0.33894628101191765	-0.07079644335079421	0.4151716110181987	-0.0867281416198391	-0.22069423341716463	-0.0877289344991119	-0.06183315940355324	-0.05406650793846666	0.31347936177253943	-0.0867281416198391	0.40249953262634947	0.27731769972153064	0.28528897817209586	0.34820003983487413	0.3554350054456616	0.26975711259725343	-0.22069423341716463	0.27731769972153064	1.2078130074922164	0.37136315589341584	0.3143017229411119	0.3195485130017304	0.27494804643677234	-0.0877289344991119	0.28528897817209586	0.37136315589341584	0.4774152224837962	0.30555821652961807	0.3125474966454244	0.33176138819710194	-0.06183315940355324	0.34820003983487413	0.3143017229411119	0.30555821652961807	0.37651077103592195	0.3722821510720938	0.33894628101191765	-0.05406650793846666	0.3554350054456616	0.3195485130017304	0.3125474966454244	0.3722821510720938	0.39166029490544274
0.4271233290068129	-0.0710866052748671	0.3550347142571545	0.3401353794691603	0.3171949788330155	0.38385321721266186	0.4392823686648098	-0.0710866052748671	0.5095277545969612	-0.10249839503471692	-0.20615726770458614	-0.08732572535372227	-0.06550547547203707	0.027804233354365538	0.3550347142571545	-0.10249839503471692	0.4825967702488736	0.3344139775436599	0.3185840363104238	0.3940641944847836	0.45508525584831677	0.3401353794691603	-0.20615726770458614	0.3344139775436599	1.3027597594332787	0.45057786344416295	0.3854581630562218	0.47714212916972837	0.3171949788330155	-0.08732572535372227	0.3185840363104238	0.45057786344416295	0.545826121400732	0.3504066434702856	0.4095456580134063	0.38385321721266186	-0.06550547547203707	0.3940641944847836	0.3854581630562218	0.3504066434702856	0.4271456129845772	0.4733143299444776	0.4392823686648098	0.027804233354365538	0.45508525584831677	0.47714212916972837	0.4095456580134063	0.4733143299444776	0.6880979860375869
0.38921087036050644	-0.04920557883072474	0.2883208472064421	0.34309695961720327	0.33749373207893824	0.3480884400801184	0.3875192330274116	-0.04920557883072474	0.4531674053424859	-0.11755858751172274	-0.07928446706521901	-0.043730026843690976	-0.04180328687275976	0.020822000095099366	0.2883208472064421	-0.11755858751172274	0.47902607030933153	0.30712981992481114	0.3094559151090206	0.32213701635096165	0.37145398202627156	0.34309695961720327	-0.07928446706521901	0.30712981992481114	0.6446424049600104	0.3726712473262818	0.3767063272235937	0.42134590757651486	0.33749373207893824	-0.043730026843690976	0.3094559151090206	0.3726712473262818	0.4073290372850679	0.3675566942072592	0.405501755008754	0.3480884400801184	-0.04180328687275976	0.32213701635096165	0.3767063272235937	0.3675566942072592	0.3855397745283264	0.4163560478891462	0.3875192330274116	0.020822000095099366	0.37145398202627156	0.42134590757651486	0.405501755008754	0.4163560478891462	0.5638265501925865
0.28583390858599966	0.03366269750803755	0.21487232878213483	0.1647744428759883	0.18068349270488807	0.2320787438748293	0.24157468709827973	0.03366269750803755	0.28535984788446817	0.03204404530004937	-0.05007055046497992	0.017138963044441395	0.051718374778822684	0.062295256460166544	0.21487232878213483	0.03204404530004937	0.29124685885223217	0.17416630359998314	0.19060172648661658	0.24760729636726903	0.2572482590736078	0.1647744428759883	-0.05007055046497992	0.17416630359998314	0.8661477004706141	0.24928418737664326	0.20324768145659197	0.21346253387556038	0.18068349270488807	0.017138963044441395	0.19060172648661658	0.24928418737664326	0.4034315510171741	0.20897774532771443	0.218455661412569	0.2320787438748293	0.051718374778822684	0.24760729636726903	0.20324768145659197	0.20897774532771443	0.27253032264493243	0.27301674291244393	0.24157468709827973	0.062295256460166544	0.2572482590736078	0.21346253387556038	0.218455661412569	0.27301674291244393	0.3010674532382518
0.32772338796223877	0.005614022078845121	0.25852972017917364	0.2053998359196349	0.2175783889846929	0.27851236815510355	0.30150879965839805	0.005614022078845121	0.3474543922697039	-0.0037557983319288953	-0.110727929175122	-0.01589253513603156	0.019831994653136946	0.0497380471239255	0.25852972017917364	-0.0037557983319288953	0.3457578559106921	0.20980762682423357	0.22477421059607505	0.2924658625754457	0.31637479351520714	0.2053998359196349	-0.110727929175122	0.20980762682423357	1.0835062247630614	0.31514882613016215	0.2455887981937042	0.27952123130753265	0.2175783889846929	-0.01589253513603156	0.22477421059607505	0.31514882613016215	0.45317094695937843	0.2467586233255353	0.27071810117307776	0.27851236815510355	0.019831994653136946	0.2924658625754457	0.2455887981937042	0.2467586233255353	0.3179016630413777	0.3333774232172206	0.30150879965839805	0.0497380471239255	0.31637479351520714	0.27952123130753265	0.27071810117307776	0.3333774232172206	0.41117718004098414
0.5683647614984295	-0.10308993993991705	0.21582198577547848	0.08223769795738362	0.09221143820822802	0.21770997566118952	0.2445273590925671	-0.10308993993991705	0.4528411776449118	-0.021912836228461997	-0.21422698819661665	-0.10128993544326345	-0.01870292584093671	0.014544814206396176	0.21582198577547848	-0.021912836228461997	0.5754387319229346	0.45022138459713734	0.3488668392832412	0.5618576225843275	0.5795588852652066	0.08223769795738362	-0.21422698819661665	0.45022138459713734	1.511618052797704	0.6000184987830743	0.45790830408979566	0.489732889337573	0.09221143820822802	-0.10128993544326345	0.3488668392832412	0.6000184987830743	0.7862224643090847	0.3511780603197627	0.37507213609790135	0.21770997566118952	-0.01870292584093671	0.5618576225843275	0.45790830408979566	0.3511780603197627	0.5707428199359846	0.5784286908845052	0.2445273590925671	0.014544814206396176	0.5795588852652066	0.489732889337573	0.37507213609790135	0.5784286908845052	0.6553107908519029
0.37451371252495436	-0.03510451546517848	0.2822610154948893	0.2173921592461957	0.2231412182684832	0.3015950917374234	0.3180756169503647	-0.03510451546517848	0.39036776926237643	-0.03963733236170081	-0.17476504427562864	-0.05832282580174288	-0.01597595454952117	0.0062818309636243535	0.2822610154948893	-0.03963733236170081	0.3939704193957142	0.24883111834798305	0.2505135554823165	0.3406003003797228	0.3572346884124554	0.2173921592461957	-0.17476504427562864	0.24883111834798305	1.2238174057322677	0.3780591730222086	0.2852188096826387	0.30910358061714727	0.2231412182684832	-0.05832282580174288	0.2505135554823165	0.3780591730222086	0.5194178272705925	0.27228988793565106	0.2894676163267503	0.3015950917374234	-0.01597595454952117	0.3406003003797228	0.2852188096826387	0.27228988793565106	0.36489094978942427	0.37365314196073773	0.3180756169503647	0.0062818309636243535	0.3572346884124554	0.30910358061714727	0.2894676163267503	0.37365314196073773	0.42925023273847385
0.3873125392383809	-0.03586496135826536	0.2693039395319683	0.20307367715837815	0.21534135216948902	0.2808194304657543	0.30651204519305547	-0.03586496135826536	0.38832852308570676	-0.021371557309319323	-0.15402866707949592	-0.04403350313819545	-0.0073262551269716696	0.027126983988143488	0.2693039395319683	-0.021371557309319323	0.3867342256191568	0.2781059640139845	0.2754968627801931	0.35306587214566154	0.3774872448057627	0.20307367715837815	-0.15402866707949592	0.2781059640139845	1.1982164408907239	0.37432174717279365	0.3000437130014626	0.3376229730486117	0.21534135216948902	-0.04403350313819545	0.2754968627801931	0.37432174717279365	0.5021492507932832	0.28783597655273485	0.313634655615138	0.2808194304657543	-0.0073262551269716696	0.35306587214566154	0.3000437130014626	0.28783597655273485	0.3696305612856548	0.38621816080179877	0.30651204519305547	0.027126983988143488	0.3774872448057627	0.3376229730486117	0.313634655615138	0.38621816080179877	0.472012694736667
0.47346560491695266	-0.03215129135392053	0.29186952269875854	0.27817237362208336	0.2655486794883699	0.32653986642202026	0.4211118912589378	-0.03215129135392053	0.5071152322424968	-0.048669834861235495	-0.13240696681244105	-0.034579512635476456	-0.009283901833949101	0.13137727086170176	0.29186952269875854	-0.048669834861235495	0.5257353970378	0.3597159571474037	0.33568512398551376	0.41765778243359925	0.5127178029234909	0.27817237362208336	-0.13240696681244105	0.3597159571474037	1.3781318917992296	0.4901583783743594	0.4161000157071894	0.5605017489588141	0.2655486794883699	-0.034579512635476456	0.33568512398551376	0.4901583783743594	0.5787153521289197	0.37091063109352107	0.46184633647415824	0.32653986642202026	-0.009283901833949101	0.41765778243359925	0.4161000157071894	0.37091063109352107	0.4527180856324563	0.5256356404591725	0.4211118912589378	0.13137727086170176	0.5127178029234909	0.5605017489588141	0.46184633647415824	0.5256356404591725	0.8611380652335048
0.5018290229771026	0.019326310879802022	0.3350168594626382	0.4395714362756467	0.37732341042107537	0.439308341348925	0.6099720031378401	0.019326310879802022	0.6710744441490686	-0.09296529501728473	-0.05266906947338179	0.009841529780929524	0.01884718142206493	0.3262885331922981	0.3350168594626382	-0.09296529501728473	0.8317186929695295	0.3191795638002154	0.3032825006657362	0.38896287387384965	0.6905720790829806	0.4395714362756467	-0.05266906947338179	0.3191795638002154	1.5302258928494052	0.5826778696579719	0.49322230791668464	0.7866018276697346	0.37732341042107537	0.009841529780929524	0.3032825006657362	0.5826778696579719	0.6367545296168563	0.4179656978906557	0.5991528076981483	0.439308341348925	0.01884718142206493	0.38896287387384965	0.49322230791668464	0.4179656978906557	0.4924106811732745	0.6425206916189579	0.6099720031378401	0.3262885331922981	0.6905720790829806	0.7866018276697346	0.5991528076981483	0.6425206916189579	1.4077324111704417
0.47895055192452196	0.01468517140738751	0.3316274759067944	0.4513207551702637	0.3879249077020387	0.4517986015977158	0.59677059733717	0.01468517140738751	0.6545283566768869	-0.12091665292950521	-0.05730047009650896	0.005074367122772927	0.01425220035806099	0.2842011842840019	0.3316274759067944	-0.12091665292950521	0.8388153871331864	0.273981451801353	0.2692567521100496	0.3540186978106483	0.6396213161824331	0.4513207551702637	-0.05730047009650896	0.273981451801353	1.433124074191491	0.5530958242065566	0.4737564012183374	0.7246134700221138	0.3879249077020387	0.005074367122772927	0.2692567521100496	0.5530958242065566	0.6206983646848621	0.4038519004043159	0.5632901254321955	0.4517986015977158	0.01425220035806099	0.3540186978106483	0.4737564012183374	0.4038519004043159	0.4762652733012069	0.6095836973878784	0.59677059733717	0.2842011842840019	0.6396213161824331	0.7246134700221138	0.5632901254321955	0.6095836973878784	1.2921520273160694
0.4478783236214868	0.04019550675961325	0.2981958545755957	0.4351229410310402	0.38586618965100056	0.43055173030319627	0.5692249704138005	0.04019550675961325	0.6053047294854111	-0.10847648904412519	-0.02476571841436108	0.03110103231859505	0.04019018192009498	0.28181487275082723	0.2981958545755957	-0.10847648904412519	0.8178162617194755	0.23232186838170746	0.2502144881930828	0.3102911566649353	0.5916704662680786	0.4351229410310402	-0.02476571841436108	0.23232186838170746	1.3568382103750942	0.5045063381110075	0.44769566853345144	0.680495394600567	0.38586618965100056	0.03110103231859505	0.2502144881930828	0.5045063381110075	0.5548281849489437	0.39404404480502037	0.5422417549571532	0.43055173030319627	0.04019018192009498	0.3102911566649353	0.44769566853345144	0.39404404480502037	0.4461892918510284	0.5751749233700876	0.5692249704138005	0.28181487275082723	0.5916704662680786	0.680495394600567	0.5422417549571532	0.5751749233700876	1.2154925297630816
0.440343110482736	0.024980674224622745	0.2970844145492189	0.40666098979763554	0.36878176690485515	0.40914569910233367	0.5334313009761593	0.024980674224622745	0.5746799696638225	-0.10061143101399893	-0.05146752021880158	0.016666020888728494	0.026960302115411602	0.23557833974147485	0.2970844145492189	-0.10061143101399893	0.7182867265905097	0.2487532852656756	0.2678610520135282	0.3212239860007806	0.5388274612290326	0.40666098979763554	-0.05146752021880158	0.2487532852656756	1.3567481175217067	0.4839737843950275	0.4318010081809216	0.6388294212614144	0.36878176690485515	0.016666020888728494	0.2678610520135282	0.4839737843950275	0.5304035022949157	0.3873154814215267	0.5171647783778384	0.40914569910233367	0.026960302115411602	0.3212239860007806	0.4318010081809216	0.3873154814215267	0.43538850366118087	0.5489389583192998	0.5334313009761593	0.23557833974147485	0.5388274612290326	0.6388294212614144	0.5171647783778384	0.5489389583192998	1.0889835503575653
0.37709523310836146	-0.044465437656703855	0.3022742008366619	0.3155346962539111	0.303660151262681	0.35202996463264613	0.3796273208376983	-0.044465437656703855	0.43920845924387447	-0.10253575424996136	-0.15192870193046665	-0.057501159945699265	-0.039960854262242704	0.002441046230988103	0.3022742008366619	-0.10253575424996136	0.45450785531161547	0.25939158979181526	0.26705612275491547	0.3219225914377012	0.3552045385194429	0.3155346962539111	-0.15192870193046665	0.25939158979181526	1.0658279627887282	0.3728158359231324	0.3383449504108598	0.37860119763231614	0.303660151262681	-0.057501159945699265	0.26705612275491547	0.3728158359231324	0.47135556063532336	0.32011030913296534	0.3487665188271102	0.35202996463264613	-0.039960854262242704	0.3219225914377012	0.3383449504108598	0.32011030913296534	0.3765444684029566	0.3968210296680443	0.3796273208376983	0.002441046230988103	0.3552045385194429	0.37860119763231614	0.3487665188271102	0.3968210296680443	0.4999696816144153
0.4205179646287126	0.07990113142063199	0.1927828543081685	0.3791125195593952	0.3374153700653403	0.3814950548172506	0.47884420632360414	0.07990113142063199	0.5068252692469294	-0.13015635680618654	0.06009677304364526	0.07365760975600276	0.08529598409191241	0.2366129124556919	0.1927828543081685	-0.13015635680618654	0.8164097034791836	0.1727431810342872	0.1635442919313867	0.2226265076591366	0.4459227449650285	0.3791125195593952	0.06009677304364526	0.1727431810342872	0.7651001346552488	0.4018636066217404	0.40341854891508744	0.5224795193604574	0.3374153700653403	0.07365760975600276	0.1635442919313867	0.4018636066217404	0.5276427677138513	0.35701455088666767	0.453645305220279	0.3814950548172506	0.08529598409191241	0.2226265076591366	0.40341854891508744	0.35701455088666767	0.40982670897147433	0.49730242087782833	0.47884420632360414	0.2366129124556919	0.4459227449650285	0.5224795193604574	0.453645305220279	0.49730242087782833	0.9354579441866296
0.440550934965338	0.1158453203079107	0.2220800176613952	0.39965411837460346	0.3384115602472661	0.40440506551406386	0.5566039842227843	0.1158453203079107	0.5472762287075077	-0.07670479346324874	0.08622956554106696	0.09988624350045021	0.11971480166549156	0.3569944148512872	0.2220800176613952	-0.07670479346324874	0.9711045796972428	0.15866000290312543	0.15344880287671409	0.24810656362706013	0.6256337029426962	0.39965411837460346	0.08622956554106696	0.15866000290312543	1.0887937721653806	0.4765468310951733	0.4213025092990839	0.643268352379057	0.3384115602472661	0.09988624350045021	0.15344880287671409	0.4765468310951733	0.6205103422854916	0.35416517598219444	0.5141417829558825	0.40440506551406386	0.11971480166549156	0.24810656362706013	0.4213025092990839	0.35416517598219444	0.42975099790985094	0.5703949490345497	0.5566039842227843	0.3569944148512872	0.6256337029426962	0.643268352379057	0.5141417829558825	0.5703949490345497	1.2871101354715317
0.45068874351492527	0.05585477595858479	0.24446862316013823	0.41888465732986646	0.3600216023354588	0.4237984684003283	0.5356408478499577	0.05585477595858479	0.5773939127075929	-0.14890932753257727	0.00781048467806026	0.0441495196243593	0.05742189519540712	0.25050312728933505	0.24446862316013823	-0.14890932753257727	0.9019332936504945	0.17258192354096044	0.17695835223300885	0.26604289565187733	0.5348594040721191	0.41888465732986646	0.00781048467806026	0.17258192354096044	1.1363839355916023	0.4863485801034602	0.43758658060631983	0.6060839791851442	0.3600216023354588	0.0441495196243593	0.17695835223300885	0.4863485801034602	0.6041759430446187	0.37347849985177806	0.4924082959197377	0.4237984684003283	0.05742189519540712	0.26604289565187733	0.43758658060631983	0.37347849985177806	0.4458493708467957	0.5479491886325394	0.5356408478499577	0.25050312728933505	0.5348594040721191	0.6060839791851442	0.4924082959197377	0.5479491886325394	1.0877900069970874
0.505723794482882	0.01862553197590172	0.30315028594937427	0.4346684639636946	0.3650539755714408	0.44269922258239147	0.5853356528507774	0.01862553197590172	0.6576535087889027	-0.13641289478394014	-0.04985685665825834	0.007900349107393206	0.018942560792730476	0.2821147205073469	0.30315028594937427	-0.13641289478394014	0.9184463098306566	0.2622010619667836	0.2483704484941054	0.36083626205096025	0.6560653407389846	0.4346684639636946	-0.04985685665825834	0.2622010619667836	1.4383753559023447	0.5821800904938774	0.4881393267008649	0.7255019490647877	0.3650539755714408	0.007900349107393206	0.2483704484941054	0.5821800904938774	0.6760130891619376	0.4048437570548029	0.558898709239187	0.44269922258239147	0.018942560792730476	0.36083626205096025	0.4881393267008649	0.4048437570548029	0.496928501426876	0.6209479051902166	0.5853356528507774	0.2821147205073469	0.6560653407389846	0.7255019490647877	0.558898709239187	0.6209479051902166	1.2959347932104057
0.46245762544429714	0.018620810394627096	0.31132274727546455	0.44673680476383293	0.3909773031602798	0.4445287707589234	0.5739894656038901	0.018620810394627096	0.6294899731924978	-0.13356351490684498	-0.06128727743006683	0.00828356384553552	0.018265005605510934	0.2545914579415179	0.31132274727546455	-0.13356351490684498	0.8328997670114768	0.2323052297967069	0.2519738837490078	0.3248178914977386	0.590257576390169	0.44673680476383293	-0.06128727743006683	0.2323052297967069	1.4852757316982128	0.5388385816069333	0.4610080530921325	0.6921223281511433	0.3909773031602798	0.00828356384553552	0.2519738837490078	0.5388385816069333	0.5858906622739496	0.4001805499211546	0.5422122177422289	0.4445287707589234	0.018265005605510934	0.3248178914977386	0.4610080530921325	0.4001805499211546	0.461303972656143	0.5811100157790987	0.5739894656038901	0.2545914579415179	0.590257576390169	0.6921223281511433	0.5422122177422289	0.5811100157790987	1.19498855687709
