1.718457673209052	0.27748911018050315	0.22713532120126334	0.24378716558298763	0.6063370338648016	-1.5836088190147377	0.5852623173209521	0.16726808085964873	0.2804652458966007	0.26336643309094576	0.27748911018050315	0.4223397485097627	0.2996633303322748	0.2426633489684755	0.17800173643799216	-0.6074244460961118	0.22314373700104384	0.34905116581660084	0.3055685370853085	0.1651849475641955	0.22713532120126334	0.2996633303322748	0.4128172787016648	0.23377192764049837	0.19200104231134296	-0.5948896415612617	0.23986460296485218	0.3169213590603094	0.3112644783032026	0.19986916245967373	0.24378716558298763	0.2426633489684755	0.23377192764049837	1.19999508421747	0.30031625618613106	-0.4136151007130689	0.1498307040272082	0.028108191466370946	0.23035817441760903	0.11140520873232629	0.6063370338648016	0.17800173643799216	0.19200104231134296	0.30031625618613106	1.2730768779018948	-0.17484202979917213	0.005325963671882747	0.24545074923614013	0.19256102989377746	0.16289469572987775	-1.5836088190147377	-0.6074244460961118	-0.5948896415612617	-0.4136151007130689	-0.17484202979917213	2.8577656700820224	-0.5339926711893614	-0.24880856506189675	-0.5742808134659658	-0.6720136523481246	0.5852623173209521	0.22314373700104384	0.23986460296485218	0.1498307040272082	0.005325963671882747	-0.5339926711893614	0.4675445025194891	0.27008026576894806	0.23258714019091078	0.08793456720242215	0.16726808085964873	0.34905116581660084	0.3169213590603094	0.028108191466370946	0.24545074923614013	-0.24880856506189675	0.27008026576894806	0.9990767502486921	0.32347071521707005	0.2641391162342426	0.2804652458966007	0.3055685370853085	0.3112644783032026	0.23035817441760903	0.19256102989377746	-0.5742808134659658	0.23258714019091078	0.32347071521707005	0.3229604220656864	0.18509294634020967	0.26336643309094576	0.1651849475641955	0.19986916245967373	0.11140520873232629	0.16289469572987775	-0.6720136523481246	0.08793456720242215	0.2641391162342426	0.18509294634020967	0.5265630160727557
2.8410187974861607	0.38142746625023216	0.356500264974237	0.3369353975530552	0.6949462500470194	-2.641692953048782	1.044681781026536	0.10638778711522723	0.38002122774071745	0.3842771564957248	0.38142746625023216	0.5458405287970647	0.44039948365231224	0.31870087000067354	0.22398085583381816	-0.9282828567807195	0.2910026637747923	0.4309715748925429	0.444951544231749	0.19695655041872073	0.356500264974237	0.44039948365231224	0.49258001714056404	0.30710068539674495	0.23196973454061182	-0.9100238484221349	0.29752193559193596	0.3938299382668573	0.44871993332929005	0.2255976283046105	0.3369353975530552	0.31870087000067354	0.30710068539674495	1.58696011599447	0.3983723187350839	-0.6519644430734972	0.15513432119806697	-0.12659354757814362	0.30667647624629946	0.0853725217872	0.6949462500470194	0.22398085583381816	0.23196973454061182	0.3983723187350839	1.549363836499667	-0.3142133003395965	-0.06809396083007624	0.26618041047081487	0.2350384097478943	0.23188517149472418	-2.641692953048782	-0.9282828567807195	-0.9100238484221349	-0.6519644430734972	-0.3142133003395965	4.541331538399942	-0.8968893330239438	-0.2438463096457446	-0.9032427663690683	-1.0425265342496202	1.044681781026536	0.2910026637747923	0.29752193559193596	0.15513432119806697	-0.06809396083007624	-0.8968893330239438	0.7414490115366021	0.30006553728410945	0.2943341203697969	0.03787926355296545	0.10638778711522723	0.4309715748925429	0.3938299382668573	-0.12659354757814362	0.26618041047081487	-0.2438463096457446	0.30006553728410945	1.3717889592206631	0.396798657812641	0.3386661704187356	0.38002122774071745	0.444951544231749	0.44871993332929005	0.30667647624629946	0.2350384097478943	-0.9032427663690683	0.2943341203697969	0.396798657812641	0.45925647575079775	0.21460946199352499	0.3842771564957248	0.19695655041872073	0.2255976283046105	0.0853725217872	0.23188517149472418	-1.0425265342496202	0.03787926355296545	0.3386661704187356	0.21460946199352499	0.8097233263744611
2.1203128093912182	0.39901762996692663	0.3395894197736184	0.3186363297592711	0.5657513817178597	-2.1410835256764433	0.7915077938730852	0.22516540552807995	0.39883638201570865	0.35765692949730665	0.39901762996692663	0.5525826950417674	0.3718342701674436	0.31279186873639503	0.2587577831292846	-0.8500879054915258	0.2592631165208946	0.41159808000817977	0.3813270438954001	0.19536206784854065	0.3395894197736184	0.3718342701674436	0.5059343344048367	0.29536806078226835	0.27232334685224957	-0.8268362434504349	0.2802442206617557	0.36029227212887244	0.3866771425627447	0.24753071414133637	0.3186363297592711	0.31279186873639503	0.29536806078226835	1.285186661571173	0.3277937213627664	-0.602068244844539	0.18146597454610125	0.03994204018978792	0.2935909251580405	0.1319750133500614	0.5657513817178597	0.2587577831292846	0.27232334685224957	0.3277937213627664	1.06601403676948	-0.4145516322053232	0.06078481140761155	0.2978120879348449	0.2775866207462532	0.2087122077457871	-2.1410835256764433	-0.8500879054915258	-0.8268362434504349	-0.602068244844539	-0.4145516322053232	3.8017222078113746	-0.6952192965745543	-0.3603479762130728	-0.7972745521363367	-0.9286433810842711	0.7915077938730852	0.2592631165208946	0.2802442206617557	0.18146597454610125	0.06078481140761155	-0.6952192965745543	0.5649895108625301	0.2921293614602223	0.26978027861623466	0.0842234333865281	0.22516540552807995	0.41159808000817977	0.36029227212887244	0.03994204018978792	0.2978120879348449	-0.3603479762130728	0.2921293614602223	1.0932578584270591	0.3692307454617962	0.2993802832279542	0.39883638201570865	0.3813270438954001	0.3866771425627447	0.2935909251580405	0.2775866207462532	-0.7972745521363367	0.26978027861623466	0.3692307454617962	0.4018338827314313	0.22519928620804253	0.35765692949730665	0.19536206784854065	0.24753071414133637	0.1319750133500614	0.2087122077457871	-0.9286433810842711	0.0842234333865281	0.2993802832279542	0.22519928620804253	0.675224739643687
0.1616776135068208	-0.07854762107441582	0.07163223646588163	0.06654585446866057	0.08223357336826972	0.00972758659636995	0.15226750283877363	0.08343886349878132	0.06339470526371244	0.07762243852820011	-0.07854762107441582	0.7251065834705671	-0.0690655515534503	-0.0073031676163211184	-0.06387987394426482	-0.14660534013575194	-0.0646794037924291	0.018722341243264207	-0.08201197299743666	-0.06972308340839029	0.07163223646588163	-0.0690655515534503	0.13334600871257668	0.07989424737874765	0.09448961494396818	0.026556802352891005	0.13174203163268897	0.096715294645522	0.07700501470359945	0.09048148567881595	0.06654585446866057	-0.0073031676163211184	0.07989424737874765	0.32218690160608954	0.08732963402085389	0.023714805054479506	0.1084878421802387	0.08144257438777489	0.07039841445923892	0.08252047390261398	0.08223357336826972	-0.06387987394426482	0.09448961494396818	0.08732963402085389	0.12099857638078368	0.0371527079034899	0.11400550305164937	0.10500274895110266	0.0852880635758904	0.09836866023460698	0.00972758659636995	-0.14660534013575194	0.026556802352891005	0.023714805054479506	0.0371527079034899	0.22680463826343983	0.10009299246154194	0.041787541501676496	0.017754945196485062	0.032240249536211574	0.15226750283877363	-0.0646794037924291	0.13174203163268897	0.1084878421802387	0.11400550305164937	0.10009299246154194	0.23634656793356887	0.13551195032386268	0.11204424467522063	0.11497140076131851	0.08343886349878132	0.018722341243264207	0.096715294645522	0.08144257438777489	0.10500274895110266	0.041787541501676496	0.13551195032386268	0.25289486144209283	0.08769821939079746	0.10102259425180496	0.06339470526371244	-0.08201197299743666	0.07700501470359945	0.07039841445923892	0.0852880635758904	0.017754945196485062	0.11204424467522063	0.08769821939079746	0.1336503968173136	0.08086983693404486	0.07762243852820011	-0.06972308340839029	0.09048148567881595	0.08252047390261398	0.09836866023460698	0.032240249536211574	0.11497140076131851	0.10102259425180496	0.08086983693404486	0.10586019431488013
0.45285059406888967	0.10944715003551138	0.12006080929981536	0.12436639468022347	0.22211519868465288	-0.40622379936306924	0.201133587030891	0.1395723934471939	0.136852377210698	0.11645885372926215	0.10944715003551138	0.34719913829475496	0.12743288477664463	0.14022253813516194	0.11643972134068799	-0.25228431998627077	0.10090598708722875	0.18225367230406714	0.12881244960068555	0.08937458737347101	0.12006080929981536	0.12743288477664463	0.21990896762600207	0.1493666297395758	0.16172765712825818	-0.21186996845668565	0.14520869598263605	0.1792233833261685	0.16156541502137034	0.1327860875331253	0.12436639468022347	0.14022253813516194	0.1493666297395758	0.5116449054142281	0.16873931724827507	-0.1686368650851082	0.12558996582322834	0.13780457016023956	0.14963464085673678	0.11802064940055054	0.22211519868465288	0.11643972134068799	0.16172765712825818	0.16873931724827507	0.5600105837893778	-0.046259893617204395	0.07137529709596466	0.1886618355094966	0.15711216390506672	0.12915126657701173	-0.40622379936306924	-0.25228431998627077	-0.21186996845668565	-0.1686368650851082	-0.046259893617204395	0.9309026827667111	-0.11676157701086275	-0.13834086955504307	-0.193300908044029	-0.21670865211978876	0.201133587030891	0.10090598708722875	0.14520869598263605	0.12558996582322834	0.07137529709596466	-0.11676157701086275	0.2324423438860643	0.1688942430928311	0.1374903315536824	0.09805925826284657	0.1395723934471939	0.18225367230406714	0.1792233833261685	0.13780457016023956	0.1886618355094966	-0.13834086955504307	0.1688942430928311	0.4468052312591605	0.18278729609806446	0.15814749395167788	0.136852377210698	0.12881244960068555	0.16156541502137034	0.14963464085673678	0.15711216390506672	-0.193300908044029	0.1374903315536824	0.18278729609806446	0.17005472165510283	0.1308074565036005	0.11645885372926215	0.08937458737347101	0.1327860875331253	0.11802064940055054	0.12915126657701173	-0.21670865211978876	0.09805925826284657	0.15814749395167788	0.1308074565036005	0.22669230019598754
0.19753346651222511	0.008687141155768425	0.07219544235514495	0.06860074821498625	0.11677642108413622	-0.11323656774352395	0.11788063844425017	0.07907389646599802	0.06355556822004851	0.07166426026806708	0.008687141155768425	0.39848469754076726	0.02940486087809354	0.05176360426534455	0.03560731777048372	-0.12257205374115016	0.024055222627112956	0.07149796481885004	0.020474955349689503	0.022786583675560825	0.07219544235514495	0.02940486087809354	0.11304644966513418	0.09726026222932187	0.11583125949026327	-0.0359072166888355	0.10412246658233958	0.11262406444137374	0.09430665588137191	0.09877390595397721	0.06860074821498625	0.05176360426534455	0.09726026222932187	0.3003059632023288	0.1151458821898407	-0.03295719921181746	0.09803905305238761	0.09932448920940576	0.08936054176938628	0.09313423388136825	0.11677642108413622	0.03560731777048372	0.11583125949026327	0.1151458821898407	0.2938782136804557	0.01430167894476828	0.08655002212483404	0.12861387841080968	0.10892024653544057	0.11067170828894153	-0.11323656774352395	-0.12257205374115016	-0.0359072166888355	-0.03295719921181746	0.01430167894476828	0.34892126721405314	0.00843430236439998	-0.020359423471959466	-0.04512067151872767	-0.03686046542218316	0.11788063844425017	0.024055222627112956	0.10412246658233958	0.09803905305238761	0.08655002212483404	0.00843430236439998	0.1687409251247319	0.11801961630089858	0.09625196127345141	0.09696756560382032	0.07907389646599802	0.07149796481885004	0.11262406444137374	0.09932448920940576	0.12861387841080968	-0.020359423471959466	0.11801961630089858	0.2445600456701284	0.10447010114492308	0.10947127988246112	0.06355556822004851	0.020474955349689503	0.09430665588137191	0.08936054176938628	0.10892024653544057	-0.04512067151872767	0.09625196127345141	0.10447010114492308	0.1269508980228997	0.09032375241716795	0.07166426026806708	0.022786583675560825	0.09877390595397721	0.09313423388136825	0.11067170828894153	-0.03686046542218316	0.09696756560382032	0.10947127988246112	0.09032375241716795	0.11629238193769195
0.14995394605635026	0.05006532534587535	0.04788972774898455	0.06606389919597197	0.0690283294018593	-0.01434942742290811	0.12206188821582112	0.06967867053213721	0.011125694204161807	0.06198080327280176	0.05006532534587535	0.149754202372004	0.05358949518839211	0.06940042696295297	0.06810437096144173	-0.00947272721215628	0.0699209816592134	0.07112794562619258	0.01365715806979068	0.06088513827578224	0.04788972774898455	0.05358949518839211	0.16175620068961752	0.07075329494772403	0.07240691386643076	-0.008335592142418038	0.11805189484567431	0.07344439103645377	0.018035180266406856	0.06644378372148124	0.06606389919597197	0.06940042696295297	0.07075329494772403	0.18702198095408884	0.08515351302199087	0.011638863119022971	0.09232957986949995	0.08552224263824029	0.03262124458999909	0.07825149107268088	0.0690283294018593	0.06810437096144173	0.07240691386643076	0.08515351302199087	0.10228563265528864	0.01272660637047188	0.08689587936955656	0.08876085956174826	0.033986968106250695	0.0804769961538366	-0.01434942742290811	-0.00947272721215628	-0.008335592142418038	0.011638863119022971	0.01272660637047188	0.22009464714395882	0.06256402585083594	0.014131987192606145	-0.04703389189746852	0.00518369570886901	0.12206188821582112	0.0699209816592134	0.11805189484567431	0.09232957986949995	0.08689587936955656	0.06256402585083594	0.20041843304112403	0.09538753163858962	0.06609893695179722	0.08276740493647233	0.06967867053213721	0.07112794562619258	0.07344439103645377	0.08552224263824029	0.08876085956174826	0.014131987192606145	0.09538753163858962	0.11299305402044364	0.03492605995103398	0.082099637079643	0.011125694204161807	0.01365715806979068	0.018035180266406856	0.03262124458999909	0.033986968106250695	-0.04703389189746852	0.06609893695179722	0.03492605995103398	0.19593572649059574	0.02622923915183679	0.06198080327280176	0.06088513827578224	0.06644378372148124	0.07825149107268088	0.0804769961538366	0.00518369570886901	0.08276740493647233	0.082099637079643	0.02622923915183679	0.09603651713013452
0.22405771744808486	0.10116373874711067	0.02227109893223332	0.10813578110075205	0.1123623848264613	0.072894290820941	0.13675805861760246	0.11277000202825688	-0.13082751065220233	0.08999533332799978	0.10116373874711067	0.1715382892601519	0.04295593119249347	0.1203679670538531	0.1219760562178032	0.0840656545739676	0.07453361180954816	0.12316765352939157	-0.11781094859993557	0.09821463218683545	0.02227109893223332	0.04295593119249347	0.5033105344158333	0.056904388123485874	0.0535283190460024	0.012232716352355871	0.25335477074143103	0.05428073835168798	-0.13999490143415158	0.04838556218620808	0.10813578110075205	0.1203679670538531	0.056904388123485874	0.25011371687720074	0.12935474943157316	0.09329024521958035	0.0913594598164078	0.12920283096449373	-0.09866282743843457	0.1070425376854104	0.1123623848264613	0.1219760562178032	0.0535283190460024	0.12935474943157316	0.14862750162280938	0.09633732457743993	0.08195940690142607	0.13397840047253742	-0.10253988869445524	0.11078663497961935	0.072894290820941	0.0840656545739676	0.012232716352355871	0.09329024521958035	0.09633732457743993	0.20733287752691876	0.07622547273649426	0.09706433900158595	-0.14792000443667286	0.07318316076187054	0.13675805861760246	0.07453361180954816	0.25335477074143103	0.0913594598164078	0.08195940690142607	0.07622547273649426	0.2790065026554707	0.08958176169634544	0.01570584381959922	0.06159841114794657	0.11277000202825688	0.12316765352939157	0.05428073835168798	0.12920283096449373	0.13397840047253742	0.09706433900158595	0.08958176169634544	0.14663940937373615	-0.10342148875543787	0.11154764085113111	-0.13082751065220233	-0.11781094859993557	-0.13999490143415158	-0.09866282743843457	-0.10253988869445524	-0.14792000443667286	0.01570584381959922	-0.10342148875543787	0.6201640926057143	-0.13194234908044306	0.08999533332799978	0.09821463218683545	0.04838556218620808	0.1070425376854104	0.11078663497961935	0.07318316076187054	0.06159841114794657	0.11154764085113111	-0.13194234908044306	0.16940295397864655
2.3922566937128655	0.3376652844223672	0.297687289622863	0.27996755880369206	0.5570663663426345	-2.176192666053553	0.9197986894044363	0.14488185807033604	0.3382179012462079	0.3009814876219019	0.3376652844223672	0.6490019813898791	0.3930679811314074	0.3271260334010562	0.23507698055949683	-0.8553105533886542	0.25142047810531115	0.4523942635582484	0.40323977274956274	0.14819181932672787	0.297687289622863	0.3930679811314074	0.4975934054614413	0.2971725170105899	0.25716356260469936	-0.8084108648909917	0.2700555003726294	0.3719438422072668	0.4153868497136889	0.21558749576605762	0.27996755880369206	0.3271260334010562	0.2971725170105899	1.4819017694521386	0.37204257664348905	-0.5792041836293952	0.14622508769167497	-0.056455528289817536	0.2976870504508391	0.08031252013317897	0.5570663663426345	0.23507698055949683	0.25716356260469936	0.37204257664348905	1.3526288486801255	-0.3136066279645987	-0.05150168064987967	0.28397579553946484	0.2633253752766879	0.2221995699113647	-2.176192666053553	-0.8553105533886542	-0.8084108648909917	-0.5792041836293952	-0.3136066279645987	3.9109923652434224	-0.7090412968212945	-0.28096989705159436	-0.7902174426671824	-0.9383400333510536	0.9197986894044363	0.25142047810531115	0.2700555003726294	0.14622508769167497	-0.05150168064987967	-0.7090412968212945	0.6884749771836934	0.2869975783447831	0.2625081814338172	0.006393942182273182	0.14488185807033604	0.4523942635582484	0.3719438422072668	-0.056455528289817536	0.28397579553946484	-0.28096989705159436	0.2869975783447831	1.2622814300928293	0.37958094602500375	0.30658514577635443	0.3382179012462079	0.40323977274956274	0.4153868497136889	0.2976870504508391	0.2633253752766879	-0.7902174426671824	0.2625081814338172	0.37958094602500375	0.43113352692199736	0.1959674463640409	0.3009814876219019	0.14819181932672787	0.21558749576605762	0.08031252013317897	0.2221995699113647	-0.9383400333510536	0.006393942182273182	0.30658514577635443	0.1959674463640409	0.794196486075273
3.039929142407054	0.3617602835588862	0.33796636526200613	0.32174431198412534	0.6930563991681316	-2.7035687642261728	1.142711541973253	0.09826578629963745	0.359677089617634	0.37175001757962534	0.3617602835588862	0.5463958037237846	0.4951072460240028	0.34979319927685565	0.20205451992192464	-0.9644437805214197	0.3211943894817938	0.4354966168649758	0.5016552718180408	0.1631831005516753	0.33796636526200613	0.4951072460240028	0.5397087972551762	0.34256337788577956	0.2041964587017518	-0.9615674636966409	0.3236767671408159	0.4166869573060724	0.4974563537340074	0.18561597305145472	0.32174431198412534	0.34979319927685565	0.34256337788577956	1.5932073030679665	0.4283336675889385	-0.6587681152962805	0.16208949425210734	-0.09564428188167556	0.3439326621418898	0.052871404983731884	0.6930563991681316	0.20205451992192464	0.2041964587017518	0.4283336675889385	1.8415773499325163	-0.2169434847724356	-0.1896397668082522	0.2535145761326322	0.20754932936320075	0.26701182055759093	-2.7035687642261728	-0.9644437805214197	-0.9615674636966409	-0.6587681152962805	-0.2169434847724356	4.756750206550904	-0.9541247882239903	-0.2845039883299396	-0.9540581955120991	-1.115582435600094	1.142711541973253	0.3211943894817938	0.3236767671408159	0.16208949425210734	-0.1896397668082522	-0.9541247882239903	0.8667928688524451	0.3050669797532777	0.32111262977242566	-0.04866044369424083	0.09826578629963745	0.4354966168649758	0.4166869573060724	-0.09564428188167556	0.2535145761326322	-0.2845039883299396	0.3050669797532777	1.3476504532959663	0.42030208066568353	0.3316439235948103	0.359677089617634	0.5016552718180408	0.4974563537340074	0.3439326621418898	0.20754932936320075	-0.9540581955120991	0.32111262977242566	0.42030208066568353	0.5103865633325667	0.1710412968297199	0.37175001757962534	0.1631831005516753	0.18561597305145472	0.052871404983731884	0.26701182055759093	-1.115582435600094	-0.04866044369424083	0.3316439235948103	0.1710412968297199	0.9735159310221051
2.988544834272761	0.3749431272257458	0.364528211285299	0.3390302374686279	0.7811340476468147	-2.7217380112064635	1.0807669596303633	0.12452642277156523	0.3723599840055658	0.4132087808738085	0.3749431272257458	0.5053448059666338	0.47962125761375324	0.3400697243415867	0.18575469848799067	-0.9517807266474833	0.3241109421318054	0.42206698847176605	0.4803011879985775	0.18848463362170598	0.364528211285299	0.47962125761375324	0.4982135169385303	0.3368433412492942	0.1874937149802492	-0.9479938340441508	0.3253050087505544	0.41361147188764885	0.47954808937395305	0.19778278880834854	0.3390302374686279	0.3400697243415867	0.3368433412492942	1.444485627608269	0.39991878656126534	-0.6582511778869443	0.18090932891838202	-0.02051461908163693	0.33648745524262025	0.08809758102194842	0.7811340476468147	0.18575469848799067	0.1874937149802492	0.39991878656126534	1.8593922008312178	-0.21485930682975538	-0.1531008175976784	0.24210728781366328	0.18903074739431072	0.24923403346712397	-2.7217380112064635	-0.9517807266474833	-0.9479938340441508	-0.6582511778869443	-0.21485930682975538	4.716712964109856	-0.9716738369055569	-0.3264292007358458	-0.9468689348584087	-1.1040254815066288	1.0807669596303633	0.3241109421318054	0.3253050087505544	0.18090932891838202	-0.1531008175976784	-0.9716738369055569	0.8037249641112099	0.3068192466630004	0.32323617192790344	0.005583399042836001	0.12452642277156523	0.42206698847176605	0.41361147188764885	-0.02051461908163693	0.24210728781366328	-0.3264292007358458	0.3068192466630004	1.2412198079536079	0.4134864788737415	0.31802225857437155	0.3723599840055658	0.4803011879985775	0.47954808937395305	0.33648745524262025	0.18903074739431072	-0.9468689348584087	0.32323617192790344	0.4134864788737415	0.48971102572823766	0.19103206525462468	0.4132087808738085	0.18848463362170598	0.19778278880834854	0.08809758102194842	0.24923403346712397	-1.1040254815066288	0.005583399042836001	0.31802225857437155	0.19103206525462468	0.8858298153024179
2.974944696408305	0.343432985088419	0.3206809668546634	0.31636901842559256	0.6988624895655945	-2.6246305334904947	1.1061359833272264	0.07490569619004117	0.3417794937622511	0.3557110126976988	0.343432985088419	0.5390266189634311	0.4754089494871189	0.3338602777817954	0.19676252211936018	-0.9228770462597798	0.3079665669313616	0.4295501547700219	0.4812100341462831	0.16107016616073044	0.3206809668546634	0.4754089494871189	0.5197662868299977	0.32593074041837733	0.2005430439014553	-0.916715747763087	0.3110810952965502	0.4058563588702077	0.4792339393162919	0.18461462539174867	0.31636901842559256	0.3338602777817954	0.32593074041837733	1.6271948708363984	0.42670393658313466	-0.6378822800641879	0.1504984119077405	-0.13959332748551456	0.3267955590420156	0.04722861167459458	0.6988624895655945	0.19676252211936018	0.2005430439014553	0.42670393658313466	1.815973082312479	-0.2093663000496523	-0.17527681977246934	0.2508128611065748	0.20364907958145168	0.2567317438416051	-2.6246305334904947	-0.9228770462597798	-0.916715747763087	-0.6378822800641879	-0.2093663000496523	4.596799842049572	-0.916806419773168	-0.22877224265731821	-0.9099934998373864	-1.0617078233807042	1.1061359833272264	0.3079665669313616	0.3110810952965502	0.1504984119077405	-0.17527681977246934	-0.916806419773168	0.8366153992472278	0.3013103345188978	0.30853312971901703	-0.03688970138408909	0.07490569619004117	0.4295501547700219	0.4058563588702077	-0.13959332748551456	0.2508128611065748	-0.22877224265731821	0.3013103345188978	1.4020643187519066	0.40902875815350703	0.33765400362611525	0.3417794937622511	0.4812100341462831	0.4792339393162919	0.3267955590420156	0.20364907958145168	-0.9099934998373864	0.30853312971901703	0.40902875815350703	0.4912688133484664	0.17142788651158303	0.3557110126976988	0.16107016616073044	0.18461462539174867	0.04722861167459458	0.2567317438416051	-1.0617078233807042	-0.03688970138408909	0.33765400362611525	0.17142788651158303	0.9322986580509429
2.9614492291928736	0.3445210389493935	0.30444135897648733	0.3081000084715486	0.6603927175426417	-2.5916575060519773	1.1181722597567771	0.08231127506293912	0.3428207194149348	0.3371555561987285	0.3445210389493935	0.5550124462780823	0.4773811575842814	0.3406663265569001	0.20762192484178274	-0.9250273861754184	0.30807283905794386	0.4359269036521042	0.49007247758466443	0.14807374981218402	0.30444135897648733	0.4773811575842814	0.5541485097901729	0.3298054549682956	0.2095639067952121	-0.9248346349556194	0.31259760789135527	0.4058315637700481	0.48189273625709805	0.1846527527077899	0.3081000084715486	0.3406663265569001	0.3298054549682956	1.659591293270687	0.4329686238213515	-0.6335475966936114	0.14805815466228944	-0.14542771162352064	0.3324323998152222	0.03506512656830785	0.6603927175426417	0.20762192484178274	0.2095639067952121	0.4329686238213515	1.7868006875369153	-0.21895874017587114	-0.18255227222320936	0.2570754829106709	0.21535739245041435	0.26102516860957414	-2.5916575060519773	-0.9250273861754184	-0.9248346349556194	-0.6335475966936114	-0.21895874017587114	4.583002102980223	-0.9003289681981355	-0.2382507597961816	-0.9103972687270855	-1.0732581456391581	1.1181722597567771	0.30807283905794386	0.31259760789135527	0.14805815466228944	-0.18255227222320936	-0.9003289681981355	0.8549718460927969	0.3017739415803053	0.3087022826634408	-0.05965680428408393	0.08231127506293912	0.4359269036521042	0.4058315637700481	-0.14542771162352064	0.2570754829106709	-0.2382507597961816	0.3017739415803053	1.404654934384973	0.4132292534444266	0.33627943193100474	0.3428207194149348	0.49007247758466443	0.48189273625709805	0.3324323998152222	0.21535739245041435	-0.9103972687270855	0.3087022826634408	0.4132292534444266	0.5003590991045173	0.16045858526654289	0.3371555561987285	0.14807374981218402	0.1846527527077899	0.03506512656830785	0.26102516860957414	-1.0732581456391581	-0.05965680428408393	0.33627943193100474	0.16045858526654289	0.9736158418505976
2.9712685399779275	0.4140802113368235	0.3660223296849466	0.33724541442774947	0.6597502472664959	-2.737025558622642	1.1377455400037635	0.17330415539481625	0.4113311418331928	0.39267578866344466	0.4140802113368235	0.5604796465860074	0.49864017879431444	0.3635021794476729	0.2301049727517816	-1.036206333563465	0.32649510981521523	0.44961622064283624	0.5132894844877467	0.19591478534765872	0.3660223296849466	0.49864017879431444	0.5901411304141749	0.3535935866546163	0.22859210160483218	-1.042825308916396	0.33278982450151917	0.4260899827019841	0.5010411799961485	0.23174243405579675	0.33724541442774947	0.3635021794476729	0.3535935866546163	1.5208966614021895	0.4241589332812459	-0.6933705912732143	0.17463737732122347	-0.014917094438785028	0.3567264535851917	0.09111911729844735	0.6597502472664959	0.2301049727517816	0.22859210160483218	0.4241589332812459	1.7516095814425765	-0.26945160294153037	-0.16668353012973922	0.2692916410749161	0.23585780270211829	0.26514749443449076	-2.737025558622642	-1.036206333563465	-1.042825308916396	-0.6933705912732143	-0.26945160294153037	4.910364524247107	-0.9756195101911396	-0.41135586941233115	-1.0230376342348895	-1.1888850438133738	1.1377455400037635	0.32649510981521523	0.33278982450151917	0.17463737732122347	-0.16668353012973922	-0.9756195101911396	0.8539070928294503	0.3129352645533269	0.3265771533610373	-0.021667992861511443	0.17330415539481625	0.44961622064283624	0.4260899827019841	-0.014917094438785028	0.2692916410749161	-0.41135586941233115	0.3129352645533269	1.2305335900971532	0.43580544275262045	0.3260599927470604	0.4113311418331928	0.5132894844877467	0.5010411799961485	0.3567264535851917	0.23585780270211829	-1.0230376342348895	0.3265771533610373	0.43580544275262045	0.5215865051869626	0.2043597081169417	0.39267578866344466	0.19591478534765872	0.23174243405579675	0.09111911729844735	0.26514749443449076	-1.1888850438133738	-0.021667992861511443	0.3260599927470604	0.2043597081169417	0.9569251714726584
0.20067056479617396	0.030090106116093026	0.05599371903254885	0.05598951932584355	0.08125459526488271	-0.12981908161252687	0.11770648417139279	0.06451679546086356	0.054000663227917904	0.05771566613066719	0.030090106116093026	0.23218928523750124	0.05866169060209237	0.07067844040088807	0.06353492652187816	-0.08133928945777458	0.0549915190232306	0.07568703605085872	0.054400017639404455	0.05398808410752637	0.05599371903254885	0.05866169060209237	0.10854840049006882	0.0905065577680392	0.09970970820991262	-0.04273224278078819	0.09521958035878504	0.10111815322727247	0.0887299457580434	0.0895012599877345	0.05598951932584355	0.07067844040088807	0.0905065577680392	0.3077968570210171	0.0996081005663682	-0.03557806137813721	0.09217083896159277	0.09335564694109283	0.08669354862725462	0.08705625719902321	0.08125459526488271	0.06353492652187816	0.09970970820991262	0.0996081005663682	0.18282849463130874	-0.019008673510166968	0.08495270820093889	0.1085360176451308	0.09572951237666448	0.09563883769138029	-0.12981908161252687	-0.08133928945777458	-0.04273224278078819	-0.03557806137813721	-0.019008673510166968	0.32993737575936694	0.0049234091514403985	-0.029021969951097085	-0.04552295430240654	-0.04254295458730676	0.11770648417139279	0.0549915190232306	0.09521958035878504	0.09217083896159277	0.08495270820093889	0.0049234091514403985	0.16392556016083917	0.1042430052092287	0.08964830103197045	0.08741347743497906	0.06451679546086356	0.07568703605085872	0.10111815322727247	0.09335564694109283	0.1085360176451308	-0.029021969951097085	0.1042430052092287	0.17885947817601183	0.09736210721473684	0.09830044056974882	0.054000663227917904	0.054400017639404455	0.0887299457580434	0.08669354862725462	0.09572951237666448	-0.04552295430240654	0.08964830103197045	0.09736210721473684	0.10913246008813399	0.0853760243150417	0.05771566613066719	0.05398808410752637	0.0895012599877345	0.08705625719902321	0.09563883769138029	-0.04254295458730676	0.08741347743497906	0.09830044056974882	0.0853760243150417	0.1062330179165407
0.3666477477245685	0.09891487930234963	-0.015228836880281845	0.12123697139029899	0.12564380560317884	0.0351734822674764	0.18530225730899996	0.13109702329568146	-0.16483976883294515	0.10506117530889941	0.09891487930234963	0.2839238125660869	0.00664013961003216	0.14444795669260976	0.1446989618967446	0.05421388345503505	0.03073741150171505	0.15651619633308564	-0.15624962840709186	0.12060633770376634	-0.015228836880281845	0.00664013961003216	0.7893955611314774	0.03758620747524074	0.03190760328246505	-0.05469202560953938	0.3700606247159262	0.04092244236955062	-0.13344695955067928	0.03607640794857947	0.12123697139029899	0.14444795669260976	0.03758620747524074	0.2553717532462681	0.16785132248637627	0.08460111763975223	0.06732412046562998	0.17060251983260888	-0.11725493358381008	0.14679022640477324	0.12564380560317884	0.1446989618967446	0.03190760328246505	0.16785132248637627	0.17973023152732004	0.08764469527168091	0.06053585227411194	0.1780278642791675	-0.12118062362477297	0.15168673194908375	0.0351734822674764	0.05421388345503505	-0.05469202560953938	0.08460111763975223	0.08764469527168091	0.34959860056656605	0.04504084131368296	0.09595582061296404	-0.2173162728434028	0.06552664888895876	0.18530225730899996	0.03073741150171505	0.3700606247159262	0.06732412046562998	0.06053585227411194	0.04504084131368296	0.37312829684492654	0.07891087297509139	0.019351981427086246	0.043483086025446795	0.13109702329568146	0.15651619633308564	0.04092244236955062	0.17060251983260888	0.1780278642791675	0.09595582061296404	0.07891087297509139	0.24987670297407505	-0.11172493577071002	0.15783916647043156	-0.16483976883294515	-0.15624962840709186	-0.13344695955067928	-0.11725493358381008	-0.12118062362477297	-0.2173162728434028	0.019351981427086246	-0.11172493577071002	0.7611947741970972	-0.14727645830488492	0.10506117530889941	0.12060633770376634	0.03607640794857947	0.14679022640477324	0.15168673194908375	0.06552664888895876	0.043483086025446795	0.15783916647043156	-0.14727645830488492	0.20562330762526745
0.2703968125911099	0.06275422154365093	0.049799397419897015	0.0912664137146813	0.09310963906666452	0.04050519260736617	0.1808384706348235	0.0967544006697813	-0.11392082710925726	0.07323371998798238	0.06275422154365093	0.24205794590754043	0.061869148666948495	0.09599430696355823	0.09650808283613405	0.045990746224007784	0.06293299973887372	0.10710094740579447	-0.10879709868691678	0.07324689697425912	0.049799397419897015	0.061869148666948495	0.2976887459590291	0.09121632639553975	0.09223168622489657	0.042193293949794514	0.1733970965124891	0.0969984908751603	-0.09074506040658598	0.07943935229746282	0.0912664137146813	0.09599430696355823	0.09121632639553975	0.13486945980680265	0.1267324385299933	0.07904077908559673	0.09811178440648605	0.13086055433039406	-0.07334403398200419	0.10636531558060171	0.09310963906666452	0.09650808283613405	0.09223168622489657	0.1267324385299933	0.1505025382812604	0.08059026539350693	0.09092201226182373	0.1323361603157685	-0.0699639614063288	0.10786018155808705	0.04050519260736617	0.045990746224007784	0.042193293949794514	0.07904077908559673	0.08059026539350693	0.22267159985447282	0.08526455133877996	0.08598775052498234	-0.12674837727100147	0.05961680370289684	0.1808384706348235	0.06293299973887372	0.1733970965124891	0.09811178440648605	0.09092201226182373	0.08526455133877996	0.2694792978118544	0.1098758683723651	0.030460661557003013	0.07175728971830002	0.0967544006697813	0.10710094740579447	0.0969984908751603	0.13086055433039406	0.1323361603157685	0.08598775052498234	0.1098758683723651	0.19187240291570096	-0.06576834040289618	0.11295217318527521	-0.11392082710925726	-0.10879709868691678	-0.09074506040658598	-0.07334403398200419	-0.0699639614063288	-0.12674837727100147	0.030460661557003013	-0.06576834040289618	0.5540362061973525	-0.09738682019629458	0.07323371998798238	0.07324689697425912	0.07943935229746282	0.10636531558060171	0.10786018155808705	0.05961680370289684	0.07175728971830002	0.11295217318527521	-0.09738682019629458	0.1644377609875552
0.2769025440240894	0.06460068861606162	0.06956510869274617	0.08068212843334359	0.08311142826851725	-0.045900160774504845	0.1855016394794904	0.08595113776612716	-0.057160679840427366	0.07681882194749483	0.06460068861606162	0.19045611889862704	0.09107719165452283	0.10097200666091345	0.10036969487745226	-0.018216392946155815	0.07425520929145946	0.10669506871077845	-0.03444093742224681	0.09349610760161385	0.06956510869274617	0.09107719165452283	0.17239446299221964	0.10847286059628528	0.11015328406761575	-0.006522473427375445	0.11851949332482585	0.11373829105498538	-0.019911203032907943	0.1045006216952496	0.08068212843334359	0.10097200666091345	0.10847286059628528	0.19334524778060677	0.11762381960685532	0.0057264699234363696	0.09772896964725473	0.11993772980879325	-0.012114125377987353	0.11122778437626511	0.08311142826851725	0.10036969487745226	0.11015328406761575	0.11762381960685532	0.13079307058333872	0.005960225385906451	0.0932661350100717	0.12336194154074125	-0.012244635744377088	0.11344310258436519	-0.045900160774504845	-0.018216392946155815	-0.006522473427375445	0.0057264699234363696	0.005960225385906451	0.3449864954927166	0.062406724273015204	0.011456452333623787	-0.13944048384636834	-0.0010463202936841314	0.1855016394794904	0.07425520929145946	0.11851949332482585	0.09772896964725473	0.0932661350100717	0.062406724273015204	0.23805224573535705	0.10527808082074733	0.04436118079363641	0.08805192471688353	0.08595113776612716	0.10669506871077845	0.11373829105498538	0.11993772980879325	0.12336194154074125	0.011456452333623787	0.10527808082074733	0.16667410553916967	-0.008527273140456475	0.11723705060205489	-0.057160679840427366	-0.03444093742224681	-0.019911203032907943	-0.012114125377987353	-0.012244635744377088	-0.13944048384636834	0.04436118079363641	-0.008527273140456475	0.4098757447455591	-0.020495630879531424	0.07681882194749483	0.09349610760161385	0.1045006216952496	0.11122778437626511	0.11344310258436519	-0.0010463202936841314	0.08805192471688353	0.11723705060205489	-0.020495630879531424	0.1304546293767072
0.27297829657806433	0.03848124389553545	0.04242883406898196	0.06250205988436791	0.06484521991472388	-0.04054365529431936	0.18316285271399801	0.06754722993582851	-0.027839812288058756	0.0577917683548655	0.03848124389553545	0.20525240382449295	0.06333285259677562	0.0798184008808344	0.07783510794918913	-0.018807249031420222	0.05791513165675671	0.08516376823185495	-0.01049541374021635	0.069788778560766	0.04242883406898196	0.06333285259677562	0.19303829564472896	0.08934064679353182	0.09056903235772988	-0.004533114166966055	0.12477238533731115	0.09405083241492654	0.006751461722985635	0.08466046382221785	0.06250205988436791	0.0798184008808344	0.08934064679353182	0.18140878280036976	0.10367675844587734	0.013795394792619542	0.09072417625878168	0.10593995234041584	0.019116944815587227	0.09646547793191164	0.06484521991472388	0.07783510794918913	0.09056903235772988	0.10367675844587734	0.11555306988761783	0.014306852027097411	0.08668313924460379	0.10926470683370929	0.019639548317516672	0.09858704318047494	-0.04054365529431936	-0.018807249031420222	-0.004533114166966055	0.013795394792619542	0.014306852027097411	0.285170779727886	0.06063625282125668	0.019298244337107244	-0.07921473349649043	0.006621544820727965	0.18316285271399801	0.05791513165675671	0.12477238533731115	0.09072417625878168	0.08668313924460379	0.06063625282125668	0.2432175555286306	0.09787814791405232	0.05527517748923419	0.08025222399653724	0.06754722993582851	0.08516376823185495	0.09405083241492654	0.10593995234041584	0.10926470683370929	0.019298244337107244	0.09787814791405232	0.15190899335038394	0.02325864278443634	0.10232194374903385	-0.027839812288058756	-0.01049541374021635	0.006751461722985635	0.019116944815587227	0.019639548317516672	-0.07921473349649043	0.05527517748923419	0.02325864278443634	0.2924586475620489	0.01123584002451795	0.0577917683548655	0.069788778560766	0.08466046382221785	0.09646547793191164	0.09858704318047494	0.006621544820727965	0.08025222399653724	0.10232194374903385	0.01123584002451795	0.11749834960936202
0.27377668227560426	0.03712460834289323	-0.0024756277088790572	0.05679681342656435	0.05920733886254484	-0.0345143382634821	0.17598508096480542	0.06392633205934721	0.008630139902219024	0.047472082518874824	0.03712460834289323	0.18226532975322032	0.02427797382814731	0.0792874488604764	0.07709577777039558	-0.01370713755551777	0.04681092992909735	0.08577051024952287	0.026400223103457424	0.06378531331871524	-0.0024756277088790572	0.02427797382814731	0.4227473979012681	0.04893859067953384	0.04575992158748958	-0.04440837574138194	0.21887414333770885	0.051435503273309285	0.005508933553291597	0.04112949043077024	0.05679681342656435	0.0792874488604764	0.04893859067953384	0.21943128820013227	0.09734568292038943	0.013455287074404881	0.07672827519308734	0.09970842208032332	0.049427878471079635	0.0853755702499918	0.05920733886254484	0.07709577777039558	0.04575992158748958	0.09734568292038943	0.10804380683825549	0.013511030557806933	0.07004171130368539	0.10508735417197357	0.05057623237856949	0.0882401636065809	-0.0345143382634821	-0.01370713755551777	-0.04440837574138194	0.013455287074404881	0.013511030557806933	0.2695325099590352	0.05087987992266475	0.0205657935804673	-0.03887193008012379	0.0008570629414383182	0.17598508096480542	0.04681092992909735	0.21887414333770885	0.07672827519308734	0.07004171130368539	0.05087987992266475	0.29462973178726914	0.08409970883003903	0.058924061258455285	0.058806206657650954	0.06392633205934721	0.08577051024952287	0.051435503273309285	0.09970842208032332	0.10508735417197357	0.0205657935804673	0.08409970883003903	0.15946491097136167	0.05574726201644567	0.0934823084620578	0.008630139902219024	0.026400223103457424	0.005508933553291597	0.049427878471079635	0.05057623237856949	-0.03887193008012379	0.058924061258455285	0.05574726201644567	0.20340863957594843	0.03770242620675491	0.047472082518874824	0.06378531331871524	0.04112949043077024	0.0853755702499918	0.0882401636065809	0.0008570629414383182	0.058806206657650954	0.0934823084620578	0.03770242620675491	0.11876450627558216
