0.9066118974350773	-0.1464671315839294	-0.003957069101384325	-0.22873438605157445	-0.15692202402709143	-0.04763151809693002	0.06734011757186147	-0.1464671315839294	0.5428694433100992	0.09431030587690616	-0.20237065147084643	-0.15222671325597043	0.05117762906641608	0.15918870232223603	-0.003957069101384325	0.09431030587690616	1.3452234447619804	0.8500038453449789	0.3989141200010525	1.1549487637607065	1.325353364427216	-0.22873438605157445	-0.20237065147084643	0.8500038453449789	2.037665225597163	0.98753647521751	0.8716957201436949	0.8988769526393501	-0.15692202402709143	-0.15222671325597043	0.3989141200010525	0.98753647521751	1.3485145344149942	0.3705569437672692	0.450284874725223	-0.04763151809693002	0.05117762906641608	1.1549487637607065	0.8716957201436949	0.3705569437672692	1.2527755461193182	1.1386933694853554	0.06734011757186147	0.15918870232223603	1.325353364427216	0.8988769526393501	0.450284874725223	1.1386933694853554	1.4406189092641624
1.0074016058162973	-0.11829788790413909	-0.054992928596231366	-0.27882220611895586	-0.16699084872339584	-0.1452235753496406	0.08774481720559055	-0.11829788790413909	0.5852194854090846	0.18374101015221833	-0.1646507670944555	-0.12487635641692484	0.06228448234694457	0.2995802920676446	-0.054992928596231366	0.18374101015221833	1.6898142588950127	0.8845946946741742	0.39970186366322225	1.195464286121579	1.6398572160801708	-0.27882220611895586	-0.1646507670944555	0.8845946946741742	2.1134755542821524	1.0370083767385836	0.9240239547104299	0.9693937124596527	-0.16699084872339584	-0.12487635641692484	0.39970186366322225	1.0370083767385836	1.4304869635948785	0.34110907044121536	0.4983215323709138	-0.1452235753496406	0.06228448234694457	1.195464286121579	0.9240239547104299	0.34110907044121536	1.3955718309118872	1.1496442796910618	0.08774481720559055	0.2995802920676446	1.6398572160801708	0.9693937124596527	0.4983215323709138	1.1496442796910618	1.843020089331821
0.9772057192198552	-0.13589025417325343	-0.07268527667800967	-0.2861222214620459	-0.1741498417560951	-0.1409070034580666	0.0363658183183955	-0.13589025417325343	0.5445282173931684	0.1987912007350948	-0.12545786573534226	-0.09610524821483225	0.0988931687372241	0.2843330395181777	-0.07268527667800967	0.1987912007350948	1.341692102543859	0.7642366914172013	0.3887775139973144	1.0080502549010215	1.3268125461571583	-0.2861222214620459	-0.12545786573534226	0.7642366914172013	1.970106070876062	0.9498965532895016	0.8170705970611327	0.8386939189083823	-0.1741498417560951	-0.09610524821483225	0.3887775139973144	0.9498965532895016	1.3232555146137293	0.33554240621493436	0.46340154315626664	-0.1409070034580666	0.0988931687372241	1.0080502549010215	0.8170705970611327	0.33554240621493436	1.217416892409263	0.9918015643640403	0.0363658183183955	0.2843330395181777	1.3268125461571583	0.8386939189083823	0.46340154315626664	0.9918015643640403	1.5016146750039827
0.9619730786324302	-0.15180043468226243	-0.08721082079859024	-0.2959021510320227	-0.18477542290112897	-0.13581450863250047	-0.0029619761338652317	-0.15180043468226243	0.5283402848770944	0.18088656548827825	-0.12712315970569282	-0.09912546132407893	0.10846661769148482	0.24677612322009942	-0.08721082079859024	0.18088656548827825	1.268727571309367	0.7742624622884726	0.3983275434523999	1.0241299295607555	1.2569018010949538	-0.2959021510320227	-0.12712315970569282	0.7742624622884726	1.9581703338372178	0.9392906859760397	0.8138618583489656	0.831726086302879	-0.18477542290112897	-0.09912546132407893	0.3983275434523999	0.9392906859760397	1.2950521205313161	0.35558692524168295	0.4545320128998802	-0.13581450863250047	0.10846661769148482	1.0241299295607555	0.8138618583489656	0.35558692524168295	1.1832164854444427	1.0133178439572763	-0.0029619761338652317	0.24677612322009942	1.2569018010949538	0.831726086302879	0.4545320128998802	1.0133178439572763	1.3914737739388376
0.8684209525469591	-0.16833676561487507	-0.027813447555094892	-0.2378087278796379	-0.15395001921906934	-0.053945764343432207	0.00260819409748572	-0.16833676561487507	0.4999177810543638	0.08793396345253367	-0.18089422066218683	-0.1209472087138601	0.06092839654299703	0.11499661458565395	-0.027813447555094892	0.08793396345253367	1.1115165162116671	0.7864688288261066	0.44984659440858377	0.9991069426413888	1.1055557847820165	-0.2378087278796379	-0.18089422066218683	0.7864688288261066	1.92814048812387	0.9091333781907567	0.8058594456195509	0.8088562323070507	-0.15395001921906934	-0.1209472087138601	0.44984659440858377	0.9091333781907567	1.1968453552178777	0.4223549924150441	0.4696485040746522	-0.053945764343432207	0.06092839654299703	0.9991069426413888	0.8058594456195509	0.4223549924150441	1.0832657151880591	0.9976404325901205	0.00260819409748572	0.11499661458565395	1.1055557847820165	0.8088562323070507	0.4696485040746522	0.9976404325901205	1.1568319310817479
0.5620567075025094	-0.12991642862820213	0.29775334003680076	0.13401382562657227	0.12688054180467034	0.2702348681411247	0.30510113266615513	-0.12991642862820213	0.477453397368824	-0.07648746536407935	-0.30132377793216725	-0.1614606906031284	-0.08202128733860692	-0.06692349507924858	0.29775334003680076	-0.07648746536407935	0.6215028831251321	0.4549758542157152	0.34785611612280526	0.5673510562735928	0.6137356131041347	0.13401382562657227	-0.30132377793216725	0.4549758542157152	1.5588856716922206	0.6271608055905199	0.4853218500033209	0.4658169141784759	0.12688054180467034	-0.1614606906031284	0.34785611612280526	0.6271608055905199	0.8405855229277936	0.3317157858642154	0.35555215804979334	0.2702348681411247	-0.08202128733860692	0.5673510562735928	0.4853218500033209	0.3317157858642154	0.646548273278173	0.5714402114555546	0.30510113266615513	-0.06692349507924858	0.6137356131041347	0.4658169141784759	0.35555215804979334	0.5714402114555546	0.6274922950031574
0.6857949931047996	-0.13837452801643985	0.17108753430462872	-0.0321796517106259	-0.012203011905601899	0.14050346375838355	0.18266718779600447	-0.13837452801643985	0.47871645005583013	-0.005283715882354156	-0.2501520415809126	-0.14632543455268013	-0.01986797371124258	0.008063052739659996	0.17108753430462872	-0.005283715882354156	0.8087892458867767	0.5786094544399519	0.37733633478080325	0.7358212488864431	0.8057168519880132	-0.0321796517106259	-0.2501520415809126	0.5786094544399519	1.707486696613992	0.7563410625887318	0.6062474837664849	0.591777363056288	-0.012203011905601899	-0.14632543455268013	0.37733633478080325	0.7563410625887318	1.0223097750808543	0.3569859550187868	0.38744085899564207	0.14050346375838355	-0.01986797371124258	0.7358212488864431	0.6062474837664849	0.3569859550187868	0.8207378195669899	0.73886957798087	0.18266718779600447	0.008063052739659996	0.8057168519880132	0.591777363056288	0.38744085899564207	0.73886957798087	0.8300970972593502
0.36862086280746464	-0.0021635367784281073	0.18713575407194877	0.09592237620028711	0.13298242848030525	0.19686564765184372	0.20428655947741503	-0.0021635367784281073	0.3099527858210727	0.04621336296711888	-0.08313803252482975	0.006733862548101946	0.05716515635525784	0.06457458329888119	0.18713575407194877	0.04621336296711888	0.3308704080536469	0.2070223268881842	0.22015297869137837	0.3012727239030638	0.3085118356253541	0.09592237620028711	-0.08313803252482975	0.2070223268881842	1.0981567689815555	0.3133213435086972	0.22838752440033708	0.23312433370973681	0.13298242848030525	0.006733862548101946	0.22015297869137837	0.3133213435086972	0.47389151575065835	0.2304669292141674	0.23741508580529883	0.19686564765184372	0.05716515635525784	0.3012727239030638	0.22838752440033708	0.2304669292141674	0.32117593334499356	0.31604082792172533	0.20428655947741503	0.06457458329888119	0.3085118356253541	0.23312433370973681	0.23741508580529883	0.31604082792172533	0.3349114407028928
0.7318208162210058	-0.11820077869224278	0.07508743470196812	-0.16152548388851246	-0.11121101144524745	0.03252455032816008	0.08411256747631898	-0.11820077869224278	0.44356637254474235	0.12668834013493954	-0.15572682835511747	-0.10914462735173677	0.08735647240484765	0.1345589628769099	0.07508743470196812	0.12668834013493954	0.7889995984244464	0.45330108129809044	0.250737640694561	0.6671230489074846	0.7799903797640532	-0.16152548388851246	-0.15572682835511747	0.45330108129809044	1.6171562678380558	0.7246167378027589	0.5148635226825412	0.4635098211248034	-0.11121101144524745	-0.10914462735173677	0.250737640694561	0.7246167378027589	1.0984257446859371	0.23616330552009465	0.2593398222609481	0.03252455032816008	0.08735647240484765	0.6671230489074846	0.5148635226825412	0.23616330552009465	0.8142546705140105	0.6693147860902177	0.08411256747631898	0.1345589628769099	0.7799903797640532	0.4635098211248034	0.2593398222609481	0.6693147860902177	0.7920173219016685
0.7934509975571973	-0.14061428917168317	0.011085450182773323	-0.22065172163152896	-0.1489484295470878	-0.023831956819535805	0.02079408483948754	-0.14061428917168317	0.45372996693208933	0.15486060300708254	-0.13476642462328006	-0.10090998022718432	0.11478267364906374	0.1628188222452286	0.011085450182773323	0.15486060300708254	0.8605660585665095	0.5144963585008853	0.2774902584938692	0.7416422019205408	0.8539486605185415	-0.22065172163152896	-0.13476642462328006	0.5144963585008853	1.67693396079451	0.7634617878249502	0.566206317167527	0.5243852783093198	-0.1489484295470878	-0.10090998022718432	0.2774902584938692	0.7634617878249502	1.1330338855945343	0.2617415701701626	0.28591406544860304	-0.023831956819535805	0.11478267364906374	0.7416422019205408	0.566206317167527	0.2617415701701626	0.8713278643549094	0.7433082017353679	0.02079408483948754	0.1628188222452286	0.8539486605185415	0.5243852783093198	0.28591406544860304	0.7433082017353679	0.8679593639074652
0.785853410762903	-0.13667082759619179	-0.033213115360413624	-0.23667288402169356	-0.12975851154916546	-0.07853114012506976	-0.021446766718765355	-0.13667082759619179	0.41659072898518	0.18054432556586375	-0.06508717733828588	-0.008845960786080131	0.11740215200810711	0.18944964178836338	-0.033213115360413624	0.18054432556586375	0.7009342419433799	0.4246926884315547	0.3216651875954953	0.5423481931015272	0.6876573194522356	-0.23667288402169356	-0.06508717733828588	0.4246926884315547	1.5285488758798655	0.6282358309224879	0.5143795652154035	0.4363145013514617	-0.12975851154916546	-0.008845960786080131	0.3216651875954953	0.6282358309224879	0.9176860163898468	0.27650038686403583	0.33103442428150076	-0.07853114012506976	0.11740215200810711	0.5423481931015272	0.5143795652154035	0.27650038686403583	0.7895512353619807	0.5451597155381063	-0.021446766718765355	0.18944964178836338	0.6876573194522356	0.4363145013514617	0.33103442428150076	0.5451597155381063	0.7000495237183174
0.5916957839637054	-0.0628816037746065	0.06339522461793191	-0.08826429529765821	-0.0031229846804086137	0.026029297367028616	0.08494698253120946	-0.0628816037746065	0.3527529031489146	0.11967151154221792	-0.05283040681710582	0.030564255660132503	0.08305048305351703	0.1381443672592708	0.06339522461793191	0.11967151154221792	0.47892163377409086	0.27436025471905423	0.27086540518425595	0.3534846661874029	0.4456597073523076	-0.08826429529765821	-0.05283040681710582	0.27436025471905423	1.2869090649488586	0.4361043282851841	0.37381788511329606	0.2993971199137742	-0.0031229846804086137	0.030564255660132503	0.27086540518425595	0.4361043282851841	0.6600951017619248	0.23373424704717444	0.2897898804928684	0.026029297367028616	0.08305048305351703	0.3534846661874029	0.37381788511329606	0.23373424704717444	0.6049147531964406	0.3625890255598452	0.08494698253120946	0.1381443672592708	0.4456597073523076	0.2993971199137742	0.2897898804928684	0.3625890255598452	0.4662497583368642
0.4027373459155793	0.010326480510538076	0.08992220833549593	0.010376873816042388	0.0535921705918159	0.09991304512650571	0.10704908580735377	0.010326480510538076	0.25786448562265846	0.1233724882198469	0.035992268822819855	0.07887159275439734	0.132266445038947	0.13914306216198516	0.08992220833549593	0.1233724882198469	0.28841369708115755	0.18029321387878453	0.18876223871751466	0.2598912823397582	0.26710030581361033	0.010376873816042388	0.035992268822819855	0.18029321387878453	0.8625594566231617	0.2539465508910933	0.19937326754563237	0.20216980363323328	0.0535921705918159	0.07887159275439734	0.18876223871751466	0.2539465508910933	0.43887397099897935	0.1976476169660235	0.20444919779680729	0.09991304512650571	0.132266445038947	0.2598912823397582	0.19937326754563237	0.1976476169660235	0.2842412962609071	0.2736656740332296	0.10704908580735377	0.13914306216198516	0.26710030581361033	0.20216980363323328	0.20444919779680729	0.2736656740332296	0.29018096858781
0.7183166946762313	-0.094656433207015	-0.026885006617849948	-0.12494987330631771	-0.05763248047277578	-0.02181824934289285	0.036997088322128356	-0.094656433207015	0.3561253889410712	0.1732748438516558	0.07214485642979482	0.09901627967224064	0.1764233898575837	0.22540495641232344	-0.026885006617849948	0.1732748438516558	0.45723321736725664	0.3716893886795419	0.31937227172048854	0.44272787667350083	0.4782250079203112	-0.12494987330631771	0.07214485642979482	0.3716893886795419	1.1342740445414807	0.4378923898987864	0.37880997650313036	0.43559847195588725	-0.05763248047277578	0.09901627967224064	0.31937227172048854	0.4378923898987864	0.619036472760431	0.3222194233835111	0.36336576847369595	-0.02181824934289285	0.1764233898575837	0.44272787667350083	0.37880997650313036	0.3222194233835111	0.45206712149063144	0.47854251413850496	0.036997088322128356	0.22540495641232344	0.4782250079203112	0.43559847195588725	0.36336576847369595	0.47854251413850496	0.6178900825032461
0.39868901839042226	-0.003817198369499439	0.14288206944793852	0.05858187215800354	0.10645365573442465	0.15277872268804413	0.16533757447948738	-0.003817198369499439	0.2968138488059561	0.07585187586316218	-0.034323421238074275	0.04333103020429005	0.08574539022586754	0.09887922449127504	0.14288206944793852	0.07585187586316218	0.3243874666910159	0.21777452440589085	0.2336216154489396	0.2984660173289894	0.3098005746169751	0.05858187215800354	-0.034323421238074275	0.21777452440589085	1.042704208887998	0.2969132255115552	0.23535637455092898	0.2493218393935396	0.10645365573442465	0.04333103020429005	0.2336216154489396	0.2969132255115552	0.4385579835307845	0.24286681596928503	0.25442952687170645	0.15277872268804413	0.08574539022586754	0.2984660173289894	0.23535637455092898	0.24286681596928503	0.3141417732961045	0.3170037420650436	0.16533757447948738	0.09887922449127504	0.3098005746169751	0.2493218393935396	0.25442952687170645	0.3170037420650436	0.3525733732685382
0.40325755161090265	-0.07808994814618736	0.2792361959032542	0.2386541721051649	0.2484470931263915	0.2946058941328901	0.30301121807449416	-0.07808994814618736	0.40721793572209114	-0.07691803623509932	-0.19074356071879714	-0.07602096572884944	-0.05401289803122517	-0.04810861879345752	0.2792361959032542	-0.07691803623509932	0.4217334704680839	0.3120450908906819	0.3103727435078454	0.3668332713161173	0.37527769725448645	0.2386541721051649	-0.19074356071879714	0.3120450908906819	1.128725524972184	0.3822740672021391	0.346010157620536	0.34702632513801246	0.2484470931263915	-0.07602096572884944	0.3103727435078454	0.3822740672021391	0.48599778946170913	0.32594206642174506	0.3339763019338258	0.2946058941328901	-0.05401289803122517	0.3668332713161173	0.346010157620536	0.32594206642174506	0.4027904413936665	0.3876187517629328	0.30301121807449416	-0.04810861879345752	0.37527769725448645	0.34702632513801246	0.3339763019338258	0.3876187517629328	0.40386171768143936
0.42685685002487483	-0.10313865459010127	0.3189749762805373	0.2793705639069158	0.27261235529652045	0.340314136055015	0.34757357479350254	-0.10313865459010127	0.45120479256587975	-0.1152221415034258	-0.24426935710687436	-0.11349361896190818	-0.0865465125324606	-0.07793850991602665	0.3189749762805373	-0.1152221415034258	0.4628470180574374	0.337036302717298	0.3211400111403551	0.4015605005701832	0.40877110174998676	0.2793705639069158	-0.24426935710687436	0.337036302717298	1.2368000833972363	0.43043414464239427	0.3754591695888322	0.3818951484094661	0.27261235529652045	-0.11349361896190818	0.3211400111403551	0.43043414464239427	0.5413220906437839	0.34378923627549357	0.3508207457293487	0.340314136055015	-0.0865465125324606	0.4015605005701832	0.3754591695888322	0.34378923627549357	0.4295734295504529	0.4271727350331351	0.34757357479350254	-0.07793850991602665	0.40877110174998676	0.3818951484094661	0.3508207457293487	0.4271727350331351	0.44805162963348544
0.38138490194099745	-0.0065173546116346626	0.18909964787405203	0.13343439863544124	0.11661743245142735	0.20728405235622893	0.21491269897895635	-0.0065173546116346626	0.31534785419024963	0.035975421088661606	-0.04129571595569626	-0.008083577535435017	0.05582141990883179	0.0637936920420935	0.18909964787405203	0.035975421088661606	0.3588348175223975	0.23724957697167082	0.19256049332134498	0.3132570152212784	0.32062168549138426	0.13343439863544124	-0.04129571595569626	0.23724957697167082	0.8296723763136081	0.3115448258757165	0.26377049793958934	0.270539565569363	0.11661743245142735	-0.008083577535435017	0.19256049332134498	0.3115448258757165	0.5774348203842855	0.21128202460880707	0.21857927792781667	0.20728405235622893	0.05582141990883179	0.3132570152212784	0.26377049793958934	0.21128202460880707	0.33770591382287507	0.33526966263890257	0.21491269897895635	0.0637936920420935	0.32062168549138426	0.270539565569363	0.21857927792781667	0.33526966263890257	0.3560185236739135
0.39635733501478043	0.014722879894301794	0.1761070242467248	0.090111447991166	0.1026288209919761	0.18727284139436526	0.21828665140401995	0.014722879894301794	0.32220557380295994	0.0426426153042611	-0.0672713254322644	-0.005986306729113794	0.06408708511313624	0.08571607241864099	0.1761070242467248	0.0426426153042611	0.3942007411914892	0.1652624537251397	0.1560034197675309	0.28047086980865005	0.3111792423973688	0.090111447991166	-0.0672713254322644	0.1652624537251397	1.0642728634710088	0.35851170482873507	0.2489189032441949	0.22569079678432538	0.1026288209919761	-0.005986306729113794	0.1560034197675309	0.35851170482873507	0.6224801299095519	0.17910279710601693	0.20145258016115183	0.18727284139436526	0.06408708511313624	0.28047086980865005	0.2489189032441949	0.17910279710601693	0.411755088578311	0.31108902046072556	0.21828665140401995	0.08571607241864099	0.3111792423973688	0.22569079678432538	0.20145258016115183	0.31108902046072556	0.3530402628580307
0.5279097196077736	-0.03986881536826453	0.19671628393662155	0.06403646654615953	0.07330079048003901	0.15558508723004622	0.243230752940453	-0.03986881536826453	0.3961702690640774	0.018268975552934073	-0.13265621890516152	-0.060259743367655924	0.012905395283725342	0.06442330313105095	0.19671628393662155	0.018268975552934073	0.5629315502373979	0.2615805619505161	0.20197029796843977	0.3686524195382341	0.4731796183689565	0.06403646654615953	-0.13265621890516152	0.2615805619505161	1.2481842169123583	0.49169759123213314	0.38204674447216536	0.32032811599329053	0.07330079048003901	-0.060259743367655924	0.20197029796843977	0.49169759123213314	0.819136228402181	0.1945452359682344	0.251056844934087	0.15558508723004622	0.012905395283725342	0.3686524195382341	0.38204674447216536	0.1945452359682344	0.6497680274987168	0.38846092869520876	0.243230752940453	0.06442330313105095	0.4731796183689565	0.32032811599329053	0.251056844934087	0.38846092869520876	0.5143266831350025
0.35549591640568706	0.0039389367604231035	0.18658715367482606	0.12963978352256328	0.13104566641700371	0.20123230056153182	0.2087876506608673	0.0039389367604231035	0.3000580140482445	0.043210916208662395	-0.03754672600819809	0.008183909447048658	0.05933173987450699	0.06711787984786428	0.18658715367482606	0.043210916208662395	0.3279058628426592	0.2188303132859083	0.2004236214293227	0.2900719382266926	0.29742333186421194	0.12963978352256328	-0.03754672600819809	0.2188303132859083	0.835484239384697	0.288229213842143	0.2418365112045519	0.24828425010078328	0.13104566641700371	0.008183909447048658	0.2004236214293227	0.288229213842143	0.49977608383413574	0.2153257199276196	0.22257041030304744	0.20123230056153182	0.05933173987450699	0.2900719382266926	0.2418365112045519	0.2153257199276196	0.3126074817645734	0.3094677967193972	0.2087876506608673	0.06711787984786428	0.29742333186421194	0.24828425010078328	0.22257041030304744	0.3094677967193972	0.3297449367921398
0.434665044113258	-0.005528283990396551	0.08559555065591652	0.014885228561964566	0.0494416909418616	0.09677106610385318	0.10807272372079652	-0.005528283990396551	0.2734645642738841	0.11979063241932467	0.04043945817454733	0.07472107973563827	0.12973510813094297	0.14069632035849972	0.08559555065591652	0.11979063241932467	0.31133207203219804	0.2138080131567833	0.20697778807938966	0.28484040211756273	0.29485123684474435	0.014885228561964566	0.04043945817454733	0.2138080131567833	0.8388508846777925	0.2748052223061498	0.22986627283896438	0.2409588483808091	0.0494416909418616	0.07472107973563827	0.20697778807938966	0.2748052223061498	0.4650653404132318	0.21669077299029565	0.22682578352496893	0.09677106610385318	0.12973510813094297	0.28484040211756273	0.22986627283896438	0.21669077299029565	0.30139861815933033	0.3025279400466065	0.10807272372079652	0.14069632035849972	0.29485123684474435	0.2409588483808091	0.22682578352496893	0.3025279400466065	0.332874920829388
0.6467304171022965	-0.08918818580693444	0.06438887444709193	-0.11056316277715145	-0.0318990575396163	0.019989585427289847	0.08106959998635578	-0.08918818580693444	0.38591207416710505	0.1144971008232655	-0.08764071173170851	-0.009419949085109597	0.07320490787469316	0.12871554288341047	0.06438887444709193	0.1144971008232655	0.5712339746545433	0.3440805018181096	0.2946286574801485	0.437116841148665	0.5464990946291869	-0.11056316277715145	-0.08764071173170851	0.3440805018181096	1.393281879743274	0.5273178751510592	0.43427845417096766	0.3628577408882184	-0.0318990575396163	-0.009419949085109597	0.2946286574801485	0.5273178751510592	0.7837270534649203	0.255240832992025	0.3092342776205078	0.019989585427289847	0.07320490787469316	0.437116841148665	0.43427845417096766	0.255240832992025	0.6769824669597329	0.4431772105568512	0.08106959998635578	0.12871554288341047	0.5464990946291869	0.3628577408882184	0.3092342776205078	0.4431772105568512	0.562722359896669
0.36953815602326245	-0.05483388499649916	0.2890030106985557	0.2540300294934667	0.265679459235236	0.3166074355280393	0.32388887102509956	-0.05483388499649916	0.4028869927293586	-0.0778866952724538	-0.1969501572246202	-0.06789520090876935	-0.04292127535141813	-0.03464701493621258	0.2890030106985557	-0.0778866952724538	0.4055530062864276	0.2545604868993465	0.27289684262098785	0.3310202435860715	0.33845897818585335	0.2540300294934667	-0.1969501572246202	0.2545604868993465	1.2104385355262515	0.36139824185921193	0.30577930919299434	0.3120441506550429	0.265679459235236	-0.06789520090876935	0.27289684262098785	0.36139824185921193	0.46169557608467493	0.30254275463716634	0.3096817288700913	0.3166074355280393	-0.04292127535141813	0.3310202435860715	0.30577930919299434	0.30254275463716634	0.36655844727473447	0.3638405841987476	0.32388887102509956	-0.03464701493621258	0.33845897818585335	0.3120441506550429	0.3096817288700913	0.3638405841987476	0.38449985447696167
0.44046988683531163	-0.07968527255932298	0.32371565244354183	0.24345700713880689	0.21352342302606098	0.35085536969296366	0.35996345986894523	-0.07968527255932298	0.44948092433501546	-0.09548661476889697	-0.24725187623376554	-0.12172188625947863	-0.06012562518093659	-0.04785431650645865	0.32371565244354183	-0.09548661476889697	0.49085912229808987	0.288511324225855	0.24684654668891914	0.4123120876432738	0.4214708373239282	0.24345700713880689	-0.24725187623376554	0.288511324225855	1.3417291811624084	0.4854613755137066	0.3406427962026786	0.35171511255307775	0.21352342302606098	-0.12172188625947863	0.24684654668891914	0.4854613755137066	0.67921742700942	0.2804650464962923	0.2899908578117467	0.35085536969296366	-0.06012562518093659	0.4123120876432738	0.3406427962026786	0.2804650464962923	0.4434125215989777	0.4444547182889953	0.35996345986894523	-0.04785431650645865	0.4214708373239282	0.35171511255307775	0.2899908578117467	0.4444547182889953	0.47386240682648667
0.4010590151557296	-0.03667140967011781	0.23982701811123266	0.19300879577476507	0.20060714961163895	0.2644933943021549	0.2836301711767148	-0.03667140967011781	0.38122674604625045	-0.04809387616884974	-0.1453915368041388	-0.04640408729395619	-0.008975723256133945	0.0015413612032129423	0.23982701811123266	-0.04809387616884974	0.43695027988905544	0.23931016139154654	0.24018361661306892	0.3263385569661147	0.3444610395009475	0.19300879577476507	-0.1453915368041388	0.23931016139154654	1.1400425065770006	0.38024571050120515	0.3127502186966283	0.3044864291444291	0.20060714961163895	-0.04640408729395619	0.24018361661306892	0.38024571050120515	0.542918976965249	0.26950086213347857	0.2859259709322538	0.2644933943021549	-0.008975723256133945	0.3263385569661147	0.3127502186966283	0.26950086213347857	0.41314142635782336	0.3621323503726343	0.2836301711767148	0.0015413612032129423	0.3444610395009475	0.3044864291444291	0.2859259709322538	0.3621323503726343	0.38916472625686344
0.3735624664544121	-0.04217081909486051	0.25473919555590135	0.1989725605717555	0.21952325522367586	0.2639268184236571	0.27799468287285495	-0.04217081909486051	0.3680229336423605	-0.02303166075846179	-0.14165279290632105	-0.036480219024620515	-0.011508803415357542	0.0061944606542480634	0.25473919555590135	-0.02303166075846179	0.3659273382550916	0.27992658371038215	0.2861003264814781	0.33878564999171107	0.3521591327905215	0.1989725605717555	-0.14165279290632105	0.27992658371038215	1.0891493479692065	0.33879961899763356	0.2973372061620648	0.314782121527487	0.21952325522367586	-0.036480219024620515	0.2861003264814781	0.33879961899763356	0.44529591600688995	0.29532741579503125	0.30891449056453785	0.2639268184236571	-0.011508803415357542	0.33878564999171107	0.2973372061620648	0.29532741579503125	0.35434486473173693	0.35954869222716845	0.27799468287285495	0.0061944606542480634	0.3521591327905215	0.314782121527487	0.30891449056453785	0.35954869222716845	0.4037510437508762
0.47616355558071444	-0.08106694843053347	0.3399781028964245	0.27077925739917275	0.250253334213593	0.3452534177207752	0.407977809926079	-0.08106694843053347	0.5074491585393625	-0.06898124410295793	-0.22183204121026429	-0.09856234384112578	-0.06127121603108524	0.03766071789352741	0.3399781028964245	-0.06898124410295793	0.4880363534080983	0.4005840412609868	0.347949750950046	0.46577153244858543	0.51960971835508	0.27077925739917275	-0.22183204121026429	0.4005840412609868	1.4121369015190754	0.5143011136837381	0.4131338535840609	0.511997258677285	0.250253334213593	-0.09856234384112578	0.347949750950046	0.5143011136837381	0.6403816939484392	0.3541232657984255	0.41833600948480515	0.3452534177207752	-0.06127121603108524	0.46577153244858543	0.4131338535840609	0.3541232657984255	0.476380954690836	0.5213157369637512	0.407977809926079	0.03766071789352741	0.51960971835508	0.511997258677285	0.41833600948480515	0.5213157369637512	0.7437514534186261
0.2606348681971893	0.04395716851930781	0.2286582745824913	0.15236645314150726	0.1876543158858288	0.23465338907341293	0.24525111634336613	0.04395716851930781	0.2759061530647913	0.04335602123662791	-0.07525003019044169	0.017967910835231207	0.05115489652531864	0.06267972662391023	0.2286582745824913	0.04335602123662791	0.2628163282364286	0.15559781705865738	0.1919863083955658	0.2412713288597873	0.2519244808170076	0.15236645314150726	-0.07525003019044169	0.15559781705865738	0.9930975176754069	0.23260186537909613	0.17224371751911718	0.18271379055361564	0.1876543158858288	0.017967910835231207	0.1919863083955658	0.23260186537909613	0.37115068754214486	0.1990947909539387	0.2096938426342516	0.23465338907341293	0.05115489652531864	0.2412713288597873	0.17224371751911718	0.1990947909539387	0.2590685094161881	0.2573827471506552	0.24525111634336613	0.06267972662391023	0.2519244808170076	0.18271379055361564	0.2096938426342516	0.2573827471506552	0.28766772454475975
0.24204159931928826	0.09438624632047606	0.1365862251107081	0.033152156196630096	0.11337669131751049	0.14165646627670744	0.1500432371901411	0.09438624632047606	0.19757713845565028	0.1276259003374592	0.01628162777080493	0.10408432315066544	0.13269605146256963	0.14093334168533728	0.1365862251107081	0.1276259003374592	0.20299645432892371	0.07521908443076603	0.14947982872532392	0.18164701028942187	0.1899938050660524	0.033152156196630096	0.01628162777080493	0.07521908443076603	0.9940216764974916	0.14909661211434172	0.09557379200820472	0.0970777022629145	0.11337669131751049	0.10408432315066544	0.14947982872532392	0.14909661211434172	0.2842242065732987	0.15513166333351844	0.1630743316720437	0.14165646627670744	0.13269605146256963	0.18164701028942187	0.09557379200820472	0.15513166333351844	0.20589737498742067	0.19413431978639956	0.1500432371901411	0.14093334168533728	0.1899938050660524	0.0970777022629145	0.1630743316720437	0.19413431978639956	0.21336774140641399
0.2887517671787461	0.08436559898033158	0.09479040152537538	-0.01724082956120652	0.07742936242593093	0.09826641129528388	0.11009758877852714	0.08436559898033158	0.18853636670714707	0.1615277932434288	0.0576863759377613	0.13961291696923345	0.164233785633365	0.17569171761394292	0.09479040152537538	0.1615277932434288	0.19498347110689193	0.07499273516382812	0.1537658551541113	0.17966247151528722	0.1911183472219347	-0.01724082956120652	0.0576863759377613	0.07499273516382812	0.992618566379168	0.13438953462484513	0.09009454147273921	0.09896317354281732	0.07742936242593093	0.13961291696923345	0.1537658551541113	0.13438953462484513	0.26193729683869793	0.15709492187600727	0.16838610197664033	0.09826641129528388	0.164233785633365	0.17966247151528722	0.09009454147273921	0.15709492187600727	0.19877388807330595	0.19335439921139094	0.11009758877852714	0.17569171761394292	0.1911183472219347	0.09896317354281732	0.16838610197664033	0.19335439921139094	0.22397944239679865
0.25189520443926916	0.15854430043251405	0.13346015104951514	0.08039915566883513	0.14372195453025008	0.16214056711225971	0.2390005494563891	0.15854430043251405	0.2026291094454299	0.1659407198898051	0.11530422734140179	0.17310361196360505	0.1932307570540871	0.26764790384119064	0.13346015104951514	0.1659407198898051	0.24621720209273482	0.07371185815303583	0.1482689962304247	0.17054813960111045	0.25249753155221466	0.08039915566883513	0.11530422734140179	0.07371185815303583	1.048643473866277	0.16976702211067343	0.12616048526129614	0.24553804729555567	0.14372195453025008	0.17310361196360505	0.1482689962304247	0.16976702211067343	0.2718047326475914	0.17723816367853729	0.25358561542935315	0.16214056711225971	0.1932307570540871	0.17054813960111045	0.12616048526129614	0.17723816367853729	0.20771477784521958	0.2707770603022818	0.2390005494563891	0.26764790384119064	0.25249753155221466	0.24553804729555567	0.25358561542935315	0.2707770603022818	0.5102842496873009
0.41293136848913564	0.0046387593563552015	0.1514411592811125	0.03070214248406985	0.08690360212065254	0.15530441927161476	0.1777524090069353	0.0046387593563552015	0.30563942504816455	0.0951772746368925	-0.05359585436184607	0.033925733598554345	0.0991317934052711	0.12271342665338487	0.1514411592811125	0.0951772746368925	0.3278314084533751	0.20502895899976029	0.2192939973018069	0.3133932429108148	0.3328091226855048	0.03070214248406985	-0.05359585436184607	0.20502895899976029	1.209762548265195	0.3366722111711504	0.21616311785518996	0.245801267043803	0.08690360212065254	0.033925733598554345	0.2192939973018069	0.3366722111711504	0.5010617122245995	0.223498042846307	0.244838853628857	0.15530441927161476	0.0991317934052711	0.3133932429108148	0.21616311785518996	0.223498042846307	0.324553346462477	0.3348079354150699	0.1777524090069353	0.12271342665338487	0.3328091226855048	0.245801267043803	0.244838853628857	0.3348079354150699	0.4001804159670753
0.4813604528918336	-0.03743413984603927	0.21870827159529982	0.0394725235077971	0.03513160027476772	0.21679470347757474	0.22883557678328556	-0.03743413984603927	0.3753198383903736	0.048566386650982986	-0.16579364185227877	-0.09190623891305949	0.050296917911511946	0.059566973578984016	0.21870827159529982	0.048566386650982986	0.4590460725999076	0.25036502517927123	0.1701470031186793	0.43088435336357517	0.4447858901163086	0.0394725235077971	-0.16579364185227877	0.25036502517927123	1.3341250875083754	0.5206709559951714	0.27228339903568655	0.26684391902724447	0.03513160027476772	-0.09190623891305949	0.1701470031186793	0.5206709559951714	0.8426186562649234	0.17536380029579918	0.18225107574044405	0.21679470347757474	0.050296917911511946	0.43088435336357517	0.27228339903568655	0.17536380029579918	0.46194955958502143	0.438119932848472	0.22883557678328556	0.059566973578984016	0.4447858901163086	0.26684391902724447	0.18225107574044405	0.438119932848472	0.46022506008646774
0.40964197596359203	-0.00581140411006445	0.20086887355421618	0.060761780022256795	0.0694780185519497	0.2007903855714065	0.21181848053308483	-0.00581140411006445	0.32790737391309666	0.06316784223491427	-0.10741243501045779	-0.040376227454772255	0.0659522720491134	0.0748343958093813	0.20086887355421618	0.06316784223491427	0.3693879117347493	0.20489657933472966	0.16915417925624546	0.34277632985960255	0.35482048675600464	0.060761780022256795	-0.10741243501045779	0.20489657933472966	1.1541351098337076	0.40000590349109855	0.2260793618071133	0.22203594980571395	0.0694780185519497	-0.040376227454772255	0.16915417925624546	0.40000590349109855	0.6829044738399286	0.17367908219354936	0.18144151231024475	0.2007903855714065	0.0659522720491134	0.34277632985960255	0.2260793618071133	0.17367908219354936	0.37579873581502465	0.35151632000590455	0.21181848053308483	0.0748343958093813	0.35482048675600464	0.22203594980571395	0.18144151231024475	0.35151632000590455	0.37172740930789305
0.36303632874629543	0.02209124426876566	0.17655396604275883	0.05156518993619408	0.078714679994277	0.1783236927216878	0.18761011151327045	0.02209124426876566	0.28791399484947355	0.08936352376726962	-0.06042195099546589	0.0042560342352015584	0.09199256478786234	0.10103628264587355	0.17655396604275883	0.08936352376726962	0.30674401538924667	0.1702098749035043	0.1653632978035995	0.2914241388745929	0.3005686497682578	0.05156518993619408	-0.06042195099546589	0.1702098749035043	1.0669288062990034	0.32447638726220157	0.1827147322841383	0.18738320249204632	0.078714679994277	0.0042560342352015584	0.1653632978035995	0.32447638726220157	0.5663590515507047	0.16881452779356854	0.17715966946161343	0.1783236927216878	0.09199256478786234	0.2914241388745929	0.1827147322841383	0.16881452779356854	0.3091682013726566	0.30084263914068854	0.18761011151327045	0.10103628264587355	0.3005686497682578	0.18738320249204632	0.17715966946161343	0.30084263914068854	0.3235186306971552
0.5266244787363116	-0.06300722684153948	0.2050183810748476	0.09983765186646529	0.0889804286770505	0.20875196765462017	0.24963667308736537	-0.06300722684153948	0.4126363879356628	0.024102987081114316	-0.11742067505177839	-0.05427420357125393	0.028681731864080642	0.07804700117566336	0.2050183810748476	0.024102987081114316	0.4962126408774033	0.3807391428900054	0.28417323323890636	0.4805702200127979	0.5098104534307758	0.09983765186646529	-0.11742067505177839	0.3807391428900054	1.2200264865275743	0.4937576344632595	0.3888849178507339	0.4386535093912221	0.0889804286770505	-0.05427420357125393	0.28417323323890636	0.4937576344632595	0.7491368085961023	0.2881931545551731	0.3258479895665431	0.20875196765462017	0.028681731864080642	0.4805702200127979	0.3888849178507339	0.2881931545551731	0.48977440227401986	0.5103726123899514	0.24963667308736537	0.07804700117566336	0.5098104534307758	0.4386535093912221	0.3258479895665431	0.5103726123899514	0.6304739220112505
0.47701404196230013	-0.08647730068330217	0.2901909103722529	0.193972377634684	0.17513554774548873	0.2929262022602783	0.3188094319060779	-0.08647730068330217	0.44229063117074086	-0.04828327538889556	-0.2064329105292353	-0.1013555305568358	-0.04349835457575309	-0.007611491652063778	0.2901909103722529	-0.04828327538889556	0.4809272432435196	0.3792803877483478	0.30917202741393685	0.46609462272502805	0.48722046266251695	0.193972377634684	-0.2064329105292353	0.3792803877483478	1.2779602031127304	0.4884151932630777	0.3877377080341354	0.42196971015751444	0.17513554774548873	-0.1013555305568358	0.30917202741393685	0.4884151932630777	0.6831732465014779	0.31266627914351547	0.33823116133752523	0.2929262022602783	-0.04349835457575309	0.46609462272502805	0.3877377080341354	0.31266627914351547	0.4757825670241301	0.48793840772748703	0.3188094319060779	-0.007611491652063778	0.48722046266251695	0.42196971015751444	0.33823116133752523	0.48793840772748703	0.5711636162976971
0.18244296264475246	0.16166475631558025	0.12225518774926547	0.07439974580660312	0.1343945762735483	0.16936232074582314	0.18746158921236417	0.16166475631558025	0.17977359085106967	0.11354144570058416	0.06324321465058119	0.12634670919835883	0.16084413733274977	0.17898287368189153	0.12225518774926547	0.11354144570058416	0.23738048383984836	-0.006949618001720694	0.08201593660029752	0.12309693872876833	0.14227376119295046	0.07439974580660312	0.06324321465058119	-0.006949618001720694	0.9520830206902835	0.1549018448396825	0.08567618365387022	0.10113226890830705	0.1343945762735483	0.12634670919835883	0.08201593660029752	0.1549018448396825	0.3030199449597921	0.1341728878430488	0.15208554026036022	0.16936232074582314	0.16084413733274977	0.12309693872876833	0.08567618365387022	0.1341728878430488	0.19287186573041087	0.18636943310889345	0.18746158921236417	0.17898287368189153	0.14227376119295046	0.10113226890830705	0.15208554026036022	0.18636943310889345	0.23594881266611975
0.2508388358441478	0.19772416435558074	0.08175822067932995	0.1552701058099727	0.19658870911953027	0.1984752722873549	0.278191150355628	0.19772416435558074	0.2229047455692952	0.09913410141042872	0.1712491191397425	0.21093688523954732	0.2130687453936438	0.2916305929096082	0.08175822067932995	0.09913410141042872	0.3989324860021744	-0.006599764299375643	0.09661958851704586	0.10280260884864087	0.2170919443346872	0.1552701058099727	0.1712491191397425	-0.006599764299375643	0.9875516096679904	0.18920181804316769	0.18012265359697902	0.29500728605108184	0.19658870911953027	0.21093688523954732	0.09661958851704586	0.18920181804316769	0.2438089570460132	0.2119255246599725	0.29058406707615647	0.1984752722873549	0.2130687453936438	0.10280260884864087	0.18012265359697902	0.2119255246599725	0.23109954972196395	0.2913164757315891	0.278191150355628	0.2916305929096082	0.2170919443346872	0.29500728605108184	0.29058406707615647	0.2913164757315891	0.558703470221072
0.3449021260913965	0.0759454224757733	0.09096517344860969	-0.023155331148376104	0.0535365737424635	0.0932667473262207	0.12578065813351913	0.0759454224757733	0.2119046366974453	0.18211955897577228	0.0755451620614622	0.13343739240037375	0.18366465133882612	0.21363262204846414	0.09096517344860969	0.18211955897577228	0.21783660946742625	0.10193356418044734	0.15352773954218762	0.20660753827995149	0.23616575576609647	-0.023155331148376104	0.0755451620614622	0.10193356418044734	0.9940014700763597	0.196096453571004	0.11197782398460047	0.15451661591932173	0.0535365737424635	0.13343739240037375	0.15352773954218762	0.196096453571004	0.35608819442933837	0.15594964923231205	0.1868613571047043	0.0932667473262207	0.18366465133882612	0.20660753827995149	0.11197782398460047	0.15594964923231205	0.22011788830609835	0.23689946508207343	0.12578065813351913	0.21363262204846414	0.23616575576609647	0.15451661591932173	0.1868613571047043	0.23689946508207343	0.32891253973746687
