0.11266765596361047	0.0527870783948459	-0.0013274050983802053	0.0830581942180957	0.10129172791891378	0.08889665199639685	0.08932133173149448	0.09713051886994342	-0.014561267607823024	0.07618750615371654	0.0527870783948459	0.22918500442371706	-0.013353339090561495	0.07182362190041994	0.0606077874944813	0.05283022776628897	0.049771714542924825	0.06772574806160322	-0.04872202541271305	0.037587948252418846	-0.0013274050983802053	-0.013353339090561495	0.3086280727065448	0.018460946827121603	0.09113632869335514	0.012422420952428126	0.08866308572309614	0.017949380532456663	-0.13600564873644355	0.018433193492509506	0.0830581942180957	0.07182362190041994	0.018460946827121603	0.4252734363656623	0.10520901186084303	0.08428665038010563	0.08576653948634301	0.08592866288629918	-0.007026396226390896	0.07248214612773635	0.10129172791891378	0.0606077874944813	0.09113632869335514	0.10520901186084303	0.26524442799487813	0.099272647272925	0.08140297593363369	0.10829270709831632	0.025024733346549692	0.08729257266292682	0.08889665199639685	0.05283022776628897	0.012422420952428126	0.08428665038010563	0.099272647272925	0.10018914165824833	0.08734288648245517	0.09791572558973562	-0.011271190932323507	0.07662182302311846	0.08932133173149448	0.049771714542924825	0.08866308572309614	0.08576653948634301	0.08140297593363369	0.08734288648245517	0.14167162626146118	0.09656049342082952	0.004274830115867231	0.07393152599699046	0.09713051886994342	0.06772574806160322	0.017949380532456663	0.08592866288629918	0.10829270709831632	0.09791572558973562	0.09656049342082952	0.15729536095290897	-0.0025291522984483526	0.08566001776257019	-0.014561267607823024	-0.04872202541271305	-0.13600564873644355	-0.007026396226390896	0.025024733346549692	-0.011271190932323507	0.004274830115867231	-0.0025291522984483526	0.3055401595264256	-0.024481705972374302	0.07618750615371654	0.037587948252418846	0.018433193492509506	0.07248214612773635	0.08729257266292682	0.07662182302311846	0.07393152599699046	0.08566001776257019	-0.024481705972374302	0.11874980961072866
0.12113906508995578	0.027545231355134987	0.04031820667527315	0.08606627983558972	0.13158509537196658	0.10258830094673864	0.10400592847507559	0.11165659762311822	-0.02925018248189294	0.09105844169123432	0.027545231355134987	0.38297136120149544	-0.014158816931139144	0.0884053700004521	0.03947635194329067	0.025851344852734385	0.025996523928823248	0.051254514164368804	-0.10644692661785587	0.009134328085706477	0.04031820667527315	-0.014158816931139144	0.3171642002003673	0.05632478759813212	0.24681408227271645	0.045932009308073896	0.07696050606400125	0.05215952590093427	-0.12017673168049786	0.05159849104132608	0.08606627983558972	0.0884053700004521	0.05632478759813212	0.6490714818466029	0.16123714465116887	0.08568261657612138	0.0869818855898956	0.08238072880636538	-0.016691881282435386	0.0751401953971416	0.13158509537196658	0.03947635194329067	0.24681408227271645	0.16123714465116887	0.5678754422766862	0.1251936512017977	0.09760782918301249	0.1369561507449792	0.1046298421611591	0.11365128856833673	0.10258830094673864	0.025851344852734385	0.045932009308073896	0.08568261657612138	0.1251936512017977	0.11489687053203623	0.10231641191613566	0.11104524316280115	-0.028186117481973114	0.09002974553099605	0.10400592847507559	0.025996523928823248	0.07696050606400125	0.0869818855898956	0.09760782918301249	0.10231641191613566	0.13385251927416958	0.1120634272585254	-0.017295309883235646	0.08978297956642971	0.11165659762311822	0.051254514164368804	0.05215952590093427	0.08238072880636538	0.1369561507449792	0.11104524316280115	0.1120634272585254	0.18635253109183045	-0.018580788027683065	0.10005129806388592	-0.02925018248189294	-0.10644692661785587	-0.12017673168049786	-0.016691881282435386	0.1046298421611591	-0.028186117481973114	-0.017295309883235646	-0.018580788027683065	0.3970450995721107	-0.03932833264603044	0.09105844169123432	0.009134328085706477	0.05159849104132608	0.0751401953971416	0.11365128856833673	0.09002974553099605	0.08978297956642971	0.10005129806388592	-0.03932833264603044	0.1352458311503348
0.12831771628314376	0.08286147560558875	0.0230897304951739	0.09769139839076114	0.11175147294734686	0.09796288867243833	0.09889268407151003	0.10423219932600616	-0.06698164257526086	0.07945825772018723	0.08286147560558875	0.16841225544597838	0.028357744644985885	0.08874767906218423	0.09076475551990901	0.08378072631687603	0.07956868343564097	0.0920547471387263	-0.07569339643815706	0.06308282948653621	0.0230897304951739	0.028357744644985885	0.31839323753108795	0.04422627504002378	0.11691710816362243	0.038782372449794204	0.1058606495411891	0.04460048322842555	-0.17778327731967802	0.04235232100669922	0.09769139839076114	0.08874767906218423	0.04422627504002378	0.24925359390192	0.11406652945431131	0.09928991656404565	0.09735909884866131	0.10374032553759104	-0.05229149830777361	0.0810841446270915	0.11175147294734686	0.09076475551990901	0.11691710816362243	0.11406652945431131	0.31214068542512635	0.10839730343075916	0.08224800766927008	0.11505341049777273	0.0014768691493966951	0.09047641266270859	0.09796288867243833	0.08378072631687603	0.038782372449794204	0.09928991656404565	0.10839730343075916	0.11049140692797779	0.09610911391884253	0.1056890382662909	-0.05984329141945813	0.0803644558685004	0.09889268407151003	0.07956868343564097	0.1058606495411891	0.09735909884866131	0.08224800766927008	0.09610911391884253	0.153196017996052	0.10284340427266497	-0.032088819616262476	0.07563868893811437	0.10423219932600616	0.0920547471387263	0.04460048322842555	0.10374032553759104	0.11505341049777273	0.1056890382662909	0.10284340427266497	0.1423584399852904	-0.05260028721119652	0.08732455098834863	-0.06698164257526086	-0.07569339643815706	-0.17778327731967802	-0.05229149830777361	0.0014768691493966951	-0.05984329141945813	-0.032088819616262476	-0.05260028721119652	0.43004468114844757	-0.07925488155686852	0.07945825772018723	0.06308282948653621	0.04235232100669922	0.0810841446270915	0.09047641266270859	0.0803644558685004	0.07563868893811437	0.08732455098834863	-0.07925488155686852	0.13981781040921593
0.0976937755558488	0.033154984844116636	-0.010108885715294306	0.06971045349844854	0.11288645652616226	0.07335453264516413	0.07864968909493572	0.08342291033318205	0.05297796478809748	0.03410838230131087	0.033154984844116636	0.241484942673536	-0.02918663185433912	0.05786044606226001	0.061121808666519735	0.03462304673798943	0.03761598017474138	0.05632068909771934	0.014782111493156176	-0.014136118203586083	-0.010108885715294306	-0.02918663185433912	0.2256911469222853	0.013383814151149887	0.156237353827332	0.004103687165197628	0.03987729851647037	0.010430026922020158	-0.022180551669400615	0.006203597694839267	0.06971045349844854	0.05786044606226001	0.013383814151149887	0.4071111296559902	0.12292749399125155	0.07216481231221215	0.07632171767595695	0.07302040768472608	0.05459687391789077	0.035027427703356095	0.11288645652616226	0.061121808666519735	0.156237353827332	0.12292749399125155	0.4129955999593929	0.10737689487687098	0.09012580047462142	0.1210554282082773	0.09886201826041378	0.07000548325464315	0.07335453264516413	0.03462304673798943	0.004103687165197628	0.07216481231221215	0.10737689487687098	0.08601605826589763	0.07896690432572341	0.08596820711339512	0.05575915864758048	0.03539236399405139	0.07864968909493572	0.03761598017474138	0.03987729851647037	0.07632171767595695	0.09012580047462142	0.07896690432572341	0.11234802220241731	0.09021287582141954	0.061066286866602745	0.037124276659656515	0.08342291033318205	0.05632068909771934	0.010430026922020158	0.07302040768472608	0.1210554282082773	0.08596820711339512	0.09021287582141954	0.17375974670546518	0.06616967541142052	0.048926967377086766	0.05297796478809748	0.014782111493156176	-0.022180551669400615	0.05459687391789077	0.09886201826041378	0.05575915864758048	0.061066286866602745	0.06616967541142052	0.12681674023395276	0.015552811169832745	0.03410838230131087	-0.014136118203586083	0.006203597694839267	0.035027427703356095	0.07000548325464315	0.03539236399405139	0.037124276659656515	0.048926967377086766	0.015552811169832745	0.15609178625654072
0.15523326291614195	0.042979410526273104	-0.05681723401355626	0.0631093123056436	0.10481031762795608	0.07209986168516871	0.08618587672371136	0.07824774798430795	0.025150965497168075	0.022309995931094787	0.042979410526273104	0.20740849763867503	-0.016970773074944795	0.07892944229674952	0.06870342959559664	0.05567225335084131	0.05405893938907469	0.06687622325455315	0.013601378224231561	-0.00396785154913796	-0.05681723401355626	-0.016970773074944795	0.3156181077454139	0.019907525003695553	0.09626391188877491	0.007652464226544323	0.08115866581232228	0.012474578990231373	-0.04711561478494115	0.008867155248410188	0.0631093123056436	0.07892944229674952	0.019907525003695553	0.5838416285410566	0.11552933633492803	0.07914309876634253	0.08335457467873006	0.07715645677717821	0.04367966655280535	0.03348187386363483	0.10481031762795608	0.06870342959559664	0.09626391188877491	0.11552933633492803	0.3275002823680379	0.10111550563190073	0.0750006764929052	0.10850747358138264	0.07343442407400406	0.054629499279196914	0.07209986168516871	0.05567225335084131	0.007652464226544323	0.07914309876634253	0.10111550563190073	0.09353653489442097	0.08523948548888946	0.09281812532949354	0.04430886343584315	0.034027246070000836	0.08618587672371136	0.05405893938907469	0.08115866581232228	0.08335457467873006	0.0750006764929052	0.08523948548888946	0.15123011397436154	0.09276071471964945	0.05145229267724848	0.03110443509355077	0.07824774798430795	0.06687622325455315	0.012474578990231373	0.07715645677717821	0.10850747358138264	0.09281812532949354	0.09276071471964945	0.14375640731422953	0.05103185349860596	0.0427563294276792	0.025150965497168075	0.013601378224231561	-0.04711561478494115	0.04367966655280535	0.07343442407400406	0.04430886343584315	0.05145229267724848	0.05103185349860596	0.18214811324685576	-0.008760423252355523	0.022309995931094787	-0.00396785154913796	0.008867155248410188	0.03348187386363483	0.054629499279196914	0.034027246070000836	0.03110443509355077	0.0427563294276792	-0.008760423252355523	0.17553927636726208
0.09696868085730628	0.006993692050804648	0.004582430255705417	0.05867711036666705	0.11590785160809541	0.07330854164792511	0.07936495309276109	0.08606431129289288	0.04577810688237487	0.04546488892660717	0.006993692050804648	0.34730482006844593	-0.03922337819171263	0.07360851268294395	0.03730713940704199	0.008267127097348025	0.012589248455446747	0.048842290312793586	-0.018199076820012344	-0.03145044926690072	0.004582430255705417	-0.03922337819171263	0.1869130280877794	0.020780582750327497	0.14665462431878154	0.017334151523591856	0.040176334030427245	0.023869682825378758	-0.017528797813265263	0.017219553428202534	0.05867711036666705	0.07360851268294395	0.020780582750327497	0.6945557699297958	0.12760900174872192	0.06163061669486709	0.06688481994220813	0.048934619123702706	0.040236119968079756	0.03563108170649436	0.11590785160809541	0.03730713940704199	0.14665462431878154	0.12760900174872192	0.38037484501840124	0.11044006364022067	0.10097078320093417	0.12910593613699656	0.09850613709131772	0.08045939444827889	0.07330854164792511	0.008267127097348025	0.017334151523591856	0.06163061669486709	0.11044006364022067	0.08775519128555748	0.08037702861546396	0.0892081684780654	0.04914207491439106	0.0468666304097226	0.07936495309276109	0.012589248455446747	0.040176334030427245	0.06688481994220813	0.10097078320093417	0.08037702861546396	0.10352771821766155	0.09481421657802007	0.05564762095441332	0.05007717549433388	0.08606431129289288	0.048842290312793586	0.023869682825378758	0.048934619123702706	0.12910593613699656	0.0892081684780654	0.09481421657802007	0.22503514246872025	0.062263303975343916	0.06407765786969327	0.04577810688237487	-0.018199076820012344	-0.017528797813265263	0.040236119968079756	0.09850613709131772	0.04914207491439106	0.05564762095441332	0.062263303975343916	0.13938434640268166	0.020536675471509207	0.04546488892660717	-0.03145044926690072	0.017219553428202534	0.03563108170649436	0.08045939444827889	0.0468666304097226	0.05007717549433388	0.06407765786969327	0.020536675471509207	0.14656860091612187
0.09944400951093757	0.008197852199041171	0.056970641797985444	0.06454454852999864	0.14907130136642743	0.06984753397353619	0.08277985293821298	0.09123674211400648	0.006149002134071702	0.07450835799429463	0.008197852199041171	0.3584235830221617	-0.003411461625171326	0.08602754144218516	0.05344592757276962	0.00020918159491703503	0.012200565737994471	0.051099392988446554	-0.06113295856196871	0.0018934877247067962	0.056970641797985444	-0.003411461625171326	0.15214151668366663	0.05936373454705713	0.18427595902159954	0.052510536028534574	0.07034374347583013	0.07286522862938988	-0.014726631501037778	0.06170136317039367	0.06454454852999864	0.08602754144218516	0.05936373454705713	0.7822874567670552	0.17225868164013877	0.05981016266517976	0.06880164678615652	0.05084870949989173	0.015391831726584527	0.06172180961445853	0.14907130136642743	0.05344592757276962	0.18427595902159954	0.17225868164013877	0.5099726388254684	0.13772960030661402	0.12373588933539996	0.16221918787620768	0.13510676404270944	0.12813953366682818	0.06984753397353619	0.00020918159491703503	0.052510536028534574	0.05981016266517976	0.13772960030661402	0.10613189450997619	0.07621063742639689	0.08597916898091301	0.000790914088733771	0.06810921581417206	0.08277985293821298	0.012200565737994471	0.07034374347583013	0.06880164678615652	0.12373588933539996	0.07621063742639689	0.09896611225156668	0.09822140786591094	0.016626341801560553	0.07913446967938154	0.09123674211400648	0.051099392988446554	0.07286522862938988	0.05084870949989173	0.16221918787620768	0.08597916898091301	0.09822140786591094	0.23232289211064472	0.0230119182742992	0.09068209508489879	0.006149002134071702	-0.06113295856196871	-0.014726631501037778	0.015391831726584527	0.13510676404270944	0.000790914088733771	0.016626341801560553	0.0230119182742992	0.23202293768740898	0.006711054504832326	0.07450835799429463	0.0018934877247067962	0.06170136317039367	0.06172180961445853	0.12813953366682818	0.06810921581417206	0.07913446967938154	0.09068209508489879	0.006711054504832326	0.10293584871407928
0.19106393113618503	0.10776673260516592	0.03588839048762605	0.10654365316357371	0.1408689792174857	0.1372290303658772	0.13191045844182428	0.1432201079592053	-0.14306412271771407	0.08995778878502982	0.10776673260516592	0.2578842102584592	0.04653331427917365	0.1329003154652954	0.10056557374433947	0.10987896711251002	0.09804438453095429	0.11959936289099235	-0.15461409761272704	0.055324366500561876	0.03588839048762605	0.04653331427917365	0.43952930704936655	0.0777253920557579	0.181750292197224	0.06884877385877766	0.13372126595459882	0.07312677309479647	-0.2872630497409457	0.07912747870957512	0.10654365316357371	0.1329003154652954	0.0777253920557579	0.9739073123005598	0.16772009959488535	0.11219121437351476	0.11101336218420507	0.10543159329385143	-0.07775755826615394	0.0752759601494316	0.1408689792174857	0.10056557374433947	0.181750292197224	0.16772009959488535	0.44363453886320914	0.1320613637758779	0.09263186909296178	0.1387282738120385	0.0001153282635375924	0.09286685743059316	0.1372290303658772	0.10987896711251002	0.06884877385877766	0.11219121437351476	0.1320613637758779	0.1477088946324868	0.12849410548960277	0.14622374787415293	-0.12419476580007807	0.09184608933303198	0.13191045844182428	0.09804438453095429	0.13372126595459882	0.11101336218420507	0.09263186909296178	0.12849410548960277	0.18349248550704134	0.13525207742465917	-0.09163963507656324	0.07933595121212265	0.1432201079592053	0.11959936289099235	0.07312677309479647	0.10543159329385143	0.1387282738120385	0.14622374787415293	0.13525207742465917	0.19077240140416804	-0.11770455132050006	0.09960764194717503	-0.14306412271771407	-0.15461409761272704	-0.2872630497409457	-0.07775755826615394	0.0001153282635375924	-0.12419476580007807	-0.09163963507656324	-0.11770455132050006	0.7176457954577451	-0.17729845214322995	0.08995778878502982	0.055324366500561876	0.07912747870957512	0.0752759601494316	0.09286685743059316	0.09184608933303198	0.07933595121212265	0.09960764194717503	-0.17729845214322995	0.22311901251238056
0.15367984609914281	-0.0029513571679308966	0.10930024405394811	0.10922966711269025	0.15743443925863745	0.13938969250795816	0.14013440109740516	0.15040367999377127	-0.11505339092562722	0.13774794794308934	-0.0029513571679308966	0.6949801489613321	-0.01938849966785336	0.1014355505200403	-0.013007663799888582	-0.008659480068460243	-0.011370701624203044	0.06011939902352344	-0.27151488061240014	-0.014952118589804792	0.10930024405394811	-0.01938849966785336	0.2933079319944242	0.0934727629549649	0.21428668965380906	0.10609553237644156	0.14043523444114708	0.11475345818625085	-0.18098751757124878	0.11126860783238413	0.10922966711269025	0.1014355505200403	0.0934727629549649	0.6351691838605139	0.1672572565447977	0.10589439198532112	0.10611052203203007	0.10053913830749367	-0.09602251636450068	0.10350086293188329	0.15743443925863745	-0.013007663799888582	0.21428668965380906	0.1672572565447977	0.5917467762212019	0.153141940094959	0.09463803614282795	0.16874520254791692	0.10502348850974869	0.14736366837831796	0.13938969250795816	-0.008659480068460243	0.10609553237644156	0.10589439198532112	0.153141940094959	0.15880881343937286	0.13584205187446302	0.14682576261144342	-0.1186564181022576	0.1338026081699751	0.14013440109740516	-0.011370701624203044	0.14043523444114708	0.10611052203203007	0.09463803614282795	0.13584205187446302	0.19077840046431327	0.14914513417821962	-0.07723199090823414	0.13202682567247204	0.15040367999377127	0.06011939902352344	0.11475345818625085	0.10053913830749367	0.16874520254791692	0.14682576261144342	0.14914513417821962	0.2794417183336727	-0.10626805609325272	0.14560752326845972	-0.11505339092562722	-0.27151488061240014	-0.18098751757124878	-0.09602251636450068	0.10502348850974869	-0.1186564181022576	-0.07723199090823414	-0.10626805609325272	0.6915357401391127	-0.11744558199435477	0.13774794794308934	-0.014952118589804792	0.11126860783238413	0.10350086293188329	0.14736366837831796	0.1338026081699751	0.13202682567247204	0.14560752326845972	-0.11744558199435477	0.16288208911959184
0.13955854371153223	0.08492852757282232	0.015828539303386645	0.10851298512033121	0.11831360028242484	0.10877957492059102	0.10392108344263841	0.11462529607732265	-0.06712400370252011	0.07066851640811637	0.08492852757282232	0.21387161029829724	0.006358516756233695	0.09153854365269752	0.09354953100363106	0.08705905828862404	0.06779147750816346	0.09625325733184768	-0.08797378743909971	0.04359223101270184	0.015828539303386645	0.006358516756233695	0.45654348179333826	0.03224824786695516	0.05662992046009366	0.026768839080157134	0.21194584781709272	0.03284178209710962	-0.15251338295725303	0.028139012497453333	0.10851298512033121	0.09153854365269752	0.03224824786695516	0.20396901071966728	0.12095795943050612	0.11112142807379358	0.09744783575088035	0.11574662472468161	-0.05607755529169809	0.07344542419389413	0.11831360028242484	0.09354953100363106	0.05662992046009366	0.12095795943050612	0.26705664554389225	0.11918784584464363	0.06440331067406117	0.12525952183440744	-0.02897523785396758	0.08357341340756975	0.10877957492059102	0.08705905828862404	0.026768839080157134	0.11112142807379358	0.11918784584464363	0.12060114504871418	0.09530075073959884	0.11726179032016962	-0.06144992451852037	0.07281042665311624	0.10392108344263841	0.06779147750816346	0.21194584781709272	0.09744783575088035	0.06440331067406117	0.09530075073959884	0.24111241394551708	0.10286377174647053	0.009175701134670165	0.052697243347006435	0.11462529607732265	0.09625325733184768	0.03284178209710962	0.11574662472468161	0.12525952183440744	0.11726179032016962	0.10286377174647053	0.1577642473780427	-0.054273032067083476	0.07999894793146786	-0.06712400370252011	-0.08797378743909971	-0.15251338295725303	-0.05607755529169809	-0.02897523785396758	-0.06144992451852037	0.009175701134670165	-0.054273032067083476	0.47277332956827534	-0.10414799002191188	0.07066851640811637	0.04359223101270184	0.028139012497453333	0.07344542419389413	0.08357341340756975	0.07281042665311624	0.052697243347006435	0.07999894793146786	-0.10414799002191188	0.18264666557981737
0.10620888554606542	-0.0015896257437439595	0.0421883551672793	0.07993244045089454	0.13082378901091976	0.09271562547977688	0.09865934957910416	0.10265393572330603	0.010597288149046312	0.07277755684469672	-0.0015896257437439595	0.46114901359864624	-0.03861454655589079	0.06023219184618423	0.01965713999359596	-0.004014149646978372	-0.000767801922416711	0.03609896615687813	-0.08706397196761677	-0.036042046182577524	0.0421883551672793	-0.03861454655589079	0.23460029434772356	0.04488490207313284	0.17309927430759697	0.043368745868643026	0.0844923642102048	0.050378436452952965	-0.05614387448464331	0.04380675083220096	0.07993244045089454	0.06023219184618423	0.04488490207313284	0.5092988395130711	0.1399841453980277	0.07882797049127556	0.08446179964429065	0.07660625038633004	0.00946511822975989	0.05946341085949424	0.13082378901091976	0.01965713999359596	0.17309927430759697	0.1399841453980277	0.4680063025866587	0.12698233909162032	0.09365067820692025	0.14075140712954345	0.09714004254313414	0.10544415855265339	0.09271562547977688	-0.004014149646978372	0.043368745868643026	0.07882797049127556	0.12698233909162032	0.10573010542441094	0.09632274218414497	0.10149784397631129	0.009889114278105095	0.07110672548481263	0.09865934957910416	-0.000767801922416711	0.0844923642102048	0.08446179964429065	0.09365067820692025	0.09632274218414497	0.14492434442879826	0.1079676582951746	0.026757573312245642	0.07322773278282992	0.10265393572330603	0.03609896615687813	0.050378436452952965	0.07660625038633004	0.14075140712954345	0.10149784397631129	0.1079676582951746	0.20458582004338172	0.02008773145991991	0.08318857312329152	0.010597288149046312	-0.08706397196761677	-0.05614387448464331	0.00946511822975989	0.09714004254313414	0.009889114278105095	0.026757573312245642	0.02008773145991991	0.2693962297844105	-0.009595073890450605	0.07277755684469672	-0.036042046182577524	0.04380675083220096	0.05946341085949424	0.10544415855265339	0.07110672548481263	0.07322773278282992	0.08318857312329152	-0.009595073890450605	0.14967558471904938
0.1544628497812475	0.07723318141991002	0.049410171853332185	0.10895644644404456	0.13654732316222173	0.13081320338569863	0.12846354641583532	0.14086821230559138	-0.08629925341061087	0.08091544318076965	0.07723318141991002	0.34870736902713545	0.018467089735413982	0.11688361933881657	0.07299091729785995	0.07700642972238322	0.07250711818863971	0.10263955304640805	-0.13696487037532884	0.013579043133562754	0.049410171853332185	0.018467089735413982	0.3632068587283522	0.06379498426943128	0.19135489134771308	0.06178027684496454	0.10544587679936374	0.06662716367911406	-0.2361601382555678	0.07066417619121931	0.10895644644404456	0.11688361933881657	0.06379498426943128	0.6917555987135338	0.15175538901910973	0.11021046392271713	0.10977200164998571	0.10277771591153512	-0.06210556415535248	0.06620517221009282	0.13654732316222173	0.07299091729785995	0.19135489134771308	0.15175538901910973	0.43867698486593243	0.13163063353560445	0.10637603442808066	0.14495972643145089	0.03551631389827371	0.08900949361389758	0.13081320338569863	0.07700642972238322	0.06178027684496454	0.11021046392271713	0.13163063353560445	0.1399891868448222	0.12713961505682386	0.14163167987703382	-0.08026990889908447	0.08077185322987686	0.12846354641583532	0.07250711818863971	0.10544587679936374	0.10977200164998571	0.10637603442808066	0.12713961505682386	0.16473482416816312	0.13864672747421095	-0.05986236896715394	0.0753492351316676	0.14086821230559138	0.10263955304640805	0.06662716367911406	0.10277771591153512	0.14495972643145089	0.14163167987703382	0.13864672747421095	0.23758692959114483	-0.07015904286465899	0.09489839323952597	-0.08629925341061087	-0.13696487037532884	-0.2361601382555678	-0.06210556415535248	0.03551631389827371	-0.08026990889908447	-0.05986236896715394	-0.07015904286465899	0.5883901479505704	-0.13378190905621815	0.08091544318076965	0.013579043133562754	0.07066417619121931	0.06620517221009282	0.08900949361389758	0.08077185322987686	0.0753492351316676	0.09489839323952597	-0.13378190905621815	0.225603975356273
0.15184882820386014	0.1037237578560883	0.06711495281154616	0.1115056913167021	0.13025299180362532	0.12871013483782134	0.12648991827819203	0.13477870154203747	-0.13549658681358057	0.10245970854806381	0.1037237578560883	0.2330913445254327	0.05813044374324356	0.12073172339947888	0.09670378880312386	0.10215947660269573	0.09796215649391465	0.11053290502538492	-0.15577502310898853	0.07195344437479695	0.06711495281154616	0.05813044374324356	0.3624194549117953	0.07875031110724276	0.18555400337054143	0.07545574518079531	0.11524473636491678	0.08159669287361629	-0.2854842900510148	0.08171636092406624	0.1115056913167021	0.12073172339947888	0.07875031110724276	0.7726739521321726	0.15418596937468454	0.11162845254631587	0.11219174154902566	0.1106630853206955	-0.09308037592666618	0.08981880747724785	0.13025299180362532	0.09670378880312386	0.18555400337054143	0.15418596937468454	0.40808326733998473	0.12499537941429709	0.10177826189221119	0.13079824852380723	0.001482559764279509	0.10075115606132279	0.12871013483782134	0.10215947660269573	0.07545574518079531	0.11162845254631587	0.12499537941429709	0.14104441713221483	0.12390007961815398	0.13369599607407656	-0.13080173532152106	0.1009319691364824	0.12648991827819203	0.09796215649391465	0.11524473636491678	0.11219174154902566	0.10177826189221119	0.12390007961815398	0.15888940691825765	0.13003766911899334	-0.10435284194778571	0.09604700731538558	0.13477870154203747	0.11053290502538492	0.08159669287361629	0.1106630853206955	0.13079824852380723	0.13369599607407656	0.13003766911899334	0.1654959552977589	-0.123375982788481	0.10767002086254418	-0.13549658681358057	-0.15577502310898853	-0.2854842900510148	-0.09308037592666618	0.001482559764279509	-0.13080173532152106	-0.10435284194778571	-0.123375982788481	0.6738293497206873	-0.15777703094765547	0.10245970854806381	0.07195344437479695	0.08171636092406624	0.08981880747724785	0.10075115606132279	0.1009319691364824	0.09604700731538558	0.10767002086254418	-0.15777703094765547	0.1826018730675429
0.1651266462344421	0.07292224265429322	0.10791841770304308	0.11927828741424346	0.15157366131154643	0.1471350253686178	0.1493913393182365	0.1601929745429871	-0.1466819163041892	0.10545168421297481	0.07292224265429322	0.4640744266430425	0.04166099665637234	0.13044676126332821	0.04785108537675929	0.07022863068980065	0.07232881349602181	0.11366811238645758	-0.22898352993315801	0.0093043580612478	0.10791841770304308	0.04166099665637234	0.3220316681264949	0.10966666301245653	0.29186320468785315	0.10901641189664407	0.11992882711343714	0.11917779213826155	-0.2049151321935924	0.10383930311790504	0.11927828741424346	0.13044676126332821	0.10966666301245653	0.7353734963040938	0.2039142952325308	0.11763556899817154	0.11816770416891896	0.10777588188222534	-0.08596163191038926	0.07842164900380069	0.15157366131154643	0.04785108537675929	0.29186320468785315	0.2039142952325308	0.7505524358414779	0.14224190135718914	0.11730512308614574	0.16649258657071678	0.24656336928282174	0.09427109649929481	0.1471350253686178	0.07022863068980065	0.10901641189664407	0.11763556899817154	0.14224190135718914	0.16155621077435375	0.14724231280221334	0.15878294577871868	-0.1461911727357145	0.10291124958977577	0.1493913393182365	0.07232881349602181	0.11992882711343714	0.11816770416891896	0.11730512308614574	0.14724231280221334	0.16550998636892192	0.16104963750716036	-0.1352366767442402	0.10289213563871107	0.1601929745429871	0.11366811238645758	0.11917779213826155	0.10777588188222534	0.16649258657071678	0.15878294577871868	0.16104963750716036	0.29078847930658785	-0.1310738305422454	0.12140468369909412	-0.1466819163041892	-0.22898352993315801	-0.2049151321935924	-0.08596163191038926	0.24656336928282174	-0.1461911727357145	-0.1352366767442402	-0.1310738305422454	0.8433828811158064	-0.18355178605288774	0.10545168421297481	0.0093043580612478	0.10383930311790504	0.07842164900380069	0.09427109649929481	0.10291124958977577	0.10289213563871107	0.12140468369909412	-0.18355178605288774	0.24707867031172318
0.1434688671676886	0.022073846786437437	0.09165620024452095	0.09912163964782146	0.14831360633238838	0.12739799531850693	0.12999085631318585	0.13977920299934393	-0.09631258536111718	0.1189909534193972	0.022073846786437437	0.5386823276184952	0.0007019293878699306	0.11150472624523518	0.018396583639488956	0.01840185224296663	0.02011143764440435	0.07118375173989125	-0.20781567038796256	0.0031860241053070742	0.09165620024452095	0.0007019293878699306	0.28881655583435817	0.08605008403240101	0.2425792664440346	0.09178055217468467	0.11005335024087305	0.1003482279665117	-0.1693799817714975	0.09509919817052699	0.09912163964782146	0.11150472624523518	0.08605008403240101	0.7215081560800457	0.17439487031859952	0.09720843860049955	0.09885752635413415	0.08833876970134685	-0.06905158856138208	0.08864022538968853	0.14831360633238838	0.018396583639488956	0.2425792664440346	0.17439487031859952	0.592135426567516	0.14223264237672487	0.11595954474405762	0.16163884847305487	0.13742479108924105	0.12952826456521715	0.12739799531850693	0.01840185224296663	0.09178055217468467	0.09720843860049955	0.14223264237672487	0.14305018397422156	0.12714392083647932	0.1377543218354359	-0.09690167524034694	0.1164129782038192	0.12999085631318585	0.02011143764440435	0.11005335024087305	0.09885752635413415	0.11595954474405762	0.12714392083647932	0.1525092531449907	0.14064768149947238	-0.08008472500149565	0.11747548981134462	0.13977920299934393	0.07118375173989125	0.1003482279665117	0.08833876970134685	0.16163884847305487	0.1377543218354359	0.14064768149947238	0.2669443001002831	-0.08419140249255812	0.13033257414925248	-0.09631258536111718	-0.20781567038796256	-0.1693799817714975	-0.06905158856138208	0.13742479108924105	-0.09690167524034694	-0.08008472500149565	-0.08419140249255812	0.6163444165263219	-0.102905470916328	0.1189909534193972	0.0031860241053070742	0.09509919817052699	0.08864022538968853	0.12952826456521715	0.1164129782038192	0.11747548981134462	0.13033257414925248	-0.102905470916328	0.16097154555185078
0.12746169065834007	0.0182028021937007	0.052431553744985177	0.08576487347336813	0.147855613260913	0.10825686501884141	0.11057639344382737	0.12027354956335258	-0.022621393951730944	0.08241167621056457	0.0182028021937007	0.4635318193065245	-0.019469710314783326	0.10030970947428487	0.035770941263401204	0.01698243555438144	0.018533119080154297	0.06402973900177308	-0.11466267709368932	-0.022309286394488745	0.052431553744985177	-0.019469710314783326	0.29560659129354244	0.06581108917613619	0.2719407416609483	0.058099601062093525	0.07682838647778857	0.06493029057764907	-0.09670867717527773	0.06079275727445976	0.08576487347336813	0.10030970947428487	0.06581108917613619	0.7270150271136187	0.18209855152952265	0.08567655763368556	0.0869247607557839	0.07460057316872043	-0.009414245203834886	0.06156105208571278	0.147855613260913	0.035770941263401204	0.2719407416609483	0.18209855152952265	0.6317393773996609	0.13938042879651555	0.1157221160927564	0.16011061206510527	0.14265651648760946	0.11328954670009017	0.10825686501884141	0.01698243555438144	0.058099601062093525	0.08567655763368556	0.13938042879651555	0.12020831099088071	0.10965878508201762	0.1204851440157497	-0.02081280847639258	0.0816681263164441	0.11057639344382737	0.018533119080154297	0.07682838647778857	0.0869247607557839	0.1157221160927564	0.10965878508201762	0.13277621228769415	0.12283122059864612	-0.012445830109646555	0.08202898882404647	0.12027354956335258	0.06402973900177308	0.06493029057764907	0.07460057316872043	0.16011061206510527	0.1204851440157497	0.12283122059864612	0.2521358084981039	-0.00852705837816773	0.09709465240051883	-0.022621393951730944	-0.11466267709368932	-0.09670867717527773	-0.009414245203834886	0.14265651648760946	-0.02081280847639258	-0.012445830109646555	-0.00852705837816773	0.40460652413050596	-0.04608987081622644	0.08241167621056457	-0.022309286394488745	0.06079275727445976	0.06156105208571278	0.11328954670009017	0.0816681263164441	0.08202898882404647	0.09709465240051883	-0.04608987081622644	0.17291027625491354
0.19679326673317854	0.11041003239481653	0.10476840788658276	0.13318554947408043	0.13231106318485344	0.17870076467442905	0.17284961863530657	0.1891804741317299	-0.22544697224062235	0.13387734224826559	0.11041003239481653	0.4503526932064314	0.05751981218477965	0.15979699880322912	0.050082877991361484	0.10841943412356973	0.10201568361031885	0.13810337401580242	-0.29782493949098	0.04934341983846602	0.10476840788658276	0.05751981218477965	0.5137714619541722	0.11649479484354044	0.327560604840093	0.1106385107759919	0.1427406623932654	0.11572355050679126	-0.3972862296526552	0.12994948653943555	0.13318554947408043	0.15979699880322912	0.11649479484354044	0.8688402009698152	0.19519016822285953	0.13248813526858252	0.12875683612550337	0.12117068359751121	-0.14440264641010084	0.09578543486720688	0.13231106318485344	0.050082877991361484	0.327560604840093	0.19519016822285953	0.6991291444733124	0.12608040657589847	0.0929350272854301	0.14112665104512628	0.12697365900600938	0.09802242463480405	0.17870076467442905	0.10841943412356973	0.1106385107759919	0.13248813526858252	0.12608040657589847	0.18798284312327398	0.17081629501339235	0.18801416130553453	-0.22241774066950373	0.1322136551222764	0.17284961863530657	0.10201568361031885	0.1427406623932654	0.12875683612550337	0.0929350272854301	0.17081629501339235	0.2003468264063926	0.18220813513928996	-0.20114971239714088	0.12503402833248467	0.1891804741317299	0.13810337401580242	0.11572355050679126	0.12117068359751121	0.14112665104512628	0.18801416130553453	0.18220813513928996	0.2866529838595189	-0.21100228878668717	0.14606845827021278	-0.22544697224062235	-0.29782493949098	-0.3972862296526552	-0.14440264641010084	0.12697365900600938	-0.22241774066950373	-0.20114971239714088	-0.21100228878668717	1.1084142238914427	-0.26942670323387574	0.13387734224826559	0.04934341983846602	0.12994948653943555	0.09578543486720688	0.09802242463480405	0.1322136551222764	0.12503402833248467	0.14606845827021278	-0.26942670323387574	0.2622420439392
0.19658395015738994	0.15878423398668368	0.09883046972404229	0.14713241135463268	0.1279074453039478	0.17743052120530917	0.16956375554754238	0.18367329101786717	-0.24382337330420106	0.1197476061076889	0.15878423398668368	0.2622876241044507	0.09200411401298993	0.15438756420948666	0.09902084906620479	0.1561894889709977	0.14747107200079485	0.16441819506933783	-0.2615978683409514	0.09287387371573125	0.09883046972404229	0.09200411401298993	0.5412762149365251	0.1183052160447256	0.3090860779890549	0.10370501248022901	0.14600916998507874	0.11007049395860324	-0.44640359585385575	0.13051130055425314	0.14713241135463268	0.15438756420948666	0.1183052160447256	0.8128406202793651	0.19146438113785874	0.14582277466348542	0.14118259000915698	0.1442457263932239	-0.1578364798027711	0.10077128234683717	0.1279074453039478	0.09902084906620479	0.3090860779890549	0.19146438113785874	0.6516633097423359	0.12203988263835534	0.08639012811165878	0.12805918284224693	0.07899626742843426	0.08553630624841098	0.17743052120530917	0.1561894889709977	0.10370501248022901	0.14582277466348542	0.12203988263835534	0.18944688141839883	0.16654920512960347	0.181391151993202	-0.24204095532531592	0.11714896066036935	0.16956375554754238	0.14747107200079485	0.14600916998507874	0.14118259000915698	0.08639012811165878	0.16654920512960347	0.20108875459135156	0.1729139848389341	-0.21475261464438664	0.10824339977725236	0.18367329101786717	0.16441819506933783	0.11007049395860324	0.1442457263932239	0.12805918284224693	0.181391151993202	0.1729139848389341	0.2156791445347861	-0.23364930344123885	0.12484844226990237	-0.24382337330420106	-0.2615978683409514	-0.44640359585385575	-0.1578364798027711	0.07899626742843426	-0.24204095532531592	-0.21475261464438664	-0.23364930344123885	1.1433961001299855	-0.3055936043669065	0.1197476061076889	0.09287387371573125	0.13051130055425314	0.10077128234683717	0.08553630624841098	0.11714896066036935	0.10824339977725236	0.12484844226990237	-0.3055936043669065	0.2739480884030546
0.14872595110281567	-0.008360645062953073	0.10726728875200471	0.08904294004816954	0.1728950631374143	0.126354284669755	0.1333897723681851	0.1435600564062588	-0.0789357258035767	0.12312289052364439	-0.008360645062953073	0.6805706479147174	-0.020152450903001103	0.13724483383764471	-0.005750720923205416	-0.01609111419732137	-0.00830373334960324	0.07760462975962716	-0.22573573767756128	-0.026840400829688728	0.10726728875200471	-0.020152450903001103	0.25821516046627646	0.09357843611477985	0.28025938625632674	0.10313776230145696	0.11517168149966171	0.11764422340425588	-0.10563481397952502	0.10776074644494373	0.08904294004816954	0.13724483383764471	0.09357843611477985	0.8813521084072334	0.21831620770674443	0.08458587075390349	0.08771054884745705	0.06673276308360537	-0.037337355428285784	0.07846992099772726	0.1728950631374143	-0.005750720923205416	0.28025938625632674	0.21831620770674443	0.757325501481465	0.16386337800164624	0.13920638831710017	0.1944734275686626	0.2658328033509464	0.14549208980282113	0.126354284669755	-0.01609111419732137	0.10313776230145696	0.08458587075390349	0.16386337800164624	0.15445603984769668	0.12788644683413677	0.13897011589216723	-0.0836073287479217	0.11763106695475664	0.1333897723681851	-0.00830373334960324	0.11517168149966171	0.08771054884745705	0.13920638831710017	0.12788644683413677	0.14641668214789666	0.1459256603142256	-0.07183874085424412	0.12360424701049966	0.1435600564062588	0.07760462975962716	0.11764422340425588	0.06673276308360537	0.1944734275686626	0.13897011589216723	0.1459256603142256	0.3316258200371261	-0.06453009340424644	0.13681753414091272	-0.0789357258035767	-0.22573573767756128	-0.10563481397952502	-0.037337355428285784	0.2658328033509464	-0.0836073287479217	-0.07183874085424412	-0.06453009340424644	0.6474719993505453	-0.08464739516581182	0.12312289052364439	-0.026840400829688728	0.10776074644494373	0.07846992099772726	0.14549208980282113	0.11763106695475664	0.12360424701049966	0.13681753414091272	-0.08464739516581182	0.16353886435383533
