0.8683438065356314	0.22138258582298243	-0.1217909083459168	0.44011935916453254	0.46579442063499166	0.19381534925936042	0.6857900836758337	0.22138258582298243	0.8006162603178557	-0.20138041043599192	0.15286704342304033	0.217687911879133	0.025889138828579253	0.6072094484731562	-0.1217909083459168	-0.20138041043599192	2.645405550236285	0.12547537869461137	0.19781706030272328	0.3349384179373501	1.4997361896569426	0.44011935916453254	0.15286704342304033	0.12547537869461137	1.8497268135824079	0.7229151009531165	0.6651614149974507	0.9920726706772519	0.46579442063499166	0.217687911879133	0.19781706030272328	0.7229151009531165	0.7302918017655711	0.4265770561159383	0.838975269551527	0.19381534925936042	0.025889138828579253	0.3349384179373501	0.6651614149974507	0.4265770561159383	0.8273960831863194	0.5662579227972985	0.6857900836758337	0.6072094484731562	1.4997361896569426	0.9920726706772519	0.838975269551527	0.5662579227972985	2.3962612879165315
0.7268021974682368	0.1913069007311617	-0.13276347960957938	0.43496730732885075	0.4264085093226855	0.2814223314564796	0.5656289588667855	0.1913069007311617	0.6851502770974605	-0.2730113300146847	0.181232693001991	0.21064423560887133	0.10392916328217061	0.4469136158548794	-0.13276347960957938	-0.2730113300146847	2.1260887348940525	0.0005613509517892329	0.11299518413397677	0.194228141653235	0.9738334274314778	0.43496730732885075	0.181232693001991	0.0005613509517892329	1.4316044113213455	0.6230098496500388	0.5609526172603223	0.7891592562104985	0.4264085093226855	0.21064423560887133	0.11299518413397677	0.6230098496500388	0.6037416985858564	0.4449366248589909	0.6935811609709469	0.2814223314564796	0.10392916328217061	0.194228141653235	0.5609526172603223	0.4449366248589909	0.657108722433833	0.543771403330202	0.5656289588667855	0.4469136158548794	0.9738334274314778	0.7891592562104985	0.6935811609709469	0.543771403330202	1.702974789779786
0.6619737430853456	0.09853110372840795	-0.03773175050099173	0.4980450648129726	0.46661965955712825	0.3795898501959878	0.5486436684191626	0.09853110372840795	0.7432735175199614	-0.40786170178031106	0.04450860077510048	0.09227969169865213	0.036888429909745515	0.270810361323374	-0.03773175050099173	-0.40786170178031106	1.7759584962862154	0.012185430193520613	0.16063906754071441	0.19561711851017755	0.672458307861941	0.4980450648129726	0.04450860077510048	0.012185430193520613	1.6068534717704868	0.6562422707692195	0.6262748949620394	0.7660470254902689	0.46661965955712825	0.09227969169865213	0.16063906754071441	0.6562422707692195	0.6107517644375552	0.5137600756166661	0.6629609361445665	0.3795898501959878	0.036888429909745515	0.19561711851017755	0.6262748949620394	0.5137600756166661	0.6381566395973115	0.5719771957714236	0.5486436684191626	0.270810361323374	0.672458307861941	0.7660470254902689	0.6629609361445665	0.5719771957714236	1.3011088856256567
0.7554359470109587	0.13119819152338108	-0.11893903282445362	0.45545117197223556	0.4365490555359659	0.31088803605679444	0.5494004136948033	0.13119819152338108	0.7604403026086004	-0.37459025016869574	0.07248551691284562	0.12152181518999573	0.038089342784549396	0.3463012389428907	-0.11893903282445362	-0.37459025016869574	2.055385712212745	0.05189840293866345	0.19125760219987137	0.24675535708828417	0.8794253441632599	0.45545117197223556	0.07248551691284562	0.05189840293866345	1.711269117819201	0.7044336238723924	0.6630281031363603	0.8377032442244227	0.4365490555359659	0.12152181518999573	0.19125760219987137	0.7044336238723924	0.6631476994029508	0.5216327723287687	0.720608010018454	0.31088803605679444	0.038089342784549396	0.24675535708828417	0.6630281031363603	0.5216327723287687	0.6999203772387441	0.5891206329300066	0.5494004136948033	0.3463012389428907	0.8794253441632599	0.8377032442244227	0.720608010018454	0.5891206329300066	1.5565196800598409
0.8377650395914558	0.16306260969748057	-0.14422390492201487	0.4200597407970056	0.41626298836754305	0.24653397432080562	0.5872609169521943	0.16306260969748057	0.7845616258710639	-0.29442573407107037	0.09886020986123227	0.14896518702858677	0.033655908902313555	0.4591702289370457	-0.14422390492201487	-0.29442573407107037	2.338569975987877	0.1289054641733743	0.2348609593887431	0.31059442910524343	1.1841351479922049	0.4200597407970056	0.09886020986123227	0.1289054641733743	1.7628549648441292	0.7381220582462142	0.6833567350232422	0.9201309826077374	0.41626298836754305	0.14896518702858677	0.2348609593887431	0.7381220582462142	0.7086880005607308	0.5143845447933244	0.7836591489206163	0.24653397432080562	0.033655908902313555	0.31059442910524343	0.6833567350232422	0.5143845447933244	0.7594812101620616	0.6043512317716951	0.5872609169521943	0.4591702289370457	1.1841351479922049	0.9201309826077374	0.7836591489206163	0.6043512317716951	1.9443223892860195
0.7415584099378326	0.13283348325861583	-0.0669224820176689	0.44373420170625705	0.4254421064279984	0.3076412372722608	0.5726942651242789	0.13283348325861583	0.752289959676086	-0.2983385223198449	0.08047400244225456	0.12604795824760973	0.047493504968450354	0.3986317803884854	-0.0669224820176689	-0.2983385223198449	2.0214739392646965	0.10368378476937778	0.22209083877860528	0.2651266079882508	0.9856600430887674	0.44373420170625705	0.08047400244225456	0.10368378476937778	1.689760497531191	0.6851988856736395	0.6502339470860705	0.8618522242739396	0.4254421064279984	0.12604795824760973	0.22209083877860528	0.6851988856736395	0.645710976658442	0.5123405590497225	0.7287009980395368	0.3076412372722608	0.047493504968450354	0.2651266079882508	0.6502339470860705	0.5123405590497225	0.6876073802896271	0.6011071714798254	0.5726942651242789	0.3986317803884854	0.9856600430887674	0.8618522242739396	0.7287009980395368	0.6011071714798254	1.7071515811620388
0.8047003858450221	0.15589259831505248	-0.10914414800721337	0.475672636348659	0.4720007318791788	0.27878368329666237	0.6189361979082548	0.15589259831505248	0.8161932299056545	-0.3330008220382998	0.08081082605938267	0.1344659054426388	0.00965311400803126	0.44450086850105336	-0.10914414800721337	-0.3330008220382998	2.3588145871983928	0.10249581917449793	0.20518372952200942	0.29639202464793324	1.166481759481109	0.475672636348659	0.08081082605938267	0.10249581917449793	1.7087157199360687	0.7394345269084317	0.667317364411614	0.9050787241268508	0.4720007318791788	0.1344659054426388	0.20518372952200942	0.7394345269084317	0.7162553793834678	0.4995024707023501	0.7833221417539672	0.27878368329666237	0.00965311400803126	0.29639202464793324	0.667317364411614	0.4995024707023501	0.7661394272103896	0.5855116584364143	0.6189361979082548	0.44450086850105336	1.166481759481109	0.9050787241268508	0.7833221417539672	0.5855116584364143	1.9304828950429602
0.7216928491630631	0.12083603046698022	-0.07736517884825078	0.4885799185715311	0.4655988122982728	0.3478521844504181	0.5708226433141335	0.12083603046698022	0.7782112775847855	-0.3886041732296389	0.06680944957687983	0.10748547305638152	0.032514524893117874	0.3404127628965278	-0.07736517884825078	-0.3886041732296389	2.0628311099385503	0.05838541849216211	0.17774296902303804	0.23284365119712558	0.8920478930232913	0.4885799185715311	0.06680944957687983	0.05838541849216211	1.5416308588469054	0.6905994337160244	0.6372954421835297	0.81319717344832	0.4655988122982728	0.10748547305638152	0.17774296902303804	0.6905994337160244	0.6527740202691519	0.5213840767011626	0.7100690584263666	0.3478521844504181	0.032514524893117874	0.23284365119712558	0.6372954421835297	0.5213840767011626	0.682435828069937	0.5881846015193061	0.5708226433141335	0.3404127628965278	0.8920478930232913	0.81319717344832	0.7100690584263666	0.5881846015193061	1.5651178394740448
0.7291654467896606	0.12512689895100582	-0.0976838152107117	0.4975992787389977	0.4722408150326756	0.34538899757636554	0.5685478738294841	0.12512689895100582	0.7805988609246302	-0.41019517417921936	0.06261979785429221	0.11171018030196922	0.029609863002920928	0.32984520309523585	-0.0976838152107117	-0.41019517417921936	2.086674637462989	0.014064960793496395	0.16124871504665386	0.22237298886628484	0.8589720536853025	0.4975992787389977	0.06261979785429221	0.014064960793496395	1.7051056630489518	0.7037132582464567	0.6595589423283443	0.8259461855651296	0.4722408150326756	0.11171018030196922	0.16124871504665386	0.7037132582464567	0.660200853383417	0.5195966556356482	0.711138178161372	0.34538899757636554	0.029609863002920928	0.22237298886628484	0.6595589423283443	0.5195966556356482	0.69264319426273	0.5827133349808058	0.5685478738294841	0.32984520309523585	0.8589720536853025	0.8259461855651296	0.711138178161372	0.5827133349808058	1.5317562416850001
0.742565349138005	0.13500495576861532	-0.11751984486732034	0.48719197959647387	0.4630321762017767	0.33545765740068245	0.565520549958536	0.13500495576861532	0.7779510177095266	-0.398698448225554	0.07843237178669626	0.12228703855769504	0.03859279939823501	0.3500544569737243	-0.11751984486732034	-0.398698448225554	2.16847490262343	0.01836626182971106	0.1584961419002785	0.22453489233858442	0.9160339546878118	0.48719197959647387	0.07843237178669626	0.01836626182971106	1.6660169630461406	0.7047941171899337	0.6557821821906058	0.8290105254176732	0.4630321762017767	0.12228703855769504	0.1584961419002785	0.7047941171899337	0.662651076843099	0.520843831021252	0.714720724729929	0.33545765740068245	0.03859279939823501	0.22453489233858442	0.6557821821906058	0.520843831021252	0.6937705468501059	0.586407529873622	0.565520549958536	0.3500544569737243	0.9160339546878118	0.8290105254176732	0.714720724729929	0.586407529873622	1.5922827138438103
0.7435650265664244	0.14014596715848218	-0.15550859440291856	0.4317506078718678	0.42273810411143536	0.3350257066042377	0.5209082511825257	0.14014596715848218	0.7461286390931479	-0.39974002620430904	0.12640544952903598	0.13420587658678196	0.07673667486140681	0.34367879987794475	-0.15550859440291856	-0.39974002620430904	2.1715511126568194	0.11921990673690104	0.15587939663426248	0.2135169871870495	0.9106897360217687	0.4317506078718678	0.12640544952903598	0.11921990673690104	0.8840370192431289	0.6467933353583262	0.5661255023715162	0.713302430335971	0.42273810411143536	0.13420587658678196	0.15587939663426248	0.6467933353583262	0.6362750022747196	0.536090463660456	0.6823939101569826	0.3350257066042377	0.07673667486140681	0.2135169871870495	0.5661255023715162	0.536090463660456	0.6478741154264693	0.5908735579663938	0.5209082511825257	0.34367879987794475	0.9106897360217687	0.713302430335971	0.6823939101569826	0.5908735579663938	1.521613555720553
0.748392087808918	0.14003417956581732	-0.10780146111728864	0.4721246163867768	0.4646030867319787	0.35017608667688815	0.5815494141947742	0.14003417956581732	0.8073520011817602	-0.3721131682908757	0.11279765384662413	0.11974676858797431	0.049245135047854244	0.40916701849700887	-0.10780146111728864	-0.3721131682908757	2.4647499626068834	0.14286855551224129	0.16727113804009952	0.24361074714117328	1.1905767965639014	0.4721246163867768	0.11279765384662413	0.14286855551224129	0.8652299026411608	0.672430955895979	0.5634667041351734	0.7456491487718939	0.4646030867319787	0.11974676858797431	0.16727113804009952	0.672430955895979	0.6651158607247079	0.5361103357341205	0.7168783980493543	0.35017608667688815	0.049245135047854244	0.24361074714117328	0.5634667041351734	0.5361103357341205	0.6753895357039674	0.6008874661158201	0.5815494141947742	0.40916701849700887	1.1905767965639014	0.7456491487718939	0.7168783980493543	0.6008874661158201	1.8408629668841234
0.7495850009670003	0.1322646464758125	-0.05810047620702713	0.45965916899556714	0.45625819443325366	0.35352717063058087	0.6058312122664725	0.1322646464758125	0.8316046719561683	-0.3098616966635336	0.10127653592318919	0.10360508180394251	0.04262430350369936	0.46324988570566944	-0.05810047620702713	-0.3098616966635336	2.535197138180198	0.21173938836341752	0.21690974681636885	0.27927837517064424	1.3686910086001287	0.45965916899556714	0.10127653592318919	0.21173938836341752	0.7345613460878239	0.6677976098324737	0.5600713969880049	0.7463753305580265	0.45625819443325366	0.10360508180394251	0.21690974681636885	0.6677976098324737	0.6676511815423485	0.5497183417377015	0.7340014061148449	0.35352717063058087	0.04262430350369936	0.27927837517064424	0.5600713969880049	0.5497183417377015	0.6759882261004303	0.6253295338256142	0.6058312122664725	0.46324988570566944	1.3686910086001287	0.7463753305580265	0.7340014061148449	0.6253295338256142	2.04533580566992
0.8454864801060135	0.21590951074826037	-0.045695757010709326	0.5181344553872343	0.5180905841313399	0.2624374766964722	0.7663342686313371	0.21590951074826037	0.9020744769763991	-0.10584281513356186	0.16283865440855333	0.18032393572546315	0.022371568470988673	0.7597505759190892	-0.045695757010709326	-0.10584281513356186	3.439127463615295	0.18817765416144522	0.1949265307457128	0.37108330694462477	2.2236133364376145	0.5181344553872343	0.16283865440855333	0.18817765416144522	1.1995921309261586	0.7509291399797862	0.5540942155295707	0.9451715375476959	0.5180905841313399	0.18032393572546315	0.1949265307457128	0.7509291399797862	0.7483309651163507	0.4623167196319323	0.85310128834646	0.2624374766964722	0.022371568470988673	0.37108330694462477	0.5540942155295707	0.4623167196319323	0.7890633468262258	0.6112049304284937	0.7663342686313371	0.7597505759190892	2.2236133364376145	0.9451715375476959	0.85310128834646	0.6112049304284937	3.1125487775031475
0.8138981452254785	0.17700862311915855	-0.03769294592979017	0.4976098717405742	0.49037291258693877	0.29183928863394304	0.7085828730694734	0.17700862311915855	0.8794918426915564	-0.1890471782454261	0.11692050881400155	0.1406691006614253	0.018886511018952945	0.6324032236533471	-0.03769294592979017	-0.1890471782454261	2.9083862793829214	0.19824237678562856	0.2304941555443421	0.3409717040088037	1.7776605725941113	0.4976098717405742	0.11692050881400155	0.19824237678562856	1.332959726833618	0.7399548774407492	0.607512588876906	0.9311186497895129	0.49037291258693877	0.1406691006614253	0.2304941555443421	0.7399548774407492	0.725242273690706	0.5014838838239826	0.8221130403874604	0.29183928863394304	0.018886511018952945	0.3409717040088037	0.607512588876906	0.5014838838239826	0.7619428271298878	0.6216493733352901	0.7085828730694734	0.6324032236533471	1.7776605725941113	0.9311186497895129	0.8221130403874604	0.6216493733352901	2.6269671573754163
0.7942761838847788	0.14658743587775003	-0.11634683889819356	0.4626425152529631	0.45447442934324367	0.3153600952813844	0.598477180744123	0.14658743587775003	0.8281248829486246	-0.3399658459650355	0.10515373241269214	0.11737906273212854	0.03211645285185298	0.4501429057593982	-0.11634683889819356	-0.3399658459650355	2.557482269841026	0.17433754676756585	0.20690873718028938	0.2919758109546974	1.3105523121244618	0.4626425152529631	0.10515373241269214	0.17433754676756585	1.012253075210261	0.7116315654210892	0.5871091022287038	0.8015376146149337	0.45447442934324367	0.11737906273212854	0.20690873718028938	0.7116315654210892	0.7000246892791988	0.541209630953116	0.7556247716920322	0.3153600952813844	0.03211645285185298	0.2919758109546974	0.5871091022287038	0.541209630953116	0.7145160196368956	0.6114922201255971	0.598477180744123	0.4501429057593982	1.3105523121244618	0.8015376146149337	0.7556247716920322	0.6114922201255971	2.001398155479593
0.7955064067298862	0.12584212150298332	-0.144026237711773	0.4048577129647211	0.40209677571727054	0.31148025557879244	0.5316343917600705	0.12584212150298332	0.7922731224752426	-0.3784454484782503	0.09689483131731261	0.09948167376609506	0.04389764079306603	0.37076199056037124	-0.144026237711773	-0.3784454484782503	2.2866489783959603	0.23965368503714007	0.24565886383715266	0.29802587501611716	1.0897126290311365	0.4048577129647211	0.09689483131731261	0.23965368503714007	0.7481824037132677	0.6832026891940128	0.5852180816396864	0.7398675743612105	0.40209677571727054	0.09948167376609506	0.24565886383715266	0.6832026891940128	0.6829123379808743	0.5752630955197817	0.7291572406026131	0.31148025557879244	0.04389764079306603	0.29802587501611716	0.5852180816396864	0.5752630955197817	0.6897797799200803	0.6287187669155158	0.5316343917600705	0.37076199056037124	1.0897126290311365	0.7398675743612105	0.7291572406026131	0.6287187669155158	1.7089615914937166
0.7225853943316918	0.14365924319041867	-0.1357139495209233	0.4049266170184315	0.4018960580883211	0.32204372312976226	0.5105358854511083	0.14365924319041867	0.7042144998478108	-0.34897943854686864	0.14823193323943554	0.1504698756809997	0.09692284559569886	0.3552115398441705	-0.1357139495209233	-0.34897943854686864	2.002381216862571	0.14944644835012477	0.15895864717201988	0.20877226372731808	0.8582624002030999	0.4049266170184315	0.14823193323943554	0.14944644835012477	0.679417626720627	0.605575989025379	0.5233098010083854	0.6750345843859794	0.4018960580883211	0.1504698756809997	0.15895864717201988	0.605575989025379	0.6055721589222823	0.5134694811917009	0.6645811226709648	0.32204372312976226	0.09692284559569886	0.20877226372731808	0.5233098010083854	0.5134694811917009	0.6206466143987521	0.5772958446576121	0.5105358854511083	0.3552115398441705	0.8582624002030999	0.6750345843859794	0.6645811226709648	0.5772958446576121	1.4728540704400195
0.7657937653171434	0.17101404884431065	-0.10499667329299506	0.4622226852352456	0.4531791785183196	0.30187502241865755	0.6085055676383304	0.17101404884431065	0.7745378843440046	-0.28675539096381447	0.1458719292777011	0.16394017415645418	0.06370818509325857	0.48068427983976153	-0.10499667329299506	-0.28675539096381447	2.453610713496042	0.1147912737134476	0.1682581770334737	0.258664264972777	1.2645064498130603	0.4622226852352456	0.1458719292777011	0.1147912737134476	1.152356734764743	0.6751055912089236	0.5643365128608662	0.8116228300071404	0.4531791785183196	0.16394017415645418	0.1682581770334737	0.6751055912089236	0.6603675385200225	0.49151160070586325	0.7422687909448782	0.30187502241865755	0.06370818509325857	0.258664264972777	0.5643365128608662	0.49151160070586325	0.6929088055493118	0.5858386051990933	0.6085055676383304	0.48068427983976153	1.2645064498130603	0.8116228300071404	0.7422687909448782	0.5858386051990933	1.9971162946367058
0.7763213820610064	0.1567090597990371	-0.07839874795808022	0.5189120247670006	0.5034410424670454	0.3269646158158591	0.6521115859485576	0.1567090597990371	0.852695442054688	-0.3050403603255676	0.09563461107587032	0.12949064824354015	0.020060271596885934	0.5039492227247467	-0.07839874795808022	-0.3050403603255676	2.7145031265729203	0.09569676491373799	0.17239497493209566	0.27934278385704914	1.4507663444672727	0.5189120247670006	0.09563461107587032	0.09569676491373799	1.511153190764059	0.7306896982459967	0.6369157684354526	0.8920162447538489	0.5034410424670454	0.12949064824354015	0.17239497493209566	0.7306896982459967	0.7040884815998023	0.508752279083372	0.771979058379758	0.3269646158158591	0.020060271596885934	0.27934278385704914	0.6369157684354526	0.508752279083372	0.7364625169521901	0.6040057948463683	0.6521115859485576	0.5039492227247467	1.4507663444672727	0.8920162447538489	0.771979058379758	0.6040057948463683	2.2087220858189918
0.7418532547724408	0.14447449356584025	-0.06052808295696274	0.523089853121845	0.5030999064979391	0.3536296999898284	0.6376733991364235	0.14447449356584025	0.8374745048248815	-0.3238621885570527	0.0937266389808988	0.12223754215695505	0.029934530049661776	0.4678026236666479	-0.06052808295696274	-0.3238621885570527	2.5802411798199776	0.08440503203144553	0.16316908402882893	0.25272303636661153	1.337870153732587	0.523089853121845	0.0937266389808988	0.08440503203144553	1.4100559209185635	0.7064316687218817	0.619741621610582	0.8531136511798818	0.5030999064979391	0.12223754215695505	0.16316908402882893	0.7064316687218817	0.6777845298408262	0.5130919455590699	0.7465337054786989	0.3536296999898284	0.029934530049661776	0.25272303636661153	0.619741621610582	0.5130919455590699	0.7047112335454042	0.6023456576114226	0.6376733991364235	0.4678026236666479	1.337870153732587	0.8531136511798818	0.7465337054786989	0.6023456576114226	2.068785429593858
0.7854587945760736	0.17574867958828516	-0.060704159479520514	0.4874217951626312	0.480742932871802	0.3160656505135731	0.6733484354214913	0.17574867958828516	0.8501936927661677	-0.21128190358415355	0.14056383164607142	0.14879356503320632	0.04700729449309443	0.6010102746418199	-0.060704159479520514	-0.21128190358415355	2.980831530310455	0.17433209429512803	0.19237364094083526	0.3026877366457672	1.7685766676619756	0.4874217951626312	0.14056383164607142	0.17433209429512803	0.9573932935153103	0.699145457815684	0.5495942382172974	0.8282343870008263	0.480742932871802	0.14879356503320632	0.19237364094083526	0.699145457815684	0.691935229159589	0.5072754199218792	0.7799312718658108	0.3160656505135731	0.04700729449309443	0.3026877366457672	0.5495942382172974	0.5072754199218792	0.7126963890190543	0.6158955693257748	0.6733484354214913	0.6010102746418199	1.7685766676619756	0.8282343870008263	0.7799312718658108	0.6158955693257748	2.533055433790432
0.8318935848316853	0.19998396434029275	-0.04327781212708959	0.4921845606300707	0.4879614804948905	0.278761530320019	0.7335280759517196	0.19998396434029275	0.8840056979719642	-0.1270141193522768	0.1528374468845125	0.1641831725852616	0.034678040693354936	0.7131246815143678	-0.04327781212708959	-0.1270141193522768	3.24833341463033	0.20753022096821522	0.21844354157168583	0.35444996183409516	2.0765187604520077	0.4921845606300707	0.1528374468845125	0.20753022096821522	1.0722230918543731	0.7333044555299079	0.5538344189465807	0.9012359960726413	0.4879614804948905	0.1641831725852616	0.21844354157168583	0.7333044555299079	0.7272770708338895	0.4910049866864911	0.831598653582437	0.278761530320019	0.034678040693354936	0.35444996183409516	0.5538344189465807	0.4910049866864911	0.757476388746647	0.6229843964329369	0.7335280759517196	0.7131246815143678	2.0765187604520077	0.9012359960726413	0.831598653582437	0.6229843964329369	2.929600827484216
0.8466140190525273	0.19438447117731172	-0.0698224132441887	0.5096124567692802	0.5114153894991152	0.26212491845585184	0.7254202427690942	0.19438447117731172	0.8933512709701822	-0.1957705287151067	0.12036344744410275	0.1564712064435411	0.00222261358052403	0.6536889493836469	-0.0698224132441887	-0.1957705287151067	3.0622487962332317	0.17219190007731214	0.20613551893299997	0.35663680913571166	1.8508985596686516	0.5096124567692802	0.12036344744410275	0.17219190007731214	1.5176422969670715	0.7658820297380589	0.6283554418179573	0.9738777466116143	0.5114153894991152	0.1564712064435411	0.20613551893299997	0.7658820297380589	0.7578337294687982	0.47793972254853895	0.8430976857807998	0.26212491845585184	0.00222261358052403	0.35663680913571166	0.6283554418179573	0.47793972254853895	0.8060994062162565	0.6049643483191232	0.7254202427690942	0.6536889493836469	1.8508985596686516	0.9738777466116143	0.8430976857807998	0.6049643483191232	2.721439387328254
0.8184348383200402	0.16326427398351445	-0.1245072852063179	0.4870183550193527	0.48101537193971183	0.29366450598133753	0.6321153627434603	0.16326427398351445	0.848678908221037	-0.3263280548130278	0.11179384617674845	0.13189984138834515	0.016808416011711902	0.49247184598238464	-0.1245072852063179	-0.3263280548130278	2.706645810390043	0.14939505623639251	0.19061185938469788	0.30806926511970256	1.4180054589701878	0.4870183550193527	0.11179384617674845	0.14939505623639251	1.1682252795342474	0.7404776917614322	0.5902649087188704	0.847069312179444	0.48101537193971183	0.13189984138834515	0.19061185938469788	0.7404776917614322	0.72855553043627	0.5168097553692814	0.7838355830217313	0.29366450598133753	0.016808416011711902	0.30806926511970256	0.5902649087188704	0.5168097553692814	0.7503876299142949	0.5957997091656176	0.6321153627434603	0.49247184598238464	1.4180054589701878	0.847069312179444	0.7838355830217313	0.5957997091656176	2.154018894491941
0.8058379863799656	0.16891574571541695	-0.10215734844079663	0.5120037661365342	0.5068216871707298	0.29405901662095413	0.6581366123348935	0.16891574571541695	0.8524978792381102	-0.3119919770663651	0.10287525518110545	0.14178942601215205	0.008793015151295658	0.5091886912445271	-0.10215734844079663	-0.3119919770663651	2.697029145306625	0.10245660321264102	0.17286478584358628	0.29929537993387373	1.4224519562170848	0.5120037661365342	0.10287525518110545	0.10245660321264102	1.5064303181354883	0.7441700509420264	0.6286516448396162	0.9005087441823176	0.5068216871707298	0.14178942601215205	0.17286478584358628	0.7441700509420264	0.7275591223939739	0.4913007404232909	0.7920780110260831	0.29405901662095413	0.008793015151295658	0.29929537993387373	0.6286516448396162	0.4913007404232909	0.7671147714994846	0.586313519980206	0.6581366123348935	0.5091886912445271	1.4224519562170848	0.9005087441823176	0.7920780110260831	0.586313519980206	2.201213138710188
0.8305907114841367	0.1872401282492291	-0.10084441688252543	0.5080489608969416	0.5091432967308014	0.2690698537813521	0.686858232259862	0.1872401282492291	0.8634255870553538	-0.26204987190976403	0.11903484584261056	0.15852193947813076	0.007204937640664877	0.5746780121552427	-0.10084441688252543	-0.26204987190976403	2.867497137652961	0.12433241432207309	0.17898911584967236	0.3253122593511113	1.6044076191951937	0.5080489608969416	0.11903484584261056	0.12433241432207309	1.5200218990477277	0.753006234637337	0.6241471012887718	0.9334705019381896	0.5091432967308014	0.15852193947813076	0.17898911584967236	0.753006234637337	0.7432494382788428	0.4757707389352531	0.8169934856753628	0.2690698537813521	0.007204937640664877	0.3253122593511113	0.6241471012887718	0.4757707389352531	0.7904120033110954	0.5870134219235957	0.686858232259862	0.5746780121552427	1.6044076191951937	0.9334705019381896	0.8169934856753628	0.5870134219235957	2.425940733307767
0.8429762811413449	0.21576299714072816	-0.1793723954055088	0.3994619733925541	0.41473377720056065	0.19412955027820816	0.6002077144269721	0.21576299714072816	0.7159938593343909	-0.22828802993136227	0.19414872755479654	0.2416963694140669	0.0759102126379157	0.5294729647625994	-0.1793723954055088	-0.22828802993136227	2.340815730039769	0.060137183669123226	0.15745136833644835	0.2737588941279186	1.182316326544024	0.3994619733925541	0.19414872755479654	0.060137183669123226	1.614912370548877	0.6704220074105148	0.5987223632940364	0.8812207708951867	0.41473377720056065	0.2416963694140669	0.15745136833644835	0.6704220074105148	0.6690052014985512	0.42372504967134617	0.7716898505344602	0.19412955027820816	0.0759102126379157	0.2737588941279186	0.5987223632940364	0.42372504967134617	0.7550645560968715	0.5407904842040169	0.6002077144269721	0.5294729647625994	1.182316326544024	0.8812207708951867	0.7716898505344602	0.5407904842040169	1.9935469203198708
1.0777850160491123	0.2361949123919849	-0.36400876117426695	0.2788189001604607	0.32518822133538106	0.041436684951339744	0.5539591492621403	0.2361949123919849	0.7143323092440915	-0.201341896327141	0.24215099229170287	0.30424846461694904	0.07374044610482273	0.5875979600024275	-0.36400876117426695	-0.201341896327141	2.5576001753543363	0.11780087559546017	0.200321621089317	0.36182592563876265	1.2882351806296606	0.2788189001604607	0.24215099229170287	0.11780087559546017	1.716320829120573	0.7274625864722633	0.6397465679977568	0.9380865486493596	0.32518822133538106	0.30424846461694904	0.200321621089317	0.7274625864722633	0.7480492505935865	0.4187222579735825	0.8389811118953533	0.041436684951339744	0.07374044610482273	0.36182592563876265	0.6397465679977568	0.4187222579735825	0.8599099953431188	0.5340114808772997	0.5539591492621403	0.5875979600024275	1.2882351806296606	0.9380865486493596	0.8389811118953533	0.5340114808772997	2.125056512207258
0.9694712232028312	0.23314782256341063	-0.2636444666355663	0.3476333663149384	0.3832480712420837	0.11453388409902873	0.6003878040693138	0.23314782256341063	0.7384517196402842	-0.21430331447216688	0.20473347741653863	0.2666738737840074	0.05953948899675576	0.5779486405783266	-0.2636444666355663	-0.21430331447216688	2.570272531403913	0.10145533568901093	0.18872075687541734	0.3370583061260908	1.336475269150065	0.3476333663149384	0.20473347741653863	0.10145533568901093	1.77815982567352	0.7188507247399123	0.6497718579926748	0.9467472507561205	0.3832480712420837	0.2666738737840074	0.18872075687541734	0.7188507247399123	0.730903093977243	0.42485961363190183	0.8261121318086321	0.11453388409902873	0.05953948899675576	0.3370583061260908	0.6497718579926748	0.42485961363190183	0.832824832188006	0.547208147083313	0.6003878040693138	0.5779486405783266	1.336475269150065	0.9467472507561205	0.8261121318086321	0.547208147083313	2.180520640527342
0.8230628370634897	0.20607320900116488	-0.11242376138304275	0.44691219365188767	0.4661622355430878	0.2199430815443619	0.6560953794491095	0.20607320900116488	0.7758150981417841	-0.2349709265217892	0.14251994104380888	0.20743843059753928	0.033502697382259444	0.5462805801932666	-0.11242376138304275	-0.2349709265217892	2.4247574456830407	0.08351526305905092	0.18085453066050872	0.2972979989522927	1.2948802520081608	0.44691219365188767	0.14251994104380888	0.08351526305905092	1.8363642520883736	0.6994556066773333	0.6527901007994626	0.9443651761065546	0.4661622355430878	0.20743843059753928	0.18085453066050872	0.6994556066773333	0.7002901283127044	0.4280473674084515	0.8040656478378982	0.2199430815443619	0.033502697382259444	0.2972979989522927	0.6527901007994626	0.4280473674084515	0.7928577039622731	0.5538043839119194	0.6560953794491095	0.5462805801932666	1.2948802520081608	0.9443651761065546	0.8040656478378982	0.5538043839119194	2.150527541868565
0.8335960504183377	0.21493646476395367	-0.09418846191578933	0.4911110064762231	0.49181223449050493	0.25330553267312805	0.7081946456476785	0.21493646476395367	0.8372975125846367	-0.18148929595140284	0.17494625767355187	0.19755834618694662	0.04091661195753582	0.6545981911586777	-0.09418846191578933	-0.18148929595140284	3.0685084405677205	0.14439057401650696	0.17228998877601337	0.331735378944342	1.83254876619119	0.4911110064762231	0.17494625767355187	0.14439057401650696	1.255819143438287	0.7243732725735696	0.558071311832927	0.9133509736801988	0.49181223449050493	0.19755834618694662	0.17228998877601337	0.7243732725735696	0.7200977197623992	0.45467114368021616	0.8215496879018981	0.25330553267312805	0.04091661195753582	0.331735378944342	0.558071311832927	0.45467114368021616	0.7687673489137506	0.5894822941570693	0.7081946456476785	0.6545981911586777	1.83254876619119	0.9133509736801988	0.8215496879018981	0.5894822941570693	2.676156613954533
0.8312416117886261	0.18460216052633843	-0.1416544181065929	0.5132664149203212	0.5101169985925593	0.2819898224735595	0.6599692247381107	0.18460216052633843	0.8622643548237328	-0.3097502449815329	0.1257009953893698	0.15516113933410677	0.01270356883693212	0.5396393465519989	-0.1416544181065929	-0.3097502449815329	2.9601172297250495	0.0958099060477188	0.14755476045543214	0.3075434640578276	1.5792564015588817	0.5132664149203212	0.1257009953893698	0.0958099060477188	1.355034643240161	0.7547323281718741	0.6013581305144167	0.8843579171388327	0.5101169985925593	0.15516113933410677	0.14755476045543214	0.7547323281718741	0.7435225051459011	0.4895833690142018	0.7955380761649997	0.2819898224735595	0.01270356883693212	0.3075434640578276	0.6013581305144167	0.4895833690142018	0.7736436493320256	0.5835416958604583	0.6599692247381107	0.5396393465519989	1.5792564015588817	0.8843579171388327	0.7955380761649997	0.5835416958604583	2.3400589758441654
0.8484166244950031	0.17484216963493765	-0.1745654956158837	0.4801233682459225	0.4802754240185474	0.25974375201387456	0.6177514972113736	0.17484216963493765	0.8357454254390333	-0.36223298732384807	0.09551728948752503	0.14799877690486038	0.0047375762096776575	0.46055342757699974	-0.1745654956158837	-0.36223298732384807	2.6230092240244436	0.07540052549910503	0.17517005684295972	0.3050464510367178	1.271725467664597	0.4801233682459225	0.09551728948752503	0.07540052549910503	1.7094999508892301	0.7688547837846593	0.6746117505304869	0.9131553769096754	0.4802754240185474	0.14799877690486038	0.17517005684295972	0.7688547837846593	0.7493911531600785	0.5017966404941359	0.7965319398444876	0.25974375201387456	0.0047375762096776575	0.3050464510367178	0.6746117505304869	0.5017966404941359	0.7924769518216248	0.5827496956411936	0.6177514972113736	0.46055342757699974	1.271725467664597	0.9131553769096754	0.7965319398444876	0.5827496956411936	2.0247798835036783
0.8651619329389806	0.23476426606040915	-0.23164552605603775	0.3897766332032595	0.4083362152126627	0.1663629050560475	0.5855947854506602	0.23476426606040915	0.6927621606525063	-0.2341012043026443	0.23771537091725456	0.27718579758103645	0.08940846691473517	0.5373279300003885	-0.23164552605603775	-0.2341012043026443	2.356749706794605	0.03681918917983884	0.11787504624122264	0.2646884969728097	1.1364355844200482	0.3897766332032595	0.23771537091725456	0.03681918917983884	1.4015867837815659	0.6570664809678869	0.5412099983957661	0.8398731546868905	0.4083362152126627	0.27718579758103645	0.11787504624122264	0.6570664809678869	0.6639914286929408	0.39633044721521327	0.7634960867278934	0.1663629050560475	0.08940846691473517	0.2646884969728097	0.5412099983957661	0.39633044721521327	0.7551108084784018	0.5098506047964034	0.5855947854506602	0.5373279300003885	1.1364355844200482	0.8398731546868905	0.7634960867278934	0.5098506047964034	1.9415263918388963
0.49361863786919646	0.29176051274419024	-0.18386778732036269	0.27944301278191613	0.29405703566700236	0.20177088428706644	0.3896079038911783	0.29176051274419024	0.3624595572146332	-0.08298929334951545	0.34394609295787104	0.35523534682372077	0.26248730829210126	0.44518342319628507	-0.18386778732036269	-0.08298929334951545	1.1480243919287436	-0.23030987472851655	-0.08094925765547534	-0.02347104218843986	0.27849874320295526	0.27944301278191613	0.34394609295787104	-0.23030987472851655	1.0566523483278483	0.35225397555062754	0.3286152305113675	0.4759699080478305	0.29405703566700236	0.35523534682372077	-0.08094925765547534	0.35225397555062754	0.36890414981224956	0.26511324948096393	0.4473909186135671	0.20177088428706644	0.26248730829210126	-0.02347104218843986	0.3286152305113675	0.26511324948096393	0.4540011084468798	0.34653230657164524	0.3896079038911783	0.44518342319628507	0.27849874320295526	0.4759699080478305	0.4473909186135671	0.34653230657164524	0.9162505552430174
0.33011306261683454	0.10037889738006159	0.08947548487647686	0.04330673575572412	0.10178769513901109	0.10178147687759044	0.1684573052597891	0.10037889738006159	0.20268871987990825	0.18226220241327132	0.14496320255397657	0.1918625001785486	0.19239727152467023	0.2536310594348107	0.08947548487647686	0.18226220241327132	0.22190297431580397	0.13239398261985486	0.18409220443457783	0.18510482766143918	0.2486781569529802	0.04330673575572412	0.14496320255397657	0.13239398261985486	0.7620998997405595	0.15714371141205224	0.15554473204161814	0.23569058744645635	0.10178769513901109	0.1918625001785486	0.18409220443457783	0.15714371141205224	0.2160359034571655	0.19427997252207327	0.25533687751352696	0.10178147687759044	0.19239727152467023	0.18510482766143918	0.15554473204161814	0.19427997252207327	0.21592451024371323	0.2546820759251494	0.1684573052597891	0.2536310594348107	0.2486781569529802	0.23569058744645635	0.25533687751352696	0.2546820759251494	0.4440708277336864
0.4678113980749712	0.04159896119076906	0.047434102571127686	-0.07803217695013327	0.006064478680017638	0.048452699665318094	0.10511093519528626	0.04159896119076906	0.24053491531701549	0.22286943110089616	0.111927835691058	0.1550790059172162	0.22243436399048183	0.27058387004993134	0.047434102571127686	0.22286943110089616	0.24734408398487678	0.12721500363664992	0.16662512096690138	0.23643748632965517	0.2842309816464631	-0.07803217695013327	0.111927835691058	0.12721500363664992	1.076533160244486	0.2485707542840382	0.1374045516000628	0.21043767348792	0.006064478680017638	0.1550790059172162	0.16662512096690138	0.2485707542840382	0.42151363589712904	0.16766801151972396	0.21917581688069515	0.048452699665318094	0.22243436399048183	0.23643748632965517	0.1374045516000628	0.16766801151972396	0.2523281324630713	0.2826211694294053	0.10511093519528626	0.27058387004993134	0.2842309816464631	0.21043767348792	0.21917581688069515	0.2826211694294053	0.43572185396589913
0.38444268440733037	0.06446217327152697	0.06530252900841785	-0.06380771016431434	0.02070888692620541	0.0674118033719133	0.0980796131851166	0.06446217327152697	0.21447919979951718	0.2019746776693786	0.08530360895883968	0.13734355096529666	0.2026185093174363	0.23020525658421986	0.06530252900841785	0.2019746776693786	0.221345233392219	0.08866611827501222	0.14035634594648533	0.2073487902259515	0.23504471176867586	-0.06380771016431434	0.08530360895883968	0.08866611827501222	1.0273463356199883	0.211990178453208	0.10236649631421474	0.138005317312065	0.02070888692620541	0.13734355096529666	0.14035634594648533	0.211990178453208	0.3935927877901972	0.14286139694624114	0.1716578350558745	0.0674118033719133	0.2026185093174363	0.2073487902259515	0.10236649631421474	0.14286139694624114	0.22673024912863	0.23489352393788487	0.0980796131851166	0.23020525658421986	0.23504471176867586	0.138005317312065	0.1716578350558745	0.23489352393788487	0.3181806843878996
0.33985816490266696	0.08036334875452848	0.0859226258843684	-0.018611218439792465	0.06499086236724158	0.0894822787736634	0.1266772514583859	0.08036334875452848	0.2041840761889641	0.18428528113703047	0.09146129563619997	0.155380480960996	0.18692396174636272	0.22091416343681067	0.0859226258843684	0.18428528113703047	0.21086755099516402	0.10237404200552414	0.16455560971871303	0.19735917363052863	0.2313529797514789	-0.018611218439792465	0.09146129563619997	0.10237404200552414	0.9858654461067368	0.1677159325986246	0.11393434812709301	0.16357833606255112	0.06499086236724158	0.155380480960996	0.16455560971871303	0.1677159325986246	0.29662809399148343	0.167826639554718	0.2026259274083745	0.0894822787736634	0.18692396174636272	0.19735917363052863	0.11393434812709301	0.167826639554718	0.21162645277553024	0.23305038101139214	0.1266772514583859	0.22091416343681067	0.2313529797514789	0.16357833606255112	0.2026259274083745	0.23305038101139214	0.33868549410317206
0.48495785096822575	0.06401697790061155	0.06866266810189112	-0.028644390322670715	0.04496020068839961	0.07320472897897248	0.17963196053010372	0.06401697790061155	0.25433651307138716	0.2311733830042724	0.14879251044127856	0.1889610303616484	0.2342160755461059	0.32409351866153147	0.06866266810189112	0.2311733830042724	0.2646594549068104	0.16387556708477258	0.20119801301676912	0.24871127247438507	0.33834628071849754	-0.028644390322670715	0.14879251044127856	0.16387556708477258	1.1226045615928044	0.25612950966345116	0.17489116126194568	0.3233912478253316	0.04496020068839961	0.1889610303616484	0.20119801301676912	0.25612950966345116	0.38289131515869507	0.20510723646463228	0.2997237325884945	0.07320472897897248	0.2342160755461059	0.24871127247438507	0.17489116126194568	0.20510723646463228	0.2604955351935952	0.3388542223123981	0.17963196053010372	0.32409351866153147	0.33834628071849754	0.3233912478253316	0.2997237325884945	0.3388542223123981	0.6322274777476371
0.4106817964595685	0.09453176504005922	0.09461551189879139	-0.04513758218392864	0.021427701321208553	0.08615211589559668	0.17275851693389954	0.09453176504005922	0.24074002023132723	0.2323066391853786	0.0959218964544519	0.1272804755615206	0.2207220640518618	0.29944470365580017	0.09461551189879139	0.2323066391853786	0.24647417427470528	0.09696952037410456	0.12811411530720865	0.22350224868004587	0.30249414338796066	-0.04513758218392864	0.0959218964544519	0.09696952037410456	1.1296329745774414	0.29962012922650527	0.12545576904372	0.2176591708112727	0.021427701321208553	0.1272804755615206	0.12811411530720865	0.29962012922650527	0.5290530378665766	0.12464983380074625	0.20713442267306587	0.08615211589559668	0.2207220640518618	0.22350224868004587	0.12545576904372	0.12464983380074625	0.28028221506347367	0.28699778999226955	0.17275851693389954	0.29944470365580017	0.30249414338796066	0.2176591708112727	0.20713442267306587	0.28699778999226955	0.5185442325424451
