0.12753173014840938	0.08669568550578347	0.001396781740099791	0.09428241335174638	0.10161868198963726	0.09113540425494807	0.09489039865233173	0.0988772986907456	-0.04373079716220059	0.06231480815227924	0.08669568550578347	0.13020331693597947	0.021993350637168792	0.09135173635145626	0.09423502538975276	0.08763388547953961	0.0860198077157801	0.09645246532063712	-0.04053103400799835	0.05691138776467826	0.001396781740099791	0.021993350637168792	0.2975266362578298	0.02898761848137505	0.07139240657918823	0.022178735921105086	0.09291766256020578	0.029958009435839723	-0.1659230510337267	0.028216845593706692	0.09428241335174638	0.09135173635145626	0.02898761848137505	0.1388142369407322	0.10337716269920516	0.09556326908293986	0.09465620534888317	0.10276562029087376	-0.030899133973894342	0.06639051406992948	0.10161868198963726	0.09423502538975276	0.07139240657918823	0.10337716269920516	0.2076506729982851	0.0999698958459421	0.08830456630234607	0.10787113795513177	-0.006276478806336694	0.07153772364061692	0.09113540425494807	0.08763388547953961	0.022178735921105086	0.09556326908293986	0.0999698958459421	0.10774156666994902	0.09175239157787574	0.10032544267817867	-0.03641913603861277	0.06299842619199217	0.09489039865233173	0.0860198077157801	0.09291766256020578	0.09465620534888317	0.08830456630234607	0.09175239157787574	0.1442792116601389	0.09982365123471203	-0.013127408603595807	0.060847195945189954	0.0988772986907456	0.09645246532063712	0.029958009435839723	0.10276562029087376	0.10787113795513177	0.10032544267817867	0.09982365123471203	0.14128132386147146	-0.027569911003971846	0.07185801713754447	-0.04373079716220059	-0.04053103400799835	-0.1659230510337267	-0.030899133973894342	-0.006276478806336694	-0.03641913603861277	-0.013127408603595807	-0.027569911003971846	0.3629606294936939	-0.06710645916965996	0.06231480815227924	0.05691138776467826	0.028216845593706692	0.06639051406992948	0.07153772364061692	0.06299842619199217	0.060847195945189954	0.07185801713754447	-0.06710645916965996	0.1509644783506186
0.15091611665795107	0.1075237852189542	0.010449574551278776	0.11176605062148706	0.1182435744031602	0.10779968828876924	0.10769452993624042	0.11514576660286796	-0.07880343750206625	0.0692556480549036	0.1075237852189542	0.13604908017895273	0.03641851635158788	0.11117556920685322	0.11149740323896547	0.10687626206778862	0.10096113087249001	0.11451879950115176	-0.0705973691120484	0.06667785541991311	0.010449574551278776	0.03641851635158788	0.37788201376358477	0.041128560702704924	0.10778985832383546	0.0319777972950429	0.11509542728561017	0.04146961534877042	-0.22524100095763444	0.04473012968908826	0.11176605062148706	0.11117556920685322	0.041128560702704924	0.15959960917237934	0.11805246827215007	0.11143670824730147	0.10626252992609675	0.11822847665118558	-0.06343047476303945	0.07274058798780508	0.1182435744031602	0.11149740323896547	0.10778985832383546	0.11805246827215007	0.2855192854782957	0.11355214783319519	0.09072016456624722	0.1203706344995207	-0.017318899423093604	0.0775434610441628	0.10779968828876924	0.10687626206778862	0.0319777972950429	0.11143670824730147	0.11355214783319519	0.12786573876400478	0.10261293323879626	0.11483488546609216	-0.07139165624695913	0.06831883987591676	0.10769452993624042	0.10096113087249001	0.11509542728561017	0.10626252992609675	0.09072016456624722	0.10261293323879626	0.1621686216194027	0.10960174736063107	-0.04148519689360283	0.0623228815319748	0.11514576660286796	0.11451879950115176	0.04146961534877042	0.11822847665118558	0.1203706344995207	0.11483488546609216	0.10960174736063107	0.1427172514969265	-0.062160713821577396	0.07644661007119335	-0.07880343750206625	-0.0705973691120484	-0.22524100095763444	-0.06343047476303945	-0.017318899423093604	-0.07139165624695913	-0.04148519689360283	-0.062160713821577396	0.4984342238948437	-0.11379511288653697	0.0692556480549036	0.06667785541991311	0.04473012968908826	0.07274058798780508	0.0775434610441628	0.06831883987591676	0.0623228815319748	0.07644661007119335	-0.11379511288653697	0.18223270926210752
0.14505763423601986	0.021726183991522208	0.07422369182140579	0.09399350483811159	0.1354085615735163	0.12145661170507514	0.1242969915377867	0.13187590121804801	-0.09735306599576124	0.12225985611987243	0.021726183991522208	0.49840962605986977	-0.0009634670094455103	0.11015232353923766	0.021057067330685166	0.017932615378147408	0.017796540783822222	0.05297187602293419	-0.19685372180801355	0.017057769106248594	0.07422369182140579	-0.0009634670094455103	0.29544827116358285	0.06867235912627173	0.16646217161256308	0.07879075465128084	0.11453146173371433	0.08706620641507361	-0.20626341946722487	0.08605454640792701	0.09399350483811159	0.11015232353923766	0.06867235912627173	0.7214213509273102	0.134848732869	0.09298418355535591	0.09700645639130269	0.08868326272281392	-0.08096652883119343	0.09333486168684225	0.1354085615735163	0.021057067330685166	0.16646217161256308	0.134848732869	0.3696152223297648	0.12993892421436815	0.11163349161594582	0.1414839307555285	0.01578631026859134	0.12860786350866246	0.12145661170507514	0.017932615378147408	0.07879075465128084	0.09298418355535591	0.12993892421436815	0.13995380538900423	0.12080693793599931	0.13014882601847058	-0.09480913723589506	0.12005670951305118	0.1242969915377867	0.017796540783822222	0.11453146173371433	0.09700645639130269	0.11163349161594582	0.12080693793599931	0.15617387992498893	0.1320762928909888	-0.06591604696247454	0.1204665505466867	0.13187590121804801	0.05297187602293419	0.08706620641507361	0.08868326272281392	0.1414839307555285	0.13014882601847058	0.1320762928909888	0.21541137576778624	-0.08350529816378828	0.1308725370269229	-0.09735306599576124	-0.19685372180801355	-0.20626341946722487	-0.08096652883119343	0.01578631026859134	-0.09480913723589506	-0.06591604696247454	-0.08350529816378828	0.5542035319831731	-0.09151253984146637	0.12225985611987243	0.017057769106248594	0.08605454640792701	0.09333486168684225	0.12860786350866246	0.12005670951305118	0.1204665505466867	0.1308725370269229	-0.09151253984146637	0.13716175067717426
0.17544679931197493	0.125106792129317	0.03111307916064436	0.1273949254014968	0.132445219600351	0.12373831824071112	0.12322435920650636	0.13156536076114406	-0.12679724781995563	0.07640895661939684	0.125106792129317	0.14607135251526715	0.062076723704602814	0.12861419124126122	0.12467094185859601	0.12482544029614964	0.1179082690129777	0.13291989598736187	-0.11058489087309412	0.07544808057303631	0.03111307916064436	0.062076723704602814	0.3979630087661848	0.06528609664300544	0.1410696391987619	0.05680924077229657	0.12452291520218599	0.06614891633750422	-0.27673961624944615	0.06863525074742916	0.1273949254014968	0.12861419124126122	0.06528609664300544	0.17514021104919605	0.12977266575079374	0.12742432820454463	0.1211189187878466	0.13462722773058106	-0.10455957099131619	0.07952314721932693	0.132445219600351	0.12467094185859601	0.1410696391987619	0.12977266575079374	0.33897172574563356	0.12536487515172118	0.098680418796013	0.13287893158541553	-0.029872181792454613	0.08141029462113192	0.12373831824071112	0.12482544029614964	0.05680924077229657	0.12742432820454463	0.12536487515172118	0.14403190979767705	0.11780945889856471	0.13169814832815702	-0.11360707564249473	0.07535200698597862	0.12322435920650636	0.1179082690129777	0.12452291520218599	0.1211189187878466	0.098680418796013	0.11780945889856471	0.17119535566617317	0.12551817697297865	-0.07787747036634673	0.06754377146345492	0.13156536076114406	0.13291989598736187	0.06614891633750422	0.13462722773058106	0.13287893158541553	0.13169814832815702	0.12551817697297865	0.16601408073808183	-0.10323221176226424	0.0844978488537493	-0.12679724781995563	-0.11058489087309412	-0.27673961624944615	-0.10455957099131619	-0.029872181792454613	-0.11360707564249473	-0.07787747036634673	-0.10323221176226424	0.6395324014628837	-0.1667171509051203	0.07640895661939684	0.07544808057303631	0.06863525074742916	0.07952314721932693	0.08141029462113192	0.07535200698597862	0.06754377146345492	0.0844978488537493	-0.1667171509051203	0.21474812475929225
0.14498916728830444	0.11542555489766199	0.07837265553269757	0.11917714637852952	0.12691510672854156	0.12183234266414183	0.12141066963089057	0.13052078832316213	-0.1576294942640281	0.11683467533016763	0.11542555489766199	0.17128021190996873	0.07966524791560911	0.11678167585158573	0.11227191064429853	0.11129885304935858	0.1084479442290966	0.1209586262029744	-0.16091379969077596	0.10545357621519262	0.07837265553269757	0.07966524791560911	0.3330315443699188	0.08601645922494652	0.14587862766548965	0.07995615541378115	0.12573318212938833	0.09051118566046518	-0.3001993440365293	0.08839234205673085	0.11917714637852952	0.11678167585158573	0.08601645922494652	0.457678135124908	0.13274679137482118	0.11617044705049363	0.11674614269762218	0.12102675384394011	-0.13069641584907268	0.11148083418385363	0.12691510672854156	0.11227191064429853	0.14587862766548965	0.13274679137482118	0.30358967691959626	0.12145558412770352	0.10293420851162055	0.1292488052089345	-0.05995777478934551	0.11503011006997904	0.12183234266414183	0.11129885304935858	0.07995615541378115	0.11617044705049363	0.12145558412770352	0.14269796469452917	0.11632694548718157	0.12675994177719596	-0.15751063521894623	0.11280870617114862	0.12141066963089057	0.1084479442290966	0.12573318212938833	0.11674614269762218	0.10293420851162055	0.11632694548718157	0.1565356630892617	0.12462245184803342	-0.11533874546240301	0.10959533940365002	0.13052078832316213	0.1209586262029744	0.09051118566046518	0.12102675384394011	0.1292488052089345	0.12675994177719596	0.12462245184803342	0.15963366016391026	-0.14514296090761744	0.12164076145230472	-0.1576294942640281	-0.16091379969077596	-0.3001993440365293	-0.13069641584907268	-0.05995777478934551	-0.15751063521894623	-0.11533874546240301	-0.14514296090761744	0.6708070908868323	-0.15921494432858674	0.11683467533016763	0.10545357621519262	0.08839234205673085	0.11148083418385363	0.11503011006997904	0.11280870617114862	0.10959533940365002	0.12164076145230472	-0.15921494432858674	0.14708268548814812
0.13165934021394318	0.10522862939498966	0.05086039755521183	0.11280405456873475	0.1174586866312968	0.10662965680567635	0.10685535540190107	0.1164351342775119	-0.11131877764616625	0.09514697491832062	0.10522862939498966	0.14691551058952232	0.05451503414649582	0.10740206618085318	0.10908431371971584	0.10056401769868402	0.09557183315140363	0.11101904091645624	-0.11281175217511828	0.08797372861130008	0.05086039755521183	0.05451503414649582	0.33719488092078004	0.061813782940776	0.09341608336441468	0.05073039026740088	0.14402139639457268	0.06309589467582577	-0.22054195082825578	0.05902992089663996	0.11280405456873475	0.10740206618085318	0.061813782940776	0.15937861734557643	0.11835590078723632	0.1084469949607418	0.10481555573082532	0.11764157643966922	-0.1015341830497771	0.09668927989889235	0.1174586866312968	0.10908431371971584	0.09341608336441468	0.11835590078723632	0.23589353772655158	0.1122702765067003	0.0881434399256575	0.12135176187929292	-0.06398601932261143	0.10012331596553466	0.10662965680567635	0.10056401769868402	0.05073039026740088	0.1084469949607418	0.1122702765067003	0.13166946269799343	0.09999615779279153	0.11210092619973452	-0.11365629580798894	0.09048228739252613	0.10685535540190107	0.09557183315140363	0.14402139639457268	0.10481555573082532	0.0881434399256575	0.09999615779279153	0.17792282393000483	0.10861410513211635	-0.049321889145043527	0.08424107534181388	0.1164351342775119	0.11101904091645624	0.06309589467582577	0.11764157643966922	0.12135176187929292	0.11210092619973452	0.10861410513211635	0.14422187178607043	-0.10044336412416287	0.10056495204531915	-0.11131877764616625	-0.11281175217511828	-0.22054195082825578	-0.1015341830497771	-0.06398601932261143	-0.11365629580798894	-0.049321889145043527	-0.10044336412416287	0.5455598079858732	-0.12398256216330675	0.09514697491832062	0.08797372861130008	0.05902992089663996	0.09668927989889235	0.10012331596553466	0.09048228739252613	0.08424107534181388	0.10056495204531915	-0.12398256216330675	0.14767110305213146
0.12139993253205639	0.0803951941264405	0.02581568621640446	0.09350485038959219	0.10196341805740299	0.09168763588405968	0.09559735378955872	0.09907447298844713	-0.0718394065492946	0.08604638120557628	0.0803951941264405	0.16033603146731903	0.02324888352000328	0.08673831407366499	0.08758858864934536	0.0788198532353683	0.07102869935829577	0.08713708075639559	-0.08243771376608543	0.07216221659007502	0.02581568621640446	0.02324888352000328	0.3729896484683699	0.041093759081304755	0.05380790987005938	0.030434866431013965	0.180080425343279	0.03926476776201024	-0.14334806032587596	0.03583008124019034	0.09350485038959219	0.08673831407366499	0.041093759081304755	0.2838090844970523	0.10413789829158446	0.09265625486910152	0.09257099541030213	0.09852416349710494	-0.0583112882422352	0.0870030929099372	0.10196341805740299	0.08758858864934536	0.05380790987005938	0.10413789829158446	0.1878412255573214	0.10000229963521368	0.07313450701415312	0.10700281966596338	-0.0460036089955862	0.09411635359143078	0.09168763588405968	0.0788198532353683	0.030434866431013965	0.09265625486910152	0.10000229963521368	0.11257373178215743	0.08680047052656062	0.09791125134423193	-0.07075591237452433	0.08467325160400192	0.09559735378955872	0.07102869935829577	0.180080425343279	0.09257099541030213	0.07313450701415312	0.08680047052656062	0.20852507190742126	0.09261024151323236	0.0017841560455467281	0.07684488468432565	0.09907447298844713	0.08713708075639559	0.03926476776201024	0.09852416349710494	0.10700281966596338	0.09791125134423193	0.09261024151323236	0.12081748894634184	-0.061860010129799546	0.09211583799020856	-0.0718394065492946	-0.08243771376608543	-0.14334806032587596	-0.0583112882422352	-0.0460036089955862	-0.07075591237452433	0.0017841560455467281	-0.061860010129799546	0.4291276721398068	-0.07648405865702812	0.08604638120557628	0.07216221659007502	0.03583008124019034	0.0870030929099372	0.09411635359143078	0.08467325160400192	0.07684488468432565	0.09211583799020856	-0.07648405865702812	0.12035089003921653
0.1073400753698487	0.07739671200187581	-0.0003856255205604859	0.08529078573446533	0.08952267993793096	0.07334698176930234	0.08327640342107186	0.0884941038126836	-0.02698300595685466	0.07564730069055252	0.07739671200187581	0.11963707663647014	0.0032050321883434433	0.08112639863527824	0.0838741417170554	0.06846739797324926	0.06791676351316059	0.08417086384493613	-0.030704625258517283	0.07022374905151267	-0.0003856255205604859	0.0032050321883434433	0.44111234981270614	0.012245087051092021	0.021528618795283137	-0.0067617777078958635	0.20766823910306575	0.01254282199487762	-0.10639191686834423	0.009959274307632417	0.08529078573446533	0.08112639863527824	0.012245087051092021	0.13679450874398333	0.09244615623414527	0.0768058700503375	0.07874606614403207	0.09117504320155295	-0.02049241334062518	0.0787424491157685	0.08952267993793096	0.0838741417170554	0.021528618795283137	0.09244615623414527	0.14846814522228868	0.08083752061877142	0.06589790341863808	0.09532282701742513	-0.012685690177712513	0.08257066798261727	0.07334698176930234	0.06846739797324926	-0.0067617777078958635	0.0768058700503375	0.08083752061877142	0.11463554360777874	0.07150671427352251	0.07999488309670193	-0.035713229380623115	0.06689144998618203	0.08327640342107186	0.06791676351316059	0.20766823910306575	0.07874606614403207	0.06589790341863808	0.07150671427352251	0.2192747518709497	0.08167135750969788	0.023864560990901233	0.06646395757870811	0.0884941038126836	0.08417086384493613	0.01254282199487762	0.09117504320155295	0.09532282701742513	0.07999488309670193	0.08167135750969788	0.1149253639684481	-0.018599752943482085	0.08203089053693577	-0.02698300595685466	-0.030704625258517283	-0.10639191686834423	-0.02049241334062518	-0.012685690177712513	-0.035713229380623115	0.023864560990901233	-0.018599752943482085	0.31150292797493995	-0.03265936653107421	0.07564730069055252	0.07022374905151267	0.009959274307632417	0.0787424491157685	0.08257066798261727	0.06689144998618203	0.06646395757870811	0.08203089053693577	-0.03265936653107421	0.10567163232887648
0.11963607177469815	0.08021374543557822	-0.01997573727628657	0.09069357297819723	0.09345222767705397	0.07010116162844629	0.0790526414934825	0.09472427556090604	-0.02704786128796171	0.08525191414809438	0.08021374543557822	0.13557630599895465	-0.014971700852976808	0.0847366447468091	0.0860714850396733	0.06318040925243681	0.05828530435381721	0.08880671160052078	-0.032858010279744145	0.07795223336923562	-0.01997573727628657	-0.014971700852976808	0.5857589682093866	-0.0031997287663454005	0.0001955481313114793	-0.03557176423633611	0.26607115562941086	-0.0029851324123998796	-0.11911911530854503	-0.004528063370044627	0.09069357297819723	0.0847366447468091	-0.0031997287663454005	0.1413381083957616	0.09701122714421494	0.07450389136241604	0.07245811622561847	0.09794439340430737	-0.01968773672650652	0.08894899681489953	0.09345222767705397	0.0860714850396733	0.0001955481313114793	0.09701122714421494	0.1287630835690425	0.07709508408725713	0.06389306078056203	0.10089047507038101	-0.01593915229028507	0.09139610841252513	0.07010116162844629	0.06318040925243681	-0.03557176423633611	0.07450389136241604	0.07709508408725713	0.13947168481067332	0.061245111688109574	0.07858505770394877	-0.04450762669696731	0.06870315792334974	0.0790526414934825	0.05828530435381721	0.26607115562941086	0.07245811622561847	0.06389306078056203	0.061245111688109574	0.2443856759362242	0.07636692705588025	0.021284727051658257	0.06481597452850724	0.09472427556090604	0.08880671160052078	-0.0029851324123998796	0.09794439340430737	0.10089047507038101	0.07858505770394877	0.07636692705588025	0.1280944199134536	-0.01685941476115372	0.09307071962146456	-0.02704786128796171	-0.032858010279744145	-0.11911911530854503	-0.01968773672650652	-0.01593915229028507	-0.04450762669696731	0.021284727051658257	-0.01685941476115372	0.3294104652410053	-0.027399257528414565	0.08525191414809438	0.07795223336923562	-0.004528063370044627	0.08894899681489953	0.09139610841252513	0.06870315792334974	0.06481597452850724	0.09307071962146456	-0.027399257528414565	0.10516772470288484
0.13304727244242665	0.10286106847199002	0.009518053327249748	0.11014083275526436	0.11344056917536233	0.09708492539939063	0.0929710254860844	0.11282953469445586	-0.07770130732623717	0.08732601935792159	0.10286106847199002	0.14363948196843418	0.013935774506499925	0.1058862152642076	0.10787910341218133	0.0923095233100087	0.07798851735302109	0.1084537725868196	-0.08055880191371936	0.08150602300367632	0.009518053327249748	0.013935774506499925	0.5190818398331067	0.02220268124366753	0.03225446596131476	0.0010693706062168684	0.2361824584320638	0.02234724097812705	-0.17321955886077003	0.022270618219545298	0.11014083275526436	0.1058862152642076	0.02220268124366753	0.1500496690352035	0.1157932071266668	0.10002678527074163	0.08797571737739909	0.1151437895987256	-0.07009305304158608	0.08998072695900054	0.11344056917536233	0.10787910341218133	0.03225446596131476	0.1157932071266668	0.17599947887952247	0.10322408552950871	0.07373993575403184	0.11818633033507958	-0.059155202003641986	0.09323880545155812	0.09708492539939063	0.0923095233100087	0.0010693706062168684	0.10002678527074163	0.10322408552950871	0.14359663638853012	0.08037307340723797	0.10270163785765861	-0.08851111261951392	0.07684974492915678	0.0929710254860844	0.07798851735302109	0.2361824584320638	0.08797571737739909	0.07373993575403184	0.08037307340723797	0.2350033538298739	0.09023445505781799	-0.0008913286647305799	0.06308083951388263	0.11282953469445586	0.1084537725868196	0.02234724097812705	0.1151437895987256	0.11818633033507958	0.10270163785765861	0.09023445505781799	0.13375350678900122	-0.06911363325026658	0.09278568293740605	-0.07770130732623717	-0.08055880191371936	-0.17321955886077003	-0.07009305304158608	-0.059155202003641986	-0.08851111261951392	-0.0008913286647305799	-0.06911363325026658	0.4882621325220895	-0.09826634057876368	0.08732601935792159	0.08150602300367632	0.022270618219545298	0.08998072695900054	0.09323880545155812	0.07684974492915678	0.06308083951388263	0.09278568293740605	-0.09826634057876368	0.15008718398749438
0.12615018755996127	0.08754539990727896	0.04215507284762202	0.1094364091548857	0.11291418951006955	0.09791747645089201	0.10056854803130696	0.11275053199267952	-0.09305598642618565	0.09830861629437002	0.08754539990727896	0.19621487586880534	0.028106704716235928	0.09092864495070355	0.0915757443907964	0.07692591908758283	0.06967243208284471	0.09366906257968718	-0.11440988083530565	0.07619101195630822	0.04215507284762202	0.028106704716235928	0.40162624256876794	0.04946979644331621	0.05583549454543827	0.03225560987090875	0.20572855105483043	0.05045792303038581	-0.1575814911480254	0.046150287966639225	0.1094364091548857	0.09092864495070355	0.04946979644331621	0.1596209409223441	0.11437935068728367	0.09967510816072601	0.09660172724397718	0.11382731798518027	-0.08642092735399301	0.09976614659491498	0.11291418951006955	0.0915757443907964	0.05583549454543827	0.11437935068728367	0.1644129353940872	0.10311391088142867	0.0841970771672246	0.11738870704311935	-0.07720298991697634	0.10306272774982826	0.09791747645089201	0.07692591908758283	0.03225560987090875	0.09967510816072601	0.10311391088142867	0.13961223048901844	0.09038292997207717	0.10296200776111816	-0.10415724836044124	0.08828798000609159	0.10056854803130696	0.06967243208284471	0.20572855105483043	0.09660172724397718	0.0841970771672246	0.09038292997207717	0.225087629616866	0.09959269025501107	0.003506739384779904	0.08150196761279355	0.11275053199267952	0.09366906257968718	0.05045792303038581	0.11382731798518027	0.11738870704311935	0.10296200776111816	0.09959269025501107	0.1364739988894163	-0.08555128502750908	0.10318367559931094	-0.09305598642618565	-0.11440988083530565	-0.1575814911480254	-0.08642092735399301	-0.07720298991697634	-0.10415724836044124	0.003506739384779904	-0.08555128502750908	0.5157203184877996	-0.10244454329530861	0.09830861629437002	0.07619101195630822	0.046150287966639225	0.09976614659491498	0.10306272774982826	0.08828798000609159	0.08150196761279355	0.10318367559931094	-0.10244454329530861	0.1348926098453219
0.183051675320465	0.09535856401802954	0.13244490158397731	0.13744474048103503	0.15391172750025783	0.1557488870727917	0.15682903467914056	0.17506225114287585	-0.23382063364784586	0.16711422434680984	0.09535856401802954	0.4383680512770937	0.07685924024183527	0.1457421266489366	0.06984008493374434	0.07867119354155516	0.07794338228217892	0.10945946168291643	-0.30998925344650774	0.090192249553365	0.13244490158397731	0.07685924024183527	0.41181345564281036	0.12013637198294237	0.20328344134209977	0.11321194891928528	0.17581977629106812	0.13951091843709548	-0.3771269593763164	0.1381033623689484	0.13744474048103503	0.1457421266489366	0.12013637198294237	0.7275347735447608	0.16282035745598591	0.12539112949367387	0.1300250214595962	0.13416657674411964	-0.18524712916393293	0.13496019382968313	0.15391172750025783	0.06984008493374434	0.20328344134209977	0.16282035745598591	0.4390613908381403	0.14378714849692076	0.10800442694658635	0.1575030828439339	-0.04137497460285415	0.14804797331252828	0.1557488870727917	0.07867119354155516	0.11321194891928528	0.12539112949367387	0.14378714849692076	0.2152035455279368	0.14388881177170298	0.16099539304388424	-0.25711678482738926	0.15278030975779938	0.15682903467914056	0.07794338228217892	0.17581977629106812	0.1300250214595962	0.10800442694658635	0.14388881177170298	0.19995819190024816	0.16112059406699852	-0.17334491194031365	0.1516270954230145	0.17506225114287585	0.10945946168291643	0.13951091843709548	0.13416657674411964	0.1575030828439339	0.16099539304388424	0.16112059406699852	0.2220032292594202	-0.22374918404619207	0.17195712712526487	-0.23382063364784586	-0.30998925344650774	-0.3771269593763164	-0.18524712916393293	-0.04137497460285415	-0.25711678482738926	-0.17334491194031365	-0.22374918404619207	0.9985253551755182	-0.2309819879502102	0.16711422434680984	0.090192249553365	0.1381033623689484	0.13496019382968313	0.14804797331252828	0.15278030975779938	0.1516270954230145	0.17195712712526487	-0.2309819879502102	0.1792766765200747
0.16360463788902316	0.11505596383810299	0.05309291053417575	0.12952928195827818	0.13817531066788355	0.14007863716978525	0.12502288326129204	0.14527832597284288	-0.15171986294422837	0.11179867108003341	0.11505596383810299	0.2441112523847338	0.046290079125166694	0.12356536354932013	0.10707908760833716	0.11338035269387374	0.09473503730105125	0.12056004974554428	-0.17500365092006248	0.08142001847492784	0.05309291053417575	0.046290079125166694	0.4850458314583943	0.0696925052412312	0.1478543055946297	0.06248911652628075	0.16579200346375073	0.06840990586552538	-0.3381526674335301	0.0754456929404902	0.12952928195827818	0.12356536354932013	0.0696925052412312	0.5053568625793314	0.14398688430791964	0.1289968752784233	0.11859897985807728	0.13096116046408984	-0.12422770319111026	0.1035735852340705	0.13817531066788355	0.10707908760833716	0.1478543055946297	0.14398688430791964	0.35790881559915594	0.13473185520295353	0.09216215875974071	0.139747694616322	-0.05727972363859223	0.11030744759740373	0.14007863716978525	0.11338035269387374	0.06248911652628075	0.1289968752784233	0.13473185520295353	0.15181229582861355	0.12120535648941634	0.14402923896255024	-0.1479621724384995	0.11037649247953434	0.12502288326129204	0.09473503730105125	0.16579200346375073	0.11859897985807728	0.09216215875974071	0.12120535648941634	0.19274998438605592	0.12647178231434975	-0.09961029283418575	0.09270571291041597	0.14527832597284288	0.12056004974554428	0.06840990586552538	0.13096116046408984	0.139747694616322	0.14402923896255024	0.12647178231434975	0.16968379927712873	-0.14100579700831117	0.11613343567506364	-0.15171986294422837	-0.17500365092006248	-0.3381526674335301	-0.12422770319111026	-0.05727972363859223	-0.1479621724384995	-0.09961029283418575	-0.14100579700831117	0.7576005989814678	-0.1806692914185143	0.11179867108003341	0.08142001847492784	0.0754456929404902	0.1035735852340705	0.11030744759740373	0.11037649247953434	0.09270571291041597	0.11613343567506364	-0.1806692914185143	0.1927195711100356
0.13727610019766728	0.09871645180456548	0.010706672789192408	0.11408742524352335	0.11931423844366924	0.10542626141122581	0.09606976625126251	0.11649860100471973	-0.0818156977390726	0.0905815374871949	0.09871645180456548	0.17575895516753956	0.010832381243186097	0.10174072124664099	0.10369325148762727	0.09198808775958595	0.07417519297336245	0.1039502361460804	-0.09336885350886685	0.0753730290507541	0.010706672789192408	0.010832381243186097	0.5093628363642383	0.02524628636684993	0.05851142560324501	0.009379501006613	0.21172964331162766	0.025288153220582317	-0.1995343124081722	0.027686415952417564	0.11408742524352335	0.10174072124664099	0.02524628636684993	0.14876747283312242	0.12079879173273164	0.1078960640582459	0.09215758804006374	0.11852128969442005	-0.07395505002374844	0.09287967682804169	0.11931423844366924	0.10369325148762727	0.05851142560324501	0.12079879173273164	0.25486081696531504	0.11260446240166262	0.06664172941757973	0.12259775931781391	-0.044091899236885224	0.09824823131266096	0.10542626141122581	0.09198808775958595	0.009379501006613	0.1078960640582459	0.11260446240166262	0.138827056533715	0.08623911044262432	0.11030124815114173	-0.08720198217477144	0.08412359670353382	0.09606976625126251	0.07417519297336245	0.21172964331162766	0.09215758804006374	0.06664172941757973	0.08623911044262432	0.2213217958945587	0.09428370817646436	-0.01880760595232098	0.06760364726707146	0.11649860100471973	0.1039502361460804	0.025288153220582317	0.11852128969442005	0.12259775931781391	0.11030124815114173	0.09428370817646436	0.13500531910221056	-0.07313540212774419	0.09538810778141954	-0.0818156977390726	-0.09336885350886685	-0.1995343124081722	-0.07395505002374844	-0.044091899236885224	-0.08720198217477144	-0.01880760595232098	-0.07313540212774419	0.5132010570133151	-0.10267154679827774	0.0905815374871949	0.0753730290507541	0.027686415952417564	0.09287967682804169	0.09824823131266096	0.08412359670353382	0.06760364726707146	0.09538810778141954	-0.10267154679827774	0.1543958955575804
0.1661137403044856	0.13196831951694954	0.024222775461208663	0.1441297896631211	0.14423880421654972	0.1396197991214167	0.11362475102654347	0.14763704582374115	-0.13587643748494946	0.09526154122467533	0.13196831951694954	0.20245324895563643	0.02478296255503746	0.1333678089738694	0.12744843205748843	0.12697735000967098	0.09540037008288046	0.1357280389970347	-0.14669712421641523	0.07936874683591784	0.024222775461208663	0.02478296255503746	0.5972716856286465	0.03898176542348842	0.11887836598276796	0.025317420292885986	0.219521849329109	0.037603554829559405	-0.29470011770905763	0.05365410205458826	0.1441297896631211	0.1333678089738694	0.03898176542348842	0.20679118366767393	0.1451062026783976	0.13960437476835727	0.11074838047753523	0.1471102510938364	-0.12587944004858742	0.09593323683114954	0.14423880421654972	0.12744843205748843	0.11887836598276796	0.1451062026783976	0.4258791008235745	0.13858535469279368	0.056394534671590696	0.14524129101877106	-0.04285028674987728	0.10182884315550818	0.1396197991214167	0.12697735000967098	0.025317420292885986	0.13960437476835727	0.13858535469279368	0.16469887941891279	0.10620615525806265	0.14301694693167843	-0.1390359801821224	0.09036980862290402	0.11362475102654347	0.09540037008288046	0.219521849329109	0.11074838047753523	0.056394534671590696	0.10620615525806265	0.2360692872852302	0.11271189467364254	-0.06738716365583056	0.06216909860837533	0.14763704582374115	0.1357280389970347	0.037603554829559405	0.1471102510938364	0.14524129101877106	0.14301694693167843	0.11271189467364254	0.16323447977780078	-0.12777186184895298	0.09900364899323885	-0.13587643748494946	-0.14669712421641523	-0.29470011770905763	-0.12587944004858742	-0.04285028674987728	-0.1390359801821224	-0.06738716365583056	-0.12777186184895298	0.7424034834751736	-0.18955290647244588	0.09526154122467533	0.07936874683591784	0.05365410205458826	0.09593323683114954	0.10182884315550818	0.09036980862290402	0.06216909860837533	0.09900364899323885	-0.18955290647244588	0.2223361933694217
0.17592529023782458	0.12652209029270065	0.022042704676182308	0.1388600571404141	0.14199066088593248	0.13524802198812008	0.11626008919710502	0.14238080008973872	-0.13712932221547852	0.08698785687457107	0.12652209029270065	0.19416061104046467	0.031571226227340786	0.13051634110253083	0.12935354524960033	0.12648590705788393	0.09484418404107907	0.1350191173551652	-0.14004843996393324	0.0746459429349001	0.022042704676182308	0.031571226227340786	0.5416659733315105	0.04342134447709348	0.08191622693664459	0.03647207721118884	0.22096914428320383	0.04503343882259083	-0.26427843772278337	0.051320617628321887	0.1388600571404141	0.13051634110253083	0.04342134447709348	0.15998791499575563	0.14334816014947055	0.13915377516116822	0.10906516551512063	0.1460367558728477	-0.1236917450239078	0.09065705752815618	0.14199066088593248	0.12935354524960033	0.08191622693664459	0.14334816014947055	0.3117993799993179	0.13988217714356463	0.07389852273660585	0.1469394650753423	-0.07555821389104081	0.09574226625514688	0.13524802198812008	0.12648590705788393	0.03647207721118884	0.13915377516116822	0.13988217714356463	0.15345579259863543	0.10653846167815144	0.14280539777197485	-0.13037324055628574	0.08685531774720093	0.11626008919710502	0.09484418404107907	0.22096914428320383	0.10906516551512063	0.07389852273660585	0.10653846167815144	0.23883365390316033	0.11396335614832112	-0.04543469287237593	0.05645003138762403	0.14238080008973872	0.1350191173551652	0.04503343882259083	0.1460367558728477	0.1469394650753423	0.14280539777197485	0.11396335614832112	0.1777951350268599	-0.1206572204936166	0.0953841374152178	-0.13712932221547852	-0.14004843996393324	-0.26427843772278337	-0.1236917450239078	-0.07555821389104081	-0.13037324055628574	-0.04543469287237593	-0.1206572204936166	0.702499893614437	-0.18687583340112388	0.08698785687457107	0.0746459429349001	0.051320617628321887	0.09065705752815618	0.09574226625514688	0.08685531774720093	0.05645003138762403	0.0953841374152178	-0.18687583340112388	0.22492296314603974
0.15146436990420845	0.09950232916526462	0.04096546119332632	0.10694184956675817	0.14275884435032374	0.13206647650022774	0.11138553998742899	0.1386021130751907	-0.11838264420048011	0.09653638473082396	0.09950232916526462	0.2729495748805118	0.017723599721562042	0.1296079709753959	0.1029973644217947	0.09589598623741577	0.06983146904928927	0.10411599542038827	-0.15353241963509787	0.05392283627528378	0.04096546119332632	0.017723599721562042	0.5036437765450145	0.0700250118096598	0.1300005445128342	0.040777890528762115	0.20953250799154727	0.04902880968187061	-0.2158979170589448	0.051908085725468976	0.10694184956675817	0.1296079709753959	0.0700250118096598	0.9328743915479747	0.1739831798370536	0.10514507313814547	0.1033867129356561	0.10640548739628139	-0.06805084962327605	0.07726609654586268	0.14275884435032374	0.1029973644217947	0.1300005445128342	0.1739831798370536	0.532645693751728	0.1387285179102076	0.02483769474065054	0.14371146755413036	-0.0025005472420374375	0.11053441812218975	0.13206647650022774	0.09589598623741577	0.040777890528762115	0.10514507313814547	0.1387285179102076	0.15074713045608928	0.10556180320293895	0.1355062502170472	-0.1205831885754571	0.09320536000684335	0.11138553998742899	0.06983146904928927	0.20953250799154727	0.1033867129356561	0.02483769474065054	0.10556180320293895	0.24999759443637756	0.11074870841294433	-0.04187199291337429	0.0649527158894716	0.1386021130751907	0.10411599542038827	0.04902880968187061	0.10640548739628139	0.14371146755413036	0.1355062502170472	0.11074870841294433	0.15528368512818264	-0.1123874137348702	0.10014209548180394	-0.11838264420048011	-0.15353241963509787	-0.2158979170589448	-0.06805084962327605	-0.0025005472420374375	-0.1205831885754571	-0.04187199291337429	-0.1123874137348702	0.6751400630868669	-0.15929644999147172	0.09653638473082396	0.05392283627528378	0.051908085725468976	0.07726609654586268	0.11053441812218975	0.09320536000684335	0.0649527158894716	0.10014209548180394	-0.15929644999147172	0.20637259144186906
0.14690079534183556	0.09834335519962571	0.012298647268176175	0.1150876828155893	0.12726345594501348	0.11223063215480011	0.10962936433449753	0.12354987824334086	-0.052091341066166065	0.04706236304343125	0.09834335519962571	0.19150828428332686	0.008632257914469841	0.10385807845470073	0.11165930408734669	0.10046302121021322	0.08082343933032127	0.1171989612654608	-0.06334151954728982	0.0288827615478206	0.012298647268176175	0.008632257914469841	0.48914999433640943	0.02566110070345936	0.05639953034914812	0.021018184991343697	0.2349896753804944	0.03381398773932923	-0.12969221034562817	0.021068991999815524	0.1150876828155893	0.10385807845470073	0.02566110070345936	0.13552796031002456	0.1305053120189382	0.11749303814602102	0.09970017956275848	0.12840023574605355	-0.04349533193230406	0.05186277973100495	0.12726345594501348	0.11165930408734669	0.05639953034914812	0.1305053120189382	0.3669849646777127	0.12763516218212406	0.038252407597276765	0.1400039812298081	-0.003340773827673213	0.07018951763302768	0.11223063215480011	0.10046302121021322	0.021018184991343697	0.11749303814602102	0.12763516218212406	0.1278418829967209	0.09818852887615431	0.12622840740366045	-0.047681800798277274	0.04880085947083682	0.10962936433449753	0.08082343933032127	0.2349896753804944	0.09970017956275848	0.038252407597276765	0.09818852887615431	0.2786280002845881	0.1154033611764498	0.02754905062231848	0.023701925704088318	0.12354987824334086	0.1171989612654608	0.03381398773932923	0.12840023574605355	0.1400039812298081	0.12622840740366045	0.1154033611764498	0.21865357746226244	-0.03327808239121132	0.06554326252003181	-0.052091341066166065	-0.06334151954728982	-0.12969221034562817	-0.04349533193230406	-0.003340773827673213	-0.047681800798277274	0.02754905062231848	-0.03327808239121132	0.4673723549134511	-0.1205617294872768	0.04706236304343125	0.0288827615478206	0.021068991999815524	0.05186277973100495	0.07018951763302768	0.04880085947083682	0.023701925704088318	0.06554326252003181	-0.1205617294872768	0.2347848829660742
0.09936821517459632	0.057611115418029726	0.031568785654504876	0.08447797342383562	0.0970437176604596	0.07852848059312734	0.09169093302235029	0.09089741363685301	-0.028291912780842365	0.07847960770459958	0.057611115418029726	0.19869737895727116	0.0076704640751291886	0.06778932118399553	0.06643930517553367	0.048994094876480175	0.05366862934452393	0.06390584153902973	-0.058643859211012575	0.0478215269757245	0.031568785654504876	0.0076704640751291886	0.341493501157386	0.03961900497378177	0.053319680908402986	0.023449516599094604	0.1861487135868096	0.037693305118842405	-0.07905458191269694	0.03239786183291358	0.08447797342383562	0.06778932118399553	0.03961900497378177	0.29995955627024856	0.0986157865942425	0.07710918475625655	0.0913066087623751	0.08718676545302062	-0.0215312282354542	0.07679703414632702	0.0970437176604596	0.06643930517553367	0.053319680908402986	0.0986157865942425	0.2278438329672775	0.0894291248927533	0.05768482977311131	0.10097058382871044	-0.004751923065427901	0.08897353369658437	0.07852848059312734	0.048994094876480175	0.023449516599094604	0.07710918475625655	0.0894291248927533	0.11049807331355643	0.08411296365423214	0.08305513916089224	-0.03681161021153936	0.07047623961626263	0.09169093302235029	0.05366862934452393	0.1861487135868096	0.0913066087623751	0.05768482977311131	0.08411296365423214	0.22647558267053186	0.09221806108328141	0.035773993490361214	0.07575839970643994	0.09089741363685301	0.06390584153902973	0.037693305118842405	0.08718676545302062	0.10097058382871044	0.08305513916089224	0.09221806108328141	0.1155481158893269	-0.022866378987779882	0.08295327749878302	-0.028291912780842365	-0.058643859211012575	-0.07905458191269694	-0.0215312282354542	-0.004751923065427901	-0.03681161021153936	0.035773993490361214	-0.022866378987779882	0.3257755162365854	-0.03651748095561101	0.07847960770459958	0.0478215269757245	0.03239786183291358	0.07679703414632702	0.08897353369658437	0.07047623961626263	0.07575839970643994	0.08295327749878302	-0.03651748095561101	0.10894554208747234
