0.5783671355082888	-0.0740152653381622	0.06693429450979896	-0.022031883821825592	0.04190440072994209	0.06932053798772086	0.1045048723501716	-0.0740152653381622	0.3506348906667357	0.0914660369031954	-0.013890888674343294	0.06056886634764609	0.0935509668112429	0.128056077615144	0.06693429450979896	0.0914660369031954	0.42305469018178576	0.36540514469388563	0.35324608255621737	0.41170405803760823	0.4365944625147929	-0.022031883821825592	-0.013890888674343294	0.36540514469388563	1.1580979061544125	0.40559867513612935	0.3715895033989241	0.40774935637590765	0.04190440072994209	0.06056886634764609	0.35324608255621737	0.40559867513612935	0.5027775119351355	0.3539074819842906	0.3803164796831766	0.06932053798772086	0.0935509668112429	0.41170405803760823	0.3715895033989241	0.3539074819842906	0.42254635109246796	0.43592119450904937	0.1045048723501716	0.128056077615144	0.4365944625147929	0.40774935637590765	0.3803164796831766	0.43592119450904937	0.5273216791496125
0.7281866673589965	-0.1189225593590155	0.029197001089205053	-0.11142042508244693	-0.04526721111543793	0.03056693238087884	0.077590894245499	-0.1189225593590155	0.4291637546594608	0.08420363005660562	-0.08796963447750442	-0.01800067594443136	0.08513528070465201	0.13002548699797925	0.029197001089205053	0.08420363005660562	0.6364943526534653	0.5177946376695721	0.39507999843626246	0.62432029351377	0.6473859703465791	-0.11142042508244693	-0.08796963447750442	0.5177946376695721	1.5404195623376502	0.639082477691526	0.523581874357829	0.5677313139071625	-0.04526721111543793	-0.01800067594443136	0.39507999843626246	0.639082477691526	0.8209740315388667	0.3952726560462908	0.42841524138932224	0.03056693238087884	0.08513528070465201	0.62432029351377	0.523581874357829	0.3952726560462908	0.6339384826098303	0.6438826034638847	0.077590894245499	0.13002548699797925	0.6473859703465791	0.5677313139071625	0.42841524138932224	0.6438826034638847	0.7543882658760132
0.28360460981305496	0.08180097584683466	0.144429343070221	0.16101374370586047	0.19723788013129842	0.19887082175391677	0.23328262123856364	0.08180097584683466	0.2627703711498456	0.05495633534449852	0.05444748380511051	0.10971551832392243	0.11110455665880523	0.14895397939946414	0.144429343070221	0.05495633534449852	0.31449721278739495	0.1356755251374472	0.18741522141157718	0.19021624461897474	0.22947000103222726	0.16101374370586047	0.05444748380511051	0.1356755251374472	0.7640161884675544	0.21310554999393153	0.21103132230607716	0.25457731013260726	0.19723788013129842	0.10971551832392243	0.18741522141157718	0.21310554999393153	0.2552156074537655	0.23920961541276886	0.27212951183868694	0.19887082175391677	0.11110455665880523	0.19021624461897474	0.21103132230607716	0.23920961541276886	0.24970384736608855	0.2737306247173316	0.23328262123856364	0.14895397939946414	0.22947000103222726	0.25457731013260726	0.27212951183868694	0.2737306247173316	0.38381101909675414
0.49581327956338006	-0.03740486840735657	0.12622723739912906	0.0437456296556524	0.1062131115394668	0.12599805723339313	0.17398867476173352	-0.03740486840735657	0.3441090872639657	0.07915919563212613	-0.03078520127085975	0.05966008600618189	0.079466409791984	0.12950014825645412	0.12622723739912906	0.07915919563212613	0.3751903633104437	0.32094090507096723	0.3315805081235148	0.3649375563643785	0.402779348725763	0.0437456296556524	-0.03078520127085975	0.32094090507096723	1.179826623358998	0.35703434965218506	0.3276212557643576	0.382555431190569	0.1062131115394668	0.05966008600618189	0.3315805081235148	0.35703434965218506	0.43228999533516693	0.33011663110931466	0.3693131079125161	0.12599805723339313	0.079466409791984	0.3649375563643785	0.3276212557643576	0.33011663110931466	0.3797132100469524	0.3998565371985938	0.17398867476173352	0.12950014825645412	0.402779348725763	0.382555431190569	0.3693131079125161	0.3998565371985938	0.5326473337676092
0.2876710789381214	0.04217092713549432	0.17758572169305298	0.1353982715122385	0.1793561389659255	0.18205762277490595	0.207034180964949	0.04217092713549432	0.25761440364074384	0.0742641855790683	0.009784863605156006	0.07722403854295498	0.07956841314249825	0.10685910699426379	0.17758572169305298	0.0742641855790683	0.25153890900982534	0.19387059107887683	0.2319813529535635	0.23532174172492698	0.25938426201924863	0.1353982715122385	0.009784863605156006	0.19387059107887683	0.7657541699129531	0.20621546363068297	0.20385553519453503	0.23330383541190577	0.1793561389659255	0.07722403854295498	0.2319813529535635	0.20621546363068297	0.25763696973021855	0.23588751551327583	0.2596027097032105	0.18205762277490595	0.07956841314249825	0.23532174172492698	0.20385553519453503	0.23588751551327583	0.2509681845279591	0.26247069082224384	0.207034180964949	0.10685910699426379	0.25938426201924863	0.23330383541190577	0.2596027097032105	0.26247069082224384	0.3372492284063356
0.3784678236870223	0.02115226471616735	0.19633659392071307	0.11042423290961069	0.1535816763813458	0.1972882252960101	0.2486229323491012	0.02115226471616735	0.3216490030105402	0.0791813025826718	-0.04303452281110828	0.04499956775533747	0.08082632954988278	0.138681337211456	0.19633659392071307	0.0791813025826718	0.31773546820038356	0.23473295929899574	0.25215366014697466	0.30741317381328315	0.35318175521927647	0.11042423290961069	-0.04303452281110828	0.23473295929899574	1.1566725250809433	0.31123629131068986	0.24236320820235166	0.31523836925388327	0.1535816763813458	0.04499956775533747	0.25215366014697466	0.31123629131068986	0.4307379371387265	0.2532397820174684	0.30217819199352247	0.1972882252960101	0.08082632954988278	0.30741317381328315	0.24236320820235166	0.2532397820174684	0.3188027705092683	0.35244297017674947	0.2486229323491012	0.138681337211456	0.35318175521927647	0.31523836925388327	0.30217819199352247	0.35244297017674947	0.510026788521892
0.3513830345751422	0.045903007332925405	0.10844459665792512	0.026387612606766177	0.10894980623889963	0.1091501009954553	0.14316570743721008	0.045903007332925405	0.23441845821566834	0.13807085176088718	0.05316925844968228	0.13782892055296062	0.138539447728205	0.17166754348794283	0.10844459665792512	0.13807085176088718	0.23828703263353368	0.16313292404594143	0.22505052022275945	0.22583070356586304	0.2569825960827952	0.026387612606766177	0.05316925844968228	0.16313292404594143	0.9809853204008596	0.17525838568149527	0.174088746258381	0.21285056640280137	0.10894980623889963	0.13782892055296062	0.22505052022275945	0.17525838568149527	0.24471863681590786	0.22466419973556329	0.2556328854601729	0.1091501009954553	0.138539447728205	0.22583070356586304	0.174088746258381	0.22466419973556329	0.2462756143012159	0.2556890181374531	0.14316570743721008	0.17166754348794283	0.2569825960827952	0.21285056640280137	0.2556328854601729	0.2556890181374531	0.35045164091442205
0.3988647461508633	-0.020314043189384012	0.20872165734949075	0.145229132681594	0.2083662246817426	0.20473883584511282	0.25516451152465147	-0.020314043189384012	0.357421347031063	0.03100817121839955	-0.09432169364709739	0.03168689224104446	0.030002666559583106	0.08692608963846753	0.20872165734949075	0.03100817121839955	0.34468485644228	0.2964661173669476	0.3328958176014097	0.3290710642161147	0.3747104658845402	0.145229132681594	-0.09432169364709739	0.2964661173669476	1.260211679340884	0.3065659429248557	0.3094893166955049	0.36659182693875403	0.2083662246817426	0.03168689224104446	0.3328958176014097	0.3065659429248557	0.34790941701618655	0.32741232076100324	0.372850120591673	0.20473883584511282	0.030002666559583106	0.3290710642161147	0.3094893166955049	0.32741232076100324	0.35824647997470555	0.3676368213050609	0.25516451152465147	0.08692608963846753	0.3747104658845402	0.36659182693875403	0.372850120591673	0.3676368213050609	0.5140477043160618
0.39204145736445173	0.0450629939585563	0.09656771416827971	0.00715387822835193	0.0984140791046969	0.08876145554380888	0.1483116554913907	0.0450629939585563	0.2433160098387451	0.1584884940836745	0.07271624905485523	0.15949631105440246	0.1498996340973811	0.20701846012369	0.09656771416827971	0.1584884940836745	0.24900918081242196	0.1715467428695152	0.23810771377809917	0.2268566594955716	0.282455657693534	0.00715387822835193	0.07271624905485523	0.1715467428695152	1.0430518167192326	0.1809564269072135	0.1957918550127674	0.24466246975558853	0.0984140791046969	0.15949631105440246	0.23810771377809917	0.1809564269072135	0.2507948330152632	0.2272305346947309	0.28257386594289324	0.08876145554380888	0.1498996340973811	0.2268566594955716	0.1957918550127674	0.2272305346947309	0.28781331529649185	0.2687371667781681	0.1483116554913907	0.20701846012369	0.282455657693534	0.24466246975558853	0.28257386594289324	0.2687371667781681	0.423132215437155
0.23711006787323552	0.13380492311158837	0.1651209992003365	0.10341004858561909	0.15500241177494586	0.16460320435100817	0.23678103073511958	0.13380492311158837	0.20590757761500822	0.15962835821281585	0.09400231208038136	0.14945333023633972	0.15919859716770873	0.23182961473820196	0.1651209992003365	0.15962835821281585	0.2035626737979503	0.13510179818904805	0.1828113203012721	0.19349936213555288	0.26406337931502444	0.10341004858561909	0.09400231208038136	0.13510179818904805	0.8416754321670479	0.15863983731644432	0.14290239934964455	0.240890873301954	0.15500241177494586	0.14945333023633972	0.1828113203012721	0.15863983731644432	0.24378827984131002	0.1822975670269339	0.2531771795416135	0.16460320435100817	0.15919859716770873	0.19349936213555288	0.14290239934964455	0.1822975670269339	0.21167121988932905	0.2616343869107969	0.23678103073511958	0.23182961473820196	0.26406337931502444	0.240890873301954	0.2531771795416135	0.2616343869107969	0.4794720851132552
0.5532068850156268	-0.0989619921275817	0.1850493884764362	0.10360215554728922	0.1365561023570159	0.18721796195371343	0.22759197596766614	-0.0989619921275817	0.43930640397955395	-0.01878464069580916	-0.15873970925461298	-0.049185961991032	-0.015551610253670266	0.03362696985392944	0.1850493884764362	-0.01878464069580916	0.5187367947996686	0.46530949351684936	0.417322849804036	0.5061012990818905	0.5334580424693076	0.10360215554728922	-0.15873970925461298	0.46530949351684936	1.3656805773217613	0.5195043213369863	0.4716721842738837	0.517020169717441	0.1365561023570159	-0.049185961991032	0.417322849804036	0.5195043213369863	0.6109609647031109	0.4183835161503887	0.44939751454708077	0.18721796195371343	-0.015551610253670266	0.5061012990818905	0.4716721842738837	0.4183835161503887	0.5154708938331151	0.532669841060256	0.22759197596766614	0.03362696985392944	0.5334580424693076	0.517020169717441	0.44939751454708077	0.532669841060256	0.6473424071341689
0.28866115575023144	0.024425215559925467	0.21245312034642463	0.19864794916017253	0.2340280301519891	0.23850338539124993	0.25664318629819793	0.024425215559925467	0.30195312103131233	0.010142551179485076	-0.042908306151899826	0.03680482580617208	0.03971365293921075	0.061407008941388036	0.21245312034642463	0.010142551179485076	0.3060364438805613	0.19481944639405013	0.2373693607818626	0.2427498368362186	0.26186344589719346	0.19864794916017253	-0.042908306151899826	0.19481944639405013	0.8511656588656231	0.23867837983249932	0.23480009972235688	0.2573552521969354	0.2340280301519891	0.03680482580617208	0.2373693607818626	0.23867837983249932	0.28685884317309956	0.26268701331659655	0.280371345830285	0.23850338539124993	0.03971365293921075	0.2427498368362186	0.23480009972235688	0.26268701331659655	0.2760195345712991	0.28496028176409804	0.25664318629819793	0.061407008941388036	0.26186344589719346	0.2573552521969354	0.280371345830285	0.28496028176409804	0.34274091842826354
0.56326571803842	-0.06483184750888255	0.10501371885121943	0.0032489607857753566	0.05543684683649296	0.10887694665783583	0.14860310892573425	-0.06483184750888255	0.37107526563938376	0.07584372417464479	-0.05410586120061448	0.0241811202706387	0.07949382947186058	0.12056021372205501	0.10501371885121943	0.07584372417464479	0.4481664773893855	0.36363759446586447	0.33115010902095077	0.43405709228861594	0.46175094725944044	0.0032489607857753566	-0.05410586120061448	0.36363759446586447	1.262891450768635	0.44582414127284453	0.371782723937059	0.4172173338097365	0.05543684683649296	0.0241811202706387	0.33115010902095077	0.44582414127284453	0.5832955994294682	0.3339131659001867	0.3654644704584924	0.10887694665783583	0.07949382947186058	0.43405709228861594	0.371782723937059	0.3339131659001867	0.44369931353356507	0.4623202592359423	0.14860310892573425	0.12056021372205501	0.46175094725944044	0.4172173338097365	0.3654644704584924	0.4623202592359423	0.5694878582743252
0.5754519363622056	-0.030334271338018283	0.05034653192896771	-0.05089419527707592	0.03730778816778167	0.051845711836615876	0.12183184791788092	-0.030334271338018283	0.31855795877436865	0.15481370454825663	0.055234310807036474	0.1340663199632629	0.15557961007900423	0.21915753650968292	0.05034653192896771	0.15481370454825663	0.3526363564603325	0.288483366853331	0.31256055435654784	0.34230463419594725	0.3941522290164235	-0.05089419527707592	0.055234310807036474	0.288483366853331	1.2418014878103274	0.3310036883774621	0.2958526163479727	0.38042472153740114	0.03730778816778167	0.1340663199632629	0.31256055435654784	0.3310036883774621	0.404907330123968	0.3126310484613995	0.3664680617613433	0.051845711836615876	0.15557961007900423	0.34230463419594725	0.2958526163479727	0.3126310484613995	0.35403301010905663	0.39263419311128844	0.12183184791788092	0.21915753650968292	0.3941522290164235	0.38042472153740114	0.3664680617613433	0.39263419311128844	0.5768559007959082
0.614492102534755	-0.03659494607895359	0.05562815730848446	-0.07354098094837908	-0.002387039071578445	0.05723127722934724	0.1294002155781614	-0.03659494607895359	0.3487827344873041	0.16442877368303688	0.02283328561703469	0.07813956661431634	0.16521076660649556	0.2303176488262793	0.05562815730848446	0.16442877368303688	0.40814057052573577	0.2933946134954597	0.26972826798417476	0.3973397175930203	0.44685633533815905	-0.07354098094837908	0.02283328561703469	0.2933946134954597	1.3321219033099958	0.44210426639254674	0.300877607777935	0.3902619319133872	-0.002387039071578445	0.07813956661431634	0.26972826798417476	0.44210426639254674	0.6123740329105607	0.27098827713185986	0.3308854239199367	0.05723127722934724	0.16521076660649556	0.3973397175930203	0.300877607777935	0.27098827713185986	0.4076117132432227	0.4451356027136431	0.1294002155781614	0.2303176488262793	0.44685633533815905	0.3902619319133872	0.3308854239199367	0.4451356027136431	0.6330827261730143
0.7361053225896235	-0.07687639409481913	-0.006474055343720365	-0.11947803261858946	-0.02678543003635375	-0.0063383933985632634	0.09342575046914155	-0.07687639409481913	0.3744210909795664	0.16545004719266998	0.0551900864917093	0.12352444605318408	0.16448901929194057	0.2497885812290869	-0.006474055343720365	0.16545004719266998	0.45636631577140363	0.3968794895160601	0.38042917944619375	0.4456029187733058	0.5066175257225339	-0.11947803261858946	0.0551900864917093	0.3968794895160601	1.4021003241711474	0.4638561070822037	0.40361176794857434	0.5089749619625372	-0.02678543003635375	0.12352444605318408	0.38042917944619375	0.4638561070822037	0.5449111257949415	0.37847443372103123	0.4461908394958727	-0.0063383933985632634	0.16448901929194057	0.4456029187733058	0.40361176794857434	0.37847443372103123	0.4595707736577799	0.5020334141557388	0.09342575046914155	0.2497885812290869	0.5066175257225339	0.5089749619625372	0.4461908394958727	0.5020334141557388	0.7418326136966649
0.44446481813901195	-0.07815951973513519	0.32653956966566844	0.2559033086601815	0.2537696760972423	0.3282145289586059	0.3752537599457339	-0.07815951973513519	0.4717387448285794	-0.060952031654861426	-0.22392314329587806	-0.09045508019433564	-0.05713441469868514	0.013624209924672673	0.32653956966566844	-0.060952031654861426	0.44438231451838617	0.37166690059990853	0.3424239251447569	0.4312293036617208	0.47263767054649974	0.2559033086601815	-0.22392314329587806	0.37166690059990853	1.3852241803942484	0.4650894100393006	0.3798549131656523	0.45283657942709227	0.2537696760972423	-0.09045508019433564	0.3424239251447569	0.4650894100393006	0.570675703223039	0.3446754053144506	0.3919995310723547	0.3282145289586059	-0.05713441469868514	0.4312293036617208	0.3798549131656523	0.3446754053144506	0.44083999524500644	0.4725069280345495	0.3752537599457339	0.013624209924672673	0.47263767054649974	0.45283657942709227	0.3919995310723547	0.4725069280345495	0.6358161315070789
0.6431714828420383	-0.08036706978468733	0.232494535235185	0.15972736053986564	0.16446122961493473	0.23017477969067063	0.3656181858894007	-0.08036706978468733	0.5716729899118023	-0.04480731397403048	-0.18322648977358344	-0.0742023764659385	-0.044686812590554265	0.1358455352423879	0.232494535235185	-0.04480731397403048	0.6414156835029885	0.5980007429748284	0.4940438798541379	0.6288943287678734	0.7023251376045295	0.15972736053986564	-0.18322648977358344	0.5980007429748284	1.6366181378687552	0.6777365567324443	0.6023307958890135	0.75395359210201	0.16446122961493473	-0.0742023764659385	0.4940438798541379	0.6777365567324443	0.7589995061855641	0.49090548642537796	0.5890940841946607	0.23017477969067063	-0.044686812590554265	0.6288943287678734	0.6023307958890135	0.49090548642537796	0.6414710748915433	0.6948262203399084	0.3656181858894007	0.1358455352423879	0.7023251376045295	0.75395359210201	0.5890940841946607	0.6948262203399084	1.0787334208016455
0.4572907034765996	-0.008609253155341334	0.3511263850484279	0.3208418741907882	0.299455634492106	0.3525191388570965	0.49991398633873585	-0.008609253155341334	0.5379431320370963	0.0011919734835271149	-0.09906294269740129	-0.014548620815135131	0.004109974755779969	0.22711215935543522	0.3511263850484279	0.0011919734835271149	0.4465752365621304	0.40754840155516875	0.3689375309449055	0.4320341395020946	0.565027518950784	0.3208418741907882	-0.09906294269740129	0.40754840155516875	1.3540407910513848	0.47879371360468476	0.4141537313172541	0.6450526699025584	0.299455634492106	-0.014548620815135131	0.3689375309449055	0.47879371360468476	0.5548313076853604	0.37065678712101013	0.5170115139109034	0.3525191388570965	0.004109974755779969	0.4320341395020946	0.4141537313172541	0.37065678712101013	0.4409090238345611	0.5622217394811786	0.49991398633873585	0.22711215935543522	0.565027518950784	0.6450526699025584	0.5170115139109034	0.5622217394811786	1.0822306630984542
0.3644891857300795	-0.0003904804215032476	0.2791785290448895	0.20863480506878718	0.20661968551396973	0.2810176815873029	0.33183369479683583	-0.0003904804215032476	0.37406790513211785	0.019404721722681706	-0.1001019754076903	-0.019135003502103863	0.022783006820914123	0.08990226970031671	0.2791785290448895	0.019404721722681706	0.35035655286500367	0.26947319386555446	0.2539295790938768	0.3380025209610545	0.3859072630465303	0.20863480506878718	-0.1001019754076903	0.26947319386555446	1.0824040646825728	0.3531556057289439	0.2770283735725441	0.35186739083409735	0.20661968551396973	-0.019135003502103863	0.2539295790938768	0.3531556057289439	0.5146647620059662	0.25646883674165205	0.3091307368910401	0.2810176815873029	0.022783006820914123	0.3380025209610545	0.2770283735725441	0.25646883674165205	0.34842142559756056	0.3861549185689431	0.33183369479683583	0.08990226970031671	0.3859072630465303	0.35186739083409735	0.3091307368910401	0.3861549185689431	0.5562376626425958
0.45099284606041623	0.09501695702374119	0.15545314143018332	0.4602506089305577	0.4135867840851262	0.4376093059138757	0.537527273683516	0.09501695702374119	0.5955123614183109	-0.2353881716535319	0.06340363538324283	0.08903324627947859	0.08963000952230024	0.2631251337401492	0.15545314143018332	-0.2353881716535319	1.1602015127997565	0.05205230273623381	0.10934563247110743	0.16012946601462613	0.5103052708254914	0.4602506089305577	0.06340363538324283	0.05205230273623381	1.1072254615933101	0.4862597474137868	0.4595510633459549	0.5992425578106476	0.4135867840851262	0.08903324627947859	0.10934563247110743	0.4862597474137868	0.5375546602735535	0.40687755219937954	0.5097952782968196	0.4376093059138757	0.08963000952230024	0.16012946601462613	0.4595510633459549	0.40687755219937954	0.456213876413985	0.5291274405096036	0.537527273683516	0.2631251337401492	0.5103052708254914	0.5992425578106476	0.5097952782968196	0.5291274405096036	1.0832230898681081
0.3360737658323374	0.04714204993196658	0.24917998544656986	0.2903657219035021	0.25383565138430464	0.32160324692728437	0.37776372176925704	0.04714204993196658	0.3846186301306159	-0.03522232250844772	-0.009653631468869647	0.020734714002026023	0.049829451824509284	0.1277846157545595	0.24917998544656986	-0.03522232250844772	0.45223630529290537	0.19950867713618728	0.18094809941628773	0.2575866615029414	0.3331549619365255	0.2903657219035021	-0.009653631468869647	0.19950867713618728	0.7765334735548819	0.32148382702360395	0.29936114743111886	0.3739184380063392	0.25383565138430464	0.020734714002026023	0.18094809941628773	0.32148382702360395	0.5089914225572081	0.2595147070920757	0.31830952577325233	0.32160324692728437	0.049829451824509284	0.2575866615029414	0.29936114743111886	0.2595147070920757	0.3356454665710924	0.3836951997646421	0.37776372176925704	0.1277846157545595	0.3331549619365255	0.3739184380063392	0.31830952577325233	0.3836951997646421	0.5912434430032373
0.6602801960938025	-0.1247150074714573	0.22550448732641934	0.022435467845266184	0.007776980413079074	0.21409137706043826	0.25145303755208886	-0.1247150074714573	0.49771740770284295	-0.023881533930926006	-0.2709161147729599	-0.16650371335501002	-0.02796744700922351	0.009951196144700813	0.22550448732641934	-0.023881533930926006	0.7744315524511776	0.5432104509359829	0.32290005866482524	0.7451555670407749	0.7770147061677003	0.022435467845266184	-0.2709161147729599	0.5432104509359829	1.7185822994810305	0.7716136011567771	0.5562418629918732	0.5771675925099568	0.007776980413079074	-0.16650371335501002	0.32290005866482524	0.7716136011567771	1.0639725927331551	0.31866993275278654	0.34891186028287663	0.21409137706043826	-0.02796744700922351	0.7451555670407749	0.5562418629918732	0.31866993275278654	0.7754990868047835	0.7531663066966511	0.25145303755208886	0.009951196144700813	0.7770147061677003	0.5771675925099568	0.34891186028287663	0.7531663066966511	0.8443049649701648
0.7221377881538182	-0.017291836007909074	0.02476520296217609	-0.06682070492650286	-0.01125190098227781	0.033219398445625534	0.1882046988602846	-0.017291836007909074	0.3692741235043686	0.22534011579999744	0.12272436874651856	0.13504628902117907	0.23090076048305297	0.35717732816494135	0.02476520296217609	0.22534011579999744	0.43006363341482007	0.31276110164292814	0.26978568113113643	0.4049254163212781	0.5071450478246137	-0.06682070492650286	0.12272436874651856	0.31276110164292814	1.2932252946549165	0.4683753747428272	0.325488787907773	0.5095361985094429	-0.01125190098227781	0.13504628902117907	0.26978568113113643	0.4683753747428272	0.6566659729217298	0.27666648310208936	0.3996466014844034	0.033219398445625534	0.23090076048305297	0.4049254163212781	0.325488787907773	0.27666648310208936	0.4153866394222846	0.506974604025923	0.1882046988602846	0.35717732816494135	0.5071450478246137	0.5095361985094429	0.3996466014844034	0.506974604025923	0.8937669618546771
0.7474837323283469	-0.08633180810206513	-0.020342569248686663	-0.2709816487487841	-0.09997989585391437	-0.1754082670684979	-0.00798198140888468	-0.08633180810206513	0.3898569356375972	0.2722409746204354	-0.029698039840037167	0.10426172535487138	0.03123479877165416	0.2820108639812304	-0.020342569248686663	0.2722409746204354	0.5491757376922606	0.19465773443396786	0.293431989122926	0.17612026857074808	0.540309733619595	-0.2709816487487841	-0.029698039840037167	0.19465773443396786	1.3966615838443228	0.41709416455727727	0.5522854787307343	0.20514273599565203	-0.09997989585391437	0.10426172535487138	0.293431989122926	0.41709416455727727	0.7132984182364783	0.12863755820002645	0.3035455054599915	-0.1754082670684979	0.03123479877165416	0.17612026857074808	0.5522854787307343	0.12863755820002645	1.107822713314453	0.17540162144433086	-0.00798198140888468	0.2820108639812304	0.540309733619595	0.20514273599565203	0.3035455054599915	0.17540162144433086	0.5562490494746409
0.82274248504575	-0.01758205453033025	0.0014259827654291221	-0.004677200300447701	0.015371481569517797	0.02228761224926515	0.25360749598714605	-0.01758205453033025	0.4053131933234819	0.2115936679951691	0.2011387311396321	0.19582425717181262	0.22596804220649983	0.41472454798431285	0.0014259827654291221	0.2115936679951691	0.4926032388418692	0.4214577108887555	0.38087377633774955	0.4343259833618742	0.5845668262827899	-0.004677200300447701	0.2011387311396321	0.4214577108887555	0.828777241742744	0.4304218320227918	0.4382045117983338	0.6195532776373311	0.015371481569517797	0.19582425717181262	0.38087377633774955	0.4304218320227918	0.5372981010456173	0.39357351790596373	0.5372293642109055	0.02228761224926515	0.22596804220649983	0.4343259833618742	0.4382045117983338	0.39357351790596373	0.45140655972581606	0.5812483296260185	0.25360749598714605	0.41472454798431285	0.5845668262827899	0.6195532776373311	0.5372293642109055	0.5812483296260185	1.1247943893179926
0.3453987001420529	0.05930240143670336	0.180333819456631	0.12378136797015529	0.15898485280476898	0.19330323368513166	0.2564226314933102	0.05930240143670336	0.294065725358256	0.09968591616902175	0.019810097542532365	0.08337704457623062	0.11283106903971944	0.18210533619794117	0.180333819456631	0.09968591616902175	0.30149757296488117	0.1994139695172054	0.22328231240366972	0.2662397989583492	0.32650369030394893	0.12378136797015529	0.019810097542532365	0.1994139695172054	1.0043748721899284	0.26981415381660967	0.22118767172340656	0.31109011362367617	0.15898485280476898	0.08337704457623062	0.22328231240366972	0.26981415381660967	0.38484885541502345	0.2360015713850377	0.29645413565859463	0.19330323368513166	0.11283106903971944	0.2662397989583492	0.22118767172340656	0.2360015713850377	0.28378210218949435	0.33445634875764235	0.2564226314933102	0.18210533619794117	0.32650369030394893	0.31109011362367617	0.29645413565859463	0.33445634875764235	0.5314402663563011
0.5086680972051513	-0.05421038899804567	0.1986590104940598	0.1397799192584274	0.14833773219438848	0.20758704609981943	0.2673823135631265	-0.05421038899804567	0.4160804402935955	0.014153081880640725	-0.08503382510335206	-0.014387972912510809	0.023827010511850162	0.09710566298773442	0.1986590104940598	0.014153081880640725	0.46646241920504317	0.38971965899635874	0.3435333598885291	0.43963394307803905	0.48513739357066565	0.1397799192584274	-0.08503382510335206	0.38971965899635874	1.1374129003230555	0.4459235138086945	0.402959771684166	0.4738162427730492	0.14833773219438848	-0.014387972912510809	0.3435333598885291	0.4459235138086945	0.5869984309904499	0.3512140531808131	0.40114943204265435	0.20758704609981943	0.023827010511850162	0.43963394307803905	0.402959771684166	0.3512140531808131	0.4518532029752998	0.48875744063654364	0.2673823135631265	0.09710566298773442	0.48513739357066565	0.4738162427730492	0.40114943204265435	0.48875744063654364	0.666994584500663
0.4526431514588492	-0.0915118549319216	0.3860284711614502	0.32313658820980123	0.28968809207889307	0.3943760224448923	0.44866718102493164	-0.0915118549319216	0.52437674401968	-0.09661159521050984	-0.2559608025169837	-0.12009961894365156	-0.08442793816933102	0.009322385891074115	0.3860284711614502	-0.09661159521050984	0.47501030411798595	0.37048847315428635	0.32625326425196194	0.443083752122189	0.49556853843888504	0.32313658820980123	-0.2559608025169837	0.37048847315428635	1.421876566540692	0.5026977795810078	0.3895551986853834	0.4845647577045848	0.28968809207889307	-0.12009961894365156	0.32625326425196194	0.5026977795810078	0.6298942501050301	0.33673610340149973	0.39803906843851855	0.3943760224448923	-0.08442793816933102	0.443083752122189	0.3895551986853834	0.33673610340149973	0.4568802084748589	0.4999835317278959	0.44866718102493164	0.009322385891074115	0.49556853843888504	0.4845647577045848	0.39803906843851855	0.4999835317278959	0.7090508191165026
0.3885400950899433	-0.07661744267066317	0.32653083731209187	0.3197599857060773	0.310093629769487	0.36708346932662195	0.3791927905946468	-0.07661744267066317	0.4514705609934275	-0.12646897743441463	-0.22136581904304586	-0.09468589791962909	-0.07330779197066029	-0.05567286134718044	0.32653083731209187	-0.12646897743441463	0.4530820451547733	0.2701983537870307	0.279943127793352	0.34364549786443926	0.35732261413711885	0.3197599857060773	-0.22136581904304586	0.2701983537870307	1.2059518122904955	0.3934269985755685	0.34157721576262234	0.3577041550621739	0.310093629769487	-0.09468589791962909	0.279943127793352	0.3934269985755685	0.49115565792845056	0.324561937926691	0.33715668914268554	0.36708346932662195	-0.07330779197066029	0.34364549786443926	0.34157721576262234	0.324561937926691	0.3905603553149102	0.3947271693143652	0.3791927905946468	-0.05567286134718044	0.35732261413711885	0.3577041550621739	0.33715668914268554	0.3947271693143652	0.43704355316665905
0.4496291176651867	0.06225851146234718	0.23394400900257145	0.37609122361249675	0.3621588169778496	0.3680066956419431	0.5131819626391455	0.06225851146234718	0.5447191104925211	-0.07337606482680467	0.03930140528737386	0.07073667595546601	0.07176255362584473	0.2940689008697789	0.23394400900257145	-0.07337606482680467	0.7653206232960461	0.26168820488245026	0.28412349247794116	0.2938287285603969	0.5596087725437696	0.37609122361249675	0.03930140528737386	0.26168820488245026	0.9455895590427548	0.4353295618768445	0.4323188145323966	0.6170087309909038	0.3621588169778496	0.07073667595546601	0.28412349247794116	0.4353295618768445	0.4423533627850962	0.411763856263494	0.5463723234059636	0.3680066956419431	0.07176255362584473	0.2938287285603969	0.4323188145323966	0.411763856263494	0.4248095759389341	0.5513449717509152	0.5131819626391455	0.2940689008697789	0.5596087725437696	0.6170087309909038	0.5463723234059636	0.5513449717509152	1.1516898398413815
0.6180822117163375	0.04599806726544731	0.291935205397296	0.3752823496182849	0.30939290764259664	0.37935225748655016	0.6329787196910927	0.04599806726544731	0.7177165426186238	-0.04238018458914547	-0.001985351910116548	0.033547440792570334	0.03818746533702716	0.44572779863163997	0.291935205397296	-0.04238018458914547	0.920773499491431	0.4510954850840564	0.36935090635249657	0.4983668687724405	0.8455546608349569	0.3752823496182849	-0.001985351910116548	0.4510954850840564	1.3955196176869873	0.6346615259375341	0.5695539391373727	0.8921115610552716	0.30939290764259664	0.033547440792570334	0.36935090635249657	0.6346615259375341	0.7524854293834911	0.4570916387257352	0.6785284245555887	0.37935225748655016	0.03818746533702716	0.4983668687724405	0.5695539391373727	0.4570916387257352	0.5745098782883167	0.7457799468215695	0.6329787196910927	0.44572779863163997	0.8455546608349569	0.8921115610552716	0.6785284245555887	0.7457799468215695	1.7149991760617365
0.45945408694323847	-0.012911271185816309	0.3858522186134159	0.43146292324503627	0.3876909106226583	0.4319314517601778	0.5877005067297392	-0.012911271185816309	0.6341808061354482	-0.06569685439914709	-0.10001668077718606	-0.020673414208060986	-0.012891997658030008	0.26393917516049015	0.3858522186134159	-0.06569685439914709	0.5914234334356832	0.3780378332684422	0.3559936510361704	0.4071527466597625	0.6101546154855921	0.43146292324503627	-0.10001668077718606	0.3780378332684422	1.4040820762645663	0.5081205280274864	0.456142544773083	0.7217255805879927	0.3876909106226583	-0.020673414208060986	0.3559936510361704	0.5081205280274864	0.549745271108919	0.4056564041698343	0.5704005104025157	0.4319314517601778	-0.012891997658030008	0.4071527466597625	0.456142544773083	0.4056564041698343	0.4576626647812754	0.6012723458897626	0.5877005067297392	0.26393917516049015	0.6101546154855921	0.7217255805879927	0.5704005104025157	0.6012723458897626	1.245576160155769
0.6524172678136978	-0.10972675869359597	0.1045656079690135	-0.08368463809288862	-0.0008530429768234676	0.04621863236294904	0.11373503994037855	-0.10972675869359597	0.4142158221972422	0.06697994428932712	-0.151844535075435	-0.04173695420093613	0.02477564321702693	0.0759012272260722	0.1045656079690135	0.06697994428932712	0.6248257711794477	0.4326488455595584	0.37876289737676383	0.49949380022816187	0.620746974735186	-0.08368463809288862	-0.151844535075435	0.4326488455595584	1.5318898988724468	0.585574588143098	0.5091313468627985	0.4429580527124006	-0.0008530429768234676	-0.04173695420093613	0.37876289737676383	0.585574588143098	0.7910929180078639	0.3208264900214018	0.3861624435457676	0.04621863236294904	0.02477564321702693	0.49949380022816187	0.5091313468627985	0.3208264900214018	0.7261938174303908	0.5027888523371078	0.11373503994037855	0.0759012272260722	0.620746974735186	0.4429580527124006	0.3861624435457676	0.5027888523371078	0.6372916638630843
0.26438893117484424	0.04343635038222636	0.22970857515804324	0.15567643587360624	0.18873751195537788	0.24224495372776952	0.25055212125788734	0.04343635038222636	0.2826141718104594	0.03240240719020375	-0.08564379742705344	0.010742257837799248	0.04808247221078268	0.056119493458355346	0.22970857515804324	0.03240240719020375	0.2783989946289173	0.14248713758163403	0.18167564106541095	0.2385070521302193	0.24678730527229753	0.15567643587360624	-0.08564379742705344	0.14248713758163403	1.0302129830047468	0.24539581922672835	0.1735382368119784	0.17717025610372844	0.18873751195537788	0.010742257837799248	0.18167564106541095	0.24539581922672835	0.3926450874181513	0.19657527471544436	0.20442899272621712	0.24224495372776952	0.04808247221078268	0.2385070521302193	0.1735382368119784	0.19657527471544436	0.2675029391104452	0.2586854666682589	0.25055212125788734	0.056119493458355346	0.24678730527229753	0.17717025610372844	0.20442899272621712	0.2586854666682589	0.27868936344846695
0.4058724977070902	-0.1017627767147472	0.3755658018280205	0.29582147505260536	0.282579601812492	0.3753435378134381	0.389683178971054	-0.1017627767147472	0.4590042934098373	-0.10102154821206435	-0.2917660889123997	-0.1358281797090796	-0.09739352175051869	-0.07814941766224386	0.3755658018280205	-0.10102154821206435	0.4124508666517206	0.32069434860523005	0.30180072445523526	0.39902521936348917	0.4131910874218058	0.29582147505260536	-0.2917660889123997	0.32069434860523005	1.343484410224608	0.42983025012482046	0.3304952078832989	0.3470060660071957	0.282579601812492	-0.1358281797090796	0.30180072445523526	0.42983025012482046	0.5595077792764901	0.30328608205159135	0.3181711434982286	0.3753435378134381	-0.09739352175051869	0.39902521936348917	0.3304952078832989	0.30328608205159135	0.4125056116899376	0.41243728513736017	0.389683178971054	-0.07814941766224386	0.4131910874218058	0.3470060660071957	0.3181711434982286	0.41243728513736017	0.4578849237180508
0.22042098018289724	0.08595137047384224	0.20279006600168736	0.11879822881442614	0.17366400803929039	0.20824609543513486	0.2249501949415485	0.08595137047384224	0.23600270023544948	0.07898534284035369	-0.03642593284638354	0.05821690886275597	0.08613431957498013	0.10364250843925804	0.20279006600168736	0.07898534284035369	0.22869083257820028	0.10800680009471933	0.16757198675461563	0.2034489213058006	0.2203361780761589	0.11879822881442614	-0.03642593284638354	0.10800680009471933	1.0093986411335847	0.18549809884493917	0.13008535961685813	0.14542076558902653	0.17366400803929039	0.05821690886275597	0.16757198675461563	0.18549809884493917	0.3161185556893499	0.17448071388292255	0.1911371541366017	0.20824609543513486	0.08613431957498013	0.2034489213058006	0.13008535961685813	0.17448071388292255	0.229515249868183	0.22508340687043077	0.2249501949415485	0.10364250843925804	0.2203361780761589	0.14542076558902653	0.1911371541366017	0.22508340687043077	0.27160735217854887
0.5102631019059917	0.03655905186056247	0.08448065720091687	-0.03737456510208627	0.026078466048302613	0.08581251583353458	0.1760023063863539	0.03655905186056247	0.2930894092602824	0.2058746694439165	0.08162018510545838	0.12042999592372394	0.20634712898490712	0.2861100555701294	0.08448065720091687	0.2058746694439165	0.3096776310807392	0.18946143006444402	0.19728470772851955	0.2993200575273335	0.3712629372993648	-0.03737456510208627	0.08162018510545838	0.18946143006444402	1.213619412351886	0.35203857940053107	0.19751352778499864	0.32285895720574603	0.026078466048302613	0.12042999592372394	0.19728470772851955	0.35203857940053107	0.5370453295941267	0.19889239660108293	0.28205067640288034	0.08581251583353458	0.20634712898490712	0.2993200575273335	0.19751352778499864	0.19889239660108293	0.31026125214723077	0.3697512510859065	0.1760023063863539	0.2861100555701294	0.3712629372993648	0.32285895720574603	0.28205067640288034	0.3697512510859065	0.6182233406851392
0.5117365832053278	-0.0036087437083078336	0.06530098751214335	-0.054822652083133486	0.031497635742440695	0.06555074324759179	0.11813222938297646	-0.0036087437083078336	0.2899199460943881	0.16845506298964713	0.04913952332565376	0.12085681136000612	0.16800813021306307	0.21590118311113957	0.06530098751214335	0.16845506298964713	0.3130136485859697	0.21560978282921428	0.2440145233399112	0.30323872913269767	0.3451735047034054	-0.054822652083133486	0.04913952332565376	0.21560978282921428	1.2055280797541565	0.3052852052219738	0.22423585235734428	0.2896390924512572	0.031497635742440695	0.12085681136000612	0.2440145233399112	0.3052852052219738	0.431850145916207	0.2437405764587408	0.28875333130080777	0.06555074324759179	0.16800813021306307	0.30323872913269767	0.22423585235734428	0.2437405764587408	0.31764716789190345	0.3428348232356845	0.11813222938297646	0.21590118311113957	0.3451735047034054	0.2896390924512572	0.28875333130080777	0.3428348232356845	0.4843510553821631
0.4753739830554719	0.05024010446770891	0.12039906872860352	0.017925203941363953	0.07964401298331598	0.11805526159300783	0.22650868899774898	0.05024010446770891	0.30145566280966635	0.1823293124479844	0.0741980724517926	0.13104534316274036	0.17964604145359506	0.2818546882528768	0.12039906872860352	0.1823293124479844	0.30911785366387895	0.21838229423289063	0.23748161768796833	0.298387550842468	0.38848515030877906	0.017925203941363953	0.0741980724517926	0.21838229423289063	1.2363602856713727	0.3256958828961256	0.228046984499001	0.3752221024689997	0.07964401298331598	0.13104534316274036	0.23748161768796833	0.3256958828961256	0.4545810548710859	0.23532951045560668	0.33356596980007386	0.11805526159300783	0.17964604145359506	0.298387550842468	0.228046984499001	0.23532951045560668	0.31802115907879736	0.3824794881656113	0.22650868899774898	0.2818546882528768	0.38848515030877906	0.3752221024689997	0.33356596980007386	0.3824794881656113	0.6870769841672181
0.36334435190714354	0.09919382767620069	0.2131690080151765	0.1397577524962073	0.17330779566951388	0.2130831397573214	0.3414012837568634	0.09919382767620069	0.31701854486272923	0.1478789640738889	0.05153705816903364	0.11254334382386895	0.1481579111794807	0.2866142743917776	0.2131690080151765	0.1478789640738889	0.29913647099367363	0.22355694666998377	0.2407096055649133	0.289031713840628	0.40723931667660634	0.1397577524962073	0.05153705816903364	0.22355694666998377	1.2349908591542518	0.3164931852897555	0.23081156885051785	0.43230865509646677	0.17330779566951388	0.11254334382386895	0.2407096055649133	0.3164931852897555	0.42400442295213225	0.24103474802356978	0.3681652681564273	0.2130831397573214	0.1481579111794807	0.289031713840628	0.23081156885051785	0.24103474802356978	0.3005422423762683	0.4044058073463518	0.3414012837568634	0.2866142743917776	0.40723931667660634	0.43230865509646677	0.3681652681564273	0.4044058073463518	0.8048058125586439
