1.9487169923935492	0.6378776836430912	-0.6324577261594468	0.18731754359757496	0.5370128183551504	-0.6657201116451712	1.192411318170748
0.6378776836430912	1.2475843928177046	0.04790195467866994	0.15686823088919805	0.3855727027159634	-0.3905278520265673	1.4381594209554838
-0.6324577261594468	0.04790195467866994	6.885031763290962	0.281012535563335	-0.5104998327094253	1.4581377172422691	4.496923446294954
0.18731754359757496	0.15686823088919805	0.281012535563335	2.5010658085709183	1.5001799990971227	0.7807847039481057	1.3307971135629584
0.5370128183551504	0.3855727027159634	-0.5104998327094253	1.5001799990971227	2.1575325605749107	-0.09619050083203572	1.003250560293637
-0.6657201116451712	-0.3905278520265673	1.4581377172422691	0.7807847039481057	-0.09619050083203572	1.9407261342261648	0.5314952083347734
1.192411318170748	1.4381594209554838	4.496923446294954	1.3307971135629584	1.003250560293637	0.5314952083347734	5.7567548277434195
