43078.39204336444	43078.20964917735	43078.28972433079	43078.37912367854	43078.20964917735	43078.09245399763	43078.13519555962	43078.223962288444	43078.28972433079	43078.13519555962	43078.23714827976	43078.30418668382	43078.37912367854	43078.223962288444	43078.30418668382	43078.40389880312
43078.31615839004	43078.16570069726	43078.190071426696	43078.29813927115	43078.16570069726	43078.07173963477	43078.069038373236	43078.17643612728	43078.190071426696	43078.069038373236	43078.124831571935	43078.20101279745	43078.29813927115	43078.17643612728	43078.20101279745	43078.31877087274
43078.540374719494	43078.37684839267	43078.42034299567	43078.57430030635	43078.37684839267	43078.26538345523	43078.26942131456	43078.42201575525	43078.42034299567	43078.26942131456	43078.35524398066	43078.46591291732	43078.57430030635	43078.42201575525	43078.46591291732	43078.63456079233
43079.07617254143	43078.917779278265	43078.94000213047	43079.24961746	43078.917779278265	43078.80811698013	43078.79060543128	43079.09866008817	43078.94000213047	43078.79060543128	43078.86775766754	43079.12273055454	43079.24961746	43079.09866008817	43079.12273055454	43079.48208317772
43089.46153118579	43089.37910530527	43089.465304508725	43092.584328543446	43089.37910530527	43089.32715413137	43089.39224124528	43092.513234005106	43089.465304508725	43089.39224124528	43089.60241834594	43092.6763362499	43092.584328543446	43092.513234005106	43092.6763362499	43096.61060553257
43078.85297214259	43078.75327648593	43078.68216771221	43078.99982468734	43078.75327648593	43078.68564429765	43078.591882615554	43078.90829777808	43078.68216771221	43078.591882615554	43078.59246888183	43078.83948497789	43078.99982468734	43078.90829777808	43078.83948497789	43079.19990606546
43078.8104006948	43078.55888499244	43078.69197253864	43078.83712524903	43078.55888499244	43078.38481640999	43078.45399536244	43078.59703749331	43078.69197253864	43078.45399536244	43078.62641198707	43078.730414175014	43078.83712524903	43078.59703749331	43078.730414175014	43078.888459298054
43093.82887224703	43089.7862931332	43092.7201849883	43093.832059293345	43089.7862931332	43086.823116194355	43088.863849359775	43089.80264888407	43092.7201849883	43088.863849359775	43091.849254308705	43092.73613342434	43093.832059293345	43089.80264888407	43092.73613342434	43093.855732313794
43105.07443431441	43099.44576592497	43101.262801078956	43105.054925139804	43099.44576592497	43095.10101093631	43096.233053108976	43099.443528103446	43101.262801078956	43096.233053108976	43098.28965956288	43101.26156661013	43105.054925139804	43099.443528103446	43101.26156661013	43105.05681068335
43081.28833539832	43081.081890156216	43079.91061043426	43081.281413192766	43081.081890156216	43080.93139372002	43079.73938689466	43081.0915578956	43079.91061043426	43079.73938689466	43079.141332980864	43079.9237251068	43081.281413192766	43081.0915578956	43079.9237251068	43081.29968827488
43080.1850655756	43080.06493209957	43079.1725170378	43080.17562236626	43080.06493209957	43079.985125012114	43079.08001684449	43080.07649151455	43079.1725170378	43079.08001684449	43078.620014711116	43079.18699489204	43080.17562236626	43080.07649151455	43079.18699489204	43080.19704335313
43078.30821238563	43078.21220569066	43078.18421570473	43078.33931859632	43078.21220569066	43078.15057645017	43078.10374590589	43078.25821292717	43078.18421570473	43078.10374590589	43078.118724181404	43078.2306997451	43078.33931859632	43078.25821292717	43078.2306997451	43078.40156490091
43078.482297021226	43078.35810845958	43078.311245827026	43078.506669789575	43078.35810845958	43078.27510183533	43078.20133656011	43078.39530509206	43078.311245827026	43078.20133656011	43078.21883017407	43078.349035694184	43078.506669789575	43078.39530509206	43078.349035694184	43078.55730398061
43080.58551142039	43080.47751884408	43079.40026840249	43080.59326925486	43080.47751884408	43080.40299741596	43079.31496553985	43080.50033361622	43079.40026840249	43079.31496553985	43078.75449530644	43079.42771783118	43080.59326925486	43080.50033361622	43079.42771783118	43080.628565439016
43080.61134552739	43080.50582963989	43079.40888719083	43080.618202820246	43080.50582963989	43080.43344623935	43079.326302400914	43080.52824193336	43079.40888719083	43079.326302400914	43078.75438208622	43079.43602288108	43080.618202820246	43080.52824193336	43079.43602288108	43080.65315967582
43079.178812159575	43078.89229227287	43078.92781828033	43079.19441253988	43078.89229227287	43078.691343341634	43078.65883084487	43078.91971480474	43078.92781828033	43078.65883084487	43078.78527547576	43078.95587350193	43079.19441253988	43078.91971480474	43078.95587350193	43079.23242369368
43090.54377071439	43087.02657858713	43090.14964701374	43090.566377214534	43087.02657858713	43084.50711935272	43086.702433057144	43087.06024139675	43090.14964701374	43086.702433057144	43089.84306330255	43090.18203705768	43090.566377214534	43087.06024139675	43090.18203705768	43090.61100258752
43090.312054481736	43086.93563285478	43089.80576095802	43090.33551570274	43086.93563285478	43084.50541940522	43086.514946548785	43086.96991871072	43089.80576095802	43086.514946548785	43089.4137425397	43089.83892310203	43090.33551570274	43086.96991871072	43089.83892310203	43090.38096434017
43078.95959197507	43078.68956994609	43078.790058837214	43078.97934151832	43078.68956994609	43078.50163914176	43078.535194929405	43078.7209867086	43078.790058837214	43078.535194929405	43078.6948412833	43078.82189521796	43078.97934151832	43078.7209867086	43078.82189521796	43079.02225993809
43078.270600097785	43078.155782338465	43078.16433778989	43078.28475730003	43078.155782338465	43078.08252935213	43078.06860186352	43078.18847046526	43078.16433778989	43078.06860186352	43078.10877233198	43078.197303958914	43078.28475730003	43078.18847046526	43078.197303958914	43078.330849102604
43078.254288174416	43078.156749232876	43078.16653843581	43078.29085135221	43078.156749232876	43078.09550793635	43078.08706264462	43078.21105508917	43078.16653843581	43078.08706264462	43078.12132278727	43078.22114768904	43078.29085135221	43078.21105508917	43078.22114768904	43078.36420931416
43078.26455987248	43078.155781119545	43078.15615285518	43078.28140222208	43078.155781119545	43078.08664712407	43078.06607917711	43078.19079394238	43078.15615285518	43078.06607917711	43078.09944411903	43078.19147065855	43078.28140222208	43078.19079394238	43078.19147065855	43078.33037441222
43078.22160106877	43078.124967765805	43078.11398803293	43078.23847836131	43078.124967765805	43078.06733164222	43078.0419903154	43078.166187778166	43078.11398803293	43078.0419903154	43078.05896101912	43078.15552901587	43078.23847836131	43078.166187778166	43078.15552901587	43078.296816465714
43078.272581550526	43078.135722622326	43078.14795935306	43078.25618353407	43078.135722622326	43078.0597214965	43078.057970982045	43078.166035645845	43078.14795935306	43078.057970982045	43078.08678355618	43078.17848415604	43078.25618353407	43078.166035645845	43078.17848415604	43078.30596742905
43078.24318892904	43078.12226599722	43078.1417235597	43078.24717993396	43078.12226599722	43078.051921216625	43078.055168864834	43078.16044057223	43078.1417235597	43078.055168864834	43078.09134881428	43078.18009809227	43078.24717993396	43078.16044057223	43078.18009809227	43078.303936811484
43078.230894858185	43078.10897275711	43078.13606978944	43078.2345830465	43078.10897275711	43078.03487848865	43078.04192180542	43078.1401598213	43078.13606978944	43078.04192180542	43078.088219072786	43078.167442125974	43078.2345830465	43078.1401598213	43078.167442125974	43078.2808616254
43078.24976440124	43078.141649690035	43078.16665586372	43078.27812601748	43078.141649690035	43078.0753553193	43078.0818002143	43078.193045163556	43078.16665586372	43078.0818002143	43078.12469042834	43078.21826928355	43078.27812601748	43078.193045163556	43078.21826928355	43078.34900601766
43078.28300426395	43078.153379878364	43078.1948675098	43078.29759300547	43078.153379878364	43078.07521733705	43078.095882478556	43078.19842251574	43078.1948675098	43078.095882478556	43078.15115506254	43078.24007189307	43078.29759300547	43078.19842251574	43078.24007189307	43078.36215231938
43078.33721214361	43078.15625386946	43078.18541281238	43078.28166198201	43078.15625386946	43078.057115021096	43078.06932424386	43078.16541618678	43078.18541281238	43078.06932424386	43078.11187076019	43078.194741832645	43078.28166198201	43078.16541618678	43078.194741832645	43078.30888149743
43078.3803658221	43078.17558147341	43078.1954537917	43078.29501708324	43078.17558147341	43078.06702483862	43078.0721554827	43078.17156799132	43078.1954537917	43078.0721554827	43078.10624326042	43078.19162351235	43078.29501708324	43078.17156799132	43078.19162351235	43078.30950123149
43078.474029542704	43078.22948626439	43078.25810655927	43078.35908475672	43078.22948626439	43078.10121367026	43078.11384028523	43078.21466959918	43078.25810655927	43078.11384028523	43078.154630094294	43078.243472147595	43078.35908475672	43078.21466959918	43078.243472147595	43078.364354358666
43078.41680099765	43078.198124809634	43078.24008901985	43078.33332872036	43078.198124809634	43078.0791245933	43078.10152469413	43078.194605679186	43078.24008901985	43078.10152469413	43078.15509238898	43078.23673051744	43078.33332872036	43078.194605679186	43078.23673051744	43078.348096193666
43078.57674451245	43078.270205173445	43078.35388055346	43078.4283851784	43078.270205173445	43078.09993145571	43078.15196139875	43078.226215812865	43078.35388055346	43078.15196139875	43078.24708088286	43078.31008714831	43078.4283851784	43078.226215812865	43078.31008714831	43078.39764869269
43078.748055197226	43078.350757059416	43078.40087554345	43078.4891151771	43078.350757059416	43078.146281636706	43078.1751396005	43078.26319430837	43078.40087554345	43078.1751396005	43078.23589284493	43078.31353918698	43078.4891151771	43078.26319430837	43078.31353918698	43078.419128510155
43078.50359588387	43078.221034477596	43078.271141371806	43078.351911936836	43078.221034477596	43078.06962833875	43078.09735331159	43078.17792971324	43078.271141371806	43078.09735331159	43078.15976154132	43078.228211695816	43078.351911936836	43078.17792971324	43078.228211695816	43078.32329361523
43078.491727681554	43078.22098594121	43078.27058512258	43078.35437581723	43078.22098594121	43078.07555370584	43078.10325336046	43078.186861419636	43078.27058512258	43078.10325336046	43078.16462721626	43078.23663184294	43078.35437581723	43078.186861419636	43078.23663184294	43078.33587290981
43078.327782312495	43078.17253499927	43078.21011034507	43078.313449745736	43078.17253499927	43078.08411977383	43078.10302000306	43078.20621071223	43078.21011034507	43078.10302000306	43078.152818693656	43078.243947221235	43078.313449745736	43078.20621071223	43078.243947221235	43078.36778268375
43078.72291799495	43078.327276826756	43078.39909742025	43078.472497584014	43078.327276826756	43078.117634629765	43078.16096049209	43078.23411987689	43078.39909742025	43078.16096049209	43078.24481847392	43078.306189389616	43078.472497584014	43078.23411987689	43078.306189389616	43078.39204469227
43078.47824716378	43078.2150866515	43078.2658504175	43078.3494015341	43078.2150866515	43078.07293899762	43078.101456723714	43078.18482348567	43078.2658504175	43078.101456723714	43078.16399810571	43078.2357553816	43078.3494015341	43078.18482348567	43078.2357553816	43078.334686183596
43078.33482165883	43078.148899926724	43078.198071501356	43078.28294670931	43078.148899926724	43078.04274902495	43078.06928490738	43078.153957706345	43078.198071501356	43078.06928490738	43078.13152583231	43078.20327200446	43078.28294670931	43078.153957706345	43078.20327200446	43078.3030797327
43078.25269901761	43078.140095786184	43078.170802558314	43078.27843215422	43078.140095786184	43078.06977554176	43078.07966379341	43078.187021128804	43078.170802558314	43078.07966379341	43078.12915177629	43078.21793535336	43078.27843215422	43078.187021128804	43078.21793535336	43078.34319105627
43078.261394030356	43078.157929216766	43078.17403480234	43078.29464535279	43078.157929216766	43078.09626677581	43078.09673058268	43078.21716084433	43078.17403480234	43078.09673058268	43078.13028623662	43078.23351483333	43078.29464535279	43078.21716084433	43078.23351483333	43078.3761952684
43078.286572998055	43078.193726452126	43078.206131324165	43078.340449429	43078.193726452126	43078.13674722021	43078.13318764724	43078.26729842725	43078.206131324165	43078.13318764724	43078.16534708227	43078.28001707533	43078.340449429	43078.26729842725	43078.28001707533	43078.438735949705
43078.29171505451	43078.18511085705	43078.19743523703	43078.32617763232	43078.18511085705	43078.12341936664	43078.121821820576	43078.25041478199	43078.19743523703	43078.121821820576	43078.15067415247	43078.26300635049	43078.32617763232	43078.25041478199	43078.26300635049	43078.41661000374
43078.25809164339	43078.14998990277	43078.174680690616	43078.2885277124	43078.14998990277	43078.084367377036	43078.09125740205	43078.204905744366	43078.174680690616	43078.09125740205	43078.13279111317	43078.22981476142	43078.2885277124	43078.204905744366	43078.22981476142	43078.36422250002
43078.29270770791	43078.18287308149	43078.19734241721	43078.32382994526	43078.18287308149	43078.11944264858	43078.119712599066	43078.24605327525	43078.19734241721	43078.119712599066	43078.150139701705	43078.26077630231	43078.32382994526	43078.24605327525	43078.26077630231	43078.41184989557
43078.28640243177	43078.18404555546	43078.20130930147	43078.328746092455	43078.18404555546	43078.12315094914	43078.125035085606	43078.25230936409	43078.20130930147	43078.125035085606	43078.158828736196	43078.269831912905	43078.328746092455	43078.25230936409	43078.269831912905	43078.42175250405
43078.27772431816	43078.13618505978	43078.14535088733	43078.253847771884	43078.13618505978	43078.058411729544	43078.05412439232	43078.16246142085	43078.14535088733	43078.05412439232	43078.080445438085	43078.171844436	43078.253847771884	43078.16246142085	43078.171844436	43078.299334958116
43078.260364522066	43078.13206830095	43078.138840509426	43078.250381784725	43078.13206830095	43078.060608184736	43078.05404420667	43078.16541900979	43078.138840509426	43078.05404420667	43078.07890760404	43078.17242307952	43078.250381784725	43078.16541900979	43078.17242307952	43078.303224776806
43078.44929003033	43078.219706487405	43078.22881142165	43078.338736395715	43078.219706487405	43078.10144659344	43078.09823402998	43078.208013685275	43078.22881142165	43078.09823402998	43078.12274862069	43078.217334136876	43078.338736395715	43078.208013685275	43078.217334136876	43078.34768743217
43078.34083906234	43078.159791251266	43078.19875786773	43078.29192142891	43078.159791251266	43078.05869947546	43078.07836596682	43078.17136495598	43078.19875786773	43078.07836596682	43078.129882848974	43078.21048570294	43078.29192142891	43078.17136495598	43078.21048570294	43078.321183881
43078.413058751394	43078.19394776006	43078.24150674674	43078.33122423064	43078.19394776006	43078.07343276247	43078.09982670533	43078.18937605893	43078.24150674674	43078.09982670533	43078.15892052392	43078.23709051067	43078.33122423064	43078.18937605893	43078.23709051067	43078.34400857909
43078.32327748566	43078.15797260503	43078.197578566884	43078.29375379292	43078.15797260503	43078.06416483556	43078.08431075739	43078.18032385472	43078.197578566884	43078.08431075739	43078.1364232083	43078.220083343636	43078.29375379292	43078.18032385472	43078.220083343636	43078.33463344021
43078.45183031286	43078.19628217353	43078.25740839894	43078.33347941566	43078.19628217353	43078.054299249605	43078.08909520615	43078.16491969274	43078.25740839894	43078.08909520615	43078.163626223104	43078.22621021686	43078.33347941566	43078.16491969274	43078.22621021686	43078.31459096289
43078.50066537633	43078.21276981784	43078.260604639836	43078.33882345825	43078.21276981784	43078.05874592711	43078.08410791888	43078.16211513154	43078.260604639836	43078.08410791888	43078.14542584594	43078.21012628565	43078.33882345825	43078.16211513154	43078.21012628565	43078.3012469028
43078.337164697754	43078.14309403314	43078.17978396411	43078.26627414149	43078.14309403314	43078.03565750706	43078.05283669543	43078.139138598235	43078.17978396411	43078.05283669543	43078.10344457071	43078.17598223588	43078.26627414149	43078.139138598235	43078.17598223588	43078.27736738509
43078.315902955736	43078.153651490575	43078.19207068257	43078.28830959767	43078.153651490575	43078.061447475295	43078.080616604275	43078.176692108784	43078.19207068257	43078.080616604275	43078.131758953874	43078.21526594163	43078.28830959767	43078.176692108784	43078.21526594163	43078.329767863404
43078.32469804421	43078.16319013108	43078.19172078355	43078.29476234235	43078.16319013108	43078.073521165585	43078.08547152416	43078.18836550795	43078.19172078355	43078.08547152416	43078.12711258106	43078.21706979886	43078.29476234235	43078.18836550795	43078.21706979886	43078.34001326624
43078.50045514411	43078.22397772632	43078.25023470833	43078.34305317971	43078.22397772632	43078.080646159004	43078.09089452887	43078.18355418422	43078.25023470833	43078.09089452887	43078.130421111964	43078.20999176699	43078.34305317971	43078.18355418422	43078.20999176699	43078.31985211138
43078.42623329783	43078.203484498954	43078.23880899238	43078.335251905846	43078.203484498954	43078.083996122536	43078.101511528366	43078.197801993934	43078.23880899238	43078.101511528366	43078.148749890905	43078.233294995734	43078.335251905846	43078.197801993934	43078.233294995734	43078.348557698584
43078.4766210803	43078.216981032034	43078.25809444211	43078.34695838887	43078.216981032034	43078.078757278	43078.100392441374	43078.18908940409	43078.25809444211	43078.100392441374	43078.15338076837	43078.2303732479	43078.34695838887	43078.18908940409	43078.2303732479	43078.336017954134
43078.36091281132	43078.16528649839	43078.231616814635	43078.31154791502	43078.16528649839	43078.05039634721	43078.08903660145	43078.16871719428	43078.231616814635	43078.08903660145	43078.16846458831	43078.23518247804	43078.31154791502	43078.16871719428	43078.23518247804	43078.32862069505
43078.25161627152	43078.12131165644	43078.15779019471	43078.2537589095	43078.12131165644	43078.04285453845	43078.058640341835	43078.15438332517	43078.15779019471	43078.058640341835	43078.110992784765	43078.19102537042	43078.2537589095	43078.15438332517	43078.19102537042	43078.30323796263
43078.2402073614	43078.1200226848	43078.12976812789	43078.23877176342	43078.1200226848	43078.05149297563	43078.04684238022	43078.15566348306	43078.12976812789	43078.04684238022	43078.07495925673	43078.16563261154	43078.23877176342	43078.15566348306	43078.16563261154	43078.293018948934
43078.269765215955	43078.119227346506	43078.13918267831	43078.23652497709	43078.119227346506	43078.035182143954	43078.039200355575	43078.13636588519	43078.13918267831	43078.039200355575	43078.07518976583	43078.156500173594	43078.23652497709	43078.13636588519	43078.156500173594	43078.27044483521
43078.241026669755	43078.131944752524	43078.15534748287	43078.26463330386	43078.131944752524	43078.065297729205	43078.07028495287	43078.17933787683	43078.15534748287	43078.07028495287	43078.112072808595	43078.20295611425	43078.26463330386	43078.17933787683	43078.20295611425	43078.33061175741
43078.30909772562	43078.18385419662	43078.21930475871	43078.33375635502	43078.18385419662	43078.10212590628	43078.11063325909	43078.224548921564	43078.21930475871	43078.11063325909	43078.172310017064	43078.26024433525	43078.33375635502	43078.224548921564	43078.26024433525	43078.38939433023
43078.40670492673	43078.24744327514	43078.295506138435	43078.4137743747	43078.24744327514	43078.14217999786	43078.154980579166	43078.27229832363	43078.295506138435	43078.154980579166	43078.23646153541	43078.32059644219	43078.4137743747	43078.27229832363	43078.32059644219	43078.449719815704
43078.29737981233	43078.16581488788	43078.180356024015	43078.29701580761	43078.16581488788	43078.08214142164	43078.071333458305	43078.187326749096	43078.180356024015	43078.071333458305	43078.11916582974	43078.20211182549	43078.29701580761	43078.187326749096	43078.20211182549	43078.32970193419
43078.4262776541	43078.26835919252	43078.29827089968	43078.429921748706	43078.26835919252	43078.16413190013	43078.159731561274	43078.29024738068	43078.29827089968	43078.159731561274	43078.22993564806	43078.32043202425	43078.429921748706	43078.29024738068	43078.32043202425	43078.462233254504
43080.43483126067	43079.77372174274	43080.18038978397	43080.44239744818	43079.77372174274	43079.30432735796	43079.54485497318	43079.794527709826	43080.18038978397	43079.54485497318	43080.02538667037	43080.20156076639	43080.44239744818	43079.794527709826	43080.20156076639	43080.472191586494
43083.86685567496	43082.313643090354	43083.441940271834	43083.878246205975	43082.313643090354	43081.194805225	43081.94098371594	43082.33677897067	43083.441940271834	43081.94098371594	43083.14996307888	43083.46529718288	43083.878246205975	43082.33677897067	43083.46529718288	43083.91055512545
43082.306482142805	43081.4657715562	43081.458074458715	43082.30285665736	43081.4657715562	43080.846753010715	43080.68158488521	43081.477352565365	43081.458074458715	43080.68158488521	43080.92512338871	43081.47096216005	43082.30285665736	43081.477352565365	43081.47096216005	43082.321967315205
43080.74872910935	43080.379805146375	43079.84433083892	43080.72619057452	43080.379805146375	43080.11472750557	43079.52211212766	43080.380892304216	43079.84433083892	43079.52211212766	43079.32286193196	43079.84690565657	43080.72619057452	43080.380892304216	43079.84690565657	43080.73410326581
43079.38317157004	43079.165024474365	43078.90185391613	43079.380874047514	43079.165024474365	43079.01321203677	43078.70813626697	43079.17934874108	43078.90185391613	43078.70813626697	43078.63236306009	43078.9172652371	43079.380874047514	43079.17934874108	43078.9172652371	43079.40367610048
43078.91163007058	43078.668321552126	43078.69252778054	43078.91379595252	43078.668321552126	43078.5009353544	43078.46905204818	43078.68643511339	43078.69252778054	43078.46905204818	43078.57041949223	43078.71109737392	43078.91379595252	43078.68643511339	43078.71109737392	43078.94087444927
43078.93468400879	43078.709076355866	43078.67589965537	43078.9359493683	43078.709076355866	43078.55401819631	43078.47071133168	43078.7264640429	43078.67589965537	43078.47071133168	43078.53179549629	43078.693847614915	43078.9359493683	43078.7264640429	43078.693847614915	43078.96220975992
43080.97360435631	43080.49746319991	43080.10624628562	43080.93491423293	43080.49746319991	43080.15735930432	43079.68901816475	43080.490308085995	43080.10624628562	43079.68901816475	43079.59871979843	43080.10024852846	43080.93491423293	43080.490308085995	43080.10024852846	43080.934063457695
43081.686744811195	43081.296005878394	43080.39624955447	43081.669166588676	43081.296005878394	43081.00715389138	43080.059885195544	43081.29889863294	43080.39624955447	43080.059885195544	43079.64914748851	43080.40145205583	43081.669166588676	43081.29889863294	43080.40145205583	43081.67910064297
43081.585779878005	43081.29755831391	43080.157989922765	43081.55428848862	43081.29755831391	43081.0898658912	43079.92211671343	43081.29332273125	43080.157989922765	43079.92211671343	43079.35116307915	43080.156172358664	43081.55428848862	43081.29332273125	43080.156172358664	43081.55686240059
43081.56697766067	43081.31559103551	43080.117943426856	43081.55174794552	43081.31559103551	43081.13159121228	43079.909541208326	43081.31993727689	43080.117943426856	43079.909541208326	43079.30225170528	43080.12535750494	43081.55174794552	43081.31993727689	43080.12535750494	43081.5637596311
43082.74328995193	43082.19918755237	43081.184203273675	43082.71095438359	43082.19918755237	43081.792592380785	43080.7200556297	43082.19383990469	43081.184203273675	43080.7200556297	43080.26222761318	43081.181074723056	43082.71095438359	43082.19383990469	43081.181074723056	43082.71193531974
43079.76638794378	43079.42209394865	43079.28921437312	43079.75379109225	43079.42209394865	43079.17990724077	43078.97714575969	43079.4296210229	43079.28921437312	43078.97714575969	43079.01533334284	43079.29757661502	43079.75379109225	43079.4296210229	43079.29757661502	43079.76865516538
43079.02542201592	43078.678074757234	43078.91108961045	43079.02437639879	43078.678074757234	43078.43932306555	43078.584615430285	43078.69560155416	43078.91108961045	43078.584615430285	43078.84821920955	43078.928777014546	43079.02437639879	43078.69560155416	43078.928777014546	43079.05116425569
43078.41605567167	43078.22070500726	43078.31399680048	43078.39784397816	43078.22070500726	43078.095729835084	43078.14947856375	43078.23274381394	43078.31399680048	43078.14947856375	43078.262033157516	43078.32617200896	43078.39784397816	43078.23274381394	43078.32617200896	43078.42044710001
43078.24382536726	43078.10921744726	43078.132434146835	43078.22955836785	43078.10921744726	43078.02754094871	43078.028975682115	43078.12571365326	43078.132434146835	43078.028975682115	43078.07586005279	43078.14911586941	43078.22955836785	43078.12571365326	43078.14911586941	43078.25797106523
43078.2179582159	43078.106174023	43078.10770507062	43078.21837436718	43078.106174023	43078.03872663525	43078.022721017885	43078.13303644146	43078.10770507062	43078.022721017885	43078.05130854544	43078.13481251057	43078.21837436718	43078.13303644146	43078.13481251057	43078.258946814414
43078.24929599314	43078.09984022753	43078.11812683595	43078.211186760826	43078.09984022753	43078.01327854466	43078.01220876104	43078.10495611501	43078.11812683595	43078.01220876104	43078.0526171504	43078.12341851199	43078.211186760826	43078.10495611501	43078.12341851199	43078.22813162153
43078.670227997165	43078.292306300405	43078.33906380167	43078.417596208594	43078.292306300405	43078.09658562051	43078.1216646835	43078.199998868455	43078.33906380167	43078.1216646835	43078.18121779343	43078.24696739574	43078.417596208594	43078.199998868455	43078.24696739574	43078.338932026585
43078.976574674554	43078.46253360666	43078.5198876427	43078.60732188302	43078.46253360666	43078.20168456934	43078.23605571449	43078.323280767334	43078.5198876427	43078.23605571449	43078.303537487845	43078.38092787106	43078.60732188302	43078.323280767334	43078.38092787106	43078.48579651464
43078.78448387908	43078.35625722006	43078.41407114058	43078.493236349415	43078.35625722006	43078.13503424352	43078.16891368422	43078.24787567055	43078.41407114058	43078.16891368422	43078.23805284046	43078.305937864796	43078.493236349415	43078.24787567055	43078.305937864796	43078.399587017884
43078.32121613815	43078.14863751421	43078.170431675775	43078.26964736029	43078.14863751421	43078.05464489398	43078.06097660319	43078.160036596375	43078.170431675775	43078.06097660319	43078.09722410953	43078.182009305536	43078.26964736029	43078.160036596375	43078.182009305536	43078.29929540064
43078.45999952952	43078.194285962316	43078.24893862859	43078.324694132294	43078.194285962316	43078.0479569108	43078.0768988179	43078.15237606489	43078.24893862859	43078.0768988179	43078.146958584606	43078.20719945058	43078.324694132294	43078.15237606489	43078.20719945058	43078.293955142246
43078.29017060135	43078.114768656276	43078.13182441232	43078.22320552457	43078.114768656276	43078.01870095034	43078.01948411595	43078.11066229488	43078.13182441232	43078.01948411595	43078.054409967015	43078.12789018032	43078.22320552457	43078.11066229488	43078.12789018032	43078.233142219
43078.56260743787	43078.245078342734	43078.28354008257	43078.36721509194	43078.245078342734	43078.079757304884	43078.0989479794	43078.18244414328	43078.28354008257	43078.0989479794	43078.15019778489	43078.22109094622	43078.36721509194	43078.18244414328	43078.22109094622	43078.31960158047
43078.60916096849	43078.271343231056	43078.32762980381	43078.40620152327	43078.271343231056	43078.09268943824	43078.1250716836	43078.203440535566	43078.32762980381	43078.1250716836	43078.19325540277	43078.25992892176	43078.40620152327	43078.203440535566	43078.25992892176	43078.35246071202
43078.36261170318	43078.155559639294	43078.2136220811	43078.29157813083	43078.155559639294	43078.03620038193	43078.0677754525	43078.14544905209	43078.2136220811	43078.0677754525	43078.14085559952	43078.203657153834	43078.29157813083	43078.14544905209	43078.203657153834	43078.29341452356
43078.26459498594	43078.123908104244	43078.15377581971	43078.25065765259	43078.123908104244	43078.03730213167	43078.04297427406	43078.13940803823	43078.15377581971	43078.04297427406	43078.097227653496	43078.169457387754	43078.25065765259	43078.13940803823	43078.169457387754	43078.27748605739
43078.42612634014	43078.235315041646	43078.325421793736	43078.4156046311	43078.235315041646	43078.111483197776	43078.16110730612	43078.25058881595	43078.325421793736	43078.16110730612	43078.27341669418	43078.340843763785	43078.4156046311	43078.25058881595	43078.340843763785	43078.441254458696
43079.672511300014	43079.113844298605	43079.590892935594	43079.67081043684	43079.113844298605	43078.728506303756	43079.05749427294	43079.13589325707	43079.590892935594	43079.05749427294	43079.54750306937	43079.61297369981	43079.67081043684	43079.13589325707	43079.61297369981	43079.70450184686
43090.73878099538	43086.89403153722	43089.626100584675	43090.089206302044	43086.89403153722	43084.300451869785	43086.22107283571	43086.61822693216	43089.626100584675	43086.22107283571	43089.00070177294	43089.36830642788	43090.089206302044	43086.61822693216	43089.36830642788	43089.83921457688
43084.78845463274	43082.73076402745	43084.63817134935	43084.7462874837	43082.73076402745	43081.286834553684	43082.627923749926	43082.72651927872	43084.63817134935	43082.627923749926	43084.54795482232	43084.63454952463	43084.7462874837	43082.72651927872	43084.63454952463	43084.750344878164
43087.8338134583	43084.94155776634	43087.63157378755	43087.81410814377	43084.94155776634	43082.893371513506	43084.787144217116	43084.94691970829	43087.63157378755	43084.787144217116	43087.490150438935	43087.63721474218	43087.81410814377	43084.94691970829	43087.63721474218	43087.82707944015
43089.2657032915	43085.97768407952	43089.11275915277	43089.296938549494	43085.97768407952	43083.64592017975	43085.85608765354	43086.02079834526	43089.11275915277	43085.85608765354	43088.998137070084	43089.1542092889	43089.296938549494	43086.02079834526	43089.1542092889	43089.353527093575
43093.41904266643	43089.0316128647	43092.09629823737	43092.868686314985	43089.0316128647	43085.99763889353	43088.15097978889	43088.80429457084	43092.09629823737	43088.15097978889	43091.26622277969	43091.886519732856	43092.868686314985	43088.80429457084	43091.886519732856	43092.66781739917
43092.97633338223	43088.481100831086	43091.56037552288	43092.15269751166	43088.481100831086	43085.458390658656	43087.63074253974	43088.13371293073	43091.56037552288	43087.63074253974	43090.7619618424	43091.23933855415	43092.15269751166	43088.13371293073	43091.23933855415	43091.841292415884
43092.63189874932	43088.2492489513	43091.299036505574	43091.86796088208	43088.2492489513	43085.29321980374	43087.44368213661	43087.92710714206	43091.299036505574	43087.44368213661	43090.54323436554	43091.00100213381	43091.86796088208	43087.92710714206	43091.00100213381	43091.579031264264
43085.27743847329	43083.09623283596	43085.183022026424	43085.28635923246	43083.09623283596	43081.5578666524	43083.027282454415	43083.12358093975	43085.183022026424	43083.027282454415	43085.12248024451	43085.209892465515	43085.28635923246	43083.12358093975	43085.209892465515	43085.32520248306
43079.249360631686	43078.84981829837	43079.14371118681	43079.26577694391	43078.84981829837	43078.57156837911	43078.760245632366	43078.87959220129	43079.14371118681	43078.760245632366	43079.084148837	43079.17362169736	43079.26577694391	43078.87959220129	43079.17362169736	43079.30684784179
43078.86339545134	43078.65342503716	43078.61423766545	43078.86550053787	43078.65342503716	43078.50969793384	43078.42412409468	43078.671574296146	43078.61423766545	43078.42412409468	43078.476096322964	43078.632941003016	43078.86550053787	43078.671574296146	43078.632941003016	43078.89270525021
43079.90177456382	43079.666201305314	43079.2303715156	43079.91106871603	43079.666201305314	43079.49734050434	43079.019486534	43079.687923810285	43079.2303715156	43079.019486534	43078.85148374551	43079.25398868615	43079.91106871603	43079.687923810285	43079.25398868615	43079.94273381721
43078.49889241655	43078.32435620073	43078.38957447749	43078.5178401209	43078.32435620073	43078.20645525222	43078.23023594534	43078.35731328127	43078.38957447749	43078.23023594534	43078.330718236015	43078.4227994464	43078.5178401209	43078.35731328127	43078.4227994464	43078.563184929735
43092.33475756337	43088.024614224836	43090.85265037895	43091.46946104086	43088.024614224836	43085.142137497736	43087.130732041915	43087.65752465547	43090.85265037895	43087.130732041915	43090.01849427393	43090.51086003253	43091.46946104086	43087.65752465547	43090.51086003253	43091.13768477327
43084.353529802946	43082.41722740215	43084.250481910494	43084.333663209494	43082.41722740215	43081.06293241331	43082.354852234836	43082.434798101924	43084.250481910494	43082.354852234836	43084.194679524	43084.26810045833	43084.333663209494	43082.434798101924	43084.26810045833	43084.36495630908
43078.9732841508	43078.66636742237	43078.913617796774	43079.02760744667	43078.66636742237	43078.45474939922	43078.62052486448	43078.733774271626	43078.913617796774	43078.62052486448	43078.8818599401	43078.98103141246	43079.02760744667	43078.733774271626	43078.98103141246	43079.11630460271
43078.537513002666	43078.36751332833	43078.467709075674	43078.594334883266	43078.36751332833	43078.25217190493	43078.31003878286	43078.43605817178	43078.467709075674	43078.31003878286	43078.430815921456	43078.53646654528	43078.594334883266	43078.43605817178	43078.53646654528	43078.68427218312
43078.38077853469	43078.231236667445	43078.30917521464	43078.41311975265	43078.231236667445	43078.1356551064	43078.182910237825	43078.286623350636	43078.30917521464	43078.182910237825	43078.27329344678	43078.36468691666	43078.41311975265	43078.286623350636	43078.36468691666	43078.489013884
43079.86137004508	43079.14853916912	43079.59344684863	43079.65898012907	43079.14853916912	43078.701195861846	43079.00985510837	43079.07438365272	43079.59344684863	43079.00985510837	43079.465349523256	43079.52012471833	43079.65898012907	43079.07438365272	43079.52012471833	43079.59604163503
43080.864309773475	43079.77107011442	43080.39755809305	43080.465177109756	43079.77107011442	43079.1030606743	43079.54189601682	43079.60841801916	43080.39755809305	43079.54189601682	43080.17862367472	43080.23719064033	43080.465177109756	43079.60841801916	43080.23719064033	43080.31667602805
43097.04909785075	43088.99015938847	43091.49182004875	43091.605207489476	43088.99015938847	43084.63618678177	43086.466305698385	43086.56960751271	43091.49182004875	43086.466305698385	43089.1245363531	43089.22008698922	43091.605207489476	43086.56960751271	43089.22008698922	43089.3442263176
43098.814194871244	43090.19312597615	43092.92009947685	43093.13044195537	43090.19312597615	43085.504579186825	43087.502301959445	43087.69060971213	43092.92009947685	43087.502301959445	43090.413457862225	43090.5903203236	43093.13044195537	43087.69060971213	43090.5903203236	43090.8173213843
43089.997533518326	43085.8087226546	43088.48030188041	43088.593583682465	43085.8087226546	43083.19157406503	43085.092375703294	43085.193387006795	43088.48030188041	43085.092375703294	43087.80943380157	43087.902840645256	43088.593583682465	43085.193387006795	43087.902840645256	43088.02363604398
43081.67947446711	43080.46262379645	43081.46423317542	43081.53454689	43080.46262379645	43079.64612022238	43080.3498837115	43080.4183781711	43081.46423317542	43080.3498837115	43081.36042114406	43081.42124420428	43081.53454689	43080.4183781711	43081.42124420428	43081.50322760695
43078.62767169744	43078.356958522	43078.50513799994	43078.585122206576	43078.356958522	43078.18899510995	43078.28762848916	43078.36730857953	43078.50513799994	43078.28762848916	43078.44557401115	43078.515613838805	43078.585122206576	43078.36730857953	43078.515613838805	43078.610997369455
43078.30996716456	43078.20474674539	43078.221108572674	43078.35381302549	43078.20474674539	43078.14321215644	43078.1450242355	43078.27758549633	43078.221108572674	43078.1450242355	43078.1770446355	43078.29421227953	43078.35381302549	43078.27758549633	43078.29421227953	43078.453365722045
43078.28306137541	43078.18757409346	43078.18742136617	43078.32460260491	43078.18757409346	43078.132111047875	43078.11932688922	43078.25633626371	43078.18742136617	43078.11932688922	43078.139514099945	43078.25652389681	43078.32460260491	43078.25633626371	43078.25652389681	43078.418601074234
43078.388184224255	43078.3035317867	43078.312147841076	43078.4795520395	43078.3035317867	43078.25045182504	43078.24317035985	43078.410361806884	43078.312147841076	43078.24317035985	43078.273415310294	43078.41943776712	43078.4795520395	43078.410361806884	43078.41943776712	43078.619126549645
43078.390452249325	43078.30482465687	43078.31186913308	43078.48003542994	43078.30482465687	43078.253153975755	43078.24647443478	43078.41448624686	43078.31186913308	43078.24647443478	43078.27241876739	43078.42195619829	43078.48003542994	43078.41448624686	43078.42195619829	43078.62428887734
43078.399387436824	43078.29248944634	43078.29669674329	43078.45762444682	43078.29248944634	43078.232653533756	43078.22534909433	43078.38615241251	43078.29669674329	43078.22534909433	43078.24621033086	43078.390730371095	43078.45762444682	43078.38615241251	43078.390730371095	43078.585212131264
43078.45226384227	43078.319556509574	43078.31487732219	43078.4805571115	43078.319556509574	43078.24889971953	43078.23437178814	43078.39991834663	43078.31487732219	43078.23437178814	43078.247893060034	43078.39565678204	43078.4805571115	43078.39991834663	43078.39565678204	43078.59527305152
43078.43509381961	43078.31447077044	43078.32119646023	43078.48372064079	43078.31447077044	43078.24825982725	43078.24356381061	43078.40596920055	43078.32119646023	43078.24356381061	43078.26561885241	43078.41304564041	43078.48372064079	43078.40596920055	43078.41304564041	43078.61033147568
43078.34069388362	43078.22643473547	43078.2457657657	43078.38092157015	43078.22643473547	43078.160737106315	43078.16559148748	43078.30062006317	43078.2457657657	43078.16559148748	43078.199086871755	43078.32020198185	43078.38092157015	43078.30062006317	43078.32020198185	43078.48336370903
43078.36744652409	43078.26624542145	43078.288365992434	43078.436219617535	43078.26624542145	43078.20583257334	43078.21241648084	43078.36014045339	43078.288365992434	43078.21241648084	43078.2491321014	43078.38254281464	43078.436219617535	43078.36014045339	43078.38254281464	43078.56158283245
43078.40536182676	43078.304897802394	43078.312032212874	43078.47663858145	43078.304897802394	43078.24758735036	43078.24258190959	43078.4070662198	43078.312032212874	43078.24258190959	43078.266014816574	43078.41457274775	43078.47663858145	43078.4070662198	43078.41457274775	43078.61393785115
43078.41039869962	43078.32210197756	43078.326002513095	43078.49947628245	43078.32210197756	43078.270284399136	43078.26178969068	43078.43512782119	43078.326002513095	43078.26178969068	43078.28397518478	43078.43946591222	43078.49947628245	43078.43512782119	43078.43946591222	43078.648933569915
43078.419402250096	43078.33059017496	43078.33264224174	43078.50902867557	43078.33059017496	43078.2788819504	43078.26896977997	43078.44522267135	43078.33264224174	43078.26896977997	43078.28950594082	43078.44772801827	43078.50902867557	43078.44522267135	43078.44772801827	43078.66078782213
43078.40418731164	43078.30715520188	43078.32012771117	43078.48376775564	43078.30715520188	43078.25043744144	43078.250000909946	43078.41351977465	43078.32012771117	43078.250000909946	43078.278544777975	43078.42684147607	43078.48376775564	43078.41351977465	43078.42684147607	43078.62539650337
