6000.865924405017	5995.811927248243	5997.96564248051	5995.454924448216	5997.889865407436	5978.943220545301	5996.333614648985	5997.974406534518	5995.811927248243	6002.973154447271	5996.0627429156275	5993.366165334404	5995.624221798381	5980.499310818241	5993.799698993965	5996.070237504069	5997.96564248051	5996.0627429156275	5998.569899419958	5994.663571656949	5998.37270171134	5980.799445479406	5996.040600565911	5998.570624525531	5995.454924448216	5993.366165334404	5994.663571656949	5998.149763241883	5996.540361078497	5990.256312544119	5997.282314185901	5994.675713575378	5997.889865407436	5995.624221798381	5998.37270171134	5996.540361078497	6001.094159426839	5982.081859258506	5997.652805489212	5998.378341404992	5978.943220545301	5980.499310818241	5980.799445479406	5990.256312544119	5982.081859258506	6065.719654214816	5986.195905504798	5980.802957102893	5996.333614648985	5993.799698993965	5996.040600565911	5997.282314185901	5997.652805489212	5986.195905504798	6001.857130316	5996.047350314813	5997.974406534518	5996.070237504069	5998.570624525531	5994.675713575378	5998.378341404992	5980.802957102893	5996.047350314813	5998.597748806386
6004.017258224543	5986.82088397367	6001.148258188155	5997.279226564571	6001.457529102962	5979.089285393517	5999.322290599178	6001.159126510224	5986.82088397367	6032.350796618931	5985.40415792565	5987.703817547313	5983.661210515245	5978.977951633652	5984.135623259748	5985.4109543328195	6001.148258188155	5985.40415792565	6002.475443053053	5996.663635491502	6002.687957432292	5981.339377206787	5999.527067647439	6002.472463746155	5997.279226564571	5987.703817547313	5996.663635491502	5999.466127112898	5999.113836608385	5990.591991848917	5999.313737158137	5996.679108715672	6001.457529102962	5983.661210515245	6002.687957432292	5999.113836608385	6006.390494358358	5982.89629130879	6001.826276367589	6002.695557789983	5979.089285393517	5978.977951633652	5981.339377206787	5990.591991848917	5982.89629130879	6066.2568840014965	5986.736420636789	5981.343219537032	5999.322290599178	5984.135623259748	5999.527067647439	5999.313737158137	6001.826276367589	5986.736420636789	6005.165508838866	5999.537400020775	6001.159126510224	5985.4109543328195	6002.472463746155	5996.679108715672	6002.695557789983	5981.343219537032	5999.537400020775	6002.490842573023
6005.786227526755	5982.785120609296	6002.392576336306	5998.246794307731	6002.919761221065	5979.009095308933	6000.833557344167	6002.401383139627	5982.785120609296	6047.094396516156	5979.847976609015	5985.126298205535	5977.648377239268	5978.041141806109	5979.437001210778	5979.85394792085	6002.392576336306	5979.847976609015	6004.433371725246	5997.726954846197	6004.934402526813	5982.070839906369	6001.5982901230145	6004.432366833071	5998.246794307731	5985.126298205535	5997.726954846197	5999.811850932572	6000.08808477001	5990.407436939116	5999.884414304967	5997.7390075172325	6002.919761221065	5977.648377239268	6004.934402526813	6000.08808477001	6008.716688204413	5983.420334275181	6003.790761633399	6004.940103198542	5979.009095308933	5978.041141806109	5982.070839906369	5990.407436939116	5983.420334275181	6066.253140445934	5986.5173951484185	5982.073888961442	6000.833557344167	5979.437001210778	6001.5982901230145	5999.884414304967	6003.790761633399	5986.5173951484185	6006.170246847346	6001.605770248085	6002.401383139627	5979.85394792085	6004.432366833071	5997.7390075172325	6004.940103198542	5982.073888961442	6001.605770248085	6004.451992903447
6006.213594519047	5982.953422446118	6002.135191852871	5998.383145982259	6002.687950982396	5978.754177585178	6000.925825518385	6002.148707601123	5982.953422446118	6048.027134269093	5979.360451934112	5985.157916481674	5977.262571288812	5977.772252203613	5979.218589693073	5979.376079330145	6002.135191852871	5979.360451934112	6004.515214454142	5997.8417973131	6005.092977845676	5982.543900728877	6002.016738907418	6004.517843080955	5998.383145982259	5985.157916481674	5997.8417973131	5999.662835069408	6000.01468100978	5990.128837559747	5999.62046758375	5997.858749829301	6002.687950982396	5977.262571288812	6005.092977845676	6000.01468100978	6008.731090603774	5983.685385651976	6003.945890306941	6005.0985568044625	5978.754177585178	5977.772252203613	5982.543900728877	5990.128837559747	5983.685385651976	6066.185252302237	5986.149316008213	5982.54816628669	6000.925825518385	5979.218589693073	6002.016738907418	5999.62046758375	6003.945890306941	5986.149316008213	6005.758573534949	6002.024066949518	6002.148707601123	5979.376079330145	6004.517843080955	5997.858749829301	6005.0985568044625	5982.54816628669	6002.024066949518	6004.567913881929
6005.677729393262	5982.509621478543	6002.384369071428	5998.333160893484	6002.938654527482	5979.274649686806	6001.133162733468	6002.39305410069	5982.509621478543	6047.5720310787465	5979.621757984767	5985.1834800129645	5977.648408110975	5978.251849549351	5979.41684759472	5979.628701277756	6002.384369071428	5979.621757984767	6004.257490724006	5997.92303026315	6004.848252656546	5982.371513594829	6002.067475917974	6004.257340435726	5998.333160893484	5985.1834800129645	5997.92303026315	5999.525606637334	5999.945415534766	5990.043011647827	5999.465555832125	5997.934933051509	6002.938654527482	5977.648408110975	6004.848252656546	5999.945415534766	6008.30746464473	5983.375003886474	6003.8154473814675	6004.853637449885	5979.274649686806	5978.251849549351	5982.371513594829	5990.043011647827	5983.375003886474	6065.577949201018	5985.74681690857	5982.374739031298	6001.133162733468	5979.41684759472	6002.067475917974	5999.465555832125	6003.8154473814675	5985.74681690857	6005.4415059185685	6002.074361959583	6002.39305410069	5979.628701277756	6004.257340435726	5997.934933051509	6004.853637449885	5982.374739031298	6002.074361959583	6004.28077996516
6005.285767602711	5982.338285059435	6002.443264029903	5998.27681508239	6002.940194422451	5979.658072083978	6001.285928477976	6002.4584494055525	5982.338285059435	6046.9685926017955	5979.883643027094	5985.428533728561	5978.26790967786	5978.6566483411	5979.762183165545	5979.902326104912	6002.443264029903	5979.883643027094	6003.985019346512	5997.953153052133	6004.529069788306	5982.372984514687	6002.153616779402	6003.989881494322	5998.27681508239	5985.428533728561	5997.953153052133	5999.212376056886	5999.5812476603	5989.815019095742	5999.118812271838	5997.9740696259405	6002.940194422451	5978.26790967786	6004.529069788306	5999.5812476603	6007.411740471698	5983.10292318316	6003.500002206438	6004.536905667719	5979.658072083978	5978.6566483411	5982.372984514687	5989.815019095742	5983.10292318316	6064.935722634158	5985.218561255079	5982.379974524407	6001.285928477976	5979.762183165545	6002.153616779402	5999.118812271838	6003.500002206438	5985.218561255079	6004.900565653211	6002.16284491839	6002.4584494055525	5979.902326104912	6003.989881494322	5997.9740696259405	6004.536905667719	5982.379974524407	6002.16284491839	6004.056053223771
6002.156781573379	5986.818782702933	6001.005965554663	5997.206946383552	6001.460310438922	5980.900642564837	6000.02715232509	6001.067158398856	5986.818782702933	6029.37147838811	5986.297902579089	5988.528515029699	5985.12932938667	5980.254618736543	5985.725131929871	5986.381199816121	6001.005965554663	5986.297902579089	6001.40316736517	5997.034035191587	6001.873356502792	5981.894847052798	6000.24749052518	6001.449217866854	5997.206946383552	5988.528515029699	5997.034035191587	5998.638879791104	5998.704234465527	5989.682845768943	5997.990617832729	5997.129971116808	6001.460310438922	5985.12932938667	6001.873356502792	5998.704234465527	6004.942201837348	5982.512791804299	6001.419649836566	6001.912157916458	5980.900642564837	5980.254618736543	5981.894847052798	5989.682845768943	5982.512791804299	6063.229742530557	5984.256378534312	5981.942540880877	6000.02715232509	5985.725131929871	6000.24749052518	5997.990617832729	6001.419649836566	5984.256378534312	6002.517880408676	6000.289707433497	6001.067158398856	5986.381199816121	6001.449217866854	5997.129971116808	6001.912157916458	5981.942540880877	6000.289707433497	6001.833175324677
6001.135148032943	5996.167173397037	5997.485028358788	5995.621741272427	5997.50441633626	5979.027266947588	5996.434237845252	5997.495773916905	5996.167173397037	6000.948677564246	5996.510573549741	5993.822609022167	5996.162539806875	5981.172723905035	5994.720716271209	5996.519314733954	5997.485028358788	5996.510573549741	5998.096220014822	5994.705872005264	5997.991641630711	5981.476334739507	5996.212298852496	5998.098645747195	5995.621741272427	5993.822609022167	5994.705872005264	5998.3711480727525	5997.214108794647	5989.97495520692	5997.081283437044	5994.719401499367	5997.50441633626	5996.162539806875	5997.991641630711	5997.214108794647	6002.004743622369	5982.842603598658	5998.089698223279	5997.997151032884	5979.027266947588	5981.172723905035	5981.476334739507	5989.97495520692	5982.842603598658	6064.1955286437405	5985.530649883547	5981.480090896211	5996.434237845252	5994.720716271209	5996.212298852496	5997.081283437044	5998.089698223279	5985.530649883547	6000.92614707783	5996.219402733192	5997.495773916905	5996.519314733954	5998.098645747195	5994.719401499367	5997.997151032884	5981.480090896211	5996.219402733192	5998.135641514098
6000.273238328554	5996.339477052939	5997.543757418138	5995.233054234388	5997.424709186871	5979.943935713521	5995.977195743196	5997.553935544958	5996.339477052939	6000.606223793037	5996.682040669212	5993.676635458705	5996.187738469216	5981.3584701099635	5994.35405423022	5996.690786797467	5997.543757418138	5996.682040669212	5998.070209504142	5994.45964892484	5997.78912163054	5981.625709426688	5995.653374733913	5998.072663004673	5995.233054234388	5993.676635458705	5994.45964892484	5998.597238549076	5997.226701124013	5990.742012903309	5997.61120700709	5994.472652392894	5997.424709186871	5996.187738469216	5997.78912163054	5997.226701124013	6001.870615164116	5983.366926556193	5998.037390000182	5997.794540310796	5979.943935713521	5981.3584701099635	5981.625709426688	5990.742012903309	5983.366926556193	6061.660457641873	5986.91139722801	5981.62952861922	5995.977195743196	5994.35405423022	5995.653374733913	5997.61120700709	5998.037390000182	5986.91139722801	6002.005003712364	5995.659979254223	5997.553935544958	5996.690786797467	5998.072663004673	5994.472652392894	5997.794540310796	5981.62952861922	5995.659979254223	5998.108854257587
6003.257753440616	5985.223533465284	6001.894880974074	5997.251858745512	6002.182572197432	5980.232839282404	5999.766659113068	6001.904399673558	5985.223533465284	6035.211706308706	5984.434892611745	5987.2291386643155	5982.933993763137	5979.5400617266005	5983.369905144033	5984.444265998248	6001.894880974074	5984.434892611745	6002.56151091742	5996.987390353601	6002.8205209253	5981.343518637957	5999.924769807197	6002.563854769153	5997.251858745512	5987.2291386643155	5996.987390353601	5999.14964226734	5998.927478487647	5990.537861985363	5999.102903542882	5997.001147880813	6002.182572197432	5982.933993763137	6002.8205209253	5998.927478487647	6005.842555076865	5982.529298180099	6001.728821959562	6002.826971718952	5980.232839282404	5979.5400617266005	5981.343518637957	5990.537861985363	5982.529298180099	6064.311045528232	5986.428090426698	5981.348247210954	5999.766659113068	5983.369905144033	5999.924769807197	5999.102903542882	6001.728821959562	5986.428090426698	6004.956424491142	5999.931932175464	6001.904399673558	5984.444265998248	6002.563854769153	5997.001147880813	6002.826971718952	5981.348247210954	5999.931932175464	6002.600630965331
6003.412199117865	5981.490343025587	6003.163834523793	5997.933694090354	6003.63316380158	5981.284128547015	6001.335121221621	6003.173136476129	5981.490343025587	6044.331560207508	5981.2939311755445	5985.48408218567	5979.747183934563	5979.802862489705	5980.6314153180165	5981.298736064976	6003.163834523793	5981.2939311755445	6003.293789988585	5997.892417632507	6003.75655471539	5981.50742238267	6001.387239818563	6003.292603373432	5997.933694090354	5985.48408218567	5997.892417632507	5999.16661296637	5999.509984926096	5990.1218615391435	5999.254974255478	5997.906093614029	6003.63316380158	5979.747183934563	6003.75655471539	5999.509984926096	6006.51370987303	5982.267139702521	6002.810165463936	6003.764240521621	5981.284128547015	5979.802862489705	5981.50742238267	5990.1218615391435	5982.267139702521	6063.366895834552	5985.3445519764455	5981.511321130417	6001.335121221621	5980.6314153180165	6001.387239818563	5999.254974255478	6002.810165463936	5985.3445519764455	6004.998080038745	6001.396481411279	6003.173136476129	5981.298736064976	6003.292603373432	5997.906093614029	6003.764240521621	5981.511321130417	6001.396481411279	6003.311808984696
6003.31386453416	5989.184031205429	6000.384190875159	5996.727907818362	6000.54433659204	5978.964274880824	5998.259116132655	6000.393875441305	5989.184031205429	6025.082211258069	5988.300941429175	5988.6073202169955	5986.202965221081	5978.867629890814	5985.923362793848	5988.308182647795	6000.384190875159	5988.300941429175	6001.61438711967	5995.917312493151	6001.541557450651	5980.992259717355	5998.085647699173	6001.611984083596	5996.727907818362	5988.6073202169955	5995.917312493151	6000.047879754648	5999.399080392723	5991.423402440787	5999.980976455608	5995.930433586432	6000.54433659204	5986.202965221081	6001.541557450651	5999.399080392723	6006.389823672586	5983.491585844274	6001.599610143433	6001.547249672984	5978.964274880824	5978.867629890814	5980.992259717355	5991.423402440787	5983.491585844274	6066.579659332559	5988.137240229067	5980.995189700732	5998.259116132655	5985.923362793848	5998.085647699173	5999.980976455608	6001.599610143433	5988.137240229067	6006.054128555743	5998.093920232181	6000.393875441305	5988.308182647795	6001.611984083596	5995.930433586432	6001.547249672984	5980.995189700732	5998.093920232181	6001.629997348049
6000.674573483012	5996.937472790291	5997.113367533978	5995.275332752314	5996.995986749802	5979.711062976577	5995.738853625616	5997.137062315108	5996.937472790291	5998.130021539981	5997.51835088214	5994.14268983152	5997.157050291275	5981.832336171789	5995.035580749448	5997.536396124614	5997.113367533978	5997.51835088214	5997.734466980796	5994.2598731630615	5997.403861663386	5981.88292190061	5995.233589640612	5997.747029343039	5995.275332752314	5994.14268983152	5994.2598731630615	5998.548212834964	5997.019331663945	5990.569715250409	5997.60801208543	5994.286538377219	5996.995986749802	5997.157050291275	5997.403861663386	5997.019331663945	6001.449528808272	5983.5406341773	5997.703316121553	5997.415136132538	5979.711062976577	5981.832336171789	5981.88292190061	5990.569715250409	5983.5406341773	6060.796157662153	5987.087806720524	5981.890167570748	5995.738853625616	5995.035580749448	5995.233589640612	5997.60801208543	5997.703316121553	5987.087806720524	6002.0949415092155	5995.244994141549	5997.137062315108	5997.536396124614	5997.747029343039	5994.286538377219	5997.415136132538	5981.890167570748	5995.244994141549	5997.846751543383
6001.032195070425	5995.876882122915	5997.854625176556	5995.473050332102	5997.735889695462	5978.879136084931	5996.27947615338	5997.862949722064	5995.876882122915	6002.689538940245	5996.176019791391	5993.184884900187	5995.363863322933	5980.460356251243	5993.667726676498	5996.183456643519	5997.854625176556	5996.176019791391	5998.503540527786	5994.544097887288	5998.144194791135	5980.885597298495	5995.888191415929	5998.502200798003	5995.473050332102	5993.184884900187	5994.544097887288	5999.247998269251	5998.158123398924	5990.896043575068	5998.248898480124	5994.554918416908	5997.735889695462	5995.363863322933	5998.144194791135	5998.158123398924	6003.433484329516	5983.275072416813	5999.026331874612	5998.148125141627	5978.879136084931	5980.460356251243	5980.885597298495	5990.896043575068	5983.275072416813	6065.843378642289	5986.86051517935	5980.887966382082	5996.27947615338	5993.667726676498	5995.888191415929	5998.248898480124	5999.026331874612	5986.86051517935	6002.711903639076	5995.894479318381	5997.862949722064	5996.183456643519	5998.502200798003	5994.554918416908	5998.148125141627	5980.887966382082	5995.894479318381	5998.5213264829945
6005.465415696865	5984.415129701338	6001.73139479106	5998.004754208225	6002.2231351450355	5978.84692911267	6000.339483277308	6001.740877268715	5984.415129701338	6041.920985119971	5981.705561916915	5986.099437581965	5979.664663285858	5978.263188494614	5981.134370802637	5981.714287650802	6001.73139479106	5981.705561916915	6003.729537568233	5997.391123314256	6004.189470079867	5982.102694363337	6001.048714302364	6003.730168272019	5998.004754208225	5986.099437581965	5997.391123314256	5999.652783490872	5999.761601001739	5990.312167267908	5999.543065460001	5997.4035179800885	6002.2231351450355	5979.664663285858	6004.189470079867	5999.761601001739	6008.004896963119	5983.439371295747	6003.192106158347	6004.19446809568	5978.84692911267	5978.263188494614	5982.102694363337	5990.312167267908	5983.439371295747	6066.198081430983	5986.365836127884	5982.105864456389	6000.339483277308	5981.134370802637	6001.048714302364	5999.543065460001	6003.192106158347	5986.365836127884	6005.528328765554	6001.055230739659	6001.740877268715	5981.714287650802	6003.730168272019	5997.4035179800885	6004.19446809568	5982.105864456389	6001.055230739659	6003.759137183424
6006.574465443036	5984.066644748318	6001.5995188813795	5998.305614252474	6002.098120890348	5978.23355016561	6000.471550020346	6001.614770920184	5984.066644748318	6046.0700612939345	5980.004498858211	5985.649806780872	5978.035024510316	5977.466181973012	5979.898565479055	5980.011229179111	6001.5995188813795	5980.004498858211	6004.434533879509	5997.549622149329	6004.908029571808	5982.7078894763	6001.560078954711	6004.430148890326	5998.305614252474	5985.649806780872	5997.549622149329	5999.627132386713	5999.702058825861	5990.141446015164	5999.58818509603	5997.571106547371	6002.098120890348	5978.035024510316	6004.908029571808	5999.702058825861	6008.392596033921	5983.893539305026	6003.529816141441	6004.919486119818	5978.23355016561	5977.466181973012	5982.7078894763	5990.141446015164	5983.893539305026	6066.567428425399	5986.5570532292495	5982.713060259368	6000.471550020346	5979.898565479055	6001.560078954711	5999.58818509603	6003.529816141441	5986.5570532292495	6005.814228809905	6001.575162055269	6001.614770920184	5980.011229179111	6004.430148890326	5997.571106547371	6004.919486119818	5982.713060259368	6001.575162055269	6004.451542308414
6007.0116920755645	5985.487709723409	6000.796044472598	5998.372030477705	6001.470156004246	5977.908976392101	5999.994991226201	6000.859348829772	5985.487709723409	6043.266232263669	5981.1041685460705	5985.741598389	5978.4188217381425	5976.831550211806	5980.41181243071	5981.131661676826	6000.796044472598	5981.1041685460705	6004.184601575382	5997.171120868414	6004.643542731534	5983.139082521602	6000.767757908774	6004.160399722132	5998.372030477705	5985.741598389	5997.171120868414	6000.407115750554	6000.405793530251	5990.693748455646	6000.386352378601	5997.259700172518	6001.470156004246	5978.4188217381425	6004.643542731534	6000.405793530251	6009.549175114698	5985.004601571217	6003.902947081492	6004.688631942255	5977.908976392101	5976.831550211806	5983.139082521602	5990.693748455646	5985.004601571217	6066.415430777545	5987.758048468035	5983.159488175438	5999.994991226201	5980.41181243071	6000.767757908774	6000.386352378601	6003.902947081492	5987.758048468035	6006.749266958222	6000.832122785291	6000.859348829772	5981.131661676826	6004.160399722132	5997.259700172518	6004.688631942255	5983.159488175438	6000.832122785291	6004.23009195749
6005.451587975275	5985.518892562702	6001.129003934624	5997.818426562315	6001.544144812406	5978.974868081807	5999.708358237219	6001.147000892767	5985.518892562702	6039.209603709838	5982.760051551806	5986.630151329958	5980.884184551969	5978.1322255104915	5981.980532958709	5982.768567398256	6001.129003934624	5982.760051551806	6003.370879429689	5996.990421782482	6003.676614874672	5982.558205532502	6000.181452439256	6003.365008170166	5997.818426562315	5986.630151329958	5996.990421782482	5999.600620361922	5999.308653685589	5990.533517949158	5999.620043451986	5997.01602205978	6001.544144812406	5980.884184551969	6003.676614874672	5999.308653685589	6007.2098245356565	5983.931963475171	6002.440340294035	6003.690145993371	5978.974868081807	5978.1322255104915	5982.558205532502	5990.533517949158	5983.931963475171	6064.717316491116	5987.327511009871	5982.564434917722	5999.708358237219	5981.980532958709	6000.181452439256	5999.620043451986	6002.440340294035	5987.327511009871	6005.849593317916	6000.199594675112	6001.147000892767	5982.768567398256	6003.365008170166	5997.01602205978	6003.690145993371	5982.564434917722	6000.199594675112	6003.388925373855
6004.9688741397395	5983.621136908665	6002.25825339355	5997.897486684789	6002.689740336213	5979.349728258153	6000.36054900962	6002.269129955032	5983.621136908665	6042.885277661986	5981.584011587138	5985.7694537172765	5979.54547096565	5978.452493272371	5980.759635725924	5981.589793557806	6002.25825339355	5981.584011587138	6003.795169528428	5997.411711348478	6004.168867207684	5981.6808182685545	6000.77646401937	6003.792705394859	5997.897486684789	5985.7694537172765	5997.411711348478	5999.704586007906	5999.746903897106	5990.574739919761	5999.841410239733	5997.42702392798	6002.689740336213	5979.54547096565	6004.168867207684	5999.746903897106	6007.779765530971	5983.1015248372605	6003.034940347253	6004.176792733986	5979.349728258153	5978.452493272371	5981.6808182685545	5990.574739919761	5983.1015248372605	6065.919148713625	5986.849268269832	5981.684620920354	6000.36054900962	5980.759635725924	6000.77646401937	5999.841410239733	6003.034940347253	5986.849268269832	6006.15689271006	6000.786855794743	6002.269129955032	5981.589793557806	6003.792705394859	5997.42702392798	6004.176792733986	5981.684620920354	6000.786855794743	6003.811317920947
6005.384469075195	5983.258317927032	6002.116625704947	5998.085995264536	6002.487796596996	5979.282257213608	6000.784552945385	6002.12664383962	5983.258317927032	6044.881565083083	5980.613276043679	5985.985175591405	5979.28316586755	5978.572632854061	5980.532427837409	5980.62250420475	6002.116625704947	5980.613276043679	6003.883828367587	5997.646216965585	6004.272922472379	5982.295938723868	6001.615117969326	6003.88515207236	5998.085995264536	5985.985175591405	5997.646216965585	5999.03369039766	5999.058263980407	5989.842455928194	5998.995138791817	5997.65993271103	6002.487796596996	5979.28316586755	6004.272922472379	5999.058263980407	6006.6735899227915	5983.001194988606	6002.840542197334	6004.279113163044	5979.282257213608	5978.572632854061	5982.295938723868	5989.842455928194	5983.001194988606	6065.258648480276	5985.630936130862	5982.299886195165	6000.784552945385	5980.532427837409	6001.615117969326	5998.995138791817	6002.840542197334	5985.630936130862	6004.928275082419	6001.622351860047	6002.12664383962	5980.62250420475	6003.88515207236	5997.65993271103	6004.279113163044	5982.299886195165	6001.622351860047	6003.918324531613
6005.45338838936	5983.546037528198	6001.829097543517	5998.184949138804	6002.311223189494	5979.3767716898365	6000.865325834039	6001.847331790311	5983.546037528198	6044.479998953361	5980.695687686314	5985.98637560527	5979.167727004724	5978.455706549774	5980.590458161385	5980.702878981228	6001.829097543517	5980.695687686314	6003.66561238103	5997.737915091804	6004.191800010431	5982.761972071037	6001.881688427798	6003.6602407868995	5998.184949138804	5985.98637560527	5997.737915091804	5999.118935695966	5999.3537399776305	5989.764623935964	5998.908185481889	5997.7641598271775	6002.311223189494	5979.167727004724	6004.191800010431	5999.3537399776305	6007.056566535755	5983.474237529922	6003.195647298109	6004.20664843064	5979.3767716898365	5978.455706549774	5982.761972071037	5989.764623935964	5983.474237529922	6064.646563415586	5985.374508339624	5982.768511060129	6000.865325834039	5980.590458161385	6001.881688427798	5998.908185481889	6003.195647298109	5985.374508339624	6004.553014445045	6001.90026467988	6001.847331790311	5980.702878981228	6003.6602407868995	5997.7641598271775	6004.20664843064	5982.768511060129	6001.90026467988	6003.684523612486
5998.721269017851	5996.114734840501	5996.121203672012	5994.9861659988	5996.191221057476	5985.102021775969	5995.602328799538	5996.129802356309	5996.114734840501	5996.571990954399	5996.527193626641	5994.41648163627	5996.580568538761	5986.508116090109	5995.63968356646	5996.534813479867	5996.121203672012	5996.527193626641	5996.543827128862	5994.415396648849	5996.59094835859	5986.510863878772	5995.646908430805	5996.543054664347	5994.9861659988	5994.41648163627	5994.415396648849	5997.148004011673	5995.543920722981	5990.947423716028	5995.557750311317	5994.428514386463	5996.191221057476	5996.580568538761	5996.59094835859	5995.543920722981	5998.611182164358	5986.839470220327	5996.2919895234	5996.5971765276045	5985.102021775969	5986.508116090109	5986.510863878772	5990.947423716028	5986.839470220327	6038.12319624666	5987.835898410979	5986.516047565435	5995.602328799538	5995.63968356646	5995.646908430805	5995.557750311317	5996.2919895234	5987.835898410979	5998.392206995195	5995.654525509705	5996.129802356309	5996.534813479867	5996.543054664347	5994.428514386463	5996.5971765276045	5986.516047565435	5995.654525509705	5996.5671869932985
5997.741452597467	5997.186419791951	5997.40375712295	5995.168117836666	5997.638565945487	5981.7202534783	5996.051439791828	5997.611858583603	5997.186419791951	5998.485695271188	5996.993542998193	5994.810650291347	5997.06876161352	5981.70785730853	5995.5687018792805	5997.199775062606	5997.40375712295	5996.993542998193	5997.535401828923	5994.890584068273	5997.595363416438	5981.798627184213	5995.877308211525	5997.41936584475	5995.168117836666	5994.810650291347	5994.890584068273	5998.956421900585	5999.013354326847	5989.874127043987	5997.968719871096	5995.141498118109	5997.638565945487	5997.06876161352	5997.595363416438	5999.013354326847	6004.801557857641	5983.196848630191	5999.429966506426	5997.6519041149795	5981.7202534783	5981.70785730853	5981.798627184213	5989.874127043987	5983.196848630191	6061.060404390707	5985.962140721686	5981.818733117562	5996.051439791828	5995.5687018792805	5995.877308211525	5997.968719871096	5999.429966506426	5985.962140721686	6002.010627789998	5996.041246590542	5997.611858583603	5997.199775062606	5997.41936584475	5995.141498118109	5997.6519041149795	5981.818733117562	5996.041246590542	5997.63271981144
5994.972104993266	5994.785888303029	5994.688989559399	5994.653665200094	5995.539712503607	5994.783907444583	5994.5589846404255	5994.823918098238	5994.785888303029	5994.948872550962	5994.6797673927595	5994.628945786809	5995.542313477861	5994.775755256815	5994.53457722482	5994.815185077125	5994.688989559399	5994.6797673927595	5994.828125329725	5994.527573094519	5995.643466366296	5994.679057788207	5994.522653549325	5994.718176942407	5994.653665200094	5994.628945786809	5994.527573094519	5996.010465624017	5996.770748147388	5994.634593195216	5995.77236111138	5994.666941172103	5995.539712503607	5995.542313477861	5995.643466366296	5996.770748147388	6002.816905564446	5995.5524471483695	5997.314380196217	5995.604392838857	5994.783907444583	5994.775755256815	5994.679057788207	5994.634593195216	5995.5524471483695	5995.023085143114	5994.546476334264	5994.813979044623	5994.5589846404255	5994.53457722482	5994.522653549325	5995.77236111138	5997.314380196217	5994.546476334264	6000.818223541921	5994.585453195875	5994.823918098238	5994.815185077125	5994.718176942407	5994.666941172103	5995.604392838857	5994.813979044623	5994.585453195875	5994.859057562438
5997.444793115617	5997.149390753204	5997.084520566639	5995.44455286745	5997.6766496092305	5982.462608691196	5995.887337394062	5997.156940088689	5997.149390753204	5997.189306867209	5997.098286558767	5995.394585261294	5997.699615186168	5982.703115640037	5995.855954126422	5997.170823137928	5997.084520566639	5997.098286558767	5997.142161034545	5995.329445984312	5997.7094390724615	5982.707516103086	5995.82504332512	5997.105923212195	5995.44455286745	5995.394585261294	5995.329445984312	5998.693488250077	5999.730874301771	5988.453359802544	5998.539401002901	5995.401564726509	5997.6766496092305	5997.699615186168	5997.7094390724615	5999.730874301771	6006.635424921011	5982.763937958546	6000.639111908362	5997.709594297381	5982.462608691196	5982.703115640037	5982.707516103086	5988.453359802544	5982.763937958546	6058.083723918746	5985.793368727162	5982.705979103791	5995.887337394062	5995.855954126422	5995.82504332512	5998.539401002901	6000.639111908362	5985.793368727162	6003.925711236732	5995.86410731169	5997.156940088689	5997.170823137928	5997.105923212195	5995.401564726509	5997.709594297381	5982.705979103791	5995.86410731169	5997.185146557641
5998.98340606722	5994.33618688541	5993.703172882302	5995.214464956902	5994.274704615936	5994.338421879984	5994.4591208103175	5994.610408659663	5994.33618688541	5995.40764318163	5994.689010294578	5994.613048502126	5995.492455100944	5995.390601886608	5994.667762368508	5995.527601072421	5993.703172882302	5994.689010294578	5995.327658466168	5993.79343243754	5995.59369093028	5994.69272649705	5994.181035204676	5994.985382399669	5995.214464956902	5994.613048502126	5993.79343243754	5998.94610489335	5998.530162787597	5994.616539642585	5997.34174816231	5994.806646737133	5994.274704615936	5995.492455100944	5995.59369093028	5998.530162787597	6004.553909132964	5995.498815940024	5998.202117878006	5995.50793686875	5994.338421879984	5995.390601886608	5994.69272649705	5994.616539642585	5995.498815940024	5995.401002868409	5994.6725574484835	5995.531184826106	5994.4591208103175	5994.667762368508	5994.181035204676	5997.34174816231	5998.202117878006	5994.6725574484835	6000.467207150375	5994.692403840704	5994.610408659663	5995.527601072421	5994.985382399669	5994.806646737133	5995.50793686875	5995.531184826106	5994.692403840704	5997.083092004835
5999.6073987630225	5997.516168720034	5997.5136078862015	5994.474639412951	5996.763676836745	5979.62946923716	5995.01798956661	5997.524591582312	5997.516168720034	5997.970791222899	5997.948500655405	5993.658235062734	5996.806229387088	5980.71673518619	5994.468080333045	5997.958942269872	5997.5136078862015	5997.948500655405	5997.957860886887	5993.653307863674	5996.8116669632245	5980.717105833648	5994.468449143676	5997.956813654044	5994.474639412951	5993.658235062734	5993.653307863674	6000.992828480224	6000.09396620022	5992.96695140281	6000.197578495126	5993.665106045389	5996.763676836745	5996.806229387088	5996.8116669632245	6000.09396620022	6005.540166460625	5985.486983869646	6000.655165038161	5996.813854412912	5979.62946923716	5980.71673518619	5980.717105833648	5992.96695140281	5985.486983869646	6064.026380769472	5989.546151006389	5980.7187605749505	5995.01798956661	5994.468080333045	5994.468449143676	6000.197578495126	6000.655165038161	5989.546151006389	6005.06288477362	5994.474141677522	5997.524591582312	5997.958942269872	5997.956813654044	5993.665106045389	5996.813854412912	5980.7187605749505	5994.474141677522	5997.983308174421
5996.460813980124	5994.567900218802	5994.394844166499	5994.524518286732	5994.873301310747	5994.508735205363	5994.259910369837	5994.572133134596	5994.567900218802	5995.0342605225005	5994.840878192727	5994.111815787102	5995.210642854177	5994.967474503493	5994.053078151324	5995.0255346285585	5994.394844166499	5994.840878192727	5994.995319198983	5993.929421875869	5995.279932266976	5994.787893976146	5993.9826571046115	5994.84533497849	5994.524518286732	5994.111815787102	5993.929421875869	5999.978984769823	6000.35029304443	5994.096471387905	5999.63379941826	5994.115838041292	5994.873301310747	5995.210642854177	5995.279932266976	6000.35029304443	6006.502497479774	5995.167441250742	6000.952346698314	5995.215177663329	5994.508735205363	5994.967474503493	5994.787893976146	5994.096471387905	5995.167441250742	5995.260801819278	5994.0277013429195	5994.971684345819	5994.259910369837	5994.053078151324	5993.9826571046115	5999.63379941826	6000.952346698314	5994.0277013429195	6004.971558054621	5994.056744851287	5994.572133134596	5995.0255346285585	5994.84533497849	5994.115838041292	5995.215177663329	5994.971684345819	5994.056744851287	5995.03840248049
5999.291965653595	5993.9321426807555	5993.707909251468	5995.0698184082985	5994.2599413821135	5993.903443227759	5994.4834752199895	5993.936638417716	5993.9321426807555	5995.217560877655	5994.948323360956	5994.086237505493	5995.380360148634	5995.18099956582	5994.064146585838	5995.206521006284	5993.707909251468	5994.948323360956	5995.156944790721	5993.832451923643	5995.462933161734	5994.928004360373	5993.9634008841385	5994.953313323486	5995.0698184082985	5994.086237505493	5993.832451923643	5999.609586798853	5999.701418606053	5994.079407684696	5999.227499576922	5994.090700052891	5994.2599413821135	5995.380360148634	5995.462933161734	5999.701418606053	6005.99751536529	5995.36444441237	6000.402559522228	5995.385995539969	5993.903443227759	5995.18099956582	5994.928004360373	5994.079407684696	5995.36444441237	5995.3156198527495	5994.054312260997	5995.185687825402	5994.4834752199895	5994.064146585838	5993.9634008841385	5999.227499576922	6000.402559522228	5994.054312260997	6004.60442866153	5994.068665808483	5993.936638417716	5995.206521006284	5994.953313323486	5994.090700052891	5995.385995539969	5995.185687825402	5994.068665808483	5995.219097000372
6005.395475060448	5993.38988623959	5992.285314102313	5996.722618044293	5992.88610725481	5993.390056445172	5994.793435553957	5994.68745850178	5993.38988623959	5996.370718123416	5994.483884170679	5994.948303999961	5995.663925245884	5996.355190468661	5994.821083735783	5996.23868306596	5992.285314102313	5994.483884170679	5996.306979290297	5992.96856231748	5995.784991536899	5994.487446955061	5993.606936613129	5995.909493311077	5996.722618044293	5994.948303999961	5992.96856231748	6000.1858638900285	5998.446227751748	5994.9512859831075	5998.48639885015	5995.182064933526	5992.88610725481	5995.663925245884	5995.784991536899	5998.446227751748	6004.766935562336	5995.670129717862	5998.733587465586	5995.565166334175	5993.390056445172	5996.355190468661	5994.487446955061	5994.9512859831075	5995.670129717862	5996.3657263223595	5994.825699517892	5996.241771756532	5994.793435553957	5994.821083735783	5993.606936613129	5998.48639885015	5998.733587465586	5994.825699517892	6002.294810695858	5994.479714619605	5994.68745850178	5996.23868306596	5995.909493311077	5995.182064933526	5995.565166334175	5996.241771756532	5994.479714619605	6001.712823329929
6005.382603938246	5993.942845716185	5992.190295151724	5997.499747976891	5993.302179926571	5993.946326984801	5994.939966483143	5995.86872874239	5993.942845716185	5997.254078228462	5993.214230372763	5996.278053803509	5996.112950248632	5997.217595497414	5996.189179739528	5995.192247895595	5992.190295151724	5993.214230372763	5998.136494666971	5991.429879507707	5995.139654688626	5993.223443784501	5992.540531578893	5998.384651856457	5997.499747976891	5996.278053803509	5991.429879507707	6001.465794791662	5997.805106501455	5996.286204440618	5998.44209577423	5994.804696714653	5993.302179926571	5996.112950248632	5995.139654688626	5997.805106501455	6002.38025768191	5996.128474627289	5997.424786325909	5995.5907922662645	5993.946326984801	5997.217595497414	5993.223443784501	5996.286204440618	5996.128474627289	5997.235338682044	5996.201642552675	5995.199936057598	5994.939966483143	5996.189179739528	5992.540531578893	5998.44209577423	5997.424786325909	5996.201642552675	6000.544538259162	5994.072793002381	5995.86872874239	5995.192247895595	5998.384651856457	5994.804696714653	5995.5907922662645	5995.199936057598	5994.072793002381	6008.240179912251
6000.458231911414	5996.407534762615	5996.895281532516	5996.301820608934	5997.443334003048	5980.393969404602	5997.286537403251	5997.447421999959	5996.407534762615	6000.012374246328	5995.967959977437	5995.118772527535	5996.48864422748	5982.529546696428	5996.265971155926	5996.491690224803	5996.895281532516	5995.967959977437	5997.351303735236	5994.979951172155	5997.093028693302	5982.8377106482785	5996.848473108834	5997.0969271122185	5996.301820608934	5995.118772527535	5994.979951172155	5997.34611634544	5995.8172487366555	5988.209193208033	5995.974734120557	5995.819975434389	5997.443334003048	5996.48864422748	5997.093028693302	5995.8172487366555	5997.660059484157	5982.915314275398	5997.418809682603	5997.656062912123	5980.393969404602	5982.529546696428	5982.8377106482785	5988.209193208033	5982.915314275398	6060.827491785645	5983.358051806352	5982.917587604478	5997.286537403251	5996.265971155926	5996.848473108834	5995.974734120557	5997.418809682603	5983.358051806352	5998.081504580705	5997.420583946673	5997.447421999959	5996.491690224803	5997.0969271122185	5995.819975434389	5997.656062912123	5982.917587604478	5997.420583946673	5997.683008844706
6004.15681289102	5987.247441497683	5999.992933687508	5998.340059356169	6000.8361968232375	5980.354340108004	6000.642168764415	6000.836216931724	5987.247441497683	6031.693808172583	5985.479900627293	5989.16347900312	5985.7407415961825	5979.5223284725025	5985.699702297345	5985.74801288007	5999.992933687508	5985.479900627293	6001.132977207399	5996.742462399002	6000.888922763399	5983.280588852699	6000.561933735468	6000.888009149707	5998.340059356169	5989.16347900312	5996.742462399002	5998.945427712619	5997.979750441032	5989.045221724686	5998.1225947483435	5997.977204541934	6000.8361968232375	5985.7407415961825	6000.888922763399	5997.979750441032	6001.769519350769	5983.513989905752	6001.449764874842	6001.759136781029	5980.354340108004	5979.5223284725025	5983.280588852699	5989.045221724686	5983.513989905752	6062.844270014564	5983.978811232638	5983.5141983000685	6000.642168764415	5985.699702297345	6000.561933735468	5998.1225947483435	6001.449764874842	5983.978811232638	6001.973921316085	6001.447601046539	6000.836216931724	5985.74801288007	6000.888009149707	5997.977204541934	6001.759136781029	5983.5141983000685	6001.447601046539	6001.769486756468
6000.883511115331	5983.952249359332	6000.0422188764	5998.825349665779	6000.823013520252	5985.988393925051	6000.773332143704	6000.818471577821	5983.952249359332	6041.284822813281	5983.983716527708	5986.257945969897	5983.915723035272	5976.572259870891	5983.812476370247	5983.928257131241	6000.0422188764	5983.983716527708	6000.065496140678	5997.927541449719	6000.056252423932	5986.084032591127	6000.006036734766	6000.051702344359	5998.825349665779	5986.257945969897	5997.927541449719	5998.9908452871605	5998.82983555783	5989.072787247	5998.866917418978	5998.82419194545	6000.823013520252	5983.915723035272	6000.056252423932	5998.82983555783	6000.850378726776	5986.060666287425	6000.787714383737	6000.832952454106	5985.988393925051	5976.572259870891	5986.084032591127	5989.072787247	5986.060666287425	6055.9236955266	5986.165739296876	5986.063294014449	6000.773332143704	5983.812476370247	6000.006036734766	5998.866917418978	6000.787714383737	5986.165739296876	6001.088949248321	6000.78279013247	6000.818471577821	5983.928257131241	6000.051702344359	5998.82419194545	6000.832952454106	5986.063294014449	6000.78279013247	6000.837990487826
