6005.465457559267	5985.660180242406	5995.092719268388	5996.457454750447	5995.535843882027	5995.532965804062	5995.920288682873	5995.562308650777	5985.660180242406	6037.211529384324	5983.433404101168	5985.646012228895	5983.068231323067	5983.245106631076	5982.343394642788	5983.265808103683	5995.092719268388	5983.433404101168	5998.063005994964	5996.375105854465	5998.062262541414	5997.971804230547	5997.723643378426	5997.99087046402	5996.457454750447	5985.646012228895	5996.375105854465	5997.97031038288	5997.406425705058	5997.309484422047	5997.781357123357	5997.326202433791	5995.535843882027	5983.068231323067	5998.062262541414	5997.406425705058	5999.149141760332	5998.890042527638	5998.64932090562	5998.898821431203	5995.532965804062	5983.245106631076	5997.971804230547	5997.309484422047	5998.890042527638	5998.816082093988	5998.53762278242	5998.819768062319	5995.920288682873	5982.343394642788	5997.723643378426	5997.781357123357	5998.64932090562	5998.53762278242	6001.437305496666	5998.542333384777	5995.562308650777	5983.265808103683	5997.99087046402	5997.326202433791	5998.898821431203	5998.819768062319	5998.542333384777	5998.93222468252
6002.093789561563	5988.315492802304	5995.007015152059	5995.724577861283	5995.252005416616	5995.233379543592	5995.412568902347	5995.242916254407	5988.315492802304	6021.451194015324	5987.704592683228	5988.980151658354	5987.589259969701	5987.763758079423	5987.052005260517	5987.769832769601	5995.007015152059	5987.704592683228	5996.766832579665	5995.535782683707	5996.78560259106	5996.673031660879	5996.426967303353	5996.679806940438	5995.724577861283	5988.980151658354	5995.535782683707	5996.826939172825	5996.091829618259	5995.940319469099	5996.394261223768	5995.947717967647	5995.252005416616	5987.589259969701	5996.78560259106	5996.091829618259	5997.529551037216	5997.113329731686	5996.912108170315	5997.118515093296	5995.233379543592	5987.763758079423	5996.673031660879	5995.940319469099	5997.113329731686	5997.017740596408	5996.754988396976	5997.016963790758	5995.412568902347	5987.052005260517	5996.426967303353	5996.394261223768	5996.912108170315	5996.754988396976	5999.561717051741	5996.7588916703635	5995.242916254407	5987.769832769601	5996.679806940438	5995.947717967647	5997.118515093296	5997.016963790758	5996.7588916703635	5997.05422002434
5998.538799172304	5993.522539197609	5994.088981826152	5995.068644064045	5994.706737312505	5994.366788820004	5994.6215655525175	5994.371930916558	5993.522539197609	5998.0212987347495	5994.027415524761	5993.461736141444	5994.040730786905	5994.330367024427	5993.142410387844	5994.334295342467	5994.088981826152	5994.027415524761	5995.352590031235	5994.089415474665	5995.80515252333	5995.101732378357	5994.350589117049	5995.105903881812	5995.068644064045	5993.461736141444	5994.089415474665	5999.26307128884	5999.3045599491015	5994.427191470791	5998.667041351053	5994.429547141668	5994.706737312505	5994.040730786905	5995.80515252333	5999.3045599491015	6005.344975439795	5995.75437621974	5999.819838977999	5995.757035010827	5994.366788820004	5994.330367024427	5995.101732378357	5994.427191470791	5995.75437621974	5995.425138457421	5994.515859928199	5995.410348926909	5994.6215655525175	5993.142410387844	5994.350589117049	5998.667041351053	5999.819838977999	5994.515859928199	6003.56000203914	5994.517705545792	5994.371930916558	5994.334295342467	5995.105903881812	5994.429547141668	5995.757035010827	5995.410348926909	5994.517705545792	5995.421241808871
5998.457434176588	5994.070406789143	5993.924388402713	5994.895557319875	5994.456522210271	5994.084711608128	5994.424501963354	5994.095134666975	5994.070406789143	5995.203587343369	5994.9132867966855	5994.058293092609	5995.312120400307	5995.094209723044	5994.00501072244	5995.1024790485135	5993.924388402713	5994.9132867966855	5995.094483573523	5993.905716369746	5995.432818047735	5994.935838122374	5993.979807897606	5994.944158054512	5994.895557319875	5994.058293092609	5993.905716369746	5999.715489484953	6000.0436228520375	5994.084167356019	5999.515245698538	5994.087940761163	5994.456522210271	5995.312120400307	5995.432818047735	6000.0436228520375	6006.483660736962	5995.356398116974	6000.880196008522	5995.362668198297	5994.084711608128	5995.094209723044	5994.935838122374	5994.084167356019	5995.356398116974	5995.163228561726	5994.041843926875	5995.124866726993	5994.424501963354	5994.00501072244	5993.979807897606	5999.515245698538	6000.880196008522	5994.041843926875	6005.182498708832	5994.045829878458	5994.095134666975	5995.1024790485135	5994.944158054512	5994.087940761163	5995.362668198297	5995.124866726993	5994.045829878458	5995.139128708387
6004.231997924956	5997.203214171872	5996.834195795317	5996.017648962237	5996.505807125606	5976.22380783459	5995.86875712452	5997.239046448368	5997.203214171872	5999.526594520121	5998.908926090195	5991.417695623104	5994.874944428082	5978.364090802215	5991.723202665006	5999.388750228373	5996.834195795317	5998.908926090195	5999.115180921502	5991.220527284864	5995.1196252187365	5978.536145909147	5991.756815687675	5998.95780223995	5996.017648962237	5991.417695623104	5991.220527284864	6008.001065781185	6006.364318782566	5997.365688190248	6007.949991354449	5991.45674568133	5996.505807125606	5994.874944428082	5995.1196252187365	6006.364318782566	6012.532300930303	5990.19278744083	6007.716243765281	5994.948775102793	5976.22380783459	5978.364090802215	5978.536145909147	5997.365688190248	5990.19278744083	6073.935028324561	5995.152973309176	5978.385600957562	5995.86875712452	5991.723202665006	5991.756815687675	6007.949991354449	6007.716243765281	5995.152973309176	6014.111840388619	5991.780275330798	5997.239046448368	5999.388750228373	5998.95780223995	5991.45674568133	5994.948775102793	5978.385600957562	5991.780275330798	5999.442553453092
6003.742475577985	5996.875817155452	5997.021134555684	5995.938087219472	5996.765557008981	5976.624861833998	5995.93387784136	5997.252956008211	5996.875817155452	5999.932727514683	5998.205893500004	5992.169236507875	5995.37183015009	5979.20248842161	5992.5109410081905	5998.462464925544	5997.021134555684	5998.205893500004	5998.825060395761	5992.363192917802	5996.162387579561	5979.451499473329	5993.018452168649	5998.718726341243	5995.938087219472	5992.169236507875	5992.363192917802	6005.074620287347	6003.7176646689295	5994.947110332602	6004.834830309884	5992.5546129286	5996.765557008981	5995.37183015009	5996.162387579561	6003.7176646689295	6009.862269278237	5987.86153117533	6004.868504951134	5996.124060902694	5976.624861833998	5979.20248842161	5979.451499473329	5994.947110332602	5987.86153117533	6071.450564271936	5992.462691852547	5979.410402307601	5995.93387784136	5992.5109410081905	5993.018452168649	6004.834830309884	6004.868504951134	5992.462691852547	6010.705897890466	5993.092995227657	5997.252956008211	5998.462464925544	5998.718726341243	5992.5546129286	5996.124060902694	5979.410402307601	5993.092995227657	5998.980899299097
6001.736629616822	5994.026243904697	5997.762419427962	5996.221191254551	5997.819982526152	5979.747932794977	5997.156347583145	5997.777237281415	5994.026243904697	6007.460623445616	5993.8295250000365	5993.033859621928	5993.78395571946	5981.4554519362855	5992.942105545156	5993.840961227941	5997.762419427962	5993.8295250000365	5998.286987522703	5995.53014200193	5998.338271964456	5983.010086554241	5997.174622163115	5998.2824703948145	5996.221191254551	5993.033859621928	5995.53014200193	5997.0169278763915	5995.797059888444	5988.543332524624	5996.302832836285	5995.551895461802	5997.819982526152	5993.78395571946	5998.338271964456	5995.797059888444	5998.84899624143	5983.059314030467	5997.3791089600845	5998.352328492826	5979.747932794977	5981.4554519362855	5983.010086554241	5988.543332524624	5983.059314030467	6061.198297980612	5984.85324610403	5983.013175452322	5997.156347583145	5992.942105545156	5997.174622163115	5996.302832836285	5997.3791089600845	5984.85324610403	6000.126093541807	5997.189812266304	5997.777237281415	5993.840961227941	5998.2824703948145	5995.551895461802	5998.352328492826	5983.013175452322	5997.189812266304	5998.30405429187
6000.722363346036	5997.369508210742	5997.365243467727	5994.955087295061	5996.813437665611	5978.653015611148	5995.338803779811	5997.3899105303535	5997.369508210742	5998.072424486535	5997.98474588415	5993.697882486169	5996.827493607708	5980.528912133043	5994.45177167314	5998.009613741754	5997.365243467727	5997.98474588415	5998.019279103457	5993.689155249397	5996.855887679152	5980.535065836166	5994.461879852175	5998.007907540284	5994.955087295061	5993.697882486169	5993.689155249397	6001.364894122546	6000.714267559117	5992.5248462967575	6000.692442736826	5993.715295753414	5996.813437665611	5996.827493607708	5996.855887679152	6000.714267559117	6006.589030365789	5985.404032210862	6001.378858538285	5996.858353118764	5978.653015611148	5980.528912133043	5980.535065836166	5992.5248462967575	5985.404032210862	6066.41486127003	5989.296180833601	5980.535881996348	5995.338803779811	5994.45177167314	5994.461879852175	6000.692442736826	6001.378858538285	5989.296180833601	6005.738912567837	5994.476203655778	5997.3899105303535	5998.009613741754	5998.007907540284	5993.715295753414	5996.858353118764	5980.535881996348	5994.476203655778	5998.039022464165
6001.732416708585	5996.972833737596	5996.958740670832	5995.54532373907	5996.816726459445	5978.694804329351	5995.711987195813	5996.985687926497	5996.972833737596	5997.769780842499	5997.70273644348	5994.058258322754	5996.989953525521	5981.707372281709	5994.654980349543	5997.730211546419	5996.958740670832	5997.70273644348	5997.730154826964	5994.041924550699	5997.007513771188	5981.712171936092	5994.655851548991	5997.7176978374055	5995.54532373907	5994.058258322754	5994.041924550699	6000.743921012073	6000.349561404013	5991.1405747753115	6000.335281425695	5994.070060178493	5996.816726459445	5996.989953525521	5997.007513771188	6000.349561404013	6006.398911663812	5985.12384104264	6001.181403709543	5997.009811067587	5978.694804329351	5981.707372281709	5981.712171936092	5991.1405747753115	5985.12384104264	6063.098382305294	5988.47604866274	5981.713074362292	5995.711987195813	5994.654980349543	5994.655851548991	6000.335281425695	6001.181403709543	5988.47604866274	6005.724693277333	5994.670795664496	5996.985687926497	5997.730211546419	5997.7176978374055	5994.070060178493	5997.009811067587	5981.713074362292	5994.670795664496	5997.751581168176
6003.845644148232	5996.85510480513	5996.744178602504	5996.181293266319	5996.7831110401985	5976.911650325334	5996.135958261108	5996.8831912743835	5996.85510480513	5998.189272866821	5997.932984757678	5993.652824128285	5996.710485235764	5981.102306134102	5994.123174431355	5998.0834156599185	5996.744178602504	5997.932984757678	5998.039572337624	5993.55254027602	5996.775521524756	5981.128870012584	5994.106446581479	5997.970301887561	5996.181293266319	5993.652824128285	5993.55254027602	6002.2694292640745	6001.701184496911	5991.680389150098	6002.066655629812	5993.682347960077	5996.7831110401985	5996.710485235764	5996.775521524756	6001.701184496911	6008.1273431451355	5985.804015092139	6002.783738394374	5996.764826158656	5976.911650325334	5981.102306134102	5981.128870012584	5991.680389150098	5985.804015092139	6066.938194077247	5989.311240045993	5981.119209734831	5996.135958261108	5994.123174431355	5994.106446581479	6002.066655629812	6002.783738394374	5989.311240045993	6007.889111703591	5994.16580275434	5996.8831912743835	5998.0834156599185	5997.970301887561	5993.682347960077	5996.764826158656	5981.119209734831	5994.16580275434	5998.126006272426
6001.653793890566	5996.691707335667	5996.696298007222	5995.638785631325	5996.715006584358	5979.682337190077	5995.822306593241	5996.708687657121	5996.691707335667	5997.47494057374	5997.409526076741	5994.3815343012675	5997.224886286296	5982.906717352399	5995.131736827114	5997.421313466328	5996.696298007222	5997.409526076741	5997.434409007378	5994.378639077815	5997.2416756497705	5982.911096052746	5995.140544624169	5997.4297237567325	5995.638785631325	5994.3815343012675	5994.378639077815	5998.428484122888	5997.142151107524	5989.940315394178	5997.684529372974	5994.395139073208	5996.715006584358	5997.224886286296	5997.2416756497705	5997.142151107524	6001.5963219135565	5984.156354753709	5997.791467343546	5997.248292699797	5979.682337190077	5982.906717352399	5982.911096052746	5989.940315394178	5984.156354753709	6057.808262772045	5987.107129820686	5982.914136984131	5995.822306593241	5995.131736827114	5995.140544624169	5997.684529372974	5997.791467343546	5987.107129820686	6002.423557669595	5995.150872254486	5996.708687657121	5997.421313466328	5997.4297237567325	5994.395139073208	5997.248292699797	5982.914136984131	5995.150872254486	5997.4495239176895
6001.261985671823	5991.69547630846	5993.94676128901	5995.438005826546	5994.360539958956	5994.026752840745	5994.628512733849	5994.036600265534	5991.69547630846	6004.706307707367	5992.132322006088	5991.981948979713	5991.5340214244425	5992.216155358652	5991.3377498398695	5992.222226802101	5993.94676128901	5992.132322006088	5996.0034332041305	5994.590857139678	5996.712496287282	5995.9235042662685	5995.335566051896	5995.930039570244	5995.438005826546	5991.981948979713	5994.590857139678	5998.125821667868	5997.824514807251	5994.720313410055	5996.86186344764	5994.724689594119	5994.360539958956	5991.5340214244425	5996.712496287282	5997.824514807251	6003.261853170237	5996.736225831199	5998.1163328502635	5996.74214156216	5994.026752840745	5992.216155358652	5995.9235042662685	5994.720313410055	5996.736225831199	5996.055694353642	5995.417107394816	5996.025139667474	5994.628512733849	5991.3377498398695	5995.335566051896	5996.86186344764	5998.1163328502635	5995.417107394816	6000.216725196446	5995.4221450123905	5994.036600265534	5992.222226802101	5995.930039570244	5994.724689594119	5996.74214156216	5996.025139667474	5995.4221450123905	5996.03764077877
6008.273757037443	5985.443342172479	6000.564703537969	5998.652649961747	6001.170026947024	5976.820174603493	6000.118626999905	6000.584728048589	5985.443342172479	6047.37023547097	5979.40792590733	5985.484449578731	5977.037010535233	5975.771536660184	5979.400668818692	5979.416090120657	6000.564703537969	5979.40792590733	6004.710867002514	5997.5460524282435	6005.31968931452	5983.88459820291	6001.635566616001	6004.70493483311	5998.652649961747	5985.484449578731	5997.5460524282435	5999.916162200841	6000.037370326999	5990.0037527307	5999.885382592125	5997.573659106664	6001.170026947024	5977.037010535233	6005.31968931452	6000.037370326999	6009.408817118687	5985.212295467898	6004.006326879504	6005.33450250836	5976.820174603493	5975.771536660184	5983.88459820291	5990.0037527307	5985.212295467898	6067.81422435396	5987.24292614066	5983.890649123864	6000.118626999905	5979.400668818692	6001.635566616001	5999.885382592125	6004.006326879504	5987.24292614066	6006.259438568995	6001.655391413171	6000.584728048589	5979.416090120657	6004.70493483311	5997.573659106664	6005.33450250836	5983.890649123864	6001.655391413171	6004.730780814538
6007.707972180318	5985.1263894368785	6000.635446792836	5998.310380378197	6000.715370294036	5977.420026461594	6000.0258630595645	6000.649141324369	5985.1263894368785	6047.2161970045645	5979.685846169624	5986.563188691989	5979.430562057587	5976.39799259302	5980.330174459715	5979.689681178255	6000.635446792836	5979.685846169624	6004.011631311566	5997.471608124712	6004.100466786594	5984.231989313987	6001.706173301817	6004.009461444672	5998.310380378197	5986.563188691989	5997.471608124712	5998.2992379916395	5997.7249330876475	5989.144420628251	5998.328109568779	5997.490992576012	6000.715370294036	5979.430562057587	6004.100466786594	5997.7249330876475	6004.543989206974	5984.3435210199195	6001.934336628831	6004.1131839261025	5977.420026461594	5976.39799259302	5984.231989313987	5989.144420628251	5984.3435210199195	6065.967181404893	5986.237289023411	5984.236385292492	6000.0258630595645	5980.330174459715	6001.706173301817	5998.328109568779	6001.934336628831	5986.237289023411	6004.410869891986	6001.720107902616	6000.649141324369	5979.689681178255	6004.009461444672	5997.490992576012	6004.1131839261025	5984.236385292492	6001.720107902616	6004.0301498521585
6001.285367826961	5983.5030986935535	5996.8013856099815	5996.387213181735	5997.004469741476	5996.836016926874	5996.922896496921	5996.846574656776	5983.5030986935535	6045.638788893049	5979.916915847808	5986.03747702739	5979.381368476773	5979.921046713634	5980.204889633903	5979.924326970795	5996.8013856099815	5979.916915847808	5999.577717558951	5995.9852243989535	5999.7598343311465	5999.549204472366	5998.4298658368925	5999.5578555755665	5996.387213181735	5986.03747702739	5995.9852243989535	5997.809198492339	5996.553310460136	5996.0543926786995	5997.267604998104	5996.05952142932	5997.004469741476	5979.381368476773	5999.7598343311465	5996.553310460136	6000.724212320736	5999.79688282274	5998.934009130734	5999.805434861807	5996.836016926874	5979.921046713634	5999.549204472366	5996.0543926786995	5999.79688282274	5999.629679956457	5998.476253098961	5999.597517159753	5996.922896496921	5980.204889633903	5998.4298658368925	5997.267604998104	5998.934009130734	5998.476253098961	6001.971270978711	5998.483087155274	5996.846574656776	5979.924326970795	5999.5578555755665	5996.05952142932	5999.805434861807	5999.597517159753	5998.483087155274	5999.6124524230345
6000.191627241087	5983.225333037039	5997.1755481949385	5996.285312405711	5997.284728152539	5997.238066563892	5997.1910907821275	5997.2429309799845	5983.225333037039	6042.774767041557	5981.29907005301	5986.1964876121165	5981.164487034819	5981.300401394261	5981.260995951839	5981.30329716076	5997.1755481949385	5981.29907005301	5998.6847057724335	5996.13674374316	5998.720134774513	5998.656654931777	5998.399955180973	5998.660484188957	5996.285312405711	5986.1964876121165	5996.13674374316	5997.335843245985	5996.347087930289	5996.238379843433	5996.544044000221	5996.24215322242	5997.284728152539	5981.164487034819	5998.720134774513	5996.347087930289	5999.02435786118	5998.7884080640315	5998.551642116901	5998.7921477535865	5997.238066563892	5981.300401394261	5998.656654931777	5996.238379843433	5998.7884080640315	5998.739961304624	5998.471441340395	5998.729740781377	5997.1910907821275	5981.260995951839	5998.399955180973	5996.544044000221	5998.551642116901	5998.471441340395	5999.578251206977	5998.4749520807	5997.2429309799845	5981.30329716076	5998.660484188957	5996.24215322242	5998.7921477535865	5998.729740781377	5998.4749520807	5998.742512696354
6000.283415586911	5985.839542995691	5996.558768939001	5996.0370027231365	5996.645402060222	5995.333348882437	5996.563695393989	5996.593517016282	5985.839542995691	6032.423623423679	5984.396120286942	5987.717836895594	5984.239130501404	5983.906998573133	5984.206807656153	5984.402905136167	5996.558768939001	5984.396120286942	5998.004534240538	5995.844517905001	5998.071358465862	5996.9589841688	5997.653672681715	5997.991728783067	5996.0370027231365	5987.717836895594	5995.844517905001	5997.078275404772	5996.0481185156505	5995.34345114604	5996.318666036231	5995.898867311997	5996.645402060222	5984.239130501404	5998.071358465862	5996.0481185156505	5998.4423562854645	5997.069092467793	5997.808549017618	5998.1089502801715	5995.333348882437	5983.906998573133	5996.9589841688	5995.34345114604	5997.069092467793	6002.002617003178	5996.7428350226455	5996.995064192425	5996.563695393989	5984.206807656153	5997.653672681715	5996.318666036231	5997.808549017618	5996.7428350226455	5999.3302602215135	5997.69312406809	5996.593517016282	5984.402905136167	5997.991728783067	5995.898867311997	5998.1089502801715	5996.995064192425	5997.69312406809	5998.035898254491
5995.836688335729	5994.656073773519	5994.488015861064	5994.602634388357	5995.126556038314	5994.664441408749	5994.458233376265	5994.67135701919	5994.656073773519	5994.931430794912	5994.689911742722	5994.680047826626	5995.588076934532	5994.872847078539	5994.643645567054	5994.879082816923	5994.488015861064	5994.689911742722	5994.856496228143	5994.493048285987	5995.6409243777625	5994.69971414573	5994.546349989585	5994.706046893142	5994.602634388357	5994.680047826626	5994.493048285987	5995.961354536835	5996.568072761625	5994.6901836291345	5995.49664484641	5994.6955176929205	5995.126556038314	5995.588076934532	5995.6409243777625	5996.568072761625	6002.319244211838	5995.605177805788	5996.801216662372	5995.61204906115	5994.664441408749	5994.872847078539	5994.69971414573	5994.6901836291345	5995.605177805788	5994.916585524033	5994.6573062122925	5994.888831929141	5994.458233376265	5994.643645567054	5994.546349989585	5995.49664484641	5996.801216662372	5994.6573062122925	5999.362000240542	5994.662755594926	5994.67135701919	5994.879082816923	5994.706046893142	5994.6955176929205	5995.61204906115	5994.888831929141	5994.662755594926	5994.901695245344
5994.954691884594	5994.5252962310715	5994.713996705017	5994.780759245057	5995.581218373998	5994.863155098729	5994.747818035615	5994.867608182497	5994.5252962310715	5995.793108398074	5994.388816410564	5994.459219596652	5995.093505565869	5994.536695925623	5994.350047853769	5994.541088332676	5994.713996705017	5994.388816410564	5994.846326853295	5994.630586555645	5995.620839542962	5994.726229591748	5994.658076465911	5994.730761620109	5994.780759245057	5994.459219596652	5994.630586555645	5995.351980685411	5995.986522052188	5994.788902344437	5995.040229713876	5994.79306599901	5995.581218373998	5995.093505565869	5995.620839542962	5995.986522052188	6001.107221754682	5995.614062592104	5996.181403732823	5995.618717604362	5994.863155098729	5994.536695925623	5994.726229591748	5994.788902344437	5995.614062592104	5994.896903515357	5994.761888547533	5994.88027293307	5994.747818035615	5994.350047853769	5994.658076465911	5995.040229713876	5996.181403732823	5994.761888547533	5998.224271910178	5994.765769625437	5994.867608182497	5994.541088332676	5994.730761620109	5994.79306599901	5995.618717604362	5994.88027293307	5994.765769625437	5994.892022702222
5996.2156028506	5996.028531524986	5995.970052658597	5995.8192762027475	5996.061667665096	5985.655987744805	5996.003998575364	5996.036673790241	5996.028531524986	5996.046060758983	5995.953755061986	5995.7992268833	5996.046067199783	5985.839437717582	5995.9875179381015	5996.020643952513	5995.970052658597	5995.953755061986	5995.971787878298	5995.73686045312	5995.988070829183	5985.882307547282	5995.930736159387	5995.961906240121	5995.8192762027475	5995.7992268833	5995.73686045312	5995.957695405647	5995.836237781202	5986.531811901869	5995.814754645072	5995.807077013191	5996.061667665096	5996.046067199783	5995.988070829183	5995.836237781202	5996.166668241075	5985.790556515433	5996.02384870974	5996.054266066671	5985.655987744805	5985.839437717582	5985.882307547282	5986.531811901869	5985.790556515433	6048.456423713628	5985.739448624682	5985.846498371478	5996.003998575364	5995.9875179381015	5995.930736159387	5995.814754645072	5996.02384870974	5985.739448624682	5996.732331279892	5995.995774540697	5996.036673790241	5996.020643952513	5995.961906240121	5995.807077013191	5996.054266066671	5985.846498371478	5995.995774540697	5996.036151186373
6001.247918637646	5990.201884372946	5994.437310541652	5995.709541687975	5994.842857499695	5994.529539567514	5994.924132014875	5994.537702853227	5990.201884372946	6013.143365856471	5989.516628940843	5990.7347528779155	5988.813049252713	5989.587899300641	5989.155561038169	5989.593717399438	5994.437310541652	5989.516628940843	5996.79769561972	5994.7615670594705	5997.263254357124	5996.7276400494375	5996.1589050847215	5996.731811297188	5995.709541687975	5990.7347528779155	5994.7615670594705	5997.824758137162	5996.743839832605	5994.9164453828735	5996.1699442468935	5994.923311336516	5994.842857499695	5988.813049252713	5997.263254357124	5996.743839832605	6001.03674346011	5997.329648862895	5997.544500158283	5997.332316971447	5994.529539567514	5989.587899300641	5996.7276400494375	5994.9164453828735	5997.329648862895	5996.835090161555	5996.261620138526	5996.8322970629815	5994.924132014875	5989.155561038169	5996.1589050847215	5996.1699442468935	5997.544500158283	5996.261620138526	5999.015899905986	5996.26477516285	5994.537702853227	5989.593717399438	5996.731811297188	5994.923311336516	5997.332316971447	5996.8322970629815	5996.26477516285	5996.860317164726
6007.6111940381425	5989.355985966984	5992.171678744853	5997.37839170722	5992.426068403847	5992.178077982942	5995.467719437072	5992.187693871037	5989.355985966984	6053.31563814368	5974.4501495694985	5987.192980295467	5973.922060538463	5974.451851116659	5978.547781239764	5974.459043599291	5992.171678744853	5974.4501495694985	6003.73589310938	5994.929090755041	6003.850960727218	6003.726858211793	5999.193868048472	6003.729447364602	5997.37839170722	5987.192980295467	5994.929090755041	5998.3044145890535	5995.627544991689	5994.946157260295	5997.61694859139	5994.951391844752	5992.426068403847	5973.922060538463	6003.850960727218	5995.627544991689	6004.864606563746	6003.858101996237	5999.875066528061	6003.860480004788	5992.178077982942	5974.451851116659	6003.726858211793	5994.946157260295	6003.858101996237	6003.751306496081	5999.205128426833	6003.737189641853	5995.467719437072	5978.547781239764	5999.193868048472	5997.61694859139	5999.875066528061	5999.205128426833	6003.979402672702	5999.207716659595	5992.187693871037	5974.459043599291	6003.729447364602	5994.951391844752	6003.860480004788	6003.737189641853	5999.207716659595	6003.752474345146
6008.706871843202	5990.45310929781	5990.935979908282	5998.368186466277	5991.650391108714	5991.196924157493	5996.778213310257	5991.231979935355	5990.45310929781	6054.733913791502	5973.017462932226	5987.968689442551	5972.608478713696	5973.084940254266	5979.775982392855	5973.127439208856	5990.935979908282	5973.017462932226	6005.290145415905	5993.913667983782	6005.081839945875	6005.134623901437	5997.6566346973605	6005.129429291571	5998.368186466277	5987.968689442551	5993.913667983782	5999.444861209961	5995.327176435788	5994.36454430611	5998.996239962439	5994.387095226523	5991.650391108714	5972.608478713696	6005.081839945875	5995.327176435788	6006.387068937741	6005.317616494648	5999.041693661975	6005.3089880242815	5991.196924157493	5973.084940254266	6005.134623901437	5994.36454430611	6005.317616494648	6005.3937419932845	5997.998582900848	6005.380292717062	5996.778213310257	5979.775982392855	5997.6566346973605	5998.996239962439	5999.041693661975	5997.998582900848	6005.9399106367955	5998.001128084541	5991.231979935355	5973.127439208856	6005.129429291571	5994.387095226523	6005.3089880242815	6005.380292717062	5998.001128084541	6005.447706972187
6014.195958328845	5991.4460600481725	5991.491471857565	6004.299680841714	5996.657557956463	5985.985083396181	6001.920806209119	5996.784516846881	5991.4460600481725	6065.599216407251	5975.989424511934	5979.034044681221	5960.874201638605	5962.6955403684215	5968.229227122042	5984.508105560822	5991.491471857565	5975.989424511934	6009.479500888915	5988.467039292014	6001.81531720208	5992.709052312293	5992.6436663747545	6009.10697168465	6004.299680841714	5979.034044681221	5988.467039292014	6018.585304578098	6012.956630704208	6006.947826545321	6018.414134398966	5990.056344762102	5996.657557956463	5960.874201638605	6001.81531720208	6012.956630704208	6025.95332657277	6012.805591598464	6018.733555537419	5998.0434155106	5985.985083396181	5962.6955403684215	5992.709052312293	6006.947826545321	6012.805591598464	6044.835374742802	6010.2068207771035	5989.246117580508	6001.920806209119	5968.229227122042	5992.6436663747545	6018.414134398966	6018.733555537419	6010.2068207771035	6026.7424311772465	5990.673080734913	5996.784516846881	5984.508105560822	6009.10697168465	5990.056344762102	5998.0434155106	5989.246117580508	5990.673080734913	6021.298060332115
6009.144658455283	5991.267184683186	5991.059394627559	5998.413411097262	5991.316923364488	5991.124348616982	5996.349940320504	5992.8567290028695	5991.267184683186	6055.41833295648	5973.146968244405	5988.653052806452	5972.896705674221	5973.141232976441	5979.899539867714	5975.228571826936	5991.059394627559	5973.146968244405	6004.995905678939	5994.090335734562	6004.941540047216	6004.948911373833	5997.941505634512	6004.623227613743	5998.413411097262	5988.653052806452	5994.090335734562	5998.972342260199	5994.660174423834	5994.226581479902	5998.21098897694	5995.437247670869	5991.316923364488	5972.896705674221	6004.941540047216	5994.660174423834	6005.539387203359	6005.027700142143	5998.523893253573	6004.638428115529	5991.124348616982	5973.141232976441	6004.948911373833	5994.226581479902	6005.027700142143	6005.042908818116	5998.054105403705	6004.665889102969	5996.349940320504	5979.899539867714	5997.941505634512	5998.21098897694	5998.523893253573	5998.054105403705	6005.048299954746	5998.2313380208625	5992.8567290028695	5975.228571826936	6004.623227613743	5995.437247670869	6004.638428115529	6004.665889102969	5998.2313380208625	6008.043438294687
5994.971385259003	5994.234384758281	5994.641539045977	5994.785577118731	5995.047872843775	5994.9221812520245	5994.780033894402	5994.936123262656	5994.234384758281	5996.946935042646	5993.982394845359	5994.154463186676	5994.301482864687	5994.240065349023	5994.021577142044	5994.253750259773	5994.641539045977	5993.982394845359	5994.7983271527	5994.47205555253	5994.818302171282	5994.647080371641	5994.535221523675	5994.66435993711	5994.785577118731	5994.154463186676	5994.47205555253	5995.259677155741	5994.992086030826	5994.78864847736	5994.863915006949	5994.803864660377	5995.047872843775	5994.301482864687	5994.818302171282	5994.992086030826	5996.018664469742	5995.056225169496	5994.999611351903	5995.068666686741	5994.9221812520245	5994.240065349023	5994.647080371641	5994.78864847736	5995.056225169496	5994.934749576103	5994.786085694338	5994.9425143193685	5994.780033894402	5994.021577142044	5994.535221523675	5994.863915006949	5994.999611351903	5994.786085694338	5997.096153404302	5994.795687758255	5994.936123262656	5994.253750259773	5994.66435993711	5994.803864660377	5995.068666686741	5994.9425143193685	5994.795687758255	5995.033535722859
5996.494434643162	5994.385357142847	5994.399461599176	5994.288196641699	5994.475682860156	5994.433590486202	5994.146335289278	5994.446558404867	5994.385357142847	5995.067943955087	5994.8331825215755	5993.864140577704	5994.90217246398	5994.867906306687	5994.123769792661	5994.878356608095	5994.399461599176	5994.8331825215755	5994.9175612345725	5993.834616828548	5994.928731713331	5994.888284281697	5994.137194233546	5994.899049351891	5994.288196641699	5993.864140577704	5993.834616828548	5996.522230420267	5994.3685535211425	5993.8966680717285	5995.320677022257	5993.912905686444	5994.475682860156	5994.90217246398	5994.928731713331	5994.3685535211425	5995.828368897712	5994.960158375576	5994.558065278983	5994.969846868635	5994.433590486202	5994.867906306687	5994.888284281697	5993.8966680717285	5994.960158375576	5994.929356882461	5994.177586420919	5994.933561797619	5994.146335289278	5994.123769792661	5994.137194233546	5995.320677022257	5994.558065278983	5994.177586420919	5998.637299218859	5994.185302563284	5994.446558404867	5994.878356608095	5994.899049351891	5993.912905686444	5994.969846868635	5994.933561797619	5994.185302563284	5995.000731313922
5999.571082486931	5993.883731347948	5993.689795226239	5994.830343881439	5993.911160485747	5993.896721883495	5994.056067974271	5993.906745025691	5993.883731347948	5995.135524000001	5994.828512891332	5994.245471981967	5995.2519293910445	5995.0660223453015	5994.632993322388	5995.071784656916	5993.689795226239	5994.828512891332	5995.019880850919	5993.908406525017	5995.108985057595	5994.847289092551	5994.418437079682	5994.854359927878	5994.830343881439	5994.245471981967	5993.908406525017	5996.658470258949	5995.266333624915	5994.258336509332	5995.151961230155	5994.267079152416	5993.911160485747	5995.2519293910445	5995.108985057595	5995.266333624915	5997.740699168141	5995.274187130502	5995.348254258248	5995.278693328671	5993.896721883495	5995.0660223453015	5994.847289092551	5994.258336509332	5995.274187130502	5995.091484917496	5994.652556235107	5995.0908403948215	5994.056067974271	5994.632993322388	5994.418437079682	5995.151961230155	5995.348254258248	5994.652556235107	5997.473046091014	5994.65695983994	5993.906745025691	5995.071784656916	5994.854359927878	5994.267079152416	5995.278693328671	5995.0908403948215	5994.65695983994	5995.131587569667
6006.094535495459	5991.911349473518	5992.325930443625	5995.972815531926	5992.3694979487445	5992.340096789884	5993.43247693914	5992.352958523545	5991.911349473518	5998.989655807748	5994.126543444969	5993.057599788972	5994.150244176391	5994.142466844264	5993.518119512297	5994.147131428592	5992.325930443625	5994.126543444969	5995.742562020492	5993.713124233119	5995.80740544969	5995.728229195589	5994.964361591743	5995.732317898672	5995.972815531926	5993.057599788972	5993.713124233119	5996.705337832287	5994.17548237951	5993.7433974890555	5994.790497967344	5993.752415275214	5992.3694979487445	5994.150244176391	5995.80740544969	5994.17548237951	5996.702873281289	5995.823270537516	5995.25419412219	5995.826961583285	5992.340096789884	5994.142466844264	5995.728229195589	5993.7433974890555	5995.823270537516	5995.753581666412	5994.983440603045	5995.749779975789	5993.43247693914	5993.518119512297	5994.964361591743	5994.790497967344	5995.25419412219	5994.983440603045	5997.4327461168805	5994.987433591293	5992.352958523545	5994.147131428592	5995.732317898672	5993.752415275214	5995.826961583285	5995.749779975789	5994.987433591293	5995.779866102581
6005.209325199806	5992.679802278886	5992.511058118935	5995.428894765598	5992.599300675097	5992.690980259268	5994.01870364847	5992.698658126478	5992.679802278886	5995.482556482544	5995.086896015024	5994.061435506491	5995.492355928867	5995.3600364146405	5994.310897087139	5995.3636128901835	5992.511058118935	5995.086896015024	5995.29760893952	5993.704597256237	5995.323356485165	5995.120570908724	5994.0885562147	5995.12440071644	5995.428894765598	5994.061435506491	5993.704597256237	5996.708922956902	5994.922846536474	5994.0828430899965	5995.725920236574	5994.08630064126	5992.599300675097	5995.492355928867	5995.323356485165	5994.922846536474	5997.51865655194	5995.531696073914	5995.218546684406	5995.535019620572	5992.690980259268	5995.3600364146405	5995.120570908724	5994.0828430899965	5995.531696073914	5995.413895708078	5994.34551274362	5995.397967644359	5994.01870364847	5994.310897087139	5994.0885562147	5995.725920236574	5995.218546684406	5994.34551274362	5999.806510337545	5994.348282803906	5992.698658126478	5995.3636128901835	5995.12440071644	5994.08630064126	5995.535019620572	5995.397967644359	5994.348282803906	5995.408748948597
6001.759924063717	5993.556628065901	5993.338554319258	5994.655987459964	5993.284003184646	5993.562592930982	5993.861199606131	5993.56916860528	5993.556628065901	5995.223605667332	5994.843958339643	5994.486368857477	5995.488362701395	5995.166656605712	5994.476855805181	5995.170297675633	5993.338554319258	5994.843958339643	5995.06387137794	5994.108667158222	5995.337889400371	5994.8568081563935	5994.245718169394	5994.860759226761	5994.655987459964	5994.486368857477	5994.108667158222	5996.319282244172	5995.691486498295	5994.497224058062	5995.761728308614	5994.500559434482	5993.284003184646	5995.488362701395	5995.337889400371	5995.691486498295	5999.049985138126	5995.505899916504	5995.961489965454	5995.509123503016	5993.562592930982	5995.166656605712	5994.8568081563935	5994.497224058062	5995.505899916504	5995.198100268777	5994.492818948843	5995.183405788884	5993.861199606131	5994.476855805181	5994.245718169394	5995.761728308614	5995.961489965454	5994.492818948843	6000.460898881549	5994.495359442362	5993.56916860528	5995.170297675633	5994.860759226761	5994.500559434482	5995.509123503016	5995.183405788884	5994.495359442362	5995.1948582324985
5998.873974427363	5997.496844389898	5997.5265985449805	5994.746829171915	5997.169458794589	5980.139204784784	5995.292619730878	5997.555847056077	5997.496844389898	5997.879875801569	5997.669214764389	5994.319433359005	5997.1792289827135	5980.988315315667	5994.98007830069	5997.698465283012	5997.5265985449805	5997.669214764389	5997.745903806424	5994.330107746992	5997.251847598938	5981.001836803661	5995.025727240047	5997.731440048671	5994.746829171915	5994.319433359005	5994.330107746992	5999.484434703129	5998.932385593964	5991.071111585581	5998.964874314684	5994.36542802603	5997.169458794589	5997.1792289827135	5997.251847598938	5998.932385593964	6004.251280527307	5983.788821191096	5999.633667909261	5997.261007554629	5980.139204784784	5980.988315315667	5981.001836803661	5991.071111585581	5983.788821191096	6063.948391265513	5987.864094170076	5981.004870164682	5995.292619730878	5994.98007830069	5995.025727240047	5998.964874314684	5999.633667909261	5987.864094170076	6004.08963792061	5995.047199168645	5997.555847056077	5997.698465283012	5997.731440048671	5994.36542802603	5997.261007554629	5981.004870164682	5995.047199168645	5997.766535172658
5999.858707934466	5997.965963281793	5997.963841668758	5993.751487400092	5996.212901933918	5978.071459634464	5994.224611285464	5997.983789942343	5997.965963281793	5998.513035249676	5998.441569205205	5992.719650462917	5995.966137946636	5978.814300965192	5993.390785560093	5998.461846738517	5997.963841668758	5998.441569205205	5998.467669914512	5992.719563076349	5995.996060864206	5978.823388302446	5993.405763100511	5998.4606477455045	5993.751487400092	5992.719650462917	5992.719563076349	6004.179268824483	6003.674391721917	5996.167717358686	6003.716181071293	5992.7353507730295	5996.212901933918	5995.966137946636	5995.996060864206	6003.674391721917	6009.888098166113	5988.282013533957	6004.474729817868	5995.992804437624	5978.071459634464	5978.814300965192	5978.823388302446	5996.167717358686	5988.282013533957	6071.357944596701	5992.990627193538	5978.819877403378	5994.224611285464	5993.390785560093	5993.405763100511	6003.716181071293	6004.474729817868	5992.990627193538	6009.125484634118	5993.411970442547	5997.983789942343	5998.461846738517	5998.4606477455045	5992.7353507730295	5995.992804437624	5978.819877403378	5993.411970442547	5998.487669339733
6000.144212954408	5996.0187677748845	5998.185941842717	5995.037471960921	5997.806196189309	5979.163041391078	5995.994477081707	5998.1948810306785	5996.0187677748845	6003.004083047796	5996.230485615999	5992.864793326212	5995.002349597537	5979.928018111094	5993.280817727701	5996.238825686255	5998.185941842717	5996.230485615999	5998.623180113589	5994.387967187548	5998.006429531953	5980.324584828873	5995.672339251532	5998.6247288698905	5995.037471960921	5992.864793326212	5994.387967187548	6000.108497092368	5999.3132758948495	5991.969846687768	5999.161746609886	5994.398394549449	5997.806196189309	5995.002349597537	5998.006429531953	5999.3132758948495	6004.98422358805	5983.959542780304	6000.09089373117	5998.009518038329	5979.163041391078	5979.928018111094	5980.324584828873	5991.969846687768	5983.959542780304	6067.007716308766	5987.85638247221	5980.326960213953	5995.994477081707	5993.280817727701	5995.672339251532	5999.161746609886	6000.09089373117	5987.85638247221	6003.765844323273	5995.677307423662	5998.1948810306785	5996.238825686255	5998.6247288698905	5994.398394549449	5998.009518038329	5980.326960213953	5995.677307423662	5998.654661509001
