6005.30393949085	5987.596591492862	5995.052244847244	5995.771219667702	5995.20636173487	5995.206599612306	5995.305950340443	5996.264440549977	5987.596591492862	6024.431469793113	5987.394140682313	5988.08999374725	5987.342367519335	5987.355424465239	5986.373496087635	5987.880653743238	5995.052244847244	5987.394140682313	5996.837330140097	5996.120444506676	5996.732241086355	5996.722951086853	5996.6487786529415	5997.525020869659	5995.771219667702	5988.08999374725	5996.120444506676	5997.004927858356	5996.627207916307	5996.617721331021	5996.839582413398	5997.324113235825	5995.20636173487	5987.342367519335	5996.732241086355	5996.627207916307	5997.233504772381	5997.205556494793	5997.1190388084415	5997.768176993068	5995.206599612306	5987.355424465239	5996.722951086853	5996.617721331021	5997.205556494793	5997.203889187841	5997.107676136331	5997.761402288865	5995.305950340443	5986.373496087635	5996.6487786529415	5996.839582413398	5997.1190388084415	5997.107676136331	5999.803250470587	5997.465554433447	5996.264440549977	5987.880653743238	5997.525020869659	5997.324113235825	5997.768176993068	5997.761402288865	5997.465554433447	6002.200911534475
6004.237817028644	5992.8246609724665	5993.454278853341	5994.446172219334	5993.456444458934	5993.4608409371485	5993.618740135658	5993.858357924374	5992.8246609724665	5997.542522200619	5994.1872684238915	5993.846578242059	5994.21364216928	5994.209703152952	5993.6888382483	5994.449628804331	5993.454278853341	5994.1872684238915	5995.058031734347	5994.523978034365	5995.052136788485	5995.045245401304	5994.633002160854	5995.294567399097	5994.446172219334	5993.846578242059	5994.523978034365	5995.313612795813	5994.563149801009	5994.552979067686	5994.85039679896	5994.864170750239	5993.456444458934	5994.21364216928	5995.052136788485	5994.563149801009	5995.11213716246	5995.0773935881725	5994.667924532496	5995.320130336588	5993.4608409371485	5994.209703152952	5995.045245401304	5994.552979067686	5995.0773935881725	5995.07796715456	5994.6555229174455	5995.3144649769	5993.618740135658	5993.6888382483	5994.633002160854	5994.85039679896	5994.667924532496	5994.6555229174455	5998.627812233696	5994.790466727835	5993.858357924374	5994.449628804331	5995.294567399097	5994.864170750239	5995.320130336588	5995.3144649769	5994.790466727835	5996.895204639195
6005.2263684386935	5989.603859941422	5993.8849178244445	5995.384732430315	5993.897950140927	5993.896442529287	5994.439456110503	5993.964324903037	5989.603859941422	6015.560102089992	5989.278818771203	5990.197150021344	5989.281269961927	5989.286569620535	5988.589338834856	5989.32282248948	5993.8849178244445	5989.278818771203	5996.568503683466	5995.184620210737	5996.565543072267	5996.559106558661	5996.077815678227	5996.592933895631	5995.384732430315	5990.197150021344	5995.184620210737	5996.25215997128	5995.226763630104	5995.21776489899	5995.7865847227995	5995.269792555886	5993.897950140927	5989.281269961927	5996.565543072267	5995.226763630104	5996.615576426593	5996.592813135962	5996.113978865867	5996.625800510156	5993.896442529287	5989.286569620535	5996.559106558661	5995.21776489899	5996.592813135962	5996.595890326394	5996.104176517504	5996.619488001895	5994.439456110503	5988.589338834856	5996.077815678227	5995.7865847227995	5996.113978865867	5996.104176517504	5999.440748159233	5996.127848794552	5993.964324903037	5989.32282248948	5996.592933895631	5995.269792555886	5996.625800510156	5996.619488001895	5996.127848794552	5996.851766803188
6009.944167423186	5989.317210118334	5991.567130622654	6001.4072604622825	5995.319093256811	5995.316459515149	5998.495787270097	5996.215617059778	5989.317210118334	6060.711246504665	5979.418234379371	5977.880883950157	5964.904818701866	5964.909109720334	5967.905273378105	5986.366862099912	5991.567130622654	5979.418234379371	6004.694763232137	5989.385112359593	5997.159386632621	5997.152248670446	5993.029517862162	6005.1613750002225	6001.4072604622825	5977.880883950157	5989.385112359593	6015.808962556781	6011.87655775419	6011.87550710435	6015.0785241986305	5990.822533020836	5995.319093256811	5964.904818701866	5997.159386632621	6011.87655775419	6019.354185226079	6019.345380640629	6016.570399582985	5994.671563459386	5995.316459515149	5964.909109720334	5997.152248670446	6011.87550710435	6019.345380640629	6019.357589688507	6016.568491875777	5994.665575813278	5998.495787270097	5967.905273378105	5993.029517862162	6015.0785241986305	6016.570399582985	6016.568491875777	6021.980575019247	5991.213666544413	5996.215617059778	5986.366862099912	6005.1613750002225	5990.822533020836	5994.671563459386	5994.665575813278	5991.213666544413	6017.611073016185
6008.542354255365	5986.589566332106	5993.3593416939975	6000.436202253934	5996.983449433738	5996.981686211707	5998.400695381924	5997.203334837448	5986.589566332106	6055.342288519605	5983.046038543693	5975.69187890135	5967.763772199089	5967.7689828207285	5968.009614155174	5988.488697558075	5993.3593416939975	5983.046038543693	6002.466326570492	5990.4671337867985	5994.852204745942	5994.844289369678	5992.979066344195	6004.057923425679	6000.436202253934	5975.69187890135	5990.4671337867985	6015.562625762984	6013.532716860617	6013.532533138932	6015.311351138922	5991.143112674413	5996.983449433738	5967.763772199089	5994.852204745942	6013.532716860617	6017.975666904241	6017.966639635269	6017.075902081151	5993.081983730226	5996.981686211707	5967.7689828207285	5994.844289369678	6013.532533138932	6017.966639635269	6017.9777929536585	6017.074673456217	5993.075428175172	5998.400695381924	5968.009614155174	5992.979066344195	6015.311351138922	6017.075902081151	6017.074673456217	6021.276666614345	5991.105064311569	5997.203334837448	5988.488697558075	6004.057923425679	5991.143112674413	5993.081983730226	5993.075428175172	5991.105064311569	6017.262544804874
5997.929696860503	5994.409232656357	5995.346669861728	5995.062007395074	5995.35822780468	5989.57512429747	5995.315551384948	5995.418388773047	5994.409232656357	5998.458512959564	5994.560443083722	5994.1239230386	5994.571699302866	5989.9639043398265	5994.490558178496	5994.621112967397	5995.346669861728	5994.560443083722	5995.59417841616	5994.879264551132	5995.590485229684	5990.884939920644	5995.519732415558	5995.640731256246	5995.062007395074	5994.1239230386	5994.879264551132	5995.782354665425	5994.897356932075	5991.653193367077	5994.959342255585	5994.964526997877	5995.35822780468	5994.571699302866	5995.590485229684	5994.897356932075	5995.611162609747	5990.890454998428	5995.533159334951	5995.653481180906	5989.57512429747	5989.9639043398265	5990.884939920644	5991.653193367077	5990.890454998428	6018.5543024642375	5990.892199036078	5990.920172718982	5995.315551384948	5994.490558178496	5995.519732415558	5994.959342255585	5995.533159334951	5990.892199036078	5996.058408365457	5995.580115541524	5995.418388773047	5994.621112967397	5995.640731256246	5994.964526997877	5995.653481180906	5990.920172718982	5995.580115541524	5995.9679468996055
6001.271838008689	5993.976747140403	5996.06526818376	5995.788871920834	5996.080972390344	5984.72118919742	5996.045745615922	5996.095172161656	5993.976747140403	6002.9711550701395	5993.994398037778	5993.537580766407	5994.007751011013	5986.326977415467	5993.886309341731	5994.01792218625	5996.06526818376	5993.994398037778	5996.604600794139	5995.166262223923	5996.599128578056	5988.2221631681505	5996.473570024115	5996.607620440979	5995.788871920834	5993.537580766407	5995.166262223923	5996.339237481445	5995.192778361335	5990.153492556614	5995.295134358409	5995.205302122991	5996.080972390344	5994.007751011013	5996.599128578056	5995.192778361335	5996.624639769641	5988.228175349786	5996.49219570557	5996.625728611491	5984.72118919742	5986.326977415467	5988.2221631681505	5990.153492556614	5988.228175349786	6036.086252171321	5988.315992765228	5988.231952195439	5996.045745615922	5993.886309341731	5996.473570024115	5995.295134358409	5996.49219570557	5988.315992765228	5997.027374618196	5996.499856541181	5996.095172161656	5994.01792218625	5996.607620440979	5995.205302122991	5996.625728611491	5988.231952195439	5996.499856541181	5996.6889812495565
5999.975561171772	5991.122232706251	5994.796793136637	5995.168018204062	5994.817230628248	5993.783719471705	5994.84029231587	5994.826440862449	5991.122232706251	6008.67293482805	5991.087741651495	5991.768969204586	5991.101024784229	5990.477516639406	5990.9812437683695	5991.108941217855	5994.796793136637	5991.087741651495	5996.061920344968	5994.728396869513	5996.051490468759	5995.292537999087	5995.90503411973	5996.056012831116	5995.168018204062	5991.768969204586	5994.728396869513	5996.219382876683	5994.765977428845	5994.325151697088	5994.944000570294	5994.773290247886	5994.817230628248	5991.101024784229	5996.051490468759	5994.765977428845	5996.083242674515	5995.3159135742135	5995.930548877189	5996.080658081722	5993.783719471705	5990.477516639406	5995.292537999087	5994.325151697088	5995.3159135742135	5999.510342865855	5995.19745063825	5995.320094319709	5994.84029231587	5990.9812437683695	5995.90503411973	5994.944000570294	5995.930548877189	5995.19745063825	5996.676357927994	5995.93423342409	5994.826440862449	5991.108941217855	5996.056012831116	5994.773290247886	5996.080658081722	5995.320094319709	5995.93423342409	5996.122711680751
6002.483421239063	5984.427823059117	5993.9321712654155	6002.3961849382395	6002.388351408002	6002.008454325242	6002.390880911354	5995.635350230604	5984.427823059117	6028.678191405761	5988.360001339059	5984.41750263331	5984.38394585712	5984.218887929151	5984.37775248841	5989.311894892428	5993.9321712654155	5988.360001339059	5998.703633534602	5993.860684272936	5993.89554310762	5993.787914391355	5993.889183217986	6001.521685485406	6002.3961849382395	5984.41750263331	5993.860684272936	6002.566004605027	6002.5258527240585	6002.148900676664	6002.528504716744	5995.550803677914	6002.388351408002	5984.38394585712	5993.89554310762	6002.5258527240585	6002.526962709815	6002.140692068331	6002.5209994531515	5995.5723885603375	6002.008454325242	5984.218887929151	5993.787914391355	6002.148900676664	6002.140692068331	6003.224424736558	6002.143191953532	5995.424577273598	6002.390880911354	5984.37775248841	5993.889183217986	6002.528504716744	6002.5209994531515	6002.143191953532	6002.54494627605	5995.562077552781	5995.635350230604	5989.311894892428	6001.521685485406	5995.550803677914	5995.5723885603375	5995.424577273598	5995.562077552781	6014.504191673123
6004.817988866679	5979.861716981679	5994.577292641723	6004.777446257754	6004.755320464074	6002.90615006393	6004.766710000884	5996.393765308472	5979.861716981679	6040.32717675529	5986.845563670531	5979.954981158922	5979.770456718507	5979.290992030802	5979.799283097351	5987.668185521582	5994.577292641723	5986.845563670531	5999.034552771864	5994.420982098158	5994.589187133444	5994.048647583378	5994.55202435934	6001.849153500414	6004.777446257754	5979.954981158922	5994.420982098158	6005.033331135473	6004.867065153231	6003.040472903991	6004.87848939589	5996.271715285264	6004.755320464074	5979.770456718507	5994.589187133444	6004.867065153231	6004.8947010708425	6003.003299366735	6004.857548206173	5996.380068085849	6002.90615006393	5979.290992030802	5994.048647583378	6003.040472903991	6003.003299366735	6007.871530381512	6003.014143421009	5995.658347433515	6004.766710000884	5979.799283097351	5994.55202435934	6004.87848939589	6004.857548206173	6003.014143421009	6004.874992332254	5996.35000468691	5996.393765308472	5987.668185521582	6001.849153500414	5996.271715285264	5996.380068085849	5995.658347433515	5996.35000468691	6014.852700893586
5998.023062730896	5995.061890827653	5993.346886328593	5998.026817284215	5997.850627963604	5995.638790634908	5998.013819647333	5995.3164006176075	5995.061890827653	6003.005469633872	5992.001009267092	5995.0884847599045	5994.817783741324	5992.896971102843	5995.062132661217	5993.689317963121	5993.346886328593	5992.001009267092	5997.718044303947	5993.297071764185	5993.797624220978	5992.415885640432	5993.344923093169	5999.724290304452	5998.026817284215	5995.0884847599045	5993.297071764185	5998.1132859183535	5997.868334136179	5995.671169808016	5998.029297186305	5995.295338917293	5997.850627963604	5994.817783741324	5993.797624220978	5997.868334136179	5998.453790031552	5995.468561972712	5997.853498411548	5995.572952206745	5995.638790634908	5992.896971102843	5992.415885640432	5995.671169808016	5995.468561972712	6004.697026420447	5995.642526811696	5993.952174146681	5998.013819647333	5995.062132661217	5993.344923093169	5998.029297186305	5997.853498411548	5995.642526811696	5998.02642257038	5995.311104945439	5995.3164006176075	5993.689317963121	5999.724290304452	5995.295338917293	5995.572952206745	5993.952174146681	5995.311104945439	6011.102812563657
6004.07573522688	5986.9492436725095	5996.294433606397	5997.2968462568715	5997.171727105963	5993.1290107957975	5997.171292533084	5998.250560042598	5986.9492436725095	6028.845557730113	5986.811133469513	5987.065783025213	5986.394312173373	5984.060800290084	5986.4084911696555	5987.191860994879	5996.294433606397	5986.811133469513	5997.339828929578	5996.496591099871	5996.925607607759	5994.967127874533	5996.915295684481	5998.407468962678	5997.2968462568715	5987.065783025213	5996.496591099871	5998.479379633782	5998.223280909705	5996.1432245313335	5998.2156361184625	5998.604982389092	5997.171727105963	5986.394312173373	5996.925607607759	5998.223280909705	5998.606926595977	5996.342071616559	5998.577880345806	5998.846018493759	5993.1290107957975	5984.060800290084	5994.967127874533	5996.1432245313335	5996.342071616559	6009.897759175339	5996.336048161508	5996.385345011421	5997.171292533084	5986.4084911696555	5996.915295684481	5998.2156361184625	5998.577880345806	5996.336048161508	5998.576948825902	5998.83912629499	5998.250560042598	5987.191860994879	5998.407468962678	5998.604982389092	5998.846018493759	5996.385345011421	5998.83912629499	6005.351386472521
6004.434362294941	5995.839375452753	5995.140385158171	5998.75723443032	5998.503811237164	5984.451273766394	5998.638574757853	5997.966792508011	5995.839375452753	6005.115829047425	5992.446497939538	5996.735155655406	5996.504626520758	5987.155015611476	5996.673320897085	5994.468082401257	5995.140385158171	5992.446497939538	5998.1398156142905	5993.668825550833	5994.2365396918885	5988.6030174907955	5993.926256630885	6000.001949094292	5998.75723443032	5996.735155655406	5993.668825550833	6000.5506049538835	6000.105778747989	5990.294051903538	6000.199559243893	5996.201073456752	5998.503811237164	5996.504626520758	5994.2365396918885	6000.105778747989	6000.57782921738	5989.9027913293085	6000.131795508842	5996.453858976406	5984.451273766394	5987.155015611476	5988.6030174907955	5990.294051903538	5989.9027913293085	6035.45947489773	5990.018448010326	5988.599600247035	5998.638574757853	5996.673320897085	5993.926256630885	6000.199559243893	6000.131795508842	5990.018448010326	6000.238007479872	5996.293889893091	5997.966792508011	5994.468082401257	6000.001949094292	5996.201073456752	5996.453858976406	5988.599600247035	5996.293889893091	6010.916280767642
5999.373548690639	5997.0440820047415	5993.285841501055	5998.891092017307	5998.662542995545	5991.629326874791	5998.884396019219	5995.408834508764	5997.0440820047415	6001.752191870899	5992.415843863356	5997.205319117557	5996.93777323868	5990.558636135295	5997.196437968015	5994.319277012755	5993.285841501055	5992.415843863356	5998.119031453183	5993.118157003691	5993.634483193016	5990.784828367497	5993.140733071632	6000.228073252806	5998.891092017307	5997.205319117557	5993.118157003691	5999.12279556556	5998.866802911049	5992.061580349177	5999.086987461829	5995.2023048671945	5998.662542995545	5996.93777323868	5993.634483193016	5998.866802911049	5999.40549508528	5991.832169332518	5998.860686032284	5995.515472543327	5991.629326874791	5990.558636135295	5990.784828367497	5992.061580349177	5991.832169332518	6018.106988971974	5992.038994604927	5991.61103472399	5998.884396019219	5997.196437968015	5993.140733071632	5999.086987461829	5998.860686032284	5992.038994604927	5999.087444473298	5995.211177129427	5995.408834508764	5994.319277012755	6000.228073252806	5995.2023048671945	5995.515472543327	5991.61103472399	5995.211177129427	6011.776464064245
5997.475641687894	5994.345560591543	5993.99194494272	5996.969966312956	5996.89789274099	5995.807978061763	5996.965102002113	5996.029628898448	5994.345560591543	6002.459224129874	5992.381221768528	5994.473828120516	5994.307660245288	5993.415567424533	5994.461268310099	5994.05429855966	5993.99194494272	5992.381221768528	5996.805931801504	5993.922305674249	5994.240310329808	5993.342807862123	5993.944817551346	5998.438080362039	5996.969966312956	5994.473828120516	5993.922305674249	5997.17872748498	5997.077881451351	5996.032264974	5997.133904371682	5995.958136432692	5996.89789274099	5994.307660245288	5994.240310329808	5997.077881451351	5997.643500256596	5995.949060723227	5997.073673018525	5996.0791651352965	5995.807978061763	5993.415567424533	5993.342807862123	5996.032264974	5995.949060723227	6000.834337012284	5996.023998862353	5995.1076479398525	5996.965102002113	5994.461268310099	5993.944817551346	5997.133904371682	5997.073673018525	5996.023998862353	5997.13700690332	5995.96073888351	5996.029628898448	5994.05429855966	5998.438080362039	5995.958136432692	5996.0791651352965	5995.1076479398525	5995.96073888351	6008.73568178427
5996.173799461171	5995.222254415784	5994.121222199015	5996.107894351746	5996.088251302912	5995.564714295721	5996.1065842331645	5996.03769763425	5995.222254415784	5998.144986753286	5993.490194738944	5995.237692054751	5995.183131311161	5994.703002140991	5995.235040705159	5995.253634651001	5994.121222199015	5993.490194738944	5995.757371445459	5994.116401585492	5994.307808219504	5993.7638467189145	5994.1209720313045	5996.536876301197	5996.107894351746	5995.237692054751	5994.116401585492	5996.135248761571	5996.106090680952	5995.585142703878	5996.122507187628	5996.040046464386	5996.088251302912	5995.183131311161	5994.307808219504	5996.106090680952	5996.6083551055135	5995.553808500226	5996.104557749929	5996.064331720466	5995.564714295721	5994.703002140991	5993.7638467189145	5995.585142703878	5995.553808500226	5998.139715463559	5995.582957653869	5995.540417484851	5996.1065842331645	5995.235040705159	5994.1209720313045	5996.122507187628	5996.104557749929	5995.582957653869	5996.131464995804	5996.037567863164	5996.03769763425	5995.253634651001	5996.536876301197	5996.040046464386	5996.064331720466	5995.540417484851	5996.037567863164	6003.950571392529
6003.641721060947	5983.755775226579	5996.5199811097955	6003.410822245993	6003.569674369664	5993.645839280204	6003.549073302637	5998.986950171627	5983.755775226579	6036.908202842645	5986.4909511167625	5984.148496145614	5983.344251896535	5978.7671028747955	5983.715695358364	5987.386388836694	5996.5199811097955	5986.4909511167625	5999.077951261591	5996.154639233075	5996.816608173737	5991.900491811212	5996.508034846036	6001.556379830013	6003.410822245993	5984.148496145614	5996.154639233075	6003.732135374819	6003.485828705672	5994.020521640249	6003.457223564816	5998.756497405346	6003.569674369664	5983.344251896535	5996.816608173737	6003.485828705672	6004.121723282621	5993.708648201423	6003.621231409785	5999.169482399521	5993.645839280204	5978.7671028747955	5991.900491811212	5994.020521640249	5993.708648201423	6028.035803099972	5993.757068761435	5992.847712079932	6003.549073302637	5983.715695358364	5996.508034846036	6003.457223564816	6003.621231409785	5993.757068761435	6003.604643740817	5998.960760205017	5998.986950171627	5987.386388836694	6001.556379830013	5998.756497405346	5999.169482399521	5992.847712079932	5998.960760205017	6013.909920383031
6005.8706954628915	5983.930222672536	5997.498294343126	6005.717987390937	6005.841794893016	5988.6295059467975	6005.823480858635	6001.285364025589	5983.930222672536	6038.715003215863	5986.476253544831	5984.139184296892	5983.566797277857	5975.463337942008	5983.908028417898	5986.7208660048655	5997.498294343126	5986.476253544831	5998.977690467171	5997.278218237373	5997.770717985932	5989.657160748857	5997.492438358813	6000.872093722332	6005.717987390937	5984.139184296892	5997.278218237373	6005.861483650926	6005.758016860443	5988.960631376618	6005.736506772612	6001.146517643055	6005.841794893016	5983.566797277857	5997.770717985932	6005.758016860443	6006.308996453264	5988.620915005733	6005.861706484266	6001.436255043486	5988.6295059467975	5975.463337942008	5989.657160748857	5988.960631376618	5988.620915005733	6046.226078530907	5988.697874355179	5989.5492404873185	6005.823480858635	5983.908028417898	5997.492438358813	6005.736506772612	6005.861706484266	5988.697874355179	6005.848413628402	6001.2778622186215	6001.285364025589	5986.7208660048655	6000.872093722332	6001.146517643055	6001.436255043486	5989.5492404873185	6001.2778622186215	6011.181699458915
6000.344902467956	5986.320689235092	5998.218419087789	6000.105424141106	6000.354736444888	5988.553699400718	6000.318901400773	6000.4231643684925	5986.320689235092	6035.7895341359235	5986.644567175439	5986.586878770677	5986.243118150565	5975.298699830877	5986.312037383227	5986.531632719872	5998.218419087789	5986.644567175439	5998.153135148165	5997.964475908356	5998.266871687057	5988.920354782896	5998.218096070729	5998.663047552291	6000.105424141106	5986.586878770677	5997.964475908356	6000.16752564938	6000.143255220549	5988.940435434435	6000.106334897699	6000.218206726705	6000.354736444888	5986.243118150565	5998.266871687057	6000.143255220549	6000.475775161981	5988.560979431744	6000.356064814525	6000.458819728696	5988.553699400718	5975.298699830877	5988.920354782896	5988.940435434435	5988.560979431744	6048.812041300444	5988.583764077224	5988.631809761753	6000.318901400773	5986.312037383227	5998.218096070729	6000.106334897699	6000.356064814525	5988.583764077224	6000.32695396202	6000.4233983367785	6000.4231643684925	5986.531632719872	5998.663047552291	6000.218206726705	6000.458819728696	5988.631809761753	6000.4233983367785	6002.250161863319
6006.53722207994	5987.522878186289	5994.131469729832	5996.4207287485615	5994.15078041212	5993.62991454099	5994.164326168762	5994.303556031502	5987.522878186289	6047.859204404823	5978.328249223362	5986.348716917441	5978.319543545787	5978.177907304534	5978.339773669139	5978.480894146409	5994.131469729832	5978.328249223362	6000.627924538537	5996.1501814188905	6000.623918303119	6000.312760156925	6000.60171903626	6000.6333187893215	5996.4207287485615	5986.348716917441	5996.1501814188905	5997.2409779183035	5996.191874477043	5996.004688991694	5996.198253185762	5996.300091578786	5994.15078041212	5978.319543545787	6000.623918303119	5996.191874477043	6000.66225616637	6000.343874927553	6000.633282063944	6000.6634604097335	5993.62991454099	5978.177907304534	6000.312760156925	5996.004688991694	6000.343874927553	6001.978545577278	6000.322281590991	6000.350393761691	5994.164326168762	5978.339773669139	6000.60171903626	5996.198253185762	6000.633282063944	6000.322281590991	6000.657149473644	6000.641443203582	5994.303556031502	5978.480894146409	6000.6333187893215	5996.300091578786	6000.6634604097335	6000.350393761691	6000.641443203582	6001.059029385231
6008.3419371489	5987.018587558068	5993.89276114365	5999.796744159197	5996.911787010898	5996.4625037843125	5996.9166512121255	5997.907576405562	5987.018587558068	6055.3575554835315	5982.4244122907585	5976.907656151008	5968.596417037466	5968.52623702603	5968.607726028728	5987.995032405904	5993.89276114365	5982.4244122907585	6001.799539674297	5991.640587238775	5995.310230115625	5995.092689005232	5995.295095711926	6003.17127962332	5999.796744159197	5976.907656151008	5991.640587238775	6013.278463527944	6012.073425942226	6011.81230177963	6012.078604932891	5992.623079154992	5996.911787010898	5968.596417037466	5995.310230115625	6012.073425942226	6016.304071712866	6015.946194081823	6016.288894897839	5993.620470696263	5996.4625037843125	5968.52623702603	5995.092689005232	6011.81230177963	6015.946194081823	6017.158385165096	6015.9488064238185	5993.376757322964	5996.9166512121255	5968.607726028728	5995.295095711926	6012.078604932891	6016.288894897839	6015.9488064238185	6016.298525578349	5993.607940082895	5997.907576405562	5987.995032405904	6003.17127962332	5992.623079154992	5993.620470696263	5993.376757322964	5993.607940082895	6016.227871317741
6007.768095568981	5984.685072261027	5994.822097733087	5999.845435259523	5998.412154887743	5997.452083469952	5998.426644322713	5998.101121806314	5984.685072261027	6049.728778388019	5985.653137878876	5974.817656432813	5970.6341979641775	5970.400731902973	5970.67480899585	5989.380040741459	5994.822097733087	5985.653137878876	6000.818904906759	5991.437690670767	5993.304664132278	5992.895228256191	5993.249913371898	6003.198474850074	5999.845435259523	5974.817656432813	5991.437690670767	6015.078021885102	6014.495356934081	6013.929194283378	6014.514890318017	5991.833624115722	5998.412154887743	5970.6341979641775	5993.304664132278	6014.495356934081	6016.679065768733	6015.962413667668	6016.628585219512	5992.355551018844	5997.452083469952	5970.400731902973	5992.895228256191	6013.929194283378	6015.962413667668	6018.495080727682	6015.982933336433	5991.861184151314	5998.426644322713	5970.67480899585	5993.249913371898	6014.514890318017	6016.628585219512	6015.982933336433	6016.654850706814	5992.310904110485	5998.101121806314	5989.380040741459	6003.198474850074	5991.833624115722	5992.355551018844	5991.861184151314	5992.310904110485	6016.6692377048685
6005.2651649248855	5989.559338735965	5995.325300678489	5995.415524018825	5995.282857226465	5994.608940734951	5995.40194807854	5998.074611159591	5989.559338735965	6014.850983071846	5989.65860361904	5990.917499954106	5990.674297619912	5990.521677758758	5990.905255806071	5990.72854987286	5995.325300678489	5989.65860361904	5999.784581979688	5990.847371273555	5991.22411840317	5990.622952844793	5990.857641444683	6003.0345679573775	5995.415524018825	5990.917499954106	5990.847371273555	6005.042890504629	6004.860041070933	6004.588793969719	6005.029770364468	5991.365896146975	5995.282857226465	5990.674297619912	5991.22411840317	6004.860041070933	6005.16817267943	6004.424008913062	6004.863744566277	5991.65504674076	5994.608940734951	5990.521677758758	5990.622952844793	6004.588793969719	6004.424008913062	6006.67987531566	6004.592117709509	5991.023429782781	5995.40194807854	5990.905255806071	5990.857641444683	6005.029770364468	6004.863744566277	6004.592117709509	6005.040733418791	5991.366237224437	5998.074611159591	5990.72854987286	6003.0345679573775	5991.365896146975	5991.65504674076	5991.023429782781	5991.366237224437	6016.717042894804
6007.094620067302	5982.804216230095	5995.617922075044	5999.566669785927	5999.32805532385	5998.467338940916	5999.390813805848	5998.28989887625	5982.804216230095	6044.225862348231	5987.938553843971	5974.161641539115	5973.454213794718	5973.295027275057	5973.645479586475	5989.87658229456	5995.617922075044	5987.938553843971	5999.868150277905	5991.768490992015	5992.223822303871	5991.712102585601	5991.992289168015	6002.988295101372	5999.566669785927	5974.161641539115	5991.768490992015	6014.856974828062	6014.711154617304	6014.241013307162	6014.788046339529	5991.9586446874955	5999.32805532385	5973.454213794718	5992.223822303871	6014.711154617304	6015.196217633991	6014.420209414633	6014.975302887223	5992.197818401803	5998.467338940916	5973.295027275057	5991.712102585601	6014.241013307162	6014.420209414633	6016.84038861081	6014.49723661272	5991.6168568959265	5999.390813805848	5973.645479586475	5991.992289168015	6014.788046339529	6014.975302887223	6014.49723661272	6015.058602426939	5992.016071636127	5998.28989887625	5989.87658229456	6002.988295101372	5991.9586446874955	5992.197818401803	5991.6168568959265	5992.016071636127	6016.61605914654
5997.61103125383	5995.211866800991	5996.017004281232	5997.531266085626	5997.731329016834	5986.8146240124715	5997.590483292901	5997.710214593124	5995.211866800991	6003.639502958309	5994.017358674137	5995.191808455327	5995.190901865783	5984.573731577944	5995.210048557596	5995.3452849525465	5996.017004281232	5994.017358674137	5996.352760717678	5995.9298757467695	5996.2969550273365	5987.423013570893	5996.016021333516	5996.429501630133	5997.531266085626	5995.191808455327	5995.9298757467695	5997.6099447349825	5997.680653445258	5987.040392783606	5997.5309501570155	5997.653736066481	5997.731329016834	5995.190901865783	5996.2969550273365	5997.680653445258	5998.587420308451	5986.491799835001	5997.7317332253	5997.845597069976	5986.8146240124715	5984.573731577944	5987.423013570893	5987.040392783606	5986.491799835001	6043.002167723972	5986.834154227456	5986.89272072215	5997.590483292901	5995.210048557596	5996.016021333516	5997.5309501570155	5997.7317332253	5986.834154227456	5997.597330886469	5997.709246597581	5997.710214593124	5995.3452849525465	5996.429501630133	5997.653736066481	5997.845597069976	5986.89272072215	5997.709246597581	5999.372864546199
6000.424034495665	5994.278430065367	5996.46537399603	6000.362441753424	6000.467457538557	5985.322427215882	6000.4041922088945	6000.136670640974	5994.278430065367	6012.127783169938	5992.1967849595185	5994.298746356349	5993.934529661757	5980.9100568759295	5994.275087186196	5994.24312707349	5996.46537399603	5992.1967849595185	5997.06114451902	5996.376009063617	5996.967312973675	5987.008819887019	5996.464349149018	5997.025877917948	6000.362441753424	5994.298746356349	5996.376009063617	6000.4414299897735	6000.433611085957	5985.529275245246	6000.362962911085	6000.093615324809	6000.467457538557	5993.934529661757	5996.967312973675	6000.433611085957	6001.5960852342905	5984.914157439582	6000.468903712968	6000.236405561571	5985.322427215882	5980.9100568759295	5987.008819887019	5985.529275245246	5984.914157439582	6050.318624791105	5985.344236930616	5985.575610619208	6000.4041922088945	5994.275087186196	5996.464349149018	6000.362962911085	6000.468903712968	5985.344236930616	6000.411853915186	6000.136188118514	6000.136670640974	5994.24312707349	5997.025877917948	6000.093615324809	6000.236405561571	5985.575610619208	6000.136188118514	6001.834056671509
5999.119677690513	5995.598459081028	5996.070564937235	5999.048448721303	5999.150440681008	5985.614120925948	5999.07421250176	5998.992040148242	5995.598459081028	6006.4134133076295	5993.500788582051	5995.596282161255	5995.448901595415	5982.852394993257	5995.595632892409	5995.589660018453	5996.070564937235	5993.500788582051	5996.598152264498	5996.015992349518	5996.455096248949	5987.00855234623	5996.067614639436	5996.480983422599	5999.048448721303	5995.596282161255	5996.015992349518	5999.099087036444	5999.130881708502	5985.781360783085	5999.049158021915	5998.965840438575	5999.150440681008	5995.448901595415	5996.455096248949	5999.130881708502	6000.120099564949	5985.257256899336	5999.152626927531	5999.0828884848015	5985.614120925948	5982.852394993257	5987.00855234623	5985.781360783085	5985.257256899336	6047.641852796235	5985.663416386767	5985.795612109669	5999.07421250176	5995.595632892409	5996.067614639436	5999.049158021915	5999.152626927531	5985.663416386767	5999.081212072449	5998.991451617766	5998.992040148242	5995.589660018453	5996.480983422599	5998.965840438575	5999.0828884848015	5985.795612109669	5998.991451617766	6000.355327990275
5997.179853430321	5995.391202588424	5994.416404775453	5997.162596293221	5997.109576187552	5993.522178028758	5997.16180785131	5996.8454375071415	5995.391202588424	6000.887568513646	5993.199223891443	5995.396695445389	5995.229163740523	5991.872690443211	5995.392206297473	5995.233706742615	5994.416404775453	5993.199223891443	5995.9599457267395	5994.406412217541	5994.799095025218	5992.164897651948	5994.416249570853	5995.965614836876	5997.162596293221	5995.396695445389	5994.406412217541	5997.185069693235	5997.114725739774	5993.540124678258	5997.165121343333	5996.845739022406	5997.109576187552	5995.229163740523	5994.799095025218	5997.114725739774	5998.013378114575	5993.36247582354	5997.113086282322	5996.87531809393	5993.522178028758	5991.872690443211	5992.164897651948	5993.540124678258	5993.36247582354	6009.791997791189	5993.530040437536	5993.481063068727	5997.16180785131	5995.392206297473	5994.416249570853	5997.165121343333	5997.113086282322	5993.530040437536	5997.174590698688	5996.845024593747	5996.8454375071415	5995.233706742615	5995.965614836876	5996.845739022406	5996.87531809393	5993.481063068727	5996.845024593747	6001.435013884599
5997.5404938524025	5995.610992117908	5993.113793158251	5997.490004048446	5997.277940468995	5996.282728584181	5997.486427197798	5995.026414645038	5995.610992117908	6000.731471121553	5992.244869401697	5995.63275858351	5995.356973552004	5994.496098248336	5995.627367171099	5993.973178356092	5993.113793158251	5992.244869401697	5997.645783019509	5993.095447263662	5993.642002668284	5992.636910616933	5993.101787635831	5999.596943082991	5997.490004048446	5995.63275858351	5993.095447263662	5997.52549138856	5997.304565652844	5996.314105754165	5997.512108617879	5995.007698696399	5997.277940468995	5995.356973552004	5993.642002668284	5997.304565652844	5998.008983995709	5996.095182600622	5997.3011532615765	5995.314229827832	5996.282728584181	5994.496098248336	5992.636910616933	5996.314105754165	5996.095182600622	6000.931420835705	5996.309432236573	5994.321255755487	5997.486427197798	5995.627367171099	5993.101787635831	5997.512108617879	5997.3011532615765	5996.309432236573	5997.520513374546	5995.006777541866	5995.026414645038	5993.973178356092	5999.596943082991	5995.007698696399	5995.314229827832	5994.321255755487	5995.006777541866	6010.879891284143
5997.386464176183	5995.595146469556	5993.368654454172	5997.362288012568	5997.1503193828175	5995.925451902654	5997.357760958887	5995.488669032719	5995.595146469556	6000.555019238035	5992.4569055665515	5995.605287850786	5995.310869381661	5994.239937315597	5995.598313696513	5994.341812410588	5993.368654454172	5992.4569055665515	5997.205018047593	5993.35999378174	5993.945077092142	5992.7333120746325	5993.364581114514	5998.602272766914	5997.362288012568	5995.605287850786	5993.35999378174	5997.381202847523	5997.162504361192	5995.9406527092715	5997.369059710624	5995.482806764126	5997.1503193828175	5995.310869381661	5993.945077092142	5997.162504361192	5998.028684626204	5995.710388953473	5997.158829150127	5995.737533114601	5995.925451902654	5994.239937315597	5992.7333120746325	5995.9406527092715	5995.710388953473	6001.635324799342	5995.934910760022	5994.53019044049	5997.357760958887	5995.598313696513	5993.364581114514	5997.369059710624	5997.158829150127	5995.934910760022	5997.389781225171	5995.4776327984955	5995.488669032719	5994.341812410588	5998.602272766914	5995.482806764126	5995.737533114601	5994.53019044049	5995.4776327984955	6008.550241195705
6000.247944523373	5990.731143463656	5993.937473006834	5999.4962016015	5999.29532317153	5997.682086131946	5999.493589220659	5996.379572508469	5990.731143463656	6014.328558916802	5989.911889807283	5990.831664005056	5990.372393788755	5989.541347269497	5990.82192189254	5991.142934746533	5993.937473006834	5989.911889807283	5997.960268670884	5993.773583049377	5994.367655949694	5993.129021383892	5993.780062950732	5999.465387087607	5999.4962016015	5990.831664005056	5993.773583049377	5999.994502840613	5999.794770806354	5998.2656301103625	5999.9842309072355	5996.214524376683	5999.29532317153	5990.372393788755	5994.367655949694	5999.794770806354	6000.53504606633	5998.0700334368	5999.793205173991	5996.524799527567	5997.682086131946	5989.541347269497	5993.129021383892	5998.2656301103625	5998.0700334368	6004.33486041118	5998.262478789397	5995.188165673649	5999.493589220659	5990.82192189254	5993.780062950732	5999.9842309072355	5999.793205173991	5998.262478789397	5999.995134859474	5996.214134032211	5996.379572508469	5991.142934746533	5999.465387087607	5996.214524376683	5996.524799527567	5995.188165673649	5996.214134032211	6009.598167923247
5999.504034517571	5995.362864091219	5994.571536583419	5999.486364420175	5999.27755748631	5991.238998251264	5999.4784020750585	5998.199740736841	5995.362864091219	6006.340878419816	5992.23252561353	5995.367316131837	5994.942381650293	5987.984282347605	5995.349780632288	5994.744679559691	5994.571536583419	5992.23252561353	5996.765096621943	5994.565230421189	5995.183244142807	5990.591319109951	5994.572843753983	5996.632319608	5999.486364420175	5995.367316131837	5994.565230421189	5999.4985622199065	5999.283310075954	5991.260136206384	5999.483378577394	5998.199782842306	5999.27755748631	5994.942381650293	5995.183244142807	5999.283310075954	6000.299446841666	5990.934050302269	5999.278626140347	5998.239338359717	5991.238998251264	5987.984282347605	5990.591319109951	5991.260136206384	5990.934050302269	6022.928545525433	5991.246004647057	5991.278189377687	5999.4784020750585	5995.349780632288	5994.572843753983	5999.483378577394	5999.278626140347	5991.246004647057	5999.534211390265	5998.19052900832	5998.199740736841	5994.744679559691	5996.632319608	5998.199782842306	5998.239338359717	5991.278189377687	5998.19052900832	6003.024920678607
6002.866674282222	5987.716716235277	5993.951682113625	6002.151990430462	6001.95900422003	5997.406739281532	6002.148818826494	5995.953902716799	5987.716716235277	6022.951700404221	5989.011797750518	5987.6177658496945	5987.223312649288	5985.04677818246	5987.601502908549	5990.155951867472	5993.951682113625	5989.011797750518	5999.012836305896	5993.635603194899	5994.16270075175	5992.380045044081	5993.650718681429	6001.6388171175995	6002.151990430462	5987.6177658496945	5993.635603194899	6002.914537186133	6002.702825267725	5998.347442507089	6002.895151903543	5995.499431766947	6001.95900422003	5987.223312649288	5994.16270075175	6002.702825267725	6003.200218953152	5998.169453439426	6002.701104379999	5995.884044230411	5997.406739281532	5985.04677818246	5992.380045044081	5998.347442507089	5998.169453439426	6012.246929918821	5998.340311211785	5993.6423549912	6002.148818826494	5987.601502908549	5993.650718681429	6002.895151903543	6002.701104379999	5998.340311211785	6002.900489019034	5995.506189224748	5995.953902716799	5990.155951867472	6001.6388171175995	5995.499431766947	5995.884044230411	5993.6423549912	5995.506189224748	6014.265338212764
6000.431178914271	5992.984868115863	5993.109643473016	6000.083767662847	5999.875205634547	5995.857196815308	6000.080044874975	5994.900362594242	5992.984868115863	6010.088474773683	5990.723409419705	5993.075263100058	5992.77987853642	5989.894858306074	5993.066517970136	5992.119874201583	5993.109643473016	5990.723409419705	5998.7739552114	5992.95315385508	5993.4316511048	5991.88026222023	5992.963001957654	6001.427493949952	6000.083767662847	5993.075263100058	5992.95315385508	6000.356919713033	6000.1350869479	5996.2042373098675	6000.34175429696	5994.680850973379	5999.875205634547	5992.77987853642	5993.4316511048	6000.1350869479	6000.5636146254465	5996.015193756222	6000.131868961551	5995.032871374174	5995.857196815308	5989.894858306074	5991.88026222023	5996.2042373098675	5996.015193756222	6009.757834427396	5996.197502862264	5993.079744540326	6000.080044874975	5993.066517970136	5992.963001957654	6000.34175429696	6000.131868961551	5996.197502862264	6000.347344207155	5994.6840290806385	5994.900362594242	5992.119874201583	6001.427493949952	5994.680850973379	5995.032871374174	5993.079744540326	5994.6840290806385	6014.15892652565
