6016.844171120959	5983.1845430479425	5995.378970578303	6008.103929396729	6004.329767764328	5982.946503990104	6007.508368185501	5999.681914821385	5983.1845430479425	6019.26200645777	5978.724357918092	5988.6797292783485	5977.687665793833	6017.807692682354	5982.97804418312	5981.897890576317	5995.378970578303	5978.724357918092	6012.13222386946	5989.603050241532	6004.666301680491	5978.827120751025	5994.1991353528465	6012.047172895366	6008.103929396729	5988.6797292783485	5989.603050241532	6017.650003231498	6011.833569652017	5988.993781218599	6016.857165557219	5992.283981533351	6004.329767764328	5977.687665793833	6004.666301680491	6011.833569652017	6025.158196270262	5978.2396060489855	6016.747363673281	6002.791549526801	5982.946503990104	6017.807692682354	5978.827120751025	5988.993781218599	5978.2396060489855	6019.472161188892	5983.456658389854	5981.832696384883	6007.508368185501	5982.97804418312	5994.1991353528465	6016.857165557219	6016.747363673281	5983.456658389854	6024.186621656726	5993.901474711526	5999.681914821385	5981.897890576317	6012.047172895366	5992.283981533351	6002.791549526801	5981.832696384883	5993.901474711526	6023.909452831911
5998.160634924887	5995.713160576335	5996.269099470521	5996.59432428624	5996.908464065337	5984.052888895173	5996.851738800466	5996.899825993656	5995.713160576335	6000.307773161285	5995.082650326007	5995.404629583599	5995.6556974301375	5984.193352270518	5995.562038907022	5995.650996537273	5996.269099470521	5995.082650326007	5996.318878369725	5995.802128247332	5996.223677011589	5985.683232520952	5996.1723587713395	5996.210533772418	5996.59432428624	5995.404629583599	5995.802128247332	5996.782399477586	5996.51816077124	5986.479103787391	5996.519453135976	5996.505265772863	5996.908464065337	5995.6556974301375	5996.223677011589	5996.51816077124	5996.926012635992	5985.372379257883	5996.822179774818	5996.872887199982	5984.052888895173	5984.193352270518	5985.683232520952	5986.479103787391	5985.372379257883	6051.800051757149	5985.34842418324	5985.3943250662705	5996.851738800466	5995.562038907022	5996.1723587713395	5996.519453135976	5996.822179774818	5985.34842418324	5997.526117986022	5996.810397462939	5996.899825993656	5995.650996537273	5996.210533772418	5996.505265772863	5996.872887199982	5985.3943250662705	5996.810397462939	5996.868462250567
6008.165771789954	5984.876148806121	6000.46658004631	6000.281598737634	6002.276610613825	5978.723348726329	6001.809589610868	6002.274217543026	5984.876148806121	6045.972724136489	5980.658695779908	5986.686536830061	5980.738511013908	5976.551018600684	5980.977759232296	5980.7580726288825	6000.46658004631	5980.658695779908	6003.114765522143	5997.219744682588	6002.76605220256	5984.233207199204	6001.30457415625	6002.759058782035	6000.281598737634	5986.686536830061	5997.219744682588	6001.0659058012	5999.857550248351	5989.590989461449	6000.461605249586	5999.846156892627	6002.276610613825	5980.738511013908	6002.76605220256	5999.857550248351	6004.751188498997	5984.8016737145645	6003.369722632446	6004.723579371674	5978.723348726329	5976.551018600684	5984.233207199204	5989.590989461449	5984.8016737145645	6065.49307834564	5986.254805550041	5984.796992519845	6001.809589610868	5980.977759232296	6001.30457415625	6000.461605249586	6003.369722632446	5986.254805550041	6005.471473751838	6003.358606817259	6002.274217543026	5980.7580726288825	6002.759058782035	5999.846156892627	6004.723579371674	5984.796992519845	6003.358606817259	6004.724568735078
6011.103486522411	5991.110152059646	5990.23559859932	6002.317284088173	5994.2486219276225	5993.941352049358	5999.107498556444	5995.410157399793	5991.110152059646	6064.698789189177	5977.2000569971815	5978.589473730105	5961.98424826991	5962.267779190178	5967.626066677573	5985.4885895446305	5990.23559859932	5977.2000569971815	6006.806542028343	5988.042306013971	5998.651101748897	5998.0127925520665	5992.040460645787	6006.707312196443	6002.317284088173	5978.589473730105	5988.042306013971	6017.246649766821	6011.795009144377	6011.689727384661	6016.503392982977	5989.508350136133	5994.2486219276225	5961.98424826991	5998.651101748897	6011.795009144377	6021.864023216006	6021.107229247605	6017.071169169216	5995.125777830762	5993.941352049358	5962.267779190178	5998.0127925520665	6011.689727384661	6021.107229247605	6022.392498483467	6016.923996934449	5994.552152381274	5999.107498556444	5967.626066677573	5992.040460645787	6016.503392982977	6017.071169169216	6016.923996934449	6023.989818532425	5989.903261134281	5995.410157399793	5985.4885895446305	6006.707312196443	5989.508350136133	5995.125777830762	5994.552152381274	5989.903261134281	6019.109245736406
6010.8609395115855	5990.78778743722	5990.687226298677	6002.039205959201	5994.57975270319	5994.008657721876	5998.6892543178055	5995.784938967388	5990.78778743722	6064.5018650562415	5977.2911093581515	5978.388778778609	5962.031309847599	5962.948560256978	5967.269461481704	5985.538771491881	5990.687226298677	5977.2911093581515	6006.806592516068	5988.414090015002	5998.8906317371975	5997.087700768635	5992.578558285125	6006.733563912295	6002.039205959201	5978.388778778609	5988.414090015002	6016.875797834893	6011.906709082419	6011.804832709341	6016.001176076364	5989.8254303017475	5994.57975270319	5962.031309847599	5998.8906317371975	6011.906709082419	6022.099856149193	6020.045434242809	6017.295234664041	5995.371596086527	5994.008657721876	5962.948560256978	5997.087700768635	6011.804832709341	6020.045434242809	6023.005575947069	6017.181190302684	5993.779953081109	5998.6892543178055	5967.269461481704	5992.578558285125	6016.001176076364	6017.295234664041	6017.181190302684	6023.310240915058	5990.345687379662	5995.784938967388	5985.538771491881	6006.733563912295	5989.8254303017475	5995.371596086527	5993.779953081109	5990.345687379662	6019.155828704885
6004.698111443776	5991.168470065634	5992.896809566248	5996.509388880178	5993.642344734359	5993.074186448941	5994.639798680769	5993.080521858	5991.168470065634	6007.403185958155	5991.310995774105	5991.5212691170955	5990.568102375715	5991.479464457331	5990.596044623203	5991.4827924689525	5992.896809566248	5991.310995774105	5996.754046526988	5994.129030532095	5997.1874995851795	5996.601943386309	5995.5088218327755	5996.6046541410815	5996.509388880178	5991.5212691170955	5994.129030532095	5999.124691426873	5997.7957910962505	5994.416404489334	5997.169026610503	5994.420009597646	5993.642344734359	5990.568102375715	5997.1874995851795	5997.7957910962505	6003.449685834202	5997.26612348577	5998.3478891863715	5997.267527589551	5993.074186448941	5991.479464457331	5996.601943386309	5994.416404489334	5997.26612348577	5996.80710222277	5995.694268774127	5996.80056284567	5994.639798680769	5990.596044623203	5995.5088218327755	5997.169026610503	5998.3478891863715	5995.694268774127	6000.380905558899	5995.696057206567	5993.080521858	5991.4827924689525	5996.6046541410815	5994.420009597646	5997.267527589551	5996.80056284567	5995.696057206567	5996.814867043927
6000.047083365995	5993.075861406777	5993.946482200536	5994.617407840764	5993.931928251916	5993.963381073432	5994.073376609091	5993.98033788679	5993.075861406777	5998.257828978616	5993.960766052672	5993.569073442966	5994.1489674567	5993.981230135618	5993.4754214363575	5993.992221258205	5993.946482200536	5993.960766052672	5995.187842348343	5994.52337512797	5995.744686179064	5995.171807153773	5994.817306246621	5995.182447976145	5994.617407840764	5993.569073442966	5994.52337512797	5996.253641370925	5996.044806388461	5994.551019883362	5995.502551042363	5994.564623487771	5993.931928251916	5994.1489674567	5995.744686179064	5996.044806388461	5999.899039565529	5995.754428007514	5996.269661250942	5995.7597097287935	5993.963381073432	5993.981230135618	5995.171807153773	5994.551019883362	5995.754428007514	5995.200372266053	5994.835867289745	5995.204367743905	5994.073376609091	5993.4754214363575	5994.817306246621	5995.502551042363	5996.269661250942	5994.835867289745	5998.82001450763	5994.841634845764	5993.98033788679	5993.992221258205	5995.182447976145	5994.564623487771	5995.7597097287935	5995.204367743905	5994.841634845764	5995.273873225963
5995.545406753155	5994.492745574205	5994.517910478745	5994.520544619667	5994.665715880758	5994.202864217918	5994.476019007309	5994.527905798647	5994.492745574205	5994.741044932249	5994.598928115143	5994.598548345504	5994.801813066105	5994.323583133451	5994.564467493286	5994.609383144172	5994.517910478745	5994.598928115143	5994.635541244784	5994.623331183949	5994.832600921724	5994.349146050473	5994.592475298144	5994.634391827777	5994.520544619667	5994.598548345504	5994.623331183949	5994.6545847980615	5994.835171593666	5994.350238082081	5994.597189663451	5994.633894718202	5994.665715880758	5994.801813066105	5994.832600921724	5994.835171593666	5996.00021098994	5994.527653418744	5994.83120643078	5994.841197737679	5994.202864217918	5994.323583133451	5994.349146050473	5994.350238082081	5994.527653418744	5996.140692400253	5994.308406851991	5994.359110577851	5994.476019007309	5994.564467493286	5994.592475298144	5994.597189663451	5994.83120643078	5994.308406851991	5995.753365253927	5994.601922042292	5994.527905798647	5994.609383144172	5994.634391827777	5994.633894718202	5994.841197737679	5994.359110577851	5994.601922042292	5994.6584667430325
5999.335556642733	5993.950708548598	5993.953345247412	5994.19825213183	5993.860212203258	5993.95841652147	5993.797533449226	5993.966939770433	5993.950708548598	5994.797794895552	5994.739154957774	5994.487284953011	5995.053243254884	5994.748726081995	5994.471135245736	5994.754737421597	5993.953345247412	5994.739154957774	5994.75748744335	5994.485875559102	5995.05990220179	5994.749756906869	5994.477022908299	5994.755806424999	5994.19825213183	5994.487284953011	5994.485875559102	5995.123165541488	5994.996314391148	5994.49694100449	5994.789661342245	5994.50333024366	5993.860212203258	5995.053243254884	5995.05990220179	5994.996314391148	5997.030201691217	5995.066166169531	5995.108096449367	5995.071105465282	5993.95841652147	5994.748726081995	5994.749756906869	5994.49694100449	5995.066166169531	5994.771746442215	5994.484205088106	5994.765350212992	5993.797533449226	5994.471135245736	5994.477022908299	5994.789661342245	5995.108096449367	5994.484205088106	5998.771341610702	5994.487738883576	5993.966939770433	5994.754737421597	5994.755806424999	5994.50333024366	5995.071105465282	5994.765350212992	5994.487738883576	5994.794819437018
5998.654651311932	5994.1308510709205	5994.070660425806	5994.222193441832	5994.129005949149	5994.135585375916	5994.0949980025	5994.154404616989	5994.1308510709205	5994.716488673804	5994.588386610205	5994.5873814208235	5994.724777965821	5994.688581614299	5994.649064692861	5994.703979954371	5994.070660425806	5994.588386610205	5994.640843321145	5994.485941744295	5994.633357664059	5994.594006771106	5994.558253434833	5994.6106502493385	5994.222193441832	5994.5873814208235	5994.485941744295	5994.830794090425	5994.636416397704	5994.592768553375	5994.5902683431295	5994.609368726112	5994.129005949149	5994.724777965821	5994.633357664059	5994.636416397704	5994.944296348492	5994.730623242967	5994.695963710324	5994.745637777999	5994.135585375916	5994.688581614299	5994.594006771106	5994.592768553375	5994.730623242967	5994.70140647059	5994.6550111735705	5994.709690077229	5994.0949980025	5994.649064692861	5994.558253434833	5994.5902683431295	5994.695963710324	5994.6550111735705	5995.356444524914	5994.668994012414	5994.154404616989	5994.703979954371	5994.6106502493385	5994.609368726112	5994.745637777999	5994.709690077229	5994.668994012414	5994.802872412359
5995.87788142867	5994.9606250118295	5994.880445299135	5994.94639253554	5994.990971547851	5991.690392636604	5994.978701649941	5994.984882614407	5994.9606250118295	5995.10725345012	5994.902298879784	5994.961191209587	5995.02029760477	5992.058751933158	5995.006464339792	5995.012467987677	5994.880445299135	5994.902298879784	5994.964350487697	5994.871362464515	5994.935023125809	5992.033956926195	5994.921025825056	5994.926422720851	5994.94639253554	5994.961191209587	5994.871362464515	5995.075708118674	5994.993752312598	5992.133930913671	5994.981442082891	5994.985053861833	5994.990971547851	5995.02029760477	5994.935023125809	5994.993752312598	5995.09411708142	5992.080848351102	5995.039091535888	5995.044806030142	5991.690392636604	5992.058751933158	5992.033956926195	5992.133930913671	5992.080848351102	6010.60581640151	5992.073380775863	5992.084229761163	5994.978701649941	5995.006464339792	5994.921025825056	5994.981442082891	5995.039091535888	5992.073380775863	5995.134670708846	5995.030976484673	5994.984882614407	5995.012467987677	5994.926422720851	5994.985053861833	5995.044806030142	5992.084229761163	5995.030976484673	5995.043828640462
6006.75333578693	5986.5855327325935	5995.256257393324	5997.272709256281	5995.559773772061	5995.558784628421	5995.688290976141	5998.557502932476	5986.5855327325935	6042.7970596105915	5981.843532726854	5985.800827978588	5981.077825016088	5981.097692760099	5980.991460122295	5984.069738759773	5995.256257393324	5981.843532726854	5999.197510271806	5996.42055756712	5998.783518585424	5998.772722161188	5998.611498722728	6000.412914489213	5997.272709256281	5985.800827978588	5996.42055756712	5998.832252256021	5997.781220427006	5997.770574872057	5997.909496529026	5999.067184336594	5995.559773772061	5981.077825016088	5998.783518585424	5997.781220427006	6000.129656177991	6000.099926416358	5999.949356536475	6000.02744968519	5995.558784628421	5981.097692760099	5998.772722161188	5997.770574872057	6000.099926416358	6000.097189585293	5999.93884508673	6000.0211503897945	5995.688290976141	5980.991460122295	5998.611498722728	5997.909496529026	5999.949356536475	5999.93884508673	6000.618568969603	5999.795743958619	5998.557502932476	5984.069738759773	6000.412914489213	5999.067184336594	6000.02744968519	6000.0211503897945	5999.795743958619	6011.2856878207185
6003.292285049189	5984.961970634612	5995.679826517064	5998.584950101665	5998.39473492045	5998.409540484375	5998.411420443929	5998.185831094215	5984.961970634612	6033.204277467549	5986.280038871827	5984.497198785027	5983.332757832408	5983.623815828472	5983.608860270599	5987.4418813119155	5995.679826517064	5986.280038871827	5998.450930425835	5995.146620252768	5995.853240522962	5995.643476144125	5995.643220871204	6000.846749239213	5998.584950101665	5984.497198785027	5995.146620252768	6001.523348311576	6001.142571078058	6001.082892048258	6001.087232195329	5997.186311968732	5998.39473492045	5983.332757832408	5995.853240522962	6001.142571078058	6001.853160553604	6001.435926402753	6001.438315013441	5997.481958256679	5998.409540484375	5983.623815828472	5995.643476144125	6001.082892048258	6001.435926402753	6001.391336072841	6001.386979954906	5997.353867339469	5998.411420443929	5983.608860270599	5995.643220871204	6001.087232195329	6001.438315013441	6001.386979954906	6001.420328213987	5997.346666741863	5998.185831094215	5987.4418813119155	6000.846749239213	5997.186311968732	5997.481958256679	5997.353867339469	5997.346666741863	6013.539423819541
6006.719122460145	5985.863282998774	5995.668427859771	5997.236711260678	5995.955812201169	5995.954513113727	5995.967866868193	5999.122296454223	5985.863282998774	6042.462255464542	5982.43034275764	5985.090244371012	5981.397306518553	5981.413096553408	5981.38665231975	5984.437347698273	5995.668427859771	5982.43034275764	5998.912425456708	5996.660365693595	5998.394239019864	5998.385077206542	5998.372015824404	6000.586836444834	5997.236711260678	5985.090244371012	5996.660365693595	5998.994837076126	5998.2546318842205	5998.2462448423175	5998.26164216959	5999.314764453007	5995.955812201169	5981.397306518553	5998.394239019864	5998.2546318842205	6000.009066643123	5999.985237383938	5999.973985003616	5999.866716340713	5995.954513113727	5981.413096553408	5998.385077206542	5998.2462448423175	5999.985237383938	5999.985151276848	5999.965834695203	5999.861253172396	5995.967866868193	5981.38665231975	5998.372015824404	5998.26164216959	5999.973985003616	5999.965834695203	6000.058428119548	5999.834948918966	5999.122296454223	5984.437347698273	6000.586836444834	5999.314764453007	5999.866716340713	5999.861253172396	5999.834948918966	6012.843433999501
6005.066706971476	5984.404669544602	5996.381785107451	5997.043388708973	5996.764392297777	5996.761610787474	5996.764918340265	5999.025545949816	5984.404669544602	6038.5152686800275	5984.114133758015	5984.507197964208	5983.369070410195	5983.3872731346155	5983.377427117881	5984.702580103157	5996.381785107451	5984.114133758015	5997.953646924464	5997.057103312152	5997.594045585213	5997.583326938005	5997.58454374105	5999.903985893977	5997.043388708973	5984.507197964208	5997.057103312152	5998.513871657101	5998.281235031353	5998.271427237246	5998.274572618648	5999.377978173817	5996.764392297777	5983.369070410195	5997.594045585213	5998.281235031353	5998.819116157977	5998.791446555049	5998.792954124537	5999.594466246501	5996.761610787474	5983.3872731346155	5997.583326938005	5998.271427237246	5998.791446555049	5998.792236785313	5998.783324220864	5999.587616543427	5996.764918340265	5983.377427117881	5997.58454374105	5998.274572618648	5998.792954124537	5998.783324220864	5998.806584936486	5999.585116548534	5999.025545949816	5984.702580103157	5999.903985893977	5999.377978173817	5999.594466246501	5999.587616543427	5999.585116548534	6010.892314715917
5997.546294302552	5996.087954079488	5993.046080048165	5997.520073304156	5997.168854278596	5996.259703624823	5997.511032971039	5995.382891184842	5996.087954079488	5999.969800847735	5992.34482236076	5996.100182189751	5995.67643061814	5994.895634355284	5996.088198733002	5994.456031112672	5993.046080048165	5992.34482236076	5997.312779386972	5993.037054811696	5993.836176228977	5992.539054103723	5993.04222964117	5998.209649029889	5997.520073304156	5996.100182189751	5993.037054811696	5997.540194919105	5997.183343771664	5996.2766087842665	5997.524705208317	5995.3776991094555	5997.168854278596	5995.67643061814	5993.836176228977	5997.183343771664	5998.238199089833	5995.9176436926555	5997.177329941678	5995.686828043756	5996.259703624823	5994.895634355284	5992.539054103723	5996.2766087842665	5995.9176436926555	6001.063806602938	5996.2667420254265	5994.562187649125	5997.511032971039	5996.088198733002	5993.04222964117	5997.524705208317	5997.177329941678	5996.2667420254265	5997.566296876171	5995.366975704569	5995.382891184842	5994.456031112672	5998.209649029889	5995.3776991094555	5995.686828043756	5994.562187649125	5995.366975704569	6007.216001063525
5998.526954894423	5990.700411798169	5996.405204479569	5998.344218529846	5998.74037077895	5991.5474190235245	5998.420138665156	5998.569130038137	5990.700411798169	6016.891524298794	5990.133043046044	5990.787261576092	5989.978121956386	5984.614718150707	5990.692238900737	5991.294954880383	5996.405204479569	5990.133043046044	5997.276538998102	5996.281616238607	5997.125717836135	5991.201859748191	5996.405924876365	5998.28080312691	5998.344218529846	5990.787261576092	5996.281616238607	5998.4871264820495	5998.7079013652055	5991.773699145705	5998.356024707871	5998.5078491536915	5998.74037077895	5989.978121956386	5997.125717836135	5998.7079013652055	6000.700098426842	5991.386605744538	5998.761030778739	5998.901493142302	5991.5474190235245	5984.614718150707	5991.201859748191	5991.773699145705	5991.386605744538	6024.851831925202	5991.628629436406	5991.876133403237	5998.420138665156	5990.692238900737	5996.405924876365	5998.356024707871	5998.761030778739	5991.628629436406	5998.439147020156	5998.5672161392085	5998.569130038137	5991.294954880383	5998.28080312691	5998.5078491536915	5998.901493142302	5991.876133403237	5998.5672161392085	6005.682760101303
5998.999034012596	5987.224846806855	5996.447667290298	5998.886836812538	5999.2142042914875	5995.75544811666	5998.893871690686	5998.799356002487	5987.224846806855	6026.26557209994	5987.35672544563	5987.23659721392	5986.08249760646	5984.585004156469	5987.214675636411	5987.755742436567	5996.447667290298	5987.35672544563	5997.260461421372	5996.441617844748	5997.230527507757	5994.221357879619	5996.455493563114	5997.771740681117	5998.886836812538	5987.23659721392	5996.441617844748	5998.927155279044	5999.243068462709	5995.817158204488	5998.912756982823	5998.806696492287	5999.2142042914875	5986.08249760646	5997.230527507757	5999.243068462709	6001.149212397021	5995.905527954808	5999.248582367573	5999.171704397737	5995.75544811666	5984.585004156469	5994.221357879619	5995.817158204488	5995.905527954808	6010.339542510527	5995.814184212526	5995.798751355667	5998.893871690686	5987.214675636411	5996.455493563114	5998.912756982823	5999.248582367573	5995.814184212526	5998.926924567552	5998.812514463207	5998.799356002487	5987.755742436567	5997.771740681117	5998.806696492287	5999.171704397737	5995.798751355667	5998.812514463207	6003.560443903886
5998.548924102151	5994.362106469957	5995.835328870697	5998.5370090721135	5998.7607080814705	5988.68042429617	5998.53688064707	5998.446378646658	5994.362106469957	6007.640746409171	5992.5495913271125	5994.363529119725	5993.786313725845	5985.256102536802	5994.342449494574	5994.39345375415	5995.835328870697	5992.5495913271125	5996.762162880712	5995.825929537896	5996.937791528807	5988.886029009074	5995.84049456529	5996.515779064476	5998.5370090721135	5994.363529119725	5995.825929537896	5998.549234847234	5998.760386914591	5988.704662366915	5998.533226859113	5998.4423297582425	5998.7607080814705	5993.786313725845	5996.937791528807	5998.760386914591	6001.5401722602255	5987.826209292364	5998.766314470951	5998.723253585445	5988.68042429617	5985.256102536802	5988.886029009074	5988.704662366915	5987.826209292364	6034.489323554412	5988.674491113121	5988.803801983955	5998.53688064707	5994.342449494574	5995.84049456529	5998.533226859113	5998.766314470951	5988.674491113121	5998.610416869931	5998.439477508673	5998.446378646658	5994.39345375415	5996.515779064476	5998.4423297582425	5998.723253585445	5988.803801983955	5998.439477508673	6000.671032965028
5994.901918930448	5994.596028757518	5994.644270064261	5994.854208716147	5994.949994880754	5994.193780324606	5994.853406039959	5994.965969205	5994.596028757518	5995.653220917725	5994.397237175947	5994.599695258012	5994.679210074001	5993.939713396669	5994.597853238701	5994.709063594493	5994.644270064261	5994.397237175947	5994.7520827108965	5994.646686089012	5994.765566978327	5994.018513478046	5994.646910301335	5994.779438824229	5994.854208716147	5994.599695258012	5994.646686089012	5994.864171011768	5994.955356315041	5994.202337107202	5994.856987487802	5994.969424816258	5994.949994880754	5994.679210074001	5994.765566978327	5994.955356315041	5995.570429999445	5994.263842950537	5994.954950741085	5995.058203928811	5994.193780324606	5993.939713396669	5994.018513478046	5994.202337107202	5994.263842950537	5998.19241709063	5994.199804065573	5994.302411370417	5994.853406039959	5994.597853238701	5994.646910301335	5994.856987487802	5994.954950741085	5994.199804065573	5994.909809093006	5994.967646333534	5994.965969205	5994.709063594493	5994.779438824229	5994.969424816258	5995.058203928811	5994.302411370417	5994.967646333534	5995.686507379348
6007.16493791496	5986.380337439854	5999.383243400564	5998.431972905042	5999.4896455648495	5978.704832111531	5999.475182327955	5999.501311851073	5986.380337439854	6042.808037034908	5983.034319141877	5986.559086334059	5983.017456723071	5974.504236360326	5982.936896936679	5983.03246267739	5999.383243400564	5983.034319141877	6000.6326755663595	5997.7897642565185	6000.630368090686	5986.870671063008	6000.5344636081845	6000.635073083057	5998.431972905042	5986.559086334059	5997.7897642565185	5998.133115114545	5997.938955940788	5988.888882963333	5997.998920495974	5997.947033085388	5999.4896455648495	5983.017456723071	6000.630368090686	5997.938955940788	6000.764177700133	5986.89558792787	6000.662417051269	6000.762355083031	5978.704832111531	5974.504236360326	5986.870671063008	5988.888882963333	5986.89558792787	6062.5399425293435	5986.986367142453	5986.893150075546	5999.475182327955	5982.936896936679	6000.5344636081845	5997.998920495974	6000.662417051269	5986.986367142453	6001.019297630792	6000.666252006725	5999.501311851073	5983.03246267739	6000.635073083057	5997.947033085388	6000.762355083031	5986.893150075546	6000.666252006725	6000.808633854468
5997.715386614745	5990.940047410477	5995.098527334363	5995.3279993598635	5995.394298304108	5995.340668761256	5995.383908970923	5995.398553455747	5990.940047410477	6009.341976540873	5990.97579769049	5991.3169831640735	5991.095509704926	5991.079769549718	5991.11299281377	5991.1242786436615	5995.098527334363	5990.97579769049	5995.526028672775	5995.163713170575	5995.439407588909	5995.385160786987	5995.416957339647	5995.433252872649	5995.3279993598635	5991.3169831640735	5995.163713170575	5995.8747544343205	5995.5592954811655	5995.506263141396	5995.536298430707	5995.550397605099	5995.394298304108	5991.095509704926	5995.439407588909	5995.5592954811655	5995.866069901771	5995.74174819893	5995.7752970749	5995.787966607205	5995.340668761256	5991.079769549718	5995.385160786987	5995.506263141396	5995.74174819893	5995.929033654534	5995.722780504167	5995.735527536588	5995.383908970923	5991.11299281377	5995.416957339647	5995.536298430707	5995.7752970749	5995.722780504167	5995.762243700497	5995.768937959349	5995.398553455747	5991.1242786436615	5995.433252872649	5995.550397605099	5995.787966607205	5995.735527536588	5995.768937959349	5995.855856945764
6005.007216242388	5987.910320859655	5996.177738862529	6003.07150778899	6003.291396032335	5988.429229777976	6003.327356303468	5998.685995683326	5987.910320859655	6028.047166599718	5987.876580506245	5988.659117915935	5987.130181642834	5980.449956848672	5987.3200096133405	5989.546998606793	5996.177738862529	5987.876580506245	6000.012563839995	5994.471858390749	5996.178483750678	5988.9213495055465	5995.97537856379	6002.187714508135	6003.07150778899	5988.659117915935	5994.471858390749	6004.978842437989	6003.694009667195	5991.963297738691	6003.706819210704	5997.287469690978	6003.291396032335	5987.130181642834	5996.178483750678	6003.694009667195	6004.496907514307	5990.423181458497	6004.1980538848165	5998.28093096226	5988.429229777976	5980.449956848672	5988.9213495055465	5991.963297738691	5990.423181458497	6039.415010674483	5990.464502335719	5989.579374000673	6003.327356303468	5987.3200096133405	5995.97537856379	6003.706819210704	6004.1980538848165	5990.464502335719	6004.232744461586	5998.141087636065	5998.685995683326	5989.546998606793	6002.187714508135	5997.287469690978	5998.28093096226	5989.579374000673	5998.141087636065	6014.546427833242
6003.926896470438	5986.240066179574	5995.510093943206	6002.61341431138	6002.691100850846	5993.627088913592	6002.750951865457	5997.741200256747	5986.240066179574	6030.533314852907	5986.792260530439	5987.558314045137	5985.394577547084	5982.12173297866	5985.6847458080665	5988.564910855893	5995.510093943206	5986.792260530439	6000.284177217565	5993.61203149825	5995.728749400846	5990.989088592394	5995.420798111815	6002.372501495324	6002.61341431138	5987.558314045137	5993.61203149825	6004.9995632204555	6003.180420666958	5996.078210875907	6003.204953164014	5996.347361947972	6002.691100850846	5985.394577547084	5995.728749400846	6003.180420666958	6003.995941277	5994.9072145103555	6003.56005945902	5997.568114907141	5993.627088913592	5982.12173297866	5990.989088592394	5996.078210875907	5994.9072145103555	6024.362337059002	5994.963097930622	5992.202319945258	6002.750951865457	5985.6847458080665	5995.420798111815	6003.204953164014	6003.56005945902	5994.963097930622	6003.619438161639	5997.347233065665	5997.741200256747	5988.564910855893	6002.372501495324	5996.347361947972	5997.568114907141	5992.202319945258	5997.347233065665	6014.8862421106405
5997.771158927443	5993.899941970958	5995.656258976573	5997.691894340534	5997.849815618237	5990.338874324193	5997.744290194323	5997.8139568238485	5993.899941970958	6006.765224511155	5992.660317093714	5993.924781798623	5993.721796012653	5986.856452014852	5993.898946580683	5994.208005894266	5995.656258976573	5992.660317093714	5996.590907357479	5995.550686094624	5996.016608295408	5990.237699138174	5995.655484846148	5997.373423557948	5997.691894340534	5993.924781798623	5995.550686094624	5997.82704698586	5997.813562866099	5990.522547654416	5997.693874023529	5997.770514234788	5997.849815618237	5993.721796012653	5996.016608295408	5997.813562866099	5998.859205785712	5990.134680377268	5997.853130888507	5997.938137613931	5990.338874324193	5986.856452014852	5990.237699138174	5990.522547654416	5990.134680377268	6026.439835102804	5990.358834879765	5990.626207460959	5997.744290194323	5993.898946580683	5995.655484846148	5997.693874023529	5997.853130888507	5990.358834879765	5997.75283632952	5997.812260251791	5997.8139568238485	5994.208005894266	5997.373423557948	5997.770514234788	5997.938137613931	5990.626207460959	5997.812260251791	6004.053148384909
6001.891051075877	5985.045056404245	5998.627396036897	6001.83372956321	6002.298781909105	5988.316419247067	6001.873804875954	6001.765611447981	5985.045056404245	6039.709747847198	5985.60405020039	5985.096334400039	5983.999735065192	5974.099540551261	5985.035627787248	5985.37608991191	5998.627396036897	5985.60405020039	5998.599606170117	5998.576847140321	5999.312170016699	5988.912614471399	5998.627945130308	5999.2051878435805	6001.83372956321	5985.096334400039	5998.576847140321	6001.849848117453	6002.263904763714	5988.409432057352	6001.835632846237	6001.727959743444	6002.298781909105	5983.999735065192	5999.312170016699	6002.263904763714	6003.840257817177	5988.035061788069	6002.301843405638	6002.198648969043	5988.316419247067	5974.099540551261	5988.912614471399	5988.409432057352	5988.035061788069	6050.724700222127	5988.338065360025	5988.430985496701	6001.873804875954	5985.035627787248	5998.627945130308	6001.835632846237	6002.301843405638	5988.338065360025	6001.883569215038	6001.766378828088	6001.765611447981	5985.37608991191	5999.2051878435805	6001.727959743444	6002.198648969043	5988.430985496701	6001.766378828088	6003.956614886239
6002.546031471491	5984.121270727674	5998.0718512470685	6002.508195151971	6002.795735986823	5991.73550752477	6002.517081448201	6002.124020536547	5984.121270727674	6039.467501129217	5985.185202099581	5984.132031360013	5983.031815647147	5976.611716100626	5984.108382744733	5984.525572058355	5998.0718512470685	5985.185202099581	5998.230269531963	5998.058472292891	5998.758132924712	5991.270485268963	5998.073478337419	5998.6613941388005	6002.508195151971	5984.132031360013	5998.058472292891	6002.521992056612	6002.795400531175	5991.780847679444	6002.514757966534	6002.1197803271	6002.795735986823	5983.031815647147	5998.758132924712	6002.795400531175	6004.240820854752	5991.621221159052	6002.804148310148	6002.442596124656	5991.73550752477	5976.611716100626	5991.270485268963	5991.780847679444	5991.621221159052	6035.781068432337	5991.76721537716	5991.776185494878	6002.517081448201	5984.108382744733	5998.073478337419	6002.514757966534	6002.804148310148	5991.76721537716	6002.532905861032	6002.1283506505015	6002.124020536547	5984.525572058355	5998.6613941388005	6002.1197803271	6002.442596124656	5991.776185494878	6002.1283506505015	6004.067751375378
6000.104601647744	5984.4821158390805	5998.266325953656	5999.9140251641375	6000.693498624263	5991.82548688858	6000.075680413315	6000.301542586732	5984.4821158390805	6039.288852343955	5984.874006759304	5984.744426534242	5983.047498395024	5977.530486978965	5984.471751910238	5984.9385878641715	5998.266325953656	5984.874006759304	5998.472709315527	5998.073265803916	5999.107782698732	5991.528003501359	5998.268227863101	5999.152299021353	5999.9140251641375	5984.744426534242	5998.073265803916	5999.996286106125	6000.557376843038	5992.026062267466	5999.917605183725	6000.157410182925	6000.693498624263	5983.047498395024	5999.107782698732	6000.557376843038	6002.780510996157	5991.7530752098755	6000.699813752815	6000.892733794342	5991.82548688858	5977.530486978965	5991.528003501359	5992.026062267466	5991.7530752098755	6033.136814113784	5991.852686393495	5991.982541493242	6000.075680413315	5984.471751910238	5998.268227863101	5999.917605183725	6000.699813752815	5991.852686393495	6000.085818274916	6000.3032998976	6000.301542586732	5984.9385878641715	5999.152299021353	6000.157410182925	6000.892733794342	5991.982541493242	6000.3032998976	6004.031137157805
5999.018098095557	5989.313850043571	5995.161988357173	5998.691950281085	5998.728772459877	5996.883051421376	5998.700446761806	5997.409520045225	5989.313850043571	6018.476661956242	5989.111718056045	5989.380914414359	5988.504422050411	5987.900336130733	5989.31445615833	5990.281948128621	5995.161988357173	5989.111718056045	5997.646692117514	5995.094411723292	5995.925099671039	5994.126702509788	5995.151811615378	5999.335420377983	5998.691950281085	5989.380914414359	5995.094411723292	5998.893273489939	5998.862391632545	5997.061510414096	5998.808246619894	5997.3641332185525	5998.728772459877	5988.504422050411	5995.925099671039	5998.862391632545	6000.410610524158	5997.021844018606	5998.866106147698	5997.759882088598	5996.883051421376	5987.900336130733	5994.126702509788	5997.061510414096	5997.021844018606	6004.517440579015	5997.052478962927	5995.980015047372	5998.700446761806	5989.31445615833	5995.151811615378	5998.808246619894	5998.866106147698	5997.052478962927	5998.82545807024	5997.381519481344	5997.409520045225	5990.281948128621	5999.335420377983	5997.3641332185525	5997.759882088598	5995.980015047372	5997.381519481344	6009.853172913392
5996.920875475665	5994.93954936633	5995.433445348232	5996.9009717990075	5997.158793703212	5990.476927957547	5996.910024422797	5997.241946213064	5994.93954936633	6001.798058378575	5993.765705888875	5994.938216135495	5994.838226086061	5988.650317692728	5994.937959491113	5995.332910992024	5995.433445348232	5993.765705888875	5996.255122373932	5995.41590060266	5996.1196995635155	5990.308090863177	5995.433435424729	5996.913638012695	5996.9009717990075	5994.938216135495	5995.41590060266	5996.9299532089535	5997.157364994129	5990.514696328247	5996.901097936508	5997.235125962057	5997.158793703212	5994.838226086061	5996.1196995635155	5997.157364994129	5999.332025797635	5989.975408675896	5997.160591084364	5997.4605903003185	5990.476927957547	5988.650317692728	5990.308090863177	5990.514696328247	5989.975408675896	6023.406138267084	5990.48225273305	5990.756017760187	5996.910024422797	5994.937959491113	5995.433435424729	5996.901097936508	5997.160591084364	5990.48225273305	5996.922479890497	5997.239753536987	5997.241946213064	5995.332910992024	5996.913638012695	5997.235125962057	5997.4605903003185	5990.756017760187	5997.239753536987	6003.063924717731
5997.84398496049	5995.83289238156	5995.738384707694	5997.822368522621	5998.0191199135	5987.263997480732	5997.826783336867	5997.9038314050385	5995.83289238156	6002.4809470740865	5994.140248815684	5995.83090827968	5995.755133450996	5985.534145988718	5995.830764703955	5995.983944538239	5995.738384707694	5994.140248815684	5996.515437228506	5995.728236369507	5996.376942341314	5987.900876837961	5995.737729075057	5996.883272546245	5997.822368522621	5995.83090827968	5995.728236369507	5997.83379547402	5998.017313023581	5987.301320906022	5997.822106803699	5997.898554356084	5998.0191199135	5995.755133450996	5996.376942341314	5998.017313023581	5999.813243650049	5986.575879713828	5998.020519150893	5998.114271761976	5987.263997480732	5985.534145988718	5987.900876837961	5987.301320906022	5986.575879713828	6039.349924317579	5987.2775397597625	5987.504090819173	5997.826783336867	5995.830764703955	5995.737729075057	5997.822106803699	5998.020519150893	5987.2775397597625	5997.839415150618	5997.9014368440485	5997.9038314050385	5995.983944538239	5996.883272546245	5997.898554356084	5998.114271761976	5987.504090819173	5997.9014368440485	6002.060246362883
5998.67136983806	5995.8745880524975	5995.45110368215	5998.655997579838	5998.6752600771815	5987.802690571181	5998.655494917454	5998.311118490916	5995.8745880524975	6004.336648210662	5993.504316132583	5995.875223761488	5995.695795409516	5985.532828886332	5995.868663046404	5995.736981859141	5995.45110368215	5993.504316132583	5996.539697673756	5995.443691135958	5995.90527571238	5988.595200444031	5995.450987234512	5996.740087270397	5998.655997579838	5995.875223761488	5995.443691135958	5998.665209990553	5998.675137632831	5987.827996969967	5998.654314694807	5998.308471921571	5998.6752600771815	5995.695795409516	5995.90527571238	5998.675137632831	5999.741423059849	5987.430710300039	5998.675407427394	5998.397248171599	5987.802690571181	5985.532828886332	5988.595200444031	5987.827996969967	5987.430710300039	6036.523833847086	5987.8103693828525	5988.1326347406075	5998.655494917454	5995.868663046404	5995.450987234512	5998.654314694807	5998.675407427394	5987.8103693828525	5998.68511146559	5998.306344946229	5998.311118490916	5995.736981859141	5996.740087270397	5998.308471921571	5998.397248171599	5988.1326347406075	5998.306344946229	6002.284178193995
5999.076758692282	5992.969640476728	5996.939920460177	5998.9722366366495	5999.567814266199	5985.996847877914	5999.070354022347	5999.162795953637	5992.969640476728	6013.184897417876	5991.850855476496	5992.995058774255	5992.366706755603	5981.140917888601	5992.955394162871	5993.234391114218	5996.939920460177	5991.850855476496	5997.494818770201	5996.803490727704	5997.937443918166	5986.761878924991	5996.942180389268	5997.893137092712	5998.9722366366495	5992.995058774255	5996.803490727704	5999.074994516874	5999.5000684485685	5986.311672834848	5998.972799212301	5999.07259539109	5999.567814266199	5992.366706755603	5997.937443918166	5999.5000684485685	6002.232719172961	5985.010468506772	5999.572160314407	5999.661242860638	5985.996847877914	5981.140917888601	5986.761878924991	5986.311672834848	5985.010468506772	6050.1214373736	5985.996559564507	5986.183990214617	5999.070354022347	5992.955394162871	5996.942180389268	5998.972799212301	5999.572160314407	5985.996559564507	5999.115222637923	5999.158941978399	5999.162795953637	5993.234391114218	5997.893137092712	5999.07259539109	5999.661242860638	5986.183990214617	5999.158941978399	6002.799654344302
5997.858243817611	5993.914590023096	5995.734477883501	5997.842261353558	5998.020737265468	5989.8920093150355	5997.849398333677	5997.878241827818	5993.914590023096	6007.095389742348	5992.602686436692	5993.917777390312	5993.651435454564	5986.30539987229	5993.909136935334	5994.027488563989	5995.734477883501	5992.602686436692	5996.3685960301655	5995.71853419822	5996.271844482804	5989.87072336478	5995.735253487897	5996.354209967791	5997.842261353558	5993.917777390312	5995.71853419822	5997.86220771407	5998.016298869874	5989.9244251464015	5997.841802205097	5997.870802344959	5998.020737265468	5993.651435454564	5996.271844482804	5998.016298869874	5999.5032532245095	5989.522142833422	5998.021921292956	5998.05790406911	5989.8920093150355	5986.30539987229	5989.87072336478	5989.9244251464015	5989.522142833422	6028.807995710865	5989.895121390273	5989.995833783187	5997.849398333677	5993.909136935334	5995.735253487897	5997.841802205097	5998.021921292956	5989.895121390273	5997.8728102127525	5997.876457469233	5997.878241827818	5994.027488563989	5996.354209967791	5997.870802344959	5998.05790406911	5989.995833783187	5997.876457469233	6000.129287599337
