43078.5201075877	43078.30013321826	43078.33894642565	43078.46065015274	43078.30013321826	43078.18210279814	43078.203252885134	43078.32482177104	43078.33894642565	43078.203252885134	43078.252188185	43078.3638208839	43078.46065015274	43078.32482177104	43078.3638208839	43078.51224093156
43083.61868755014	43080.69487053685	43080.7162715788	43080.84281802922	43080.69487053685	43079.30638030424	43079.31499164999	43079.440369743716	43080.7162715788	43079.31499164999	43079.34777916757	43079.46249200692	43080.84281802922	43079.440369743716	43079.46249200692	43079.61506993421
43078.73910576435	43078.46624452922	43078.467242753526	43078.63653685591	43078.46624452922	43078.32970891433	43078.3210802028	43078.49018771439	43078.467242753526	43078.3210802028	43078.33725860563	43078.491555857545	43078.63653685591	43078.49018771439	43078.491555857545	43078.69743187553
43078.40132493825	43078.30897116989	43078.32716148325	43078.49027194106	43078.30897116989	43078.24941701705	43078.24832835575	43078.411164044075	43078.32716148325	43078.24832835575	43078.289013289235	43078.42979518131	43078.49027194106	43078.411164044075	43078.42979518131	43078.62341859979
43080.38121838177	43079.68105543251	43080.28972266276	43080.4345198878	43079.68105543251	43079.18784702934	43079.60302848436	43079.74394876847	43080.28972266276	43079.60302848436	43080.23502231903	43080.35245511594	43080.4345198878	43079.74394876847	43080.35245511594	43080.51655322186
43089.47798112709	43086.16644028645	43089.28158239943	43089.519148824904	43086.16644028645	43083.813214007205	43086.007443481314	43086.21861413674	43089.28158239943	43086.007443481314	43089.13174299365	43089.331682701064	43089.519148824904	43086.21861413674	43089.331682701064	43089.58678659107
43078.77286745637	43078.58274059689	43078.67208421645	43078.8563009863	43078.58274059689	43078.45129390731	43078.491847671685	43078.67473511193	43078.67208421645	43078.491847671685	43078.61738466554	43078.76463424403	43078.8563009863	43078.67473511193	43078.76463424403	43078.97544873958
43078.49988702833	43078.42906387355	43078.40293654821	43078.621716602975	43078.42906387355	43078.385697802834	43078.34772728329	43078.56626155458	43078.40293654821	43078.34772728329	43078.35355823383	43078.54105324015	43078.621716602975	43078.56626155458	43078.54105324015	43078.800085664
43078.63995213843	43078.567167455105	43078.54929449486	43078.80141673579	43078.567167455105	43078.520909263076	43078.48882789803	43078.74067343841	43078.54929449486	43078.48882789803	43078.50316780664	43078.72391870769	43078.80141673579	43078.74067343841	43078.72391870769	43079.02519388279
43078.48909341539	43078.391216957796	43078.42499759069	43078.60251152835	43078.391216957796	43078.329579857134	43078.34437101842	43078.52175380249	43078.42499759069	43078.34437101842	43078.392892587435	43078.555868927906	43078.60251152835	43078.52175380249	43078.555868927906	43078.77250029474
43078.40856388158	43078.30088522358	43078.341832484846	43078.48972423426	43078.30088522358	43078.230675374005	43078.24805351552	43078.395679238354	43078.341832484846	43078.24805351552	43078.30756923373	43078.43693832253	43078.48972423426	43078.395679238354	43078.43693832253	43078.613496119564
43078.406447547095	43078.32827258264	43078.22172566483	43078.44460767852	43078.32827258264	43078.27965597286	43078.16021719273	43078.38237275455	43078.22172566483	43078.16021719273	43078.12405198685	43078.27677502403	43078.44460767852	43078.38237275455	43078.27677502403	43078.51765376685
43080.567021356095	43080.450286139225	43079.33831302487	43080.536142585814	43080.450286139225	43080.37958552252	43079.259880294114	43080.4528620776	43079.33831302487	43079.259880294114	43078.67424244273	43079.344608040265	43080.536142585814	43080.4528620776	43079.344608040265	43080.549613513096
43080.92807833964	43080.79087158461	43079.56589410826	43080.89694111783	43080.79087158461	43080.70200290569	43079.46693356458	43080.789759650404	43079.56589410826	43079.46693356458	43078.822822913935	43079.568047221095	43080.89694111783	43080.789759650404	43079.568047221095	43080.90464230396
43080.38182365734	43080.24772908242	43079.29839757389	43080.37076576602	43080.24772908242	43080.156818231066	43079.1932814757	43080.25733314446	43079.29839757389	43079.1932814757	43078.70469382159	43079.310904055674	43080.37076576602	43080.25733314446	43079.310904055674	43080.389613779684
43078.276132058665	43078.161420959455	43078.16375219821	43078.28827179358	43078.161420959455	43078.088296937814	43078.06835108502	43078.192275356676	43078.16375219821	43078.06835108502	43078.10484447523	43078.19489920575	43078.28827179358	43078.192275356676	43078.19489920575	43078.33208857199
43078.3649051323	43078.25114436411	43078.298074777216	43078.42868430152	43078.25114436411	43078.178820259935	43078.20292582021	43078.333344272985	43078.298074777216	43078.20292582021	43078.26436378378	43078.380487852075	43078.42868430152	43078.333344272985	43078.380487852075	43078.53755798043
43078.440036717766	43078.31054542575	43078.378329319785	43078.51259656932	43078.31054542575	43078.22549182821	43078.26399716886	43078.39801223626	43078.378329319785	43078.26399716886	43078.34680652688	43078.46599907568	43078.51259656932	43078.39801223626	43078.46599907568	43078.627308477
43078.35841977172	43078.258697690995	43078.26002745728	43078.41474336198	43078.258697690995	43078.193269304546	43078.1730000594	43078.32716901483	43078.26002745728	43078.1730000594	43078.20822036539	43078.32898479505	43078.41474336198	43078.32716901483	43078.32898479505	43078.50485020494
43078.31282126055	43078.20922411258	43078.232582103105	43078.36401365645	43078.20922411258	43078.14216536742	43078.14372519104	43078.274789793606	43078.232582103105	43078.14372519104	43078.190939104956	43078.2984674493	43078.36401365645	43078.274789793606	43078.2984674493	43078.450866990504
43078.35442098929	43078.2274172675	43078.2814114287	43078.399571300535	43078.2274172675	43078.14821831344	43078.178538017935	43078.296528401675	43078.2814114287	43078.178538017935	43078.24505283146	43078.350685855185	43078.399571300535	43078.296528401675	43078.350685855185	43078.49312789798
43078.352414973015	43078.240588754685	43078.2719813444	43078.40658812334	43078.240588754685	43078.17363755527	43078.18759128022	43078.32206652177	43078.2719813444	43078.18759128022	43078.23221018435	43078.3536827208	43078.40658812334	43078.32206652177	43078.3536827208	43078.516678005944
43078.29902742304	43078.18612503937	43078.21584258858	43078.33622818588	43078.18612503937	43078.1184418969	43078.130501358304	43078.25073066779	43078.21584258858	43078.130501358304	43078.174527066745	43078.28065701351	43078.33622818588	43078.25073066779	43078.28065701351	43078.42491712024
43078.44213208491	43078.20706895589	43078.2121248997	43078.31900958145	43078.20706895589	43078.086423586574	43078.07941088159	43078.186146329135	43078.2121248997	43078.07941088159	43078.10133595994	43078.19141648124	43078.31900958145	43078.186146329135	43078.19141648124	43078.31704352819
43078.35765928261	43078.26041515574	43078.26968935778	43078.42219884434	43078.26041515574	43078.20385733997	43078.20007622241	43078.35245146814	43078.26968935778	43078.20007622241	43078.22604490815	43078.362066092894	43078.42219884434	43078.35245146814	43078.362066092894	43078.54580580669
43078.53380309563	43078.406794398885	43078.43754913135	43078.613543686304	43078.406794398885	43078.33411655565	43078.34908705887	43078.52499222512	43078.43754913135	43078.34908705887	43078.39084437108	43078.556008602805	43078.613543686304	43078.52499222512	43078.556008602805	43078.77293543652
43078.53386586913	43078.309180954995	43078.3684103627	43078.48305417054	43078.309180954995	43078.184570783764	43078.22073513894	43078.33524171528	43078.3684103627	43078.22073513894	43078.289139187465	43078.39463184537	43078.48305417054	43078.33524171528	43078.39463184537	43078.53463069513
43078.445399688906	43078.23985760961	43078.25443407423	43078.37329952639	43078.23985760961	43078.13254170972	43078.13432503311	43078.2530525156	43078.25443407423	43078.13432503311	43078.162563438505	43078.26785053915	43078.37329952639	43078.2530525156	43078.26785053915	43078.41059723571
43078.336439841645	43078.216703248385	43078.22799094312	43078.36250622101	43078.216703248385	43078.14972982862	43078.14816202846	43078.28254691176	43078.22799094312	43078.14816202846	43078.17479648349	43078.2941064135	43078.36250622101	43078.28254691176	43078.2941064135	43078.45576555946
43078.47790005601	43078.39139886007	43078.40696347905	43078.59472329578	43078.39139886007	43078.33830643106	43078.33884264673	43078.52646921897	43078.40696347905	43078.33884264673	43078.371474319334	43078.542474518115	43078.59472329578	43078.52646921897	43078.542474518115	43078.77079928603
43078.49425555649	43078.3989677957	43078.43015669514	43078.61146588571	43078.3989677957	43078.338085453346	43078.349791422464	43078.530936248455	43078.43015669514	43078.349791422464	43078.39776828459	43078.56251491122	43078.61146588571	43078.530936248455	43078.56251491122	43078.78273931511
43078.518305311925	43078.371110153945	43078.38518133856	43078.55358235725	43078.371110153945	43078.291881146666	43078.29388826725	43078.46217271704	43078.38518133856	43078.29388826725	43078.320872217126	43078.47655782126	43078.55358235725	43078.46217271704	43078.47655782126	43078.682709635
43104.187315419906	43090.379223878306	43090.39024958651	43090.52374564998	43090.379223878306	43083.8639562531	43083.86480739724	43083.993562804506	43090.39024958651	43083.86480739724	43083.88966428164	43084.00636040315	43090.52374564998	43083.993562804506	43084.00636040315	43084.16154820856
43104.14770621931	43090.343819651	43090.35127676768	43090.477702124605	43090.343819651	43083.83246594307	43083.82973063614	43083.952407105804	43090.35127676768	43083.82973063614	43083.85169294327	43083.961055962594	43090.477702124605	43083.952407105804	43083.961055962594	43084.1080256337
43078.58280015883	43078.266776845274	43078.28385891167	43078.382498883395	43078.266776845274	43078.106574567115	43078.1097947162	43078.20827922591	43078.28385891167	43078.1097947162	43078.14101630668	43078.22555687141	43078.382498883395	43078.20827922591	43078.22555687141	43078.34230760422
43078.30675109518	43078.150036145904	43078.17240832903	43078.275579989284	43078.150036145904	43078.06349674468	43078.07038137449	43078.17340162966	43078.17240832903	43078.07038137449	43078.10698983133	43078.1959569872	43078.275579989284	43078.17340162966	43078.1959569872	43078.31840166931
43078.27333820982	43078.14251533559	43078.16472854273	43078.27213702187	43078.14251533559	43078.06784774986	43078.074202664735	43078.18145301249	43078.16472854273	43078.074202664735	43078.11132000058	43078.20385955575	43078.27213702187	43078.18145301249	43078.20385955575	43078.331284235464
43078.22745529127	43078.11332274052	43078.129823422685	43078.23570460206	43078.11332274052	43078.04296188776	43078.03966712304	43078.14520157388	43078.129823422685	43078.03966712304	43078.07986660681	43078.16192324638	43078.23570460206	43078.14520157388	43078.16192324638	43078.281956047955
43078.45586628757	43078.362895291255	43078.25016997313	43078.48136216798	43078.362895291255	43078.302931211154	43078.17292029446	43078.40295878423	43078.25016997313	43078.17292029446	43078.14004947528	43078.29106496015	43078.48136216798	43078.40295878423	43078.29106496015	43078.53619323251
43078.32228992978	43078.23068599024	43078.168334166265	43078.34358903129	43078.23068599024	43078.17314478949	43078.09462220141	43078.26917108038	43078.168334166265	43078.09462220141	43078.08691631685	43078.20738023937	43078.34358903129	43078.26917108038	43078.20738023937	43078.39688391137
43078.26047904313	43078.15660769812	43078.17796200162	43078.29597425398	43078.15660769812	43078.091003197536	43078.09237970348	43078.21008328484	43078.17796200162	43078.09237970348	43078.13556737683	43078.23169838117	43078.29597425398	43078.21008328484	43078.23169838117	43078.368310118436
43078.399999906156	43078.28515395028	43078.33598185166	43078.473897582	43078.28515395028	43078.2108263434	43078.23705040416	43078.374745803376	43078.33598185166	43078.23705040416	43078.303418345306	43078.42581012105	43078.473897582	43078.374745803376	43078.42581012105	43078.59151504013
43078.59816884403	43078.42266406846	43078.53208733515	43078.66844831832	43078.42266406846	43078.303200189504	43078.368305708675	43078.504097293895	43078.53208733515	43078.368305708675	43078.49719917698	43078.6137351912	43078.66844831832	43078.504097293895	43078.6137351912	43078.77461007317
43078.380061479606	43078.27431836033	43078.30099007992	43078.44807688994	43078.27431836033	43078.20477942948	43078.20793438997	43078.354611644434	43078.30099007992	43078.20793438997	43078.25974517972	43078.381672349664	43078.44807688994	43078.354611644434	43078.381672349664	43078.55316358241
43078.35260029374	43078.25501766279	43078.27020860637	43078.41877113174	43078.25501766279	43078.19154666483	43078.18591361634	43078.334094684054	43078.27020860637	43078.18591361634	43078.22733454974	43078.34970078036	43078.41877113174	43078.334094684054	43078.34970078036	43078.522479828214
43078.413564468734	43078.29552795831	43078.34940764024	43078.488106947254	43078.29552795831	43078.21827416702	43078.245888125246	43078.3843243955	43078.34940764024	43078.245888125246	43078.31652766628	43078.43845405379	43078.488106947254	43078.3843243955	43078.43845405379	43078.60437799061
43079.33891686064	43078.97357292542	43079.2701165662	43079.43262415244	43078.97357292542	43078.71854079364	43078.91531091221	43079.076490163476	43079.2701165662	43078.91531091221	43079.23198797106	43079.373063389714	43079.43262415244	43079.076490163476	43079.373063389714	43079.56548166788
43078.60714716958	43078.478953300546	43078.54987263901	43078.72852789431	43078.478953300546	43078.39375554784	43078.43436453777	43078.61280718028	43078.54987263901	43078.43436453777	43078.52062583255	43078.684012133985	43078.72852789431	43078.61280718028	43078.684012133985	43078.90158614974
43078.40225408308	43078.30356862573	43078.330591283026	43078.48710825271	43078.30356862573	43078.23944688189	43078.24525169135	43078.40148181706	43078.330591283026	43078.24525169135	43078.29367326318	43078.42889596319	43078.48710825271	43078.40148181706	43078.42889596319	43078.61474879124
43078.40468903571	43078.31793015362	43078.25660684607	43078.45610234287	43078.31793015362	43078.26156947695	43078.18289107533	43078.381607384545	43078.25660684607	43078.18289107533	43078.17802433367	43078.32110096575	43078.45610234287	43078.381607384545	43078.32110096575	43078.54034681342
43078.7285691282	43078.65142883119	43078.426329931826	43078.785149603034	43078.65142883119	43078.601236179566	43078.36256918446	43078.719890521425	43078.426329931826	43078.36256918446	43078.26501023913	43078.49688866434	43078.785149603034	43078.719890521425	43078.49688866434	43078.87613021812
43078.56853943299	43078.49810844507	43078.42225880878	43078.680137984724	43078.49810844507	43078.453118198166	43078.36398302958	43078.621288297516	43078.42225880878	43078.36398302958	43078.34610223986	43078.5469753734	43078.680137984724	43078.621288297516	43078.5469753734	43078.84017154081
43078.58834282754	43078.50415639961	43078.511954207825	43078.73384456504	43078.50415639961	43078.44962545534	43078.43957196801	43078.661201791285	43078.511954207825	43078.43957196801	43078.472928036834	43078.6697599257	43078.73384456504	43078.661201791285	43078.6697599257	43078.93639772885
43078.74928937699	43078.648996256125	43078.684435367344	43078.930138615506	43078.648996256125	43078.582717101024	43078.59502985881	43078.84051694112	43078.684435367344	43078.59502985881	43078.651490813114	43078.87663778858	43078.930138615506	43078.84051694112	43078.87663778858	43079.176196974135
43078.689873307245	43078.56084856883	43078.63222607161	43078.832558320726	43078.56084856883	43078.474533077606	43078.51473040305	43078.71483734359	43078.63222607161	43078.51473040305	43078.60271793971	43078.786571964876	43078.832558320726	43078.71483734359	43078.786571964876	43079.030936503805
43078.5420268538	43078.44764497146	43078.47841049003	43078.67320427982	43078.44764497146	43078.38693190832	43078.39790709924	43078.592531951224	43078.47841049003	43078.39790709924	43078.44622457639	43078.623741085576	43078.67320427982	43078.592531951224	43078.623741085576	43078.86065624383
43078.3298242157	43078.241899058456	43078.248497014865	43078.399359181574	43078.241899058456	43078.18879152911	43078.18127489226	43078.33196194726	43078.248497014865	43078.18127489226	43078.207502173434	43078.33893618974	43078.399359181574	43078.33196194726	43078.33893618974	43078.51881413123
43078.41882195242	43078.21348307106	43078.220364325774	43078.33533758715	43078.21348307106	43078.10696935976	43078.101944511676	43078.21677516804	43078.220364325774	43078.101944511676	43078.12463428115	43078.22388633418	43078.33533758715	43078.21677516804	43078.22388633418	43078.36042497135
43078.378135122926	43078.261511823046	43078.27635459817	43078.42224498241	43078.261511823046	43078.195745878744	43078.19738703664	43078.34315806357	43078.27635459817	43078.19738703664	43078.22651055234	43078.35828349224	43078.42224498241	43078.34315806357	43078.35828349224	43078.53503286719
43078.453545068696	43078.318246589784	43078.35568006877	43078.50309632846	43078.318246589784	43078.240129597994	43078.259903960214	43078.40721786483	43078.35568006877	43078.259903960214	43078.30811743181	43078.44485720792	43078.50309632846	43078.40721786483	43078.44485720792	43078.62558770073
43078.5387612921	43078.42369668943	43078.44426851832	43078.63184505802	43078.42369668943	43078.358360390754	43078.365290014415	43078.55277346534	43078.44426851832	43078.365290014415	43078.39829351392	43078.573675813226	43078.63184505802	43078.55277346534	43078.573675813226	43078.804496425415
43078.53895585896	43078.31605595184	43078.35485242823	43078.480152926226	43078.31605595184	43078.196725118134	43078.217953179636	43078.3431187654	43078.35485242823	43078.217953179636	43078.26673813362	43078.38210491536	43078.480152926226	43078.3431187654	43078.38210491536	43078.53517131987
43078.57930346377	43078.39306244694	43078.410478742626	43078.57405248127	43078.39306244694	43078.295137359324	43078.30012766895	43078.46356953777	43078.410478742626	43078.30012766895	43078.329444480936	43078.4812712287	43078.57405248127	43078.46356953777	43078.4812712287	43078.68185254115
43078.68446274909	43078.581238049956	43078.613816516525	43078.84173364861	43078.581238049956	43078.51908497813	43078.53497715611	43078.76283563673	43078.613816516525	43078.53497715611	43078.579297394426	43078.79577359722	43078.84173364861	43078.76283563673	43078.79577359722	43079.078275274966
43079.72612110527	43079.607530302266	43079.675701880544	43080.16174342227	43079.607530302266	43079.52853287677	43079.56755910916	43080.053765205535	43079.675701880544	43079.56755910916	43079.65161662967	43080.1228738847	43080.16174342227	43080.053765205535	43080.1228738847	43080.73125315745
43079.386048963206	43079.24261914705	43079.338032307	43079.708679216856	43079.24261914705	43079.14663408592	43079.20642036755	43079.57719643077	43079.338032307	43079.20642036755	43079.31445103292	43079.67299907106	43079.708679216856	43079.57719643077	43079.67299907106	43080.136455828266
43078.74084551264	43078.51106931315	43078.64935028229	43078.7847210647	43078.51106931315	43078.36601937693	43078.45880278376	43078.594064349956	43078.64935028229	43078.45880278376	43078.60493230591	43078.732395919105	43078.7847210647	43078.594064349956	43078.732395919105	43078.89946317268
43078.67124943611	43078.518184791945	43078.55383610083	43078.75158542328	43078.518184791945	43078.432759492105	43078.4520220239	43078.64968275967	43078.55383610083	43078.4520220239	43078.49737688034	43078.68559295089	43078.75158542328	43078.64968275967	43078.68559295089	43078.930899077954
43078.57952150418	43078.44629593876	43078.4767832722	43078.66204379984	43078.44629593876	43078.37092815897	43078.38591971851	43078.571092298815	43078.4767832722	43078.38591971851	43078.4270974073	43078.60185031812	43078.66204379984	43078.571092298815	43078.60185031812	43078.83073025521
43078.57077134796	43078.409296690625	43078.45670594624	43078.61828156964	43078.409296690625	43078.317272295884	43078.34502923271	43078.50651196429	43078.45670594624	43078.34502923271	43078.40174281857	43078.55411175867	43078.61828156964	43078.50651196429	43078.55411175867	43078.75369031058
43078.729258183914	43078.57699765489	43078.60646863142	43078.82279056174	43078.57699765489	43078.49324360511	43078.50794376761	43078.724170726	43078.60646863142	43078.50794376761	43078.54750022574	43078.75394839409	43078.82279056174	43078.724170726	43078.75394839409	43079.02262256045
43078.53361000968	43078.32124996804	43078.38432329436	43078.50358554587	43078.32124996804	43078.20163747993	43078.24063439984	43078.35976648581	43078.38432329436	43078.24063439984	43078.31269033646	43078.422992996406	43078.50358554587	43078.35976648581	43078.422992996406	43078.56897357854
43078.4924844691	43078.38243176205	43078.41600858229	43078.58834991284	43078.38243176205	43078.3165962991	43078.3329880058	43078.50523668231	43078.41600858229	43078.3329880058	43078.37847132278	43078.539080498645	43078.58834991284	43078.50523668231	43078.539080498645	43078.750835519466
43078.346950952604	43078.21821373015	43078.26218369508	43078.38155181904	43078.21821373015	43078.14091324532	43078.164502789215	43078.2837301753	43078.26218369508	43078.164502789215	43078.22045020114	43078.32787112889	43078.38155181904	43078.2837301753	43078.32787112889	43078.47221500173
43078.366042527356	43078.24461486754	43078.2721649081	43078.40714525741	43078.24461486754	43078.17436620141	43078.18596186894	43078.32082238695	43078.2721649081	43078.18596186894	43078.22617807317	43078.34859537022	43078.40714525741	43078.32082238695	43078.34859537022	43078.51241234898
43078.40856362916	43078.256087864385	43078.28916976773	43078.41751372104	43078.256087864385	43078.17064369493	43078.18704265917	43078.31526819224	43078.28916976773	43078.18704265917	43078.231349104215	43078.34854331668	43078.41751372104	43078.31526819224	43078.34854331668	43078.50477108923
43078.577127271274	43078.29181617502	43078.340768805436	43078.44044254538	43078.29181617502	43078.14061362016	43078.16895678262	43078.26847068035	43078.340768805436	43078.16895678262	43078.22799097487	43078.317607981684	43078.44044254538	43078.26847068035	43078.317607981684	43078.438050282384
43078.393282159464	43078.26257613448	43078.288884906855	43078.426958876575	43078.26257613448	43078.188493739966	43078.19949517826	43078.33745460326	43078.288884906855	43078.19949517826	43078.23803297755	43078.36398902046	43078.426958876575	43078.33745460326	43078.36398902046	43078.5320000945
43078.31837061681	43078.16669278085	43078.19349753676	43078.30053485786	43078.16669278085	43078.08200158984	43078.092652985135	43078.19954656164	43078.19349753676	43078.092652985135	43078.1327037371	43078.22653248509	43078.30053485786	43078.19954656164	43078.22653248509	43078.35447814829
43078.29221641079	43078.17733034573	43078.205106762136	43078.32341506252	43078.17733034573	43078.109141850924	43078.11978684414	43078.23794048179	43078.205106762136	43078.11978684414	43078.16193408267	43078.265923927356	43078.32341506252	43078.23794048179	43078.265923927356	43078.40751173697
43078.26350043026	43078.1455401568	43078.17995382393	43078.2862541743	43078.1455401568	43078.07360159435	43078.088150151176	43078.19424607251	43078.17995382393	43078.088150151176	43078.1381260037	43078.228844058984	43078.2862541743	43078.19424607251	43078.228844058984	43078.354399033145
43078.43412748572	43078.34962116135	43078.33305708742	43078.52325794179	43078.34962116135	43078.2946980012	43078.26046656658	43078.45020844767	43078.33305708742	43078.26046656658	43078.28029032801	43078.434397225516	43078.52325794179	43078.45020844767	43078.434397225516	43078.65412227684
43078.40956272154	43078.30860812249	43078.33473254611	43078.49242215483	43078.30860812249	43078.242482993846	43078.246364062405	43078.40371179291	43078.33473254611	43078.246364062405	43078.2959439345	43078.43025565017	43078.49242215483	43078.40371179291	43078.43025565017	43078.61631792743
43078.70029825653	43078.60161237869	43078.64186063645	43078.87321089328	43078.60161237869	43078.53796589341	43078.557144313585	43078.78838884712	43078.64186063645	43078.557144313585	43078.61262810354	43078.8290929149	43078.87321089328	43078.78838884712	43078.8290929149	43079.11387831904
43078.79422865168	43078.69187387575	43078.71821592207	43078.978684961396	43078.69187387575	43078.63164332142	43078.64315711271	43078.90357465015	43078.71821592207	43078.64315711271	43078.68132399316	43078.93035335084	43078.978684961396	43078.90357465015	43078.93035335084	43079.25418125822
43078.51880607529	43078.364311033314	43078.39801905284	43078.554778490696	43078.364311033314	43078.278262789594	43078.29568091612	43078.452336701106	43078.39801905284	43078.29568091612	43078.33976329339	43078.48626660153	43078.554778490696	43078.452336701106	43078.48626660153	43078.67910324801
43078.51743145973	43078.362947409005	43078.378589366104	43078.542406809465	43078.362947409005	43078.28007039003	43078.283382516165	43078.447081550905	43078.378589366104	43078.283382516165	43078.31160502395	43078.46302033423	43078.542406809465	43078.447081550905	43078.46302033423	43078.66353711293
43078.48887345247	43078.390715741356	43078.39390782572	43078.58379448853	43078.390715741356	43078.33526068966	43078.32725041806	43078.51702200058	43078.39390782572	43078.32725041806	43078.34723264886	43078.52067599421	43078.58379448853	43078.51702200058	43078.52067599421	43078.75190359369
43078.534679868746	43078.437468091484	43078.43571974296	43078.6404583815	43078.437468091484	43078.383083933586	43078.370915216365	43078.57553614862	43078.43571974296	43078.370915216365	43078.38713249052	43078.57433090993	43078.6404583815	43078.57553614862	43078.57433090993	43078.82376137597
43078.548406158836	43078.47171446301	43078.45856001584	43078.68210660482	43078.47171446301	43078.426753589294	43078.40297276927	43078.626367700526	43078.45856001584	43078.40297276927	43078.41370688898	43078.6139870196	43078.68210660482	43078.626367700526	43078.6139870196	43078.883883692164
43078.31422166123	43078.2291820579	43078.217190722586	43078.372937513974	43078.2291820579	43078.17933694476	43078.15563701275	43078.31119004328	43078.217190722586	43078.15563701275	43078.16816706532	43078.29966409114	43078.372937513974	43078.31119004328	43078.29966409114	43078.48288242231
43078.353706437476	43078.27921847093	43078.22611710245	43078.41475133099	43078.27921847093	43078.23455488709	43078.17038674427	43078.35867376437	43078.22611710245	43078.17038674427	43078.16014629458	43078.30636807419	43078.41475133099	43078.35867376437	43078.30636807419	43078.52048215514
43078.444626958575	43078.36964290668	43078.241457341945	43078.4851260005	43078.36964290668	43078.32475338094	43078.18618563785	43078.42922992084	43078.241457341945	43078.18618563785	43078.13472715584	43078.30221349456	43078.4851260005	43078.42922992084	43078.30221349456	43078.566019916994
43079.75383336559	43079.67760418825	43078.942144777924	43079.78703053229	43079.67760418825	43079.628616827635	43078.88475592967	43079.72641781212	43078.942144777924	43078.88475592967	43078.50722098102	43078.9961778559	43079.78703053229	43079.72641781212	43078.9961778559	43079.85580640305
43079.03287402498	43078.951700968704	43078.55496119951	43079.064152352614	43078.951700968704	43078.89916364385	43078.49030631429	43078.99717640584	43078.55496119951	43078.49030631429	43078.298014261265	43078.602981796015	43079.064152352614	43078.99717640584	43078.602981796015	43079.1267745473
43078.27954397864	43078.18911781002	43078.181591937566	43078.3234257804	43078.18911781002	43078.13186173341	43078.10707599524	43078.248513964085	43078.181591937566	43078.10707599524	43078.13060265279	43078.24140420458	43078.3234257804	43078.248513964085	43078.24140420458	43078.402778002586
43078.34602416534	43078.202844470456	43078.274043312085	43078.374631603845	43078.202844470456	43078.11026335355	43078.150981425	43078.251258458455	43078.274043312085	43078.150981425	43078.23742193379	43078.322602422806	43078.374631603845	43078.251258458455	43078.322602422806	43078.440911624995
43078.46412653872	43078.29113719006	43078.386828021685	43078.49401120941	43078.29113719006	43078.17482509418	43078.22887896973	43078.335393647176	43078.386828021685	43078.22887896973	43078.34606658433	43078.431259473546	43078.49401120941	43078.335393647176	43078.431259473546	43078.553730579566
43078.33591022695	43078.23181510306	43078.19019224953	43078.35424806857	43078.23181510306	43078.16490506563	43078.10310343414	43078.266322501484	43078.19019224953	43078.10310343414	43078.112753756366	43078.22517103048	43078.35424806857	43078.266322501484	43078.22517103048	43078.40219782352
43078.315333655046	43078.23106172959	43078.1703558691	43078.34678486895	43078.23106172959	43078.17858691523	43078.103411574026	43078.279258456474	43078.1703558691	43078.103411574026	43078.0940516811	43078.21917507076	43078.34678486895	43078.279258456474	43078.21917507076	43078.41233777365
43078.38660739102	43078.273607231946	43078.23097607211	43078.40456594381	43078.273607231946	43078.19980232312	43078.134189945275	43078.30671754339	43078.23097607211	43078.134189945275	43078.147696997796	43078.26457858699	43078.40456594381	43078.30671754339	43078.26457858699	43078.45051097073
43079.96236853774	43079.682703760955	43079.32385407571	43079.966836408465	43079.682703760955	43079.48218982511	43079.071572346314	43079.70074652862	43079.32385407571	43079.071572346314	43078.96001827737	43079.3434637601	43079.966836408465	43079.70074652862	43079.3434637601	43079.993911968886
43080.7722591907	43080.40839226141	43079.89393200922	43080.77607907331	43080.40839226141	43080.14155183983	43079.5671291535	43080.42524732354	43079.89393200922	43079.5671291535	43079.384734309235	43079.91288925816	43080.77607907331	43080.42524732354	43079.91288925816	43080.80183342431
43078.26553826276	43078.16640906287	43078.16596972047	43078.29669744288	43078.16640906287	43078.10333721071	43078.08363219835	43078.21391214567	43078.16596972047	43078.08363219835	43078.1140159839	43078.21381861135	43078.29669744288	43078.21391214567	43078.21381861135	43078.3611106362
43078.4096836168	43078.30692253352	43078.3355536662	43078.4913106316	43078.30692253352	43078.24475925216	43078.25657013842	43078.41220725676	43078.3355536662	43078.25657013842	43078.298811407214	43078.44111316045	43078.4913106316	43078.41220725676	43078.44111316045	43078.630776402024
43078.23872396836	43078.14576101903	43078.11892215531	43078.25639320495	43078.14576101903	43078.091497451576	43078.05232642093	43078.18950867324	43078.11892215531	43078.05232642093	43078.057652492	43078.16306958565	43078.25639320495	43078.18950867324	43078.16306958565	43078.31840166931
43079.82898176198	43079.726510617766	43078.97160428599	43079.83138076131	43079.726510617766	43079.6590178592	43078.89218991007	43079.74705538633	43078.97160428599	43078.89218991007	43078.50585934698	43078.995175066375	43079.83138076131	43079.74705538633	43078.995175066375	43079.863586603315
43079.36609976445	43079.28113842812	43078.728438025995	43079.389444977394	43079.28113842812	43079.22567955789	43078.661538847184	43079.31936740883	43078.728438025995	43078.661538847184	43078.38447538385	43078.76980115415	43079.389444977394	43079.31936740883	43078.76980115415	43079.44338069137
43084.651387584345	43084.59318530819	43084.547018932506	43086.43719170728	43084.59318530819	43084.556621639094	43084.49883822799	43086.38911158244	43084.547018932506	43084.49883822799	43084.55718266132	43086.381449307555	43086.43719170728	43086.38911158244	43086.381449307555	43088.74192799301
43091.620189260764	43091.56540756731	43091.947088443536	43095.54026774263	43091.56540756731	43091.533899972	43091.90826333645	43095.501531764414	43091.947088443536	43091.90826333645	43092.87540037411	43096.32444535458	43095.54026774263	43095.501531764414	43096.32444535458	43100.80046048854
43078.44792769012	43078.36223172644	43078.29929522382	43078.51165239464	43078.36223172644	43078.30618300878	43078.22570861841	43078.43726587578	43078.29929522382	43078.22570861841	43078.22048842809	43078.37528647355	43078.51165239464	43078.43726587578	43078.37528647355	43078.610166650484
43078.310778626124	43078.19624973611	43078.19756308653	43078.33192275883	43078.19624973611	43078.121864595516	43078.09946561447	43078.233133877206	43078.19756308653	43078.09946561447	43078.137724097	43078.234787237074	43078.33192275883	43078.233133877206	43078.234787237074	43078.38270909011
43078.30005306238	43078.16585563406	43078.15113559653	43078.27917699311	43078.16585563406	43078.08406487473	43078.04791191624	43078.175267409795	43078.15113559653	43078.04791191624	43078.073781361185	43078.160812890055	43078.27917699311	43078.175267409795	43078.160812890055	43078.298530622815
43079.13971965314	43079.03567766605	43078.58306132822	43079.13231516705	43079.03567766605	43078.97067570202	43078.50505552961	43079.05148568413	43078.58306132822	43078.50505552961	43078.28235019558	43078.60056316468	43079.13231516705	43079.05148568413	43078.60056316468	43079.15893603363
43079.93326499188	43079.8459943881	43079.01321369695	43079.94075331879	43079.8459943881	43079.790910106574	43078.949773935936	43079.873612401236	43079.01321369695	43078.949773935936	43078.51755873793	43079.04502201143	43079.94075331879	43079.873612401236	43079.04502201143	43079.98309874454
43078.473246907204	43078.39174105105	43078.271516936315	43078.516311699444	43078.39174105105	43078.33944665342	43078.20433296326	43078.44814765253	43078.271516936315	43078.20433296326	43078.16409010773	43078.32901245874	43078.516311699444	43078.44814765253	43078.32901245874	43078.591745795195
43078.30956146807	43078.2018594231	43078.20574642239	43078.34219387337	43078.2018594231	43078.14103037237	43078.132693356725	43078.26899602843	43078.20574642239	43078.132693356725	43078.15438888368	43078.273193436944	43078.34219387337	43078.26899602843	43078.273193436944	43078.435854828516
43079.02766563783	43078.56460823722	43078.57218752888	43078.719739874665	43078.56460823722	43078.33770418235	43078.3347364979	43078.48203886029	43078.57218752888	43078.3347364979	43078.355801925245	43078.48991611437	43078.719739874665	43078.48203886029	43078.48991611437	43078.66905547465
43104.21791760567	43090.410202677434	43090.41472450578	43090.55933345199	43090.410202677434	43083.8951292076	43083.88987087142	43084.02958589614	43090.41472450578	43083.88987087142	43083.908788116954	43084.03482312967	43090.55933345199	43084.02958589614	43084.03482312967	43084.202930034226
43104.20214080659	43090.391586406295	43090.406273941575	43090.540995924566	43090.391586406295	43083.87411187861	43083.87839294227	43084.00793635464	43090.406273941575	43083.87839294227	43083.9066092924	43084.02499058065	43090.540995924566	43084.00793635464	43084.02499058065	43084.18160272164
43078.47079605006	43078.34752192127	43078.36928358798	43078.53390467944	43078.34752192127	43078.278027127366	43078.28580350057	43078.45032209784	43078.36928358798	43078.28580350057	43078.31990670021	43078.47236624481	43078.53390467944	43078.45032209784	43078.47236624481	43078.67405958167
43078.66446421365	43078.57835612704	43078.59822472383	43078.83467872146	43078.57835612704	43078.525368713046	43078.53000490725	43078.766368706674	43078.59822472383	43078.53000490725	43078.56544035765	43078.786765182325	43078.83467872146	43078.766368706674	43078.786765182325	43079.077899465374
43078.423506296785	43078.297363923295	43078.33038465627	43078.476182163235	43078.297363923295	43078.22421776526	43078.24041033729	43078.386101302174	43078.33038465627	43078.24041033729	43078.284954241295	43078.41934136166	43078.476182163235	43078.386101302174	43078.41934136166	43078.5975806027
43078.85850688143	43078.44766660651	43078.48734251684	43078.60273411892	43078.44766660651	43078.23972317474	43078.26177270206	43078.37696538021	43078.48734251684	43078.26177270206	43078.31120937411	43078.41688028299	43078.60273411892	43078.37696538021	43078.41688028299	43078.557435840434
43082.31419946785	43080.02536537569	43080.081682198055	43080.1655855508	43080.02536537569	43078.92937468397	43078.96343087762	43079.046844460456	43080.081682198055	43078.96343087762	43079.030798443724	43079.10438303951	43080.1655855508	43079.046844460456	43079.10438303951	43079.2043498747
43078.86324319673	43078.43896850138	43078.56448876923	43078.63908340248	43078.43896850138	43078.20435565412	43078.28722868645	43078.36154290922	43078.56448876923	43078.28722868645	43078.42244101769	43078.48738374896	43078.63908340248	43078.36154290922	43078.48738374896	43078.57612038627
43078.48604878	43078.2593400789	43078.36492703453	43078.446644405994	43078.2593400789	43078.12187286014	43078.18992256296	43078.271386595596	43078.36492703453	43078.18992256296	43078.30600649905	43078.37709698185	43078.446644405994	43078.271386595596	43078.37709698185	43078.47432475075
43078.33499297389	43078.16355392602	43078.234764049324	43078.31800030014	43078.16355392602	43078.05848038586	43078.10013539083	43078.183090336606	43078.234764049324	43078.10013539083	43078.18510540464	43078.254425833344	43078.31800030014	43078.183090336606	43078.254425833344	43078.35161681716
43078.30110809328	43078.18251242961	43078.21588183023	43078.33241491468	43078.18251242961	43078.105344118405	43078.11336998551	43078.22943886959	43078.21588183023	43078.11336998551	43078.171437712845	43078.26306218069	43078.33241491468	43078.22943886959	43078.26306218069	43078.39586859829
43078.77602360082	43078.62846594243	43078.611331381944	43078.86176466389	43078.62846594243	43078.52655906686	43078.47380223212	43078.72233843762	43078.611331381944	43078.47380223212	43078.522137455824	43078.70644546341	43078.86176466389	43078.72233843762	43078.70644546341	43078.98359783668
43078.59782173793	43078.458864707194	43078.44846001259	43078.652508083556	43078.458864707194	43078.363843780564	43078.32049611226	43078.52299150189	43078.44846001259	43078.32049611226	43078.367513453195	43078.51335893734	43078.652508083556	43078.52299150189	43078.51335893734	43078.73662090699
43078.870886437304	43078.69935862449	43078.60916110228	43078.902916479645	43078.69935862449	43078.58026216222	43078.45128385202	43078.74143213113	43078.60916110228	43078.45128385202	43078.464504605174	43078.65226841919	43078.902916479645	43078.74143213113	43078.65226841919	43078.959335161824
43079.89173612443	43079.612170730405	43079.322103998886	43079.917881770176	43079.612170730405	43079.41042636398	43079.06494249991	43079.64776022432	43079.322103998886	43079.06494249991	43078.99732647777	43079.3597834238	43079.917881770176	43079.64776022432	43079.3597834238	43079.96654924705
43078.48010305058	43078.38019475542	43078.27170097289	43078.50417112379	43078.38019475542	43078.314966621394	43078.187124927965	43078.41827064011	43078.27170097289	43078.187124927965	43078.15971877931	43078.31057944462	43078.50417112379	43078.41827064011	43078.31057944462	43078.55632821791
43078.6699727476	43078.28860897822	43078.312428984274	43078.39854353475	43078.28860897822	43078.09097221768	43078.09303767911	43078.178834499406	43078.312428984274	43078.09303767911	43078.140221194124	43078.202848389075	43078.39854353475	43078.178834499406	43078.202848389075	43078.29801637567
43103.988325559934	43090.182973496216	43090.22303283027	43090.29241385218	43090.182973496216	43083.674133731365	43083.694096119165	43083.765423133904	43090.22303283027	43083.694096119165	43083.75816447498	43083.81195414399	43090.29241385218	43083.765423133904	43083.81195414399	43083.8926177391
43103.97801223675	43090.18632470602	43090.19335012308	43090.28046013905	43090.18632470602	43083.687268204725	43083.68163180651	43083.76934190202	43090.19335012308	43083.68163180651	43083.707082036344	43083.777483914826	43090.28046013905	43083.76934190202	43083.777483914826	43083.87875584266
