6008.561001675343	5989.728690111734	5993.3376593557305	5998.876810823322	5994.63808932301	5994.515647728691	5994.97939523797	5998.068584788241	5989.728690111734	6052.254198144864	5979.1458358986065	5984.800335332346	5974.076945840416	5974.0578636086275	5974.461119331366	5985.001135503928	5993.3376593557305	5979.1458358986065	6001.834772021835	5993.667194016723	5998.949900543429	5998.874523794219	5998.512504747962	6002.141759880284	5998.876810823322	5984.800335332346	5993.667194016723	6004.427385636979	6001.967567907593	6001.9106408118005	6002.2636136791525	5996.377670042189	5994.63808932301	5974.076945840416	5998.949900543429	6001.967567907593	6007.313162853373	6007.217806360905	6006.938277169532	5998.036215232564	5994.515647728691	5974.0578636086275	5998.874523794219	6001.9106408118005	6007.217806360905	6007.58148113512	6006.850516118815	5997.955457053211	5994.97939523797	5974.461119331366	5998.512504747962	6002.2636136791525	6006.938277169532	6006.850516118815	6007.43661797887	5997.6943106340195	5998.068584788241	5985.001135503928	6002.141759880284	5996.377670042189	5998.036215232564	5997.955457053211	5997.6943106340195	6014.404429757907
6017.448658332536	5989.5221707982455	5996.529187305406	6005.69437222714	6002.88940483935	5974.00124933289	6003.927702423091	6001.398609144206	5989.5221707982455	6062.682210816236	5979.276038593904	5977.159915236502	5963.583628698723	5963.800712567563	5965.721572567511	5987.039184420203	5996.529187305406	5979.276038593904	6007.171615006015	5992.4524770561575	6001.328998104949	5983.912474662994	5998.267381870641	6007.6496510836105	6005.69437222714	5977.159915236502	5992.4524770561575	6018.803545183696	6017.386510604024	6000.0073755103895	6018.716523142854	5993.625348169415	6002.88940483935	5963.583628698723	6001.328998104949	6017.386510604024	6027.6188936101125	5999.57869189298	6024.967257310438	5998.309038669216	5974.00124933289	5963.800712567563	5983.912474662994	6000.0073755103895	5999.57869189298	6079.521995807476	6000.298925702258	5980.5853004572755	6003.927702423091	5965.721572567511	5998.267381870641	6018.716523142854	6024.967257310438	6000.298925702258	6027.004045656803	5995.756919407141	6001.398609144206	5987.039184420203	6007.6496510836105	5993.625348169415	5998.309038669216	5980.5853004572755	5995.756919407141	6020.489164738504
6017.564663886209	5989.536377930385	5996.400108358832	6005.831770808176	6002.836140884035	5973.906554527007	6004.248967924087	6001.262832143381	5989.536377930385	6062.158350665896	5979.264818828554	5977.365666629813	5963.817421224855	5963.947811165516	5966.548098113777	5986.811143993469	5996.400108358832	5979.264818828554	6007.641085942301	5992.184936444402	6001.663357672662	5983.652225680743	5997.483289530956	6008.14956661904	6005.831770808176	5977.365666629813	5992.184936444402	6018.925412779456	6017.113296134997	5999.959242831442	6018.982817339441	5993.432542179458	6002.836140884035	5963.817421224855	6001.663357672662	6017.113296134997	6027.70969506178	5999.2282691954315	6024.149270362371	5998.787139891163	5973.906554527007	5963.947811165516	5983.652225680743	5999.959242831442	5999.2282691954315	6079.963159226266	6000.275578291997	5980.381195914752	6004.248967924087	5966.548098113777	5997.483289530956	6018.982817339441	6024.149270362371	6000.275578291997	6027.223621976016	5995.23377065292	6001.262832143381	5986.811143993469	6008.14956661904	5993.432542179458	5998.787139891163	5980.381195914752	5995.23377065292	6020.927739941436
6008.098804256855	5986.984684631977	5993.978564238772	5999.253740517176	5996.331880100134	5996.3119280058845	5996.847199448331	5997.806117512352	5986.984684631977	6050.8930697467995	5981.250125262092	5981.147647243605	5973.748946884124	5973.74783456996	5973.913636301121	5984.79176754254	5993.978564238772	5981.250125262092	6001.0856005876985	5993.490742101887	5997.327651580614	5997.314550495995	5996.6717926312185	6001.879330348828	5999.253740517176	5981.147647243605	5993.490742101887	6007.567436007145	6005.832831111043	6005.821849513801	6006.374791625929	5996.189871526329	5996.331880100134	5973.748946884124	5997.327651580614	6005.832831111043	6009.552324378922	6009.532942719905	6009.087138275124	5997.830761832519	5996.3119280058845	5973.74783456996	5997.314550495995	6005.821849513801	6009.532942719905	6009.590060318558	6009.073157707551	5997.816947998037	5996.847199448331	5973.913636301121	5996.6717926312185	6006.374791625929	6009.087138275124	6009.073157707551	6010.5563819275785	5997.165599904862	5997.806117512352	5984.79176754254	6001.879330348828	5996.189871526329	5997.830761832519	5997.816947998037	5997.165599904862	6012.982482674084
6009.354588572041	5989.8711877934	5993.094461688865	5999.396917247477	5994.747770313832	5993.225894887942	5995.676626481962	5997.596869036636	5989.8711877934	6055.612993125202	5977.274053841627	5984.940207883523	5972.948524442545	5972.716798071705	5974.1294409093725	5982.298955558026	5993.094461688865	5977.274053841627	6002.636520013903	5993.928525815507	6000.337029848186	5999.377970117136	5999.094625540623	6002.378007891677	5999.396917247477	5984.940207883523	5993.928525815507	6004.393637109042	6001.577417841179	6000.906198202629	6002.34446639004	5997.305191216185	5994.747770313832	5972.948524442545	6000.337029848186	6001.577417841179	6007.763653685969	6006.61191516774	6006.6671888329565	6000.2566978798095	5993.225894887942	5972.716798071705	5999.377970117136	6000.906198202629	6006.61191516774	6011.143915775335	6005.614025910436	5999.213146923894	5995.676626481962	5974.1294409093725	5999.094625540623	6002.34446639004	6006.6671888329565	6005.614025910436	6007.91275752165	5999.284059600167	5997.596869036636	5982.298955558026	6002.378007891677	5997.305191216185	6000.2566978798095	5999.213146923894	5999.284059600167	6012.612920927124
6017.831971439304	5990.315978697015	5995.519516517798	6006.133422229244	6001.996622565849	5974.124592738506	6004.525176956535	6000.587148753084	5990.315978697015	6064.589535203902	5976.91999174145	5978.099686470331	5961.458382413102	5964.303568295371	5966.851470285375	5985.174732443832	5995.519516517798	5976.91999174145	6010.25930430632	5991.207515965225	6004.093823096111	5983.168390238473	5996.590872396381	6010.1500308236355	6006.133422229244	5978.099686470331	5991.207515965225	6019.327146346431	6016.27578226667	6000.227150761462	6019.472762054665	5992.608386663407	6001.996622565849	5961.458382413102	6004.093823096111	6016.27578226667	6030.085986505624	5998.870393008313	6023.526475231533	6000.536018816295	5974.124592738506	5964.303568295371	5983.168390238473	6000.227150761462	5998.870393008313	6079.958287846415	6000.624974952426	5979.96036975707	6004.525176956535	5966.851470285375	5996.590872396381	6019.472762054665	6023.526475231533	6000.624974952426	6028.246015278247	5994.33848777463	6000.587148753084	5985.174732443832	6010.1500308236355	5992.608386663407	6000.536018816295	5979.96036975707	5994.33848777463	6022.531211007047
6018.058374862685	5990.689413280443	5994.998991845436	6006.408142860655	6001.585966164642	5974.154745630707	6004.921326539752	6000.157022950405	5990.689413280443	6065.483084912606	5975.7686003358085	5978.520102701791	5960.3521452596815	5964.542740160211	5967.496832389761	5984.2506546225795	5994.998991845436	5975.7686003358085	6011.9121468312405	5990.50865491592	6005.519882950113	5982.67965719602	5995.567831452693	6011.527221404142	6006.408142860655	5978.520102701791	5990.50865491592	6019.73506910319	6015.808055797239	6000.39469015873	6020.037622126727	5992.000885671971	6001.585966164642	5960.3521452596815	6005.519882950113	6015.808055797239	6031.499877868923	5998.480569541042	6022.7958891600865	6001.681269645582	5974.154745630707	5964.542740160211	5982.67965719602	6000.39469015873	5998.480569541042	6080.425255149711	6000.851472181809	5979.519503659977	6004.921326539752	5967.496832389761	5995.567831452693	6020.037622126727	6022.7958891600865	6000.851472181809	6029.038613995204	5993.458736023601	6000.157022950405	5984.2506546225795	6011.527221404142	5992.000885671971	6001.681269645582	5979.519503659977	5993.458736023601	6023.695417800967
6003.590432971438	5982.290231205379	6001.438886717575	5997.407739459394	6001.596403601774	5984.83227303588	5999.55548196426	6001.585014797127	5982.290231205379	6045.485707629	5980.48270353373	5986.433451158221	5980.446563514821	5979.603760383024	5980.9448105432675	5980.505931192521	6001.438886717575	5980.48270353373	6002.81195343192	5996.871238097849	6002.77009173527	5986.458641367827	5999.750845037596	6002.758881408278	5997.407739459394	5986.433451158221	5996.871238097849	5998.287207634842	5997.160623741005	5991.533909781193	5998.459876485296	5997.1010006113565	6001.596403601774	5980.446563514821	6002.77009173527	5997.160623741005	6003.010530864407	5986.573347282238	5999.9903639029835	6002.916685556883	5984.83227303588	5979.603760383024	5986.458641367827	5991.533909781193	5986.573347282238	6046.299284005342	5989.561792041532	5986.541763563224	5999.55548196426	5980.9448105432675	5999.750845037596	5998.459876485296	5999.9903639029835	5989.561792041532	6004.863946119286	5999.927290592917	6001.585014797127	5980.505931192521	6002.758881408278	5997.1010006113565	6002.916685556883	5986.541763563224	5999.927290592917	6002.911660148766
5999.851834600369	5997.5618949461	5997.510990350486	5993.98907752063	5996.041100006314	5979.603753422743	5994.189579397425	5997.578237124027	5997.5618949461	5998.210385174933	5998.090508891409	5992.733670592391	5995.713999560057	5980.514714882443	5993.098255292966	5998.1605053595695	5997.510990350486	5998.090508891409	5998.137487481494	5992.699896340296	5995.757878970827	5980.532430602128	5993.1039810714265	5998.108278390435	5993.98907752063	5992.733670592391	5992.699896340296	6004.604649985257	6004.246771269014	5995.847631624285	6004.671275003662	5992.7493373899315	5996.041100006314	5995.713999560057	5995.757878970827	6004.246771269014	6010.563796103195	5989.174825570241	6005.460345871683	5995.740279495045	5979.603753422743	5980.514714882443	5980.532430602128	5995.847631624285	5989.174825570241	6063.642222944583	5993.614935783808	5980.52200104929	5994.189579397425	5993.098255292966	5993.1039810714265	6004.671275003662	6005.460345871683	5993.614935783808	6010.8209115905765	5993.119436695209	5997.578237124027	5998.1605053595695	5998.108278390435	5992.7493373899315	5995.740279495045	5980.52200104929	5993.119436695209	5998.183975214011
6002.006178709853	5992.730047538012	5993.773374881553	5994.612151304536	5993.922389771193	5993.951749137305	5993.987407308863	5993.960247853951	5992.730047538012	5999.6199606841865	5993.4831165996775	5993.582508975106	5993.76207661771	5993.754310725911	5993.479644239242	5993.759097187875	5993.773374881553	5993.4831165996775	5995.135032825943	5994.48802812679	5995.050703890293	5994.992860542158	5994.827560215696	5994.998957901331	5994.612151304536	5993.582508975106	5994.48802812679	5995.654786981073	5994.952487536125	5994.877416336565	5995.039640295251	5994.883393992613	5993.922389771193	5993.76207661771	5995.050703890293	5994.952487536125	5995.655211842161	5995.372815804607	5995.212797236425	5995.377473071163	5993.951749137305	5993.754310725911	5994.992860542158	5994.877416336565	5995.372815804607	5995.332150296897	5995.141950803928	5995.330470335803	5993.987407308863	5993.479644239242	5994.827560215696	5995.039640295251	5995.212797236425	5995.141950803928	5997.059893392669	5995.145730607806	5993.960247853951	5993.759097187875	5994.998957901331	5994.883393992613	5995.377473071163	5995.330470335803	5995.145730607806	5995.361862237749
6005.516441117847	5985.335080137579	6000.15169020801	5998.475861354333	6000.4866700664115	5980.068102192892	6000.234740370004	6000.45646748063	5985.335080137579	6042.245639415009	5982.748836718356	5986.736219636641	5982.662857086214	5976.279782468045	5982.546893388914	5982.753914378484	6000.15169020801	5982.748836718356	6001.371287602066	5997.6798056003345	6001.382404151392	5985.322522291777	6000.833388799318	6001.335365318174	5998.475861354333	5986.736219636641	5997.6798056003345	5998.471368496733	5998.162646844826	5988.95669700298	5998.356057699104	5998.095306125215	6000.4866700664115	5982.662857086214	6001.382404151392	5998.162646844826	6001.868560663131	5985.394125523772	6001.229082333374	6001.714156287291	5980.068102192892	5976.279782468045	5985.322522291777	5988.95669700298	5985.394125523772	6062.53213906871	5985.999000004881	5985.383362568597	6000.234740370004	5982.546893388914	6000.833388799318	5998.356057699104	6001.229082333374	5985.999000004881	6002.451549094463	6001.170912515421	6000.45646748063	5982.753914378484	6001.335365318174	5998.095306125215	6001.714156287291	5985.383362568597	6001.170912515421	6001.674803562648
6000.2498725188	5997.209962913985	5997.193877460473	5995.320451239552	5997.166791441306	5979.393653701275	5996.115682586153	5997.216517431537	5997.209962913985	5997.639489288369	5997.615016113756	5994.548696476992	5997.469263012525	5981.423564366349	5995.896457095322	5997.636341165597	5997.193877460473	5997.615016113756	5997.628786555281	5994.524385617401	5997.463295268886	5981.419020510535	5995.881592644781	5997.620724568373	5995.320451239552	5994.548696476992	5994.524385617401	5998.61576652736	5997.741106280779	5990.122621797013	5997.106941044526	5994.555214160515	5997.166791441306	5997.469263012525	5997.463295268886	5997.741106280779	6002.710439241432	5983.091261132357	5998.199343867744	5997.47398333337	5979.393653701275	5981.423564366349	5981.419020510535	5990.122621797013	5983.091261132357	6063.890908589004	5985.475703271656	5981.425797523985	5996.115682586153	5995.896457095322	5995.881592644781	5997.106941044526	5998.199343867744	5985.475703271656	6000.630280149247	5995.90087401003	5997.216517431537	5997.636341165597	5997.620724568373	5994.555214160515	5997.47398333337	5981.425797523985	5995.90087401003	5997.661498061179
6000.430500829514	5997.382579907455	5997.3401116648965	5995.155927868174	5997.090947032751	5978.872766761448	5995.794128492881	5997.403490130828	5997.382579907455	5997.942603299048	5997.816216850223	5994.213764273818	5997.26613542057	5980.751277624251	5995.313181842778	5997.879433955755	5997.3401116648965	5997.816216850223	5997.876170924377	5994.149316941196	5997.276321105541	5980.7455853463625	5995.285243162009	5997.839805735696	5995.155927868174	5994.213764273818	5994.149316941196	5999.867656793436	5999.080076529319	5991.217750379167	5998.605770912074	5994.229935316251	5997.090947032751	5997.26613542057	5997.276321105541	5999.080076529319	6004.575617541621	5983.88827786823	5999.475403726594	5997.295667970509	5978.872766761448	5980.751277624251	5980.7455853463625	5991.217750379167	5983.88827786823	6066.172989977233	5987.041561794136	5980.756685848432	5995.794128492881	5995.313181842778	5995.285243162009	5998.605770912074	5999.475403726594	5987.041561794136	6002.707783987414	5995.3366285857255	5997.403490130828	5997.879433955755	5997.839805735696	5994.229935316251	5997.295667970509	5980.756685848432	5995.3366285857255	5997.908642897076
6000.4209935496765	5997.514106924224	5997.498816091049	5994.9466604149775	5997.109415979278	5978.605940796206	5995.45538611685	5997.521519517165	5997.514106924224	5998.092159702946	5998.053587834802	5993.972405713076	5997.346419381636	5980.273773834296	5994.849223889592	5998.075772876482	5997.498816091049	5998.053587834802	5998.072871794371	5993.946904511283	5997.343906505892	5980.269622643543	5994.83615180258	5998.06142756632	5994.9466604149775	5993.972405713076	5993.946904511283	5999.433549436294	5997.917888378919	5991.4571859753405	5998.635363832486	5993.9780930466795	5997.109415979278	5997.346419381636	5997.343906505892	5997.917888378919	6002.706489835417	5983.262433671595	5998.590140802095	5997.3548107716915	5978.605940796206	5980.273773834296	5980.269622643543	5991.4571859753405	5983.262433671595	6067.066824795479	5987.87256959936	5980.275341060785	5995.45538611685	5994.849223889592	5994.83615180258	5998.635363832486	5998.590140802095	5987.87256959936	6003.482274491745	5994.855907205039	5997.521519517165	5998.075772876482	5998.06142756632	5993.9780930466795	5997.3548107716915	5980.275341060785	5994.855907205039	5998.091416351774
6003.347307290518	5999.44242099103	5996.887337240291	5995.802304441206	5995.841629755246	5976.783088930008	5995.175205976982	5999.706544145067	5999.44242099103	6000.709579860311	5997.862853858126	5993.567756005482	5995.181743882956	5978.229081257282	5993.270472208328	6000.707342518942	5996.887337240291	5997.862853858126	5999.345506952329	5991.6185433153205	5995.860903378836	5978.8828898331985	5992.495558704688	5998.93123139129	5995.802304441206	5993.567756005482	5991.6185433153205	6006.444049717063	6004.337875957826	5996.255562222867	6005.566570782848	5993.476537593141	5995.841629755246	5995.181743882956	5995.860903378836	6004.337875957826	6010.977211493464	5989.096308439575	6005.5464899577955	5995.172898440866	5976.783088930008	5978.229081257282	5978.8828898331985	5996.255562222867	5989.096308439575	6072.6335516970685	5993.694422926362	5978.176233361836	5995.175205976982	5993.270472208328	5992.495558704688	6005.566570782848	6005.5464899577955	5993.694422926362	6011.1035552527	5992.8808318566835	5999.706544145067	6000.707342518942	5998.93123139129	5993.476537593141	5995.172898440866	5978.176233361836	5992.8808318566835	6004.164176775242
6003.372567206159	5999.271359121474	5996.9863326247505	5995.5945734035395	5995.709307609943	5976.6076978364545	5994.993331520274	5999.599807802882	5999.271359121474	6000.637947242721	5998.060648392708	5993.119248933931	5994.887030525227	5978.027679897601	5992.838572924856	6000.716298555204	5996.9863326247505	5998.060648392708	5999.309638421805	5991.54615299578	5995.665651587685	5978.73863497292	5992.332888687811	5999.012975527022	5995.5945734035395	5993.119248933931	5991.54615299578	6006.905007713394	6005.062607428437	5996.786653596699	6006.2290834377445	5993.084040034022	5995.709307609943	5994.887030525227	5995.665651587685	6005.062607428437	6011.868397523736	5989.7617832743335	6006.400769539864	5994.851241802623	5976.6076978364545	5978.027679897601	5978.73863497292	5996.786653596699	5989.7617832743335	6073.17069585218	5994.378893807147	5977.945943247469	5994.993331520274	5992.838572924856	5992.332888687811	6006.2290834377445	6006.400769539864	5994.378893807147	6011.977743515106	5992.489527612494	5999.599807802882	6000.716298555204	5999.012975527022	5993.084040034022	5994.851241802623	5977.945943247469	5992.489527612494	6003.978507441802
6000.615157960288	5997.504028764133	5997.411181209981	5994.907516411986	5996.792414303525	5978.569138460211	5995.299692058866	5997.515300446908	5997.504028764133	5998.105936286651	5998.004770016224	5993.725664950063	5996.789791198139	5980.323225184626	5994.470629169313	5998.109257201867	5997.411181209981	5998.004770016224	5998.0565963466	5993.630593889495	5996.789357913289	5980.325103693843	5994.41946676667	5998.0145444517675	5994.907516411986	5993.725664950063	5993.630593889495	6001.749237910549	6001.249650376835	5992.783246054923	6001.048548185921	5993.733854132966	5996.792414303525	5996.789791198139	5996.789357913289	6001.249650376835	6007.359013979652	5985.653663779182	6001.90239686195	5996.792412782237	5978.569138460211	5980.323225184626	5980.325103693843	5992.783246054923	5985.653663779182	6067.308746807381	5989.491443991613	5980.3239891906815	5995.299692058866	5994.470629169313	5994.41946676667	6001.048548185921	6001.90239686195	5989.491443991613	6006.06921677011	5994.47264061994	5997.515300446908	5998.109257201867	5998.0145444517675	5993.733854132966	5996.792412782237	5980.3239891906815	5994.47264061994	5998.1589086110125
6000.837590363048	5997.480175867953	5997.27004250578	5995.214437420195	5996.908212718552	5978.640846672253	5995.595304789078	5997.5106493585035	5997.480175867953	5998.066925384892	5997.846532027647	5994.0677824018285	5996.986475600262	5980.66825619278	5994.857135410386	5998.084886835081	5997.27004250578	5997.846532027647	5997.964965413428	5993.843184910654	5996.9744143846	5980.6643680233865	5994.728428068876	5997.873167290471	5995.214437420195	5994.0677824018285	5993.843184910654	6001.2568671257695	6000.771017719522	5992.007444705233	6000.355869033897	5994.090548899283	5996.908212718552	5996.986475600262	5996.9744143846	6000.771017719522	6006.9108583436355	5985.103092282191	6001.313193343763	5996.990898329834	5978.640846672253	5980.66825619278	5980.6643680233865	5992.007444705233	5985.103092282191	6066.5598016592685	5988.536802753721	5980.670790976202	5995.595304789078	5994.857135410386	5994.728428068876	6000.355869033897	6001.313193343763	5988.536802753721	6005.0745000120605	5994.86087476045	5997.5106493585035	5998.084886835081	5997.873167290471	5994.090548899283	5996.990898329834	5980.670790976202	5994.86087476045	5998.231587081318
6000.3748184442375	5997.6659460472065	5997.460121468444	5994.785625816264	5996.702437349117	5978.666267736237	5995.146278630413	5997.685009736513	5997.6659460472065	5998.200050223146	5997.982714847568	5993.715454387711	5996.64210050096	5980.174446427959	5994.363608889456	5998.210312845872	5997.460121468444	5997.982714847568	5998.090206913573	5993.523874150324	5996.659942597971	5980.191553807955	5994.267823392056	5998.00038253725	5994.785625816264	5993.715454387711	5993.523874150324	6002.327601981032	6002.024706380169	5993.237298852022	6001.722441365857	5993.727756524945	5996.702437349117	5996.64210050096	5996.659942597971	6002.024706380169	6008.438062359888	5986.191509901311	6002.760350243239	5996.643460030492	5978.666267736237	5980.174446427959	5980.191553807955	5993.237298852022	5986.191509901311	6067.644105482588	5990.065472551147	5980.174660730483	5995.146278630413	5994.363608889456	5994.267823392056	6001.722441365857	6002.760350243239	5990.065472551147	6006.902420275817	5994.3638977093715	5997.685009736513	5998.210312845872	5998.00038253725	5993.727756524945	5996.643460030492	5980.174660730483	5994.3638977093715	5998.302107192094
6005.107108529836	5999.230189012454	5996.688327789934	5996.238339757901	5995.594635093319	5975.617600908932	5995.3464335414055	5999.717823480324	5999.230189012454	6001.648350984984	5998.464036656514	5991.9930936025785	5993.821117540183	5976.946174363889	5991.462621513356	6001.597706020999	5996.688327789934	5998.464036656514	5999.906963399757	5990.521311666319	5995.0274819464275	5978.03288608673	5991.235683038522	5999.870128947296	5996.238339757901	5991.9930936025785	5990.521311666319	6009.270826575569	6006.7471510711985	5998.489349415708	6008.756387142729	5991.922641539366	5995.594635093319	5993.821117540183	5995.0274819464275	6006.7471510711985	6013.435436217136	5991.468664809929	6008.37462571734	5993.820907353665	5975.617600908932	5976.946174363889	5978.03288608673	5998.489349415708	5991.468664809929	6075.805506458907	5996.485442133457	5976.800320272282	5995.3464335414055	5991.462621513356	5991.235683038522	6008.756387142729	6008.37462571734	5996.485442133457	6014.847504935895	5990.978387863513	5999.717823480324	6001.597706020999	5999.870128947296	5991.922641539366	5993.820907353665	5976.800320272282	5990.978387863513	6006.174625554139
6005.67235726988	5999.870749647913	5996.48296778531	5996.450895917225	5995.295460957277	5975.275300240444	5995.29626496647	6000.220413419156	5999.870749647913	6002.614708287987	5998.1560472933525	5992.067509273197	5993.2816837575565	5976.34725692584	5991.222710836226	6001.948203850518	5996.48296778531	5998.1560472933525	6000.4858768268405	5990.1069544299	5995.02366347625	5977.905726226945	5990.880196654484	6000.734619684818	5996.450895917225	5992.067509273197	5990.1069544299	6009.924450258114	6007.005831868312	5998.9263184691445	6009.325479119643	5991.695631169237	5995.295460957277	5993.2816837575565	5995.02366347625	6007.005831868312	6013.892364823324	5992.035767702084	6008.786441418006	5993.507847653338	5975.275300240444	5976.34725692584	5977.905726226945	5998.9263184691445	5992.035767702084	6076.601084386335	5997.082415088252	5976.309550528842	5995.29626496647	5991.222710836226	5990.880196654484	6009.325479119643	6008.786441418006	5997.082415088252	6015.476353148878	5990.392693294243	6000.220413419156	6001.948203850518	6000.734619684818	5991.695631169237	5993.507847653338	5976.309550528842	5990.392693294243	6009.186754957681
6005.524259321584	5999.469108214918	5996.457992876737	5996.628903744181	5995.605983425548	5975.597037361806	5995.620594010375	5999.895070527362	5999.469108214918	6001.961103737987	5998.116342157748	5992.474503265412	5993.900781069806	5977.15214878577	5991.889149664393	6001.60031360969	5996.457992876737	5998.116342157748	6000.0827954439455	5990.567127771027	5995.279125829313	5978.334603564666	5991.416188565693	6000.072543416389	5996.628903744181	5992.474503265412	5990.567127771027	6008.975873966491	6006.254030531025	5997.84563813934	6008.1818460018885	5992.270420372222	5995.605983425548	5993.900781069806	5995.279125829313	6006.254030531025	6013.097858591604	5991.012990678478	6007.77534659333	5994.0181445669605	5975.597037361806	5977.15214878577	5978.334603564666	5997.84563813934	5991.012990678478	6075.216782402153	5995.684308772151	5977.062573233756	5995.620594010375	5991.889149664393	5991.416188565693	6008.1818460018885	6007.77534659333	5995.684308772151	6013.997412374437	5991.257486833519	5999.895070527362	6001.60031360969	6000.072543416389	5992.270420372222	5994.0181445669605	5977.062573233756	5991.257486833519	6007.413083813372
6005.440861019023	5998.4179644894975	5996.353914398672	5997.033262910117	5996.292226743366	5976.073312410161	5996.358930497131	5998.835809090372	5998.4179644894975	6000.478457580051	5998.011418684782	5993.248862825666	5995.250953167575	5978.935322706351	5993.300775362652	6000.511668282165	5996.353914398672	5998.011418684782	5999.2310092598545	5991.650998054647	5995.9102156280405	5979.4099529460755	5992.673736647525	5998.820012030513	5997.033262910117	5993.248862825666	5991.650998054647	6006.6761156318325	6004.496616879347	5995.257619213383	6005.472757506056	5993.317255801051	5996.292226743366	5995.250953167575	5995.9102156280405	6004.496616879347	6011.252829183566	5988.696424324305	6005.430996876414	5995.256153432175	5976.073312410161	5978.935322706351	5979.4099529460755	5995.257619213383	5988.696424324305	6072.204608482487	5992.418701242844	5978.843337074094	5996.358930497131	5993.300775362652	5992.673736647525	6005.472757506056	6005.430996876414	5992.418701242844	6010.517851837881	5993.081758750289	5998.835809090372	6000.511668282165	5998.820012030513	5993.317255801051	5995.256153432175	5978.843337074094	5993.081758750289	6003.405633097142
6004.222447632481	5997.930844330736	5996.646588363975	5996.4478854123945	5996.489524369073	5976.640680098422	5996.133314400768	5998.183624508332	5997.930844330736	5999.480873790937	5998.038389988034	5993.430032134742	5995.893713843081	5979.592433951085	5993.823446617976	5999.587288169104	5996.646588363975	5998.038389988034	5998.736456657699	5992.3650090629	5996.201138026502	5979.804010398735	5993.353673115237	5998.357545136199	5996.4478854123945	5993.430032134742	5992.3650090629	6005.129638352416	6003.651252473353	5994.312667358927	6003.999637966669	5993.525817828211	5996.489524369073	5995.893713843081	5996.201138026502	6003.651252473353	6010.341378191553	5987.729209520421	6004.3896436595805	5995.879639501462	5976.640680098422	5979.592433951085	5979.804010398735	5994.312667358927	5987.729209520421	6070.721116829403	5991.229963606014	5979.550011422062	5996.133314400768	5993.823446617976	5993.353673115237	6003.999637966669	6004.3896436595805	5991.229963606014	6008.897414619118	5993.756791785667	5998.183624508332	5999.587288169104	5998.357545136199	5993.525817828211	5995.879639501462	5979.550011422062	5993.756791785667	6000.9607478677435
6001.545834933278	5998.2007088352075	5997.380832590825	5994.9213465874245	5996.2551722642265	5977.6689018160605	5994.965921627384	5998.374362117457	5998.2007088352075	5999.049232211533	5998.173042482673	5993.222438496259	5995.880305087515	5979.152951675221	5993.602337036589	5999.170334576733	5997.380832590825	5998.173042482673	5998.580360214787	5992.58305994462	5996.076230375996	5979.32370782115	5993.3428409803055	5998.383105336574	5994.9213465874245	5993.222438496259	5992.58305994462	6004.710571655893	6003.868727751231	5995.330202818493	6004.068338046589	5993.292362303975	5996.2551722642265	5995.880305087515	5996.076230375996	6003.868727751231	6010.475076270445	5988.162305750807	6004.785473741552	5995.854812621115	5977.6689018160605	5979.152951675221	5979.32370782115	5995.330202818493	5988.162305750807	6070.7333268421735	5992.379855494458	5979.126095307537	5994.965921627384	5993.602337036589	5993.3428409803055	6004.068338046589	6004.785473741552	5992.379855494458	6009.450198334038	5993.546462605747	5998.374362117457	5999.170334576733	5998.383105336574	5993.292362303975	5995.854812621115	5979.126095307537	5993.546462605747	6000.148369437156
6004.748936559156	6001.035422864997	5996.570471891021	5995.724070307283	5994.656195799244	5975.3715189512795	5994.440890365845	6000.764115511683	6001.035422864997	6002.910751442605	5997.6105633873385	5992.93493720046	5993.329395256558	5976.069327783182	5991.815328073252	6001.940901034156	5996.570471891021	5997.6105633873385	6000.49779787301	5990.277678292914	5995.322946429917	5978.006612963441	5991.1719149774835	6000.355439425509	5995.724070307283	5992.93493720046	5990.277678292914	6009.200667246042	6006.422752197798	5998.8684480721395	6008.526262284689	5992.187300727618	5994.656195799244	5993.329395256558	5995.322946429917	6006.422752197798	6013.700761806653	5992.079485545994	6008.310506126295	5993.630775032254	5975.3715189512795	5976.069327783182	5978.006612963441	5998.8684480721395	5992.079485545994	6076.48300508103	5997.091716161058	5976.237001507987	5994.440890365845	5991.815328073252	5991.1719149774835	6008.526262284689	6008.310506126295	5997.091716161058	6014.687984562632	5990.8167477779025	6000.764115511683	6001.940901034156	6000.355439425509	5992.187300727618	5993.630775032254	5976.237001507987	5990.8167477779025	6008.712360392176
6004.95231944865	6001.407323463374	5996.415420324918	5995.784997846289	5994.473765966617	5975.21167982908	5994.384124233938	6000.828106731184	6001.407323463374	6003.3244751669845	5997.363937418466	5993.082541665603	5993.128058214912	5975.822413273489	5991.81621045671	6001.899748509919	5996.415420324918	5997.363937418466	6000.804229642978	5990.093191051479	5995.384870722382	5978.025098899718	5991.038562996072	6000.763371670118	5995.784997846289	5993.082541665603	5990.093191051479	6009.380576639208	6006.437422999616	5998.965640254976	6008.669867012926	5992.047489840521	5994.473765966617	5993.128058214912	5995.384870722382	6006.437422999616	6013.848959178247	5992.280163289539	6008.399424502735	5993.589246119411	5975.21167982908	5975.822413273489	5978.025098899718	5998.965640254976	5992.280163289539	6076.747031620377	5997.269261242804	5976.132411881885	5994.384124233938	5991.81621045671	5991.038562996072	6008.669867012926	6008.399424502735	5997.269261242804	6014.856163827865	5990.594968191412	6000.828106731184	6001.899748509919	6000.763371670118	5992.047489840521	5993.589246119411	5976.132411881885	5990.594968191412	6009.810371380032
6005.028474618461	5999.684225932826	5996.556300846757	5996.334382263016	5995.491642112811	5975.768777965284	5995.332721279007	5999.9869948574415	5999.684225932826	6001.845494921289	5998.014724234317	5992.742845682085	5994.046379812692	5977.234556003931	5992.075197302342	6001.545781454283	5996.556300846757	5998.014724234317	5999.927579565292	5990.754331373411	5995.383396698199	5978.424333668477	5991.57902179832	5999.735571708988	5996.334382263016	5992.742845682085	5990.754331373411	6008.522826738503	6005.963121600093	5997.6477336703165	6007.827740560045	5992.511772784441	5995.491642112811	5994.046379812692	5995.383396698199	6005.963121600093	6012.872088587211	5990.823174267973	6007.565993362755	5994.12956078954	5975.768777965284	5977.234556003931	5978.424333668477	5997.6477336703165	5990.823174267973	6074.821058625144	5995.58310454742	5977.166806435943	5995.332721279007	5992.075197302342	5991.57902179832	6007.827740560045	6007.565993362755	5995.58310454742	6013.7779593744235	5991.48123515261	5999.9869948574415	6001.545781454283	5999.735571708988	5992.511772784441	5994.12956078954	5977.166806435943	5991.48123515261	6006.596006242497
6001.689317674653	5997.537407730247	5997.217364724015	5995.228752066734	5996.6221453313265	5977.9008306011365	5995.354169362758	5997.542091909035	5997.537407730247	5998.41419205538	5998.066565800217	5993.469943771613	5996.426676700647	5980.114778338628	5993.961991309871	5998.408848041013	5997.217364724015	5998.066565800217	5998.226717724826	5993.191775537112	5996.474290314951	5980.156727822992	5993.839992391964	5998.071354643511	5995.228752066734	5993.469943771613	5993.191775537112	6003.147070634986	6002.589979557722	5993.503889248228	6002.766022524703	5993.4733538001665	5996.6221453313265	5996.426676700647	5996.474290314951	6002.589979557722	6009.032276428271	5986.711920662049	6003.558043724916	5996.430165928096	5977.9008306011365	5980.114778338628	5980.156727822992	5993.503889248228	5986.711920662049	6068.393311477986	5990.768509570391	5980.115435160951	5995.354169362758	5993.961991309871	5993.839992391964	6002.766022524703	6003.558043724916	5990.768509570391	6008.351847358521	5993.964537524586	5997.542091909035	5998.408848041013	5998.071354643511	5993.4733538001665	5996.430165928096	5980.115435160951	5993.964537524586	5998.423848769327
6002.412329403425	5997.288136253843	5996.9390615110115	5995.838583374653	5996.8739796118025	5977.797434462828	5995.923173064529	5997.293376099551	5997.288136253843	5998.145823159144	5997.773336632458	5994.15980130776	5997.001172634158	5981.021967541621	5994.740106491589	5998.142357468304	5996.9390615110115	5997.773336632458	5997.962733651267	5993.799336196753	5996.990471952642	5981.026523208789	5994.545587953217	5997.778355906879	5995.838583374653	5994.15980130776	5993.799336196753	6001.421614971696	6000.814756782645	5991.391390748885	6000.804215564026	5994.163655157302	5996.8739796118025	5997.001172634158	5996.990471952642	6000.814756782645	6007.038613944168	5985.066090464613	6001.602208966201	5997.004212751617	5977.797434462828	5981.021967541621	5981.026523208789	5991.391390748885	5985.066090464613	6066.508604810874	5988.505014077723	5981.02258866298	5995.923173064529	5994.740106491589	5994.545587953217	6000.804215564026	6001.602208966201	5988.505014077723	6005.996455410431	5994.7423745607	5997.293376099551	5998.142357468304	5997.778355906879	5994.163655157302	5997.004212751617	5981.02258866298	5994.7423745607	5998.161063260278
6002.489294262819	5997.492365201844	5996.987828178452	5995.747770497517	5996.763296595332	5977.57764602447	5995.776132080378	5997.499260035524	5997.492365201844	5998.486821051846	5997.9292321025905	5993.8273227907075	5996.693916025328	5980.422264349579	5994.317265861602	5998.468130206731	5996.987828178452	5997.9292321025905	5998.198219114766	5993.340045437848	5996.719643259894	5980.456403732917	5994.076738142823	5997.937329842291	5995.747770497517	5993.8273227907075	5993.340045437848	6002.503587729784	6001.64243264413	5992.529323535017	6001.9318802402695	5993.8334012726	5996.763296595332	5996.693916025328	5996.719643259894	6001.64243264413	6007.883642157325	5985.8615384309605	6002.513873745058	5996.7037567697935	5977.57764602447	5980.422264349579	5980.456403732917	5992.529323535017	5985.8615384309605	6068.086340458227	5989.710421841096	5980.424736014431	5995.776132080378	5994.317265861602	5994.076738142823	6001.9318802402695	6002.513873745058	5989.710421841096	6007.298819757836	5994.324878928674	5997.499260035524	5998.468130206731	5997.937329842291	5993.8334012726	5996.7037567697935	5980.424736014431	5994.324878928674	5998.482109366553
6000.795000120069	5996.677466471021	5996.419758607152	5996.2169660162035	5996.708800930246	5980.332611106273	5996.461554424186	5996.682377477236	5996.677466471021	5996.669377171235	5996.372468217616	5995.759197752219	5996.708383789627	5984.335855841261	5996.306847281622	5996.659175852464	5996.419758607152	5996.372468217616	5996.458536335719	5995.420992639564	5996.435140578771	5984.404670548362	5996.038101384913	5996.377432860015	5996.2169660162035	5995.759197752219	5995.420992639564	5996.500038515239	5995.858028903608	5986.767499678453	5995.975048519611	5995.763645814659	5996.708800930246	5996.708383789627	5996.435140578771	5995.858028903608	5997.014595024387	5984.260454156488	5996.396256806517	5996.713181594763	5980.332611106273	5984.335855841261	5984.404670548362	5986.767499678453	5984.260454156488	6057.02144845748	5984.6138892551	5984.338251502331	5996.461554424186	5996.306847281622	5996.038101384913	5995.975048519611	5996.396256806517	5984.6138892551	5998.588428891411	5996.311418063417	5996.682377477236	5996.659175852464	5996.377432860015	5995.763645814659	5996.713181594763	5984.338251502331	5996.311418063417	5996.671932183206
6001.153141590192	5996.473603506073	5996.253864483266	5996.16881893139	5996.48323683104	5980.692391791482	5996.345038289929	5996.479491989255	5996.473603506073	5996.4547578684615	5996.186734423116	5995.698733750484	5996.450601845803	5985.147159639915	5996.208278958224	5996.44015781465	5996.253864483266	5996.186734423116	5996.260876995757	5995.406897452446	5996.204628979629	5985.202020068224	5995.970693306372	5996.192713613875	5996.16881893139	5995.698733750484	5995.406897452446	5996.331013633172	5995.722360392865	5987.035734008335	5995.832474201978	5995.704086872555	5996.48323683104	5996.450601845803	5996.204628979629	5995.722360392865	5996.521818528079	5985.134008386959	5996.230181414311	5996.456454061889	5980.692391791482	5985.147159639915	5985.202020068224	5987.035734008335	5985.134008386959	6053.437460170238	5985.2433258226765	5985.150760382121	5996.345038289929	5996.208278958224	5995.970693306372	5995.832474201978	5996.230181414311	5985.2433258226765	5997.940671412185	5996.214045726587	5996.479491989255	5996.44015781465	5996.192713613875	5995.704086872555	5996.456454061889	5985.150760382121	5996.214045726587	5996.453799307841
6011.872782444389	5988.255006218418	5998.475147182196	5999.089223191506	5998.8994757424825	5974.421394756864	5999.088490276814	5998.900404616563	5988.255006218418	6048.677402004555	5979.108700173296	5986.890753894433	5979.100281650945	5973.271870057421	5979.673503380058	5979.116423991373	5998.475147182196	5979.108700173296	6003.5789510618315	5997.31818064058	6003.502298247252	5987.178776932957	6002.326424520532	6003.496587969213	5999.089223191506	5986.890753894433	5997.31818064058	5998.810507107794	5997.993013304921	5989.045430387052	5998.395045247767	5997.985500987012	5998.8994757424825	5979.100281650945	6003.502298247252	5997.993013304921	6004.031997707404	5987.378106489924	6002.8577079316565	6004.011198969256	5974.421394756864	5973.271870057421	5987.178776932957	5989.045430387052	5987.378106489924	6066.612619560584	5987.740940675678	5987.372600272047	5999.088490276814	5979.673503380058	6002.326424520532	5998.395045247767	6002.8577079316565	5987.740940675678	6004.040222755918	6002.849737556307	5998.900404616563	5979.116423991373	6003.496587969213	5997.985500987012	6004.011198969256	5987.372600272047	6002.849737556307	6004.013180504813
