5996.525023717018	5995.606167316649	5995.636645596416	5996.47589538765	5996.707705540659	5989.020480356275	5996.513416100277	5997.212398296008	5995.606167316649	5998.980108032397	5994.823979381765	5995.5810608371385	5995.700813352607	5988.126347817435	5995.605185977759	5996.298647242092	5995.636645596416	5994.823979381765	5996.081132610008	5995.584363549174	5995.96821538012	5989.134748151226	5995.636066397441	5997.040458405917	5996.47589538765	5995.5810608371385	5995.584363549174	5996.548344392716	5996.681990705014	5989.14895860958	5996.4756022533065	5997.188570188777	5996.707705540659	5995.700813352607	5995.96821538012	5996.681990705014	5997.94022054995	5988.646543918085	5996.7081884056815	5997.337053824499	5989.020480356275	5988.126347817435	5989.134748151226	5989.14895860958	5988.646543918085	6029.918798192788	5989.027658306757	5989.2722600202405	5996.513416100277	5995.605185977759	5995.636066397441	5996.4756022533065	5996.7081884056815	5989.027658306757	5996.5230798967295	5997.209971638296	5997.212398296008	5996.298647242092	5997.040458405917	5997.188570188777	5997.337053824499	5989.2722600202405	5997.209971638296	6003.445183976469
5997.433224181972	5996.633326033748	5995.171824469454	5997.389237901631	5997.445437695331	5988.601583646769	5997.418891966394	5997.387458294096	5996.633326033748	5999.202465523824	5994.588071349945	5996.615016489375	5996.626179881757	5987.910747728945	5996.633002721813	5996.669794755816	5995.171824469454	5994.588071349945	5996.335712542159	5995.09509366109	5995.379247736038	5989.040560026321	5995.170634613352	5997.250411226843	5997.389237901631	5996.615016489375	5995.09509366109	5997.4970993368515	5997.422197591321	5988.76807865819	5997.389408106264	5997.360814967857	5997.445437695331	5996.626179881757	5995.379247736038	5997.422197591321	5998.020164060719	5988.41715144472	5997.446015767202	5997.440074557806	5988.601583646769	5987.910747728945	5989.040560026321	5988.76807865819	5988.41715144472	6031.140088288679	5988.611889467051	5989.029535155886	5997.418891966394	5996.633002721813	5995.170634613352	5997.389408106264	5997.446015767202	5988.611889467051	5997.427317141841	5997.384698118171	5997.387458294096	5996.669794755816	5997.250411226843	5997.360814967857	5997.440074557806	5989.029535155886	5997.384698118171	6004.563375645388
5999.376779793842	5983.359924837013	5997.130031797782	5998.962834379974	5999.244723075157	5998.127736741498	5999.24228732857	5999.3476696891175	5983.359924837013	6038.530150366289	5984.468221030544	5984.208317218245	5983.330069325563	5982.4788745232945	5983.33224228962	5984.459017466404	5997.130031797782	5984.468221030544	5997.768894261009	5996.716500003543	5997.151086865566	5996.296817665808	5997.146802447045	5999.022888809121	5998.962834379974	5984.208317218245	5996.716500003543	5999.3185985961045	5998.9957503717615	5998.003244754958	5998.993803666352	5999.142757768718	5999.244723075157	5983.330069325563	5997.151086865566	5998.9957503717615	5999.297038772672	5998.1857064897495	5999.28568802252	5999.367078564384	5998.127736741498	5982.4788745232945	5996.296817665808	5998.003244754958	5998.1857064897495	6003.420716166516	5998.18371201868	5998.284660865317	5999.24228732857	5983.33224228962	5997.146802447045	5998.993803666352	5999.28568802252	5998.18371201868	5999.2958543255045	5999.362943192383	5999.3476696891175	5984.459017466404	5999.022888809121	5999.142757768718	5999.367078564384	5998.284660865317	5999.362943192383	6006.89616091998
6001.028247583175	5981.700584971364	5997.5917733210645	5999.142010046323	6000.3246092843565	5998.814037337152	6000.287460888183	5999.924674182527	5981.700584971364	6044.879581016795	5981.180585973335	5986.4530128536935	5981.062180472074	5980.957070959158	5981.064677649376	5982.334806360606	5997.5917733210645	5981.180585973335	5999.511427667214	5995.013746577941	5997.95546181107	5996.670528622948	5997.858778492838	5999.378826006066	5999.142010046323	5986.4530128536935	5995.013746577941	6001.626561340709	5999.183233446477	5998.383379468572	5999.300747146402	5998.743166555692	6000.3246092843565	5981.062180472074	5997.95546181107	5999.183233446477	6000.793506567092	5999.3131105431785	6000.735213995537	6000.227291871833	5998.814037337152	5980.957070959158	5996.670528622948	5998.383379468572	5999.3131105431785	6004.656692631229	5999.2853086705945	5998.840087107472	6000.287460888183	5981.064677649376	5997.858778492838	5999.300747146402	6000.735213995537	5999.2853086705945	6001.058202725726	6000.142057381975	5999.924674182527	5982.334806360606	5999.378826006066	5998.743166555692	6000.227291871833	5998.840087107472	6000.142057381975	6005.52800540089
6016.190381315231	5991.106951608546	5993.223964842626	6005.399121381629	5999.117872791242	5979.947786595312	6003.488537783444	5998.459487303036	5991.106951608546	6065.6451609872265	5975.7414604444275	5978.823726211928	5960.479727050327	5963.6584422198275	5967.93552939139	5984.266839036059	5993.223964842626	5975.7414604444275	6010.930278943909	5989.419469142952	6003.8788854036675	5987.501456178054	5994.008609790537	6010.518671518875	6005.399121381629	5978.823726211928	5989.419469142952	6019.21440247711	6014.344998901177	6003.6503199433555	6019.300621851711	5990.9718803848655	5999.117872791242	5960.479727050327	6003.8788854036675	6014.344998901177	6028.943242399277	6005.452431731626	6020.705779741714	6000.042043200465	5979.947786595312	5963.6584422198275	5987.501456178054	6003.6503199433555	6005.452431731626	6063.121591428759	6005.4866262030255	5984.198032270214	6003.488537783444	5967.93552939139	5994.008609790537	6019.300621851711	6020.705779741714	6005.4866262030255	6027.995676652873	5991.986784165154	5998.459487303036	5984.266839036059	6010.518671518875	5990.9718803848655	6000.042043200465	5984.198032270214	5991.986784165154	6022.671444578271
6016.786989845318	5990.759274676304	5994.187191004659	6005.626458940417	6000.268663176921	5977.687502746925	6003.814281043959	5999.347698184188	5990.759274676304	6065.134206550753	5976.2187593205945	5978.572753220127	5960.963255303736	5964.043572276226	5967.535164547377	5984.602682688123	5994.187191004659	5976.2187593205945	6010.634260395097	5990.195169221929	6003.990392866919	5985.722225494847	5995.118583731891	6010.342441521572	6005.626458940417	5978.572753220127	5990.195169221929	6019.116309714035	6015.020651596504	6002.274677101413	6019.197063532673	5991.706655366247	6000.268663176921	5960.963255303736	6003.990392866919	6015.020651596504	6029.28209816627	6002.698278710451	6021.729707568525	6000.301220551963	5977.687502746925	5964.043572276226	5985.722225494847	6002.274677101413	6002.698278710451	6069.681595885301	6003.559030071628	5982.4980428187655	6003.814281043959	5967.535164547377	5995.118583731891	6019.197063532673	6021.729707568525	6003.559030071628	6027.883898659189	5993.025417538201	5999.347698184188	5984.602682688123	6010.342441521572	5991.706655366247	6000.301220551963	5982.4980428187655	5993.025417538201	6022.569454244663
6009.417131972448	5988.808257457506	5993.135769963103	6000.53408864409	5996.455866435278	5994.757309962769	5996.541682245118	5997.742802011702	5988.808257457506	6061.676882590983	5980.32700025441	5976.615560829103	5964.630218273412	5964.557795819522	5964.7298364271755	5987.861034564558	5993.135769963103	5980.32700025441	6003.158068812165	5990.881159236611	5996.223114530355	5995.335024980313	5996.104970384008	6003.836602610894	6000.53408864409	5976.615560829103	5990.881159236611	6015.1253733899575	6013.475557402621	6012.434578939279	6013.558902648319	5991.859263448399	5996.455866435278	5964.630218273412	5996.223114530355	6013.475557402621	6019.726244799721	6018.223372677919	6019.6398948072165	5993.356044204508	5994.757309962769	5964.557795819522	5995.335024980313	6012.434578939279	6018.223372677919	6022.800161776728	6018.150608240279	5992.430544202107	5996.541682245118	5964.7298364271755	5996.104970384008	6013.558902648319	6019.6398948072165	6018.150608240279	6019.764279643073	5993.262220260249	5997.742802011702	5987.861034564558	6003.836602610894	5991.859263448399	5993.356044204508	5992.430544202107	5993.262220260249	6016.8259830149655
6009.881774018145	5989.465714467795	5992.308825428522	6001.048325978717	5995.852879418768	5994.585930410714	5997.221423808575	5997.083586803526	5989.465714467795	6062.806272316831	5979.48006010347	5976.973574916785	5963.630649897546	5963.634852138007	5965.207524060921	5987.314470607451	5992.308825428522	5979.48006010347	6004.17121753366	5990.022157481339	5996.79634388228	5996.055364330858	5994.966150129785	6004.634387421976	6001.048325978717	5976.973574916785	5990.022157481339	6015.964293316901	6013.293362115813	6012.523870110475	6014.611439162727	5991.086644670627	5995.852879418768	5963.630649897546	5996.79634388228	6013.293362115813	6020.614930237634	6019.4042999381	6019.2942998053095	5993.66810497935	5994.585930410714	5963.634852138007	5996.055364330858	6012.523870110475	6019.4042999381	6022.885431713604	6018.193153757154	5992.913634964796	5997.221423808575	5965.207524060921	5994.966150129785	6014.611439162727	6019.2942998053095	6018.193153757154	6021.223091998067	5992.22680536817	5997.083586803526	5987.314470607451	6004.634387421976	5991.086644670627	5993.66810497935	5992.913634964796	5992.22680536817	6017.493042189233
6017.786315616087	5990.220831237874	5995.618017446705	6006.100081874149	6002.105260352325	5974.149667341695	6004.468006743216	6000.661943804939	5990.220831237874	6064.471616007419	5977.183203294042	5977.9199722924695	5961.586672936396	5964.1903712737885	5966.61446928997	5985.420528791629	5995.618017446705	5977.183203294042	6009.922279485229	5991.318438035852	6003.759419145539	5983.256255482653	5996.763243567158	6009.879559467161	6006.100081874149	5977.9199722924695	5991.318438035852	6019.36980228428	6016.5105864422285	6000.287706105359	6019.497255609463	5992.664747101499	6002.105260352325	5961.586672936396	6003.759419145539	6016.5105864422285	6029.941821726538	5999.059981368445	6023.8302476284925	6000.218813398472	5974.149667341695	5964.1903712737885	5983.256255482653	6000.287706105359	5999.059981368445	6079.88142408448	6000.68784622473	5980.012371662818	6004.468006743216	5966.61446928997	5996.763243567158	6019.497255609463	6023.8302476284925	6000.68784622473	6028.239096768774	5994.439778539049	6000.661943804939	5985.420528791629	6009.879559467161	5992.664747101499	6000.218813398472	5980.012371662818	5994.439778539049	6022.330862763009
6018.0116743059525	5990.576066931782	5995.145985815285	6006.351254344765	6001.719964267678	5974.117448366583	6004.845149232475	6000.27576891143	5990.576066931782	6065.2119993293545	5976.104309616816	5978.386986720483	5960.65698754992	5964.471507959653	5967.332855897159	5984.515593290252	5995.145985815285	5976.104309616816	6011.47717979773	5990.686796252168	6005.1316609178975	5982.7734835334995	5995.805127607188	6011.1759725263055	6006.351254344765	5978.386986720483	5990.686796252168	6019.663990732654	6015.967966795086	6000.350816390977	6019.937805425367	5992.147746900008	6001.719964267678	5960.65698754992	6005.1316609178975	6015.967966795086	6031.153129217873	5998.560483181072	6023.003166277201	6001.371930789583	5974.117448366583	5964.471507959653	5982.7734835334995	6000.350816390977	5998.560483181072	6080.417980245264	6000.789195481029	5979.597014058361	6004.845149232475	5967.332855897159	5995.805127607188	6019.937805425367	6023.003166277201	6000.789195481029	6028.8842261240625	5993.658997475615	6000.27576891143	5984.515593290252	6011.1759725263055	5992.147746900008	6001.371930789583	5979.597014058361	5993.658997475615	6023.40865318861
6017.279041029102	5988.948273450881	5996.955740019352	6005.662791128372	6003.367369132181	5973.900142723862	6004.247811537834	6001.691657533991	5988.948273450881	6058.625581401294	5980.431841401107	5978.561214208776	5967.429580728843	5965.25269899713	5968.880902627444	5986.446378661964	5996.955740019352	5980.431841401107	6006.087317708636	5993.055300233545	6000.735583576534	5984.121581433852	5998.059659845248	6006.767904008385	6005.662791128372	5978.561214208776	5993.055300233545	6017.136467785648	6015.542483035453	5998.441510870389	6016.839144077381	5995.18844810326	6003.367369132181	5967.429580728843	6000.735583576534	6015.542483035453	6023.800073484557	5997.571567907633	6021.630439638183	5999.536125091849	5973.900142723862	5965.25269899713	5984.121581433852	5998.441510870389	5997.571567907633	6078.744435893446	5998.353994399275	5981.652010539972	6004.247811537834	5968.880902627444	5998.059659845248	6016.839144077381	6021.630439638183	5998.353994399275	6024.068880417717	5997.158890015385	6001.691657533991	5986.446378661964	6006.767904008385	5995.18844810326	5999.536125091849	5981.652010539972	5997.158890015385	6018.919725002529
6001.27124660178	5986.126389403936	5999.064023625851	5999.671597633595	6000.812089682563	5986.097374785403	6000.7821471236875	6000.939005891778	5986.126389403936	6035.533473261589	5986.081680354388	5987.342224602118	5985.991785584953	5976.5078428832285	5985.837494659926	5986.257259032565	5999.064023625851	5986.081680354388	5999.157874641998	5997.706744981577	5999.08440730695	5986.814583561059	5999.055763171311	5999.505584672481	5999.671597633595	5987.342224602118	5997.706744981577	5999.965602807097	5999.662710236133	5988.677437479721	5999.702540715854	5999.824280244479	6000.812089682563	5985.991785584953	5999.08440730695	5999.662710236133	6000.859818765552	5986.620045520939	6000.822779688535	6000.966230831762	5986.097374785403	5976.5078428832285	5986.814583561059	5988.677437479721	5986.620045520939	6054.672077130483	5986.692415830187	5986.701186111611	6000.7821471236875	5985.837494659926	5999.055763171311	5999.702540715854	6000.822779688535	5986.692415830187	6001.20552911403	6000.921735256714	6000.939005891778	5986.257259032565	5999.505584672481	5999.824280244479	6000.966230831762	5986.701186111611	6000.921735256714	6002.849715559608
6004.5070937036935	5983.660584804698	6000.042789058932	6002.115284047099	6003.7804687851385	5984.979399514933	6003.661835821698	6003.432233033062	5983.660584804698	6042.099882035705	5983.76857075302	5985.93632497627	5983.318298057339	5976.605476952089	5983.064517964852	5983.887878017084	6000.042789058932	5983.76857075302	6000.502933424135	5997.7105521731355	6000.136725519426	5985.855366112745	5999.99111240256	6000.7954459376815	6002.115284047099	5985.93632497627	5997.7105521731355	6002.901186892332	6002.141035328642	5989.121310082439	6002.25591732564	6001.779849383517	6003.7804687851385	5983.318298057339	6000.136725519426	6002.141035328642	6003.96190775456	5985.843349684474	6003.82546539511	6003.551060592582	5984.979399514933	5976.605476952089	5985.855366112745	5989.121310082439	5985.843349684474	6057.241746393889	5986.120878331444	5986.0087833605685	6003.661835821698	5983.064517964852	5999.99111240256	6002.25591732564	6003.82546539511	5986.120878331444	6004.566145867712	6003.381643666883	6003.432233033062	5983.887878017084	6000.7954459376815	6001.779849383517	6003.551060592582	5986.0087833605685	6003.381643666883	6006.076397775633
6007.82240133759	5983.1310049667745	5999.145553968483	6006.614892750358	6007.51536060482	5985.528693340769	6007.383278937683	6004.6799719366145	5983.1310049667745	6041.808847890488	5984.620492090725	5984.79421997491	5982.966369992819	5975.990856195934	5982.302425641964	5984.5325707580105	5999.145553968483	5984.620492090725	6000.1971842472585	5997.243412478608	5999.163759574905	5986.606708585858	5998.959864925408	6000.8113894172175	6006.614892750358	5984.79421997491	5997.243412478608	6007.797551642866	6006.694437194884	5988.541580042171	6006.938159017734	6003.577462320898	6007.51536060482	5982.966369992819	5999.163759574905	6006.694437194884	6007.650765986981	5985.961974438548	6007.505936134721	6004.726219439686	5985.528693340769	5975.990856195934	5986.606708585858	5988.541580042171	5985.961974438548	6055.88123605585	5986.37726448344	5986.475889527203	6007.383278937683	5982.302425641964	5998.959864925408	6006.938159017734	6007.505936134721	5986.37726448344	6009.126266919867	6004.407311266785	6004.6799719366145	5984.5325707580105	6000.8113894172175	6003.577462320898	6004.726219439686	5986.475889527203	6004.407311266785	6008.969344542573
6006.252851557015	5984.271344201943	5998.728360357438	6006.098032117444	6006.197208168683	5987.113505463876	6006.192666619683	6005.080022393344	5984.271344201943	6039.684624501305	5985.997580597153	5984.448070635548	5984.2495513986405	5973.913306336578	5983.909369578326	5984.891325069172	5998.728360357438	5985.997580597153	5998.38584694976	5998.538827409893	5998.729095602934	5988.702782134588	5998.7766064027865	5999.317624423013	6006.098032117444	5984.448070635548	5998.538827409893	6006.2107109206045	6006.1109060331	5987.451252530439	6006.119766739611	6004.981743715804	6006.197208168683	5984.2495513986405	5998.729095602934	6006.1109060331	6006.216493504822	5987.191541468477	6006.206495283937	6005.088597116935	5987.113505463876	5973.913306336578	5988.702782134588	5987.451252530439	5987.191541468477	6052.423832851245	5987.188348400875	5987.505602645286	6006.192666619683	5983.909369578326	5998.7766064027865	6006.119766739611	6006.206495283937	5987.188348400875	6006.813609337	6005.062531446352	6005.080022393344	5984.891325069172	5999.317624423013	6004.981743715804	6005.088597116935	5987.505602645286	6005.062531446352	6006.773426684926
5994.992955431401	5994.1544572653565	5994.846036897866	5994.661970781405	5994.871514818999	5994.175748530855	5994.848935902239	5995.084712355049	5994.1544572653565	5997.0653037331	5994.145430103123	5994.038545431369	5994.168168743239	5993.482839079826	5994.136874328318	5994.371976988622	5994.846036897866	5994.145430103123	5994.873715203376	5994.636734251336	5994.86182186881	5994.178509681534	5994.839143700401	5995.077943310626	5994.661970781405	5994.038545431369	5994.636734251336	5995.183269446936	5994.667357525595	5994.102221624216	5994.678278056732	5994.9166871772395	5994.871514818999	5994.168168743239	5994.86182186881	5994.667357525595	5994.893755176588	5994.201076415992	5994.8647249697615	5995.0991995865315	5994.175748530855	5993.482839079826	5994.178509681534	5994.102221624216	5994.201076415992	5998.2927524877	5994.179569800874	5994.3961982405335	5994.848935902239	5994.136874328318	5994.839143700401	5994.678278056732	5994.8647249697615	5994.179569800874	5995.1610136477175	5995.068901251657	5995.084712355049	5994.371976988622	5995.077943310626	5994.9166871772395	5995.0991995865315	5994.3961982405335	5995.068901251657	5996.393917627036
6008.248591265742	5992.942971226269	5992.941283871694	5997.446355831829	5992.944827442041	5992.684906463846	5993.078729462214	5997.843431067525	5992.942971226269	5995.437904762317	5995.361690919682	5994.136132007233	5995.394658541281	5995.255758518247	5995.312922316902	5996.671006644836	5992.941283871694	5995.361690919682	5995.413495531835	5994.096028496254	5995.376194931763	5995.237363735786	5995.29385204474	5996.7223226521	5997.446355831829	5994.136132007233	5994.096028496254	5997.56454895318	5994.143597949555	5994.052785563689	5994.254545444204	5997.946470696643	5992.944827442041	5995.394658541281	5995.376194931763	5994.143597949555	5995.415306571189	5995.27024303783	5995.327441638793	5996.681598058428	5992.684906463846	5995.255758518247	5995.237363735786	5994.052785563689	5995.27024303783	5996.09966547376	5995.19020763888	5996.518849674124	5993.078729462214	5995.312922316902	5995.29385204474	5994.254545444204	5995.327441638793	5995.19020763888	5995.578037940633	5996.616259855291	5997.843431067525	5996.671006644836	5996.7223226521	5997.946470696643	5996.681598058428	5996.518849674124	5996.616259855291	6009.32248388669
5996.375833849331	5994.762358375337	5994.714483351073	5995.059429515502	5995.04432408917	5995.030300897654	5994.972329805381	5996.779500071791	5994.762358375337	5996.04699216178	5994.580616044147	5994.7856363800165	5994.947645999709	5994.935082376448	5994.855652877871	5996.44719146358	5994.714483351073	5994.580616044147	5995.341441158499	5994.510564140106	5994.859478962532	5994.846975217991	5994.765123166399	5997.248077972772	5995.059429515502	5994.7856363800165	5994.510564140106	5996.24945131996	5995.019714468823	5995.00929709716	5995.068363029362	5997.076140346741	5995.04432408917	5994.947645999709	5994.859478962532	5995.019714468823	5995.248730308427	5995.230458151404	5995.155739103889	5996.739705464551	5995.030300897654	5994.935082376448	5994.846975217991	5995.00929709716	5995.230458151404	5995.297550427369	5995.1429317532775	5996.726400838488	5994.972329805381	5994.855652877871	5994.765123166399	5995.068363029362	5995.155739103889	5995.1429317532775	5995.782006289324	5996.521898323028	5996.779500071791	5996.44719146358	5997.248077972772	5997.076140346741	5996.739705464551	5996.726400838488	5996.521898323028	6009.3189062055235
5998.580926104699	5996.920904566639	5996.143720265146	5996.469075606198	5996.925529723232	5983.615372071535	5996.7770220345765	5997.31922901837	5996.920904566639	5996.9297626034995	5996.093263385306	5996.317623671603	5996.917090565842	5985.193127913112	5996.746956700306	5997.249538871951	5996.143720265146	5996.093263385306	5996.396015344327	5995.357643743639	5996.098731746728	5985.440735605708	5995.94440619408	5996.698062213811	5996.469075606198	5996.317623671603	5995.357643743639	5996.994100818801	5996.322968441844	5987.195874209735	5996.373489295646	5996.72881879011	5996.925529723232	5996.917090565842	5996.098731746728	5996.322968441844	5996.929291508555	5985.193569536358	5996.752620345706	5997.254365684961	5983.615372071535	5985.193127913112	5985.440735605708	5987.195874209735	5985.193569536358	6050.062088541188	5985.281491831718	5985.250737711348	5996.7770220345765	5996.746956700306	5995.94440619408	5996.373489295646	5996.752620345706	5985.281491831718	5997.89245570677	5997.027383055612	5997.31922901837	5997.249538871951	5996.698062213811	5996.72881879011	5997.254365684961	5985.250737711348	5997.027383055612	6000.033466013432
5998.282748637234	5997.158093289066	5996.110176155187	5996.706794861185	5997.162621487827	5983.403238105651	5997.007232121841	5997.268804259591	5997.158093289066	5997.1592020975095	5996.063665818692	5996.610876892963	5997.147603823146	5984.544543686508	5996.978192112303	5997.2399712042015	5996.110176155187	5996.063665818692	5996.357363134517	5995.3728460778675	5996.06908834551	5984.981919049046	5995.9303765729055	5996.268563674323	5996.706794861185	5996.610876892963	5995.3728460778675	5997.205147463434	5996.616015798532	5986.478961236334	5996.654137652219	5996.725403516268	5997.162621487827	5997.147603823146	5996.06908834551	5996.616015798532	5997.159856525372	5984.5441807589705	5996.983654298756	5997.244715061565	5983.403238105651	5984.544543686508	5984.981919049046	5986.478961236334	5984.5441807589705	6053.021727966738	5984.616218583147	5984.568128763958	5997.007232121841	5996.978192112303	5995.9303765729055	5996.654137652219	5996.983654298756	5984.616218583147	5998.203936592867	5997.055637701101	5997.268804259591	5997.2399712042015	5996.268563674323	5996.725403516268	5997.244715061565	5984.568128763958	5997.055637701101	5998.13058137868
5997.713011030297	5996.884884146997	5996.036153096178	5996.550393985054	5996.889710287547	5984.078940663427	5996.804514714669	5996.980792267882	5996.884884146997	5996.876116320912	5995.991349677528	5996.485450758602	5996.864582677768	5984.939982618407	5996.774771907066	5996.948648386781	5996.036153096178	5995.991349677528	5996.192743938768	5995.530842824277	5995.996886517068	5985.361584790407	5995.9288897903725	5996.144108833027	5996.550393985054	5996.485450758602	5995.530842824277	5996.8658812308895	5996.490710197851	5986.276283605059	5996.49778371749	5996.584984661095	5996.889710287547	5996.864582677768	5995.996886517068	5996.490710197851	5996.877128441482	5984.939306072411	5996.78024918551	5996.953633299982	5984.078940663427	5984.939982618407	5985.361584790407	5986.276283605059	5984.939306072411	6051.552940664787	5984.9105437541975	5984.94720190787	5996.804514714669	5996.774771907066	5995.9288897903725	5996.49778371749	5996.78024918551	5984.9105437541975	5997.637639961372	5996.852862760681	5996.980792267882	5996.948648386781	5996.144108833027	5996.584984661095	5996.953633299982	5984.94720190787	5996.852862760681	5997.629170657087
5997.207939425976	5996.8512811098435	5996.092189691437	5996.451493596221	5996.856072055373	5984.560508610492	5996.732668921366	5997.114891151468	5996.8512811098435	5996.8536992019535	5996.071268847595	5996.419701980205	5996.842980765597	5984.924521241407	5996.716790386284	5997.093616356518	5996.092189691437	5996.071268847595	5996.283164736072	5995.569433057749	5996.076634600062	5985.304808198662	5995.972809525394	5996.487618712567	5996.451493596221	5996.419701980205	5995.569433057749	5996.830179518065	5996.424893809853	5986.417948542294	5996.438460814014	5996.707680676958	5996.856072055373	5996.842980765597	5996.076634600062	5996.424893809853	5996.855605610648	5984.923421508825	5996.722260992378	5997.098329564655	5984.560508610492	5984.924521241407	5985.304808198662	5986.417948542294	5984.923421508825	6051.231004168998	5984.908557077105	5984.949131233007	5996.732668921366	5996.716790386284	5995.972809525394	5996.438460814014	5996.722260992378	5984.908557077105	5997.8483499799	5996.931339321147	5997.114891151468	5997.093616356518	5996.487618712567	5996.707680676958	5997.098329564655	5984.949131233007	5996.931339321147	5999.001451976036
5995.641054807101	5995.4597850284545	5994.174542622739	5995.367671582173	5995.409937285476	5995.465681792427	5995.0434318291545	5995.635365724131	5995.4597850284545	5995.520914530697	5994.19327753906	5995.376066044244	5995.461505631116	5995.495059795441	5995.065970139074	5995.655524032638	5994.174542622739	5994.19327753906	5995.329144324476	5993.891977363994	5995.210671528166	5994.198899604692	5994.079814685729	5994.899985870569	5995.367671582173	5995.376066044244	5993.891977363994	5996.641632545039	5996.087190623762	5995.38174469865	5995.774973413362	5995.550616890875	5995.409937285476	5995.461505631116	5995.210671528166	5996.087190623762	6000.029787566297	5995.470007968915	5996.077358837643	5995.585800955839	5995.465681792427	5995.495059795441	5994.198899604692	5995.38174469865	5995.470007968915	5995.507214205912	5995.073305864596	5995.661283702473	5995.0434318291545	5995.065970139074	5994.079814685729	5995.774973413362	5996.077358837643	5995.073305864596	5999.011005362547	5995.046510817129	5995.635365724131	5995.655524032638	5994.899985870569	5995.550616890875	5995.585800955839	5995.661283702473	5995.046510817129	5998.422610573343
5995.118104368794	5994.913244619642	5994.536115546664	5994.763411311071	5995.337829457565	5994.915050753221	5994.640560698822	5994.941749535724	5994.913244619642	5994.962495212435	5994.567880954317	5994.776234478559	5995.408018351909	5994.949633639908	5994.670537607168	5994.975718429248	5994.536115546664	5994.567880954317	5994.863535948089	5994.355593119158	5995.379143482259	5994.569747510611	5994.413478421353	5994.6058303418495	5994.763411311071	5994.776234478559	5994.355593119158	5995.87306790886	5996.070996737481	5994.778161165431	5995.356875899295	5994.80576406607	5995.337829457565	5995.408018351909	5995.379143482259	5996.070996737481	6000.653258553976	5995.411057343336	5996.218074791111	5995.420770945843	5994.915050753221	5994.949633639908	5994.569747510611	5994.778161165431	5995.411057343336	5994.95989066766	5994.673150442293	5994.9775700623295	5994.640560698822	5994.670537607168	5994.413478421353	5995.356875899295	5996.218074791111	5994.673150442293	5999.103074269041	5994.681110120006	5994.941749535724	5994.975718429248	5994.6058303418495	5994.80576406607	5995.420770945843	5994.9775700623295	5994.681110120006	5995.173419370383
5995.091591656667	5994.867494667558	5994.562394362035	5994.698430706489	5995.313035468862	5994.869251728276	5994.603244792661	5994.877688107252	5994.867494667558	5994.920827466919	5994.598014053723	5994.710050319866	5995.388265638443	5994.907317944097	5994.6346698129555	5994.91555737698	5994.562394362035	5994.598014053723	5994.836834850293	5994.364889872123	5995.359195716435	5994.599842245346	5994.422262006659	5994.610167752416	5994.698430706489	5994.710050319866	5994.364889872123	5995.910104372651	5996.102232446638	5994.711964650894	5995.367606836653	5994.720480127773	5995.313035468862	5995.388265638443	5995.359195716435	5996.102232446638	6000.607682949612	5995.391268727217	5996.213533111504	5995.395350592912	5994.869251728276	5994.907317944097	5994.599842245346	5994.711964650894	5995.391268727217	5994.918638328214	5994.6372608416095	5994.917374147299	5994.603244792661	5994.6346698129555	5994.422262006659	5995.367606836653	5996.213533111504	5994.6372608416095	5999.032398941312	5994.640782346091	5994.877688107252	5994.91555737698	5994.610167752416	5994.720480127773	5995.395350592912	5994.917374147299	5994.640782346091	5994.970076429263
5995.0047064910905	5994.872921586829	5994.597324241921	5994.626247946624	5995.268876361277	5994.829768315622	5994.573395980204	5994.877656746781	5994.872921586829	5994.9101112852395	5994.6169689726685	5994.626835637592	5995.305797629517	5994.85114543078	5994.586755884316	5994.898507237762	5994.597324241921	5994.6169689726685	5994.829685158909	5994.298883388483	5995.245778598426	5994.5756662246395	5994.379612300916	5994.622008659373	5994.626247946624	5994.626835637592	5994.298883388483	5996.132818528318	5996.087187025081	5994.5962480678845	5995.4561666292575	5994.631409331829	5995.268876361277	5995.305797629517	5995.245778598426	5996.087187025081	6000.074417880357	5995.256064423635	5996.097031421947	5995.311248310679	5994.829768315622	5994.85114543078	5994.5756662246395	5994.5962480678845	5995.256064423635	5995.104492616755	5994.547615922949	5994.855873507222	5994.573395980204	5994.586755884316	5994.379612300916	5995.4561666292575	5996.097031421947	5994.547615922949	5998.940539464985	5994.591402434695	5994.877656746781	5994.898507237762	5994.622008659373	5994.631409331829	5995.311248310679	5994.855873507222	5994.591402434695	5994.911207197184
5994.980898957669	5994.811484472051	5994.589592355	5994.613845810772	5995.210554884866	5994.811978113726	5994.597011977314	5994.817577184006	5994.811484472051	5994.858214656597	5994.613326888773	5994.617717587212	5995.256541710634	5994.837246048713	5994.616571179565	5994.842759206541	5994.589592355	5994.613326888773	5994.7818181102675	5994.35398146993	5995.187831286687	5994.613955372118	5994.437769931194	5994.619701653089	5994.613845810772	5994.617717587212	5994.35398146993	5995.778000338429	5995.749858120467	5994.618764954592	5995.111657110371	5994.623603859905	5995.210554884866	5995.256541710634	5995.187831286687	5995.749858120467	5999.333636041425	5995.258007512556	5995.707229678378	5995.263543093271	5994.811978113726	5994.837246048713	5994.613955372118	5994.618764954592	5995.258007512556	5994.863862327663	5994.617982480743	5994.843343878487	5994.597011977314	5994.616571179565	5994.437769931194	5995.111657110371	5995.707229678378	5994.617982480743	5997.965837702982	5994.6226485753605	5994.817577184006	5994.842759206541	5994.619701653089	5994.623603859905	5995.263543093271	5994.843343878487	5994.6226485753605	5994.858287788168
5997.222791389328	5997.061567442396	5996.875020471129	5995.659224359624	5997.609719167223	5983.0696656066875	5996.140657511774	5997.067548700342	5997.061567442396	5997.084321092228	5996.87787748132	5995.635306962073	5997.619993415634	5983.2052605736235	5996.127269272774	5997.070634433064	5996.875020471129	5996.87787748132	5996.976495700097	5995.421647953617	5997.560711612494	5983.214679104952	5995.988926186797	5996.884012286454	5995.659224359624	5995.635306962073	5995.421647953617	5997.697881373065	5998.12436312432	5987.784559145889	5997.285239653564	5995.640712590337	5997.609719167223	5997.619993415634	5997.560711612494	5998.12436312432	6003.480184382039	5982.5515495701675	5998.736752266295	5997.627061861937	5983.0696656066875	5983.2052605736235	5983.214679104952	5987.784559145889	5982.5515495701675	6056.366697059886	5985.03807860048	5983.207714773796	5996.140657511774	5996.127269272774	5995.988926186797	5997.285239653564	5998.736752266295	5985.03807860048	6001.8609975969375	5996.1332012836965	5997.067548700342	5997.070634433064	5996.884012286454	5995.640712590337	5997.627061861937	5983.207714773796	5996.1332012836965	5997.083837917896
5997.181883548177	5996.994146974701	5996.887064473026	5995.649429823225	5997.626235967635	5983.102813273606	5996.037096056285	5996.999484466497	5996.994146974701	5997.014830886514	5996.891418325359	5995.6236251400705	5997.640837225462	5983.264978710059	5996.021727474239	5997.004002071873	5996.887064473026	5996.891418325359	5996.948798109889	5995.505284921426	5997.613984014947	5983.273332877923	5995.950281163991	5996.8968538923855	5995.649429823225	5995.6236251400705	5995.505284921426	5997.672135717348	5998.290026821696	5987.601921319709	5997.499647662971	5995.628548905214	5997.626235967635	5997.640837225462	5997.613984014947	5998.290026821696	6003.883637216548	5982.453944149483	5999.060488921846	5997.646860408925	5983.102813273606	5983.264978710059	5983.273332877923	5987.601921319709	5982.453944149483	6056.2466706544565	5985.101701820142	5983.26714543398	5996.037096056285	5996.021727474239	5995.950281163991	5997.499647662971	5999.060488921846	5985.101701820142	6002.7362625383985	5996.0267474718285	5996.999484466497	5997.004002071873	5996.8968538923855	5995.628548905214	5997.646860408925	5983.26714543398	5996.0267474718285	5997.017284048334
5996.845629720767	5996.740122800923	5996.724078923018	5995.6459978839	5997.385330271433	5983.784966575503	5996.024449203703	5996.746356464215	5996.740122800923	5996.756928188097	5996.722525056061	5995.631599434244	5997.388854426347	5983.875978646128	5996.014619631919	5996.744810539737	5996.724078923018	5996.722525056061	5996.7354039081165	5995.612311707349	5997.384509387524	5983.880611434582	5996.004151291504	5996.72877768419	5995.6459978839	5995.631599434244	5995.612311707349	5996.995232321537	5997.40288804542	5987.269952335234	5996.813342790554	5995.637436744065	5997.385330271433	5997.388854426347	5997.384509387524	5997.40288804542	6001.904722689682	5982.844660061868	5998.033496225986	5997.395585756032	5983.784966575503	5983.875978646128	5983.880611434582	5987.269952335234	5982.844660061868	6054.054516198409	5984.934487693314	5983.878717674565	5996.024449203703	5996.014619631919	5996.004151291504	5996.813342790554	5998.033496225986	5984.934487693314	6001.767705394107	5996.020377557417	5996.746356464215	5996.744810539737	5996.72877768419	5995.637436744065	5997.395585756032	5983.878717674565	5996.020377557417	5996.761023791704
5996.982861132342	5996.855316347966	5996.860843160025	5995.364006270059	5997.292270009147	5983.484058166526	5995.8630020552955	5996.870386026652	5996.855316347966	5996.900430059706	5996.855221366913	5995.338581546955	5997.287859917397	5983.577527559078	5995.842535881554	5996.864739878814	5996.860843160025	5996.855221366913	5996.869928454531	5995.340561014441	5997.299718982842	5983.583077156041	5995.850888715369	5996.870316498007	5995.364006270059	5995.338581546955	5995.340561014441	5997.185101987948	5997.216894517867	5988.165583364794	5996.82594271897	5995.351838098924	5997.292270009147	5997.287859917397	5997.299718982842	5997.216894517867	6001.512700017954	5983.187212927115	5997.8098484130915	5997.3050074377215	5983.484058166526	5983.577527559078	5983.583077156041	5988.165583364794	5983.187212927115	6054.3295579848755	5985.529050262504	5983.583996956919	5995.8630020552955	5995.842535881554	5995.850888715369	5996.82594271897	5997.8098484130915	5985.529050262504	6001.521304292516	5995.857387196133	5996.870386026652	5996.864739878814	5996.870316498007	5995.351838098924	5997.3050074377215	5983.583996956919	5995.857387196133	5996.896030446729
5997.07373902686	5996.942281710146	5996.946571232416	5995.261690815008	5997.289966915174	5983.215771813319	5995.961564942104	5996.990364680521	5996.942281710146	5996.977722313284	5996.946076113858	5995.23634324883	5997.2910442377615	5983.313460918146	5995.946181052027	5996.989466309844	5996.946571232416	5996.946076113858	5996.956706991146	5995.237459762721	5997.299267028422	5983.316652199504	5995.951710250688	5996.993892216757	5995.261690815008	5995.23634324883	5995.237459762721	5997.2462453564785	5997.071707541317	5988.537591107456	5996.603880058621	5995.290983485624	5997.289966915174	5997.2910442377615	5997.299267028422	5997.071707541317	6001.255855577332	5983.176665790639	5997.619285746794	5997.326648094901	5983.215771813319	5983.313460918146	5983.316652199504	5988.537591107456	5983.176665790639	6055.147118771311	5985.400083501137	5983.333243041395	5995.961564942104	5995.946181052027	5995.951710250688	5996.603880058621	5997.619285746794	5985.400083501137	6000.609723118299	5995.976433643656	5996.990364680521	5996.989466309844	5996.993892216757	5995.290983485624	5997.326648094901	5983.333243041395	5995.976433643656	5997.235900647419
5997.106658461608	5997.023126903433	5997.017660868674	5995.380675881602	5997.490492562387	5982.956354363692	5996.081229013146	5997.125317000189	5997.023126903433	5997.035408820995	5997.02010936442	5995.3667751597	5997.4955982429165	5983.023745370026	5996.074814944769	5997.127075574685	5997.017660868674	5997.02010936442	5997.02659032418	5995.3591651917	5997.495342253602	5983.024550701169	5996.070883069098	5997.12213137141	5995.380675881602	5995.3667751597	5995.3591651917	5997.549840277537	5997.753590522621	5988.289790197019	5996.887069575337	5995.485522332178	5997.490492562387	5997.4955982429165	5997.495342253602	5997.753590522621	6002.721759594173	5982.7599181088835	5998.254261209518	5997.549930857861	5982.956354363692	5983.023745370026	5983.024550701169	5988.289790197019	5982.7599181088835	6056.756803189283	5985.07927257707	5983.065589643698	5996.081229013146	5996.074814944769	5996.070883069098	5996.887069575337	5998.254261209518	5985.07927257707	6000.8588812213875	5996.126002482695	5997.125317000189	5997.127075574685	5997.12213137141	5995.485522332178	5997.549930857861	5983.065589643698	5996.126002482695	5997.735900464779
5997.437211153918	5997.261539911358	5997.264697616305	5994.993203220578	5997.385663185212	5982.133833975716	5995.667261335932	5997.302356055574	5997.261539911358	5997.3010673341805	5997.27393381841	5994.953760021139	5997.392157250322	5982.260140498095	5995.6426311795685	5997.311111111214	5997.264697616305	5997.27393381841	5997.283596819787	5994.954148197413	5997.400071303141	5982.262096856808	5995.647365033775	5997.314397017832	5994.993203220578	5994.953760021139	5994.954148197413	5998.112484017967	5997.945125737075	5989.442238227771	5997.534236240704	5994.997162396342	5997.385663185212	5997.392157250322	5997.400071303141	5997.945125737075	6002.905682834162	5983.073599207279	5998.5444635442145	5997.4176828008385	5982.133833975716	5982.260140498095	5982.262096856808	5989.442238227771	5983.073599207279	6058.946039091637	5986.194746579881	5982.275628512204	5995.667261335932	5995.6426311795685	5995.647365033775	5997.534236240704	5998.5444635442145	5986.194746579881	6002.184081009798	5995.66303373503	5997.302356055574	5997.311111111214	5997.314397017832	5994.997162396342	5997.4176828008385	5982.275628512204	5995.66303373503	5997.518843820349
