6012.069250669068	5990.778105964253	5991.037752241374	6002.940270166612	5995.543751930182	5990.868327449093	6000.55791129105	5995.990275372658	5990.778105964253	6009.1575315634645	5988.204685626262	5993.864602657515	5990.5634789061605	5998.572393421872	5991.307975021244	5990.44834226757	5991.037752241374	5988.204685626262	6004.12136815486	5987.218517849072	5995.5855236217685	5990.696986245857	5989.170076791169	6004.940816520469	6002.940270166612	5993.864602657515	5987.218517849072	6011.1176511479225	6003.118684046753	5996.5552896652525	6009.040125666938	5990.448791435436	5995.543751930182	5990.5634789061605	5995.5855236217685	6003.118684046753	6008.388604699091	5996.02167723806	6004.477696023813	5995.16224092508	5990.868327449093	5998.572393421872	5990.696986245857	5996.5552896652525	5996.02167723806	6004.625545459516	5995.544210561578	5991.8579849714315	6000.55791129105	5991.307975021244	5989.170076791169	6009.040125666938	6004.477696023813	5995.544210561578	6014.152253554862	5989.773561334229	5995.990275372658	5990.44834226757	6004.940816520469	5990.448791435436	5995.16224092508	5991.8579849714315	5989.773561334229	6017.4825617111455
6001.910634302406	5993.713524479257	5993.681465659043	5994.021645593739	5993.727211705963	5993.73795427139	5993.639266691486	5993.75067465599	5993.713524479257	5994.9257421266775	5994.601109522298	5994.612369562852	5994.78487507464	5994.759242349068	5994.627029624666	5994.76553985032	5993.681465659043	5994.601109522298	5994.707192211252	5994.475372349931	5994.663920915595	5994.635399156812	5994.522893099656	5994.64175382185	5994.021645593739	5994.612369562852	5994.475372349931	5994.937457371755	5994.675489585621	5994.645014761348	5994.654650340802	5994.651131047797	5993.727211705963	5994.78487507464	5994.663920915595	5994.675489585621	5994.946977361594	5994.820502066104	5994.700579928656	5994.826801266563	5993.73795427139	5994.759242349068	5994.635399156812	5994.645014761348	5994.820502066104	5994.835261102368	5994.6662330041645	5994.800672871063	5993.639266691486	5994.627029624666	5994.522893099656	5994.654650340802	5994.700579928656	5994.6662330041645	5996.746582349111	5994.672290329454	5993.75067465599	5994.76553985032	5994.64175382185	5994.651131047797	5994.826801266563	5994.800672871063	5994.672290329454	5994.813488768155
6005.546973691357	5993.247292504054	5992.60688815851	5995.6952961350635	5992.35583220422	5993.2743413448625	5994.129837382659	5994.689290411421	5993.247292504054	5996.184116068485	5994.652130738803	5994.967856823378	5995.8632173304695	5995.97629224427	5994.71432911024	5996.118309196388	5992.60688815851	5994.652130738803	5995.904148496379	5993.603089923131	5995.778613967047	5994.713556463289	5993.918578897444	5995.90431866089	5995.6952961350635	5994.967856823378	5993.603089923131	5998.254929076912	5997.216454430965	5995.020799242085	5997.34229134637	5995.388662754188	5992.35583220422	5995.8632173304695	5995.778613967047	5997.216454430965	6002.850084891996	5995.960226205343	5997.84525556229	5995.802621857485	5993.2743413448625	5995.97629224427	5994.713556463289	5995.020799242085	5995.960226205343	5996.046825383011	5994.792528048633	5996.176317749739	5994.129837382659	5994.71432911024	5993.918578897444	5997.34229134637	5997.84525556229	5994.792528048633	6002.263608150126	5994.482867470514	5994.689290411421	5996.118309196388	5995.90431866089	5995.388662754188	5995.802621857485	5996.176317749739	5994.482867470514	6001.574910768225
5997.891608084387	5997.128756116698	5997.154229524938	5995.467836134311	5997.6358442224055	5982.046953600803	5995.757467285454	5997.344806755267	5997.128756116698	5997.864210959031	5996.978966914848	5995.162058324041	5997.332083574256	5982.40773243476	5995.39644251352	5997.1704129817945	5997.154229524938	5996.978966914848	5997.295901529055	5995.200852792676	5997.714037272488	5982.511694053451	5995.617140335006	5997.199339617764	5995.467836134311	5995.162058324041	5995.200852792676	5999.361882492437	6000.476444409617	5988.887645657945	5999.535300187838	5995.375113050817	5997.6358442224055	5997.332083574256	5997.714037272488	6000.476444409617	6007.7846456045445	5983.180402913057	6001.786256473304	5997.692671545488	5982.046953600803	5982.40773243476	5982.511694053451	5988.887645657945	5983.180402913057	6059.015105557791	5986.548266214235	5982.499705477721	5995.757467285454	5995.39644251352	5995.617140335006	5999.535300187838	6001.786256473304	5986.548266214235	6005.778972240852	5995.695913114456	5997.344806755267	5997.1704129817945	5997.199339617764	5995.375113050817	5997.692671545488	5982.499705477721	5995.695913114456	5997.395849383543
6004.5435662133805	5996.175220966961	5996.624572566274	5996.399817745641	5996.740258536435	5977.06987473352	5996.350385468326	5996.64068041397	5996.175220966961	5999.232598842329	5997.252505760552	5993.8494040677715	5996.778623621707	5981.967080558202	5994.283546040953	5997.267728933356	5996.624572566274	5997.252505760552	5997.952027417462	5994.22455553677	5997.5943540475055	5982.241921638029	5994.919873695718	5997.945039346314	5996.399817745641	5993.8494040677715	5994.22455553677	5998.961199315068	5997.280119601161	5989.649521798596	5998.484387145266	5994.245945762562	5996.740258536435	5996.778623621707	5997.5943540475055	5997.280119601161	6002.014060920958	5983.7888082335785	5998.104699637571	5997.603037085803	5977.06987473352	5981.967080558202	5982.241921638029	5989.649521798596	5983.7888082335785	6063.290761118124	5987.20125809632	5982.245046026211	5996.350385468326	5994.283546040953	5994.919873695718	5998.484387145266	5998.104699637571	5987.20125809632	6003.894766194753	5994.933475957411	5996.64068041397	5997.267728933356	5997.945039346314	5994.245945762562	5997.603037085803	5982.245046026211	5994.933475957411	5997.967029605404
6004.535640364034	5995.336592134403	5997.211449931377	5996.461487090422	5997.264361761068	5976.732084580268	5996.719976604336	5997.222388140619	5995.336592134403	6003.424634500065	5995.835031350624	5993.383875744935	5995.606893474776	5980.950802199494	5993.749361439019	5995.8437505799775	5997.211449931377	5995.835031350624	5998.67127598718	5994.6312145186985	5998.579123598231	5981.626233218318	5996.114400444703	5998.667428483045	5996.461487090422	5993.383875744935	5994.6312145186985	5997.795801587751	5995.653617444191	5989.145150586537	5996.883129893558	5994.647285755553	5997.264361761068	5995.606893474776	5998.579123598231	5995.653617444191	6000.066357410642	5982.212841585322	5996.988225795935	5998.587205331613	5976.732084580268	5980.950802199494	5981.626233218318	5989.145150586537	5982.212841585322	6066.219164068886	5985.650308394969	5981.62988086223	5996.719976604336	5993.749361439019	5996.114400444703	5996.883129893558	5996.988225795935	5985.650308394969	6001.46772524742	5996.124858518192	5997.222388140619	5995.8437505799775	5998.667428483045	5994.647285755553	5998.587205331613	5981.62988086223	5996.124858518192	5998.684934510831
6007.268868329704	5984.623869614567	6001.221376314188	5998.214698942695	6001.373075798179	5977.464292236193	6000.229034718894	6001.231097933363	5984.623869614567	6046.58846285198	5979.560859236555	5986.570709477069	5978.989371486403	5977.405179088307	5980.337638463815	5979.56745516464	6001.221376314188	5979.560859236555	6004.636399991545	5997.369397970847	6004.790801862878	5983.022407157452	6001.716394865009	6004.635987180947	5998.214698942695	5986.570709477069	5997.369397970847	5998.545709079106	5997.976461040771	5989.379393744797	5998.548238430486	5997.382277043054	6001.373075798179	5978.989371486403	6004.790801862878	5997.976461040771	6005.79854901413	5983.342595952	6002.259097208109	6004.797293127044	5977.464292236193	5977.405179088307	5983.022407157452	5989.379393744797	5983.342595952	6066.915057509617	5985.960497549098	5983.025285869809	6000.229034718894	5980.337638463815	6001.716394865009	5998.548238430486	6002.259097208109	5985.960497549098	6004.869354533732	6001.723939301776	6001.231097933363	5979.56745516464	6004.635987180947	5997.382277043054	6004.797293127044	5983.025285869809	6001.723939301776	6004.6587743085865
6006.835966481229	5983.878889015732	6001.558841482793	5998.272099984825	6001.806955522098	5978.072294329313	6000.522017819295	6001.569118294669	5983.878889015732	6047.587619697666	5979.362312851691	5986.080430738182	5978.457370598897	5977.513528281139	5979.865521604119	5979.3672184430125	6001.558841482793	5979.362312851691	6004.513294469742	5997.583339298009	6004.779675653482	5983.0117191067	6001.908072750999	6004.5116568344765	5998.272099984825	5986.080430738182	5997.583339298009	5998.779993495629	5998.509299004967	5989.541422786979	5998.792551338208	5997.597747918004	6001.806955522098	5978.457370598897	6004.779675653482	5998.509299004967	6006.351722481141	5983.47916973386	6002.728891944093	6004.787800187523	5978.072294329313	5977.513528281139	5983.0117191067	5989.541422786979	5983.47916973386	6066.2759009318925	5985.92785057466	5983.015231043442	6000.522017819295	5979.865521604119	6001.908072750999	5998.792551338208	6002.728891944093	5985.92785057466	6005.016996769558	6001.91766069402	6001.569118294669	5979.3672184430125	6004.5116568344765	5997.597747918004	6004.787800187523	5983.015231043442	6001.91766069402	6004.530225640367
6000.159652712655	5983.533651194464	5997.819090731517	5996.441244372632	5997.887338677747	5994.896513804457	5997.812929506132	5997.8367331780555	5983.533651194464	6040.608208109659	5982.139935884719	5986.568375898737	5981.972067195929	5981.4156914389405	5982.132661096133	5982.155534811673	5997.819090731517	5982.139935884719	5998.836187824299	5996.387071784671	5998.91716616364	5996.229640359948	5998.81086511317	5998.844297974662	5996.441244372632	5986.568375898737	5996.387071784671	5997.2685784563755	5996.531199635605	5995.043431155963	5996.419173754106	5996.411914269765	5997.887338677747	5981.972067195929	5998.91716616364	5996.531199635605	5999.23222991032	5996.302068737206	5998.8997331282835	5998.930767391675	5994.896513804457	5981.4156914389405	5996.229640359948	5995.043431155963	5996.302068737206	6007.93980801191	5996.224321709681	5996.242232397505	5997.812929506132	5982.132661096133	5998.81086511317	5996.419173754106	5998.8997331282835	5996.224321709681	5998.913198723506	5998.824727200083	5997.8367331780555	5982.155534811673	5998.844297974662	5996.411914269765	5998.930767391675	5996.242232397505	5998.824727200083	5998.923534282583
5996.325171998575	5994.329492340234	5996.124863053918	5994.819658462867	5996.187715445529	5989.471595447977	5996.014401816906	5996.139029723069	5994.329492340234	6000.535981976258	5994.331024955329	5993.690703005159	5994.350984762897	5988.422276695845	5994.2223465510715	5994.343779021582	5996.124863053918	5994.331024955329	5996.162334520128	5994.772548406962	5996.206100871754	5989.560598284909	5996.026508516056	5996.15586367309	5994.819658462867	5993.690703005159	5994.772548406962	5996.338534723716	5994.983171050099	5991.766095128999	5994.932605264914	5994.79510484779	5996.187715445529	5994.350984762897	5996.206100871754	5994.983171050099	5996.649132689608	5989.586567500179	5996.110634065316	5996.219669856456	5989.471595447977	5988.422276695845	5989.560598284909	5991.766095128999	5989.586567500179	6023.613450189119	5989.6913030150445	5989.569474983851	5996.014401816906	5994.2223465510715	5996.026508516056	5994.932605264914	5996.110634065316	5989.6913030150445	5996.568386939345	5996.040837380444	5996.139029723069	5994.343779021582	5996.15586367309	5994.79510484779	5996.219669856456	5989.569474983851	5996.040837380444	5996.177050705776
5995.897510568689	5993.971739336454	5994.91229931496	5994.4945256371275	5994.927093391643	5993.623657329026	5994.915938633091	5994.928111936617	5993.971739336454	5997.785923980534	5994.0912794732785	5993.748773706597	5994.101765993277	5992.942523050684	5994.093931441277	5994.105815805819	5994.91229931496	5994.0912794732785	5995.082870574588	5994.41358873822	5995.090952694893	5993.877298075687	5995.07724414541	5995.089072089892	5994.4945256371275	5993.748773706597	5994.41358873822	5995.727902243203	5994.453470123995	5993.7220483886795	5994.424899719838	5994.43645066011	5994.927093391643	5994.101765993277	5995.090952694893	5994.453470123995	5995.182892366151	5993.890538754271	5995.0942782902985	5995.105895401541	5993.623657329026	5992.942523050684	5993.877298075687	5993.7220483886795	5993.890538754271	6000.552860290304	5993.88086413178	5993.891110373188	5994.915938633091	5994.093931441277	5995.07724414541	5994.424899719838	5995.0942782902985	5993.88086413178	5995.099075740368	5995.092300971224	5994.928111936617	5994.105815805819	5995.089072089892	5994.43645066011	5995.105895401541	5993.891110373188	5995.092300971224	5995.15730410797
6005.237888276685	5995.789067614957	5996.861184000701	5996.547845202732	5996.881909396585	5976.14759593941	5996.582153653068	5996.872599877945	5995.789067614957	6001.349778455613	5996.781552943039	5993.6925063532135	5996.697467601124	5981.078965855263	5994.302166321365	5996.78888914331	5996.861184000701	5996.781552943039	5998.549179185134	5994.373951920534	5998.487285038751	5981.464595107097	5995.671761813566	5998.549791119501	5996.547845202732	5993.6925063532135	5994.373951920534	5997.467818022248	5994.762593060069	5988.956394602838	5996.59422752853	5994.388093028022	5996.881909396585	5996.697467601124	5998.487285038751	5994.762593060069	5999.004060997664	5981.705507601279	5996.015157876696	5998.49412929381	5976.14759593941	5981.078965855263	5981.464595107097	5988.956394602838	5981.705507601279	6066.620606199573	5985.677700742787	5981.467465017998	5996.582153653068	5994.302166321365	5995.671761813566	5996.59422752853	5996.015157876696	5985.677700742787	6001.35124449402	5995.679726334899	5996.872599877945	5996.78888914331	5998.549791119501	5994.388093028022	5998.49412929381	5981.467465017998	5995.679726334899	5998.578807633257
6002.423272619494	5995.580008672463	5997.616599188277	5996.0073181028465	5997.694794815565	5978.086165679395	5996.584481423744	5997.693229750369	5995.580008672463	6003.346670458523	5995.842880290444	5993.416242387173	5995.501493232151	5980.738858347314	5993.735376383012	5995.910739040945	5997.616599188277	5995.842880290444	5998.5713565509695	5994.694093582754	5998.406202652432	5981.261939843239	5996.063485478845	5998.527347110022	5996.0073181028465	5993.416242387173	5994.694093582754	5998.220345447697	5996.544044233596	5989.702402945918	5997.355522933032	5994.812020604369	5997.694794815565	5995.501493232151	5998.406202652432	5996.544044233596	6001.088281052127	5982.327974424843	5997.672035187374	5998.462983885487	5978.086165679395	5980.738858347314	5981.261939843239	5989.702402945918	5982.327974424843	6065.8791487217195	5986.001348962773	5981.287483607778	5996.584481423744	5993.735376383012	5996.063485478845	5997.355522933032	5997.672035187374	5986.001348962773	6001.957874320848	5996.144503160243	5997.693229750369	5995.910739040945	5998.527347110022	5994.812020604369	5998.462983885487	5981.287483607778	5996.144503160243	5998.607714491748
6001.662875846072	5996.098482924401	5997.316252649753	5995.844681897499	5997.364388146461	5978.618046466826	5996.751673490028	5997.325598200314	5996.098482924401	6000.651238892938	5996.396138106366	5994.168733962822	5996.366620805011	5981.4769804543885	5995.389927836928	5996.404189231851	5997.316252649753	5996.396138106366	5997.916883239164	5994.911505740783	5997.948089349378	5981.746886385982	5996.791045410447	5997.914092956716	5995.844681897499	5994.168733962822	5994.911505740783	5997.157371823272	5995.561131257887	5988.8858438798325	5995.832237140235	5994.92576832945	5997.364388146461	5996.366620805011	5997.948089349378	5995.561131257887	5999.107023096025	5982.005512476815	5997.159180025568	5997.955586433665	5978.618046466826	5981.4769804543885	5981.746886385982	5988.8858438798325	5982.005512476815	6064.450237987473	5983.89036544163	5981.750503278384	5996.751673490028	5995.389927836928	5996.791045410447	5995.832237140235	5997.159180025568	5983.89036544163	5999.177829536638	5996.799884856347	5997.325598200314	5996.404189231851	5997.914092956716	5994.92576832945	5997.955586433665	5981.750503278384	5996.799884856347	5997.931681371016
6003.788319545416	5991.2122166496365	5998.804671956835	5996.825800202651	5998.893378921548	5978.7119445235	5998.28168392763	5998.822490339117	5991.2122166496365	6018.046564218829	5990.086287210694	5991.192185591004	5989.9100062256975	5980.475531468925	5989.644300906825	5990.097561337253	5998.804671956835	5990.086287210694	6000.084775588273	5995.927237349391	6000.162655286605	5982.666022730727	5998.867404388788	6000.077910408842	5996.825800202651	5991.192185591004	5995.927237349391	5997.543402003994	5996.347836565899	5989.015240001472	5996.664833371857	5995.954775685088	5998.893378921548	5989.9100062256975	6000.162655286605	5996.347836565899	6000.910961418515	5982.824181522078	5999.138489462829	6000.1788056716105	5978.7119445235	5980.475531468925	5982.666022730727	5989.015240001472	5982.824181522078	6063.365005027993	5984.44725630791	5982.672911210217	5998.28168392763	5989.644300906825	5998.867404388788	5996.664833371857	5999.138489462829	5984.44725630791	6000.871680769991	5998.885764968608	5998.822490339117	5990.097561337253	6000.077910408842	5995.954775685088	6000.1788056716105	5982.672911210217	5998.885764968608	6000.1014152341795
6007.1470477656185	5988.945328892652	5992.449304484249	5997.471752459701	5992.775857413512	5992.650974156846	5995.8287759072755	5992.67570925309	5988.945328892652	6052.653110331112	5974.798258094244	5987.46299425626	5974.624427764936	5974.838311313481	5979.151649102798	5974.842869252338	5992.449304484249	5974.798258094244	6003.577975207	5994.726760892681	6003.501677262587	6003.43718619436	5998.729511508691	6003.456913453165	5997.471752459701	5987.46299425626	5994.726760892681	5998.455170289554	5995.40485238978	5995.11539480145	5997.7630014224	5995.123950797789	5992.775857413512	5974.624427764936	6003.501677262587	5995.40485238978	6004.1394613552875	6003.711767355599	5999.309531663552	6003.731289228672	5992.650974156846	5974.838311313481	6003.43718619436	5995.11539480145	6003.711767355599	6003.748759202575	5999.011847427865	6003.672504917061	5995.8287759072755	5979.151649102798	5998.729511508691	5997.7630014224	5999.309531663552	5999.011847427865	6004.089798141477	5999.024698493068	5992.67570925309	5974.842869252338	6003.456913453165	5995.123950797789	6003.731289228672	6003.672504917061	5999.024698493068	6003.69763803315
6011.473402846625	5991.874933996772	5989.63947206475	6002.456493365374	5993.4299851298065	5993.423435865803	5999.399966038171	5995.001155626724	5991.874933996772	6064.689079590055	5976.226976476148	5980.120303718232	5962.540918419946	5962.543441433321	5969.39933126215	5984.536412323831	5989.63947206475	5976.226976476148	6007.186939290426	5988.012394037624	5999.525937764111	5999.520002839282	5991.801749620515	6006.8511464069825	6002.456493365374	5980.120303718232	5988.012394037624	6016.041707261691	6009.799268728918	6009.794569785787	6015.379417789466	5989.832957262867	5993.4299851298065	5962.540918419946	5999.525937764111	6009.799268728918	6020.506538572532	6020.496464508468	6014.817545454052	5996.108002976111	5993.423435865803	5962.543441433321	5999.520002839282	6009.794569785787	6020.496464508468	6020.515129862626	6014.811374826508	5996.102586722932	5999.399966038171	5969.39933126215	5991.801749620515	6015.379417789466	6014.817545454052	6014.811374826508	6023.04055950211	5990.07488542786	5995.001155626724	5984.536412323831	6006.8511464069825	5989.832957262867	5996.108002976111	5996.102586722932	5990.07488542786	6019.028768579241
6008.280928386086	5990.294955054734	5991.24353129104	5997.832357745071	5991.504475718825	5991.337718610217	5996.23617048784	5991.356309297066	5990.294955054734	6054.270663359776	5973.312522381242	5988.043580782709	5973.160574183067	5973.337386770524	5979.840520710492	5973.340908950507	5991.24353129104	5973.312522381242	6004.971692565583	5994.182767282802	6004.900899437559	6004.892926063428	5997.96932150137	6004.908254492392	5997.832357745071	5988.043580782709	5994.182767282802	5998.537401891798	5994.706246291401	5994.369022787824	5998.080230482272	5994.375410395806	5991.504475718825	5973.160574183067	6004.900899437559	5994.706246291401	6005.390378981971	6004.989158198979	5998.469760478788	6005.004259567732	5991.337718610217	5973.337386770524	6004.892926063428	5994.369022787824	6004.989158198979	6005.054788722744	5998.106299938146	6004.998920880024	5996.23617048784	5979.840520710492	5997.96932150137	5998.080230482272	5998.469760478788	5998.106299938146	6004.937434652236	5998.114946824227	5991.356309297066	5973.340908950507	6004.908254492392	5994.375410395806	6005.004259567732	6004.998920880024	5998.114946824227	6005.019858245096
6003.783543231282	5985.380301931132	5995.327418182669	5996.688486821893	5995.643671125888	5995.4836064987985	5996.028048887232	5995.489602518194	5985.380301931132	6048.621162665799	5978.152984573171	5986.0514225781135	5977.46119982611	5978.172805762094	5978.868032627677	5978.178218776256	5995.327418182669	5978.152984573171	6000.671430161169	5995.939003245841	6000.892669762171	6000.594132466668	5999.450457432206	6000.596465883928	5996.688486821893	5986.0514225781135	5995.939003245841	5998.063549777478	5996.809726913213	5996.212846882759	5997.157206286287	5996.217066824874	5995.643671125888	5977.46119982611	6000.892669762171	5996.809726913213	6002.254822896577	6001.062784960916	6000.1522092815	6001.064624286692	5995.4836064987985	5978.172805762094	6000.594132466668	5996.212846882759	6001.062784960916	6000.785389732786	5999.646236122035	6000.779001408383	5996.028048887232	5978.868032627677	5999.450457432206	5997.157206286287	6000.1522092815	5999.646236122035	6001.885942594301	5999.648090732202	5995.489602518194	5978.178218776256	6000.596465883928	5996.217066824874	6001.064624286692	6000.779001408383	5999.648090732202	6000.794313801316
5995.699161120643	5993.9481408355405	5994.7421547723725	5994.58922721623	5995.157802528179	5994.925691400711	5994.845047903547	5994.993335256466	5993.9481408355405	5997.9602516440955	5993.826512778454	5993.774322449606	5994.103769855699	5994.003933199497	5993.85894648727	5994.0649849703095	5994.7421547723725	5993.826512778454	5995.088005871115	5994.113953017507	5995.151863025496	5994.835897253667	5994.70322801304	5994.899891066126	5994.58922721623	5993.774322449606	5994.113953017507	5996.808626876716	5995.470874546401	5994.48072178143	5995.003352579186	5994.513299116664	5995.157802528179	5994.103769855699	5995.151863025496	5995.470874546401	5997.597254199782	5995.272137285107	5995.412415141841	5995.3382893824555	5994.925691400711	5994.003933199497	5994.835897253667	5994.48072178143	5995.272137285107	5995.420225497498	5994.9015773508245	5995.088950591657	5994.845047903547	5993.85894648727	5994.70322801304	5995.003352579186	5995.412415141841	5994.9015773508245	5996.444804144018	5994.960894456535	5994.993335256466	5994.0649849703095	5994.899891066126	5994.513299116664	5995.3382893824555	5995.088950591657	5994.960894456535	5995.159049265738
6007.00117782336	5986.013579141072	6000.551446733198	5998.271140831912	6000.957224086326	5977.560445233949	6000.052577550925	6000.682657367436	5986.013579141072	6041.221630541542	5981.680528439403	5987.1372562516835	5980.696858806448	5977.575432448851	5981.863313591856	5981.721768978174	6000.551446733198	5981.680528439403	6003.492799295073	5997.2515772890965	6003.803780583105	5983.318059286716	6001.404819112293	6003.44743993663	5998.271140831912	5987.1372562516835	5997.2515772890965	5998.901652901816	5998.536058482321	5989.361764686486	5998.567113066058	5997.446109339072	6000.957224086326	5980.696858806448	6003.803780583105	5998.536058482321	6005.897371740921	5983.872374011362	6002.454565971122	6003.923017811177	5977.560445233949	5977.575432448851	5983.318059286716	5989.361764686486	5983.872374011362	6066.536014578327	5985.6739318971895	5983.365618910862	6000.052577550925	5981.863313591856	6001.404819112293	5998.567113066058	6002.454565971122	5985.6739318971895	6004.225962146079	6001.5480893602635	6000.682657367436	5981.721768978174	6003.44743993663	5997.446109339072	6003.923017811177	5983.365618910862	6001.5480893602635	6003.587416266524
6008.953311811843	5985.854204241018	6000.222624487415	5998.7860878521	6000.70919616697	5976.297392355944	6000.117286632004	6000.417041921278	5985.854204241018	6048.105815115783	5979.0517326412355	5986.174332214156	5977.865350075868	5975.569186847634	5979.637988437805	5979.0926786423215	6000.222624487415	5979.0517326412355	6004.500042988165	5997.558079693579	6004.883925518165	5984.469037612812	6002.156262374951	6004.442216187577	5998.7860878521	5986.174332214156	5997.558079693579	5999.216934773152	5998.9664998304925	5989.317764040173	5999.008203738309	5997.8447906472375	6000.70919616697	5977.865350075868	6004.883925518165	5998.9664998304925	6007.148995996897	5985.078121091947	6003.370244862361	6005.067837841494	5976.297392355944	5975.569186847634	5984.469037612812	5989.317764040173	5985.078121091947	6067.8580912625375	5986.480032446752	5984.540024236191	6000.117286632004	5979.637988437805	6002.156262374951	5999.008203738309	6003.370244862361	5986.480032446752	6005.081450851756	6002.3735772599175	6000.417041921278	5979.0926786423215	6004.442216187577	5997.8447906472375	6005.067837841494	5984.540024236191	6002.3735772599175	6004.654321211694
5997.227256372144	5995.93748715623	5996.8792333662705	5996.152202581828	5997.81562957197	5983.896799542889	5996.843230283418	5997.150217409184	5995.93748715623	5999.9818834530015	5995.684161954807	5995.135269136483	5996.273243041408	5983.350289928824	5995.529405660412	5995.937673811177	5996.8792333662705	5995.684161954807	5996.9911462208875	5995.828056061909	5997.665401224553	5984.005598256706	5996.597263178279	5996.882191747063	5996.152202581828	5995.135269136483	5995.828056061909	5997.22100721859	5997.557558066088	5987.1507138126835	5996.607126455257	5996.146161686828	5997.81562957197	5996.273243041408	5997.665401224553	5997.557558066088	6001.824673547832	5982.9306567072545	5998.038449339615	5997.823590701517	5983.896799542889	5983.350289928824	5984.005598256706	5987.1507138126835	5982.9306567072545	6054.731446966567	5984.432758736961	5983.971330549809	5996.843230283418	5995.529405660412	5996.597263178279	5996.607126455257	5998.038449339615	5984.432758736961	5999.289995467567	5996.843577760002	5997.150217409184	5995.937673811177	5996.882191747063	5996.146161686828	5997.823590701517	5983.971330549809	5996.843577760002	5997.158712595235
5996.819147724953	5996.621743227707	5996.626307368953	5995.707294459531	5997.217416886393	5983.868842142055	5996.350976592017	5996.659331964255	5996.621743227707	5996.74876804662	5996.591755936257	5995.660871398804	5997.183053761658	5984.000058815201	5996.308674427964	5996.6247671268475	5996.626307368953	5996.591755936257	5996.64104985968	5995.653180153233	5997.207733791762	5984.025601682392	5996.318843597017	5996.629454182403	5995.707294459531	5995.660871398804	5995.653180153233	5996.674288866729	5996.869573449721	5987.106020429086	5996.094966650263	5995.692363419937	5997.217416886393	5997.183053761658	5997.207733791762	5996.869573449721	6000.520268427621	5983.082005740654	5997.326872187915	5997.22923965837	5983.868842142055	5984.000058815201	5984.025601682392	5987.106020429086	5983.082005740654	6054.119970925738	5984.435574424705	5984.020697279714	5996.350976592017	5996.308674427964	5996.318843597017	5996.094966650263	5997.326872187915	5984.435574424705	5998.726595129561	5996.348953965587	5996.659331964255	5996.6247671268475	5996.629454182403	5995.692363419937	5997.22923965837	5984.020697279714	5996.348953965587	5996.668616026501
6004.817813470165	5987.646980707352	5994.291592195883	5996.339790788715	5994.501076851285	5994.312204631925	5994.960918699836	5994.319413468941	5987.646980707352	6035.918963129281	5982.197954296551	5987.269117950927	5981.063431515474	5982.204072892719	5982.285550578198	5982.209276899629	5994.291592195883	5982.197954296551	5999.384923013247	5995.779548121758	5999.9309841467675	5999.370774777946	5998.610203690438	5999.373314067948	5996.339790788715	5987.269117950927	5995.779548121758	5997.752222468577	5996.895810881807	5995.820035485076	5996.676283734076	5995.82461942405	5994.501076851285	5981.063431515474	5999.9309841467675	5996.895810881807	6002.252002033843	5999.954356006408	5999.529710111891	5999.956422505555	5994.312204631925	5982.204072892719	5999.370774777946	5995.820035485076	5999.954356006408	5999.408461689924	5998.638801240262	5999.400984647221	5994.960918699836	5982.285550578198	5998.610203690438	5996.676283734076	5999.529710111891	5998.638801240262	6000.688989519734	5998.641076636587	5994.319413468941	5982.209276899629	5999.373314067948	5995.82461942405	5999.956422505555	5999.400984647221	5998.641076636587	5999.416949653441
6005.50516667993	5987.371938038826	5994.105806701408	5996.555218681124	5994.22661586745	5994.130400036435	5994.773545230924	5994.149775948178	5987.371938038826	6047.33753461651	5977.9945768046855	5986.645335241243	5977.433414981755	5977.998397097227	5978.732318765707	5978.019022682791	5994.105806701408	5977.9945768046855	6001.05996971119	5995.822437639731	6001.303691436745	6001.04585957524	6000.076888833283	6001.047615218672	5996.555218681124	5986.645335241243	5995.822437639731	5997.639155190333	5996.342666347816	5995.8692202869015	5996.520379884922	5995.883581942527	5994.22661586745	5977.433414981755	6001.303691436745	5996.342666347816	6002.3202996205255	6001.332648188535	6000.485374266492	6001.33361570983	5994.130400036435	5977.998397097227	6001.04585957524	5995.8692202869015	6001.332648188535	6001.083102594103	6000.10934836823	6001.078172293947	5994.773545230924	5978.732318765707	6000.076888833283	5996.520379884922	6000.485374266492	6000.10934836823	6001.461608815861	6000.1115035135	5994.149775948178	5978.019022682791	6001.047615218672	5995.883581942527	6001.33361570983	6001.078172293947	6000.1115035135	6001.126791032319
5998.362188619392	5995.874179091403	5993.107631710533	5996.813847336075	5995.76163979326	5995.886909658503	5995.867154345137	5995.671392615769	5995.874179091403	5996.582438253113	5993.353029217574	5996.8047177944445	5996.42952884229	5996.533224977126	5996.440221544433	5995.877561871109	5993.107631710533	5993.353029217574	5996.428251835319	5991.98607057154	5993.6282623698025	5993.3640716087575	5993.209282893743	5995.663977016898	5996.813847336075	5996.8047177944445	5991.98607057154	5999.979697673188	5996.866157492482	5996.816270722046	5997.051770250781	5995.925145427434	5995.76163979326	5996.42952884229	5993.6282623698025	5996.866157492482	5997.165736596169	5996.445069861902	5996.402003860286	5995.892707748775	5995.886909658503	5996.533224977126	5993.3640716087575	5996.816270722046	5996.445069861902	5996.55370485833	5996.455299557018	5995.890391411379	5995.867154345137	5996.440221544433	5993.209282893743	5997.051770250781	5996.402003860286	5996.455299557018	5997.277789401586	5995.716090171889	5995.671392615769	5995.877561871109	5995.663977016898	5995.925145427434	5995.892707748775	5995.890391411379	5995.716090171889	6001.64919647016
6013.683882998186	5983.459016700805	5997.886178955784	6008.131793878299	6008.550076328106	5979.938953210832	6008.5854805238305	6000.952981198428	5983.459016700805	6049.42832831445	5982.860560366666	5981.874215893691	5975.815496397462	5973.854003239646	5975.782154943427	5986.506951078699	5997.886178955784	5982.860560366666	6004.259493343201	5993.321328481661	5998.384908243841	5983.782733353858	5997.814369148493	6005.744815216001	6008.131793878299	5981.874215893691	5993.321328481661	6014.681694876475	6012.431773639099	5993.341689461938	6012.883795287135	5996.050624738436	6008.550076328106	5975.815496397462	5998.384908243841	6012.431773639099	6015.846421047691	5989.454108811509	6015.632501263199	5999.168463949318	5979.938953210832	5973.854003239646	5983.782733353858	5993.341689461938	5989.454108811509	6067.397221578936	5989.944946365737	5983.578867684258	6008.5854805238305	5975.782154943427	5997.814369148493	6012.883795287135	6015.632501263199	5989.944946365737	6016.5743761783815	5998.549744643955	6000.952981198428	5986.506951078699	6005.744815216001	5996.050624738436	5999.168463949318	5983.578867684258	5998.549744643955	6018.240801588624
6016.776708389024	5987.890408855701	5997.3058827351	6005.987389976127	6004.390401359097	5974.664330885708	6004.902654511809	6001.688167171072	5987.890408855701	6057.172698455227	5981.981782550653	5977.744062250504	5968.273826482982	5965.420838887095	5968.902558598352	5988.004503999202	5997.3058827351	5981.981782550653	6005.174750967161	5992.956594970287	5999.216555281466	5983.905773268447	5997.515528818994	6006.447819747816	6005.987389976127	5977.744062250504	5992.956594970287	6017.873160566636	6016.675558641415	5998.651414193934	6017.623949386243	5994.375169097496	6004.390401359097	5968.273826482982	5999.216555281466	6016.675558641415	6023.493994640129	5997.686148318995	6022.271833971473	5997.691222174609	5974.664330885708	5965.420838887095	5983.905773268447	5998.651414193934	5997.686148318995	6078.024760345077	5998.338690460769	5981.11981079978	6004.902654511809	5968.902558598352	5997.515528818994	6017.623949386243	6022.271833971473	5998.338690460769	6024.249325311468	5996.074754371792	6001.688167171072	5988.004503999202	6006.447819747816	5994.375169097496	5997.691222174609	5981.11981079978	5996.074754371792	6019.504358925297
6007.278943204035	5982.801619697667	5995.674594619372	5999.842921171835	5999.633343520674	5998.007693288601	5999.635560722793	5998.359648611111	5982.801619697667	6044.388192570846	5988.034341624365	5974.165688584385	5973.538530519262	5972.932934281324	5973.536767699282	5990.0077041566055	5995.674594619372	5988.034341624365	5999.7571650976015	5991.854825244127	5992.138806443702	5991.6348413574	5992.131105591676	6002.903656080756	5999.842921171835	5974.165688584385	5991.854825244127	6014.891578887857	6014.798308081642	6013.82332374541	6014.80347159467	5992.062271661228	5999.633343520674	5973.538530519262	5992.138806443702	6014.798308081642	6015.121782369819	6014.117187666434	6015.1172196356965	5992.144933449623	5998.007693288601	5972.932934281324	5991.6348413574	6013.82332374541	6014.117187666434	6018.252279936393	6014.121842605775	5991.433836077501	5999.635560722793	5973.536767699282	5992.131105591676	6014.80347159467	6015.1172196356965	6014.121842605775	6015.133154160183	5992.135901350556	5998.359648611111	5990.0077041566055	6002.903656080756	5992.062271661228	5992.144933449623	5991.433836077501	5992.135901350556	6016.575193857072
6008.010502645609	5985.741782731572	5994.048698526366	5999.980494082754	5997.515766314473	5997.490030346045	5998.118604391864	5997.639742392585	5985.741782731572	6052.878427574813	5984.213991491594	5975.367209143434	5969.1565343358725	5969.153622205056	5968.88379112955	5988.994689285321	5994.048698526366	5984.213991491594	6001.589009620608	5991.0135953007975	5994.119106601972	5994.104340943908	5993.311352487301	6003.535880712968	5999.980494082754	5975.367209143434	5991.0135953007975	6015.006961102965	6013.738442327903	6013.723656045643	6014.613279562785	5991.527885072961	5997.515766314473	5969.1565343358725	5994.119106601972	6013.738442327903	6017.0791635638025	6017.055842171069	6016.809596787421	5992.67177965627	5997.490030346045	5969.153622205056	5994.104340943908	6013.723656045643	6017.055842171069	6017.1271417134485	6016.791601014639	5992.655678395109	5998.118604391864	5968.88379112955	5993.311352487301	6014.613279562785	6016.809596787421	6016.791601014639	6019.217287281467	5991.678768391993	5997.639742392585	5988.994689285321	6003.535880712968	5991.527885072961	5992.67177965627	5992.655678395109	5991.678768391993	6016.924342296752
6005.5359021972135	5991.904475845573	5994.423431945117	5995.234579025969	5993.933705228754	5993.930603845406	5993.966230645185	5997.746428044621	5991.904475845573	6005.874676683931	5990.307274919786	5995.932230850844	5995.560061153795	5995.560555341877	5995.3314593580635	5991.449067649902	5994.423431945117	5990.307274919786	5999.5597748442715	5990.4237739253385	5991.357274732978	5991.350590077005	5991.147684460778	6002.338882598722	5995.234579025969	5995.932230850844	5990.4237739253385	6002.426010198842	6000.994323460545	6000.993860126575	6001.1223530820225	5991.836903374349	5993.933705228754	5995.560061153795	5991.357274732978	6000.994323460545	6001.14634822401	6001.138685924321	6001.017051589074	5992.086212438447	5993.930603845406	5995.560555341877	5991.350590077005	6000.993860126575	6001.138685924321	6001.154500199763	6001.016275896549	5992.080221625299	5993.966230645185	5995.3314593580635	5991.147684460778	6001.1223530820225	6001.017051589074	6001.016275896549	6002.2413601359585	5991.634143826045	5997.746428044621	5991.449067649902	6002.338882598722	5991.836903374349	5992.086212438447	5992.080221625299	5991.634143826045	6015.856856981468
6003.341675035946	5993.989690943573	5993.565062564588	5994.608829285569	5993.932840312348	5993.990871976586	5993.927532337799	5995.0538745307485	5993.989690943573	5996.106344743875	5994.119411890876	5995.955540132496	5996.097330135533	5996.091035638062	5995.935962734956	5995.963495442917	5993.565062564588	5994.119411890876	5995.404458640375	5993.806053907418	5994.181630673047	5994.121925167154	5994.031264785588	5995.637636021354	5994.608829285569	5995.955540132496	5993.806053907418	5996.592616185149	5995.975103903943	5995.958681812708	5995.933584904852	5995.914853744482	5993.932840312348	5996.097330135533	5994.181630673047	5995.975103903943	5996.301647515858	5996.10087300113	5995.957784863566	5995.972052087007	5993.990871976586	5996.091035638062	5994.121925167154	5995.958681812708	5996.10087300113	5996.101718925603	5995.9396094357835	5995.966480317167	5993.927532337799	5995.935962734956	5994.031264785588	5995.933584904852	5995.957784863566	5995.9396094357835	5997.086043264076	5995.710209029703	5995.0538745307485	5995.963495442917	5995.637636021354	5995.914853744482	5995.972052087007	5995.966480317167	5995.710209029703	6001.316433006543
6001.2898009040755	5993.896388477542	5993.488676893502	5994.541131556922	5993.483888973103	5993.8977629195015	5993.852481697122	5994.046513448772	5993.896388477542	5995.276409152677	5994.634441336086	5994.936600201108	5995.5842715695235	5995.260616716408	5995.019932208993	5995.328972665967	5993.488676893502	5994.634441336086	5995.03348824061	5994.214473427544	5995.235378263816	5994.637566955009	5994.4724232776725	5994.767743008366	5994.541131556922	5994.936600201108	5994.214473427544	5995.994138542632	5995.648632438108	5994.939456207066	5995.209005916663	5995.030713547927	5993.483888973103	5995.5842715695235	5995.235378263816	5995.648632438108	5998.719063416224	5995.5886106751705	5995.714731180038	5995.625367622469	5993.8977629195015	5995.260616716408	5994.637566955009	5994.939456207066	5995.5886106751705	5995.270883017118	5995.023630639106	5995.332221806939	5993.852481697122	5995.019932208993	5994.4724232776725	5995.209005916663	5995.714731180038	5995.023630639106	5997.455499949832	5995.060855606441	5994.046513448772	5995.328972665967	5994.767743008366	5995.030713547927	5995.625367622469	5995.332221806939	5995.060855606441	5996.0265028700705
