119223.69475263488	119202.1125748018	119220.54295867254	119220.50070203458	119219.86827772822	119220.57458211941	119221.20594125603	119213.33876386318	119202.1125748018	119221.34426326232	119209.9401984472	119209.89374366058	119209.28335056732	119209.96649287683	119212.00548259963	119203.95192777592	119220.54295867254	119209.9401984472	119229.48167746303	119229.43430746149	119228.81241111712	119229.5060061351	119230.08918352245	119222.3990992333	119220.50070203458	119209.89374366058	119229.43430746149	119229.4160715894	119228.77125692667	119229.46524033147	119230.04947433526	119222.35626985619	119219.86827772822	119209.28335056732	119228.81241111712	119228.77125692667	119228.40173779997	119228.84361346374	119229.45334673091	119221.67911967036	119220.57458211941	119209.96649287683	119229.5060061351	119229.46524033147	119228.84361346374	119229.5419506405	119230.1182996392	119222.43297188802	119221.20594125603	119212.00548259963	119230.08918352245	119230.04947433526	119229.45334673091	119230.1182996392	119232.65450785369	119223.22238397913	119213.33876386318	119203.95192777592	119222.3990992333	119222.35626985619	119221.67911967036	119222.43297188802	119223.22238397913	119217.6815806322
119220.5339757869	119212.31377171294	119216.80605136452	119216.7357917321	119212.5111081789	119216.89885125517	119220.5236266207	119213.6736257883	119212.31377171294	119224.97121140757	119220.54223216629	119220.47393281803	119216.46605640544	119220.627392512	119225.7218886035	119217.70258444938	119216.80605136452	119220.54223216629	119225.38043695311	119225.3092947631	119221.16578486063	119225.4671988496	119229.0619445711	119222.32236318052	119216.7357917321	119220.47393281803	119225.3092947631	119225.28289524443	119221.09391235192	119225.39932439005	119229.00390540736	119222.25298085842	119212.5111081789	119216.46605640544	119221.16578486063	119221.09391235192	119218.53937475178	119221.26108603683	119225.48421547086	119217.93355567257	119216.89885125517	119220.627392512	119225.4671988496	119225.39932439005	119221.26108603683	119225.57383271407	119229.13926600324	119222.4163777631	119220.5236266207	119225.7218886035	119229.0619445711	119229.00390540736	119225.48421547086	119229.13926600324	119239.59660540061	119226.2797516067	119213.6736257883	119217.70258444938	119222.32236318052	119222.25298085842	119217.93355567257	119222.4163777631	119226.2797516067	119220.59186069522
119208.77275353762	119205.34656242572	119206.65832375782	119206.63620546924	119206.15166148373	119206.68797939953	119214.62265889764	119203.7220290401	119205.34656242572	119212.3649087816	119210.40358966509	119210.38137510912	119209.91116608976	119210.43133123647	119219.04862308432	119207.59321861787	119206.65832375782	119210.40358966509	119211.79920006474	119211.76847155688	119211.28991097317	119211.81925949756	119219.73113284737	119208.90038443847	119206.63620546924	119210.38137510912	119211.76847155688	119211.75692721341	119211.26805304823	119211.79752465505	119219.70993106194	119208.87841188992	119206.15166148373	119209.91116608976	119211.28991097317	119211.26805304823	119210.98285629935	119211.31914660009	119219.33220528251	119208.38234725303	119206.68797939953	119210.43133123647	119211.81925949756	119211.79752465505	119211.31914660009	119211.85374182269	119219.75068320626	119208.93079173207	119214.62265889764	119219.04862308432	119219.73113284737	119219.70993106194	119219.33220528251	119219.75068320626	119236.49738676277	119217.21085764532	119203.7220290401	119207.59321861787	119208.90038443847	119208.87841188992	119208.38234725303	119208.93079173207	119217.21085764532	119207.13990821129
119219.37954037014	119207.24946767332	119218.22634765289	119218.16511325068	119215.19126572754	119218.25370985399	119224.13572842535	119215.62329802793	119207.24946767332	119228.0601578166	119209.95652715303	119209.89833348787	119207.50302621463	119209.97341055899	119223.97742987362	119208.02923390445	119218.22634765289	119209.95652715303	119221.31696350359	119221.25037832695	119218.29135235831	119221.33809858777	119227.12184516624	119218.7233946822	119218.16511325068	119209.89833348787	119221.25037832695	119221.22577439348	119218.22881486117	119221.27756579971	119227.07630581433	119218.66208631308	119215.19126572754	119207.50302621463	119218.29135235831	119218.22881486117	119216.42980946266	119218.31923242343	119225.03800503082	119215.62562417245	119218.25370985399	119209.97341055899	119221.33809858777	119221.27756579971	119218.31923242343	119221.37017252037	119227.13707418124	119218.75130837319	119224.13572842535	119223.97742987362	119227.12184516624	119227.07630581433	119225.03800503082	119227.13707418124	119246.6874274241	119225.07416105406	119215.62329802793	119208.02923390445	119218.7233946822	119218.66208631308	119215.62562417245	119218.75130837319	119225.07416105406	119217.18163137896
119221.99717403777	119207.7855753894	119221.16916164194	119221.14370548894	119217.61703235496	119221.19474540291	119225.89870283737	119218.22819754672	119207.7855753894	119230.27492381628	119209.72818141566	119209.69887867865	119206.92977478393	119209.74016956957	119223.86066544385	119207.6447459928	119221.16916164194	119209.72818141566	119223.43359464982	119223.39956769573	119219.8849685613	119223.45026700862	119228.0769856362	119220.49538466052	119221.14370548894	119209.69887867865	119223.39956769573	119223.38881039125	119219.85861895916	119223.42506366337	119228.05307280547	119220.46979615075	119217.61703235496	119206.92977478393	119219.8849685613	119219.85861895916	119217.69302838764	119219.91111747197	119225.62586299622	119216.85482193861	119221.19474540291	119209.74016956957	119223.45026700862	119223.42506366337	119219.91111747197	119223.4804089089	119228.08887838176	119220.52160894682	119225.89870283737	119223.86066544385	119228.0769856362	119228.05307280547	119225.62586299622	119228.08887838176	119246.71734081293	119225.7628222709	119218.22819754672	119207.6447459928	119220.49538466052	119220.46979615075	119216.85482193861	119220.52160894682	119225.7628222709	119218.74531681294
119229.62483475689	119218.72216405507	119235.89705325833	119227.09019521886	119225.18703993758	119227.17931756983	119237.89296046991	119221.20290196179	119218.72216405507	119299.56005261262	119279.86726209336	119222.43585510926	119222.29053276185	119222.45681441245	119284.02278457487	119219.93651995905	119235.89705325833	119279.86726209336	119300.79091862927	119240.51523426318	119239.89556472325	119240.55015935031	119292.24387518692	119236.00791758834	119227.09019521886	119222.43585510926	119240.51523426318	119232.97090814193	119231.00108754903	119233.00893324534	119242.51015814245	119227.05414510348	119225.18703993758	119222.29053276185	119239.89556472325	119231.00108754903	119230.02182417263	119231.09037815513	119242.37193530948	119225.04659511657	119227.17931756983	119222.45681441245	119240.55015935031	119233.00893324534	119231.09037815513	119233.10014375357	119242.52198017461	119227.14426187392	119237.89296046991	119284.02278457487	119292.24387518692	119242.51015814245	119242.37193530948	119242.52198017461	119301.51638819458	119239.20011950779	119221.20290196179	119219.93651995905	119236.00791758834	119227.05414510348	119225.04659511657	119227.14426187392	119239.20011950779	119223.62459614911
119237.51133763693	119218.45694190735	119237.06581459279	119231.2671112366	119227.30257592355	119231.49353376593	119237.41585267332	119224.95526071149	119218.45694190735	119303.52611219116	119284.84562861903	119227.5898767757	119227.34835914981	119227.63708655597	119288.51997837772	119224.84524803994	119237.06581459279	119284.84562861903	119307.43689180985	119248.45043281405	119247.21061337867	119248.52879081373	119297.9674140557	119243.50945021748	119231.2671112366	119227.5898767757	119248.45043281405	119245.90181503647	119241.69964995867	119245.9782615662	119248.79715376391	119239.50367553146	119227.30257592355	119227.34835914981	119247.21061337867	119241.69964995867	119239.6787394826	119241.92625178417	119248.55867127811	119235.2359140198	119231.49353376593	119227.63708655597	119248.52879081373	119245.9782615662	119241.92625178417	119246.20378543985	119248.81706720158	119239.72983994804	119237.41585267332	119288.51997837772	119297.9674140557	119248.79715376391	119248.55867127811	119248.81706720158	119306.74717111673	119245.1136056516	119224.95526071149	119224.84524803994	119243.50945021748	119239.50367553146	119235.2359140198	119239.72983994804	119245.1136056516	119236.03223582411
119237.49876785677	119219.58925098076	119238.85952890465	119237.20493087819	119230.08675764316	119237.28279596166	119238.57563294793	119232.77553485653	119219.58925098076	119298.72642487095	119278.55026492385	119219.935510304	119219.4259647926	119219.9540448741	119282.53947833601	119217.92332844458	119238.85952890465	119278.55026492385	119299.27333296443	119239.28822554191	119237.02575205998	119239.31901081413	119290.05031634858	119235.72252559729	119237.20493087819	119219.935510304	119239.28822554191	119237.76652811133	119230.59621849364	119237.7992894403	119239.01722753546	119233.29358259687	119230.08675764316	119219.4259647926	119237.02575205998	119230.59621849364	119226.81711240996	119230.6763396966	119238.53386629595	119225.90983963318	119237.28279596166	119219.9540448741	119239.31901081413	119237.7992894403	119230.6763396966	119237.87976425742	119239.02793822727	119233.37245436426	119238.57563294793	119282.53947833601	119290.05031634858	119239.01722753546	119238.53386629595	119239.02793822727	119299.2679849678	119236.33123734042	119232.77553485653	119217.92332844458	119235.72252559729	119233.29358259687	119225.90983963318	119233.37245436426	119236.33123734042	119230.88474812372
119234.86534481215	119220.49238287186	119239.12211720794	119229.40199672038	119229.44257144594	119229.7593838813	119240.34789561086	119220.62963071789	119220.49238287186	119302.61587468324	119284.32940835398	119227.9827415344	119228.03484111239	119228.05874767668	119287.87802332088	119224.3076257116	119239.12211720794	119284.32940835398	119307.40930636464	119248.39697457198	119248.420876666	119248.52165017532	119297.93582768309	119241.7088333524	119229.40199672038	119227.9827415344	119248.39697457198	119241.20335236707	119241.00254117294	119241.32478480032	119249.69722422957	119232.25326610623	119229.44257144594	119228.03484111239	119248.420876666	119241.00254117294	119241.18757597198	119241.35600472192	119249.70919777252	119232.26851526229	119229.7593838813	119228.05874767668	119248.52165017532	119241.32478480032	119241.35600472192	119241.68036725963	119249.72871915468	119232.61320521202	119240.34789561086	119287.87802332088	119297.93582768309	119249.69722422957	119249.70919777252	119249.72871915468	119306.40601444112	119244.78854867206	119220.62963071789	119224.3076257116	119241.7088333524	119232.25326610623	119232.26851526229	119232.61320521202	119244.78854867206	119227.16213070336
119230.74111319835	119218.44248185716	119235.62609254573	119226.0971022164	119224.78672546688	119226.3352241866	119237.52914456475	119219.83375532417	119218.44248185716	119301.76322101234	119282.58109845835	119225.02602927943	119224.95998754367	119225.0767177578	119286.50625643325	119222.37725687392	119235.62609254573	119282.58109845835	119304.18189980194	119243.80592642639	119243.39333533494	119243.89009945636	119295.36189967352	119238.99834394189	119226.0971022164	119225.02602927943	119243.80592642639	119236.54737282194	119235.06054472215	119236.6319746554	119245.7408587407	119230.16983138099	119224.78672546688	119224.95998754367	119243.39333533494	119235.06054472215	119234.46575075247	119235.29751977955	119245.65828734507	119228.76204235699	119226.3352241866	119225.0767177578	119243.89009945636	119236.6319746554	119235.29751977955	119236.87010778059	119245.7633596219	119230.40880138126	119237.52914456475	119286.50625643325	119295.36189967352	119245.7408587407	119245.65828734507	119245.7633596219	119304.39299811547	119242.19708890727	119219.83375532417	119222.37725687392	119238.99834394189	119230.16983138099	119228.76204235699	119230.40880138126	119242.19708890727	119226.57895907345
119257.39724479016	119202.15933857177	119218.74371117831	119213.10749063037	119205.06193178662	119213.25155430421	119217.01035809485	119206.91417804862	119202.15933857177	119330.11407476288	119318.37012378915	119271.57385433692	119270.50087226003	119271.59789086066	119321.59937198737	119269.00243306268	119218.74371117831	119318.37012378915	119350.16933174888	119305.67100539745	119302.40412333875	119305.71272927214	119339.60871969421	119301.01862984877	119213.10749063037	119271.57385433692	119305.67100539745	119325.36264134843	119315.9167640718	119325.39865321424	119303.17012049083	119319.64366446206	119205.06193178662	119270.50087226003	119302.40412333875	119315.9167640718	119310.70810825915	119316.04824729427	119302.02848508059	119309.83662703907	119213.25155430421	119271.59789086066	119305.71272927214	119325.39865321424	119316.04824729427	119325.52773186176	119303.1758076754	119319.77216941612	119217.01035809485	119321.59937198737	119339.60871969421	119303.17012049083	119302.02848508059	119303.1758076754	119347.86920601015	119299.70203151986	119206.91417804862	119269.00243306268	119301.01862984877	119319.64366446206	119309.83662703907	119319.77216941612	119299.70203151986	119316.8748870965
119231.32287541393	119212.56933721347	119220.75713773008	119220.66691235316	119219.13733277297	119220.76299976674	119225.82136564072	119212.49111856257	119212.56933721347	119243.02899748422	119234.86390086898	119234.77597726663	119233.46915907218	119234.85799506243	119244.53609056717	119228.31167623446	119220.75713773008	119234.86390086898	119244.83186238704	119244.72499455897	119243.26582217608	119244.81250153182	119249.53214935811	119237.03826698769	119220.66691235316	119234.77597726663	119244.72499455897	119244.6933426004	119243.18219939488	119244.73076127158	119249.45969692028	119236.95296844572	119219.13733277297	119233.46915907218	119243.26582217608	119243.18219939488	119242.45330066001	119243.27158851808	119248.4408639341	119235.33116727909	119220.76299976674	119234.85799506243	119244.81250153182	119244.73076127158	119243.27158851808	119244.82122697217	119249.52001373915	119237.04587204929	119225.82136564072	119244.53609056717	119249.53214935811	119249.45969692028	119248.4408639341	119249.52001373915	119266.47543890649	119243.18920496835	119212.49111856257	119228.31167623446	119237.03826698769	119236.95296844572	119235.33116727909	119237.04587204929	119243.18920496835	119232.50865241789
119242.83259737455	119212.68490141175	119230.29242522237	119224.8000592252	119219.07885601987	119224.98505414903	119230.13038715377	119219.27116815647	119212.68490141175	119311.0575388869	119294.24760362733	119240.34727604217	119239.81364625818	119240.38449729735	119297.98915276155	119237.94958044606	119230.29242522237	119294.24760362733	119319.25106020743	119264.85807100596	119262.8489305503	119264.92009675833	119309.72138365671	119260.54948977414	119224.8000592252	119240.34727604217	119264.85807100596	119269.21686302497	119263.01512468987	119269.2749219509	119264.48809090837	119263.74838787309	119219.07885601987	119239.81364625818	119262.8489305503	119263.01512468987	119259.79028620706	119263.19567585309	119263.94326513239	119257.39508347675	119224.98505414903	119240.38449729735	119264.92009675833	119269.2749219509	119263.19567585309	119269.45370298187	119264.50275160845	119263.92692738927	119230.13038715377	119297.98915276155	119309.72138365671	119264.48809090837	119263.94326513239	119264.50275160845	119318.59025172454	119261.26719692003	119219.27116815647	119237.94958044606	119260.54948977414	119263.74838787309	119257.39508347675	119263.92692738927	119261.26719692003	119260.88851942461
119218.86096782857	119201.88793071594	119217.39296954835	119217.35722499581	119214.73187504624	119217.41324423686	119220.56910842986	119214.33043910778	119201.88793071594	119224.03775687564	119205.54215788245	119205.49613962983	119203.24043764915	119205.5463630217	119214.75151159239	119203.22831716541	119217.39296954835	119205.54215788245	119221.6599413166	119221.6059704567	119218.99908060115	119221.66125513802	119224.71918314089	119218.60147158714	119217.35722499581	119205.49613962983	119221.6059704567	119221.59014044181	119218.96287221332	119221.62623306399	119224.68218387589	119218.5659057758	119214.73187504624	119203.24043764915	119218.99908060115	119218.96287221332	119217.29357810368	119219.01980318711	119222.54295030578	119215.87720169502	119217.41324423686	119205.5463630217	119221.66125513802	119221.62623306399	119219.01980318711	119221.6849277268	119224.72780219618	119218.62248282076	119220.56910842986	119214.75151159239	119224.71918314089	119224.68218387589	119222.54295030578	119224.72780219618	119236.16944116635	119222.06099465975	119214.33043910778	119203.22831716541	119218.60147158714	119218.5659057758	119215.87720169502	119218.62248282076	119222.06099465975	119216.69442261134
119213.20338774992	119195.01935643035	119212.0650754701	119211.90450400117	119211.28746651828	119212.09652398054	119213.56616366268	119208.46969033097	119195.01935643035	119212.78698823889	119198.06468660885	119197.89692960388	119197.32740791887	119198.0900081959	119201.84783081636	119195.10937470003	119212.0650754701	119198.06468660885	119215.57388690348	119215.40897456568	119214.79512458591	119215.59878100993	119217.03488018746	119211.9959574366	119211.90450400117	119197.89692960388	119215.40897456568	119215.33102329401	119214.63504530948	119215.44023348842	119216.88574954105	119211.83344825963	119211.28746651828	119197.32740791887	119214.79512458591	119214.63504530948	119214.28377139449	119214.82660458439	119216.31135479842	119211.19450795415	119212.09652398054	119198.0900081959	119215.59878100993	119215.44023348842	119214.82660458439	119215.63444719803	119217.06324983595	119212.02842883731	119213.56616366268	119201.84783081636	119217.03488018746	119216.88574954105	119216.31135479842	119217.06324983595	119221.62073277938	119213.63295161964	119208.46969033097	119195.10937470003	119211.9959574366	119211.83344825963	119211.19450795415	119212.02842883731	119213.63295161964	119209.61821236517
119215.44472845398	119197.03221478206	119214.17170477145	119214.01017063367	119213.45457498927	119214.1994641871	119215.50800490621	119209.71249667804	119197.03221478206	119214.23035119302	119200.36941291139	119200.19965583805	119199.6842598305	119200.39125179064	119203.82814520133	119196.68137358122	119214.17170477145	119200.36941291139	119218.00229856127	119217.83558190711	119217.28305637173	119218.02245156208	119219.29782371024	119213.56848861801	119214.01017063367	119200.19965583805	119217.83558190711	119217.75849580414	119217.12230843173	119217.86316293689	119219.14736049806	119213.40419315282	119213.45457498927	119199.6842598305	119217.28305637173	119217.12230843173	119216.81843229015	119217.31082163942	119218.62852863736	119212.82245507953	119214.1994641871	119200.39125179064	119218.02245156208	119217.86316293689	119217.31082163942	119218.0540248476	119219.32271739806	119213.59749690819	119215.50800490621	119203.82814520133	119219.29782371024	119219.14736049806	119218.62852863736	119219.32271739806	119223.54578842045	119215.06921921152	119209.71249667804	119196.68137358122	119213.56848861801	119213.40419315282	119212.82245507953	119213.59749690819	119215.06921921152	119210.62028011832
119229.0545827059	119211.39978578004	119227.24510812548	119226.84834361167	119226.95628979157	119227.29807050832	119228.3969713051	119217.71997717286	119211.39978578004	119225.39280633879	119215.47479801897	119215.06509070184	119215.194350933	119215.52196144698	119218.94169612048	119207.42383294941	119227.24510812548	119215.47479801897	119231.80400596485	119231.41041320712	119231.51424581808	119231.85269601435	119232.91657125135	119222.36902623554	119226.84834361167	119215.06509070184	119231.41041320712	119231.24490902276	119231.12253784796	119231.46296177371	119232.55857822903	119221.94955450528	119226.95628979157	119215.194350933	119231.51424581808	119231.12253784796	119231.35021895157	119231.56670250207	119232.65339595688	119222.04710658694	119227.29807050832	119215.52196144698	119231.85269601435	119231.46296177371	119231.56670250207	119231.91447074254	119232.96434026766	119222.4281092534	119228.3969713051	119218.94169612048	119232.91657125135	119232.55857822903	119232.65339595688	119232.96434026766	119237.78513693523	119224.01112786995	119217.71997717286	119207.42383294941	119222.36902623554	119221.94955450528	119222.04710658694	119222.4281092534	119224.01112786995	119216.14986213995
119199.243533707	119198.9451854203	119199.13654657373	119198.0796608048	119197.45832556237	119199.25819094964	119200.42398120201	119198.94079952927	119198.9451854203	119199.38176717373	119199.20835856844	119198.15175192483	119197.53187809984	119199.3297520225	119200.50781606918	119199.01314846303	119199.13654657373	119199.20835856844	119199.4032800469	119198.34415771834	119197.7228814974	119199.52167360566	119200.68767321555	119199.2045356613	119198.0796608048	119198.15175192483	119198.34415771834	119197.7805020028	119196.646557623	119198.46718743608	119199.66318583826	119198.14709800476	119197.45832556237	119197.53187809984	119197.7228814974	119196.646557623	119196.56797398938	119197.84683319675	119199.05657269804	119197.5235484386	119199.25819094964	119199.3297520225	119199.52167360566	119198.46718743608	119197.84683319675	119199.66032307006	119200.80611333848	119199.32636193556	119200.42398120201	119200.50781606918	119200.68767321555	119199.66318583826	119199.05657269804	119200.80611333848	119203.37246279237	119200.49529720262	119198.94079952927	119199.01314846303	119199.2045356613	119198.14709800476	119197.5235484386	119199.32636193556	119200.49529720262	119199.08205560523
119275.9887129026	119272.74142942189	119275.8016485819	119275.25049958313	119255.77616030978	119277.9188738995	119274.70227360088	119275.79230527638	119272.74142942189	119274.70764199932	119273.02097577036	119272.41440151137	119252.95842360791	119275.01173762267	119272.14631433136	119273.0107936663	119275.8016485819	119273.02097577036	119276.1039439322	119275.53717238508	119256.06570808681	119278.19827671515	119274.99005054534	119276.07722860224	119275.25049958313	119272.41440151137	119275.53717238508	119276.91725858308	119254.5836510053	119277.74483876576	119274.47393977716	119275.52787935638	119255.77616030978	119252.95842360791	119256.06570808681	119254.5836510053	119251.51986880194	119261.94911240548	119255.82157015354	119256.05492942187	119277.9188738995	119275.01173762267	119278.19827671515	119277.74483876576	119261.94911240548	119282.21818248782	119277.08830792918	119278.1882951788	119274.70227360088	119272.14631433136	119274.99005054534	119274.47393977716	119255.82157015354	119277.08830792918	119275.82227013548	119274.97942719012	119275.79230527638	119273.0107936663	119276.07722860224	119275.52787935638	119256.05492942187	119278.1882951788	119274.97942719012	119276.07085580331
119422.52248358139	119207.58297012598	119261.37950483951	119386.5196884007	119295.4371219173	119399.63936210677	119214.24845991189	119422.52870329734	119207.58297012598	119356.47211470522	119348.14505436875	119237.53683940093	119309.96077824107	119253.40816620755	119355.89230336154	119207.66142235015	119261.37950483951	119348.14505436875	119391.94314346403	119298.02507894949	119361.13896069124	119314.87388494014	119378.03893055045	119261.5348778315	119386.5196884007	119237.53683940093	119298.02507894949	119403.8236828518	119317.75888833855	119393.80558762173	119260.97558566343	119387.21952287323	119295.4371219173	119309.96077824107	119361.13896069124	119317.75888833855	119412.018849665	119359.8746223739	119347.2267858167	119295.64441900887	119399.63936210677	119253.40816620755	119314.87388494014	119393.80558762173	119359.8746223739	119414.29893072639	119274.2641992415	119400.24679119754	119214.24845991189	119355.89230336154	119378.03893055045	119260.97558566343	119347.2267858167	119274.2641992415	119394.44704064641	119214.33454811704	119422.52870329734	119207.66142235015	119261.5348778315	119387.21952287323	119295.64441900887	119400.24679119754	119214.33454811704	119423.37878550724
119422.52686456662	119207.5770297498	119261.37288755614	119386.52360097742	119295.42953713877	119399.6419837597	119214.24028777551	119422.53867289325	119207.5770297498	119356.49244151765	119348.17396026393	119237.59712831193	119309.99685306661	119253.46263995057	119355.91749975343	119207.72497475827	119261.37288755614	119348.17396026393	119391.98722572622	119298.14233206885	119361.19487935772	119314.9781299514	119378.0740384221	119261.66599690462	119386.52360097742	119237.59712831193	119298.14233206885	119404.33965484487	119317.91468267809	119394.25367424065	119261.04218236833	119387.8445044851	119295.42953713877	119309.99685306661	119361.19487935772	119317.91468267809	119412.09026599741	119360.01301629678	119347.27032548687	119295.8206234894	119399.6419837597	119253.46263995057	119314.9781299514	119394.25367424065	119360.01301629678	119414.68869867522	119274.32472165815	119400.78845585519	119214.24028777551	119355.91749975343	119378.0740384221	119261.04218236833	119347.27032548687	119274.32472165815	119394.47853951227	119214.4026036645	119422.53867289325	119207.72497475827	119261.66599690462	119387.8445044851	119295.8206234894	119400.78845585519	119214.4026036645	119424.14325609135
119279.14091073547	119278.84967997379	119278.90262758065	119278.29806226082	119265.02371108036	119284.27711057878	119277.55060618791	119278.88290465705	119278.84967997379	119279.1795238533	119279.18392037225	119278.5803749802	119265.27265355535	119284.53034936369	119277.83795948126	119279.16421102843	119278.90262758065	119279.18392037225	119279.26926597307	119278.63488994206	119265.33767069095	119284.59240394583	119277.8908964383	119279.21719578668	119278.29806226082	119278.5803749802	119278.63488994206	119281.2000379832	119263.68940039208	119284.39764041906	119277.36043877462	119278.61493608178	119265.02371108036	119265.27265355535	119265.33767069095	119263.68940039208	119285.18458464842	119283.00673858653	119265.21223879971	119265.31013698614	119284.27711057878	119284.53034936369	119284.59240394583	119284.39764041906	119283.00673858653	119296.03068350532	119283.27034099308	119284.56812556511	119277.55060618791	119277.83795948126	119277.8908964383	119277.36043877462	119265.21223879971	119283.27034099308	119279.08634689568	119277.86816489646	119278.88290465705	119279.16421102843	119279.21719578668	119278.61493608178	119265.31013698614	119284.56812556511	119277.86816489646	119279.20040038862
119278.62593339176	119278.59307094559	119278.9248673373	119278.62158313103	119266.0451292638	119284.49458912291	119278.61320878248	119278.59614126728	119278.59307094559	119278.61056940166	119278.89605093241	119278.59257100597	119266.008939275	119284.46174622033	119278.58422738932	119278.56720428185	119278.9248673373	119278.89605093241	119279.68980117224	119278.9243965954	119266.43413730318	119284.87411622779	119278.91635639798	119278.89847845453	119278.62158313103	119278.59257100597	119278.9243965954	119278.63673604175	119266.03940535452	119284.49610943573	119278.61271827262	119278.59569700899	119266.0451292638	119266.008939275	119266.43413730318	119266.03940535452	119287.1848375838	119284.84678892526	119266.04674657049	119265.97581165317	119284.49458912291	119284.46174622033	119284.87411622779	119284.49610943573	119284.84678892526	119296.6756858404	119284.48574004779	119284.50461374725	119278.61320878248	119278.58422738932	119278.91635639798	119278.61271827262	119266.04674657049	119284.48574004779	119278.62613959987	119278.58723488628	119278.59614126728	119278.56720428185	119278.89847845453	119278.59569700899	119265.97581165317	119284.50461374725	119278.58723488628	119278.72721277791
119281.43221499276	119281.14062224365	119281.79336444345	119281.35906806955	119274.43072104723	119290.02112890774	119281.42220755863	119281.4238950259	119281.14062224365	119281.26985859202	119281.51968593785	119281.08156870058	119274.06038215423	119289.6963223572	119281.14695150763	119281.14861985622	119281.79336444345	119281.51968593785	119282.68332689363	119281.7382534093	119274.98834988593	119290.52499103735	119281.79972841832	119281.8013152224	119281.35906806955	119281.08156870058	119281.7382534093	119281.94082361524	119274.25099432647	119290.0928835294	119281.3654001032	119281.36718086577	119274.43072104723	119274.06038215423	119274.98834988593	119274.25099432647	119314.87388885417	119302.53684380386	119274.43778809225	119274.43661041265	119290.02112890774	119289.6963223572	119290.52499103735	119290.0928835294	119302.53684380386	119308.12436752791	119290.02642473207	119290.0309052132	119281.42220755863	119281.14695150763	119281.79972841832	119281.3654001032	119274.43778809225	119290.02642473207	119281.43318203259	119281.4301922898	119281.4238950259	119281.14861985622	119281.8013152224	119281.36718086577	119274.43661041265	119290.0309052132	119281.4301922898	119281.44035261234
119283.97280454267	119283.95861993651	119284.43593755673	119276.07786037753	119281.55939491499	119289.48630637517	119283.96651256467	119275.71744312142	119283.95861993651	119283.966935953	119284.43003961367	119276.06184107036	119281.54703412444	119289.47126345501	119283.96061268775	119275.70387993589	119284.43593755673	119284.43003961367	119285.54343761822	119277.90673215961	119282.55326200837	119291.22633918158	119284.43799192553	119277.74927623532	119276.07786037753	119276.06184107036	119277.90673215961	119602.52394238452	119320.44498785255	119544.07555955954	119276.07179579017	119655.80789478621	119281.55939491499	119281.54703412444	119282.55326200837	119320.44498785255	119349.05266976327	119353.8919544874	119281.56117006105	119335.64011037657	119289.48630637517	119289.47126345501	119291.22633918158	119544.07555955954	119353.8919544874	119523.2363657172	119289.4800907376	119606.76075881517	119283.96651256467	119283.96061268775	119284.43799192553	119276.07179579017	119281.56117006105	119289.4800907376	119283.97334707025	119275.70718641061	119275.71744312142	119275.70387993589	119277.74927623532	119655.80789478621	119335.64011037657	119606.76075881517	119275.70718641061	119764.52433434431
119283.51034829947	119283.48933741359	119283.54873075725	119277.52587101542	119283.48022743847	119291.55619312676	119283.49641638312	119277.94514961392	119283.48933741359	119283.505330017	119283.55250887695	119277.52195250981	119283.48394310272	119291.55481983734	119283.50019430037	119277.94381825694	119283.54873075725	119283.55250887695	119283.67722650708	119277.66304394486	119283.54369397013	119291.67523026654	119283.5595902818	119278.08318243263	119277.52587101542	119277.52195250981	119277.66304394486	119494.89195741598	119277.72509775302	119442.39006552825	119277.52938372058	119517.4294445944	119283.48022743847	119283.48394310272	119283.54369397013	119277.72509775302	119283.94993764955	119291.91757255947	119283.4910613879	119278.22114278688	119291.55619312676	119291.55481983734	119291.67523026654	119442.39006552825	119291.91757255947	119417.44011065984	119291.55936390907	119474.8308472384	119283.49641638312	119283.50019430037	119283.5595902818	119277.52938372058	119283.4910613879	119291.55936390907	119283.5111262798	119277.94506025386	119277.94514961392	119277.94381825694	119278.08318243263	119517.4294445944	119278.22114278688	119474.8308472384	119277.94506025386	119586.25610168563
119349.63939749103	119214.06046384935	119215.82744700274	119260.98174018918	119240.95138264229	119278.32513414804	119214.05823495107	119276.53838264529	119214.06046384935	119359.6628625943	119359.59147434501	119294.72557507761	119326.4855084488	119303.79038432731	119359.6629665528	119277.54871673779	119215.82744700274	119359.59147434501	119360.73468175715	119297.95263887802	119327.7993792099	119306.9042020519	119359.5967900274	119281.37185200107	119260.98174018918	119294.72557507761	119297.95263887802	119611.1963659187	119333.21383915801	119551.53043085837	119294.72554003887	119661.07086938042	119240.95138264229	119326.4855084488	119327.7993792099	119333.21383915801	119376.42720079396	119364.02098323	119326.49244406125	119338.73325225053	119278.32513414804	119303.79038432731	119306.9042020519	119551.53043085837	119364.02098323	119529.72819430933	119303.7897788406	119611.74470723057	119214.05823495107	119359.6629665528	119359.5967900274	119294.72554003887	119326.49244406125	119303.7897788406	119359.67311557526	119277.54331267545	119276.53838264529	119277.54871673779	119281.37185200107	119661.07086938042	119338.73325225053	119611.74470723057	119277.54331267545	119770.24589052325
119285.32612771484	119283.3448329746	119285.70234327979	119278.22957760647	119283.51862212473	119291.48583059246	119285.31584199294	119277.3793427681	119283.3448329746	119284.12720240398	119283.74455907669	119274.93748598767	119280.65269037816	119288.4328216403	119283.35302433305	119274.74643437825	119285.70234327979	119283.74455907669	119286.6258949344	119279.74188275647	119284.33812000022	119292.92294254094	119285.71043749	119279.05899674367	119278.22957760647	119274.93748598767	119279.74188275647	119605.00161740476	119322.8349190939	119546.19119769362	119278.22757414488	119657.21451998952	119283.51862212473	119280.65269037816	119284.33812000022	119322.8349190939	119350.97072654407	119355.82060167965	119283.52377527201	119337.09344676338	119291.48583059246	119288.4328216403	119292.92294254094	119546.19119769362	119355.82060167965	119524.93032795627	119291.48335281611	119607.82225420278	119285.31584199294	119283.35302433305	119285.71043749	119278.22757414488	119283.52377527201	119291.48335281611	119285.32686295595	119277.37329830481	119277.3793427681	119274.74643437825	119279.05899674367	119657.21451998952	119337.09344676338	119607.82225420278	119277.37329830481	119764.94757500703
119288.98294253652	119281.60430414916	119289.5075857734	119288.88033602046	119288.96211227312	119300.98587993594	119288.82679103111	119288.82459318168	119281.60430414916	119284.42899598701	119282.51677976703	119281.49923681493	119279.65581889235	119292.6376181852	119281.76900266252	119281.77203143519	119289.5075857734	119282.51677976703	119291.28376674968	119289.75237793088	119290.11323055335	119302.05782656182	119289.67804247535	119289.67571307663	119288.88033602046	119281.49923681493	119289.75237793088	119292.63285608368	119289.03298063722	119302.17349538152	119289.05200353258	119289.05763178195	119288.96211227312	119279.65581889235	119290.11323055335	119289.03298063722	119334.12392784464	119320.4035968461	119289.10160297618	119289.10665744623	119300.98587993594	119292.6376181852	119302.05782656182	119302.17349538152	119320.4035968461	119323.25372403077	119301.13435876084	119301.17293024181	119288.82679103111	119281.76900266252	119289.67804247535	119289.05200353258	119289.10160297618	119301.13435876084	119289.00060372478	119288.99576556515	119288.82459318168	119281.77203143519	119289.67571307663	119289.05763178195	119289.10665744623	119301.17293024181	119288.99576556515	119289.08765280478
119284.82235815916	119284.47801010602	119285.95316608822	119278.87137151846	119283.12663160624	119292.1915430691	119284.55912660135	119278.84912628082	119284.47801010602	119284.78860342453	119286.14429597859	119278.80268858113	119283.18106963737	119292.12087154978	119284.75475705606	119278.7477308368	119285.95316608822	119286.14429597859	119289.50019422972	119284.27472463416	119286.10737696716	119297.28089147579	119286.22482579396	119284.76729624123	119278.87137151846	119278.80268858113	119284.27472463416	119610.24813989975	119322.15839429601	119550.12238554056	119278.93374292998	119663.71912498648	119283.12663160624	119283.18106963737	119286.10737696716	119322.15839429601	119346.35682776902	119353.62167710983	119283.29751234905	119336.5789870061	119292.1915430691	119292.12087154978	119297.28089147579	119550.12238554056	119353.62167710983	119527.14241462474	119292.24117811219	119612.55200169938	119284.55912660135	119284.75475705606	119286.22482579396	119278.93374292998	119283.29751234905	119292.24117811219	119284.83856528148	119278.8485324947	119278.84912628082	119278.7477308368	119284.76729624123	119663.71912498648	119336.5789870061	119612.55200169938	119278.8485324947	119772.4516739315
119284.03176741862	119283.38978355403	119283.97154376358	119276.6148698383	119283.11848943365	119290.54891629993	119283.89635328946	119276.41360746686	119283.38978355403	119283.72237380208	119283.60755646114	119275.9362608679	119282.66529151834	119289.9802024886	119283.53208224462	119275.91464300889	119283.97154376358	119283.60755646114	119284.28718980991	119276.92489754778	119283.34327801487	119290.83231313048	119284.11417920313	119276.71971067353	119276.6148698383	119275.9362608679	119276.92489754778	119580.34292783866	119289.95747231363	119513.36088562664	119276.67415407785	119626.28783304499	119283.11848943365	119282.66529151834	119283.34327801487	119289.95747231363	119303.77016135678	119310.04495425626	119283.2437144337	119294.4392248597	119290.54891629993	119289.9802024886	119290.83231313048	119513.36088562664	119310.04495425626	119479.96425679306	119290.6112477262	119565.67115815758	119283.89635328946	119283.53208224462	119284.11417920313	119276.67415407785	119283.2437144337	119290.6112477262	119284.04169216342	119276.44796936477	119276.41360746686	119275.91464300889	119276.71971067353	119626.28783304499	119294.4392248597	119565.67115815758	119276.44796936477	119725.29872938617
119284.04406355812	119283.48008834815	119283.99745987849	119275.56239576533	119281.53694823549	119289.04317163731	119283.92328184568	119275.02349111166	119283.48008834815	119283.78297359578	119283.68350901616	119274.86297373346	119280.98318740816	119288.39460981343	119283.60926512913	119274.4471211233	119283.99745987849	119283.68350901616	119284.29987147957	119275.88021220114	119281.76785103873	119289.33902264487	119284.12675847208	119275.34397653922	119275.56239576533	119274.86297373346	119275.88021220114	119597.09846008454	119315.92457304601	119537.93402843084	119275.59527419064	119649.043614292	119281.53694823549	119280.98318740816	119281.76785103873	119315.92457304601	119343.96864576734	119348.09024087276	119281.61858594109	119329.66424306814	119289.04317163731	119288.39460981343	119289.33902264487	119537.93402843084	119348.09024087276	119515.97115150477	119289.06953920587	119599.01010386307	119283.92328184568	119283.60926512913	119284.12675847208	119275.59527419064	119281.61858594109	119289.06953920587	119284.05531445084	119275.02669678302	119275.02349111166	119274.4471211233	119275.34397653922	119649.043614292	119329.66424306814	119599.01010386307	119275.02669678302	119756.16734110401
119283.85109007476	119283.58447605658	119283.75742149948	119275.11171558086	119281.00034860594	119288.57163785704	119283.63014249528	119274.65752948428	119283.58447605658	119283.84261276669	119283.9498850823	119275.09554348639	119281.07553457729	119288.54723923357	119283.82300344526	119274.60434928365	119283.75742149948	119283.9498850823	119284.29371897956	119275.66642790778	119281.41095073384	119289.08860625126	119283.99558218628	119275.21452770731	119275.11171558086	119275.09554348639	119275.66642790778	119598.74394192305	119318.41591788198	119540.46505095561	119275.17033985115	119651.5685040321	119281.00034860594	119281.07553457729	119281.41095073384	119318.41591788198	119347.97623528651	119351.94033429041	119281.14377833443	119333.33833892185	119288.57163785704	119288.54723923357	119289.08860625126	119540.46505095561	119351.94033429041	119519.78276291612	119288.61644828659	119602.7109102319	119283.63014249528	119283.82300344526	119283.99558218628	119275.17033985115	119281.14377833443	119288.61644828659	119283.87138418944	119274.66169779608	119274.65752948428	119274.60434928365	119275.21452770731	119651.5685040321	119333.33833892185	119602.7109102319	119274.66169779608	119759.78308904861
