3.5972066076936047e6	3.597102978074007e6	3.597063656026801e6	3.5970635889217136e6	3.5970636237585987e6	3.597063403792428e6	3.597065741268223e6	3.5970636264870386e6	3.5972070930057745e6	3.597102978074007e6	3.5971275216810745e6	3.597103224147295e6	3.5971032209654874e6	3.59710329405571e6	3.5971016778165423e6	3.597104216955187e6	3.5971032964949766e6	3.597124702422598e6	3.597063656026801e6	3.597103224147295e6	3.597146122382943e6	3.597145893232843e6	3.5971459626554507e6	3.5971431157298083e6	3.5971462418026878e6	3.5971459688164024e6	3.5970659493171247e6	3.5970635889217136e6	3.5971032209654874e6	3.597145893232843e6	3.5971462781077945e6	3.5971460903976937e6	3.597143235104199e6	3.5971463817311325e6	3.597146096481545e6	3.59706593536059e6	3.5970636237585987e6	3.59710329405571e6	3.5971459626554507e6	3.5971460903976937e6	3.597146164788516e6	3.597143296054162e6	3.5971464498861656e6	3.5971461637790296e6	3.5970659307607547e6	3.597063403792428e6	3.5971016778165423e6	3.5971431157298083e6	3.597143235104199e6	3.597143296054162e6	3.597143880863334e6	3.5971436606437718e6	3.597143302185365e6	3.597066008371831e6	3.597065741268223e6	3.597104216955187e6	3.5971462418026878e6	3.5971463817311325e6	3.5971464498861656e6	3.5971436606437718e6	3.5971483634905494e6	3.5971464559381115e6	3.597066938484158e6	3.5970636264870386e6	3.5971032964949766e6	3.5971459688164024e6	3.597146096481545e6	3.5971461637790296e6	3.597143302185365e6	3.5971464559381115e6	3.5971461738424255e6	3.597065932607658e6	3.5972070930057745e6	3.597124702422598e6	3.5970659493171247e6	3.59706593536059e6	3.5970659307607547e6	3.597066008371831e6	3.597066938484158e6	3.597065932607658e6	3.597226974407635e6
3.597187268032056e6	3.597091213853347e6	3.597082357825136e6	3.5970825781418122e6	3.597082664770338e6	3.5970812869205666e6	3.5970838926692037e6	3.597082664051155e6	3.5971793569868766e6	3.597091213853347e6	3.597120903441524e6	3.5971145392529517e6	3.5971156220118357e6	3.597115787360259e6	3.597112425217423e6	3.597116300451737e6	3.59711579427807e6	3.5971077743410836e6	3.597082357825136e6	3.5971145392529517e6	3.597126410444409e6	3.5971236792190983e6	3.5971238968263417e6	3.597120308420501e6	3.597124219544812e6	3.597123908356634e6	3.597094126307795e6	3.5970825781418122e6	3.5971156220118357e6	3.5971236792190983e6	3.597125782801183e6	3.597125321324423e6	3.5971215090438514e6	3.597125747481378e6	3.5971253293429497e6	3.5970949723995123e6	3.597082664770338e6	3.597115787360259e6	3.5971238968263417e6	3.597125321324423e6	3.597125484210901e6	3.597121646520834e6	3.597125906274892e6	3.5971254888813323e6	3.5970949515652447e6	3.5970812869205666e6	3.597112425217423e6	3.597120308420501e6	3.5971215090438514e6	3.597121646520834e6	3.5971235275593665e6	3.597122137217082e6	3.597121654130959e6	3.5970936030777264e6	3.5970838926692037e6	3.597116300451737e6	3.597124219544812e6	3.597125747481378e6	3.597125906274892e6	3.597122137217082e6	3.5971274209495224e6	3.5971259150639265e6	3.5970953504879302e6	3.597082664051155e6	3.59711579427807e6	3.597123908356634e6	3.5971253293429497e6	3.5971254888813323e6	3.597121654130959e6	3.5971259150639265e6	3.5971255091157127e6	3.597094952976792e6	3.5971793569868766e6	3.5971077743410836e6	3.597094126307795e6	3.5970949723995123e6	3.5970949515652447e6	3.5970936030777264e6	3.5970953504879302e6	3.597094952976792e6	3.5971862119698166e6
3.5971851183149996e6	3.5970899271511137e6	3.597085537017545e6	3.597085100956057e6	3.59708555824763e6	3.5970844752026633e6	3.597086676982309e6	3.597085564062289e6	3.597175944537758e6	3.5970899271511137e6	3.597119744956668e6	3.597116966544061e6	3.597116155603265e6	3.597117062005261e6	3.597114612112662e6	3.597117508455198e6	3.5971170655822237e6	3.5971054986348986e6	3.597085537017545e6	3.597116966544061e6	3.597121992419933e6	3.597120843214512e6	3.5971217693102993e6	3.597119167638399e6	3.597122163613601e6	3.5971217734047254e6	3.597098867968028e6	3.597085100956057e6	3.597116155603265e6	3.597120843214512e6	3.5971232434259616e6	3.5971209764281884e6	3.5971184540261165e6	3.5971213768132576e6	3.5971209804918496e6	3.5970989988875818e6	3.59708555824763e6	3.597117062005261e6	3.5971217693102993e6	3.5971209764281884e6	3.5971218866684204e6	3.5971192626210116e6	3.5971222807244803e6	3.5971218821454537e6	3.59709893994892e6	3.5970844752026633e6	3.597114612112662e6	3.597119167638399e6	3.5971184540261165e6	3.5971192626210116e6	3.5971207506993683e6	3.597119711732892e6	3.5971192668531365e6	3.5970978658064315e6	3.597086676982309e6	3.597117508455198e6	3.597122163613601e6	3.5971213768132576e6	3.5971222807244803e6	3.597119711732892e6	3.5971236927979235e6	3.597122284639969e6	3.5970992630461035e6	3.597085564062289e6	3.5971170655822237e6	3.5971217734047254e6	3.5971209804918496e6	3.5971218821454537e6	3.5971192668531365e6	3.597122284639969e6	3.5971218897647145e6	3.5970989455251107e6	3.597175944537758e6	3.5971054986348986e6	3.597098867968028e6	3.5970989988875818e6	3.59709893994892e6	3.5970978658064315e6	3.5970992630461035e6	3.5970989455251107e6	3.5971808770556096e6
3.597190096958994e6	3.597092740636755e6	3.597079169968593e6	3.5970791558973254e6	3.5970792859676145e6	3.5970784118509153e6	3.597080616880691e6	3.597079289660756e6	3.5971835223995177e6	3.597092740636755e6	3.597121326817849e6	3.5971124006342627e6	3.597112887560861e6	3.5971131391569683e6	3.5971107992480528e6	3.5971136994199525e6	3.5971131422484717e6	3.5971100719938586e6	3.597079169968593e6	3.5971124006342627e6	3.5971286152772084e6	3.597126729266651e6	3.5971270267353626e6	3.597124279094517e6	3.5971273694250267e6	3.5971270316767227e6	3.5970894936170005e6	3.5970791558973254e6	3.597112887560861e6	3.597126729266651e6	3.597128545747825e6	3.5971278596742656e6	3.597125019697194e6	3.5971282732065967e6	3.5971278639295776e6	3.5970899377800534e6	3.5970792859676145e6	3.5971131391569683e6	3.5971270267353626e6	3.5971278596742656e6	3.5971281071452973e6	3.597125235383893e6	3.597128513754356e6	3.597128104792783e6	3.59708991273696e6	3.5970784118509153e6	3.5971107992480528e6	3.597124279094517e6	3.597125019697194e6	3.597125235383893e6	3.597126495068459e6	3.5971257011476266e6	3.597125239731855e6	3.5970891213537715e6	3.597080616880691e6	3.5971136994199525e6	3.5971273694250267e6	3.5971282732065967e6	3.597128513754356e6	3.5971257011476266e6	3.5971300751682683e6	3.597128517997136e6	3.5970903788865707e6	3.597079289660756e6	3.5971131422484717e6	3.5971270316767227e6	3.5971278639295776e6	3.597128104792783e6	3.597125239731855e6	3.597128517997136e6	3.5971281130989287e6	3.5970899162738374e6	3.5971835223995177e6	3.5971100719938586e6	3.5970894936170005e6	3.5970899377800534e6	3.59708991273696e6	3.5970891213537715e6	3.5970903788865707e6	3.5970899162738374e6	3.597192435899803e6
3.5971995754304784e6	3.5970986660349853e6	3.5970712130058184e6	3.597071089785828e6	3.597071144276866e6	3.597070821549227e6	3.5970729968858487e6	3.597071148848799e6	3.5971967457989585e6	3.5970986660349853e6	3.597124873726759e6	3.5971073061342556e6	3.597107871904003e6	3.597107978688337e6	3.5971066788363857e6	3.5971087957153036e6	3.597107981317262e6	3.597118389706174e6	3.5970712130058184e6	3.5971073061342556e6	3.5971382165263733e6	3.597136561435272e6	3.5971366829753295e6	3.597134813841288e6	3.597137020763167e6	3.5971366889215414e6	3.597077189162777e6	3.597071089785828e6	3.597107871904003e6	3.597136561435272e6	3.5971382964984034e6	3.597137991332011e6	3.5971360448678485e6	3.5971384278873065e6	3.597137996642828e6	3.597077334840959e6	3.597071144276866e6	3.597107978688337e6	3.5971366829753295e6	3.597137991332011e6	3.5971380944464393e6	3.5971361326600644e6	3.597138522534887e6	3.597138091009257e6	3.59707732496152e6	3.597070821549227e6	3.5971066788363857e6	3.597134813841288e6	3.5971360448678485e6	3.5971361326600644e6	3.597136696386535e6	3.597136613266201e6	3.597136138090572e6	3.597077138030233e6	3.5970729968858487e6	3.5971087957153036e6	3.597137020763167e6	3.5971384278873065e6	3.597138522534887e6	3.597136613266201e6	3.597140455912953e6	3.5971385276335897e6	3.5970781076019173e6	3.597071148848799e6	3.597107981317262e6	3.5971366889215414e6	3.597137996642828e6	3.597138091009257e6	3.597136138090572e6	3.5971385276335897e6	3.597138099877472e6	3.597077328565238e6	3.5971967457989585e6	3.597118389706174e6	3.597077189162777e6	3.597077334840959e6	3.59707732496152e6	3.597077138030233e6	3.5970781076019173e6	3.597077328565238e6	3.597211570259994e6
3.5972108190616877e6	3.59710473686612e6	3.5970676667229347e6	3.597067200408706e6	3.597067285962403e6	3.5970675990278553e6	3.5970740321877142e6	3.597067669867154e6	3.5972070960585875e6	3.59710473686612e6	3.5971283097327063e6	3.5971054673691797e6	3.59710464755488e6	3.5971055202134238e6	3.5971043926689625e6	3.5971083275379403e6	3.59710549540865e6	3.597124381476246e6	3.5970676667229347e6	3.5971054673691797e6	3.597143846879067e6	3.5971429661324895e6	3.597143448236929e6	3.597141883098677e6	3.597144750748386e6	3.597143794429275e6	3.5970705615282813e6	3.597067200408706e6	3.59710464755488e6	3.5971429661324895e6	3.597145174010646e6	3.597142727412893e6	3.59714117185902e6	3.597144003486633e6	3.597143036790854e6	3.597070575725687e6	3.597067285962403e6	3.5971055202134238e6	3.597143448236929e6	3.597142727412893e6	3.597144201539812e6	3.5971415832956685e6	3.5971447477845643e6	3.5971435108022047e6	3.5970702563491454e6	3.5970675990278553e6	3.5971043926689625e6	3.597141883098677e6	3.59714117185902e6	3.5971415832956685e6	3.5971424152853666e6	3.5971430630087345e6	3.597141942827014e6	3.597070611226204e6	3.5970740321877142e6	3.5971083275379403e6	3.597144750748386e6	3.597144003486633e6	3.5971447477845643e6	3.5971430630087345e6	3.597150896519436e6	3.597144827169819e6	3.597073444006957e6	3.597067669867154e6	3.59710549540865e6	3.597143794429275e6	3.597143036790854e6	3.5971435108022047e6	3.597141942827014e6	3.597144827169819e6	3.597143859568913e6	3.5970705649151113e6	3.5972070960585875e6	3.597124381476246e6	3.5970705615282813e6	3.597070575725687e6	3.5970702563491454e6	3.597070611226204e6	3.597073444006957e6	3.5970705649151113e6	3.5972239584826403e6
3.597210828730303e6	3.597104119408571e6	3.5970676123076878e6	3.597067228284662e6	3.597067452496195e6	3.597067578916014e6	3.597075334696218e6	3.597067615857622e6	3.5972059024095247e6	3.597104119408571e6	3.597127308606985e6	3.5971048759479504e6	3.5971041842535147e6	3.597104915773259e6	3.5971040265740016e6	3.5971083044458916e6	3.5971048899912722e6	3.597123200177911e6	3.5970676123076878e6	3.5971048759479504e6	3.59714183279672e6	3.597141132883981e6	3.5971416428113673e6	3.5971403162258184e6	3.5971430971532743e6	3.59714181172303e6	3.5970707150676027e6	3.597067228284662e6	3.5971041842535147e6	3.597141132883981e6	3.597142955289929e6	3.597141010703183e6	3.5971397002003766e6	3.5971424478515997e6	3.597141163992443e6	3.5970707308102637e6	3.597067452496195e6	3.597104915773259e6	3.5971416428113673e6	3.597141010703183e6	3.5971420327959764e6	3.59714016969734e6	3.5971431286408775e6	3.5971416709483564e6	3.5970705711873197e6	3.597067578916014e6	3.5971040265740016e6	3.5971403162258184e6	3.5971397002003766e6	3.59714016969734e6	3.5971407345926217e6	3.5971417811889113e6	3.597140343372826e6	3.597070750194298e6	3.597075334696218e6	3.5971083044458916e6	3.5971430971532743e6	3.5971424478515997e6	3.5971431286408775e6	3.5971417811889113e6	3.597150550944722e6	3.5971431332936403e6	3.5970741906799376e6	3.597067615857622e6	3.5971048899912722e6	3.59714181172303e6	3.597141163992443e6	3.5971416709483564e6	3.597140343372826e6	3.5971431332936403e6	3.597141842472006e6	3.5970707177043287e6	3.5972059024095247e6	3.597123200177911e6	3.5970707150676027e6	3.5970707308102637e6	3.5970705711873197e6	3.597070750194298e6	3.5970741906799376e6	3.5970707177043287e6	3.5972219201329085e6
3.597209963464239e6	3.5971036341924616e6	3.5970659684361685e6	3.5970657901017284e6	3.5970659094014755e6	3.5970659505456407e6	3.597072758221652e6	3.5970659710411015e6	3.597206178060325e6	3.5971036341924616e6	3.5971266764345067e6	3.59710334904366e6	3.597103034979281e6	3.597103370268658e6	3.597102966205717e6	3.5971063871850586e6	3.597103365642953e6	3.5971233508280013e6	3.5970659684361685e6	3.59710334904366e6	3.5971415438566282e6	3.597141203166964e6	3.597141455664773e6	3.5971408145636767e6	3.5971426716082017e6	3.597141516578593e6	3.5970688827175517e6	3.5970657901017284e6	3.597103034979281e6	3.597141203166964e6	3.5971420942059113e6	3.597141181727773e6	3.5971405447762366e6	3.5971423973381105e6	3.597141240243187e6	3.597068891909252e6	3.5970659094014755e6	3.597103370268658e6	3.597141455664773e6	3.597141181727773e6	3.597141606498415e6	3.597140787536658e6	3.5971427013836405e6	3.5971414909495907e6	3.5970688340165187e6	3.5970659505456407e6	3.597102966205717e6	3.5971408145636767e6	3.5971405447762366e6	3.597140787536658e6	3.5971410215338604e6	3.5971420711796703e6	3.597140849262622e6	3.5970689045450687e6	3.597072758221652e6	3.5971063871850586e6	3.5971426716082017e6	3.5971423973381105e6	3.5971427013836405e6	3.5971420711796703e6	3.59714917216878e6	3.5971427154779313e6	3.5970719942998467e6	3.5970659710411015e6	3.597103365642953e6	3.597141516578593e6	3.597141240243187e6	3.5971414909495907e6	3.597140849262622e6	3.5971427154779313e6	3.597141554518213e6	3.5970688846513554e6	3.597206178060325e6	3.5971233508280013e6	3.5970688827175517e6	3.597068891909252e6	3.5970688340165187e6	3.5970689045450687e6	3.5970719942998467e6	3.5970688846513554e6	3.597223091549656e6
3.597213248760086e6	3.5971053704694808e6	3.597064044819182e6	3.5970637666437724e6	3.597063652709458e6	3.5970640659722993e6	3.5970717060792516e6	3.597064046873414e6	3.5972097818167624e6	3.5971053704694808e6	3.597127950215512e6	3.597102523819103e6	3.5971020357121774e6	3.5971026322785686e6	3.5971015475456147e6	3.5971059927598694e6	3.597102535937833e6	3.597125353370414e6	3.597064044819182e6	3.597102523819103e6	3.5971447660906953e6	3.597144261781775e6	3.597144270900506e6	3.5971429103108156e6	3.5971457180797453e6	3.5971447493254794e6	3.597065809236895e6	3.5970637666437724e6	3.5971020357121774e6	3.597144261781775e6	3.5971455452578687e6	3.5971438405376016e6	3.5971424771212954e6	3.5971452643614216e6	3.5971442899102117e6	3.597065812738521e6	3.597063652709458e6	3.5971026322785686e6	3.597144270900506e6	3.5971438405376016e6	3.5971452095091073e6	3.5971424425674747e6	3.597145699006691e6	3.597144297211465e6	3.59706548215447e6	3.5970640659722993e6	3.5971015475456147e6	3.5971429103108156e6	3.5971424771212954e6	3.5971424425674747e6	3.5971433443783335e6	3.5971440807908583e6	3.5971429355294597e6	3.597065939565971e6	3.5970717060792516e6	3.5971059927598694e6	3.5971457180797453e6	3.5971452643614216e6	3.597145699006691e6	3.5971440807908583e6	3.597152818430728e6	3.5971457513474384e6	3.597069401565001e6	3.597064046873414e6	3.597102535937833e6	3.5971447493254794e6	3.5971442899102117e6	3.597144297211465e6	3.5971429355294597e6	3.5971457513474384e6	3.597144778241205e6	3.597065809963146e6	3.5972097818167624e6	3.597125353370414e6	3.597065809236895e6	3.597065812738521e6	3.59706548215447e6	3.597065939565971e6	3.597069401565001e6	3.597065809963146e6	3.5972277715959484e6
3.5972111252525e6	3.5971044086634438e6	3.5970654442592007e6	3.5970652605251907e6	3.5970652214282323e6	3.5970654162742794e6	3.5970722498115427e6	3.5970654471263047e6	3.5972076852513812e6	3.5971044086634438e6	3.5971275032782713e6	3.597103520927183e6	3.5971032022661036e6	3.597103570712595e6	3.597102581700344e6	3.5971065665554698e6	3.597103542378113e6	3.597124321752901e6	3.5970654442592007e6	3.597103520927183e6	3.597143524503104e6	3.597143160422181e6	3.5971432640441065e6	3.597141767457552e6	3.597144490456927e6	3.5971434891090184e6	3.597067918407563e6	3.5970652605251907e6	3.5971032022661036e6	3.597143160422181e6	3.5971440669321828e6	3.5971429943508413e6	3.597141504156042e6	3.5971442182809487e6	3.5971432100103595e6	3.5970679253379963e6	3.5970652214282323e6	3.597103570712595e6	3.5971432640441065e6	3.5971429943508413e6	3.597143752161791e6	3.5971415802613567e6	3.5971445041426816e6	3.5971433112613973e6	3.597067737225415e6	3.5970654162742794e6	3.597102581700344e6	3.597141767457552e6	3.597141504156042e6	3.5971415802613567e6	3.5971422213404337e6	3.5971429685632046e6	3.597141812800235e6	3.597067994073024e6	3.5970722498115427e6	3.5971065665554698e6	3.597144490456927e6	3.5971442182809487e6	3.5971445041426816e6	3.5971429685632046e6	3.5971509147546864e6	3.597144548522164e6	3.5970710652253474e6	3.5970654471263047e6	3.597103542378113e6	3.5971434891090184e6	3.5971432100103595e6	3.5971433112613973e6	3.597141812800235e6	3.597144548522164e6	3.597143538933425e6	3.597067920148125e6	3.5972076852513812e6	3.597124321752901e6	3.597067918407563e6	3.5970679253379963e6	3.597067737225415e6	3.597067994073024e6	3.5970710652253474e6	3.597067920148125e6	3.597225123225499e6
3.597198386353141e6	3.5970965607310566e6	3.5970791252257847e6	3.597079030681584e6	3.5970789785323315e6	3.597078915497756e6	3.597085638726985e6	3.5970791360304253e6	3.5971888105265144e6	3.5970965607310566e6	3.597122569660002e6	3.5971118188713607e6	3.597111645698443e6	3.5971118314758358e6	3.5971109699152852e6	3.597114609135807e6	3.597111842672294e6	3.5971127613570224e6	3.5970791252257847e6	3.5971118188713607e6	3.597129568764727e6	3.5971293371296152e6	3.5971294594377796e6	3.5971283918952635e6	3.597131362888197e6	3.5971295309556304e6	3.597087597180957e6	3.597079030681584e6	3.597111645698443e6	3.5971293371296152e6	3.5971298713451964e6	3.5971293033186286e6	3.597128239881301e6	3.5971312106315373e6	3.5971293719356162e6	3.5970876180571504e6	3.5970789785323315e6	3.5971118314758358e6	3.5971294594377796e6	3.5971293033186286e6	3.59712977071714e6	3.5971283491762634e6	3.597131432480103e6	3.5971294930702015e6	3.597087450598181e6	3.597078915497756e6	3.5971109699152852e6	3.5971283918952635e6	3.597128239881301e6	3.5971283491762634e6	3.5971289500777354e6	3.597130375083736e6	3.5971284243352897e6	3.597087375840541e6	3.597085638726985e6	3.597114609135807e6	3.597131362888197e6	3.5971312106315373e6	3.597131432480103e6	3.597130375083736e6	3.597138833965201e6	3.5971314069914813e6	3.5970899329620153e6	3.5970791360304253e6	3.597111842672294e6	3.5971295309556304e6	3.5971293719356162e6	3.5971294930702015e6	3.5971284243352897e6	3.5971314069914813e6	3.597129567181541e6	3.5970876098149517e6	3.5971888105265144e6	3.5971127613570224e6	3.597087597180957e6	3.5970876180571504e6	3.597087450598181e6	3.597087375840541e6	3.5970899329620153e6	3.5970876098149517e6	3.5971976228021854e6
3.5971909269932467e6	3.5970925661212346e6	3.5970861058391184e6	3.597086032391241e6	3.5970861042267135e6	3.597085412472158e6	3.5970912408037726e6	3.597086118317108e6	3.597179221228633e6	3.5970925661212346e6	3.5971208003033586e6	3.597116844049298e6	3.597116702476958e6	3.597116865375813e6	3.5971149367149076e6	3.597118936952737e6	3.5971168695358993e6	3.5971073151410455e6	3.5970861058391184e6	3.597116844049298e6	3.5971236026415145e6	3.5971233957148283e6	3.597123556957683e6	3.597121428681147e6	3.597125334403903e6	3.5971235627114368e6	3.5970979137910926e6	3.597086032391241e6	3.597116702476958e6	3.5971233957148283e6	3.597123834935253e6	3.597123420290342e6	3.5971213037005e6	3.5971252033212692e6	3.5971234259177656e6	3.5970979394990853e6	3.5970861042267135e6	3.597116865375813e6	3.597123556957683e6	3.597123420290342e6	3.59712360465988e6	3.597121449324038e6	3.597125370938823e6	3.5971235861950316e6	3.5970979169881493e6	3.597085412472158e6	3.5971149367149076e6	3.597121428681147e6	3.5971213037005e6	3.597121449324038e6	3.5971227300843582e6	3.5971234138730345e6	3.5971214556339514e6	3.5970971320866086e6	3.5970912408037726e6	3.597118936952737e6	3.597125334403903e6	3.5971252033212692e6	3.597125370938823e6	3.5971234138730345e6	3.597131755835109e6	3.59712537232857e6	3.5970994541337434e6	3.597086118317108e6	3.5971168695358993e6	3.5971235627114368e6	3.5971234259177656e6	3.5971235861950316e6	3.5971214556339514e6	3.59712537232857e6	3.5971235948646488e6	3.5970979310327936e6	3.597179221228633e6	3.5971073151410455e6	3.5970979137910926e6	3.5970979394990853e6	3.5970979169881493e6	3.5970971320866086e6	3.5970994541337434e6	3.5970979310327936e6	3.597184012352312e6
3.5971963199208644e6	3.597095371542593e6	3.597079035057427e6	3.597078848683331e6	3.597078841440201e6	3.597078529678298e6	3.59708466005557e6	3.5970790485795303e6	3.597187107614319e6	3.597095371542593e6	3.597122151252239e6	3.597112164911571e6	3.5971118201064966e6	3.5971121780337845e6	3.597110328805823e6	3.5971145346446675e6	3.5971121978987628e6	3.597111660381647e6	3.597079035057427e6	3.597112164911571e6	3.5971292184921773e6	3.5971287875952306e6	3.597129078561752e6	3.597126768608513e6	3.5971307079806263e6	3.597129163341726e6	3.597087919089377e6	3.597078848683331e6	3.5971118201064966e6	3.5971287875952306e6	3.597129769387262e6	3.597128759162685e6	3.5971264717563223e6	3.5971303907939587e6	3.597128837471361e6	3.5970879507293617e6	3.597078841440201e6	3.5971121780337845e6	3.597129078561752e6	3.597128759162685e6	3.5971294566709027e6	3.59712671719893e6	3.5971307828833885e6	3.5971291252943906e6	3.5970877386707254e6	3.597078529678298e6	3.597110328805823e6	3.597126768608513e6	3.5971264717563223e6	3.59712671719893e6	3.597127926996152e6	3.597128567675305e6	3.5971268118084255e6	3.597087406227284e6	3.59708466005557e6	3.5971145346446675e6	3.5971307079806263e6	3.5971303907939587e6	3.5971307828833885e6	3.597128567675305e6	3.597137194567685e6	3.5971307671389193e6	3.5970898984809807e6	3.5970790485795303e6	3.5971121978987628e6	3.597129163341726e6	3.597128837471361e6	3.5971291252943906e6	3.5971268118084255e6	3.5971307671389193e6	3.5971292126384545e6	3.5970879371612594e6	3.597187107614319e6	3.597111660381647e6	3.597087919089377e6	3.5970879507293617e6	3.5970877386707254e6	3.597087406227284e6	3.5970898984809807e6	3.5970879371612594e6	3.5971957808600403e6
3.597205742002361e6	3.5971020853902707e6	3.597064058596405e6	3.5970640173043553e6	3.597064043529376e6	3.597063932282939e6	3.597066600944885e6	3.597064052532013e6	3.597205490998547e6	3.5971020853902707e6	3.597126367205579e6	3.5971026937170234e6	3.597102642348403e6	3.597102709172686e6	3.597101865747355e6	3.597103835018441e6	3.5971027117064623e6	3.5971234670333285e6	3.597064058596405e6	3.5971026937170234e6	3.597143373829742e6	3.5971432709111e6	3.597143328884789e6	3.5971418679183284e6	3.5971437288316796e6	3.597143338110885e6	3.597066898000468e6	3.5970640173043553e6	3.597102642348403e6	3.5971432709111e6	3.597143489895845e6	3.5971433087993274e6	3.5971418491022084e6	3.597143711854817e6	3.5971433179870313e6	3.5970668976047705e6	3.597064043529376e6	3.597102709172686e6	3.597143328884789e6	3.5971433087993274e6	3.597143384007211e6	3.597141903328143e6	3.5971437715622117e6	3.5971433754749903e6	3.597066889061193e6	3.597063932282939e6	3.597101865747355e6	3.5971418679183284e6	3.5971418491022084e6	3.597141903328143e6	3.597142233342067e6	3.5971423529369226e6	3.597141912733432e6	3.597066917518194e6	3.597066600944885e6	3.597103835018441e6	3.5971437288316796e6	3.597143711854817e6	3.5971437715622117e6	3.5971423529369226e6	3.59714613836903e6	3.5971437795155067e6	3.597068087531411e6	3.597064052532013e6	3.5971027117064623e6	3.597143338110885e6	3.5971433179870313e6	3.5971433754749903e6	3.597141912733432e6	3.5971437795155067e6	3.597143387760886e6	3.5970668951732977e6	3.597205490998547e6	3.5971234670333285e6	3.597066898000468e6	3.5970668976047705e6	3.597066889061193e6	3.597066917518194e6	3.597068087531411e6	3.5970668951732977e6	3.5972245713127945e6
3.597206776515493e6	3.597103079067283e6	3.597063179724033e6	3.5970631125925793e6	3.597063161394397e6	3.597063048536806e6	3.597065152254355e6	3.5970631641817945e6	3.5972075304558175e6	3.597103079067283e6	3.597127273134633e6	3.5971023886609497e6	3.597102319550141e6	3.5971024183373842e6	3.597101562328623e6	3.597103299582189e6	3.5971024207832348e6	3.5971250096295597e6	3.597063179724033e6	3.5971023886609497e6	3.59714538487952e6	3.5971452159410277e6	3.5971453079359126e6	3.597143787641779e6	3.5971455935606794e6	3.5971453141846694e6	3.5970654197149314e6	3.5970631125925793e6	3.597102319550141e6	3.5971452159410277e6	3.5971455620167376e6	3.5971453027917333e6	3.5971437834683815e6	3.5971455933438377e6	3.597145309015699e6	3.5970654141328987e6	3.597063161394397e6	3.5971024183373842e6	3.5971453079359126e6	3.5971453027917333e6	3.5971454006722607e6	3.5971438694915916e6	3.597145685016913e6	3.597145399643796e6	3.597065408830339e6	3.597063048536806e6	3.597101562328623e6	3.597143787641779e6	3.5971437834683815e6	3.5971438694915916e6	3.5971441768746558e6	3.597144197060444e6	3.597143875732235e6	3.597065458245036e6	3.597065152254355e6	3.597103299582189e6	3.5971455935606794e6	3.5971455933438377e6	3.597145685016913e6	3.597144197060444e6	3.5971474940087483e6	3.597145691193803e6	3.597066359835495e6	3.5970631641817945e6	3.5971024207832348e6	3.5971453141846694e6	3.597145309015699e6	3.597145399643796e6	3.597143875732235e6	3.597145691193803e6	3.597145409836145e6	3.5970654106870866e6	3.5972075304558175e6	3.5971250096295597e6	3.5970654197149314e6	3.5970654141328987e6	3.597065408830339e6	3.597065458245036e6	3.597066359835495e6	3.5970654106870866e6	3.5972277053226335e6
3.5972068994258153e6	3.597102801480833e6	3.5970627233629553e6	3.5970626600948325e6	3.5970627119626612e6	3.597062618329469e6	3.59706526633194e6	3.597062715060245e6	3.5972072540865066e6	3.597102801480833e6	3.597126796890177e6	3.5971018337273872e6	3.5971017469431553e6	3.5971018515483816e6	3.597101052305777e6	3.5971029830384054e6	3.597101853971991e6	3.597124555493952e6	3.5970627233629553e6	3.5971018337273872e6	3.597144693320754e6	3.5971445499634324e6	3.5971446467590434e6	3.597143219467045e6	3.597145016985173e6	3.5971446531285145e6	3.597064931277225e6	3.5970626600948325e6	3.5971017469431553e6	3.5971445499634324e6	3.597144873844437e6	3.597144599806422e6	3.5971431750702774e6	3.59714497345233e6	3.5971446061660293e6	3.597064929759643e6	3.5970627119626612e6	3.5971018515483816e6	3.5971446467590434e6	3.597144599806422e6	3.597144703521228e6	3.5971432664139634e6	3.5971450708263707e6	3.597144702092393e6	3.597064924269739e6	3.597062618329469e6	3.597101052305777e6	3.597143219467045e6	3.5971431750702774e6	3.5971432664139634e6	3.597143558950314e6	3.5971436848512846e6	3.5971432727985973e6	3.5970649763218467e6	3.59706526633194e6	3.5971029830384054e6	3.597145016985173e6	3.59714497345233e6	3.5971450708263707e6	3.5971436848512846e6	3.597147393491948e6	3.597145077064088e6	3.5970661436189944e6	3.597062715060245e6	3.597101853971991e6	3.5971446531285145e6	3.5971446061660293e6	3.597144702092393e6	3.5971432727985973e6	3.597145077064088e6	3.597144712337046e6	3.597064926333601e6	3.5972072540865066e6	3.597124555493952e6	3.597064931277225e6	3.597064929759643e6	3.597064924269739e6	3.5970649763218467e6	3.5970661436189944e6	3.597064926333601e6	3.5972272239358383e6
3.5972059955446315e6	3.5971024751647357e6	3.59706713484406e6	3.597066999969452e6	3.597067130613132e6	3.5970669824064374e6	3.597070406257641e6	3.5970671305337544e6	3.597204349427852e6	3.5971024751647357e6	3.597126996763588e6	3.5971050758706103e6	3.597104841900899e6	3.597105090709453e6	3.5971041279881448e6	3.597106526226571e6	3.59710509641845e6	3.597123059856648e6	3.59706713484406e6	3.5971050758706103e6	3.5971426148038805e6	3.5971423422026457e6	3.597142579465669e6	3.5971409663283797e6	3.597143136029457e6	3.597142588925285e6	3.5970707532894067e6	3.597066999969452e6	3.597104841900899e6	3.5971423422026457e6	3.5971430193693633e6	3.597142379068364e6	3.597140776853615e6	3.5971429377517262e6	3.597142388725074e6	3.5970707611448728e6	3.597067130613132e6	3.597105090709453e6	3.597142579465669e6	3.597142379068364e6	3.5971426184429e6	3.5971410000620508e6	3.5971431758821984e6	3.597142624276431e6	3.597070752129893e6	3.5970669824064374e6	3.5971041279881448e6	3.5971409663283797e6	3.597140776853615e6	3.5971410000620508e6	3.597141399837199e6	3.597141626969143e6	3.5971410093682674e6	3.597070739086868e6	3.597070406257641e6	3.597106526226571e6	3.597143136029457e6	3.5971429377517262e6	3.5971431758821984e6	3.597141626969143e6	3.597146293917305e6	3.597143187014813e6	3.597072241061026e6	3.5970671305337544e6	3.59710509641845e6	3.597142588925285e6	3.597142388725074e6	3.597142624276431e6	3.5971410093682674e6	3.597143187014813e6	3.597142643316013e6	3.5970707523355926e6	3.597204349427852e6	3.597123059856648e6	3.5970707532894067e6	3.5970707611448728e6	3.597070752129893e6	3.597070739086868e6	3.597072241061026e6	3.5970707523355926e6	3.597221926908927e6
3.5971859449069216e6	3.597090459354391e6	3.5970827308471934e6	3.597082279437068e6	3.5970827363189063e6	3.597082667351473e6	3.5970827718916e6	3.5970827329732343e6	3.5971786372528165e6	3.597090459354391e6	3.5971193536206223e6	3.5971143982497035e6	3.597113575633097e6	3.5971144657905027e6	3.5971143034661436e6	3.597114480375257e6	3.5971144753249995e6	3.59710702166914e6	3.5970827308471934e6	3.5971143982497035e6	3.597122965739283e6	3.5971218777414015e6	3.5971227752227704e6	3.5971225944033964e6	3.5971227876345776e6	3.597122786621871e6	3.5970953045163713e6	3.597082279437068e6	3.597113575633097e6	3.5971218777414015e6	3.5971244016720904e6	3.597121986389282e6	3.597121811154635e6	3.5971219987856993e6	3.597121999189215e6	3.597095430843617e6	3.5970827363189063e6	3.5971144657905027e6	3.5971227752227704e6	3.597121986389282e6	3.5971228658929104e6	3.5971226809377726e6	3.5971228751638834e6	3.597122873598952e6	3.597095354669252e6	3.597082667351473e6	3.5971143034661436e6	3.5971225944033964e6	3.597121811154635e6	3.5971226809377726e6	3.597122774988811e6	3.5971226936447853e6	3.5971226919513843e6	3.5970952907285374e6	3.5970827718916e6	3.597114480375257e6	3.5971227876345776e6	3.5971219987856993e6	3.5971228751638834e6	3.5971226936447853e6	3.5971229167724056e6	3.5971228862512945e6	3.5970953670726074e6	3.5970827329732343e6	3.5971144753249995e6	3.597122786621871e6	3.597121999189215e6	3.597122873598952e6	3.5971226919513843e6	3.5971228862512945e6	3.597122901881367e6	3.597095356467689e6	3.5971786372528165e6	3.59710702166914e6	3.5970953045163713e6	3.597095430843617e6	3.597095354669252e6	3.5970952907285374e6	3.5970953670726074e6	3.597095356467689e6	3.5971853407251835e6
3.5971784434133605e6	3.597094009116495e6	3.5970836344071315e6	3.5970842229938293e6	3.5970849883026253e6	3.597084995438972e6	3.5970850079442183e6	3.5970845047144713e6	3.597173824487645e6	3.597094009116495e6	3.5971209989321814e6	3.5971098122325996e6	3.597112863801399e6	3.5971138218698003e6	3.5971138077048655e6	3.5971138288443424e6	3.597114041133337e6	3.597111503482957e6	3.5970836344071315e6	3.5971098122325996e6	3.5971372160055577e6	3.597116242265565e6	3.5971196111218673e6	3.597119600610159e6	3.5971196171907918e6	3.5971219237823132e6	3.597092373010644e6	3.5970842229938293e6	3.597112863801399e6	3.597116242265565e6	3.5971305284789195e6	3.597125122467212e6	3.5971251061991453e6	3.597125130494347e6	3.597125258163519e6	3.5970972424528995e6	3.5970849883026253e6	3.5971138218698003e6	3.5971196111218673e6	3.597125122467212e6	3.59712578309038e6	3.5971257464672904e6	3.5971257710155766e6	3.597125905270928e6	3.5970966708704336e6	3.597084995438972e6	3.5971138077048655e6	3.597119600610159e6	3.5971251061991453e6	3.5971257464672904e6	3.5971257621194306e6	3.597125755566046e6	3.5971258902197145e6	3.597096674462412e6	3.5970850079442183e6	3.5971138288443424e6	3.5971196171907918e6	3.597125130494347e6	3.5971257710155766e6	3.597125755566046e6	3.5971257832400384e6	3.5971259147202605e6	3.5970966845520246e6	3.5970845047144713e6	3.597114041133337e6	3.5971219237823132e6	3.597125258163519e6	3.597125905270928e6	3.5971258902197145e6	3.5971259147202605e6	3.597127503516855e6	3.5970963269915394e6	3.597173824487645e6	3.597111503482957e6	3.597092373010644e6	3.5970972424528995e6	3.5970966708704336e6	3.597096674462412e6	3.5970966845520246e6	3.5970963269915394e6	3.5971840290004206e6
3.597111819597561e6	3.5971107381509873e6	3.597110936560201e6	3.5971040813188744e6	3.5971115516885845e6	3.597111491344186e6	3.597111577684375e6	3.5971117373859007e6	3.597119172319514e6	3.5971107381509873e6	3.5971124698404428e6	3.597110408928234e6	3.597103055005409e6	3.597110798865585e6	3.5971107379133194e6	3.5971108236014484e6	3.597111041150566e6	3.597119412709239e6	3.597110936560201e6	3.597110408928234e6	3.5971287130626407e6	3.597093303655231e6	3.5971109992825217e6	3.597110954241169e6	3.5971110282975505e6	3.597114891520754e6	3.5971149286982217e6	3.5971040813188744e6	3.597103055005409e6	3.597093303655231e6	3.597141869583901e6	3.5971041743000797e6	3.597104116837988e6	3.5971041775657744e6	3.597106897904017e6	3.597121448766824e6	3.5971115516885845e6	3.597110798865585e6	3.5971109992825217e6	3.5971041743000797e6	3.5971116680723913e6	3.5971115580873797e6	3.597111644598387e6	3.5971118117466825e6	3.5971189810603363e6	3.597111491344186e6	3.5971107379133194e6	3.597110954241169e6	3.597104116837988e6	3.5971115580873797e6	3.597111639304201e6	3.597111584048384e6	3.5971117548532584e6	3.5971189260164658e6	3.597111577684375e6	3.5971108236014484e6	3.5971110282975505e6	3.5971041775657744e6	3.597111644598387e6	3.597111584048384e6	3.5971116732213297e6	3.597111839417277e6	3.5971189984040703e6	3.5971117373859007e6	3.597111041150566e6	3.597114891520754e6	3.597106897904017e6	3.5971118117466825e6	3.5971117548532584e6	3.597111839417277e6	3.597116666020758e6	3.59711998826256e6	3.597119172319514e6	3.597119412709239e6	3.5971149286982217e6	3.597121448766824e6	3.5971189810603363e6	3.5971189260164658e6	3.5971189984040703e6	3.59711998826256e6	3.597137260750433e6
3.5971148855263293e6	3.5971136302197627e6	3.597113370843759e6	3.5971059711713777e6	3.5971139157705163e6	3.5971113610753156e6	3.597113931377722e6	3.5971141807431704e6	3.597122261472435e6	3.5971136302197627e6	3.5971145690911557e6	3.5971134771035574e6	3.597105927023214e6	3.597113947834044e6	3.597111386321018e6	3.597113962997509e6	3.597114280239212e6	3.597121742963103e6	3.597113370843759e6	3.5971134771035574e6	3.597127109933193e6	3.597099449867191e6	3.597113709978462e6	3.5971114249834707e6	3.5971137271587346e6	3.5971180367957577e6	3.597118805559348e6	3.5971059711713777e6	3.597105927023214e6	3.597099449867191e6	3.597143453596021e6	3.597106310529751e6	3.5971046461523008e6	3.5971063138242424e6	3.597111444913431e6	3.597123732881576e6	3.5971139157705163e6	3.597113947834044e6	3.597113709978462e6	3.597106310529751e6	3.597114273992144e6	3.5971116738585e6	3.597114260105188e6	3.5971145551213706e6	3.5971215572566744e6	3.5971113610753156e6	3.597111386321018e6	3.5971114249834707e6	3.5971046461523008e6	3.5971116738585e6	3.5971134496682426e6	3.5971116901599104e6	3.597112086359134e6	3.5971194101982145e6	3.597113931377722e6	3.597113962997509e6	3.5971137271587346e6	3.5971063138242424e6	3.597114260105188e6	3.5971116901599104e6	3.5971142782796673e6	3.597114572596199e6	3.597121567581047e6	3.5971141807431704e6	3.597114280239212e6	3.5971180367957577e6	3.597111444913431e6	3.5971145551213706e6	3.597112086359134e6	3.597114572596199e6	3.597121639812421e6	3.597123407401369e6	3.597122261472435e6	3.597121742963103e6	3.597118805559348e6	3.597123732881576e6	3.5971215572566744e6	3.5971194101982145e6	3.597121567581047e6	3.597123407401369e6	3.597140173381413e6
3.597119941344445e6	3.5971083935107505e6	3.597108026240548e6	3.5971013121555345e6	3.597108406801599e6	3.59710841320374e6	3.5971084266404025e6	3.597108425363232e6	3.597125465206389e6	3.5971083935107505e6	3.597112448800348e6	3.5971118358891495e6	3.597104946655702e6	3.5971123483279846e6	3.597112351382001e6	3.5971123653909396e6	3.5971124132563835e6	3.597117157729804e6	3.597108026240548e6	3.5971118358891495e6	3.59712033806003e6	3.597097981594987e6	3.5971118643391537e6	3.597111869271771e6	3.5971118817995205e6	3.597112190501429e6	3.5971144050824493e6	3.5971013121555345e6	3.597104946655702e6	3.597097981594987e6	3.5971352448426876e6	3.597105007928691e6	3.597105000124075e6	3.597105010775607e6	3.5971054829932773e6	3.597117869300722e6	3.597108406801599e6	3.5971123483279846e6	3.5971118643391537e6	3.597105007928691e6	3.597112416756704e6	3.5971123867173065e6	3.5971124007426845e6	3.59711244839776e6	3.5971171098494213e6	3.59710841320374e6	3.597112351382001e6	3.597111869271771e6	3.597105000124075e6	3.5971123867173065e6	3.5971124097678554e6	3.597112403826481e6	3.597112451558922e6	3.5971171131581743e6	3.5971084266404025e6	3.5971123653909396e6	3.5971118817995205e6	3.597105010775607e6	3.5971124007426845e6	3.597112403826481e6	3.597112421070024e6	3.5971124656967153e6	3.5971171229713247e6	3.597108425363232e6	3.5971124132563835e6	3.597112190501429e6	3.5971054829932773e6	3.59711244839776e6	3.597112451558922e6	3.5971124656967153e6	3.59711306981158e6	3.5971172752950955e6	3.597125465206389e6	3.597117157729804e6	3.5971144050824493e6	3.597117869300722e6	3.5971171098494213e6	3.5971171131581743e6	3.5971171229713247e6	3.5971172752950955e6	3.5971411696387636e6
3.5971031952097337e6	3.597101707943175e6	3.5971013198292386e6	3.5971031905040317e6	3.5970992749900757e6	3.597103193898191e6	3.5971039129054984e6	3.5971039535525413e6	3.597103255851194e6	3.597101707943175e6	3.59710172427472e6	3.5971004002696164e6	3.5971017180541577e6	3.597097952112955e6	3.597101721812822e6	3.597102482056678e6	3.5971026355494047e6	3.5971017890228326e6	3.5971013198292386e6	3.5971004002696164e6	3.59714167435275e6	3.597101321033971e6	3.5970979634480784e6	3.5971013311210787e6	3.5971021965485197e6	3.597117744983606e6	3.59710137411538e6	3.5971031905040317e6	3.5971017180541577e6	3.597101321033971e6	3.5971032141342824e6	3.5970992867457573e6	3.597103203493833e6	3.5971039222805398e6	3.597103963277038e6	3.597103265394679e6	3.5970992749900757e6	3.597097952112955e6	3.5970979634480784e6	3.5970992867457573e6	3.5971049852286372e6	3.5970992884723954e6	3.597100284271221e6	3.5970996394082694e6	3.5970993516417826e6	3.597103193898191e6	3.597101721812822e6	3.5971013311210787e6	3.597103203493833e6	3.5970992884723954e6	3.5971032110855244e6	3.5971039254306266e6	3.597103967030912e6	3.5971032687635086e6	3.5971039129054984e6	3.597102482056678e6	3.5971021965485197e6	3.5971039222805398e6	3.597100284271221e6	3.5971039254306266e6	3.59710523926396e6	3.5971050151141067e6	3.5971039849098437e6	3.5971039535525413e6	3.5971026355494047e6	3.597117744983606e6	3.597103963277038e6	3.5970996394082694e6	3.597103967030912e6	3.5971050151141067e6	3.5971152493133997e6	3.5971040261740694e6	3.597103255851194e6	3.5971017890228326e6	3.59710137411538e6	3.597103265394679e6	3.5970993516417826e6	3.5971032687635086e6	3.5971039849098437e6	3.5971040261740694e6	3.597103386947156e6
3.5971030679365965e6	3.5971023102471004e6	3.5971016070118267e6	3.5971012769625615e6	3.5970986179828392e6	3.5971030632081605e6	3.5971030952020874e6	3.597103290689228e6	3.597103128861792e6	3.5971023102471004e6	3.597102311682756e6	3.5971010976198697e6	3.5971004699434936e6	3.597097930092366e6	3.5971023101513446e6	3.5971023428772693e6	3.5971025697601484e6	3.597102378415951e6	3.5971016070118267e6	3.5971010976198697e6	3.597130555545101e6	3.597098342670434e6	3.5970979562453628e6	3.5971016077868836e6	3.5971016319701998e6	3.5971092645507064e6	3.597101652342659e6	3.5971012769625615e6	3.5971004699434936e6	3.597098342670434e6	3.5971034460340617e6	3.5970971940541803e6	3.597101277170917e6	3.5971013120607515e6	3.5971014889172446e6	3.597101349213318e6	3.5970986179828392e6	3.597097930092366e6	3.5970979562453628e6	3.5970971940541803e6	3.597103957494009e6	3.597098617433395e6	3.5970986616898165e6	3.5970985673560384e6	3.59709868609935e6	3.5971030632081605e6	3.5971023101513446e6	3.5971016077868836e6	3.597101277170917e6	3.597098617433395e6	3.5971030717955297e6	3.5971030949611245e6	3.5971032908620243e6	3.5971031286044065e6	3.5971030952020874e6	3.5971023428772693e6	3.5971016319701998e6	3.5971013120607515e6	3.5970986616898165e6	3.5971030949611245e6	3.597103149959045e6	3.5971033285308215e6	3.5971031605037553e6	3.597103290689228e6	3.5971025697601484e6	3.5971092645507064e6	3.5971014889172446e6	3.5970985673560384e6	3.5971032908620243e6	3.5971033285308215e6	3.5971084580186484e6	3.597103355486004e6	3.597103128861792e6	3.597102378415951e6	3.597101652342659e6	3.597101349213318e6	3.59709868609935e6	3.5971031286044065e6	3.5971031605037553e6	3.597103355486004e6	3.597103249039846e6
