3.5971053119211122e6	3.5971051241947063e6	3.5971050456670998e6	3.5971051085969117e6	3.5971038495526365e6	3.59710481398436e6	3.5971096768399244e6	3.5971052894114177e6	3.5971051330810916e6	3.5971051241947063e6	3.597106191838621e6	3.5971061043334217e6	3.597106170540495e6	3.597104860308724e6	3.597105875169905e6	3.5971104197236635e6	3.5971063495840486e6	3.597106193667832e6	3.5971050456670998e6	3.5971061043334217e6	3.5971063562891986e6	3.597106088979894e6	3.5971047800006038e6	3.597105795766709e6	3.597110300206359e6	3.5971062738281353e6	3.597106112454276e6	3.5971051085969117e6	3.597106170540495e6	3.597106088979894e6	3.597106205736135e6	3.597104850792829e6	3.597105860350531e6	3.597110407315348e6	3.5971063350233957e6	3.5971061786907073e6	3.5971038495526365e6	3.597104860308724e6	3.5971047800006038e6	3.597104850792829e6	3.5971119856625143e6	3.5971045170409125e6	3.5971107090504686e6	3.597105031376185e6	3.597104867133957e6	3.59710481398436e6	3.597105875169905e6	3.597105795766709e6	3.597105860350531e6	3.5971045170409125e6	3.597106159335523e6	3.5971101308008204e6	3.597106038750084e6	3.597105883325911e6	3.5971096768399244e6	3.5971104197236635e6	3.597110300206359e6	3.597110407315348e6	3.5971107090504686e6	3.5971101308008204e6	3.5971184106744714e6	3.5971106721669086e6	3.5971104254584387e6	3.5971052894114177e6	3.5971063495840486e6	3.5971062738281353e6	3.5971063350233957e6	3.597105031376185e6	3.597106038750084e6	3.5971106721669086e6	3.597106753176518e6	3.5971063577030236e6	3.5971051330810916e6	3.597106193667832e6	3.597106112454276e6	3.5971061786907073e6	3.597104867133957e6	3.597105883325911e6	3.5971104254584387e6	3.5971063577030236e6	3.5971062065410437e6
3.597114345279914e6	3.597114041698872e6	3.597114113489965e6	3.597104001753944e6	3.5971100132643566e6	3.5971138071488836e6	3.5971204793202477e6	3.597116833666432e6	3.5971140477220044e6	3.597114041698872e6	3.597114447034932e6	3.5971145059901197e6	3.597104598898987e6	3.59711030077771e6	3.597114205906172e6	3.5971206034854455e6	3.597117207478519e6	3.597114445989698e6	3.597114113489965e6	3.5971145059901197e6	3.5971154230822087e6	3.597104239840969e6	3.597110212241681e6	3.5971142737394986e6	3.5971205617617797e6	3.597117481383672e6	3.597114511627546e6	3.597104001753944e6	3.597104598898987e6	3.597104239840969e6	3.5971609033300676e6	3.597131999775095e6	3.5971044692914896e6	3.597132903914787e6	3.5971245342738866e6	3.5971046045009634e6	3.5971100132643566e6	3.59711030077771e6	3.597110212241681e6	3.597131999775095e6	3.5971462987751276e6	3.597110055955309e6	3.5971348633880247e6	3.597123175821894e6	3.597110300826842e6	3.5971138071488836e6	3.597114205906172e6	3.5971142737394986e6	3.5971044692914896e6	3.597110055955309e6	3.5971144024553155e6	3.5971204123456758e6	3.5971169936025287e6	3.5971142116546608e6	3.5971204793202477e6	3.5971206034854455e6	3.5971205617617797e6	3.597132903914787e6	3.5971348633880247e6	3.5971204123456758e6	3.5971431171848085e6	3.597132853243366e6	3.5971206037878925e6	3.597116833666432e6	3.597117207478519e6	3.597117481383672e6	3.5971245342738866e6	3.597123175821894e6	3.5971169936025287e6	3.597132853243366e6	3.5971306107626637e6	3.597117211580151e6	3.5971140477220044e6	3.597114445989698e6	3.597114511627546e6	3.5971046045009634e6	3.597110300826842e6	3.5971142116546608e6	3.5971206037878925e6	3.597117211580151e6	3.597114455777295e6
3.5971157607427943e6	3.597115706133762e6	3.597122386234084e6	3.597105305710177e6	3.5971116194964196e6	3.597115219654014e6	3.5971224858444803e6	3.597122246255435e6	3.5971157758412696e6	3.597115706133762e6	3.597115754834346e6	3.5971224030020605e6	3.597105266913837e6	3.597111634941668e6	3.5971151681552012e6	3.59712248798919e6	3.597122248223871e6	3.5971157240933315e6	3.597122386234084e6	3.5971224030020605e6	3.597183824165331e6	3.5971014380886187e6	3.597118210970811e6	3.597122235428406e6	3.597131390399135e6	3.597152666571891e6	3.5971223662721985e6	3.597105305710177e6	3.597105266913837e6	3.5971014380886187e6	3.5971794441685616e6	3.597142570554089e6	3.5971049835089874e6	3.597141662875831e6	3.5971349629234173e6	3.5971053420047546e6	3.5971116194964196e6	3.597111634941668e6	3.597118210970811e6	3.597142570554089e6	3.597154192910955e6	3.5971110744618974e6	3.5971412532490953e6	3.5971342687130203e6	3.5971116201548143e6	3.597115219654014e6	3.5971151681552012e6	3.597122235428406e6	3.5971049835089874e6	3.5971110744618974e6	3.5971157438932336e6	3.597122086846353e6	3.597121948821757e6	3.597115237477374e6	3.5971224858444803e6	3.59712248798919e6	3.597131390399135e6	3.597141662875831e6	3.5971412532490953e6	3.597122086846353e6	3.5971491024051905e6	3.597144606882329e6	3.597122477065588e6	3.597122246255435e6	3.597122248223871e6	3.597152666571891e6	3.5971349629234173e6	3.5971342687130203e6	3.597121948821757e6	3.597144606882329e6	3.5971562679471583e6	3.597122241852606e6	3.5971157758412696e6	3.5971157240933315e6	3.5971223662721985e6	3.5971053420047546e6	3.5971116201548143e6	3.597115237477374e6	3.597122477065588e6	3.597122241852606e6	3.597115838505318e6
3.5971417109331e6	3.59714111520537e6	3.5971278838583436e6	3.5971208269526404e6	3.5971370717644636e6	3.5970908757879757e6	3.597141034489424e6	3.597135478337977e6	3.5971418201377206e6	3.59714111520537e6	3.597141347129482e6	3.597128318448449e6	3.597121356019221e6	3.597137720651609e6	3.597091029962099e6	3.5971415940000927e6	3.5971360215355875e6	3.597141228368969e6	3.5971278838583436e6	3.597128318448449e6	3.5971981905155242e6	3.5971202799541047e6	3.597135864340507e6	3.597125999515747e6	3.5971475523652183e6	3.597169555468661e6	3.597127637275481e6	3.5971208269526404e6	3.597121356019221e6	3.5971202799541047e6	3.5972528908683644e6	3.5972039282850567e6	3.597116614137039e6	3.5971963480718727e6	3.597180781485428e6	3.5971207206501835e6	3.5971370717644636e6	3.597137720651609e6	3.597135864340507e6	3.5972039282850567e6	3.597212981643178e6	3.5971054285034644e6	3.5971913157047844e6	3.597175210642241e6	3.5971368359275428e6	3.5970908757879757e6	3.597091029962099e6	3.597125999515747e6	3.597116614137039e6	3.5971054285034644e6	3.5971519783079643e6	3.597122436427347e6	3.597126091713685e6	3.597090831239022e6	3.597141034489424e6	3.5971415940000927e6	3.5971475523652183e6	3.5971963480718727e6	3.5971913157047844e6	3.597122436427347e6	3.597192520712613e6	3.597180788473969e6	3.597140749372469e6	3.597135478337977e6	3.5971360215355875e6	3.597169555468661e6	3.597180781485428e6	3.597175210642241e6	3.597126091713685e6	3.597180788473969e6	3.597187997798631e6	3.5971352337904307e6	3.5971418201377206e6	3.597141228368969e6	3.597127637275481e6	3.5971207206501835e6	3.5971368359275428e6	3.597090831239022e6	3.597140749372469e6	3.5971352337904307e6	3.5971422255141363e6
3.5971277391836536e6	3.597127727887798e6	3.597126428535862e6	3.5971113918111613e6	3.597122062627424e6	3.597103625626269e6	3.5971295698286872e6	3.5971282790207206e6	3.5971294606599486e6	3.597127727887798e6	3.597127736891317e6	3.59712642335627e6	3.597111385326893e6	3.597122062118814e6	3.597103617493108e6	3.5971295660956544e6	3.5971282742036944e6	3.5971294546070606e6	3.597126428535862e6	3.59712642335627e6	3.5971469939065995e6	3.597106048435302e6	3.5971203022221145e6	3.597108163583823e6	3.597129748829519e6	3.59713646637379e6	3.5971269179990147e6	3.5971113918111613e6	3.597111385326893e6	3.597106048435302e6	3.597166565535406e6	3.5971347947342223e6	3.5970960543852495e6	3.5971329240119676e6	3.5971309329902194e6	3.597115849118876e6	3.597122062627424e6	3.597122062118814e6	3.5971203022221145e6	3.5971347947342223e6	3.597154626483692e6	3.5970954265981857e6	3.5971393024811554e6	3.5971328839865383e6	3.597122976396847e6	3.597103625626269e6	3.597103617493108e6	3.597108163583823e6	3.5970960543852495e6	3.5970954265981857e6	3.5971241833927985e6	3.597108781100397e6	3.597108425768309e6	3.5971062849612487e6	3.5971295698286872e6	3.5971295660956544e6	3.597129748829519e6	3.5971329240119676e6	3.5971393024811554e6	3.597108781100397e6	3.5971454998951238e6	3.5971406608169675e6	3.597129690198134e6	3.5971282790207206e6	3.5971282742036944e6	3.59713646637379e6	3.5971309329902194e6	3.5971328839865383e6	3.597108425768309e6	3.5971406608169675e6	3.5971466274193865e6	3.5971295242812037e6	3.5971294606599486e6	3.5971294546070606e6	3.5971269179990147e6	3.597115849118876e6	3.597122976396847e6	3.5971062849612487e6	3.597129690198134e6	3.5971295242812037e6	3.597135732249552e6
3.597125901696918e6	3.5971019650303423e6	3.5971149963039784e6	3.597103079048943e6	3.5970992778014066e6	3.597124665376699e6	3.597114259257787e6	3.5971147520857714e6	3.597124314840736e6	3.5971019650303423e6	3.5971590569038503e6	3.5971487106057573e6	3.597153158215115e6	3.597171966322195e6	3.5971018921299935e6	3.597168416889576e6	3.597163595784121e6	3.5971131603878723e6	3.5971149963039784e6	3.5971487106057573e6	3.5972227166565843e6	3.597145371002263e6	3.5971771151461448e6	3.597115561963367e6	3.5971827438028096e6	3.597200467867807e6	3.5971071619720026e6	3.597103079048943e6	3.597153158215115e6	3.597145371002263e6	3.597285223133565e6	3.597252368979452e6	3.597103771280697e6	3.597234544946427e6	3.5972150230447655e6	3.5971049649832197e6	3.5970992778014066e6	3.597171966322195e6	3.5971771151461448e6	3.597252368979452e6	3.597282026673977e6	3.5970998962302115e6	3.5972490433904394e6	3.5972282087466638e6	3.5970959585436643e6	3.597124665376699e6	3.5971018921299935e6	3.597115561963367e6	3.597103771280697e6	3.5970998962302115e6	3.5971253784815087e6	3.5971148539578253e6	3.5971154062497816e6	3.597123119910154e6	3.597114259257787e6	3.597168416889576e6	3.5971827438028096e6	3.597234544946427e6	3.5972490433904394e6	3.5971148539578253e6	3.597241799807985e6	3.597225202752718e6	3.5971064222968104e6	3.5971147520857714e6	3.597163595784121e6	3.597200467867807e6	3.5972150230447655e6	3.5972282087466638e6	3.5971154062497816e6	3.597225202752718e6	3.59722765292603e6	3.5971088488014448e6	3.597124314840736e6	3.5971131603878723e6	3.5971071619720026e6	3.5971049649832197e6	3.5970959585436643e6	3.597123119910154e6	3.5971064222968104e6	3.5971088488014448e6	3.597140153269518e6
3.597144017605338e6	3.5971247033897927e6	3.597124312734569e6	3.597125266237379e6	3.597130777904985e6	3.597103189004492e6	3.5971387613919014e6	3.5971336736677326e6	3.5971408598122015e6	3.5971247033897927e6	3.597142307807953e6	3.5971220111219236e6	3.5971121015111357e6	3.597126394910636e6	3.597092077121191e6	3.5971285356912618e6	3.5971264992964407e6	3.597136574713701e6	3.597124312734569e6	3.5971220111219236e6	3.597187956219977e6	3.5970937794693336e6	3.5971176530569866e6	3.597113614469243e6	3.5971314174546613e6	3.597152967717965e6	3.5971182025208296e6	3.597125266237379e6	3.5971121015111357e6	3.5970937794693336e6	3.59718613264279e6	3.5971441742577725e6	3.597096427375855e6	3.597140423582615e6	3.5971324392566634e6	3.5971325244920985e6	3.597130777904985e6	3.597126394910636e6	3.5971176530569866e6	3.5971441742577725e6	3.597163377735334e6	3.5970895524331187e6	3.597146153721172e6	3.5971364384670975e6	3.5971313428627145e6	3.597103189004492e6	3.597092077121191e6	3.597113614469243e6	3.597096427375855e6	3.5970895524331187e6	3.5971353055009837e6	3.5971063502704347e6	3.597109843716259e6	3.5971041909362054e6	3.5971387613919014e6	3.5971285356912618e6	3.5971314174546613e6	3.597140423582615e6	3.597146153721172e6	3.5971063502704347e6	3.597152543697653e6	3.597145701916853e6	3.5971343586493963e6	3.5971336736677326e6	3.5971264992964407e6	3.597152967717965e6	3.5971324392566634e6	3.5971364384670975e6	3.597109843716259e6	3.597145701916853e6	3.5971563275859477e6	3.597131089318271e6	3.5971408598122015e6	3.597136574713701e6	3.5971182025208296e6	3.5971325244920985e6	3.5971313428627145e6	3.5971041909362054e6	3.5971343586493963e6	3.597131089318271e6	3.5971560690313773e6
3.59714553226017e6	3.5971430575021645e6	3.5971239382085144e6	3.597123876092575e6	3.597136119247495e6	3.5970921486772103e6	3.597138671677602e6	3.5971333593427693e6	3.5971511176944207e6	3.5971430575021645e6	3.5971447182568433e6	3.5971246018366525e6	3.597123925538764e6	3.5971367070541163e6	3.5970919766796664e6	3.5971388426341186e6	3.5971338225966403e6	3.597149934774447e6	3.5971239382085144e6	3.5971246018366525e6	3.597204451993006e6	3.597108925452735e6	3.597133819043535e6	3.5971218917094097e6	3.5971484503576383e6	3.5971702546740407e6	3.597112354637351e6	3.597123876092575e6	3.597123925538764e6	3.597108925452735e6	3.5972158224670766e6	3.5971729003454093e6	3.5971037361065294e6	3.597168423249818e6	3.5971568990386124e6	3.597128876700959e6	3.597136119247495e6	3.5971367070541163e6	3.597133819043535e6	3.5971729003454093e6	3.597191577008314e6	3.597095334655326e6	3.597174878402714e6	3.597161317044301e6	3.597131022329934e6	3.5970921486772103e6	3.5970919766796664e6	3.5971218917094097e6	3.5971037361065294e6	3.597095334655326e6	3.597147008563331e6	3.5971127401165375e6	3.5971176541088796e6	3.597093661625915e6	3.597138671677602e6	3.5971388426341186e6	3.5971484503576383e6	3.597168423249818e6	3.597174878402714e6	3.5971127401165375e6	3.597180634086257e6	3.597170585175557e6	3.597129619494574e6	3.5971333593427693e6	3.5971338225966403e6	3.5971702546740407e6	3.5971568990386124e6	3.597161317044301e6	3.5971176541088796e6	3.597170585175557e6	3.5971792163109547e6	3.5971257184194736e6	3.5971511176944207e6	3.597149934774447e6	3.597112354637351e6	3.597128876700959e6	3.597131022329934e6	3.597093661625915e6	3.597129619494574e6	3.5971257184194736e6	3.597174088820373e6
3.597143932195375e6	3.5971419604120427e6	3.597120889788204e6	3.5971188549701734e6	3.5971312096361117e6	3.597089386041908e6	3.5971341222263365e6	3.5971292700909534e6	3.5971506862381883e6	3.5971419604120427e6	3.5971430762406294e6	3.597121755676365e6	3.597119801685446e6	3.597132533027269e6	3.5970895344627616e6	3.597135029917328e6	3.5971302753779925e6	3.5971494029153427e6	3.597120889788204e6	3.597121755676365e6	3.597206809029106e6	3.5971154021003493e6	3.5971398164548846e6	3.5971232358750273e6	3.597154117391278e6	3.5971749922853317e6	3.59710661670694e6	3.5971188549701734e6	3.597119801685446e6	3.5971154021003493e6	3.5972344502258464e6	3.5971910134448423e6	3.597108087922255e6	3.597184155804696e6	3.597169916719127e6	3.597117972553949e6	3.5971312096361117e6	3.597132533027269e6	3.5971398164548846e6	3.5971910134448423e6	3.5972094247163795e6	3.5970991992055965e6	3.597190009310382e6	3.597173747708458e6	3.5971203991050893e6	3.597089386041908e6	3.5970895344627616e6	3.5971232358750273e6	3.597108087922255e6	3.5970991992055965e6	3.597147681882728e6	3.59711654476408e6	3.597120776438344e6	3.597088958941823e6	3.5971341222263365e6	3.597135029917328e6	3.597154117391278e6	3.597184155804696e6	3.597190009310382e6	3.59711654476408e6	3.597194071548528e6	3.5971817598692323e6	3.5971198797849966e6	3.5971292700909534e6	3.5971302753779925e6	3.5971749922853317e6	3.597169916719127e6	3.597173747708458e6	3.597120776438344e6	3.5971817598692323e6	3.597188529106597e6	3.597117150356286e6	3.5971506862381883e6	3.5971494029153427e6	3.59710661670694e6	3.597117972553949e6	3.5971203991050893e6	3.597088958941823e6	3.5971198797849966e6	3.597117150356286e6	3.59717652061144e6
3.597125208678443e6	3.59710149872093e6	3.597115352868734e6	3.5971032378049297e6	3.5970995360465166e6	3.597124934041417e6	3.597114627765016e6	3.597115099234161e6	3.5971231782806977e6	3.59710149872093e6	3.5971610720593473e6	3.597147125526496e6	3.5971534294248014e6	3.597171254505567e6	3.597101484343559e6	3.597166840846352e6	3.597162386027498e6	3.5971160052412627e6	3.597115352868734e6	3.597147125526496e6	3.5972235178510444e6	3.5971448567996686e6	3.5971773147769026e6	3.5971154772842843e6	3.597183545000472e6	3.5972009971877513e6	3.5971051935035484e6	3.5971032378049297e6	3.5971534294248014e6	3.5971448567996686e6	3.5972849953322727e6	3.597252003711724e6	3.59710339183126e6	3.597234035481029e6	3.5972145550831994e6	3.5971056676538433e6	3.5970995360465166e6	3.597171254505567e6	3.5971773147769026e6	3.597252003711724e6	3.5972819833643e6	3.597099672935954e6	3.5972492514962885e6	3.597228289006467e6	3.597095225939282e6	3.597124934041417e6	3.597101484343559e6	3.5971154772842843e6	3.59710339183126e6	3.597099672935954e6	3.5971250920302896e6	3.597114758669652e6	3.597115243618319e6	3.5971229154944113e6	3.597114627765016e6	3.597166840846352e6	3.597183545000472e6	3.597234035481029e6	3.5972492514962885e6	3.597114758669652e6	3.597242607024568e6	3.597225735470626e6	3.5971044651404815e6	3.597115099234161e6	3.597162386027498e6	3.5972009971877513e6	3.5972145550831994e6	3.597228289006467e6	3.597115243618319e6	3.597225735470626e6	3.597227973589796e6	3.597107439969184e6	3.5971231782806977e6	3.5971160052412627e6	3.5971051935035484e6	3.5971056676538433e6	3.597095225939282e6	3.5971229154944113e6	3.5971044651404815e6	3.597107439969184e6	3.597143720141397e6
3.597125733046276e6	3.5971022435684083e6	3.597115621941024e6	3.5971037217547144e6	3.5970999050032995e6	3.5971253387355777e6	3.5971148947467194e6	3.597115406945763e6	3.5971240996370525e6	3.5971022435684083e6	3.59715972131072e6	3.597148895136563e6	3.597153605497826e6	3.59717228474851e6	3.5971022210559086e6	3.597168611638555e6	3.597163839425775e6	3.597113892243831e6	3.597115621941024e6	3.597148895136563e6	3.597223117810005e6	3.597145577382029e6	3.597177436015954e6	3.597115802004823e6	3.5971831462079114e6	3.5972008218479287e6	3.597107465450867e6	3.5971037217547144e6	3.597153605497826e6	3.597145577382029e6	3.597285454713994e6	3.597252604087594e6	3.597103942745319e6	3.5972347584389215e6	3.5972152266597003e6	3.5971056746522803e6	3.5970999050032995e6	3.59717228474851e6	3.597177436015954e6	3.597252604087594e6	3.5972823287441893e6	3.5971001022454533e6	3.597249375093769e6	3.5972285081799133e6	3.5970964456607653e6	3.5971253387355777e6	3.5971022210559086e6	3.597115802004823e6	3.597103942745319e6	3.5971001022454533e6	3.5971255659732088e6	3.597115084140461e6	3.597115615381168e6	3.597123719446406e6	3.5971148947467194e6	3.597168611638555e6	3.5971831462079114e6	3.5972347584389215e6	3.597249375093769e6	3.597115084140461e6	3.597242210100239e6	3.5972255619957126e6	3.597106735747264e6	3.597115406945763e6	3.597163839425775e6	3.5972008218479287e6	3.5972152266597003e6	3.5972285081799133e6	3.597115615381168e6	3.5972255619957126e6	3.5972279690937772e6	3.5971092582617155e6	3.5971240996370525e6	3.597113892243831e6	3.597107465450867e6	3.5971056746522803e6	3.5970964456607653e6	3.597123719446406e6	3.597106735747264e6	3.5971092582617155e6	3.597140591785613e6
3.5971234267920014e6	3.597106142251641e6	3.59712333191166e6	3.5971079304603585e6	3.5971068203409966e6	3.597123401767452e6	3.597120569064201e6	3.5971222110532965e6	3.5971220054522236e6	3.597106142251641e6	3.5971314108264893e6	3.597106541098608e6	3.5971211104201735e6	3.597127441678817e6	3.597106123696238e6	3.5971310393073857e6	3.597122348925081e6	3.5971155501823146e6	3.59712333191166e6	3.597106541098608e6	3.5971244701709603e6	3.597108049697816e6	3.59710733080219e6	3.597123309921067e6	3.5971210248365127e6	3.597122936159418e6	3.597121870816985e6	3.5971079304603585e6	3.5971211104201735e6	3.597108049697816e6	3.5972296226874194e6	3.5971867555521517e6	3.5971079275188698e6	3.5971787779203635e6	3.5971634531404967e6	3.597111185369595e6	3.5971068203409966e6	3.597127441678817e6	3.59710733080219e6	3.5971867555521517e6	3.5971952983720335e6	3.5971068042717925e6	3.597174315463618e6	3.5971521336419024e6	3.5971078165511424e6	3.597123401767452e6	3.597106123696238e6	3.597123309921067e6	3.5971079275188698e6	3.5971068042717925e6	3.5971234215025743e6	3.597120556223681e6	3.597122195416904e6	3.5971219838582203e6	3.597120569064201e6	3.5971310393073857e6	3.5971210248365127e6	3.5971787779203635e6	3.597174315463618e6	3.597120556223681e6	3.5971768955932204e6	3.597158935338408e6	3.5971181045340244e6	3.5971222110532965e6	3.597122348925081e6	3.597122936159418e6	3.5971634531404967e6	3.5971521336419024e6	3.597122195416904e6	3.597158935338408e6	3.597154538327162e6	3.597121529547465e6	3.5971220054522236e6	3.5971155501823146e6	3.597121870816985e6	3.597111185369595e6	3.5971078165511424e6	3.5971219838582203e6	3.5971181045340244e6	3.597121529547465e6	3.597132110870859e6
3.597125607322105e6	3.5971033647286296e6	3.597115256775092e6	3.597104186373395e6	3.5970999244851912e6	3.5971255203304267e6	3.5971145339818387e6	3.5971152165575423e6	3.5971254324731114e6	3.5971033647286296e6	3.5971532310850928e6	3.597153785214589e6	3.5971526924758647e6	3.5971744784225826e6	3.597103359470242e6	3.597173503523708e6	3.597167577779169e6	3.597104606372092e6	3.597115256775092e6	3.597153785214589e6	3.597219994081197e6	3.5971465103769773e6	3.5971761975858966e6	3.597115296721306e6	3.5971800192698785e6	3.597198499062433e6	3.597114387672646e6	3.597104186373395e6	3.5971526924758647e6	3.5971465103769773e6	3.5972854057319383e6	3.597253081307302e6	3.597104235101847e6	3.597235689093803e6	3.597215959051182e6	3.597104394953841e6	3.5970999244851912e6	3.5971744784225826e6	3.5971761975858966e6	3.597253081307302e6	3.5972818878887845e6	3.5970999681062736e6	3.5972481338705476e6	3.5972276053972654e6	3.597099556104985e6	3.5971255203304267e6	3.597103359470242e6	3.597115296721306e6	3.597104235101847e6	3.5970999681062736e6	3.597125570526561e6	3.5971145759874173e6	3.5971152627160726e6	3.5971253481478e6	3.5971145339818387e6	3.597173503523708e6	3.5971800192698785e6	3.597235689093803e6	3.5972481338705476e6	3.5971145759874173e6	3.5972390798367956e6	3.5972232359329974e6	3.5971136646289886e6	3.5971152165575423e6	3.597167577779169e6	3.597198499062433e6	3.597215959051182e6	3.5972276053972654e6	3.5971152627160726e6	3.5972232359329974e6	3.597226247657523e6	3.597114561529243e6	3.5971254324731114e6	3.597104606372092e6	3.597114387672646e6	3.597104394953841e6	3.597099556104985e6	3.5971253481478e6	3.5971136646289886e6	3.597114561529243e6	3.597127189737876e6
3.597125505504603e6	3.5971032881026496e6	3.5971152019974873e6	3.597104131775163e6	3.5970998696379224e6	3.5971254673136612e6	3.5971144799316833e6	3.597115163401639e6	3.597125326328772e6	3.5971032881026496e6	3.5971531798614645e6	3.597153700829292e6	3.5971526259093108e6	3.597174402326308e6	3.5971032866892526e6	3.5971734192057606e6	3.597167497065398e6	3.5971045613159146e6	3.5971152019974873e6	3.597153700829292e6	3.59721992579658e6	3.597146428520318e6	3.5971761230800957e6	3.597115218855958e6	3.5971799506532657e6	3.597198427337313e6	3.597114310749459e6	3.597104131775163e6	3.5971526259093108e6	3.597146428520318e6	3.59728532535566e6	3.5972530002410095e6	3.5971041532469536e6	3.5972356068426413e6	3.5972158766093776e6	3.5971043455922846e6	3.5970998696379224e6	3.597174402326308e6	3.5971761230800957e6	3.5972530002410095e6	3.5972818104405208e6	3.597099888462398e6	3.5972480590163935e6	3.5972275287938733e6	3.597099491835824e6	3.5971254673136612e6	3.5971032866892526e6	3.597115218855958e6	3.5971041532469536e6	3.597099888462398e6	3.59712548915547e6	3.597114497691137e6	3.597115183131549e6	3.5971252906857193e6	3.5971144799316833e6	3.5971734192057606e6	3.5971799506532657e6	3.5972356068426413e6	3.5972480590163935e6	3.597114497691137e6	3.5972390108774705e6	3.5972231638294905e6	3.59711358842445e6	3.597115163401639e6	3.597167497065398e6	3.597198427337313e6	3.5972158766093776e6	3.5972275287938733e6	3.597115183131549e6	3.5972231638294905e6	3.59722617295262e6	3.5971144916611933e6	3.597125326328772e6	3.5971045613159146e6	3.597114310749459e6	3.5971043455922846e6	3.597099491835824e6	3.5971252906857193e6	3.59711358842445e6	3.5971144916611933e6	3.597127128376193e6
3.5971252866335353e6	3.5971031811130904e6	3.5971149626455964e6	3.5971039665581216e6	3.5970996646485873e6	3.597125276842246e6	3.5971142409868366e6	3.5971149396951655e6	3.5971252376780706e6	3.5971031811130904e6	3.597152388572378e6	3.5971539340463043e6	3.5971523369639516e6	3.597174392919812e6	3.597103182365085e6	3.597173652603095e6	3.597167626687002e6	3.597103517794509e6	3.5971149626455964e6	3.5971539340463043e6	3.5972194369758954e6	3.597146304944142e6	3.5971758040061034e6	3.5971149657438654e6	3.5971794615272265e6	3.5971980105920513e6	3.5971147276201732e6	3.5971039665581216e6	3.5971523369639516e6	3.597146304944142e6	3.5972851137220073e6	3.5972528357969513e6	3.597103972205743e6	3.597235483052094e6	3.597215735032573e6	3.5971040239896025e6	3.5970996646485873e6	3.597174392919812e6	3.5971758040061034e6	3.5972528357969513e6	3.597281563256128e6	3.597099668886946e6	3.597247739681144e6	3.597227239948135e6	3.5970995655000363e6	3.597125276842246e6	3.597103182365085e6	3.5971149657438654e6	3.597103972205743e6	3.597099668886946e6	3.597125282089949e6	3.5971142443103697e6	3.5971149437894197e6	3.597125231023919e6	3.5971142409868366e6	3.597173652603095e6	3.5971794615272265e6	3.597235483052094e6	3.597247739681144e6	3.5971142443103697e6	3.5972385214357907e6	3.5972227467748797e6	3.597114005929859e6	3.5971149396951655e6	3.597167626687002e6	3.5971980105920513e6	3.597215735032573e6	3.597227239948135e6	3.5971149437894197e6	3.5972227467748797e6	3.5972258103359244e6	3.59711476284294e6	3.5971252376780706e6	3.597103517794509e6	3.5971147276201732e6	3.5971040239896025e6	3.5970995655000363e6	3.597125231023919e6	3.597114005929859e6	3.59711476284294e6	3.5971257128209695e6
3.597122480009536e6	3.59710251197822e6	3.597114033188798e6	3.597103358646728e6	3.5970998488598187e6	3.5971224713645107e6	3.59711396210179e6	3.5971144483425803e6	3.5971224136348367e6	3.59710251197822e6	3.5971465941115133e6	3.597148520769031e6	3.597145938088935e6	3.5971660682196002e6	3.5971025128380056e6	3.597166456819485e6	3.59716101126517e6	3.59710307040582e6	3.597114033188798e6	3.597148520769031e6	3.5972146773936786e6	3.597140560029874e6	3.5971685996100698e6	3.5971140353747453e6	3.597173286523779e6	3.597192242398038e6	3.5971135845092703e6	3.597103358646728e6	3.597145938088935e6	3.597140560029874e6	3.5972777185494057e6	3.597243506016801e6	3.5971033632039917e6	3.5972274994996255e6	3.5972084323250097e6	3.597103424101012e6	3.5970998488598187e6	3.5971660682196002e6	3.5971685996100698e6	3.597243506016801e6	3.59726938645926e6	3.5970998517746227e6	3.597237516484603e6	3.5972179303642213e6	3.5970996138307774e6	3.5971224713645107e6	3.5971025128380056e6	3.5971140353747453e6	3.5971033632039917e6	3.5970998517746227e6	3.5971224762661173e6	3.5971139642540603e6	3.5971144513059473e6	3.5971224082014915e6	3.59711396210179e6	3.597166456819485e6	3.597173286523779e6	3.5972274994996255e6	3.597237516484603e6	3.5971139642540603e6	3.5972299017668907e6	3.5972148513203217e6	3.5971134979799315e6	3.5971144483425803e6	3.59716101126517e6	3.597192242398038e6	3.5972084323250097e6	3.5972179303642213e6	3.5971144513059473e6	3.5972148513203217e6	3.597218544720614e6	3.597114092816936e6	3.5971224136348367e6	3.59710307040582e6	3.5971135845092703e6	3.597103424101012e6	3.5970996138307774e6	3.5971224082014915e6	3.5971134979799315e6	3.597114092816936e6	3.59712327790427e6
3.5971108441366125e6	3.5971075589351603e6	3.597110849589928e6	3.5970993205808187e6	3.597110817233828e6	3.59711083206195e6	3.5971114521122184e6	3.5971104524699147e6	3.597111803144798e6	3.5971075589351603e6	3.5971091710769073e6	3.597107577751124e6	3.597093798747832e6	3.5971075368898427e6	3.5971075502356933e6	3.597108234033885e6	3.597106656253135e6	3.597108932986317e6	3.597110849589928e6	3.597107577751124e6	3.597111041461176e6	3.5970992796407538e6	3.5971108258675262e6	3.597110840730508e6	3.597111461467052e6	3.5971105328988307e6	3.5971118082999345e6	3.5970993205808187e6	3.597093798747832e6	3.5970992796407538e6	3.597125116900944e6	3.597099316325591e6	3.597099316437059e6	3.597100619345611e6	3.597105661129905e6	3.5971015720806597e6	3.597110817233828e6	3.5971075368898427e6	3.5971108258675262e6	3.597099316325591e6	3.59711084122679e6	3.597110808356335e6	3.597111430201287e6	3.5971104290309236e6	3.5971117799842013e6	3.59711083206195e6	3.5971075502356933e6	3.597110840730508e6	3.597099316437059e6	3.597110808356335e6	3.597110840375723e6	3.5971114433318684e6	3.5971104440313904e6	3.59711179416223e6	3.5971114521122184e6	3.597108234033885e6	3.597111461467052e6	3.597100619345611e6	3.597111430201287e6	3.5971114433318684e6	3.5971127443805966e6	3.5971115702605923e6	3.597112372942583e6	3.5971104524699147e6	3.597106656253135e6	3.5971105328988307e6	3.597105661129905e6	3.5971104290309236e6	3.5971104440313904e6	3.5971115702605923e6	3.597116890597781e6	3.597111772290134e6	3.597111803144798e6	3.597108932986317e6	3.5971118082999345e6	3.5971015720806597e6	3.5971117799842013e6	3.59711179416223e6	3.597112372942583e6	3.597111772290134e6	3.597114406637318e6
3.5971099589334456e6	3.597104390742409e6	3.597107332675185e6	3.597108755911313e6	3.5971098627885273e6	3.597109730280395e6	3.5971099500819156e6	3.597110221622948e6	3.5971143298204723e6	3.597104390742409e6	3.597108961451294e6	3.597103367336966e6	3.597102776131305e6	3.597104337040797e6	3.597104194151058e6	3.5971044074272e6	3.5971051436838713e6	3.5971123566806056e6	3.597107332675185e6	3.597103367336966e6	3.5971306816416844e6	3.597104585748115e6	3.597107263206609e6	3.597107193969365e6	3.597107347112166e6	3.5971169511317406e6	3.5971109554015487e6	3.597108755911313e6	3.597102776131305e6	3.597104585748115e6	3.5971134569901647e6	3.5971086938399062e6	3.5971085584007544e6	3.597108771635158e6	3.5971093743469096e6	3.5971139070627512e6	3.5971098627885273e6	3.597104337040797e6	3.597107263206609e6	3.5971086938399062e6	3.5971099666145947e6	3.5971096570267635e6	3.5971098773597353e6	3.5971101395392716e6	3.597114256071874e6	3.597109730280395e6	3.597104194151058e6	3.597107193969365e6	3.5971085584007544e6	3.5971096570267635e6	3.597109887995479e6	3.5971097448008726e6	3.5971100303719426e6	3.5971141264791787e6	3.5971099500819156e6	3.5971044074272e6	3.597107347112166e6	3.597108771635158e6	3.5971098773597353e6	3.5971097448008726e6	3.5971099674756415e6	3.597110238987173e6	3.597114331585995e6	3.597110221622948e6	3.5971051436838713e6	3.5971169511317406e6	3.5971093743469096e6	3.5971101395392716e6	3.5971100303719426e6	3.597110238987173e6	3.597118625892953e6	3.597114962795616e6	3.5971143298204723e6	3.5971123566806056e6	3.5971109554015487e6	3.5971139070627512e6	3.597114256071874e6	3.5971141264791787e6	3.597114331585995e6	3.597114962795616e6	3.5971255219257176e6
3.5972043151961933e6	3.5971009722372936e6	3.5970629568815073e6	3.5970610970797213e6	3.5970615408807774e6	3.597061425188387e6	3.5970615642817426e6	3.597060665169284e6	3.597205896303907e6	3.5971009722372936e6	3.597127172012669e6	3.5971016651699026e6	3.597103682403785e6	3.59710413741918e6	3.597103107837599e6	3.5971041432284806e6	3.59710464469535e6	3.5971235915908697e6	3.5970629568815073e6	3.5971016651699026e6	3.5971560315350313e6	3.597138741509671e6	3.597139831698321e6	3.5971384744092533e6	3.597139842887443e6	3.597144046499987e6	3.5970654051205744e6	3.5970610970797213e6	3.597103682403785e6	3.597138741509671e6	3.597152722263223e6	3.5971505102867065e6	3.5971486090759067e6	3.5971505252613793e6	3.5971505771828433e6	3.597064783872238e6	3.5970615408807774e6	3.59710413741918e6	3.597139831698321e6	3.5971505102867065e6	3.5971505694681304e6	3.5971486321322056e6	3.5971505547209196e6	3.5971506143807443e6	3.597064819851642e6	3.597061425188387e6	3.597103107837599e6	3.5971384744092533e6	3.5971486090759067e6	3.5971486321322056e6	3.59714872538034e6	3.5971486481385734e6	3.5971487468263987e6	3.5970648745083753e6	3.5970615642817426e6	3.5971041432284806e6	3.597139842887443e6	3.5971505252613793e6	3.5971505547209196e6	3.5971486481385734e6	3.5971505729890573e6	3.5971506305407095e6	3.597064833962904e6	3.597060665169284e6	3.59710464469535e6	3.597144046499987e6	3.5971505771828433e6	3.5971506143807443e6	3.5971487468263987e6	3.5971506305407095e6	3.597153422944043e6	3.5970643132073185e6	3.597205896303907e6	3.5971235915908697e6	3.5970654051205744e6	3.597064783872238e6	3.597064819851642e6	3.5970648745083753e6	3.597064833962904e6	3.5970643132073185e6	3.597226295508797e6
3.5972005406273883e6	3.597098584568046e6	3.597065309325224e6	3.597063248060626e6	3.597063057383996e6	3.5970631874934784e6	3.597063258983661e6	3.5970632295765644e6	3.597201160144982e6	3.597098584568046e6	3.5971247827998335e6	3.5971005024373424e6	3.597104011546272e6	3.59710397785357e6	3.597103598194725e6	3.5971040207996904e6	3.5971040331111224e6	3.5971206001066756e6	3.597065309325224e6	3.5971005024373424e6	3.5971452907746313e6	3.597135175141034e6	3.5971351020529014e6	3.597134653986152e6	3.59713519381143e6	3.597135313271682e6	3.597068558121237e6	3.597063248060626e6	3.597104011546272e6	3.597135175141034e6	3.5971452634038287e6	3.5971450944586825e6	3.597144495405709e6	3.5971452282303707e6	3.5971452303162655e6	3.597067913475895e6	3.597063057383996e6	3.59710397785357e6	3.5971351020529014e6	3.5971450944586825e6	3.5971452527443334e6	3.5971443623007247e6	3.5971450968646584e6	3.597145098857959e6	3.597067784353247e6	3.5970631874934784e6	3.597103598194725e6	3.597134653986152e6	3.597144495405709e6	3.5971443623007247e6	3.5971445517200213e6	3.5971444978441675e6	3.59714450034106e6	3.597067902973069e6	3.597063258983661e6	3.5971040207996904e6	3.59713519381143e6	3.5971452282303707e6	3.5971450968646584e6	3.5971444978441675e6	3.597145233512474e6	3.5971452327978816e6	3.5970679153284063e6	3.5970632295765644e6	3.5971040331111224e6	3.597135313271682e6	3.5971452303162655e6	3.597145098857959e6	3.59714450034106e6	3.5971452327978816e6	3.5971453119448684e6	3.5970678980515013e6	3.597201160144982e6	3.5971206001066756e6	3.597068558121237e6	3.597067913475895e6	3.597067784353247e6	3.597067902973069e6	3.5970679153284063e6	3.5970678980515013e6	3.597219922017883e6
3.5971925329861413e6	3.59709525956065e6	3.5970752001441447e6	3.5970746097108345e6	3.597074796672139e6	3.5970748080777037e6	3.5970748182395585e6	3.597074803513012e6	3.597189213493636e6	3.59709525956065e6	3.5971227738475148e6	3.597107483859101e6	3.5971097829372357e6	3.5971100631025787e6	3.5971100490832194e6	3.5971100693096495e6	3.5971100752453543e6	3.5971146526414966e6	3.5970752001441447e6	3.597107483859101e6	3.5971357594162025e6	3.5971278502299087e6	3.597128420169664e6	3.5971284060833305e6	3.5971284272357575e6	3.5971284608711563e6	3.5970828049504803e6	3.5970746097108345e6	3.5971097829372357e6	3.5971278502299087e6	3.597134298737234e6	3.597133145207037e6	3.5971331283061425e6	3.5971331546903886e6	3.597133162329956e6	3.597083882238712e6	3.597074796672139e6	3.5971100631025787e6	3.597128420169664e6	3.597133145207037e6	3.5971333574196687e6	3.597133317717515e6	3.597133344255222e6	3.597133351456763e6	3.597083817997111e6	3.5970748080777037e6	3.5971100490832194e6	3.5971284060833305e6	3.5971331283061425e6	3.597133317717515e6	3.59713333279315e6	3.597133327510518e6	3.597133334719168e6	3.59708382584186e6	3.5970748182395585e6	3.5971100693096495e6	3.5971284272357575e6	3.5971331546903886e6	3.597133344255222e6	3.597133327510518e6	3.5971333575180857e6	3.597133361253187e6	3.59708383231264e6	3.597074803513012e6	3.5971100752453543e6	3.5971284608711563e6	3.597133162329956e6	3.597133351456763e6	3.597133334719168e6	3.597133361253187e6	3.597133396039443e6	3.5970838250998724e6	3.597189213493636e6	3.5971146526414966e6	3.5970828049504803e6	3.597083882238712e6	3.597083817997111e6	3.59708382584186e6	3.59708383231264e6	3.5970838250998724e6	3.597201967000334e6
3.5972039954012544e6	3.597100870817433e6	3.5970633336067796e6	3.5970609724627845e6	3.597061109542332e6	3.5970611134004956e6	3.5970611202411326e6	3.5970608334395974e6	3.597205806694962e6	3.597100870817433e6	3.597126389347826e6	3.597100015658114e6	3.5971027212870717e6	3.597102860169285e6	3.597102846092404e6	3.5971028640247113e6	3.5971030271395324e6	3.597123631472802e6	3.5970633336067796e6	3.597100015658114e6	3.597150163114417e6	3.597138127166878e6	3.597138455937833e6	3.5971384381564227e6	3.597138459194769e6	3.597139782647589e6	3.5970655830488745e6	3.5970609724627845e6	3.5971027212870717e6	3.597138127166878e6	3.597149385927772e6	3.597148706736229e6	3.597148682613064e6	3.597148712677082e6	3.597148745192987e6	3.597064450775726e6	3.597061109542332e6	3.597102860169285e6	3.597138455937833e6	3.597148706736229e6	3.5971487232818333e6	3.597148690619817e6	3.597148720689965e6	3.597148753835782e6	3.5970644629841787e6	3.5970611134004956e6	3.597102846092404e6	3.5971384381564227e6	3.597148682613064e6	3.597148690619817e6	3.5971486959113455e6	3.597148696591127e6	3.597148729932463e6	3.5970644672850743e6	3.5970611202411326e6	3.5971028640247113e6	3.597138459194769e6	3.597148712677082e6	3.597148720689965e6	3.597148696591127e6	3.597148730724988e6	3.597148760017891e6	3.597064468893823e6	3.5970608334395974e6	3.5971030271395324e6	3.597139782647589e6	3.597148745192987e6	3.597148753835782e6	3.597148729932463e6	3.597148760017891e6	3.597149651720845e6	3.5970643031783826e6	3.597205806694962e6	3.597123631472802e6	3.5970655830488745e6	3.597064450775726e6	3.5970644629841787e6	3.5970644672850743e6	3.597064468893823e6	3.5970643031783826e6	3.5972263657248872e6
3.597205208139093e6	3.5971019003639864e6	3.5970638667799314e6	3.597061689078781e6	3.5970618945680466e6	3.5970618958678767e6	3.5970619111553817e6	3.5970614096290255e6	3.597207044879092e6	3.5971019003639864e6	3.5971274444537656e6	3.5971011087496397e6	3.5971035300249793e6	3.5971037333621727e6	3.597103723507647e6	3.5971037416166263e6	3.597104022306793e6	3.5971247062812382e6	3.5970638667799314e6	3.5971011087496397e6	3.5971528669558987e6	3.5971391221524975e6	3.5971396043131733e6	3.597139591590241e6	3.5971396070459797e6	3.597141910527608e6	3.597066152819974e6	3.597061689078781e6	3.5971035300249793e6	3.5971391221524975e6	3.5971508620969774e6	3.597149877328615e6	3.5971498598340275e6	3.5971498843432814e6	3.597149934214518e6	3.597065145448585e6	3.5970618945680466e6	3.5971037333621727e6	3.5971396043131733e6	3.597149877328615e6	3.5971498954655617e6	3.5971498741419683e6	3.597149898576605e6	3.5971499502672823e6	3.5970651676827595e6	3.5970618958678767e6	3.597103723507647e6	3.597139591590241e6	3.5971498598340275e6	3.5971498741419683e6	3.5971498767374004e6	3.597149881088993e6	3.5971499330054545e6	3.5970651698134057e6	3.5970619111553817e6	3.5971037416166263e6	3.5971396070459797e6	3.5971498843432814e6	3.597149898576605e6	3.597149881088993e6	3.597149917003394e6	3.5971499581820974e6	3.597065175883733e6	3.5970614096290255e6	3.597104022306793e6	3.597141910527608e6	3.597149934214518e6	3.5971499502672823e6	3.5971499330054545e6	3.5971499581820974e6	3.5971515023632078e6	3.5970648872276074e6	3.597207044879092e6	3.5971247062812382e6	3.597066152819974e6	3.597065145448585e6	3.5970651676827595e6	3.5970651698134057e6	3.597065175883733e6	3.5970648872276074e6	3.597227689851458e6
3.597205002334141e6	3.5971020666063065e6	3.597062854077199e6	3.597062744365623e6	3.597062741899333e6	3.5970627443406065e6	3.59706363279495e6	3.5970627392093637e6	3.5972064506583484e6	3.5971020666063065e6	3.5971263394719046e6	3.597101409260346e6	3.5971015709645115e6	3.597101572918316e6	3.5971015648873197e6	3.5971019766988284e6	3.5971015802582777e6	3.5971243901106846e6	3.597062854077199e6	3.597101409260346e6	3.5971439151511635e6	3.59714344162159e6	3.5971434416310247e6	3.597143429182071e6	3.597143579650966e6	3.5971434570633927e6	3.597065421855194e6	3.597062744365623e6	3.5971015709645115e6	3.59714344162159e6	3.597143962415448e6	3.59714395306932e6	3.597143940443353e6	3.5971441058779364e6	3.5971439674515277e6	3.5970653635057947e6	3.597062741899333e6	3.597101572918316e6	3.5971434416310247e6	3.59714395306932e6	3.597143958897065e6	3.597143940202911e6	3.5971441058556936e6	3.597143967207829e6	3.5970653610136965e6	3.5970627443406065e6	3.5971015648873197e6	3.597143429182071e6	3.597143940443353e6	3.597143940202911e6	3.597143945574972e6	3.597144093173652e6	3.597143954579624e6	3.597065363756813e6	3.59706363279495e6	3.5971019766988284e6	3.597143579650966e6	3.5971441058779364e6	3.5971441058556936e6	3.597144093173652e6	3.5971449375817645e6	3.5971441209110995e6	3.597065784888721e6	3.5970627392093637e6	3.5971015802582777e6	3.5971434570633927e6	3.5971439674515277e6	3.597143967207829e6	3.597143954579624e6	3.5971441209110995e6	3.597143996566334e6	3.5970653596783597e6	3.5972064506583484e6	3.5971243901106846e6	3.597065421855194e6	3.5970653635057947e6	3.5970653610136965e6	3.597065363756813e6	3.597065784888721e6	3.5970653596783597e6	3.597226867676115e6
