3.597132326082765e6	3.5971013931458835e6	3.5970985129789845e6	3.5971018760235957e6	3.5971018628433775e6	3.5971018770550755e6	3.5971018857560125e6	3.597101818885629e6	3.5971353662313097e6	3.5971013931458835e6	3.5971142310744235e6	3.5971063286217805e6	3.5971105655568317e6	3.597110560211831e6	3.5971105665585124e6	3.5971105744294543e6	3.5971106207575114e6	3.597115000810642e6	3.5970985129789845e6	3.5971063286217805e6	3.597122961739377e6	3.5971089017363912e6	3.597108908798535e6	3.597108914452307e6	3.597108918654325e6	3.5971096764516393e6	3.5971068626815956e6	3.5971018760235957e6	3.5971105655568317e6	3.5971089017363912e6	3.597113698303047e6	3.5971136629791125e6	3.5971136710641347e6	3.5971136790604466e6	3.5971137057420285e6	3.5971124715239867e6	3.5971018628433775e6	3.597110560211831e6	3.597108908798535e6	3.5971136629791125e6	3.5971136853923267e6	3.5971136632578615e6	3.5971136712644775e6	3.5971136978262393e6	3.5971124549317397e6	3.5971018770550755e6	3.5971105665585124e6	3.597108914452307e6	3.5971136710641347e6	3.5971136632578615e6	3.5971136767954575e6	3.597113679347463e6	3.597113706022317e6	3.5971124663978117e6	3.5971018857560125e6	3.5971105744294543e6	3.597108918654325e6	3.5971136790604466e6	3.5971136712644775e6	3.597113679347463e6	3.5971136942824502e6	3.5971137142149536e6	3.5971124704508395e6	3.597101818885629e6	3.5971106207575114e6	3.5971096764516393e6	3.5971137057420285e6	3.5971136978262393e6	3.597113706022317e6	3.5971137142149536e6	3.597114262329384e6	3.597112435145078e6	3.5971353662313097e6	3.597115000810642e6	3.5971068626815956e6	3.5971124715239867e6	3.5971124549317397e6	3.5971124663978117e6	3.5971124704508395e6	3.597112435145078e6	3.597149575716814e6
3.597119262036374e6	3.5971059232549e6	3.5971060682135364e6	3.5971070501825437e6	3.597107044709157e6	3.597107059954e6	3.597107067927945e6	3.597107069585007e6	3.5971252792813657e6	3.5971059232549e6	3.5971126700169197e6	3.5971087813786347e6	3.5971098415650115e6	3.597109842704052e6	3.597109852222023e6	3.5971098599912724e6	3.597109865417139e6	3.597117512973881e6	3.5971060682135364e6	3.5971087813786347e6	3.597113957659208e6	3.597110503647169e6	3.597110510781122e6	3.5971105212758267e6	3.597110528183403e6	3.597110543559986e6	3.597114795620088e6	3.5971070501825437e6	3.5971098415650115e6	3.597110503647169e6	3.5971117208927176e6	3.5971116506106528e6	3.597111662009243e6	3.5971116698667393e6	3.5971116750109876e6	3.597116350314532e6	3.597107044709157e6	3.597109842704052e6	3.597110510781122e6	3.5971116506106528e6	3.5971116922308267e6	3.5971116604425423e6	3.597111668317048e6	3.5971116733874674e6	3.597116334966344e6	3.597107059954e6	3.597109852222023e6	3.5971105212758267e6	3.597111662009243e6	3.5971116604425423e6	3.597111680606456e6	3.597111679738418e6	3.597111684833492e6	3.597116347319527e6	3.597107067927945e6	3.5971098599912724e6	3.597110528183403e6	3.5971116698667393e6	3.597111668317048e6	3.597111679738418e6	3.5971116923695356e6	3.597111692706011e6	3.59711635168539e6	3.597107069585007e6	3.597109865417139e6	3.597110543559986e6	3.5971116750109876e6	3.5971116733874674e6	3.597111684833492e6	3.597111692706011e6	3.5971117247265643e6	3.597116360665323e6	3.5971252792813657e6	3.597117512973881e6	3.597114795620088e6	3.597116350314532e6	3.597116334966344e6	3.597116347319527e6	3.59711635168539e6	3.597116360665323e6	3.5971409218313685e6
3.5971242572714007e6	3.5971047215018086e6	3.59710422019294e6	3.597104990074389e6	3.5971049387024385e6	3.597105000349792e6	3.5971050076336656e6	3.5971050078990646e6	3.5971293267821115e6	3.5971047215018086e6	3.5971120293349647e6	3.597110129499269e6	3.5971110645525157e6	3.597111033983726e6	3.5971110756758656e6	3.597111082584055e6	3.59711108826955e6	3.597115854761904e6	3.59710422019294e6	3.597110129499269e6	3.597113650781966e6	3.597110748203965e6	3.5971107246558117e6	3.5971107652620296e6	3.5971107714220257e6	3.59711078553663e6	3.597114068898442e6	3.597104990074389e6	3.5971110645525157e6	3.597110748203965e6	3.597111779305349e6	3.5971116807714934e6	3.597111724414772e6	3.597111731342466e6	3.597111736998821e6	3.5971153585240874e6	3.5971049387024385e6	3.597111033983726e6	3.5971107246558117e6	3.5971116807714934e6	3.597111782294607e6	3.597111691544393e6	3.597111698519447e6	3.59711170404453e6	3.5971153040872314e6	3.597105000349792e6	3.5971110756758656e6	3.5971107652620296e6	3.597111724414772e6	3.597111691544393e6	3.597111741991807e6	3.597111742233758e6	3.597111747841737e6	3.5971153564020656e6	3.5971050076336656e6	3.597111082584055e6	3.5971107714220257e6	3.597111731342466e6	3.597111698519447e6	3.597111742233758e6	3.5971117544686873e6	3.597111754784748e6	3.597115359786673e6	3.5971050078990646e6	3.59711108826955e6	3.59711078553663e6	3.597111736998821e6	3.59711170404453e6	3.597111747841737e6	3.597111754784748e6	3.5971117867610203e6	3.597115368141459e6	3.5971293267821115e6	3.597115854761904e6	3.597114068898442e6	3.5971153585240874e6	3.5971153040872314e6	3.5971153564020656e6	3.597115359786673e6	3.597115368141459e6	3.5971436627985477e6
3.5971965958318873e6	3.597094451454588e6	3.5970939384520384e6	3.5970836738463906e6	3.5970764606648283e6	3.5970937626398187e6	3.5970937706228467e6	3.597093763210417e6	3.597183058737399e6	3.597094451454588e6	3.59712115304647e6	3.5971203620778257e6	3.5971111783277146e6	3.5971145943625397e6	3.597120648144687e6	3.5971206723241177e6	3.597120676567404e6	3.5971072594555607e6	3.5970939384520384e6	3.5971203620778257e6	3.597124086212596e6	3.5971096275893752e6	3.597114902302555e6	3.597121224808221e6	3.597121248174066e6	3.5971212556902827e6	3.59710541734041e6	3.5970836738463906e6	3.5971111783277146e6	3.5971096275893752e6	3.5971343900851314e6	3.5971127720009433e6	3.597112053871141e6	3.597112074175165e6	3.597112090850278e6	3.5971027182983225e6	3.5970764606648283e6	3.5971145943625397e6	3.597114902302555e6	3.5971127720009433e6	3.597128516579472e6	3.597115353180916e6	3.597115386537098e6	3.597115387698056e6	3.59709320513897e6	3.5970937626398187e6	3.597120648144687e6	3.597121224808221e6	3.597112053871141e6	3.597115353180916e6	3.597121571844709e6	3.5971215578107284e6	3.597121562208355e6	3.5971061329580764e6	3.5970937706228467e6	3.5971206723241177e6	3.597121248174066e6	3.597112074175165e6	3.597115386537098e6	3.5971215578107284e6	3.5971215854142406e6	3.5971215865971386e6	3.5971061393983173e6	3.597093763210417e6	3.597120676567404e6	3.5971212556902827e6	3.597112090850278e6	3.597115387698056e6	3.597121562208355e6	3.5971215865971386e6	3.597121607198965e6	3.597106141002497e6	3.597183058737399e6	3.5971072594555607e6	3.59710541734041e6	3.5971027182983225e6	3.59709320513897e6	3.5971061329580764e6	3.5971061393983173e6	3.597106141002497e6	3.5971842609516764e6
3.5972003344344334e6	3.597095340977301e6	3.5970899783215257e6	3.597080789460755e6	3.5970725108947023e6	3.597089657603125e6	3.597089661663686e6	3.5970896540292436e6	3.5971881473548645e6	3.597095340977301e6	3.597121934420159e6	3.597117473986416e6	3.5971100942610833e6	3.597112514810927e6	3.5971180985053442e6	3.597118111857658e6	3.597118116091704e6	3.5971096031134785e6	3.5970899783215257e6	3.597117473986416e6	3.597129453560456e6	3.59711309959035e6	3.597117835117269e6	3.59712452679665e6	3.59712453957039e6	3.5971245511848116e6	3.597099329348583e6	3.597080789460755e6	3.5971100942610833e6	3.59711309959035e6	3.597137860441692e6	3.597117069776155e6	3.5971174925319e6	3.5971175056549236e6	3.597117520218075e6	3.5970978108755737e6	3.5970725108947023e6	3.597112514810927e6	3.597117835117269e6	3.597117069776155e6	3.5971320813797265e6	3.597118950428995e6	3.597118971277299e6	3.597118972614368e6	3.5970879200181416e6	3.597089657603125e6	3.5971180985053442e6	3.59712452679665e6	3.5971174925319e6	3.597118950428995e6	3.597125530418587e6	3.5971255233930363e6	3.597125528790685e6	3.5971004704250405e6	3.597089661663686e6	3.597118111857658e6	3.59712453957039e6	3.5971175056549236e6	3.597118971277299e6	3.5971255233930363e6	3.597125540946518e6	3.597125542923449e6	3.597100472779012e6	3.5970896540292436e6	3.597118116091704e6	3.5971245511848116e6	3.597117520218075e6	3.597118972614368e6	3.597125528790685e6	3.597125542923449e6	3.597125565030458e6	3.5971004730746546e6	3.5971881473548645e6	3.5971096031134785e6	3.597099329348583e6	3.5970978108755737e6	3.5970879200181416e6	3.5971004704250405e6	3.597100472779012e6	3.5971004730746546e6	3.5971917371220244e6
3.597205048792754e6	3.5971016634114617e6	3.59706389680608e6	3.5970623786469204e6	3.5970612830523876e6	3.597062610207789e6	3.597062622984586e6	3.5970626010467326e6	3.5972066591473836e6	3.5971016634114617e6	3.5971265195237654e6	3.59710088383021e6	3.5971021667594975e6	3.597102213609646e6	3.5971024543219674e6	3.597102462598052e6	3.597102463188036e6	3.5971242460706215e6	3.59706389680608e6	3.59710088383021e6	3.5971466040612105e6	3.597141132331453e6	3.5971408361822423e6	3.597141585746364e6	3.5971415893779714e6	3.5971416157589867e6	3.5970660077601857e6	3.5970623786469204e6	3.5971021667594975e6	3.597141132331453e6	3.59714780839115e6	3.597145911141063e6	3.59714677781743e6	3.5971467842664625e6	3.597146791259104e6	3.597065337760603e6	3.5970612830523876e6	3.597102213609646e6	3.5971408361822423e6	3.597145911141063e6	3.5971471351236887e6	3.597146053563291e6	3.5971460610495145e6	3.5971460663182773e6	3.5970645340779135e6	3.597062610207789e6	3.5971024543219674e6	3.597141585746364e6	3.59714677781743e6	3.597146053563291e6	3.5971469494722644e6	3.597146951984337e6	3.5971469586166297e6	3.5970653582440885e6	3.597062622984586e6	3.597102462598052e6	3.5971415893779714e6	3.5971467842664625e6	3.5971460610495145e6	3.597146951984337e6	3.5971469687196705e6	3.597146965035374e6	3.597065363981911e6	3.5970626010467326e6	3.597102463188036e6	3.5971416157589867e6	3.597146791259104e6	3.5971460663182773e6	3.5971469586166297e6	3.597146965035374e6	3.5971469943255945e6	3.5970653528442867e6	3.5972066591473836e6	3.5971242460706215e6	3.5970660077601857e6	3.597065337760603e6	3.5970645340779135e6	3.5970653582440885e6	3.597065363981911e6	3.5970653528442867e6	3.597227126633592e6
3.5971054297473617e6	3.5970994318277803e6	3.597103774319015e6	3.597105415721758e6	3.5971052697016634e6	3.597105422591778e6	3.5971054343018285e6	3.597105431247059e6	3.5971062788625346e6	3.5970994318277803e6	3.597100052682149e6	3.597098472148415e6	3.5970994369574217e6	3.5970993144559464e6	3.597099447306275e6	3.59709946056817e6	3.597099456179538e6	3.5971007747793663e6	3.597103774319015e6	3.597098472148415e6	3.59711160632456e6	3.5971037695387728e6	3.5971036554464647e6	3.597103784393179e6	3.597103793415864e6	3.5971038233370255e6	3.5971045261090086e6	3.597105415721758e6	3.5970994369574217e6	3.5971037695387728e6	3.5971054553130106e6	3.5971052740764823e6	3.597105426790148e6	3.597105438496604e6	3.597105435475399e6	3.5971062822091924e6	3.5971052697016634e6	3.5970993144559464e6	3.5971036554464647e6	3.5971052740764823e6	3.5971054579412355e6	3.5971052807989633e6	3.597105292643088e6	3.5971052893323493e6	3.597106138272946e6	3.597105422591778e6	3.597099447306275e6	3.597103784393179e6	3.597105426790148e6	3.5971052807989633e6	3.5971054411835712e6	3.5971054453542717e6	3.5971054423142956e6	3.5971062883401727e6	3.5971054343018285e6	3.59709946056817e6	3.597103793415864e6	3.597105438496604e6	3.597105292643088e6	3.5971054453542717e6	3.597105463511186e6	3.59710545403969e6	3.5971062995550036e6	3.597105431247059e6	3.597099456179538e6	3.5971038233370255e6	3.597105435475399e6	3.5971052893323493e6	3.5971054423142956e6	3.59710545403969e6	3.5971054916259972e6	3.5971062973851054e6	3.5971062788625346e6	3.5971007747793663e6	3.5971045261090086e6	3.5971062822091924e6	3.597106138272946e6	3.5971062883401727e6	3.5971062995550036e6	3.5971062973851054e6	3.5971082381308167e6
3.5971108104994353e6	3.59710207194195e6	3.5971064793036175e6	3.5971108035246837e6	3.5971105366534423e6	3.597110715010964e6	3.597110810527239e6	3.5971106778032575e6	3.5971124611259545e6	3.59710207194195e6	3.597104259088439e6	3.5970999568374637e6	3.597102079673231e6	3.5971018727809447e6	3.5971019954801435e6	3.5971020899348785e6	3.5971021689014193e6	3.597105575180594e6	3.5971064793036175e6	3.5970999568374637e6	3.597126368533583e6	3.5971064780277573e6	3.5971062886002567e6	3.5971064286005106e6	3.5971064892517976e6	3.5971098270335337e6	3.597107726491426e6	3.5971108035246837e6	3.597102079673231e6	3.5971064780277573e6	3.5971108229080653e6	3.597110542848008e6	3.597110721087049e6	3.5971108165995395e6	3.597110683995451e6	3.5971124652217287e6	3.5971105366534423e6	3.5971018727809447e6	3.5971062886002567e6	3.597110542848008e6	3.597110803174016e6	3.597110453687571e6	3.5971105499074245e6	3.5971104112144206e6	3.597112211372409e6	3.597110715010964e6	3.5971019954801435e6	3.5971064286005106e6	3.597110721087049e6	3.597110453687571e6	3.597110779800566e6	3.5971107280873e6	3.597110598166136e6	3.5971123780095973e6	3.597110810527239e6	3.5971020899348785e6	3.5971064892517976e6	3.5971108165995395e6	3.5971105499074245e6	3.5971107280873e6	3.5971108277966185e6	3.597110691605228e6	3.5971124709195723e6	3.5971106778032575e6	3.5971021689014193e6	3.5971098270335337e6	3.597110683995451e6	3.5971104112144206e6	3.597110598166136e6	3.597110691605228e6	3.59711283998455e6	3.597112361004027e6	3.5971124611259545e6	3.597105575180594e6	3.597107726491426e6	3.5971124652217287e6	3.597112211372409e6	3.5971123780095973e6	3.5971124709195723e6	3.597112361004027e6	3.597116990980634e6
3.5971248248591125e6	3.5971027123074224e6	3.5971145078144283e6	3.5971035052594496e6	3.59709920680504e6	3.597124817922512e6	3.5971137862002715e6	3.5971144836724233e6	3.597124764032302e6	3.5971027123074224e6	3.5971519791526827e6	3.5971534371044217e6	3.597151884893262e6	3.5971739168258277e6	3.5971027144637913e6	3.5971731556631303e6	3.5971671386842234e6	3.597103129357229e6	3.5971145078144283e6	3.5971534371044217e6	3.597219000610692e6	3.5971458372356226e6	3.597175353084857e6	3.597114509046851e6	3.5971790251427633e6	3.5971975679423343e6	3.5971142167631304e6	3.5971035052594496e6	3.597151884893262e6	3.5971458372356226e6	3.5972846536375284e6	3.597252371637122e6	3.597103509372536e6	3.597235015318808e6	3.597215268787782e6	3.5971035765049e6	3.59709920680504e6	3.5971739168258277e6	3.597175353084857e6	3.597252371637122e6	3.5972811061907397e6	3.5970992093452103e6	3.597247288738418e6	3.5972267863428127e6	3.597099084077617e6	3.597124817922512e6	3.5971027144637913e6	3.597114509046851e6	3.597103509372536e6	3.5970992093452103e6	3.5971248213633928e6	3.5971137875879006e6	3.5971144858148796e6	3.597124761271482e6	3.5971137862002715e6	3.5971731556631303e6	3.5971790251427633e6	3.597235015318808e6	3.597247288738418e6	3.5971137875879006e6	3.5972380850310894e6	3.5972223041025563e6	3.5971134951141756e6	3.5971144836724233e6	3.5971671386842234e6	3.5971975679423343e6	3.597215268787782e6	3.5972267863428127e6	3.5971144858148796e6	3.5972223041025563e6	3.5972253629374276e6	3.5971142646957096e6	3.597124764032302e6	3.597103129357229e6	3.5971142167631304e6	3.5971035765049e6	3.597099084077617e6	3.597124761271482e6	3.5971134951141756e6	3.5971142646957096e6	3.597125352433091e6
3.5971139098204356e6	3.597113903521911e6	3.5971208200175017e6	3.5970969598038364e6	3.5971052961959005e6	3.5971138958297824e6	3.597116127549348e6	3.597117161382132e6	3.597114061271489e6	3.597113903521911e6	3.5971139105073973e6	3.5971208204802037e6	3.597096967871493e6	3.5971053012594525e6	3.597113898520178e6	3.5971161299071033e6	3.597117164527647e6	3.597114063837119e6	3.5971208200175017e6	3.5971208204802037e6	3.5971891822948502e6	3.5970892713130647e6	3.597110321751497e6	3.597120817372589e6	3.5971238463449148e6	3.597149402238161e6	3.5971207085394966e6	3.5970969598038364e6	3.597096967871493e6	3.5970892713130647e6	3.5971326236576126e6	3.597103620320261e6	3.5970969634387875e6	3.597107212902491e6	3.5971058673103335e6	3.597097439397216e6	3.5971052961959005e6	3.5971053012594525e6	3.597110321751497e6	3.597103620320261e6	3.5971214477756727e6	3.597105290732352e6	3.5971133727955846e6	3.597111445316087e6	3.5971054838731303e6	3.5971138958297824e6	3.597113898520178e6	3.597120817372589e6	3.5970969634387875e6	3.597105290732352e6	3.59711391017867e6	3.597116122370331e6	3.5971171590503003e6	3.597114056105506e6	3.597116127549348e6	3.5971161299071033e6	3.5971238463449148e6	3.597107212902491e6	3.5971133727955846e6	3.597116122370331e6	3.597123915686339e6	3.5971238375311485e6	3.5971162344362917e6	3.597117161382132e6	3.597117164527647e6	3.597149402238161e6	3.5971058673103335e6	3.597111445316087e6	3.5971171590503003e6	3.5971238375311485e6	3.5971402987193875e6	3.597117258034348e6	3.597114061271489e6	3.597114063837119e6	3.5971207085394966e6	3.597097439397216e6	3.5971054838731303e6	3.597114056105506e6	3.5971162344362917e6	3.597117258034348e6	3.5971145311554233e6
3.5971220890512518e6	3.597113579017367e6	3.597125652109444e6	3.5971135735617755e6	3.5971140747411484e6	3.5971133645006125e6	3.5971300908512147e6	3.5971284357594284e6	3.597113604559673e6	3.597113579017367e6	3.59712105075208e6	3.5971240309934607e6	3.597121047836095e6	3.5971210549525367e6	3.597120777665531e6	3.5971293193522803e6	3.597129156354588e6	3.5971210437835464e6	3.597125652109444e6	3.5971240309934607e6	3.597191583461739e6	3.5971240164362187e6	3.5971247873950475e6	3.597124048741907e6	3.597142824070159e6	3.5971655738683753e6	3.5971240167339565e6	3.5971135735617755e6	3.597121047836095e6	3.5971240164362187e6	3.59712109187665e6	3.5971210562948943e6	3.597120777756994e6	3.59712932605097e6	3.5971291619301317e6	3.5971210437987437e6	3.5971140747411484e6	3.5971210549525367e6	3.5971247873950475e6	3.5971210562948943e6	3.597122930587471e6	3.5971207833354417e6	3.5971302776524336e6	3.5971298235380705e6	3.5971210501731485e6	3.5971133645006125e6	3.597120777665531e6	3.597124048741907e6	3.597120777756994e6	3.5971207833354417e6	3.5971210551757016e6	3.597129139384196e6	3.597129034059556e6	3.597120773630483e6	3.5971300908512147e6	3.5971293193522803e6	3.597142824070159e6	3.59712932605097e6	3.5971302776524336e6	3.597129139384196e6	3.5971502288777987e6	3.5971484114231565e6	3.59712930942993e6	3.5971284357594284e6	3.597129156354588e6	3.5971655738683753e6	3.5971291619301317e6	3.5971298235380705e6	3.597129034059556e6	3.5971484114231565e6	3.5971629681627327e6	3.5971291442434434e6	3.597113604559673e6	3.5971210437835464e6	3.5971240167339565e6	3.5971210437987437e6	3.5971210501731485e6	3.597120773630483e6	3.59712930942993e6	3.5971291442434434e6	3.5971210705405814e6
3.5971169820839227e6	3.597103061704302e6	3.5971114953104947e6	3.5971169776695934e6	3.59711664126636e6	3.5971169732529023e6	3.5971202761030244e6	3.597117992789051e6	3.5971170228884807e6	3.597103061704302e6	3.5971085520679094e6	3.59710583833896e6	3.597103054601847e6	3.597103001859033e6	3.597103059250914e6	3.5971094812682397e6	3.5971082090311986e6	3.5971039486337234e6	3.5971114953104947e6	3.59710583833896e6	3.5971556625939035e6	3.597111479616457e6	3.5971113582398007e6	3.597111494275408e6	3.597117560349054e6	3.5971331994495015e6	3.5971115274419007e6	3.5971169776695934e6	3.597103054601847e6	3.597111479616457e6	3.5971170091038537e6	3.5971166407624753e6	3.5971169724551076e6	3.5971202769012e6	3.59711799241204e6	3.5971170221605618e6	3.59711664126636e6	3.597103001859033e6	3.5971113582398007e6	3.5971166407624753e6	3.5971171538802944e6	3.597116636021787e6	3.597120142380827e6	3.5971177615251318e6	3.5971166895329203e6	3.5971169732529023e6	3.597103059250914e6	3.597111494275408e6	3.5971169724551076e6	3.597116636021787e6	3.5971169792682747e6	3.597120271053191e6	3.597117989138762e6	3.597117017556724e6	3.5971202761030244e6	3.5971094812682397e6	3.597117560349054e6	3.5971202769012e6	3.597120142380827e6	3.597120271053191e6	3.5971280584845166e6	3.5971246103121843e6	3.5971202048232034e6	3.597117992789051e6	3.5971082090311986e6	3.5971331994495015e6	3.59711799241204e6	3.5971177615251318e6	3.597117989138762e6	3.5971246103121843e6	3.5971335771391653e6	3.5971180255118455e6	3.5971170228884807e6	3.5971039486337234e6	3.5971115274419007e6	3.5971170221605618e6	3.5971166895329203e6	3.597117017556724e6	3.5971202048232034e6	3.5971180255118455e6	3.5971179331039316e6
3.5971246643178454e6	3.5971027200718196e6	3.597114507031281e6	3.5971035823936565e6	3.597099333812284e6	3.5971246574692065e6	3.5971138635736727e6	3.5971145413286816e6	3.5971246057427535e6	3.5971027200718196e6	3.597151323497936e6	3.597152793828501e6	3.5971508935467736e6	3.59717275094833e6	3.5971027223173026e6	3.597172184101004e6	3.5971662421803568e6	3.597103122006904e6	3.597114507031281e6	3.597152793828501e6	3.5972182916058386e6	3.597144862560083e6	3.597174188386232e6	3.5971145081024915e6	3.5971780413526976e6	3.5971966387303094e6	3.59711422730898e6	3.5971035823936565e6	3.5971508935467736e6	3.597144862560083e6	3.5972829863978755e6	3.597250440279988e6	3.597103586417752e6	3.5972334166490017e6	3.5972138197479453e6	3.597103652207905e6	3.597099333812284e6	3.59717275094833e6	3.597174188386232e6	3.597250440279988e6	3.5972788324668193e6	3.59709933620158e6	3.5972454110479276e6	3.597225079664062e6	3.5970992166085383e6	3.5971246574692065e6	3.5971027223173026e6	3.5971145081024915e6	3.597103586417752e6	3.59709933620158e6	3.597124660848256e6	3.5971138647770886e6	3.5971145433075614e6	3.5971246032508127e6	3.5971138635736727e6	3.597172184101004e6	3.5971780413526976e6	3.5972334166490017e6	3.5972454110479276e6	3.5971138647770886e6	3.5972365243286425e6	3.5972208809777717e6	3.597113584101468e6	3.5971145413286816e6	3.5971662421803568e6	3.5971966387303094e6	3.5972138197479453e6	3.597225079664062e6	3.5971145433075614e6	3.5972208809777717e6	3.597224051772343e6	3.5971143313201023e6	3.5971246057427535e6	3.597103122006904e6	3.59711422730898e6	3.597103652207905e6	3.5970992166085383e6	3.5971246032508127e6	3.597113584101468e6	3.5971143313201023e6	3.597125172551617e6
3.597105943747889e6	3.5971059379004105e6	3.5971063420933993e6	3.597094953277573e6	3.5971052367755086e6	3.597105869614457e6	3.597106830375206e6	3.5971059326425237e6	3.5971062945393696e6	3.5971059379004105e6	3.597105965619274e6	3.5971063642857242e6	3.597094991143802e6	3.597105262144676e6	3.59710589448681e6	3.5971068539136522e6	3.597105957721685e6	3.5971063183543757e6	3.5971063420933993e6	3.5971063642857242e6	3.5971115210028994e6	3.5970930598347797e6	3.5971056585613033e6	3.597106299736457e6	3.5971071074618627e6	3.597106448765928e6	3.597106669517559e6	3.597094953277573e6	3.597094991143802e6	3.5970930598347797e6	3.597109624711431e6	3.5970947361123804e6	3.597094936813288e6	3.5970962537152907e6	3.597095175899632e6	3.5970956142072813e6	3.5971052367755086e6	3.597105262144676e6	3.5971056585613033e6	3.5970947361123804e6	3.5971059807427633e6	3.5971051927909004e6	3.597106219806077e6	3.597105256004052e6	3.5971056228127955e6	3.597105869614457e6	3.59710589448681e6	3.597106299736457e6	3.597094936813288e6	3.5971051927909004e6	3.5971059363766983e6	3.5971067867554934e6	3.597105889430532e6	3.597106250420578e6	3.597106830375206e6	3.5971068539136522e6	3.5971071074618627e6	3.5970962537152907e6	3.597106219806077e6	3.5971067867554934e6	3.5971085275645745e6	3.5971068739563427e6	3.597107186065254e6	3.5971059326425237e6	3.597105957721685e6	3.597106448765928e6	3.597095175899632e6	3.597105256004052e6	3.597105889430532e6	3.5971068739563427e6	3.5971062562999213e6	3.59710631646237e6	3.5971062945393696e6	3.5971063183543757e6	3.597106669517559e6	3.5970956142072813e6	3.5971056228127955e6	3.597106250420578e6	3.597107186065254e6	3.59710631646237e6	3.59710709895622e6
3.5971108639221485e6	3.597110855690205e6	3.597111576697348e6	3.5971012882950557e6	3.5971104114482948e6	3.5971108445139006e6	3.5971162126836414e6	3.5971130495297494e6	3.597111029866273e6	3.597110855690205e6	3.5971108682963345e6	3.597111584146721e6	3.597101305132017e6	3.5971104207741204e6	3.5971108537144735e6	3.5971162186499857e6	3.597113059234449e6	3.5971110387278213e6	3.597111576697348e6	3.597111584146721e6	3.597123908468617e6	3.597097750026141e6	3.597111057991257e6	3.597111574028177e6	3.597116445252652e6	3.5971169421411455e6	3.5971116994709685e6	3.5971012882950557e6	3.597101305132017e6	3.597097750026141e6	3.597130722305614e6	3.5971019473025263e6	3.597101299539514e6	3.5971119044650905e6	3.5971093326284853e6	3.597101704057485e6	3.5971104114482948e6	3.5971104207741204e6	3.597111057991257e6	3.5971019473025263e6	3.597111721643205e6	3.597110409415182e6	3.597116306750629e6	3.597112844785603e6	3.597110593055871e6	3.5971108445139006e6	3.5971108537144735e6	3.597111574028177e6	3.597101299539514e6	3.597110409415182e6	3.597110865103457e6	3.5971162086169054e6	3.597113048975104e6	3.597111027542032e6	3.5971162126836414e6	3.5971162186499857e6	3.597116445252652e6	3.5971119044650905e6	3.597116306750629e6	3.5971162086169054e6	3.597126973662882e6	3.597121338297746e6	3.5971163068357585e6	3.5971130495297494e6	3.597113059234449e6	3.5971169421411455e6	3.5971093326284853e6	3.597112844785603e6	3.597113048975104e6	3.597121338297746e6	3.597122525287331e6	3.5971132324879994e6	3.597111029866273e6	3.5971110387278213e6	3.5971116994709685e6	3.597101704057485e6	3.597110593055871e6	3.597111027542032e6	3.5971163068357585e6	3.5971132324879994e6	3.5971115386364893e6
3.5971237755085994e6	3.5971128719247766e6	3.597126869430555e6	3.5971071590635153e6	3.5971133814538037e6	3.597112772845202e6	3.5971295001167892e6	3.5971273334228126e6	3.5971130546519714e6	3.5971128719247766e6	3.597121000127014e6	3.59712361877288e6	3.597120713329127e6	3.5971209860169687e6	3.597120875183018e6	3.5971290602666084e6	3.5971288165968275e6	3.5971209512986364e6	3.597126869430555e6	3.59712361877288e6	3.5971910922260233e6	3.597113040602978e6	3.597124188723728e6	3.5971236115083643e6	3.597140757763505e6	3.5971620162739605e6	3.5971235190139445e6	3.5971071590635153e6	3.597120713329127e6	3.597113040602978e6	3.5971565233704187e6	3.5971223243456758e6	3.597120623944413e6	3.597135033220469e6	3.5971342179823965e6	3.597120684246479e6	3.5971133814538037e6	3.5971209860169687e6	3.597124188723728e6	3.5971223243456758e6	3.5971236035608035e6	3.5971208643139214e6	3.5971307091575866e6	3.5971300004226645e6	3.5971209351781877e6	3.597112772845202e6	3.597120875183018e6	3.5971236115083643e6	3.597120623944413e6	3.5971208643139214e6	3.5971209992323252e6	3.597128985449902e6	3.5971287638414884e6	3.597120829011839e6	3.5971295001167892e6	3.5971290602666084e6	3.597140757763505e6	3.597135033220469e6	3.5971307091575866e6	3.597128985449902e6	3.597151896392386e6	3.597149362342194e6	3.597128989906402e6	3.5971273334228126e6	3.5971288165968275e6	3.5971620162739605e6	3.5971342179823965e6	3.5971300004226645e6	3.5971287638414884e6	3.597149362342194e6	3.597162754796044e6	3.5971287319902373e6	3.5971130546519714e6	3.5971209512986364e6	3.5971235190139445e6	3.597120684246479e6	3.5971209351781877e6	3.597120829011839e6	3.597128989906402e6	3.5971287319902373e6	3.5971211280169077e6
3.5971141283759377e6	3.597114123453494e6	3.5971178881649063e6	3.597105871324316e6	3.5971135184715767e6	3.5971140382387214e6	3.5971211712025027e6	3.597119442718177e6	3.5971142206180566e6	3.597114123453494e6	3.5971141288537174e6	3.597117888847537e6	3.597105872612617e6	3.597113519133611e6	3.5971140386696183e6	3.597121171210653e6	3.597119443581159e6	3.5971142210176634e6	3.5971178881649063e6	3.597117888847537e6	3.597155471549662e6	3.597102085809167e6	3.5971171781402566e6	3.5971178369271792e6	3.5971257757621836e6	3.597137075743567e6	3.597117876117279e6	3.597105871324316e6	3.597105872612617e6	3.597102085809167e6	3.5971452024544366e6	3.5971081711334744e6	3.597105822208273e6	3.5971219319347786e6	3.5971206267578276e6	3.597106127268021e6	3.5971135184715767e6	3.597113519133611e6	3.5971171781402566e6	3.5971081711334744e6	3.597116557018254e6	3.5971134328832487e6	3.597122066531471e6	3.5971198078498608e6	3.59711361216185e6	3.5971140382387214e6	3.5971140386696183e6	3.5971178369271792e6	3.597105822208273e6	3.5971134328832487e6	3.597114114251045e6	3.5971211018846114e6	3.597119380591143e6	3.597114135864384e6	3.5971211712025027e6	3.597121171210653e6	3.5971257757621836e6	3.5971219319347786e6	3.597122066531471e6	3.5971211018846114e6	3.597136052824137e6	3.5971327378809573e6	3.5971211968022925e6	3.597119442718177e6	3.597119443581159e6	3.597137075743567e6	3.5971206267578276e6	3.5971198078498608e6	3.597119380591143e6	3.5971327378809573e6	3.597141103235363e6	3.597119502889651e6	3.5971142206180566e6	3.5971142210176634e6	3.597117876117279e6	3.597106127268021e6	3.59711361216185e6	3.597114135864384e6	3.5971211968022925e6	3.597119502889651e6	3.5971145359593313e6
3.5971124529514075e6	3.597112448095236e6	3.5971165530739552e6	3.5970992176331733e6	3.597108658686785e6	3.597112078607155e6	3.597116075144425e6	3.59711540173384e6	3.5971126125739827e6	3.597112448095236e6	3.5971124536147416e6	3.597116553947607e6	3.5970992208385738e6	3.5971086606532885e6	3.5971120797101175e6	3.597116075984563e6	3.5971154033958837e6	3.597112613609998e6	3.5971165530739552e6	3.597116553947607e6	3.5971604067819146e6	3.5970934675168875e6	3.5971120590636064e6	3.5971163487391765e6	3.597120600354829e6	3.597135248613918e6	3.597116542688738e6	3.5970992176331733e6	3.5970992208385738e6	3.5970934675168875e6	3.5971334542426374e6	3.5971030227100146e6	3.597098937243296e6	3.597109769292261e6	3.5971089139797688e6	3.597099658620243e6	3.597108658686785e6	3.5971086606532885e6	3.5971120590636064e6	3.5971030227100146e6	3.5971167925229557e6	3.5971082621621e6	3.597115410790914e6	3.5971132710247235e6	3.597108831309688e6	3.597112078607155e6	3.5971120797101175e6	3.5971163487391765e6	3.597098937243296e6	3.5971082621621e6	3.597112364319764e6	3.5971157429544874e6	3.5971151123108426e6	3.597112244875403e6	3.597116075144425e6	3.597116075984563e6	3.597120600354829e6	3.597109769292261e6	3.597115410790914e6	3.5971157429544874e6	3.5971251165285297e6	3.5971231695404435e6	3.597116179594206e6	3.59711540173384e6	3.5971154033958837e6	3.597135248613918e6	3.5971089139797688e6	3.5971132710247235e6	3.5971151123108426e6	3.5971231695404435e6	3.5971336693631504e6	3.5971155359236854e6	3.5971126125739827e6	3.597112613609998e6	3.597116542688738e6	3.597099658620243e6	3.597108831309688e6	3.597112244875403e6	3.597116179594206e6	3.5971155359236854e6	3.5971130831186203e6
3.5971078928489336e6	3.5971078175496487e6	3.597108085835038e6	3.597095075513499e6	3.597103917175346e6	3.59710555599417e6	3.5971085735246683e6	3.5971078900180236e6	3.5971079195011198e6	3.5971078175496487e6	3.5971078402098543e6	3.5971080171369286e6	3.5970949703806443e6	3.597103849326459e6	3.5971054825381925e6	3.5971085039168294e6	3.597107817639849e6	3.5971078473633504e6	3.597108085835038e6	3.5971080171369286e6	3.5971104833442583e6	3.5970941434808727e6	3.5971040977788977e6	3.5971058149516922e6	3.5971087006558254e6	3.597108092249471e6	3.5971081133468323e6	3.597095075513499e6	3.5970949703806443e6	3.5970941434808727e6	3.5971086320975814e6	3.5970936728041503e6	3.5970931722799744e6	3.5970961780480505e6	3.5970951103363708e6	3.597095128720758e6	3.597103917175346e6	3.597103849326459e6	3.5971040977788977e6	3.5970936728041503e6	3.5971080366296764e6	3.5971013793244804e6	3.5971049572600303e6	3.597103916657923e6	3.5971039495631508e6	3.59710555599417e6	3.5971054825381925e6	3.5971058149516922e6	3.5970931722799744e6	3.5971013793244804e6	3.597106966008729e6	3.5971062733538067e6	3.5971055558564e6	3.5971055868260623e6	3.5971085735246683e6	3.5971085039168294e6	3.5971087006558254e6	3.5970961780480505e6	3.5971049572600303e6	3.5971062733538067e6	3.5971099981130017e6	3.5971085773938224e6	3.5971086012557745e6	3.5971078900180236e6	3.597107817639849e6	3.597108092249471e6	3.5970951103363708e6	3.597103916657923e6	3.5971055558564e6	3.5971085773938224e6	3.5971079368267064e6	3.5971079196835244e6	3.5971079195011198e6	3.5971078473633504e6	3.5971081133468323e6	3.597095128720758e6	3.5971039495631508e6	3.5971055868260623e6	3.5971086012557745e6	3.5971079196835244e6	3.5971079838635363e6
3.5971399184433264e6	3.5971389004460876e6	3.5971277532817763e6	3.5971230470988546e6	3.5971399140547416e6	3.597089650619166e6	3.5971400977834663e6	3.597135375049489e6	3.597141649584061e6	3.5971389004460876e6	3.5971395977893244e6	3.5971275348224454e6	3.597121319298726e6	3.597138899204924e6	3.5970888474114826e6	3.59713911790484e6	3.5971345647973334e6	3.5971410158625087e6	3.5971277532817763e6	3.5971275348224454e6	3.597171563091582e6	3.597098845016829e6	3.5971277464144332e6	3.597100216854872e6	3.5971287739382056e6	3.5971449244106323e6	3.5971271236617737e6	3.5971230470988546e6	3.597121319298726e6	3.597098845016829e6	3.597152130252361e6	3.59712305443537e6	3.597082737640463e6	3.5971244335819855e6	3.597121687724895e6	3.5971302086405307e6	3.5971399140547416e6	3.597138899204924e6	3.5971277464144332e6	3.59712305443537e6	3.5971399304228695e6	3.5970896399744074e6	3.597140097288142e6	3.597135372361647e6	3.5971416478153043e6	3.597089650619166e6	3.5970888474114826e6	3.597100216854872e6	3.597082737640463e6	3.5970896399744074e6	3.5971214875919283e6	3.597091254648224e6	3.597094007865426e6	3.597093813144964e6	3.5971400977834663e6	3.59713911790484e6	3.5971287739382056e6	3.5971244335819855e6	3.597140097288142e6	3.597091254648224e6	3.59714154666812e6	3.59713678041541e6	3.597141606618275e6	3.597135375049489e6	3.5971345647973334e6	3.5971449244106323e6	3.597121687724895e6	3.597135372361647e6	3.597094007865426e6	3.59713678041541e6	3.5971465750640305e6	3.597137306946629e6	3.597141649584061e6	3.5971410158625087e6	3.5971271236617737e6	3.5971302086405307e6	3.5971416478153043e6	3.597093813144964e6	3.597141606618275e6	3.597137306946629e6	3.5971485403082576e6
3.597140691762347e6	3.5971394772787676e6	3.597129143668845e6	3.597123303343678e6	3.597140686429485e6	3.5970904384272173e6	3.597141190327241e6	3.597136413050223e6	3.5971415709875063e6	3.5971394772787676e6	3.597140206908422e6	3.5971289608254707e6	3.5971211408194737e6	3.5971394751395024e6	3.5970894457511725e6	3.5971400947557227e6	3.597135488606545e6	3.5971405875397795e6	3.597129143668845e6	3.5971289608254707e6	3.597173168336329e6	3.5971022138655963e6	3.597129135101415e6	3.597103148314737e6	3.597131549593991e6	3.597147585973371e6	3.5971286907456955e6	3.597123303343678e6	3.5971211408194737e6	3.5971022138655963e6	3.597151151508768e6	3.597123314615917e6	3.5970840374066103e6	3.5971269325237023e6	3.597123994234318e6	3.5971269140754705e6	3.597140686429485e6	3.5971394751395024e6	3.597129135101415e6	3.597123314615917e6	3.5971407092054496e6	3.5970904251240734e6	3.5971411911274916e6	3.5971364106193017e6	3.5971415682842582e6	3.5970904384272173e6	3.5970894457511725e6	3.597103148314737e6	3.5970840374066103e6	3.5970904251240734e6	3.597124004432489e6	3.5970944422687385e6	3.5970969484713445e6	3.5970924476292264e6	3.597141190327241e6	3.5971400947557227e6	3.597131549593991e6	3.5971269325237023e6	3.5971411911274916e6	3.5970944422687385e6	3.5971446948737553e6	3.597139856894548e6	3.5971417879594243e6	3.597136413050223e6	3.597135488606545e6	3.597147585973371e6	3.597123994234318e6	3.5971364106193017e6	3.5970969484713445e6	3.597139856894548e6	3.5971495907336716e6	3.5971372546962798e6	3.5971415709875063e6	3.5971405875397795e6	3.5971286907456955e6	3.5971269140754705e6	3.5971415682842582e6	3.5970924476292264e6	3.5971417879594243e6	3.5971372546962798e6	3.5971452444591825e6
3.597115335171669e6	3.5971153033682886e6	3.5971216032626866e6	3.597103410222302e6	3.5971109448906058e6	3.5971150129867005e6	3.597120762729451e6	3.597120649591714e6	3.5971153447596817e6	3.5971153033682886e6	3.5971153284960296e6	3.597121608789411e6	3.5971033678896474e6	3.597110932206164e6	3.597114984207898e6	3.597120749177298e6	3.5971206390175195e6	3.5971153159462567e6	3.5971216032626866e6	3.597121608789411e6	3.5971813537631873e6	3.5970984324677875e6	3.5971165866594114e6	3.5971214969717455e6	3.5971285603314354e6	3.597149589083419e6	3.597121594441151e6	3.597103410222302e6	3.5971033678896474e6	3.5970984324677875e6	3.5971527709516683e6	3.597118407466543e6	3.5971031855941284e6	3.597124241902976e6	3.5971212531216503e6	3.597103442798733e6	3.5971109448906058e6	3.597110932206164e6	3.5971165866594114e6	3.597118407466543e6	3.597131086454467e6	3.5971106029014336e6	3.5971262104632943e6	3.597122775400063e6	3.597110954911171e6	3.5971150129867005e6	3.597114984207898e6	3.5971214969717455e6	3.5971031855941284e6	3.5971106029014336e6	3.597115301753739e6	3.5971205005048467e6	3.5971204477414144e6	3.5971150255325376e6	3.597120762729451e6	3.597120749177298e6	3.5971285603314354e6	3.597124241902976e6	3.5971262104632943e6	3.5971205005048467e6	3.5971372031457885e6	3.597134939705692e6	3.5971207654220155e6	3.597120649591714e6	3.5971206390175195e6	3.597149589083419e6	3.5971212531216503e6	3.597122775400063e6	3.5971204477414144e6	3.597134939705692e6	3.597148076786013e6	3.5971206538075106e6	3.5971153447596817e6	3.5971153159462567e6	3.597121594441151e6	3.597103442798733e6	3.597110954911171e6	3.5971150255325376e6	3.5971207654220155e6	3.5971206538075106e6	3.597115382842526e6
3.5971148512997683e6	3.5971148447658205e6	3.597122014696808e6	3.597104511566864e6	3.5971109358820245e6	3.597114232464709e6	3.597121754402341e6	3.5971216528139436e6	3.5971148517957665e6	3.5971148447658205e6	3.597114851331743e6	3.597122015239711e6	3.5971045164353466e6	3.5971109397052024e6	3.597114233358735e6	3.597121755625109e6	3.5971216548371376e6	3.5971148526843814e6	3.597122014696808e6	3.597122015239711e6	3.597188778248381e6	3.5970999783104314e6	3.597117835480982e6	3.597121884671906e6	3.597131184257326e6	3.5971544456733493e6	3.597122007897976e6	3.597104511566864e6	3.5971045164353466e6	3.5970999783104314e6	3.5971781266962355e6	3.5971414651350747e6	3.5971041401858507e6	3.597140788638573e6	3.5971336591498116e6	3.59710452733218e6	3.5971109358820245e6	3.5971109397052024e6	3.597117835480982e6	3.5971414651350747e6	3.5971532222047406e6	3.5971103152860655e6	3.5971405440050345e6	3.5971335829888396e6	3.597110938551438e6	3.597114232464709e6	3.597114233358735e6	3.597121884671906e6	3.5971041401858507e6	3.5971103152860655e6	3.597114843383778e6	3.5971213024268053e6	3.597121331947908e6	3.5971142403499396e6	3.597121754402341e6	3.597121755625109e6	3.597131184257326e6	3.597140788638573e6	3.5971405440050345e6	3.5971213024268053e6	3.5971484991725273e6	3.5971440786374826e6	3.597121752880626e6	3.5971216528139436e6	3.5971216548371376e6	3.5971544456733493e6	3.5971336591498116e6	3.5971335829888396e6	3.597121331947908e6	3.5971440786374826e6	3.59715652384445e6	3.5971216527634715e6	3.5971148517957665e6	3.5971148526843814e6	3.597122007897976e6	3.59710452733218e6	3.597110938551438e6	3.5971142403499396e6	3.597121752880626e6	3.5971216527634715e6	3.5971148711510613e6
3.597113175610189e6	3.5971131690325094e6	3.597115814771425e6	3.5970975569602842e6	3.597105145520679e6	3.597112676003332e6	3.5971155515190065e6	3.597114666201992e6	3.597113245516531e6	3.5971131690325094e6	3.597113173925123e6	3.597115813324214e6	3.597097554119763e6	3.597105145000594e6	3.597112673290193e6	3.5971155495082987e6	3.5971146643009307e6	3.597113242816566e6	3.597115814771425e6	3.597115813324214e6	3.597143573667764e6	3.5970925285096467e6	3.5971064477434563e6	3.5971154607948516e6	3.597117841133577e6	3.5971261406719694e6	3.5971158394551873e6	3.5970975569602842e6	3.597097554119763e6	3.5970925285096467e6	3.5971310453916835e6	3.597104253731879e6	3.5970971570818517e6	3.5971080399958785e6	3.597106501214399e6	3.597097743136762e6	3.597105145520679e6	3.597105145000594e6	3.5971064477434563e6	3.597104253731879e6	3.597121690670383e6	3.5971045666572764e6	3.597113573681665e6	3.597109529538031e6	3.597105225465414e6	3.597112676003332e6	3.597112673290193e6	3.5971154607948516e6	3.5970971570818517e6	3.5971045666572764e6	3.5971130615023025e6	3.5971150881433957e6	3.5971142291433373e6	3.597112750342187e6	3.5971155515190065e6	3.5971155495082987e6	3.597117841133577e6	3.5971080399958785e6	3.597113573681665e6	3.5971150881433957e6	3.597123693256782e6	3.597120732156735e6	3.5971156012172983e6	3.597114666201992e6	3.5971146643009307e6	3.5971261406719694e6	3.597106501214399e6	3.597109529538031e6	3.5971142291433373e6	3.597120732156735e6	3.597127472854861e6	3.597114737928446e6	3.597113245516531e6	3.597113242816566e6	3.5971158394551873e6	3.597097743136762e6	3.597105225465414e6	3.597112750342187e6	3.5971156012172983e6	3.597114737928446e6	3.597113448072025e6
