3.597122102260775e6	3.5971041099113845e6	3.597115553067852e6	3.597121525156071e6	3.5971108041148763e6	3.5971220957227205e6	3.5971221033278606e6	3.5971219828030616e6	3.5971219458103813e6	3.5971041099113845e6	3.5971211634445763e6	3.597102564470458e6	3.597103260389529e6	3.59709979611497e6	3.597104109125206e6	3.597104131869879e6	3.597104985208783e6	3.597120362376277e6	3.597115553067852e6	3.597102564470458e6	3.597136704597141e6	3.5971138874813905e6	3.5971064646649156e6	3.5971155533858216e6	3.5971155614214246e6	3.597122042848356e6	3.597115588334586e6	3.597121525156071e6	3.597103260389529e6	3.5971138874813905e6	3.597123781532348e6	3.5971107203782825e6	3.597121524694798e6	3.597121533923208e6	3.5971214173562853e6	3.5971218452063245e6	3.5971108041148763e6	3.59709979611497e6	3.5971064646649156e6	3.5971107203782825e6	3.597119650899845e6	3.597110803367463e6	3.5971108419603296e6	3.597110299838157e6	3.5971144210452125e6	3.5971220957227205e6	3.597104109125206e6	3.5971155533858216e6	3.597121524694798e6	3.597110803367463e6	3.5971221002277373e6	3.597122102784067e6	3.597121982542217e6	3.597121941156122e6	3.5971221033278606e6	3.597104131869879e6	3.5971155614214246e6	3.597121533923208e6	3.5971108419603296e6	3.597122102784067e6	3.5971221400696e6	3.5971219980096025e6	3.5971219406337547e6	3.5971219828030616e6	3.597104985208783e6	3.597122042848356e6	3.5971214173562853e6	3.597110299838157e6	3.597121982542217e6	3.5971219980096025e6	3.597126618127659e6	3.5971222629149966e6	3.5971219458103813e6	3.597120362376277e6	3.597115588334586e6	3.5971218452063245e6	3.5971144210452125e6	3.597121941156122e6	3.5971219406337547e6	3.5971222629149966e6	3.597136656416774e6
3.5971238785082633e6	3.5971017122140434e6	3.597113500983452e6	3.597102485299848e6	3.5970981940966137e6	3.5971238002008884e6	3.597112778306135e6	3.597113471912612e6	3.597123800936008e6	3.5971017122140434e6	3.5971507611528193e6	3.597152617652386e6	3.5971508760522697e6	3.5971730091821235e6	3.597101774596354e6	3.5971723371547326e6	3.5971662835803763e6	3.597101783937286e6	3.597113500983452e6	3.597152617652386e6	3.5972178817776046e6	3.5971448674174575e6	3.5971743035246055e6	3.5971134860567567e6	3.5971779060167996e6	3.5971964781652438e6	3.5971134786708495e6	3.597102485299848e6	3.5971508760522697e6	3.5971448674174575e6	3.5972836745108003e6	3.5972513973424262e6	3.5971025350938593e6	3.597234046177347e6	3.5972142986013624e6	3.597102535503468e6	3.5970981940966137e6	3.5971730091821235e6	3.5971743035246055e6	3.5972513973424262e6	3.597280091538468e6	3.597098208919646e6	3.5972462393233813e6	3.597225752115788e6	3.597098205165238e6	3.5971238002008884e6	3.597101774596354e6	3.5971134860567567e6	3.5971025350938593e6	3.597098208919646e6	3.5971238307498177e6	3.5971127649979526e6	3.597113473382685e6	3.5971238282983177e6	3.597112778306135e6	3.5971723371547326e6	3.5971779060167996e6	3.597234046177347e6	3.5972462393233813e6	3.5971127649979526e6	3.5972369656287e6	3.5972212142697256e6	3.5971127575620664e6	3.597113471912612e6	3.5971662835803763e6	3.5971964781652438e6	3.5972142986013624e6	3.597225752115788e6	3.597113473382685e6	3.5972212142697256e6	3.597224296876168e6	3.597113467440891e6	3.597123800936008e6	3.597101783937286e6	3.5971134786708495e6	3.597102535503468e6	3.597098205165238e6	3.5971238282983177e6	3.5971127575620664e6	3.597113467440891e6	3.5971238433152405e6
3.5971184422010053e6	3.5971114014803483e6	3.597119217311258e6	3.5971045803887923e6	3.5971071421197625e6	3.597118430006016e6	3.5971185573138054e6	3.597118948319691e6	3.5971195860892506e6	3.5971114014803483e6	3.597116304830038e6	3.5971186752946842e6	3.597092268121371e6	3.597101456547229e6	3.597111409222808e6	3.5971117556244256e6	3.597113587481467e6	3.5971149254104793e6	3.597119217311258e6	3.5971186752946842e6	3.5971861994519355e6	3.5970824525213316e6	3.597105121828624e6	3.597119218964254e6	3.5971196270580753e6	3.5971445791437686e6	3.597117803217311e6	3.5971045803887923e6	3.597092268121371e6	3.5970824525213316e6	3.597142491558207e6	3.597102517884112e6	3.5971045952580795e6	3.597105743748327e6	3.597104112518008e6	3.597110316152281e6	3.5971071421197625e6	3.597101456547229e6	3.597105121828624e6	3.597102517884112e6	3.5971167510442464e6	3.597107150782822e6	3.597108221197381e6	3.597106695275973e6	3.597109696735892e6	3.597118430006016e6	3.597111409222808e6	3.597119218964254e6	3.5971045952580795e6	3.597107150782822e6	3.5971184380993694e6	3.597118562374549e6	3.5971189546134e6	3.597119586506088e6	3.5971185573138054e6	3.5971117556244256e6	3.5971196270580753e6	3.597105743748327e6	3.597108221197381e6	3.597118562374549e6	3.597119553147834e6	3.597119772124183e6	3.597119640198811e6	3.597118948319691e6	3.597113587481467e6	3.5971445791437686e6	3.597104112518008e6	3.597106695275973e6	3.5971189546134e6	3.597119772124183e6	3.5971358189868336e6	3.5971200418615933e6	3.5971195860892506e6	3.5971149254104793e6	3.597117803217311e6	3.597110316152281e6	3.597109696735892e6	3.597119586506088e6	3.597119640198811e6	3.5971200418615933e6	3.597125817855498e6
3.597110671301935e6	3.5971104291555607e6	3.597111411275638e6	3.5970982190960795e6	3.5971070769040687e6	3.5971106641026298e6	3.597110689957225e6	3.5971106412551566e6	3.5971147083484083e6	3.5971104291555607e6	3.5971106412179703e6	3.5971112486674297e6	3.5970978535842835e6	3.597106865405148e6	3.597110431826586e6	3.597110457904706e6	3.5971104097779933e6	3.5971145986232236e6	3.597111411275638e6	3.5971112486674297e6	3.5971316138612325e6	3.5970921350292414e6	3.597107411534582e6	3.5971114135058587e6	3.5971114414442275e6	3.597118222147779e6	3.597113880399309e6	3.5970982190960795e6	3.5970978535842835e6	3.5970921350292414e6	3.597128584255293e6	3.59709747765203e6	3.5970982261391683e6	3.5970982882299125e6	3.5971024275500835e6	3.5971082236135527e6	3.5971070769040687e6	3.597106865405148e6	3.597107411534582e6	3.59709747765203e6	3.597110301653874e6	3.5971070799873406e6	3.5971071199487965e6	3.5971067989639556e6	3.597111621820119e6	3.5971106641026298e6	3.597110431826586e6	3.5971114135058587e6	3.5970982261391683e6	3.5971070799873406e6	3.5971106704613287e6	3.597110692586032e6	3.597110644971744e6	3.597114706957262e6	3.597110689957225e6	3.597110457904706e6	3.5971114414442275e6	3.5970982882299125e6	3.5971071199487965e6	3.597110692586032e6	3.5971107560472414e6	3.5971106962408978e6	3.5971147242494496e6	3.5971106412551566e6	3.5971104097779933e6	3.597118222147779e6	3.5971024275500835e6	3.5971067989639556e6	3.597110644971744e6	3.5971106962408978e6	3.5971192660145755e6	3.5971155400147308e6	3.5971147083484083e6	3.5971145986232236e6	3.597113880399309e6	3.5971082236135527e6	3.597111621820119e6	3.597114706957262e6	3.5971147242494496e6	3.5971155400147308e6	3.5971244958685925e6
3.5971095371209383e6	3.59710951406018e6	3.5971103801809424e6	3.5970972002097224e6	3.597107758138272e6	3.5971095207896717e6	3.5971122653723727e6	3.5971105855460037e6	3.597110043648056e6	3.59710951406018e6	3.5971095538703566e6	3.5971104040365117e6	3.597097252424986e6	3.5971077867797045e6	3.5971095472236197e6	3.5971122881511287e6	3.597110618333948e6	3.597110067694164e6	3.5971103801809424e6	3.5971104040365117e6	3.5971202829477265e6	3.5970959857294653e6	3.5971085848436547e6	3.59711040953527e6	3.5971132794316704e6	3.597115168431921e6	3.5971108283551806e6	3.5970972002097224e6	3.597097252424986e6	3.5970959857294653e6	3.597125968230742e6	3.5970978749237717e6	3.5970972658038745e6	3.597103831265386e6	3.597106283910774e6	3.5970984810849647e6	3.597107758138272e6	3.5971077867797045e6	3.5971085848436547e6	3.5970978749237717e6	3.5971104466740214e6	3.5971077929795873e6	3.5971113148143725e6	3.5971092870673463e6	3.5971083308325442e6	3.5971095207896717e6	3.5971095472236197e6	3.59711040953527e6	3.5970972658038745e6	3.5971077929795873e6	3.5971095572433183e6	3.59711229404623e6	3.597110625612887e6	3.5971100739027187e6	3.5971122653723727e6	3.5971122881511287e6	3.5971132794316704e6	3.597103831265386e6	3.5971113148143725e6	3.59711229404623e6	3.597118286005588e6	3.5971159024470216e6	3.597112711240451e6	3.5971105855460037e6	3.597110618333948e6	3.597115168431921e6	3.597106283910774e6	3.5971092870673463e6	3.597110625612887e6	3.5971159024470216e6	3.597121487052143e6	3.5971112486901567e6	3.597110043648056e6	3.597110067694164e6	3.5971108283551806e6	3.5970984810849647e6	3.5971083308325442e6	3.5971100739027187e6	3.597112711240451e6	3.5971112486901567e6	3.5971114057007954e6
3.5971153462407934e6	3.5971135023658387e6	3.5971148765092213e6	3.5971070175438724e6	3.597113258782401e6	3.5971135068098875e6	3.5971223800124633e6	3.597118917713098e6	3.59711398459382e6	3.5971135023658387e6	3.5971157148569943e6	3.597116665247008e6	3.597110910052608e6	3.5971154336422253e6	3.5971157073700493e6	3.597123440735689e6	3.5971210494647985e6	3.5971159530180437e6	3.5971148765092213e6	3.597116665247008e6	3.5971281928069824e6	3.597109385118169e6	3.597116382939285e6	3.5971166676557e6	3.5971248809284735e6	3.5971263899479746e6	3.597116797290216e6	3.5971070175438724e6	3.597110910052608e6	3.597109385118169e6	3.5971547247008765e6	3.597113161552079e6	3.5971109174155295e6	3.597128627827087e6	3.5971289081169795e6	3.5971115686068097e6	3.597113258782401e6	3.5971154336422253e6	3.597116382939285e6	3.597113161552079e6	3.597118078700331e6	3.597115436685208e6	3.597124604084475e6	3.597121750000231e6	3.5971156614797986e6	3.5971135068098875e6	3.5971157073700493e6	3.5971166676557e6	3.5971109174155295e6	3.597115436685208e6	3.597115714130056e6	3.5971234426598833e6	3.5971210524564083e6	3.597115956164765e6	3.5971223800124633e6	3.597123440735689e6	3.5971248809284735e6	3.597128627827087e6	3.597124604084475e6	3.5971234426598833e6	3.5971408072250816e6	3.597135925009643e6	3.597123415907598e6	3.597118917713098e6	3.5971210494647985e6	3.5971263899479746e6	3.5971289081169795e6	3.597121750000231e6	3.5971210524564083e6	3.597135925009643e6	3.5971396818531137e6	3.5971212316676565e6	3.59711398459382e6	3.5971159530180437e6	3.597116797290216e6	3.5971115686068097e6	3.5971156614797986e6	3.597115956164765e6	3.597123415907598e6	3.5971212316676565e6	3.5971171083359183e6
3.5971147864789274e6	3.5971136841918565e6	3.5971138556814543e6	3.597113012924569e6	3.5971149688485367e6	3.5971137721817754e6	3.5971246430671946e6	3.5971193081093812e6	3.5971137874431815e6	3.5971136841918565e6	3.597115011088807e6	3.597114752542393e6	3.5971142378738867e6	3.5971156205186816e6	3.5971149311733143e6	3.597124713245199e6	3.597120139512301e6	3.5971149425241477e6	3.5971138556814543e6	3.597114752542393e6	3.5971310124607217e6	3.59711327159404e6	3.5971159074281356e6	3.597114807189721e6	3.5971249066940406e6	3.597125700331413e6	3.5971148132340754e6	3.597113012924569e6	3.5971142378738867e6	3.59711327159404e6	3.597119721022281e6	3.597117217101507e6	3.597114318931992e6	3.5971259779555867e6	3.5971207526579727e6	3.597114330845326e6	3.5971149688485367e6	3.5971156205186816e6	3.5971159074281356e6	3.597117217101507e6	3.597136649344484e6	3.5971156312321126e6	3.597132940108271e6	3.597123295874501e6	3.5971156310700886e6	3.5971137721817754e6	3.5971149311733143e6	3.597114807189721e6	3.597114318931992e6	3.5971156312321126e6	3.5971150149266026e6	3.597124727142233e6	3.5971201903199037e6	3.597115023335094e6	3.5971246430671946e6	3.597124713245199e6	3.5971249066940406e6	3.5971259779555867e6	3.597132940108271e6	3.597124727142233e6	3.5971448052971256e6	3.597134490428353e6	3.597124720433626e6	3.5971193081093812e6	3.597120139512301e6	3.597125700331413e6	3.5971207526579727e6	3.597123295874501e6	3.5971201903199037e6	3.597134490428353e6	3.597133710270174e6	3.597120194704189e6	3.5971137874431815e6	3.5971149425241477e6	3.5971148132340754e6	3.597114330845326e6	3.5971156310700886e6	3.597115023335094e6	3.597124720433626e6	3.597120194704189e6	3.5971150645468826e6
3.5971096264392543e6	3.597108594301882e6	3.597108527475535e6	3.5971086032285998e6	3.597108518840328e6	3.597108606557946e6	3.5971162965368363e6	3.5971092660452733e6	3.5971086159980157e6	3.597108594301882e6	3.5971106848560357e6	3.597110593505334e6	3.5971106709510786e6	3.5971098204790363e6	3.5971106738355737e6	3.597116989940051e6	3.597111291274121e6	3.597110681140274e6	3.597108527475535e6	3.597110593505334e6	3.597110796462409e6	3.5971106011817697e6	3.597109729440307e6	3.5971106041797195e6	3.597116867655945e6	3.597111232985381e6	3.5971106114623565e6	3.5971086032285998e6	3.5971106709510786e6	3.5971106011817697e6	3.597110695727942e6	3.597109824867232e6	3.5971106816352913e6	3.5971169935925514e6	3.5971112992611597e6	3.5971106889328156e6	3.597108518840328e6	3.5971098204790363e6	3.597109729440307e6	3.597109824867232e6	3.597130294206729e6	3.597109821287596e6	3.5971225468227756e6	3.5971106562776174e6	3.5971098253227463e6	3.597108606557946e6	3.5971106738355737e6	3.5971106041797195e6	3.5971106816352913e6	3.597109821287596e6	3.597110689667438e6	3.5971169936591024e6	3.597111301630819e6	3.597110691814994e6	3.5971162965368363e6	3.597116989940051e6	3.597116867655945e6	3.5971169935925514e6	3.5971225468227756e6	3.5971169936591024e6	3.5971308318451596e6	3.597118070018068e6	3.5971169958293578e6	3.5971092660452733e6	3.597111291274121e6	3.597111232985381e6	3.5971112992611597e6	3.5971106562776174e6	3.597111301630819e6	3.597118070018068e6	3.597112620523423e6	3.5971113087342842e6	3.5971086159980157e6	3.597110681140274e6	3.5971106114623565e6	3.5971106889328156e6	3.5971098253227463e6	3.597110691814994e6	3.5971169958293578e6	3.5971113087342842e6	3.5971107096653543e6
3.597114389484593e6	3.5971129600270297e6	3.597113763387499e6	3.5971056216254705e6	3.597110264861421e6	3.5971137738525383e6	3.5971202899663392e6	3.597115351005621e6	3.5971137821711004e6	3.5971129600270297e6	3.59711430379983e6	3.5971137435782375e6	3.597105873789411e6	3.5971106945144474e6	3.5971137543560634e6	3.597120231353017e6	3.597115374270815e6	3.5971137621376743e6	3.597113763387499e6	3.5971137435782375e6	3.597114719187039e6	3.5971064545338852e6	3.5971105855881977e6	3.597114520150799e6	3.5971203448926937e6	3.5971160605787407e6	3.597114527254896e6	3.5971056216254705e6	3.597105873789411e6	3.5971064545338852e6	3.5971317197733014e6	3.597118875488267e6	3.597106585514498e6	3.597121951746386e6	3.597112212449829e6	3.5971065942673995e6	3.597110264861421e6	3.5971106945144474e6	3.5971105855881977e6	3.597118875488267e6	3.5971423081740183e6	3.597110657539395e6	3.5971302618071903e6	3.597115369610839e6	3.5971106583442925e6	3.5971137738525383e6	3.5971137543560634e6	3.597114520150799e6	3.597106585514498e6	3.597110657539395e6	3.597114535417615e6	3.5971204104692233e6	3.5971160526001984e6	3.5971145394586166e6	3.5971202899663392e6	3.597120231353017e6	3.5971203448926937e6	3.597121951746386e6	3.5971302618071903e6	3.5971204104692233e6	3.5971383067433606e6	3.597125067543992e6	3.5971204091927907e6	3.597115351005621e6	3.597115374270815e6	3.5971160605787407e6	3.597112212449829e6	3.597115369610839e6	3.5971160526001984e6	3.597125067543992e6	3.597120843813269e6	3.597116058662912e6	3.5971137821711004e6	3.5971137621376743e6	3.597114527254896e6	3.5971065942673995e6	3.5971106583442925e6	3.5971145394586166e6	3.5971204091927907e6	3.597116058662912e6	3.597114561146328e6
3.5971142454596506e6	3.5971141233030334e6	3.5971141868364806e6	3.5971010521683805e6	3.5971082195482086e6	3.5971141796662775e6	3.5971187358053587e6	3.597114928032935e6	3.597114190438122e6	3.5971141233030334e6	3.5971142451275415e6	3.5971142171083307e6	3.597101126193463e6	3.597108273364725e6	3.5971142100845166e6	3.59711874321293e6	3.5971149611170674e6	3.5971142207390266e6	3.5971141868364806e6	3.5971142171083307e6	3.597114464252879e6	3.5971010493702674e6	3.5971082284427937e6	3.597114273040643e6	3.5971187202400984e6	3.5971150321908086e6	3.5971142835848443e6	3.5971010521683805e6	3.597101126193463e6	3.5971010493702674e6	3.5971331509085284e6	3.5971143267085543e6	3.597101187908046e6	3.597116380706528e6	3.5971064975762693e6	3.597101204877044e6	3.5971082195482086e6	3.597108273364725e6	3.5971082284427937e6	3.5971143267085543e6	3.597134920239466e6	3.5971082848689617e6	3.5971243438735125e6	3.5971116980466726e6	3.597108289766831e6	3.5971141796662775e6	3.5971142100845166e6	3.597114273040643e6	3.597101187908046e6	3.5971082848689617e6	3.597114269221603e6	3.5971187659401814e6	3.5971150131428386e6	3.597114276718669e6	3.5971187358053587e6	3.59711874321293e6	3.5971187202400984e6	3.597116380706528e6	3.5971243438735125e6	3.5971187659401814e6	3.597133233786584e6	3.597122029518169e6	3.597118767101707e6	3.597114928032935e6	3.5971149611170674e6	3.5971150321908086e6	3.5971064975762693e6	3.5971116980466726e6	3.5971150131428386e6	3.597122029518169e6	3.597118579212591e6	3.5971150230940757e6	3.597114190438122e6	3.5971142207390266e6	3.5971142835848443e6	3.597101204877044e6	3.597108289766831e6	3.597114276718669e6	3.597118767101707e6	3.5971150230940757e6	3.5971143064765935e6
3.5971114556501172e6	3.5971113363004304e6	3.5971113820052696e6	3.5970990743536474e6	3.597107494775865e6	3.5971113680534265e6	3.5971160327155096e6	3.597112175333626e6	3.597111377386978e6	3.5971113363004304e6	3.5971114900627956e6	3.597111481305554e6	3.5970992531398805e6	3.597107600673006e6	3.597111468174604e6	3.5971160822070506e6	3.597112278891641e6	3.5971114773210143e6	3.5971113820052696e6	3.597111481305554e6	3.597111936053858e6	3.5970990451666787e6	3.597107570860352e6	3.597111512527015e6	3.5971160384643045e6	3.597112362582992e6	3.5971115215429664e6	3.5970990743536474e6	3.5970992531398805e6	3.5970990451666787e6	3.597126265491101e6	3.597104860441072e6	3.5970992976253447e6	3.5971104167767884e6	3.59710394118962e6	3.5970993138092165e6	3.597107494775865e6	3.597107600673006e6	3.597107570860352e6	3.597104860441072e6	3.5971204850963224e6	3.597107620033874e6	3.597117454177694e6	3.5971096993546905e6	3.597107627653392e6	3.5971113680534265e6	3.597111468174604e6	3.597111512527015e6	3.5970992976253447e6	3.597107620033874e6	3.5971115028914707e6	3.5971161010954026e6	3.5971123095721295e6	3.59711150873839e6	3.5971160327155096e6	3.5971160822070506e6	3.5971160384643045e6	3.5971104167767884e6	3.597117454177694e6	3.5971161010954026e6	3.5971275311282943e6	3.597118802141347e6	3.597116104655581e6	3.597112175333626e6	3.597112278891641e6	3.597112362582992e6	3.59710394118962e6	3.5971096993546905e6	3.5971123095721295e6	3.597118802141347e6	3.5971160046219863e6	3.597112318622765e6	3.597111377386978e6	3.5971114773210143e6	3.5971115215429664e6	3.5970993138092165e6	3.597107627653392e6	3.59711150873839e6	3.597116104655581e6	3.597112318622765e6	3.5971115328152203e6
3.5971801119217626e6	3.597092448376801e6	3.5970809852569452e6	3.5970806108962307e6	3.597080690569044e6	3.597081199313181e6	3.59708120566929e6	3.5970811370359366e6	3.597175557016977e6	3.597092448376801e6	3.5971191950112246e6	3.597108961192379e6	3.5971097049970897e6	3.5971104588923547e6	3.5971105933248047e6	3.597110601191552e6	3.597110669624682e6	3.597110061717336e6	3.5970809852569452e6	3.597108961192379e6	3.597127211128092e6	3.5971205218071784e6	3.597121791390579e6	3.5971219775196593e6	3.5971219849083703e6	3.5971221771939327e6	3.5970905417814017e6	3.5970806108962307e6	3.5971097049970897e6	3.5971205218071784e6	3.5971268803955745e6	3.5971235566784386e6	3.5971237389110406e6	3.597123747545239e6	3.597123841730605e6	3.5970919622568497e6	3.597080690569044e6	3.5971104588923547e6	3.597121791390579e6	3.5971235566784386e6	3.597124755434561e6	3.5971243012363734e6	3.5971243102024803e6	3.597124387509234e6	3.597091441631647e6	3.597081199313181e6	3.5971105933248047e6	3.5971219775196593e6	3.5971237389110406e6	3.5971243012363734e6	3.5971245233507943e6	3.5971245218327874e6	3.5971246003116937e6	3.597091821276906e6	3.59708120566929e6	3.597110601191552e6	3.5971219849083703e6	3.597123747545239e6	3.5971243102024803e6	3.5971245218327874e6	3.597124534009291e6	3.597124609162027e6	3.5970918249010555e6	3.5970811370359366e6	3.597110669624682e6	3.5971221771939327e6	3.597123841730605e6	3.597124387509234e6	3.5971246003116937e6	3.597124609162027e6	3.5971248861528533e6	3.5970918051248e6	3.597175557016977e6	3.597110061717336e6	3.5970905417814017e6	3.5970919622568497e6	3.597091441631647e6	3.597091821276906e6	3.5970918249010555e6	3.5970918051248e6	3.5971858728531785e6
3.5971496706486596e6	3.5971051938095493e6	3.5971072885102676e6	3.597099411049865e6	3.597102018294911e6	3.597105633546926e6	3.5971134652717193e6	3.597109715544179e6	3.597142263762694e6	3.5971051938095493e6	3.597125477861329e6	3.5971222405464905e6	3.597115837591412e6	3.5971190168687943e6	3.5971173453311296e6	3.597127008559097e6	3.597126727788319e6	3.597115657780041e6	3.5971072885102676e6	3.5971222405464905e6	3.5971685114934323e6	3.5971142980246954e6	3.597126815458435e6	3.597125177119636e6	3.597139090366203e6	3.5971518494432517e6	3.597107100668367e6	3.597099411049865e6	3.597115837591412e6	3.5971142980246954e6	3.5971864653866924e6	3.5971374925984642e6	3.5971216712413034e6	3.5971471035740185e6	3.5971456528352946e6	3.5971112435872415e6	3.597102018294911e6	3.5971190168687943e6	3.597126815458435e6	3.5971374925984642e6	3.5971412865556534e6	3.5971226598373493e6	3.597142446592321e6	3.5971388831166755e6	3.597106641625265e6	3.597105633546926e6	3.5971173453311296e6	3.597125177119636e6	3.5971216712413034e6	3.5971226598373493e6	3.5971236562763974e6	3.5971307974409373e6	3.597130456885397e6	3.5971114021954676e6	3.5971134652717193e6	3.597127008559097e6	3.597139090366203e6	3.5971471035740185e6	3.597142446592321e6	3.5971307974409373e6	3.597158841491776e6	3.59715395352916e6	3.5971125555847883e6	3.597109715544179e6	3.597126727788319e6	3.5971518494432517e6	3.5971456528352946e6	3.5971388831166755e6	3.597130456885397e6	3.59715395352916e6	3.597162613023309e6	3.5971121350755105e6	3.597142263762694e6	3.597115657780041e6	3.597107100668367e6	3.5971112435872415e6	3.597106641625265e6	3.5971114021954676e6	3.5971125555847883e6	3.5971121350755105e6	3.59715334290456e6
3.5971103649612307e6	3.5971067126176576e6	3.597105784394098e6	3.597106031718548e6	3.5971065537739014e6	3.5971067301109345e6	3.5971067373846453e6	3.597107255021445e6	3.597117889805573e6	3.5971067126176576e6	3.597108556152814e6	3.59710752822396e6	3.5971078465302894e6	3.597108354872395e6	3.5971085187786245e6	3.5971085259340764e6	3.5971091489574094e6	3.597115769987482e6	3.597105784394098e6	3.59710752822396e6	3.5971130878171213e6	3.597106527845541e6	3.597107389952402e6	3.597107545809759e6	3.5971075523445997e6	3.5971093804421425e6	3.5971141811145493e6	3.597106031718548e6	3.5971078465302894e6	3.597106527845541e6	3.597110389866535e6	3.597107717435799e6	3.597107866088973e6	3.597107873238863e6	3.597108692108085e6	3.5971156889593885e6	3.5971065537739014e6	3.597108354872395e6	3.597107389952402e6	3.597107717435799e6	3.5971086364801596e6	3.5971083734784317e6	3.5971083807475315e6	3.597108989775351e6	3.59711560244642e6	3.5971067301109345e6	3.5971085187786245e6	3.597107545809759e6	3.597107866088973e6	3.5971083734784317e6	3.5971085449854564e6	3.5971085448138043e6	3.597109167333581e6	3.597115760761211e6	3.5971067373846453e6	3.5971085259340764e6	3.5971075523445997e6	3.597107873238863e6	3.5971083807475315e6	3.5971085448138043e6	3.5971085561046246e6	3.5971091754534836e6	3.597115765302105e6	3.597107255021445e6	3.5971091489574094e6	3.5971093804421425e6	3.597108692108085e6	3.597108989775351e6	3.597109167333581e6	3.5971091754534836e6	3.597112427215014e6	3.5971166188093093e6	3.597117889805573e6	3.597115769987482e6	3.5971141811145493e6	3.5971156889593885e6	3.59711560244642e6	3.597115760761211e6	3.597115765302105e6	3.5971166188093093e6	3.59713314500619e6
3.597112937134195e6	3.597106659561751e6	3.5971049477890935e6	3.59710634493069e6	3.597106677293768e6	3.5971066793636004e6	3.5971066883025416e6	3.5971069136405e6	3.597119967147662e6	3.597106659561751e6	3.5971097323617046e6	3.59710778924073e6	3.5971093718834175e6	3.5971096856453465e6	3.5971096866767923e6	3.597109695428742e6	3.597110025692066e6	3.597116230466053e6	3.5971049477890935e6	3.59710778924073e6	3.5971163234767644e6	3.59710717772629e6	3.5971078087834176e6	3.597107809950539e6	3.597107817138712e6	3.5971094269963396e6	3.5971133828526335e6	3.59710634493069e6	3.5971093718834175e6	3.59710717772629e6	3.597110699527277e6	3.597109394513645e6	3.5971093953129994e6	3.597109404049436e6	3.5971097821019012e6	3.597116212794485e6	3.597106677293768e6	3.5971096856453465e6	3.5971078087834176e6	3.597109394513645e6	3.5971097246060916e6	3.5971097086040764e6	3.59710971736179e6	3.5971100467920736e6	3.597116216165376e6	3.5971066793636004e6	3.5971096866767923e6	3.597107809950539e6	3.5971093953129994e6	3.5971097086040764e6	3.59710971928293e6	3.5971097184003224e6	3.5971100481466525e6	3.597116217852686e6	3.5971066883025416e6	3.597109695428742e6	3.597107817138712e6	3.597109404049436e6	3.59710971736179e6	3.5971097184003224e6	3.5971097316775853e6	3.5971100575053985e6	3.597116223701223e6	3.5971069136405e6	3.597110025692066e6	3.5971094269963396e6	3.5971097821019012e6	3.5971100467920736e6	3.5971100481466525e6	3.5971100575053985e6	3.5971121235844465e6	3.597116612793312e6	3.597119967147662e6	3.597116230466053e6	3.5971133828526335e6	3.597116212794485e6	3.597116216165376e6	3.597116217852686e6	3.597116223701223e6	3.597116612793312e6	3.59713502258887e6
3.5971052113995114e6	3.5971040441212747e6	3.597101654263602e6	3.5971049999880665e6	3.597104998710473e6	3.597104714608867e6	3.5971085956561905e6	3.5971055798407104e6	3.597105149452017e6	3.5971040441212747e6	3.5971075909056584e6	3.5971035836403007e6	3.5971072934923507e6	3.5971072921932135e6	3.59710700771326e6	3.597110461449494e6	3.5971078653142783e6	3.597107405693906e6	3.597101654263602e6	3.5971035836403007e6	3.597124473250264e6	3.597104200226194e6	3.597104200708791e6	3.5971040194708277e6	3.5971063171302355e6	3.5971084025151287e6	3.597104279559439e6	3.5971049999880665e6	3.5971072934923507e6	3.597104200226194e6	3.5971081214134693e6	3.5971081163559663e6	3.5971078312214776e6	3.5971111974378084e6	3.5971086504978244e6	3.5971082211198295e6	3.597104998710473e6	3.5971072921932135e6	3.597104200708791e6	3.5971081163559663e6	3.597108124108356e6	3.5971078296838244e6	3.5971111969305174e6	3.5971086489894902e6	3.5971082195959054e6	3.597104714608867e6	3.59710700771326e6	3.5971040194708277e6	3.5971078312214776e6	3.5971078296838244e6	3.59710802852052e6	3.597110921242752e6	3.5971083746628687e6	3.597107934705862e6	3.5971085956561905e6	3.597110461449494e6	3.5971063171302355e6	3.5971111974378084e6	3.5971111969305174e6	3.597110921242752e6	3.597116883830962e6	3.5971121164626195e6	3.5971112771793623e6	3.5971055798407104e6	3.5971078653142783e6	3.5971084025151287e6	3.5971086504978244e6	3.5971086489894902e6	3.5971083746628687e6	3.5971121164626195e6	3.597111835152001e6	3.597108749302281e6	3.597105149452017e6	3.597107405693906e6	3.597104279559439e6	3.5971082211198295e6	3.5971082195959054e6	3.597107934705862e6	3.5971112771793623e6	3.597108749302281e6	3.5971084895250555e6
3.5971153710433166e6	3.597111593649432e6	3.5971146772880643e6	3.597111581021374e6	3.597111648188461e6	3.597111537166116e6	3.5971235754063837e6	3.597119404718045e6	3.5971117181211356e6	3.597111593649432e6	3.5971165079284804e6	3.5971165460607405e6	3.597116428369539e6	3.597116459365315e6	3.5971163398072207e6	3.597124678436627e6	3.597122129488553e6	3.597116470951114e6	3.5971146772880643e6	3.5971165460607405e6	3.5971616875459654e6	3.5971163897111444e6	3.5971165503539434e6	3.5971165150267063e6	3.5971280951184724e6	3.597141065920053e6	3.5971165294733564e6	3.597111581021374e6	3.597116428369539e6	3.5971163897111444e6	3.597116809273494e6	3.597116465817723e6	3.5971163464606777e6	3.597124724062143e6	3.597122153609248e6	3.5971164774751626e6	3.597111648188461e6	3.597116459365315e6	3.5971165503539434e6	3.597116465817723e6	3.5971164992224523e6	3.5971163768894197e6	3.597124698076366e6	3.5971221462077396e6	3.5971165078475196e6	3.597111537166116e6	3.5971163398072207e6	3.5971165150267063e6	3.5971163464606777e6	3.5971163768894197e6	3.597116488798938e6	3.597124601226557e6	3.5971220609210385e6	3.5971163882178385e6	3.5971235754063837e6	3.597124678436627e6	3.5971280951184724e6	3.597124724062143e6	3.597124698076366e6	3.597124601226557e6	3.5971415618385905e6	3.59713575633542e6	3.5971246767119495e6	3.597119404718045e6	3.597122129488553e6	3.597141065920053e6	3.597122153609248e6	3.5971221462077396e6	3.5971220609210385e6	3.59713575633542e6	3.5971424453400257e6	3.5971221324713915e6	3.5971117181211356e6	3.597116470951114e6	3.5971165294733564e6	3.5971164774751626e6	3.5971165078475196e6	3.5971163882178385e6	3.5971246767119495e6	3.5971221324713915e6	3.5971166260981397e6
3.5971175969636464e6	3.5971085631516455e6	3.59710587660246e6	3.5971082933455855e6	3.597108590450527e6	3.59710777353812e6	3.5971199083754597e6	3.597111483899086e6	3.5971113096270524e6	3.5971085631516455e6	3.597119362178295e6	3.5971149689207184e6	3.597119259093415e6	3.5971193386768433e6	3.5971184354121033e6	3.5971243272778974e6	3.597121069105091e6	3.5971188044312987e6	3.59710587660246e6	3.5971149689207184e6	3.597132713556395e6	3.5971144964410304e6	3.5971149779147827e6	3.5971143656990686e6	3.597119184222544e6	3.5971214053377127e6	3.5971143881867104e6	3.5971082933455855e6	3.597119259093415e6	3.5971144964410304e6	3.5971203655100926e6	3.597119272513791e6	3.5971183754621865e6	3.597124364796926e6	3.5971210581752993e6	3.597118746685623e6	3.597108590450527e6	3.5971193386768433e6	3.5971149779147827e6	3.597119272513791e6	3.597119354491779e6	3.597118448401683e6	3.5971243385798167e6	3.59712108044112e6	3.5971188156067836e6	3.59710777353812e6	3.5971184354121033e6	3.5971143656990686e6	3.5971183754621865e6	3.597118448401683e6	3.5971191596646523e6	3.5971235614786316e6	3.5971202396566495e6	3.597117927681604e6	3.5971199083754597e6	3.5971243272778974e6	3.597119184222544e6	3.597124364796926e6	3.5971243385798167e6	3.5971235614786316e6	3.597138141364683e6	3.597128197439351e6	3.597123695743662e6	3.597111483899086e6	3.597121069105091e6	3.5971214053377127e6	3.5971210581752993e6	3.59712108044112e6	3.5971202396566495e6	3.597128197439351e6	3.5971272960649505e6	3.597120456473487e6	3.5971113096270524e6	3.5971188044312987e6	3.5971143881867104e6	3.597118746685623e6	3.5971188156067836e6	3.597117927681604e6	3.597123695743662e6	3.597120456473487e6	3.59712123536147e6
3.5971062525105095e6	3.597105176800694e6	3.5971047772573517e6	3.597105810730939e6	3.597105827282827e6	3.597104697494779e6	3.597110326618512e6	3.597105833369743e6	3.597105874529113e6	3.597105176800694e6	3.597107854640286e6	3.597106514078754e6	3.597107595506284e6	3.5971076106077847e6	3.597106481056109e6	3.597111577891761e6	3.5971076166781657e6	3.597107647236379e6	3.5971047772573517e6	3.597106514078754e6	3.5971099626172977e6	3.597107047283707e6	3.5971070659701372e6	3.597106011869292e6	3.5971105003146334e6	3.5971070746090827e6	3.5971070992802274e6	3.597105810730939e6	3.597107595506284e6	3.597107047283707e6	3.597108199020159e6	3.5971081682094466e6	3.5971070383194303e6	3.5971120399937076e6	3.597108174276661e6	3.5971082026456017e6	3.597105827282827e6	3.5971076106077847e6	3.5971070659701372e6	3.5971081682094466e6	3.5971081868129275e6	3.5971070523853255e6	3.597112053266391e6	3.597108188882654e6	3.597108217217909e6	3.597104697494779e6	3.597106481056109e6	3.597106011869292e6	3.5971070383194303e6	3.5971070523853255e6	3.5971079759502825e6	3.597111008310139e6	3.597107058476117e6	3.597107087235429e6	3.597110326618512e6	3.597111577891761e6	3.5971105003146334e6	3.5971120399937076e6	3.597112053266391e6	3.597111008310139e6	3.597119294436134e6	3.5971120615918105e6	3.5971120747698885e6	3.597105833369743e6	3.5971076166781657e6	3.5971070746090827e6	3.597108174276661e6	3.597108188882654e6	3.597107058476117e6	3.5971120615918105e6	3.5971082043009056e6	3.5971082232725224e6	3.597105874529113e6	3.597107647236379e6	3.5971070992802274e6	3.5971082026456017e6	3.597108217217909e6	3.597107087235429e6	3.5971120747698885e6	3.5971082232725224e6	3.597108309001643e6
3.597101920909037e6	3.5971016359629924e6	3.5970998546216213e6	3.597102102469608e6	3.597102102497301e6	3.5971016950604646e6	3.5971037974130255e6	3.5971021242132843e6	3.5971022779993545e6	3.5971016359629924e6	3.597104934386518e6	3.5971021851176927e6	3.5971048266637954e6	3.5971048265323173e6	3.59710442027879e6	3.597106309786806e6	3.597104849539681e6	3.597104960711266e6	3.5970998546216213e6	3.5971021851176927e6	3.59711399353173e6	3.597102528186708e6	3.5971025298750186e6	3.5971022209604103e6	3.5971034503134107e6	3.5971026725679054e6	3.597102637555524e6	3.597102102469608e6	3.5971048266637954e6	3.597102528186708e6	3.597105239181274e6	3.5971052339636437e6	3.597104827574157e6	3.5971066976005128e6	3.5971052565495432e6	3.5971053636541255e6	3.597102102497301e6	3.5971048265323173e6	3.5971025298750186e6	3.5971052339636437e6	3.597105239292776e6	3.5971048273334717e6	3.597106697625079e6	3.597105256338053e6	3.597105363431452e6	3.5971016950604646e6	3.59710442027879e6	3.5971022209604103e6	3.597104827574157e6	3.5971048273334717e6	3.597105100600369e6	3.59710629832473e6	3.5971048502694922e6	3.5971049575109165e6	3.5971037974130255e6	3.597106309786806e6	3.5971034503134107e6	3.5971066976005128e6	3.597106697625079e6	3.59710629832473e6	3.597109387647729e6	3.5971067293019067e6	3.597106814845176e6	3.5971021242132843e6	3.597104849539681e6	3.5971026725679054e6	3.5971052565495432e6	3.597105256338053e6	3.5971048502694922e6	3.5971067293019067e6	3.5971053910650043e6	3.597105385953404e6	3.5971022779993545e6	3.597104960711266e6	3.597102637555524e6	3.5971053636541255e6	3.597105363431452e6	3.5971049575109165e6	3.597106814845176e6	3.597105385953404e6	3.597105662419296e6
3.597116351196793e6	3.5971078915216206e6	3.597105247407896e6	3.597105209992744e6	3.597107894844836e6	3.597107706894674e6	3.597107905015352e6	3.5971078858712553e6	3.5971227369785374e6	3.5971078915216206e6	3.597111707291587e6	3.5971084595872704e6	3.5971092340819873e6	3.5971116816659532e6	3.597111482130701e6	3.597111690482595e6	3.5971117256168462e6	3.597117492722966e6	3.597105247407896e6	3.5971084595872704e6	3.5971274828988696e6	3.5970994850455625e6	3.597108463621578e6	3.59710832212081e6	3.59710847032449e6	3.59710981780918e6	3.5971111241219975e6	3.597105209992744e6	3.5971092340819873e6	3.5970994850455625e6	3.5971227721354077e6	3.5971092457687506e6	3.5971090583678046e6	3.597109252492214e6	3.5971093169599236e6	3.597118452939779e6	3.597107894844836e6	3.5971116816659532e6	3.597108463621578e6	3.5971092457687506e6	3.597111704396881e6	3.5971114889760436e6	3.5971116974017755e6	3.597111732228961e6	3.5971174822185384e6	3.597107706894674e6	3.597111482130701e6	3.59710832212081e6	3.5971090583678046e6	3.5971114889760436e6	3.5971116346097435e6	3.5971114978453317e6	3.597111534891788e6	3.5971173054565983e6	3.597107905015352e6	3.597111690482595e6	3.59710847032449e6	3.597109252492214e6	3.5971116974017755e6	3.5971114978453317e6	3.5971117095400365e6	3.597111741331089e6	3.5971174893005434e6	3.5971078858712553e6	3.5971117256168462e6	3.59710981780918e6	3.5971093169599236e6	3.597111732228961e6	3.597111534891788e6	3.597111741331089e6	3.5971127221031524e6	3.5971174879059596e6	3.5971227369785374e6	3.597117492722966e6	3.5971111241219975e6	3.597118452939779e6	3.5971174822185384e6	3.5971173054565983e6	3.5971174893005434e6	3.5971174879059596e6	3.59713829256109e6
3.5972015910657602e6	3.5970985093447072e6	3.597064402994569e6	3.5970644327357193e6	3.5970668391482043e6	3.597066838931083e6	3.5970673948113862e6	3.5970634882488814e6	3.5971999244789793e6	3.5970985093447072e6	3.5971260126071293e6	3.5971072750747213e6	3.597104034072065e6	3.597106601021358e6	3.5971065925260764e6	3.5971070065424577e6	3.5971088196935793e6	3.597119446627968e6	3.597064402994569e6	3.5971072750747213e6	3.5971741341129434e6	3.5971277424595347e6	3.597134790769496e6	3.597134782629792e6	3.5971352876797654e6	3.5971519743628744e6	3.59706923783797e6	3.5970644327357193e6	3.597104034072065e6	3.5971277424595347e6	3.597155383201175e6	3.5971423346786276e6	3.5971423209008393e6	3.5971426777793323e6	3.597142992518356e6	3.5970728158314694e6	3.5970668391482043e6	3.597106601021358e6	3.597134790769496e6	3.5971423346786276e6	3.597142878629004e6	3.59714286190927e6	3.597143153799777e6	3.597143664889862e6	3.5970726236021584e6	3.597066838931083e6	3.5971065925260764e6	3.597134782629792e6	3.5971423209008393e6	3.59714286190927e6	3.5971428649336584e6	3.5971431400717054e6	3.59714365247571e6	3.597072623886911e6	3.5970673948113862e6	3.5971070065424577e6	3.5971352876797654e6	3.5971426777793323e6	3.597143153799777e6	3.5971431400717054e6	3.597143986618081e6	3.5971442736643483e6	3.597072860661901e6	3.5970634882488814e6	3.5971088196935793e6	3.5971519743628744e6	3.597142992518356e6	3.597143664889862e6	3.59714365247571e6	3.5971442736643483e6	3.5971554028755785e6	3.5970704344295915e6	3.5971999244789793e6	3.597119446627968e6	3.59706923783797e6	3.5970728158314694e6	3.5970726236021584e6	3.597072623886911e6	3.597072860661901e6	3.5970704344295915e6	3.597216727762606e6
3.5972104307573866e6	3.597104008052765e6	3.5970625979024903e6	3.5970605945839086e6	3.597062553136755e6	3.597062553353093e6	3.59706740872242e6	3.59706165975454e6	3.597208724285532e6	3.597104008052765e6	3.59713058645955e6	3.5971112482148423e6	3.5971023363489043e6	3.597104424145611e6	3.5971044093740038e6	3.597108690836711e6	3.5971116259184554e6	3.5971246269647665e6	3.5970625979024903e6	3.5971112482148423e6	3.5972009591784757e6	3.5971369055213677e6	3.5971424436992994e6	3.5971424294331404e6	3.5971496463405457e6	3.597175119506892e6	3.597063348218803e6	3.5970605945839086e6	3.5971023363489043e6	3.5971369055213677e6	3.597161944464148e6	3.5971498305978104e6	3.5971498008110533e6	3.5971527709833966e6	3.5971528138707797e6	3.5970645433188225e6	3.597062553136755e6	3.597104424145611e6	3.5971424436992994e6	3.5971498305978104e6	3.597149778267079e6	3.597149745414892e6	3.5971522161314674e6	3.597152576969702e6	3.597064579701073e6	3.597062553353093e6	3.5971044093740038e6	3.5971424294331404e6	3.5971498008110533e6	3.597149745414892e6	3.597149748874719e6	3.597152187845771e6	3.5971525526812086e6	3.597064581835843e6	3.59706740872242e6	3.597108690836711e6	3.5971496463405457e6	3.5971527709833966e6	3.5971522161314674e6	3.597152187845771e6	3.597159871100823e6	3.597159846633533e6	3.5970667523380173e6	3.59706165975454e6	3.5971116259184554e6	3.597175119506892e6	3.5971528138707797e6	3.597152576969702e6	3.5971525526812086e6	3.597159846633533e6	3.597176570260576e6	3.597063452314611e6	3.597208724285532e6	3.5971246269647665e6	3.597063348218803e6	3.5970645433188225e6	3.597064579701073e6	3.597064581835843e6	3.5970667523380173e6	3.597063452314611e6	3.5972278662371584e6
3.597215155263032e6	3.597108189528414e6	3.597069836644856e6	3.5970627461739397e6	3.597064834238471e6	3.5970648478683843e6	3.5970746924701543e6	3.5970686389513183e6	3.5972107775739413e6	3.597108189528414e6	3.597134387264185e6	3.5971179502569353e6	3.5971042017942206e6	3.597106553684731e6	3.5971064390341314e6	3.59711524873213e6	3.5971180080757774e6	3.5971264182437058e6	3.597069836644856e6	3.5971179502569353e6	3.597213259404687e6	3.5971392753519793e6	3.5971460771072307e6	3.5971459773362703e6	3.5971608542056624e6	3.5971863212396475e6	3.597066388526537e6	3.5970627461739397e6	3.5971042017942206e6	3.5971392753519793e6	3.5971691291952543e6	3.597151574461972e6	3.5971513142478056e6	3.5971579997418215e6	3.5971577153524295e6	3.5970658106185896e6	3.597064834238471e6	3.597106553684731e6	3.5971460771072307e6	3.597151574461972e6	3.597151162224388e6	3.597150887518717e6	3.5971561355357943e6	3.597156342738739e6	3.597065556735916e6	3.5970648478683843e6	3.5971064390341314e6	3.5971459773362703e6	3.5971513142478056e6	3.597150887518717e6	3.5971509219012717e6	3.5971559098601094e6	3.5971561513626794e6	3.597065579301414e6	3.5970746924701543e6	3.59711524873213e6	3.5971608542056624e6	3.5971579997418215e6	3.5971561355357943e6	3.5971559098601094e6	3.5971718402919425e6	3.597171379216506e6	3.5970699944545836e6	3.5970686389513183e6	3.5971180080757774e6	3.5971863212396475e6	3.5971577153524295e6	3.597156342738739e6	3.5971561513626794e6	3.597171379216506e6	3.597187904283356e6	3.597066541176537e6	3.5972107775739413e6	3.5971264182437058e6	3.597066388526537e6	3.5970658106185896e6	3.597065556735916e6	3.597065579301414e6	3.5970699944545836e6	3.597066541176537e6	3.597228778080321e6
