119275.56991928368	119273.03198415262	119275.56762332132	119274.51830352444	119252.5319426797	119276.19718765217	119274.72177743414	119275.56201935474	119273.03198415262	119274.60962947851	119273.0417611911	119271.90325951284	119250.10895524205	119273.63537822035	119272.33977817268	119273.03622032065	119275.56762332132	119273.0417611911	119275.58292403842	119274.52804795915	119252.54135930681	119276.20687386859	119274.73175212453	119275.57166173533	119274.51830352444	119271.90325951284	119274.52804795915	119277.19350573682	119249.38518915635	119275.21384941392	119273.72915913658	119274.52284053672	119252.5319426797	119250.10895524205	119252.54135930681	119249.38518915635	119240.87714644951	119254.4887484847	119252.35088261	119252.53090745851	119276.19718765217	119273.63537822035	119276.20687386859	119275.21384941392	119254.4887484847	119277.49624644613	119275.36099183219	119276.20135723258	119274.72177743414	119272.33977817268	119274.73175212453	119273.72915913658	119252.35088261	119275.36099183219	119275.32905129252	119274.72574761105	119275.56201935474	119273.03622032065	119275.57166173533	119274.52284053672	119252.53090745851	119276.20135723258	119274.72574761105	119275.57340698192
119256.65746703773	119254.65919152476	119256.64303962738	119254.70884140275	119238.69175589441	119256.78949405416	119256.47041589313	119256.63541547924	119254.65919152476	119256.11311298123	119254.68796460523	119252.7063328483	119236.8116456756	119254.83109885005	119254.57497611984	119254.68036686242	119256.64303962738	119254.68796460523	119256.6775319594	119254.7381339472	119238.7213482107	119256.81849510828	119256.49962746305	119256.66442919186	119254.70884140275	119252.7063328483	119254.7381339472	119255.35957088166	119235.6188867601	119254.89413674863	119254.59866165882	119254.73055575903	119238.69175589441	119236.8116456756	119238.7213482107	119235.6188867601	119227.04692425569	119238.9592061655	119238.79803842623	119238.71104133144	119256.78949405416	119254.83109885005	119256.81849510828	119254.89413674863	119238.9592061655	119257.02528149277	119256.64465815858	119256.81088964532	119256.47041589313	119254.57497611984	119256.49962746305	119254.59866165882	119238.79803842623	119256.64465815858	119257.05311054982	119256.49185390287	119256.63541547924	119254.68036686242	119256.66442919186	119254.73055575903	119238.71104133144	119256.81088964532	119256.49185390287	119256.66251202053
119261.68953369744	119259.96658233656	119261.68257083623	119249.81476155309	119249.38338068222	119262.06091233717	119260.69861112056	119261.67413586208	119259.96658233656	119261.42014654324	119259.98154751143	119247.91599237487	119247.84978428019	119260.34807868535	119259.19805374721	119259.97312396936	119261.68257083623	119259.98154751143	119261.70297193805	119249.83052066171	119249.39822893024	119262.07586450086	119260.71426341795	119261.68908458746	119249.81476155309	119247.91599237487	119249.83052066171	119251.9722775117	119231.94725892543	119250.38185503075	119249.60605209628	119249.82203597443	119249.38338068222	119247.84978428019	119249.39822893024	119231.94725892543	119245.1192908684	119249.96318187582	119249.02217186635	119249.38707263187	119262.06091233717	119260.34807868535	119262.07586450086	119250.38185503075	119249.96318187582	119262.633652376	119261.0825241131	119262.0675005454	119260.69861112056	119259.19805374721	119260.71426341795	119249.60605209628	119249.02217186635	119261.0825241131	119262.52386734626	119260.70528898625	119261.67413586208	119259.97312396936	119261.68908458746	119249.82203597443	119249.38707263187	119262.0675005454	119260.70528898625	119261.68674744926
119284.2102889132	119282.61272905706	119284.18125962115	119280.56867359212	119276.64900603768	119292.18874939498	119280.97337805084	119284.17636884528	119282.61272905706	119283.18039640962	119282.6540751991	119278.57813590547	119274.8343469601	119290.31148694745	119279.70328206991	119282.64902398342	119284.18125962115	119282.6540751991	119284.23030179183	119280.61329878276	119276.68681743713	119292.2280505477	119281.01726805352	119284.21785197548	119280.56867359212	119278.57813590547	119280.61329878276	119307.35685555554	119268.30418876915	119294.91259015164	119278.90316983261	119280.60942569668	119276.64900603768	119274.8343469601	119276.68681743713	119268.30418876915	119319.25597727537	119303.53388364965	119275.9649412143	119276.6780002685	119292.18874939498	119290.31148694745	119292.2280505477	119294.91259015164	119303.53388364965	119311.13875873701	119289.37858201517	119292.222819096	119280.97337805084	119279.70328206991	119281.01726805352	119278.90316983261	119275.9649412143	119289.37858201517	119283.3920396632	119281.010682202	119284.17636884528	119282.64902398342	119284.21785197548	119280.60942569668	119276.6780002685	119292.222819096	119281.010682202	119284.21693044953
119284.82542661973	119282.32388053816	119284.80839228236	119284.28468207826	119281.71422586663	119295.31279916842	119284.09542400498	119284.80337032565	119282.32388053816	119283.23266566618	119282.35263543874	119281.53090954915	119278.34472709705	119292.28278740513	119281.7367386832	119282.3475103712	119284.80839228236	119282.35263543874	119284.84402821539	119284.31419995689	119281.74049418964	119295.34014731058	119284.12472945728	119284.83226260856	119284.28468207826	119281.53090954915	119284.31419995689	119293.87047177767	119280.30778496104	119297.32622000088	119283.70876798297	119284.30977577314	119281.71422586663	119278.34472709705	119281.74049418964	119280.30778496104	119336.75885914733	119316.45353996305	119281.63219848047	119281.73246593344	119295.31279916842	119292.28278740513	119295.34014731058	119297.32622000088	119316.45353996305	119318.2714279847	119294.66609893285	119295.33501635332	119284.09542400498	119281.7367386832	119284.12472945728	119283.70876798297	119281.63219848047	119294.66609893285	119284.64364554423	119284.11935394531	119284.80337032565	119282.3475103712	119284.83226260856	119284.30977577314	119281.73246593344	119295.33501635332	119284.11935394531	119284.83162871668
119269.08112292562	119243.20183923875	119267.26907342744	119269.06719995663	119247.75470708343	119269.55024018016	119259.50688696746	119269.07199312358	119243.20183923875	119262.22128880396	119248.71091867155	119243.1948243033	119226.92695407745	119243.5548663215	119249.42647133925	119243.20181560062	119267.26907342744	119248.71091867155	119274.1433396746	119267.26322741449	119247.09438469443	119267.75100675825	119263.53500654585	119267.26719999926	119269.06719995663	119243.1948243033	119267.26322741449	119269.07518562568	119247.74335031817	119269.54404848663	119259.50379689796	119269.06568945768	119247.75470708343	119226.92695407745	119247.09438469443	119247.74335031817	119234.14813397841	119248.42440016381	119244.12158258483	119247.75074728334	119269.55024018016	119243.5548663215	119267.75100675825	119269.54404848663	119248.42440016381	119270.17217939033	119259.8974827289	119269.54877940813	119259.50688696746	119249.42647133925	119263.53500654585	119259.50379689796	119244.12158258483	119259.8974827289	119268.38622733385	119259.50579067419	119269.07199312358	119243.20181560062	119267.26719999926	119269.06568945768	119247.75074728334	119269.54877940813	119259.50579067419	119269.07571752994
119211.21191574034	119198.8970862018	119211.14177980137	119211.17478288175	119207.74563652102	119211.5959709066	119212.48843715587	119211.19753351557	119198.8970862018	119210.73501797204	119199.91071200777	119198.87423096986	119195.56693772822	119199.26954809479	119201.69789484219	119198.89953058164	119211.14177980137	119199.91071200777	119214.33285957159	119211.120994003	119207.65032000335	119211.55067661038	119212.84102385536	119211.1439276834	119211.17478288175	119198.87423096986	119211.120994003	119211.17172073603	119207.72400829569	119211.57577710267	119212.46968008533	119211.17719923341	119207.74563652102	119195.56693772822	119207.65032000335	119207.72400829569	119205.36881072787	119208.16208153138	119209.20593789652	119207.74776160269	119211.5959709066	119199.26954809479	119211.55067661038	119211.57577710267	119208.16208153138	119212.05224344715	119212.87310649404	119211.5984163976	119212.48843715587	119201.69789484219	119212.84102385536	119212.46968008533	119209.20593789652	119212.87310649404	119216.32261261104	119212.491098448	119211.19753351557	119198.89953058164	119211.1439276834	119211.17719923341	119207.74776160269	119211.5984163976	119212.491098448	119211.20375563356
119397.90142607826	119228.57304691608	119286.95503276271	119397.71726798174	119311.60447801033	119395.56495388664	119246.77277146191	119397.72863105242	119228.57304691608	119332.74486395606	119319.77693601346	119228.93103996632	119285.24392134024	119252.98212157175	119321.56327682163	119228.92352064881	119286.95503276271	119319.77693601346	119357.99143090575	119287.49094623789	119332.04174852856	119314.74924005195	119336.82313121017	119287.4818256373	119397.71726798174	119228.93103996632	119287.49094623789	119399.02357342707	119312.19745965936	119396.63333114152	119247.24267303158	119399.02064521133	119311.60447801033	119285.24392134024	119332.04174852856	119312.19745965936	119380.90970449262	119355.26553487056	119313.49359776071	119312.19425615085	119395.56495388664	119252.98212157175	119314.74924005195	119396.63333114152	119355.26553487056	119411.28620160412	119275.23082280745	119396.6386527464	119246.77277146191	119321.56327682163	119336.82313121017	119247.24267303158	119313.49359776071	119275.23082280745	119344.0098678403	119247.2301121597	119397.72863105242	119228.92352064881	119287.4818256373	119399.02064521133	119312.19425615085	119396.6386527464	119247.2301121597	119399.0351107519
119284.59194398402	119283.83124954547	119285.45537694791	119284.58541011838	119283.5047077784	119296.11072157693	119284.58039073275	119284.58630427769	119283.83124954547	119284.11247401983	119284.71419354517	119283.83619505263	119282.42875751389	119295.19742973031	119283.83168566473	119283.83733956302	119285.45537694791	119284.71419354517	119287.43604586128	119285.46068950456	119284.9637027786	119297.35145375362	119285.45597289257	119285.46141064634	119284.58541011838	119283.83619505263	119285.46068950456	119284.61275251553	119283.50692450603	119296.12079250164	119284.58557490827	119284.59148866661	119283.5047077784	119282.42875751389	119284.9637027786	119283.50692450603	119344.51361155612	119321.60122988718	119283.5095444762	119283.50998240265	119296.11072157693	119295.19742973031	119297.35145375362	119296.12079250164	119321.60122988718	119320.50060552025	119296.11024014399	119296.11818609535	119284.58039073275	119283.83168566473	119285.45597289257	119284.58557490827	119283.5095444762	119296.11024014399	119284.59231007918	119284.58646578468	119284.58630427769	119283.83733956302	119285.46141064634	119284.59148866661	119283.50998240265	119296.11818609535	119284.58646578468	119284.59788086596
119284.01969238765	119283.90199247167	119284.71841266721	119284.00756396042	119282.819583476	119295.72519874873	119284.01455286781	119284.7312107281	119283.90199247167	119283.94722032183	119284.60623003001	119283.8942777369	119282.6626966589	119295.60498316088	119283.90145522635	119284.65966841833	119284.71841266721	119284.60623003001	119286.30796703731	119284.71308234	119283.99195867527	119296.71750291798	119284.71803370689	119285.41976569571	119284.00756396042	119283.8942777369	119284.71308234	119284.38414886816	119282.85271366774	119295.98585223901	119284.00700475698	119285.09518144529	119282.819583476	119282.6626966589	119283.99195867527	119282.85271366774	119344.83810894044	119324.09771242476	119282.82109000279	119290.27549312182	119295.72519874873	119295.60498316088	119296.71750291798	119295.98585223901	119324.09771242476	119328.26194268768	119295.72323918658	119314.15368999109	119284.01455286781	119283.90145522635	119284.71803370689	119284.00700475698	119282.82109000279	119295.72323918658	119284.0198474936	119284.72797204029	119284.7312107281	119284.65966841833	119285.41976569571	119285.09518144529	119290.27549312182	119314.15368999109	119284.72797204029	119324.86975810827
119283.55763177565	119283.5490495483	119284.34622601967	119283.55354977716	119281.21381086591	119294.47565545153	119283.54511845013	119283.596377992	119283.5490495483	119283.55444219627	119284.34421581686	119283.55150577043	119281.2087760575	119294.47242935418	119283.54307859998	119283.59552753829	119284.34622601967	119284.34421581686	119286.15772198957	119284.34876849903	119282.51398096661	119295.58191278524	119284.3409492096	119284.36451145924	119283.55354977716	119283.55150577043	119284.34876849903	119283.57294058353	119281.21533882264	119294.48638686258	119283.54757654479	119283.60941176757	119281.21381086591	119281.2087760575	119282.51398096661	119281.21533882264	119338.73674300298	119318.86783461347	119281.2167313043	119284.64578060374	119294.47565545153	119294.47242935418	119295.58191278524	119294.48638686258	119318.86783461347	119322.38695737807	119294.46738445776	119305.63933632619	119283.54511845013	119283.54307859998	119284.3409492096	119283.54757654479	119281.2167313043	119294.46738445776	119283.55849051964	119283.5847293408	119283.596377992	119283.59552753829	119284.36451145924	119283.60941176757	119284.64578060374	119305.63933632619	119283.5847293408	119309.68688310772
119274.27489281527	119273.20942692095	119274.70259603768	119274.26350986098	119252.39397744386	119275.53576950237	119274.26652905378	119274.26802251229	119273.20942692095	119273.89865162908	119273.66262065986	119273.20755886458	119251.3043527463	119274.4530330112	119273.21122965829	119273.2125093094	119274.70259603768	119273.66262065986	119275.98164738057	119274.70107197505	119252.7586258093	119276.00107357134	119274.70433291799	119274.70550524912	119274.26350986098	119273.20755886458	119274.70107197505	119274.28805339563	119252.3785762929	119275.53492701222	119274.26500317446	119274.26649748847	119252.39397744386	119251.3043527463	119252.7586258093	119252.3785762929	119242.71471291297	119256.18345384118	119252.3995516239	119252.39247773467	119275.53576950237	119274.4530330112	119276.00107357134	119275.53492701222	119256.18345384118	119278.0462706435	119275.53717207664	119275.53901192322	119274.26652905378	119273.21122965829	119274.70433291799	119274.26500317446	119252.3995516239	119275.53717207664	119274.27636683511	119274.2695127707	119274.26802251229	119273.2125093094	119274.70550524912	119274.26649748847	119252.39247773467	119275.53901192322	119274.2695127707	119274.27830059755
119282.10167986328	119277.8141916969	119282.67603884876	119282.08373107816	119278.67654134516	119290.47010613885	119282.09629813672	119277.81429983932	119277.8141916969	119279.327601789	119278.43313913546	119277.79818508409	119273.89121587006	119286.22320418562	119277.81385166306	119274.57899059485	119282.67603884876	119278.43313913546	119284.07708849871	119282.66236176954	119279.34201384557	119291.13969088852	119282.67494967316	119278.32482315239	119282.08373107816	119277.79818508409	119282.66236176954	119282.1401735707	119278.65312251245	119290.48214698242	119282.0824384461	119277.83099610927	119278.67654134516	119273.89121587006	119279.34201384557	119278.65312251245	119291.2203487928	119292.85031804345	119278.67660032598	119272.75370605316	119290.47010613885	119286.22320418562	119291.13969088852	119290.48214698242	119292.85031804345	119304.94871576976	119290.4674167918	119293.08912856206	119282.09629813672	119277.81385166306	119282.67494967316	119282.0824384461	119278.67660032598	119290.4674167918	119282.10221239705	119277.81162822452	119277.81429983932	119274.57899059485	119278.32482315239	119277.83099610927	119272.75370605316	119293.08912856206	119277.81162822452	119295.28079859362
119275.61029740702	119273.67502249955	119276.35227136401	119275.59621216317	119270.71088675901	119281.90554936044	119275.6059389663	119269.17765192526	119273.67502249955	119274.35073779846	119274.44657571665	119273.66483679239	119268.61390769291	119279.98603271501	119273.67549723534	119267.63697489485	119276.35227136401	119274.44657571665	119278.20540723858	119276.3426132165	119271.5161415607	119282.73321542313	119276.35257826022	119269.80474568611	119275.59621216317	119273.66483679239	119276.3426132165	119275.61527045548	119270.69577683712	119281.90307471578	119275.59623362112	119269.1750412954	119270.71088675901	119268.61390769291	119271.5161415607	119270.69577683712	119276.46963868856	119280.05747546702	119270.71233135572	119261.8086893903	119281.90554936044	119279.98603271501	119282.73321542313	119281.90307471578	119280.05747546702	119291.86375461065	119281.90450857743	119279.68934293563	119275.6059389663	119273.67549723534	119276.35257826022	119275.59623362112	119270.71233135572	119281.90450857743	119275.613394981	119269.17692086789	119269.17765192526	119267.63697489485	119269.80474568611	119269.1750412954	119261.8086893903	119279.68934293563	119269.17692086789	119279.06985910036
119277.13528162567	119275.53561353839	119277.7704602374	119277.12066741788	119272.90149861513	119282.34908505842	119277.13115999245	119266.43953119329	119275.53561353839	119275.9836748863	119276.19024253548	119275.52546863125	119271.1418763687	119280.82035072555	119275.5365233376	119265.37273757604	119277.7704602374	119276.19024253548	119279.31187487906	119277.76057537645	119273.6016963823	119283.03833421695	119277.77127389523	119266.91307120542	119277.12066741788	119275.52546863125	119277.76057537645	119277.13656976691	119272.88607806715	119282.34699788471	119277.12126703642	119266.44091723625	119272.90149861513	119271.1418763687	119273.6016963823	119272.88607806715	119279.77715553851	119280.80562023421	119272.90347586188	119258.0141630792	119282.34908505842	119280.82035072555	119283.03833421695	119282.34699788471	119280.80562023421	119292.11665468002	119282.34854116439	119279.04530336455	119277.13115999245	119275.5365233376	119277.77127389523	119277.12126703642	119272.90347586188	119282.34854116439	119277.13857280453	119266.4388956758	119266.43953119329	119265.37273757604	119266.91307120542	119266.44091723625	119258.0141630792	119279.04530336455	119266.4388956758	119284.03923929068
119233.82356815919	119233.80880148592	119234.10624707854	119233.78238328201	119229.55724301346	119235.11821370645	119233.8253493751	119226.85392211247	119233.80880148592	119233.81831763299	119234.09676911385	119233.77274325506	119229.54751680524	119235.10852651471	119233.81571694744	119226.84519814211	119234.10624707854	119234.09676911385	119235.22512048106	119234.07006189204	119229.8291531444	119235.4160494171	119234.11345831602	119227.07984859061	119233.78238328201	119233.77274325506	119234.07006189204	119233.77366620167	119229.51796512134	119235.08312996333	119233.78930331588	119226.81562232356	119229.55724301346	119229.54751680524	119229.8291531444	119229.51796512134	119227.27160246499	119230.96617430761	119229.56503350384	119222.02657879518	119235.11821370645	119235.10852651471	119235.4160494171	119235.08312996333	119230.96617430761	119236.69434603851	119235.12490192732	119228.33691141252	119233.8253493751	119233.81571694744	119234.11345831602	119233.78930331588	119229.56503350384	119235.12490192732	119233.8413123808	119226.86153240206	119226.85392211247	119226.84519814211	119227.07984859061	119226.81562232356	119222.02657879518	119228.33691141252	119226.86153240206	119223.38162838465
119284.56824991829	119283.34913473322	119285.14483507739	119284.55270676747	119283.50794999144	119296.15548449704	119284.56289246	119284.82256719252	119283.34913473322	119283.80181948408	119283.94123862936	119283.33934728225	119281.95205968819	119294.95748642692	119283.3505518234	119284.14885676555	119285.14483507739	119283.94123862936	119286.46940880947	119285.13766052992	119284.38974403817	119296.93392607445	119285.14622903368	119285.37782416775	119284.55270676747	119283.33934728225	119285.13766052992	119284.93590935609	119283.53310127786	119296.44125075953	119284.55399754521	119285.25899496379	119283.50794999144	119281.95205968819	119284.38974403817	119283.53310127786	119331.33989654094	119318.09556166796	119283.50991612537	119289.42564345174	119296.15548449704	119294.95748642692	119296.93392607445	119296.44125075953	119318.09556166796	119326.57488736964	119296.15518180102	119316.38014193859	119284.56289246	119283.3505518234	119285.14622903368	119284.55399754521	119283.50991612537	119296.15518180102	119284.568282618	119284.82148066314	119284.82256719252	119284.14885676555	119285.37782416775	119285.25899496379	119289.42564345174	119316.38014193859	119284.82148066314	119331.84120397628
119284.49230406474	119283.95472242298	119285.15288725859	119277.4100239546	119282.53464885268	119290.76668267285	119284.4797855331	119277.02549289912	119283.95472242298	119284.1735044675	119284.64092687333	119276.5454331679	119281.78706147177	119289.96772632767	119283.96542578332	119276.33793977366	119285.15288725859	119284.64092687333	119286.75084896339	119279.99750028904	119283.92304530999	119293.21768575888	119285.16353918245	119279.89254122131	119277.4100239546	119276.5454331679	119279.99750028904	119601.7290807886	119319.8648026708	119542.93286508953	119277.40903026234	119654.09281355939	119282.53464885268	119281.78706147177	119283.92304530999	119319.8648026708	119346.82004566156	119352.17474692388	119282.54155316805	119334.13055613157	119290.76668267285	119289.96772632767	119293.21768575888	119542.93286508953	119352.17474692388	119521.31796256684	119290.76509859446	119604.54465369905	119284.4797855331	119283.96542578332	119285.16353918245	119277.40903026234	119282.54155316805	119290.76509859446	119284.49330177682	119277.0199949927	119277.02549289912	119276.33793977366	119279.89254122131	119654.09281355939	119334.13055613157	119604.54465369905	119277.0199949927	119761.6995325088
119284.473686155	119283.8406838772	119284.85679182051	119277.02529681119	119282.2301109887	119290.41550866832	119284.22715590717	119276.67566695521	119283.8406838772	119284.25757359121	119284.73330008866	119276.45078801883	119281.83452899806	119289.87625704818	119284.10428604846	119276.17491433615	119284.85679182051	119284.73330008866	119286.59992154982	119279.52398080655	119283.68823611923	119292.77188261204	119285.11860150222	119279.38319906163	119277.02529681119	119276.45078801883	119279.52398080655	119603.66787280887	119319.9660745492	119544.44677789848	119277.08956690409	119656.50127692892	119282.2301109887	119281.83452899806	119283.68823611923	119319.9660745492	119346.98887642712	119352.36550353625	119282.3921129155	119334.38073268728	119290.41550866832	119289.87625704818	119292.77188261204	119544.44677789848	119352.36550353625	119522.56421539446	119290.46611833859	119606.466752549	119284.22715590717	119284.10428604846	119285.11860150222	119277.08956690409	119282.3921129155	119290.46611833859	119284.49377020742	119276.68016927365	119276.67566695521	119276.17491433615	119279.38319906163	119656.50127692892	119334.38073268728	119606.466752549	119276.68016927365	119764.65618959618
119279.94516132615	119278.87298039818	119279.48082410601	119275.71010395477	119271.73866190587	119286.40856042992	119279.39362460612	119279.39691704564	119278.87298039818	119279.77845902545	119279.59412793125	119275.69183626451	119271.70336803985	119286.37955580754	119279.50658055731	119279.50972430296	119279.48082410601	119279.59412793125	119280.32753700191	119276.46853725819	119272.41347116375	119287.10413834092	119280.11654531614	119280.11978119182	119275.71010395477	119275.69183626451	119276.46853725819	119296.038162109	119263.52598659368	119287.60771618228	119276.37027856828	119276.37357150253	119271.73866190587	119271.70336803985	119272.41347116375	119263.52598659368	119296.20056600445	119290.39396961877	119272.30812971381	119272.30772924768	119286.40856042992	119286.37955580754	119287.10413834092	119287.60771618228	119290.39396961877	119300.88227917455	119286.99327972834	119286.99788506157	119279.39362460612	119279.50658055731	119280.11654531614	119276.37027856828	119272.30812971381	119286.99327972834	119280.03743962881	119280.03288040754	119279.39691704564	119279.50972430296	119280.11978119182	119276.37357150253	119272.30772924768	119286.99788506157	119280.03288040754	119280.03998087424
119284.05916189343	119283.15818369016	119284.46041469654	119283.35275370083	119281.97122723165	119294.84262331744	119283.97645947477	119283.97848886618	119283.15818369016	119283.55661635651	119283.72972200027	119282.48060261198	119280.8790804738	119293.88444876386	119283.24176906349	119283.24371803884	119284.46041469654	119283.72972200027	119285.65215854513	119283.97610182324	119282.82533253121	119295.60927932538	119284.54407035264	119284.5460073019	119283.35275370083	119282.48060261198	119283.97610182324	119296.05167739335	119280.39719802653	119297.70876643738	119283.43761990899	119283.44131942335	119281.97122723165	119280.8790804738	119282.82533253121	119280.39719802653	119339.82259361952	119318.05791318428	119282.03404513827	119282.0346770854	119294.84262331744	119293.88444876386	119295.60927932538	119297.70876643738	119318.05791318428	119318.95559929742	119294.91246081218	119294.9177119746	119283.97645947477	119283.24176906349	119284.54407035264	119283.43761990899	119282.03404513827	119294.91246081218	119284.06444112909	119284.06234966115	119283.97848886618	119283.24371803884	119284.5460073019	119283.44131942335	119282.0346770854	119294.9177119746	119284.06234966115	119284.07114274392
119286.02686795591	119284.37834657356	119287.649231758	119281.46637517963	119285.0968818211	119294.57093843333	119285.96607380717	119281.12321080563	119284.37834657356	119285.07877542941	119286.14017892229	119278.84182250965	119282.81744364458	119292.13264470363	119284.44032895175	119279.02279795772	119287.649231758	119286.14017892229	119291.69905922737	119288.08750499962	119288.7098370278	119300.86880835686	119287.71020135969	119288.47396591949	119281.46637517963	119278.84182250965	119288.08750499962	119619.423542002	119330.65906418303	119560.08346668936	119281.47603663192	119673.6096711159	119285.0968818211	119282.81744364458	119288.7098370278	119330.65906418303	119355.51796466495	119363.54724974922	119285.13334155183	119346.12875808636	119294.57093843333	119292.13264470363	119300.86880835686	119560.08346668936	119363.54724974922	119538.40145860532	119294.57707975489	119623.64252622209	119285.96607380717	119284.44032895175	119287.71020135969	119281.47603663192	119285.13334155183	119294.57707975489	119286.03098387123	119281.11653812327	119281.12321080563	119279.02279795772	119288.47396591949	119673.6096711159	119346.12875808636	119623.64252622209	119281.11653812327	119783.53038823136
119284.23203620534	119283.929463425	119284.6971393977	119278.3027863397	119283.91374243659	119292.23739599113	119283.94025134633	119278.54729592384	119283.929463425	119284.23865085063	119284.9880033595	119278.44590016884	119284.20448672168	119292.39987266932	119284.23273415354	119278.65534783748	119284.6971393977	119284.9880033595	119286.73641447209	119280.73476460917	119284.98118942227	119294.3338076461	119284.99878044603	119281.06825220818	119278.3027863397	119278.44590016884	119280.73476460917	119565.75437865253	119279.03328429123	119497.53171357328	119278.45752204568	119607.71795857337	119283.91374243659	119284.20448672168	119284.98118942227	119279.03328429123	119285.11258033234	119293.25503036918	119284.2153957876	119279.44010292848	119292.23739599113	119292.39987266932	119294.3338076461	119497.53171357328	119293.25503036918	119460.43188953749	119292.40828901756	119544.9440380319	119283.94025134633	119284.23273415354	119284.99878044603	119278.45752204568	119284.2153957876	119292.40828901756	119284.24653583136	119278.65952930255	119278.54729592384	119278.65534783748	119281.06825220818	119607.71795857337	119279.44010292848	119544.9440380319	119278.65952930255	119701.44437262914
119285.2007201054	119282.97798086389	119285.38358510399	119285.06456539364	119284.16767255442	119296.71939710359	119285.06595880109	119285.26605656953	119282.97798086389	119283.88776019601	119283.44226501016	119283.11514630729	119281.4170366887	119294.6774038378	119283.11729903413	119284.18925352793	119285.38358510399	119283.44226501016	119286.24830642776	119285.52311682113	119284.79622852898	119297.27773186303	119285.52427510172	119285.70286604283	119285.06456539364	119283.11514630729	119285.52311682113	119285.32435357022	119284.2807034249	119296.92037621391	119285.20551682406	119285.5266364412	119284.16767255442	119281.4170366887	119284.79622852898	119284.2807034249	119346.60529380868	119325.75344295366	119284.26751678294	119291.97553553846	119296.71939710359	119294.6774038378	119297.27773186303	119296.92037621391	119325.75344295366	119330.34760826144	119296.82882872212	119317.44317462367	119285.06595880109	119283.11729903413	119285.52427510172	119285.20551682406	119284.26751678294	119296.82882872212	119285.20955099344	119285.39114757156	119285.26605656953	119284.18925352793	119285.70286604283	119285.5266364412	119291.97553553846	119317.44317462367	119285.39114757156	119331.62620939831
119281.8581956676	119281.36474894284	119282.06541550034	119281.73441475742	119276.85378363232	119290.3276676999	119281.73971373851	119279.10481246615	119281.36474894284	119281.63180264624	119281.82139835846	119281.48898262175	119276.48562124041	119290.06904392783	119281.49434963505	119279.01448805022	119282.06541550034	119281.82139835846	119282.95485721665	119282.18981354445	119277.42016505128	119290.84749644177	119282.19509823578	119279.50644959995	119281.73441475742	119281.48898262175	119282.18981354445	119281.90055265461	119276.95137554401	119290.45799809314	119281.86430030892	119279.26189126645	119276.85378363232	119276.48562124041	119277.42016505128	119276.95137554401	119311.25843016515	119301.51799063737	119276.96415577397	119273.58792544468	119290.3276676999	119290.06904392783	119290.84749644177	119290.45799809314	119301.51799063737	119312.13595083961	119290.44021708274	119301.75276866739	119281.73971373851	119281.49434963505	119282.19509823578	119281.86430030892	119276.96415577397	119290.44021708274	119281.87232700414	119279.2288376538	119279.10481246615	119279.01448805022	119279.50644959995	119279.26189126645	119273.58792544468	119301.75276866739	119279.2288376538	119315.91848383032
119282.66231394681	119282.62129507842	119283.1273026533	119282.58751706487	119281.4032407315	119293.62443029226	119282.63570900897	119281.92307566419	119282.62129507842	119282.65355180058	119283.1382152509	119282.59835135573	119281.41006468463	119293.63369321602	119282.64657892688	119281.9394236609	119283.1273026533	119283.1382152509	119284.2668879262	119283.10597568858	119282.01146602992	119294.22325704397	119283.1525881336	119282.3838059395	119282.58751706487	119282.59835135573	119283.10597568858	119283.11774439001	119281.3732416414	119293.96911670745	119282.61278295514	119282.47629908207	119281.4032407315	119281.41006468463	119282.01146602992	119281.3732416414	119298.74620571731	119300.67664477078	119281.42678355727	119281.88060036003	119293.62443029226	119293.63369321602	119294.22325704397	119293.96911670745	119300.67664477078	119315.94433157903	119293.64582743462	119309.87327507231	119282.63570900897	119282.64657892688	119283.1525881336	119282.61278295514	119281.42678355727	119293.64582743462	119282.66402822945	119281.94525713168	119281.92307566419	119281.9394236609	119282.3838059395	119282.47629908207	119281.88060036003	119309.87327507231	119281.94525713168	119325.36394384237
119280.45503498206	119280.00950773292	119280.90865798637	119280.42202243405	119277.27086763126	119288.87551966336	119280.43040022379	119275.87609762527	119280.00950773292	119280.1738700553	119280.51565707567	119280.02618001461	119276.81875216433	119288.50379898705	119280.03464631228	119275.65196750143	119280.90865798637	119280.51565707567	119282.04589258404	119280.92547152909	119277.85473666448	119289.4434557895	119280.93383955675	119276.29358052026	119280.42202243405	119280.02618001461	119280.92547152909	119280.47832668999	119277.28098014348	119288.91039448124	119280.44719962099	119275.9242717673	119277.27086763126	119276.81875216433	119277.85473666448	119277.28098014348	119291.65873904059	119292.24483156246	119277.29497805193	119271.01826154032	119288.87551966336	119288.50379898705	119289.4434557895	119288.91039448124	119292.24483156246	119305.8946073708	119288.89783998638	119297.01128692157	119280.43040022379	119280.03464631228	119280.93383955675	119280.44719962099	119277.29497805193	119288.89783998638	119280.4584314369	119275.8996207365	119275.87609762527	119275.65196750143	119276.29358052026	119275.9242717673	119271.01826154032	119297.01128692157	119275.8996207365	119308.99978862324
119281.97969157295	119281.96333167463	119282.44709301562	119281.96874045262	119276.69719854549	119290.66958511615	119281.97227081492	119279.96191933981	119281.96333167463	119281.97333717825	119282.4419016947	119281.9634969213	119276.68723453667	119290.66326920039	119281.9670301825	119279.96092093636	119282.44709301562	119282.4419016947	119283.55771086286	119282.44733630389	119277.40908680424	119291.2872405416	119282.45088006246	119280.3776542593	119281.96874045262	119281.9634969213	119282.44733630389	119282.01033283077	119276.69015998663	119290.69120331982	119281.97243786113	119279.99772125317	119276.69719854549	119276.68723453667	119277.40908680424	119276.69015998663	119318.78161470439	119305.13681573304	119276.70197048673	119274.72767963812	119290.66958511615	119290.66326920039	119291.2872405416	119290.69120331982	119305.13681573304	119314.02928971563	119290.67176794252	119302.3579396768	119281.97227081492	119281.9670301825	119282.45088006246	119281.97243786113	119276.70197048673	119290.67176794252	119281.98055795443	119279.96348212926	119279.96191933981	119279.96092093636	119280.3776542593	119279.99772125317	119274.72767963812	119302.3579396768	119279.96348212926	119315.51436025747
119283.33961882768	119283.32372187471	119284.13514398302	119283.33079705246	119280.4918630107	119293.87816925484	119283.33308169204	119283.0206744414	119283.32372187471	119283.33262632362	119284.12806692447	119283.32362884392	119280.4794028607	119293.86979721255	119283.32591770291	119283.01796953553	119284.13514398302	119284.12806692447	119285.97317269814	119284.13540064837	119281.78028996516	119294.97515952362	119284.13749662644	119283.76933597648	119283.33079705246	119283.32362884392	119284.13540064837	119283.39895051962	119280.49156623313	119293.9228026511	119283.33299071109	119283.08884219584	119280.4918630107	119280.4794028607	119281.78028996516	119280.49156623313	119335.08192583713	119317.05283257541	119280.49520700466	119284.62657047148	119293.87816925484	119293.86979721255	119294.97515952362	119293.9228026511	119317.05283257541	119323.37183861376	119293.87872662299	119310.90409032386	119283.33308169204	119283.32591770291	119284.13749662644	119283.33299071109	119280.49520700466	119293.87872662299	119283.34011273328	119283.0203292662	119283.0206744414	119283.01796953553	119283.76933597648	119283.08884219584	119284.62657047148	119310.90409032386	119283.0203292662	119324.37945449058
119282.87091514292	119282.86395308333	119283.71758028326	119282.84807125309	119279.05045470191	119292.60808503517	119282.85838547072	119281.6825160478	119282.86395308333	119282.86885305197	119283.71734733602	119282.84781548582	119279.04818981743	119292.60720077663	119282.85813427149	119281.68367117547	119283.71758028326	119283.71734733602	119285.68575855241	119283.70238135854	119280.36191506982	119293.73729768951	119283.7125567195	119282.44660818548	119282.84807125309	119282.84781548582	119283.70238135854	119283.02796712448	119279.02235225528	119292.71494886212	119282.84224468541	119281.86173223329	119279.05045470191	119279.04818981743	119280.36191506982	119279.02235225528	119326.53231878518	119311.27851122788	119279.05329926012	119280.25165360165	119292.60808503517	119292.60720077663	119293.73729768951	119292.71494886212	119311.27851122788	119319.43711530283	119292.59834804558	119308.04479414965	119282.85838547072	119282.85813427149	119283.7125567195	119282.84224468541	119279.05329926012	119292.59834804558	119282.87255040489	119281.66715146978	119281.6825160478	119281.68367117547	119282.44660818548	119281.86173223329	119280.25165360165	119308.04479414965	119281.66715146978	119322.81614591883
119280.82924508282	119280.74196371187	119281.37997435323	119280.79812700725	119277.87307014904	119289.75188435137	119280.82391717163	119277.15326417345	119280.74196371187	119280.77258752342	119281.29710569585	119280.71456626372	119277.77778588794	119289.67365696141	119280.74041237576	119277.10553284183	119281.37997435323	119281.29710569585	119282.66098973088	119281.3529425086	119278.53248571306	119290.39006332743	119281.37861711298	119277.6155805896	119280.79812700725	119280.71456626372	119281.3529425086	119280.9117646396	119277.8303029135	119289.8012535983	119280.79655628395	119277.24766899602	119277.87307014904	119277.77778588794	119278.53248571306	119277.8303029135	119294.00907807078	119294.20790623681	119277.87328401266	119273.02696251197	119289.75188435137	119289.67365696141	119290.39006332743	119289.8012535983	119294.20790623681	119308.03814417418	119289.74798670274	119299.67435161008	119280.82391717163	119280.74041237576	119281.37861711298	119280.79655628395	119277.87328401266	119289.74798670274	119280.8309973944	119277.14802816829	119277.15326417345	119277.10553284183	119277.6155805896	119277.24766899602	119273.02696251197	119299.67435161008	119277.14802816829	119312.65770148124
119277.99657090874	119277.99015743018	119278.91561989776	119275.75881761454	119277.9035390904	119284.79812777619	119277.779702668	119267.89437534541	119277.99015743018	119277.99464241815	119278.91611337973	119275.75920936547	119277.90398756148	119284.79862915684	119277.78026013776	119267.89583334829	119278.91561989776	119278.91611337973	119281.0745745216	119276.7043287633	119278.83236092229	119285.78069788597	119278.74003989699	119268.63979857335	119275.75881761454	119275.75920936547	119276.7043287633	119278.64254633883	119275.64899768504	119284.86269032441	119275.58999765773	119268.54117604502	119277.9035390904	119277.90398756148	119278.83236092229	119275.64899768504	119278.15526970911	119284.80109684757	119277.69790337225	119267.70747066308	119284.79812777619	119284.79862915684	119285.78069788597	119284.86269032441	119284.80109684757	119297.67348979544	119284.39835567801	119286.77230717038	119277.779702668	119277.78026013776	119278.74003989699	119275.58999765773	119277.69790337225	119284.39835567801	119278.3844076159	119267.51155469786	119267.89437534541	119267.89583334829	119268.63979857335	119268.54117604502	119267.70747066308	119286.77230717038	119267.51155469786	119291.49904954713
119284.90829707314	119283.78585955335	119285.74415297498	119283.3319305678	119283.8898421174	119295.53017975067	119284.9029640413	119283.62733057054	119283.78585955335	119284.21319435856	119284.63591614309	119282.03949573007	119282.35549674858	119294.25521625999	119283.78478708037	119282.79941993614	119285.74415297498	119284.63591614309	119287.6698820147	119284.72409170712	119285.35577973256	119297.14296469027	119285.74310966294	119285.0834160247	119283.3319305678	119282.03949573007	119284.72409170712	119361.58413576713	119293.26061166976	119356.5132957202	119283.32871699936	119374.56838835447	119283.8898421174	119282.35549674858	119285.35577973256	119293.26061166976	119345.8404183778	119332.2573188974	119283.89060640495	119302.9444431702	119295.53017975067	119294.25521625999	119297.14296469027	119356.5132957202	119332.2573188974	119376.91093789384	119295.52563109586	119387.54287473162	119284.9029640413	119283.78478708037	119285.74310966294	119283.32871699936	119283.89060640495	119295.52563109586	119284.90831280327	119283.62027646086	119283.62733057054	119282.79941993614	119285.0834160247	119374.56838835447	119302.9444431702	119387.54287473162	119283.62027646086	119436.51308483863
