3.597123935191361e6	3.5971015753327627e6	3.5971137359083085e6	3.5971025479404167e6	3.5970983510608533e6	3.5971239217375787e6	3.59711301635453e6	3.5971136757293865e6	3.59712353797434e6	3.5971015753327627e6	3.597152604827022e6	3.597151418164672e6	3.5971512078048526e6	3.597172514490804e6	3.5971015758644496e6	3.5971711298913914e6	3.597165383080206e6	3.597104412393029e6	3.5971137359083085e6	3.597151418164672e6	3.5972188370288303e6	3.5971447214961643e6	3.597174741104085e6	3.597113741064305e6	3.5971788562561874e6	3.5971972127605975e6	3.5971117492218316e6	3.5971025479404167e6	3.5971512078048526e6	3.5971447214961643e6	3.5972837475703466e6	3.597251339102116e6	3.5971025555927055e6	3.5972338862848203e6	3.5972141885114294e6	3.5971030233396175e6	3.5970983510608533e6	3.597172514490804e6	3.597174741104085e6	3.597251339102116e6	3.5972802815845334e6	3.5970983573132395e6	3.5972466608629785e6	3.5972260833852543e6	3.597097508399592e6	3.5971239217375787e6	3.5971015758644496e6	3.597113741064305e6	3.5971025555927055e6	3.5970983573132395e6	3.597123929207867e6	3.597113021822775e6	3.597113682061853e6	3.597123527004723e6	3.59711301635453e6	3.5971711298913914e6	3.5971788562561874e6	3.5972338862848203e6	3.5972466608629785e6	3.597113021822775e6	3.5972379044189565e6	3.5972219389996016e6	3.5971110291002826e6	3.5971136757293865e6	3.597165383080206e6	3.5971972127605975e6	3.5972141885114294e6	3.5972260833852543e6	3.597113682061853e6	3.5972219389996016e6	3.5972248590965057e6	3.597112178029704e6	3.59712353797434e6	3.597104412393029e6	3.5971117492218316e6	3.5971030233396175e6	3.597097508399592e6	3.597123527004723e6	3.5971110291002826e6	3.597112178029704e6	3.5971275551059097e6
3.5971229843661375e6	3.5971045287753753e6	3.597116827772128e6	3.597106917975228e6	3.59710381121952e6	3.5971229770057946e6	3.5971174284727676e6	3.597117836608476e6	3.5971228448456014e6	3.5971045287753753e6	3.59713463506962e6	3.5971334190825913e6	3.597123695249942e6	3.5971400680383947e6	3.5971045288588805e6	3.5971444374370924e6	3.5971404307113406e6	3.597105555379248e6	3.597116827772128e6	3.5971334190825913e6	3.597191826835385e6	3.597118225868375e6	3.597139897133657e6	3.597116827821709e6	3.5971490205861656e6	3.5971671690783612e6	3.597116327192707e6	3.597106917975228e6	3.597123695249942e6	3.597118225868375e6	3.5972343226154773e6	3.597194821535212e6	3.5971069200307215e6	3.59718664201745e6	3.597172389063433e6	3.5971072578242337e6	3.59710381121952e6	3.5971400680383947e6	3.597139897133657e6	3.597194821535212e6	3.597213788753545e6	3.597103811302599e6	3.5971907922943253e6	3.5971754862232953e6	3.597103754213378e6	3.5971229770057946e6	3.5971045288588805e6	3.597116827821709e6	3.5971069200307215e6	3.597103811302599e6	3.597122981265208e6	3.5971174280616296e6	3.5971178370263563e6	3.5971228409621483e6	3.5971174284727676e6	3.5971444374370924e6	3.5971490205861656e6	3.59718664201745e6	3.5971907922943253e6	3.5971174280616296e6	3.597190655204573e6	3.597179120485832e6	3.597116968258411e6	3.597117836608476e6	3.5971404307113406e6	3.5971671690783612e6	3.597172389063433e6	3.5971754862232953e6	3.5971178370263563e6	3.597179120485832e6	3.5971848883434637e6	3.597117530556757e6	3.5971228448456014e6	3.597105555379248e6	3.597116327192707e6	3.5971072578242337e6	3.597103754213378e6	3.5971228409621483e6	3.597116968258411e6	3.597117530556757e6	3.5971241387494234e6
3.5971226725185737e6	3.59710836578473e6	3.5971210785554317e6	3.597109719202047e6	3.597108489741882e6	3.5971226580460356e6	3.5971213612588295e6	3.5971219233730575e6	3.5971225873081773e6	3.59710836578473e6	3.5971244246284375e6	3.5971175100552677e6	3.597112534443067e6	3.597122856612049e6	3.597108357282284e6	3.597130105731973e6	3.597124851492703e6	3.597109459688575e6	3.5971210785554317e6	3.5971175100552677e6	3.5971516756597166e6	3.597109293086964e6	3.597117838633782e6	3.5971210715514612e6	3.597129907631029e6	3.597139134674459e6	3.597120789276635e6	3.597109719202047e6	3.597112534443067e6	3.597109293086964e6	3.5972113088146783e6	3.5971696789119807e6	3.597109717078041e6	3.597165580404976e6	3.5971546739051845e6	3.5971101578691313e6	3.597108489741882e6	3.597122856612049e6	3.597117838633782e6	3.5971696789119807e6	3.5971814580188617e6	3.5971084817234282e6	3.5971636369935293e6	3.597148862925943e6	3.5971085155222183e6	3.5971226580460356e6	3.597108357282284e6	3.5971210715514612e6	3.597109717078041e6	3.5971084817234282e6	3.5971226689778026e6	3.5971213548097834e6	3.5971219172416255e6	3.5971225755870035e6	3.5971213612588295e6	3.597130105731973e6	3.597129907631029e6	3.597165580404976e6	3.5971636369935293e6	3.5971213548097834e6	3.597167833815702e6	3.5971564922110355e6	3.597120972097974e6	3.5971219233730575e6	3.597124851492703e6	3.597139134674459e6	3.5971546739051845e6	3.597148862925943e6	3.5971219172416255e6	3.5971564922110355e6	3.597158999327814e6	3.597121762659115e6	3.5971225873081773e6	3.597109459688575e6	3.597120789276635e6	3.5971101578691313e6	3.5971085155222183e6	3.5971225755870035e6	3.597120972097974e6	3.597121762659115e6	3.5971239984627413e6
3.597110316507486e6	3.597110309132832e6	3.5971116032487648e6	3.5970973246726627e6	3.597106588878164e6	3.597109756797735e6	3.5971135344615923e6	3.597111882809093e6	3.5971104395108735e6	3.597110309132832e6	3.5971103147068513e6	3.5971116003641747e6	3.597097319066331e6	3.5971065861179787e6	3.5971097528943685e6	3.5971135312210605e6	3.59711187935579e6	3.5971104356570393e6	3.5971116032487648e6	3.5971116003641747e6	3.597125452394372e6	3.5970956356324777e6	3.5971076817509597e6	3.5971111224375945e6	3.5971149868559414e6	3.5971182513870574e6	3.597111691777912e6	3.5970973246726627e6	3.597097319066331e6	3.5970956356324777e6	3.5971288176396983e6	3.5971001250418727e6	3.597096925867094e6	3.597106640426037e6	3.597107824453634e6	3.597097627867999e6	3.597106588878164e6	3.5971065861179787e6	3.5971076817509597e6	3.5971001250418727e6	3.5971137807938904e6	3.5971059938377254e6	3.597112376379871e6	3.5971096495099533e6	3.597106721370856e6	3.597109756797735e6	3.5971097528943685e6	3.5971111224375945e6	3.597096925867094e6	3.5971059938377254e6	3.5971101421849346e6	3.5971130240744953e6	3.5971113724633795e6	3.597109884592532e6	3.5971135344615923e6	3.5971135312210605e6	3.5971149868559414e6	3.597106640426037e6	3.597112376379871e6	3.5971130240744953e6	3.5971214714588798e6	3.597118695950853e6	3.597113624798168e6	3.597111882809093e6	3.59711187935579e6	3.5971182513870574e6	3.597107824453634e6	3.5971096495099533e6	3.5971113724633795e6	3.597118695950853e6	3.5971243932645605e6	3.59711202485005e6	3.5971104395108735e6	3.5971104356570393e6	3.597111691777912e6	3.597097627867999e6	3.597106721370856e6	3.597109884592532e6	3.597113624798168e6	3.59711202485005e6	3.5971107772011147e6
3.5971193485593917e6	3.597108946860026e6	3.597119095534015e6	3.5971100335054407e6	3.5971101956860605e6	3.5971193050898053e6	3.597121911229043e6	3.597121451832292e6	3.597119369910413e6	3.597108946860026e6	3.5971241660161437e6	3.597123441531236e6	3.597115949799804e6	3.5971258761957996e6	3.597108916711964e6	3.597133667306352e6	3.597129811904044e6	3.5971094298505546e6	3.597119095534015e6	3.597123441531236e6	3.5971714469509902e6	3.5971124082295317e6	3.5971265445655067e6	3.5971190830070674e6	3.5971377673809794e6	3.5971520968488185e6	3.5971188005900797e6	3.5971100335054407e6	3.597115949799804e6	3.5971124082295317e6	3.597222086157083e6	3.5971782692036643e6	3.5971100268351836e6	3.597174928825159e6	3.5971624716615025e6	3.5971101788727543e6	3.5971101956860605e6	3.5971258761957996e6	3.5971265445655067e6	3.5971782692036643e6	3.597188203957464e6	3.597110172239925e6	3.597172122026787e6	3.5971583570900722e6	3.597110013578983e6	3.5971193050898053e6	3.597108916711964e6	3.5971190830070674e6	3.5971100268351836e6	3.597110172239925e6	3.597119341888569e6	3.5971218952315417e6	3.5971214384584012e6	3.597119329021684e6	3.597121911229043e6	3.597133667306352e6	3.5971377673809794e6	3.597174928825159e6	3.597172122026787e6	3.5971218952315417e6	3.5971767503509177e6	3.5971658899764493e6	3.597121525427487e6	3.597121451832292e6	3.597129811904044e6	3.5971520968488185e6	3.5971624716615025e6	3.5971583570900722e6	3.5971214384584012e6	3.5971658899764493e6	3.5971705679381858e6	3.5971212104700753e6	3.597119369910413e6	3.5971094298505546e6	3.5971188005900797e6	3.5971101788727543e6	3.597110013578983e6	3.597119329021684e6	3.597121525427487e6	3.5971212104700753e6	3.597120257687838e6
3.597126819263936e6	3.597104286174541e6	3.5971158691712376e6	3.597104788144783e6	3.597100631337184e6	3.597125864823512e6	3.597115197114005e6	3.597115837435473e6	3.597126641770105e6	3.597104286174541e6	3.5971534597886074e6	3.5971539525356125e6	3.5971527132616974e6	3.5971742739808527e6	3.597104202710061e6	3.597173455189939e6	3.597167582043809e6	3.5971055466122683e6	3.5971158691712376e6	3.5971539525356125e6	3.597220212993035e6	3.5971467032814827e6	3.5971761409367356e6	3.5971163091318025e6	3.5971801208327473e6	3.5971986251749713e6	3.5971149836687623e6	3.597104788144783e6	3.5971527132616974e6	3.5971467032814827e6	3.5972852851715367e6	3.597252686579279e6	3.5971053094372265e6	3.5972355138676637e6	3.5972158942345823e6	3.597104999564763e6	3.597100631337184e6	3.5971742739808527e6	3.5971761409367356e6	3.597252686579279e6	3.5972811147642583e6	3.5971010987939816e6	3.5972476508523095e6	3.597227241641934e6	3.5971002526674108e6	3.597125864823512e6	3.597104202710061e6	3.5971163091318025e6	3.5971053094372265e6	3.5971010987939816e6	3.5971264235454374e6	3.597115656072023e6	3.5971163403843907e6	3.5971256931413803e6	3.597115197114005e6	3.597173455189939e6	3.5971801208327473e6	3.5972355138676637e6	3.5972476508523095e6	3.597115656072023e6	3.597238835765606e6	3.5972230887020878e6	3.5971143094925187e6	3.597115837435473e6	3.597167582043809e6	3.5971986251749713e6	3.5972158942345823e6	3.597227241641934e6	3.5971163403843907e6	3.5972230887020878e6	3.5972261748778275e6	3.5971151689757234e6	3.597126641770105e6	3.5971055466122683e6	3.5971149836687623e6	3.597104999564763e6	3.5971002526674108e6	3.5971256931413803e6	3.5971143094925187e6	3.5971151689757234e6	3.5971284316645786e6
3.5971250692909285e6	3.5971023279673015e6	3.5971139983394123e6	3.5971028567862855e6	3.5970986428350494e6	3.5971241715426487e6	3.597113269208094e6	3.5971139208823172e6	3.5971248361920817e6	3.5971023279673015e6	3.5971523973984686e6	3.597152492731459e6	3.5971515979026034e6	3.5971732503345525e6	3.597102259281232e6	3.597172185561041e6	3.5971663090263167e6	3.597103970536161e6	3.5971139983394123e6	3.597152492731459e6	3.5972191388193527e6	3.5971455030658147e6	3.597175246036503e6	3.597114420195563e6	3.5971791505591827e6	3.5971976145591508e6	3.597112849260066e6	3.5971028567862855e6	3.5971515979026034e6	3.5971455030658147e6	3.597284417273366e6	3.597252037669151e6	3.597103357378732e6	3.597234645559635e6	3.5972149474244243e6	3.5971031339505776e6	3.5970986428350494e6	3.5971732503345525e6	3.597175246036503e6	3.597252037669151e6	3.597280839247754e6	3.597099096571015e6	3.597247138893252e6	3.597226622129796e6	3.5970981563049355e6	3.5971241715426487e6	3.597102259281232e6	3.597114420195563e6	3.597103357378732e6	3.597099096571015e6	3.5971246928490293e6	3.597113711932258e6	3.59711440434778e6	3.597123945025293e6	3.597113269208094e6	3.597172185561041e6	3.5971791505591827e6	3.597234645559635e6	3.597247138893252e6	3.597113711932258e6	3.5972381760751465e6	3.5972223233467443e6	3.5971121198391407e6	3.5971139208823172e6	3.5971663090263167e6	3.5971976145591508e6	3.5972149474244243e6	3.597226622129796e6	3.59711440434778e6	3.5972223233467443e6	3.597225332999312e6	3.5971130552085154e6	3.5971248361920817e6	3.597103970536161e6	3.597112849260066e6	3.5971031339505776e6	3.5970981563049355e6	3.597123945025293e6	3.5971121198391407e6	3.5971130552085154e6	3.597127159595986e6
3.5971135368221127e6	3.5971078750772784e6	3.5971139620868606e6	3.5971036266836463e6	3.597113481504959e6	3.5971116571243806e6	3.5971152963507716e6	3.597114418751488e6	3.5971139934089677e6	3.5971078750772784e6	3.597111499551149e6	3.597114032816364e6	3.5970923410895104e6	3.597107828600581e6	3.597106034674792e6	3.5971100889362046e6	3.59711020754124e6	3.5971087934209043e6	3.5971139620868606e6	3.597114032816364e6	3.597172344251317e6	3.5970873650167948e6	3.5971138995185317e6	3.597113116600525e6	3.597116586956129e6	3.5971375523620625e6	3.597113842755605e6	3.5971036266836463e6	3.5970923410895104e6	3.5970873650167948e6	3.5971386028945693e6	3.5971036280607716e6	3.5971020403127437e6	3.5971072997832624e6	3.5971060472291503e6	3.5971050312213623e6	3.597113481504959e6	3.597107828600581e6	3.5971138995185317e6	3.5971036280607716e6	3.59711354173647e6	3.5971116023930544e6	3.59711525718474e6	3.5971143685019426e6	3.5971139418867333e6	3.5971116571243806e6	3.597106034674792e6	3.597113116600525e6	3.5971020403127437e6	3.5971116023930544e6	3.597112827461905e6	3.597113518864421e6	3.5971129578586863e6	3.597112134554665e6	3.5971152963507716e6	3.5971100889362046e6	3.597116586956129e6	3.5971072997832624e6	3.59711525718474e6	3.597113518864421e6	3.5971192138726977e6	3.5971181050964226e6	3.597115665832384e6	3.597114418751488e6	3.59711020754124e6	3.5971375523620625e6	3.5971060472291503e6	3.5971143685019426e6	3.5971129578586863e6	3.5971181050964226e6	3.597131853923869e6	3.597114845078395e6	3.5971139934089677e6	3.5971087934209043e6	3.597113842755605e6	3.5971050312213623e6	3.5971139418867333e6	3.597112134554665e6	3.597115665832384e6	3.597114845078395e6	3.5971156549939094e6
3.5971382331339545e6	3.5971373458322436e6	3.5971304524098234e6	3.597121332484549e6	3.597137015141163e6	3.5970928130147923e6	3.5971404718677304e6	3.597136516915508e6	3.59713839140855e6	3.5971373458322436e6	3.597137931160109e6	3.597130439165213e6	3.5971203168842783e6	3.597136506274001e6	3.5970923388776197e6	3.5971401935654273e6	3.597136233717429e6	3.59713753667658e6	3.5971304524098234e6	3.597130439165213e6	3.597170998535278e6	3.597112246193044e6	3.5971300266511217e6	3.597110075992208e6	3.5971390643888544e6	3.5971522994968053e6	3.597130258819334e6	3.597121332484549e6	3.5971203168842783e6	3.597112246193044e6	3.5971738721052734e6	3.597135643020575e6	3.5970990612322455e6	3.5971461582374647e6	3.597141477182911e6	3.597121779984352e6	3.597137015141163e6	3.597136506274001e6	3.5971300266511217e6	3.597135643020575e6	3.597151881949773e6	3.597092931805802e6	3.5971485161755793e6	3.597142152867668e6	3.597137075823549e6	3.5970928130147923e6	3.5970923388776197e6	3.597110075992208e6	3.5970990612322455e6	3.597092931805802e6	3.597137403714516e6	3.597109247990973e6	3.597110060361831e6	3.597093010995447e6	3.5971404718677304e6	3.5971401935654273e6	3.5971390643888544e6	3.5971461582374647e6	3.5971485161755793e6	3.597109247990973e6	3.5971599877563333e6	3.597154005345297e6	3.59714032420545e6	3.597136516915508e6	3.597136233717429e6	3.5971522994968053e6	3.597141477182911e6	3.597142152867668e6	3.597110060361831e6	3.597154005345297e6	3.597161700584613e6	3.5971364643587326e6	3.59713839140855e6	3.59713753667658e6	3.597130258819334e6	3.597121779984352e6	3.597137075823549e6	3.597093010995447e6	3.59714032420545e6	3.5971364643587326e6	3.5971391685052346e6
3.597137128627092e6	3.597136415215204e6	3.597130355233029e6	3.5971176043498404e6	3.597133766404809e6	3.5970904798399974e6	3.5971379745772732e6	3.5971348641442163e6	3.5971374701116933e6	3.597136415215204e6	3.5971368617641125e6	3.597130180221656e6	3.597117141645314e6	3.597133742082275e6	3.5970900161144063e6	3.5971378945795884e6	3.597134679976807e6	3.597136806725449e6	3.597130355233029e6	3.597130180221656e6	3.5971625062337266e6	3.597109728298094e6	3.5971279734270414e6	3.5971041806373033e6	3.597136337652232e6	3.5971469756446285e6	3.597130116420902e6	3.5971176043498404e6	3.597117141645314e6	3.597109728298094e6	3.597186017528422e6	3.5971513234383403e6	3.5970943315137667e6	3.5971511785307173e6	3.5971443592560277e6	3.59711835893864e6	3.597133766404809e6	3.597133742082275e6	3.5971279734270414e6	3.5971513234383403e6	3.5971707102993783e6	3.5970885844789883e6	3.597156301713261e6	3.5971470893045785e6	3.597133653038703e6	3.5970904798399974e6	3.5970900161144063e6	3.5971041806373033e6	3.5970943315137667e6	3.5970885844789883e6	3.5971338601502785e6	3.5971045250697252e6	3.597104607809686e6	3.5970910161842126e6	3.5971379745772732e6	3.5971378945795884e6	3.597136337652232e6	3.5971511785307173e6	3.597156301713261e6	3.5971045250697252e6	3.597161654033889e6	3.5971542345635733e6	3.597137602250904e6	3.5971348641442163e6	3.597134679976807e6	3.5971469756446285e6	3.5971443592560277e6	3.5971470893045785e6	3.597104607809686e6	3.5971542345635733e6	3.5971598399610855e6	3.5971347749565677e6	3.5971374701116933e6	3.597136806725449e6	3.597130116420902e6	3.59711835893864e6	3.597133653038703e6	3.5970910161842126e6	3.597137602250904e6	3.5971347749565677e6	3.5971390909308284e6
3.597122031871235e6	3.597104534291246e6	3.5971135022522844e6	3.597122013137299e6	3.597111154407899e6	3.597121704742117e6	3.5971223265519734e6	3.597121228159066e6	3.597122043536087e6	3.597104534291246e6	3.5971060622120774e6	3.5971045979483575e6	3.597104497475159e6	3.597098456658925e6	3.597104221665849e6	3.5971065510546914e6	3.5971071062038364e6	3.597105452050824e6	3.5971135022522844e6	3.5971045979483575e6	3.597160343910646e6	3.5971134441299355e6	3.5971058693716014e6	3.597113401032257e6	3.5971155979002635e6	3.597136340008504e6	3.5971135809410247e6	3.597122013137299e6	3.597104497475159e6	3.5971134441299355e6	3.5971220882341266e6	3.5971111548217544e6	3.5971216886149505e6	3.5971223141243793e6	3.5971212107458455e6	3.5971220281423624e6	3.597111154407899e6	3.597098456658925e6	3.5971058693716014e6	3.5971111548217544e6	3.5971218460307345e6	3.5971107467075456e6	3.597113514361157e6	3.5971107902680947e6	3.597111345594239e6	3.597121704742117e6	3.597104221665849e6	3.597113401032257e6	3.5971216886149505e6	3.5971107467075456e6	3.5971219672967317e6	3.5971220091898125e6	3.5971209827390313e6	3.597121720668508e6	3.5971223265519734e6	3.5971065510546914e6	3.5971155979002635e6	3.5971223141243793e6	3.597113514361157e6	3.5971220091898125e6	3.597124612852827e6	3.597123149693435e6	3.5971223123784373e6	3.597121228159066e6	3.5971071062038364e6	3.597136340008504e6	3.5971212107458455e6	3.5971107902680947e6	3.5971209827390313e6	3.597123149693435e6	3.5971362565421453e6	3.597121291784207e6	3.597122043536087e6	3.597105452050824e6	3.5971135809410247e6	3.5971220281423624e6	3.597111345594239e6	3.597121720668508e6	3.5971223123784373e6	3.597121291784207e6	3.5971229066843158e6
3.5971252096361807e6	3.597103038096615e6	3.59711472146649e6	3.5971037379991664e6	3.597099429810855e6	3.5971250384447146e6	3.59711399737868e6	3.5971146957646706e6	3.597125198698268e6	3.597103038096615e6	3.597152039918729e6	3.597153876068704e6	3.597152127571225e6	3.597174264629356e6	3.5971030260374933e6	3.5971735944664176e6	3.597167538210448e6	3.597103104547245e6	3.59711472146649e6	3.597153876068704e6	3.597219199192022e6	3.597146176743351e6	3.5971756169121214e6	3.5971148013744936e6	3.5971792248683646e6	3.5971977970691025e6	3.597114675606941e6	3.5971037379991664e6	3.597152127571225e6	3.597146176743351e6	3.5972849650071533e6	3.597252697798933e6	3.59710383374117e6	3.5972353562109764e6	3.597215605692975e6	3.597103750055718e6	3.597099429810855e6	3.597174264629356e6	3.5971756169121214e6	3.597252697798933e6	3.597281398731659e6	3.5970995162765775e6	3.597247553809946e6	3.5972270652810894e6	3.597099410853503e6	3.5971250384447146e6	3.5971030260374933e6	3.5971148013744936e6	3.59710383374117e6	3.5970995162765775e6	3.597125137599155e6	3.5971140813453174e6	3.5971147876224164e6	3.5971250301208105e6	3.59711399737868e6	3.5971735944664176e6	3.5971792248683646e6	3.5972353562109764e6	3.597247553809946e6	3.5971140813453174e6	3.597238285959524e6	3.597222534548413e6	3.597113951542823e6	3.5971146957646706e6	3.597167538210448e6	3.5971977970691025e6	3.597215605692975e6	3.5972270652810894e6	3.5971147876224164e6	3.597222534548413e6	3.597225616387259e6	3.597114661490235e6	3.597125198698268e6	3.597103104547245e6	3.597114675606941e6	3.597103750055718e6	3.597099410853503e6	3.5971250301208105e6	3.597113951542823e6	3.597114661490235e6	3.5971252913591024e6
3.597124793041882e6	3.597102440385304e6	3.5971141550461086e6	3.5971031100797327e6	3.5970988353973245e6	3.597124425720885e6	3.5971134280274734e6	3.5971141107442533e6	3.5971246905294466e6	3.597102440385304e6	3.5971519122764617e6	3.5971530281293746e6	3.5971516436090856e6	3.5971735858538104e6	3.597102412931267e6	3.597172746197674e6	3.5971667620414435e6	3.5971031609399025e6	3.5971141550461086e6	3.5971530281293746e6	3.5972188844221598e6	3.597145611441907e6	3.59717518546318e6	3.5971143276999057e6	3.597178911559831e6	3.597197435573497e6	3.5971136511178287e6	3.5971031100797327e6	3.5971516436090856e6	3.597145611441907e6	3.5972844666443e6	3.5972521632767557e6	3.5971033153713536e6	3.5972347925376403e6	3.5972150572506925e6	3.597103231714265e6	3.5970988353973245e6	3.5971735858538104e6	3.59717518546318e6	3.5972521632767557e6	3.5972809190974957e6	3.5970990214997116e6	3.597247123885885e6	3.5972266166103967e6	3.597098622118879e6	3.597124425720885e6	3.597102412931267e6	3.5971143276999057e6	3.5971033153713536e6	3.5970990214997116e6	3.5971246388184e6	3.5971136093953284e6	3.5971143087840993e6	3.5971243263874804e6	3.5971134280274734e6	3.597172746197674e6	3.597178911559831e6	3.5972347925376403e6	3.597247123885885e6	3.5971136093953284e6	3.5972379741819967e6	3.597222174698772e6	3.5971129239785564e6	3.5971141107442533e6	3.5971667620414435e6	3.597197435573497e6	3.5972150572506925e6	3.5972266166103967e6	3.5971143087840993e6	3.597222174698772e6	3.59722522122905e6	3.597113731132887e6	3.5971246905294466e6	3.5971031609399025e6	3.5971136511178287e6	3.597103231714265e6	3.597098622118879e6	3.5971243263874804e6	3.5971129239785564e6	3.597113731132887e6	3.5971257093957914e6
3.5971241231621285e6	3.5971024115451975e6	3.597113861676001e6	3.597102966694075e6	3.597098925545173e6	3.597123523195524e6	3.5971133385957913e6	3.597113962470159e6	3.597124116933978e6	3.5971024115451975e6	3.597149668299901e6	3.59715164620801e6	3.597149603688028e6	3.597171154789838e6	3.5971023500871393e6	3.5971708732787813e6	3.597164944334022e6	3.5971024456499494e6	3.597113861676001e6	3.59715164620801e6	3.597217037781698e6	3.5971438528241976e6	3.597172749628266e6	3.597114134127703e6	3.5971766865888024e6	3.59719535205284e6	3.5971138374502948e6	3.597102966694075e6	3.597149603688028e6	3.5971438528241976e6	3.597282195284426e6	3.5972493114659833e6	3.597103288265775e6	3.597232413842028e6	3.5972128214972583e6	3.5971029728011494e6	3.597098925545173e6	3.597171154789838e6	3.597172749628266e6	3.5972493114659833e6	3.5972770724711185e6	3.5970992092071073e6	3.597243851552171e6	3.5972235860585943e6	3.5970989149289103e6	3.597123523195524e6	3.5971023500871393e6	3.597114134127703e6	3.597103288265775e6	3.5970992092071073e6	3.59712388057145e6	3.597113619684297e6	3.597114272217902e6	3.5971235196459573e6	3.5971133385957913e6	3.5971708732787813e6	3.5971766865888024e6	3.597232413842028e6	3.597243851552171e6	3.597113619684297e6	3.5972350808393713e6	3.5972195078052534e6	3.597113314083234e6	3.597113962470159e6	3.597164944334022e6	3.59719535205284e6	3.5972128214972583e6	3.5972235860585943e6	3.597114272217902e6	3.5972195078052534e6	3.5972227389104613e6	3.597113944177542e6	3.597124116933978e6	3.5971024456499494e6	3.5971138374502948e6	3.5971029728011494e6	3.5970989149289103e6	3.5971235196459573e6	3.597113314083234e6	3.597113944177542e6	3.5971241651026644e6
3.597124710570555e6	3.5971018249721397e6	3.597113198421843e6	3.5971021182366055e6	3.597097983331211e6	3.5971231414725035e6	3.5971125443229326e6	3.597113159245428e6	3.597124522648521e6	3.5971018249721397e6	3.597150958647833e6	3.597151388190483e6	3.5971500430547995e6	3.5971715907353456e6	3.597101685450968e6	3.5971707929678676e6	3.597164948327372e6	3.5971031467018924e6	3.597113198421843e6	3.597151388190483e6	3.5972178547424003e6	3.59714414860395e6	3.5971736140249656e6	3.597113922121359e6	3.597177634074445e6	3.597196177971161e6	3.5971122718362403e6	3.5971021182366055e6	3.5971500430547995e6	3.59714414860395e6	3.597282525315148e6	3.5972498716989076e6	3.597102969695604e6	3.597232787307604e6	3.5972132172081047e6	3.5971023424362526e6	3.597097983331211e6	3.5971715907353456e6	3.5971736140249656e6	3.5972498716989076e6	3.5972782657315074e6	3.5970987468969095e6	3.5972449078275524e6	3.5972245574974585e6	3.59709758960132e6	3.5971231414725035e6	3.597101685450968e6	3.597113922121359e6	3.597102969695604e6	3.5970987468969095e6	3.5971240605271426e6	3.5971132954742447e6	3.5971139835587926e6	3.59712296191845e6	3.5971125443229326e6	3.5971707929678676e6	3.597177634074445e6	3.597232787307604e6	3.5972449078275524e6	3.5971132954742447e6	3.597236179964414e6	3.5972204770568875e6	3.597111616837926e6	3.597113159245428e6	3.597164948327372e6	3.597196177971161e6	3.5972132172081047e6	3.5972245574974585e6	3.5971139835587926e6	3.5972204770568875e6	3.597223609547438e6	3.5971124610630143e6	3.597124522648521e6	3.5971031467018924e6	3.5971122718362403e6	3.5971023424362526e6	3.59709758960132e6	3.59712296191845e6	3.597111616837926e6	3.5971124610630143e6	3.597126396067952e6
3.597124467020302e6	3.5971018076344663e6	3.5971131685497216e6	3.5971021446427465e6	3.5970978715077164e6	3.597123406707736e6	3.597112438125853e6	3.597113109922801e6	3.597124462689887e6	3.5971018076344663e6	3.59715067963022e6	3.5971525505208746e6	3.597150764469751e6	3.5971728986136043e6	3.597101723502968e6	3.5971722527104486e6	3.5971661940852934e6	3.5971018258136176e6	3.5971131685497216e6	3.5971525505208746e6	3.5972179902356113e6	3.5971450035809246e6	3.597174404619737e6	3.5971136696461425e6	3.597178010034791e6	3.5971966018686513e6	3.59711315653683e6	3.5971021446427465e6	3.597150764469751e6	3.5971450035809246e6	3.5972838069785293e6	3.5972515070837517e6	3.597102736343649e6	3.597234175434565e6	3.5972144429589226e6	3.5971021486883834e6	3.5970978715077164e6	3.5971728986136043e6	3.597174404619737e6	3.5972515070837517e6	3.59728015945828e6	3.597098409281475e6	3.5972463250542926e6	3.5972258585029617e6	3.597097866938506e6	3.597123406707736e6	3.597101723502968e6	3.5971136696461425e6	3.597102736343649e6	3.597098409281475e6	3.5971240232535573e6	3.5971129640971427e6	3.5971136834538034e6	3.597123405192127e6	3.597112438125853e6	3.5971722527104486e6	3.597178010034791e6	3.597234175434565e6	3.5972463250542926e6	3.5971129640971427e6	3.5972370592308603e6	3.597221330134737e6	3.597112426144842e6	3.597113109922801e6	3.5971661940852934e6	3.5971966018686513e6	3.5972144429589226e6	3.5972258585029617e6	3.5971136834538034e6	3.597221330134737e6	3.597224433791454e6	3.597113101186681e6	3.597124462689887e6	3.5971018258136176e6	3.59711315653683e6	3.5971021486883834e6	3.597097866938506e6	3.597123405192127e6	3.597112426144842e6	3.597113101186681e6	3.5971244868901465e6
3.597126019037856e6	3.597102845848717e6	3.5971147630674667e6	3.5971034198218174e6	3.5970993078135685e6	3.5971248118112623e6	3.5971140238374006e6	3.5971146323729027e6	3.597125461503908e6	3.597102845848717e6	3.5971546280467706e6	3.597152220188926e6	3.5971526197826527e6	3.5971736059071925e6	3.5971027590757892e6	3.597171936127502e6	3.597166305990656e6	3.597106771761997e6	3.5971147630674667e6	3.597152220188926e6	3.597220664995411e6	3.5971461620500516e6	3.597176392555188e6	3.59711532783211e6	3.597180697801876e6	3.59719898437448e6	3.5971120168149304e6	3.5971034198218174e6	3.5971526197826527e6	3.5971461620500516e6	3.59728534324817e6	3.597252862851848e6	3.5971040948066604e6	3.597235349368158e6	3.5972156874592546e6	3.597104081881259e6	3.5970993078135685e6	3.5971736059071925e6	3.597176392555188e6	3.597252862851848e6	3.597281887462317e6	3.597099918127716e6	3.597248336380864e6	3.597227736108744e6	3.59709814504403e6	3.5971248118112623e6	3.5971027590757892e6	3.59711532783211e6	3.5971040948066604e6	3.597099918127716e6	3.5971255114355455e6	3.5971146172130746e6	3.5971152811236316e6	3.597124270105953e6	3.5971140238374006e6	3.597171936127502e6	3.597180697801876e6	3.597235349368158e6	3.597248336380864e6	3.5971146172130746e6	3.597239766078354e6	3.59722372974694e6	3.5971112768431176e6	3.5971146323729027e6	3.597166305990656e6	3.59719898437448e6	3.5972156874592546e6	3.597227736108744e6	3.5971152811236316e6	3.59722372974694e6	3.59722660186829e6	3.597112563363124e6	3.597125461503908e6	3.597106771761997e6	3.5971120168149304e6	3.597104081881259e6	3.59709814504403e6	3.597124270105953e6	3.5971112768431176e6	3.597112563363124e6	3.597131013873212e6
3.5971259603447374e6	3.5971025961010023e6	3.59711440337507e6	3.597102993335408e6	3.5970991035397286e6	3.597123985640148e6	3.597113786394653e6	3.597114309452297e6	3.5971252095322595e6	3.5971025961010023e6	3.597154372113824e6	3.597150471308642e6	3.597151377353855e6	3.5971715906824926e6	3.5971024290663814e6	3.597169782702289e6	3.597164435180806e6	3.597107977622671e6	3.59711440337507e6	3.597150471308642e6	3.5972203242944735e6	3.597144963075932e6	3.597175258573525e6	3.5971153057600628e6	3.597180031895132e6	3.5971983060712614e6	3.5971105616361164e6	3.597102993335408e6	3.597151377353855e6	3.597144963075932e6	3.5972838007213497e6	3.5972508759581787e6	3.5971040677345283e6	3.5972335993957026e6	3.5972141373525565e6	3.597103868692915e6	3.5970991035397286e6	3.5971715906824926e6	3.597175258573525e6	3.5972508759581787e6	3.5972795291854106e6	3.5971000577292615e6	3.5972465015764283e6	3.597226065022913e6	3.5970974196818294e6	3.597123985640148e6	3.5971024290663814e6	3.5971153057600628e6	3.5971040677345283e6	3.5971000577292615e6	3.597125144898985e6	3.5971147202558615e6	3.597115339640612e6	3.5971232662800257e6	3.597113786394653e6	3.597169782702289e6	3.597180031895132e6	3.5972335993957026e6	3.5972465015764283e6	3.5971147202558615e6	3.597238531153573e6	3.597222552442342e6	3.5971099254033323e6	3.597114309452297e6	3.597164435180806e6	3.5971983060712614e6	3.5972141373525565e6	3.597226065022913e6	3.597115339640612e6	3.597222552442342e6	3.5972254924547723e6	3.597111394040898e6	3.5971252095322595e6	3.597107977622671e6	3.5971105616361164e6	3.597103868692915e6	3.5970974196818294e6	3.5971232662800257e6	3.5971099254033323e6	3.597111394040898e6	3.5971329187482717e6
3.5971127221289827e6	3.5971092229106855e6	3.59711185100643e6	3.5971039830258377e6	3.597111787384671e6	3.597111584483491e6	3.5971127273274343e6	3.597112658181423e6	3.5971175786784803e6	3.5971092229106855e6	3.5971141278708624e6	3.5971101529822065e6	3.597098622057343e6	3.5971084122866443e6	3.597108116550738e6	3.5971092318905117e6	3.5971095709241163e6	3.5971174918022603e6	3.59711185100643e6	3.5971101529822065e6	3.5971449567658966e6	3.597089104886325e6	3.5971107260685116e6	3.597111038564218e6	3.597111860722563e6	3.597122536166169e6	3.597113235930486e6	3.5971039830258377e6	3.597098622057343e6	3.597089104886325e6	3.5971425800187113e6	3.5971038725692327e6	3.597103123911131e6	3.5971039996112846e6	3.597106262306136e6	3.59711741084356e6	3.597111787384671e6	3.5971084122866443e6	3.5971107260685116e6	3.5971038725692327e6	3.5971126492994437e6	3.5971106314387596e6	3.5971117969285706e6	3.5971116475418396e6	3.597116898752142e6	3.597111584483491e6	3.597108116550738e6	3.597111038564218e6	3.597103123911131e6	3.5971106314387596e6	3.5971123189660087e6	3.5971115931419996e6	3.597111626137424e6	3.5971165715896804e6	3.5971127273274343e6	3.5971092318905117e6	3.597111860722563e6	3.5971039996112846e6	3.5971117969285706e6	3.5971115931419996e6	3.5971127468660404e6	3.5971126737750117e6	3.5971175811120914e6	3.597112658181423e6	3.5971095709241163e6	3.597122536166169e6	3.597106262306136e6	3.5971116475418396e6	3.597111626137424e6	3.5971126737750117e6	3.5971219459548933e6	3.5971182825978845e6	3.5971175786784803e6	3.5971174918022603e6	3.597113235930486e6	3.59711741084356e6	3.597116898752142e6	3.5971165715896804e6	3.5971175811120914e6	3.5971182825978845e6	3.5971324267271827e6
3.5971115122370366e6	3.5971077752639586e6	3.5971116219136985e6	3.597100089168088e6	3.597111496451004e6	3.59710833762509e6	3.5971119512861213e6	3.5971113536486356e6	3.597113146133752e6	3.5971077752639586e6	3.597110308373917e6	3.597109774956551e6	3.597093305941878e6	3.5971077634614194e6	3.597104597848587e6	3.5971082753219237e6	3.5971077594140116e6	3.597110320779647e6	3.5971116219136985e6	3.597109774956551e6	3.597140414965478e6	3.597089837693231e6	3.597111606468444e6	3.597109269993115e6	3.597112071396369e6	3.5971206644562706e6	3.597112212930437e6	3.597100089168088e6	3.597093305941878e6	3.597089837693231e6	3.5971303122409335e6	3.5971000887682266e6	3.597097544173354e6	3.5971009975375505e6	3.597102530602744e6	3.5971044612386487e6	3.597111496451004e6	3.5971077634614194e6	3.597111606468444e6	3.5971000887682266e6	3.5971115113551538e6	3.597108323698018e6	3.597111939085549e6	3.5971113400569763e6	3.5971131336642494e6	3.59710833762509e6	3.597104597848587e6	3.597109269993115e6	3.597097544173354e6	3.597108323698018e6	3.5971101819512416e6	3.597108814193553e6	3.597108409488828e6	3.597110088483906e6	3.5971119512861213e6	3.5971082753219237e6	3.597112071396369e6	3.5971009975375505e6	3.597111939085549e6	3.597108814193553e6	3.5971129333470804e6	3.597112131417125e6	3.597113521277296e6	3.5971113536486356e6	3.5971077594140116e6	3.5971206644562706e6	3.597102530602744e6	3.5971113400569763e6	3.597108409488828e6	3.597112131417125e6	3.5971198771161153e6	3.597113231716711e6	3.597113146133752e6	3.597110320779647e6	3.597112212930437e6	3.5971044612386487e6	3.5971131336642494e6	3.597110088483906e6	3.597113521277296e6	3.597113231716711e6	3.5971179836337785e6
3.597108300836824e6	3.5971062736877124e6	3.5971090833453313e6	3.5970963599322625e6	3.59710828082857e6	3.597108288926282e6	3.597109285905451e6	3.5971083179661366e6	3.5971091667063683e6	3.5971062736877124e6	3.5971073023031135e6	3.597107613893234e6	3.5970928483953634e6	3.597106257735827e6	3.5971062651468767e6	3.5971073338165455e6	3.5971062432480324e6	3.597107350000345e6	3.5971090833453313e6	3.597107613893234e6	3.597123200079728e6	3.5970913132672315e6	3.5971090649487223e6	3.5971090755489394e6	3.597109882051807e6	3.5971119732063757e6	3.5971096399659337e6	3.5970963599322625e6	3.5970928483953634e6	3.5970913132672315e6	3.5971206160338377e6	3.597096359619632e6	3.5970963554017427e6	3.597098160325828e6	3.5970988524046093e6	3.5970983401570776e6	3.59710828082857e6	3.597106257735827e6	3.5971090649487223e6	3.597096359619632e6	3.597108300869327e6	3.5971082721212795e6	3.59710927119151e6	3.597108301325594e6	3.5971091501209824e6	3.597108288926282e6	3.5971062651468767e6	3.5971090755489394e6	3.5970963554017427e6	3.5971082721212795e6	3.597108297438115e6	3.5971092773057846e6	3.597108309713436e6	3.597109157871216e6	3.597109285905451e6	3.5971073338165455e6	3.597109882051807e6	3.597098160325828e6	3.59710927119151e6	3.5971092773057846e6	3.5971112931191414e6	3.597109697668815e6	3.5971100872379215e6	3.5971083179661366e6	3.5971062432480324e6	3.5971119732063757e6	3.5970988524046093e6	3.597108301325594e6	3.597108309713436e6	3.597109697668815e6	3.5971127634065812e6	3.5971092824789863e6	3.5971091667063683e6	3.597107350000345e6	3.5971096399659337e6	3.5970983401570776e6	3.5971091501209824e6	3.597109157871216e6	3.5971100872379215e6	3.5971092824789863e6	3.5971114042642545e6
3.5971093346275724e6	3.597104875326094e6	3.5971097914595907e6	3.597099259160953e6	3.597109313336017e6	3.597109319147416e6	3.597110269316765e6	3.597109525648787e6	3.5971100557038407e6	3.597104875326094e6	3.5971071194685176e6	3.597107511879954e6	3.597091394547924e6	3.597104858981602e6	3.5971048633108186e6	3.5971059630879513e6	3.597105218994563e6	3.5971060375570976e6	3.5971097914595907e6	3.597107511879954e6	3.597136530433171e6	3.597089703699528e6	3.5971097708946937e6	3.5971097820127914e6	3.597110549085018e6	3.597116933323172e6	3.5971100610619164e6	3.597099259160953e6	3.597091394547924e6	3.597089703699528e6	3.597125669115345e6	3.59709925675702e6	3.597099250707972e6	3.597100989767419e6	3.597101147620184e6	3.597100996109331e6	3.597109313336017e6	3.597104858981602e6	3.5971097708946937e6	3.59709925675702e6	3.597109333789984e6	3.597109300900801e6	3.597110253260516e6	3.5971095071655503e6	3.5971100377781126e6	3.597109319147416e6	3.5971048633108186e6	3.5971097820127914e6	3.597099250707972e6	3.597109300900801e6	3.5971093296443154e6	3.5971102570683183e6	3.597109514210611e6	3.5971100431994414e6	3.597110269316765e6	3.5971059630879513e6	3.597110549085018e6	3.597100989767419e6	3.597110253260516e6	3.5971102570683183e6	3.597112223875785e6	3.5971109257713696e6	3.597110934376406e6	3.597109525648787e6	3.597105218994563e6	3.597116933323172e6	3.597101147620184e6	3.5971095071655503e6	3.597109514210611e6	3.5971109257713696e6	3.597116192026307e6	3.5971103032966927e6	3.5971100557038407e6	3.5971060375570976e6	3.5971100610619164e6	3.597100996109331e6	3.5971100377781126e6	3.5971100431994414e6	3.597110934376406e6	3.5971103032966927e6	3.5971121641945704e6
3.597118130226323e6	3.59710347604824e6	3.5971118639589245e6	3.5971181248216727e6	3.597116807511677e6	3.597118123370959e6	3.597120278682257e6	3.5971183057135385e6	3.597118181556916e6	3.59710347604824e6	3.597106879285261e6	3.597103197612464e6	3.5971034697754397e6	3.5971029267321355e6	3.5971034764962676e6	3.597107686050853e6	3.597105928535104e6	3.5971041493381276e6	3.5971118639589245e6	3.597103197612464e6	3.597144942334044e6	3.5971118490077774e6	3.5971109994819225e6	3.597111863641505e6	3.597114872932144e6	3.5971254304423425e6	3.5971119194248817e6	3.5971181248216727e6	3.5971034697754397e6	3.5971118490077774e6	3.597118153778163e6	3.5971168074338096e6	3.597118122390746e6	3.5971202787433276e6	3.5971183048595297e6	3.5971181806049375e6	3.597116807511677e6	3.5971029267321355e6	3.5971109994819225e6	3.5971168074338096e6	3.5971184174400396e6	3.597116805050116e6	3.5971194373537763e6	3.5971171236780495e6	3.5971168766402598e6	3.597118123370959e6	3.5971034764962676e6	3.597111863641505e6	3.597118122390746e6	3.597116805050116e6	3.597118128213865e6	3.5971202760571395e6	3.5971183039771765e6	3.5971181790040713e6	3.597120278682257e6	3.597107686050853e6	3.597114872932144e6	3.5971202787433276e6	3.5971194373537763e6	3.5971202760571395e6	3.5971254679797804e6	3.5971220146822366e6	3.5971202760671685e6	3.5971183057135385e6	3.597105928535104e6	3.5971254304423425e6	3.5971183048595297e6	3.5971171236780495e6	3.5971183039771765e6	3.5971220146822366e6	3.5971277287803544e6	3.597118367536974e6	3.597118181556916e6	3.5971041493381276e6	3.5971119194248817e6	3.5971181806049375e6	3.5971168766402598e6	3.5971181790040713e6	3.5971202760671685e6	3.597118367536974e6	3.5971188608102533e6
3.597101560072205e6	3.5971015570681375e6	3.5970999916380714e6	3.5971015511808977e6	3.597101254186606e6	3.5971015565613382e6	3.5971032991445274e6	3.5971018170073093e6	3.597101865793863e6	3.5971015570681375e6	3.597101584064413e6	3.5971000111202607e6	3.59710157314425e6	3.5971012762737744e6	3.5971015785142183e6	3.597103319348623e6	3.597101839133549e6	3.597101887174198e6	3.5970999916380714e6	3.5971000111202607e6	3.5971109140802966e6	3.5970999985948885e6	3.5970997552073197e6	3.5971000110333795e6	3.59710135680327e6	3.59710133037253e6	3.597100277619191e6	3.5971015511808977e6	3.59710157314425e6	3.5970999985948885e6	3.597101593766884e6	3.597101270630854e6	3.597101572635565e6	3.5971033140036147e6	3.597101833656977e6	3.5971018813979174e6	3.597101254186606e6	3.5971012762737744e6	3.5970997552073197e6	3.597101270630854e6	3.5971018886278085e6	3.597101275649023e6	3.597103075920771e6	3.597101530636567e6	3.5971015838856236e6	3.5971015565613382e6	3.5971015785142183e6	3.5971000110333795e6	3.597101572635565e6	3.597101275649023e6	3.597101586546175e6	3.5971033186889915e6	3.5971018386116554e6	3.5971018865834833e6	3.5971032991445274e6	3.597103319348623e6	3.59710135680327e6	3.5971033140036147e6	3.597103075920771e6	3.5971033186889915e6	3.597106297668848e6	3.5971036913427096e6	3.597103599473989e6	3.5971018170073093e6	3.597101839133549e6	3.59710133037253e6	3.597101833656977e6	3.597101530636567e6	3.5971018386116554e6	3.5971036913427096e6	3.5971032939468045e6	3.597102146989705e6	3.597101865793863e6	3.597101887174198e6	3.597100277619191e6	3.5971018813979174e6	3.5971015838856236e6	3.5971018865834833e6	3.597103599473989e6	3.597102146989705e6	3.5971024790575597e6
