65.92971956835483	56.20712674825307	52.24796348965066	65.90578613335265	47.351722144889415	51.7321884268842	55.547441329908594	56.20712674825307	93.31777909116558	89.21470611679322	56.20005075283066	82.47886824314739	88.40043536469699	69.62403401921969	52.24796348965066	89.21470611679322	100.45650301487935	52.23512538851559	93.9956964978126	100.18210744230139	81.6755348569792	65.90578613335265	56.20005075283066	52.23512538851559	65.93491286346078	47.34097541707936	51.71883238250124	55.53354580954853	47.351722144889415	82.47886824314739	93.9956964978126	47.34097541707936	111.81517771987542	100.80488038144321	86.54252771836943	51.7321884268842	88.40043536469699	100.18210744230139	51.71883238250124	100.80488038144321	102.480390536196	83.79627293189263	55.547441329908594	69.62403401921969	81.6755348569792	55.53354580954853	86.54252771836943	83.79627293189263	82.76329707796774
67.1776766672246	56.40980907757282	52.731963924300985	64.48500545023171	47.732065705279844	52.24151307706176	56.17722253714094	56.40980907757282	94.10605527684456	90.11278871969431	55.54416829759322	83.32110317022862	89.3053393655026	70.12675756313158	52.731963924300985	90.11278871969431	101.54857790612732	51.21033319284599	95.01376458586475	101.28986077916082	82.37415369564363	64.48500545023171	55.54416829759322	51.21033319284599	67.80257358899388	46.44829259837986	50.661034898273655	54.574546185731045	47.732065705279844	83.32110317022862	95.01376458586475	46.44829259837986	112.77607316451744	101.83842889389994	87.17982174720983	52.24151307706176	89.3053393655026	101.28986077916082	50.661034898273655	101.83842889389994	103.60504013440325	84.51300302730645	56.17722253714094	70.12675756313158	82.37415369564363	54.574546185731045	87.17982174720983	84.51300302730645	83.31985735291964
66.02605775670715	56.42335855521093	52.6969364052595	65.42485134620836	48.0329182715094	52.26787671640885	55.98157296689317	56.42335855521093	93.52092984928838	89.18147119086258	56.25171543586872	82.04136201631002	88.24526716481785	69.39397790186672	52.6969364052595	89.18147119086258	100.05583132226249	52.391925844583966	92.97503024479174	99.59271069130861	81.18600856906914	65.42485134620836	56.25171543586872	52.391925844583966	66.13876822696488	47.79393802214005	51.95451209792445	55.65133412467055	48.0329182715094	82.04136201631002	92.97503024479174	47.79393802214005	109.87357594526833	99.49666542479392	85.60237741763684	52.26787671640885	88.24526716481785	99.59271069130861	51.95451209792445	99.49666542479392	101.67050197903374	83.17026136230871	55.98157296689317	69.39397790186672	81.18600856906914	55.65133412467055	85.60237741763684	83.17026136230871	82.34515227501878
59.92832602508241	60.15396970448788	59.906744285121405	59.89222488871885	58.712492576637	60.08743838550084	60.257868252482766	60.15396970448788	61.280872572446086	60.1475106012026	60.13242634735302	59.05814922304398	60.3143700035188	60.394997746896614	59.906744285121405	60.1475106012026	59.908738414545994	59.88423312249308	58.69933263740667	60.08061081052871	60.251418783332134	59.89222488871885	60.13242634735302	59.88423312249308	59.942402754984315	58.69075605137691	60.06473638508127	60.23576058174481	58.712492576637	59.05814922304398	58.69933263740667	58.69075605137691	58.523219112357054	58.96123658831044	59.25309436107827	60.08743838550084	60.3143700035188	60.08061081052871	60.06473638508127	58.96123658831044	60.34489868685691	60.41224320739246	60.257868252482766	60.394997746896614	60.251418783332134	60.23576058174481	59.25309436107827	60.41224320739246	61.43133612487161
62.83551864802405	62.11713343138632	61.52239070565531	62.82523974377175	58.36357177000547	61.61442125802129	61.74035530450689	62.11713343138632	74.38463277303248	66.92949847294291	62.116292356905575	61.86747591086666	66.22975999829208	60.234876676682454	61.52239070565531	66.92949847294291	68.46553330337431	61.52118250722435	61.04112727532329	67.49296755655622	63.36024540673765	62.82523974377175	62.116292356905575	61.52118250722435	62.83515473072944	58.363859517059204	61.61321610451888	61.73808823934903	58.36357177000547	61.86747591086666	61.04112727532329	58.363859517059204	71.85988503329526	65.48626382654771	63.654016364132715	61.61442125802129	66.22975999829208	67.49296755655622	61.61321610451888	65.48626382654771	68.60481327973623	64.10319415113067	61.74035530450689	60.234876676682454	63.36024540673765	61.73808823934903	63.654016364132715	64.10319415113067	67.82766051063297
60.88634458334442	60.9189610431553	60.87000300281878	60.857968357055086	59.48327758560462	61.256473401756935	61.176830844047046	60.9189610431553	61.20000677654267	60.914981840365066	60.902775740948314	59.560557250743805	61.294677506302776	61.18797946706077	60.87000300281878	60.914981840365066	60.87674882258475	60.853638389143015	59.47318143799655	61.255447502183245	61.17422045974626	60.857968357055086	60.902775740948314	60.853638389143015	60.895212100664374	59.467596232699925	61.23973518327576	61.16087130085796	59.48327758560462	59.560557250743805	59.47318143799655	59.467596232699925	59.78430314012111	60.175164136985906	60.14126790290523	61.256473401756935	61.294677506302776	61.255447502183245	61.23973518327576	60.175164136985906	61.89388664191031	61.51076842183369	61.176830844047046	61.18797946706077	61.17422045974626	61.16087130085796	60.14126790290523	61.51076842183369	62.62352149337192
82.77988302082032	49.32670017457803	48.26707865399567	48.22942576554522	48.22616573310802	49.69720991738601	60.98289884730244	49.32670017457803	72.37054827269533	69.4537699680002	69.39874301008771	69.42624874305851	70.07951376967992	62.00473464747479	48.26707865399567	69.4537699680002	69.87326790680132	69.80751643577952	69.84202652872693	70.5563753787568	63.60090255657822	48.22942576554522	69.39874301008771	69.80751643577952	69.88004027430671	69.78179106016773	70.49030421570774	63.55698011427098	48.22616573310802	69.42624874305851	69.84202652872693	69.78179106016773	69.93376378865342	70.55796831405313	63.62195477382323	49.69720991738601	70.07951376967992	70.5563753787568	70.49030421570774	70.55796831405313	71.70325967373023	63.86194688204338	60.98289884730244	62.00473464747479	63.60090255657822	63.55698011427098	63.62195477382323	63.86194688204338	68.61564765719835
81.95454642913859	49.15746422335439	48.1016010014396	47.897001378938484	48.09219138484922	49.33506360012378	60.873261406011004	49.15746422335439	72.19141044345896	69.38991401189041	69.08162015298582	69.38454765616142	69.93042648364363	62.124859136812525	48.1016010014396	69.38991401189041	69.80214622626418	69.4533287424762	69.79188474364724	70.38951156519725	63.66112506565766	47.897001378938484	69.08162015298582	69.4533287424762	69.85744643637878	69.44960522136925	70.03331443387185	63.42512974438631	48.09219138484922	69.38454765616142	69.79188474364724	69.44960522136925	69.8116207682395	70.38731998452829	63.6630034710988	49.33506360012378	69.93042648364363	70.38951156519725	70.03331443387185	70.38731998452829	71.36674150387347	63.88251713818913	60.873261406011004	62.124859136812525	63.66112506565766	63.42512974438631	63.6630034710988	63.88251713818913	68.59675217926039
67.19316879525988	59.011451478498174	56.90889259242747	61.18299218541968	53.54962856673513	57.022984811018986	59.5152934960954	59.011451478498174	89.8841209161123	83.49821216778614	58.683083163812704	73.32935702254757	81.58748502457681	65.24314147573969	56.90889259242747	83.49821216778614	91.16225782866238	56.0817806595924	79.27129358963846	89.15782772203532	74.7005992533264	61.18299218541968	58.683083163812704	56.0817806595924	66.5688627148252	54.25858360606523	56.4347291218228	57.98606542432416	53.54962856673513	73.32935702254757	79.27129358963846	54.25858360606523	89.03907903507726	83.46964191723602	75.45303303791563	57.022984811018986	81.58748502457681	89.15782772203532	56.4347291218228	83.46964191723602	89.43639242851343	75.52906731060622	59.5152934960954	65.24314147573969	74.7005992533264	57.98606542432416	75.45303303791563	75.52906731060622	77.67435637227793
67.27075683857127	56.439680733687375	52.78450489401762	64.37035645845609	47.776383661927184	52.29608696076603	56.232592607845525	56.439680733687375	94.11588957808135	90.1299207397831	55.50723123557387	83.33558839217515	89.3231262719399	70.14466158959291	52.78450489401762	90.1299207397831	101.5785356919285	51.14545529926542	95.03907694823026	101.32097039086412	82.40556201113172	64.37035645845609	55.50723123557387	51.14545529926542	67.94387880151318	46.39354193513583	50.59364964596419	54.50626012601298	47.776383661927184	83.33558839217515	95.03907694823026	46.39354193513583	112.79747216407557	101.86471520397879	87.20634099276077	52.29608696076603	89.3231262719399	101.32097039086412	50.59364964596419	101.86471520397879	103.63734659991565	84.54562425410367	56.232592607845525	70.14466158959291	82.40556201113172	54.50626012601298	87.20634099276077	84.54562425410367	83.35287755604446
67.32319139424669	56.45653789844575	52.8141362465768	64.3057529537644	47.8013831909942	52.32686426097065	56.26380190337607	56.45653789844575	94.12130906824274	90.13944700357841	55.48646183328859	83.34362556715323	89.33302094585164	70.15469509694742	52.8141362465768	90.13944700357841	101.59528079721957	51.10894708807584	95.05320455241792	101.33836308382949	82.42319877812345	64.3057529537644	55.48646183328859	51.10894708807584	68.02347543628738	46.36274049852164	50.5557295370189	54.46780779104968	47.8013831909942	83.34362556715323	95.05320455241792	46.36274049852164	112.80939142121206	101.87938916820778	87.22122087376697	52.32686426097065	89.33302094585164	101.33836308382949	50.5557295370189	101.87938916820778	103.65541192503719	84.56394309451285	56.26380190337607	70.15469509694742	82.42319877812345	54.46780779104968	87.22122087376697	84.56394309451285	83.37145349801081
67.38246452573271	56.47559375908355	52.84763233028225	64.23272369374813	47.829643353958474	52.36165574834868	56.299081635231296	56.47559375908355	94.12743461602567	90.15021492701945	55.46298389903946	83.35271022984804	89.34420533216378	70.16603687875782	52.84763233028225	90.15021492701945	101.61420904373072	51.06767766616687	95.06917395511056	101.35802338110284	82.44313544352973	64.23272369374813	55.46298389903946	51.06767766616687	68.11345312217628	46.32792212776842	50.512864074215294	54.42434053868714	47.829643353958474	83.35271022984804	95.06917395511056	46.32792212776842	112.82286449263438	101.89597619084181	87.23804110832691	52.36165574834868	89.34420533216378	101.35802338110284	50.512864074215294	101.89597619084181	103.67583258365867	84.58465079148608	56.299081635231296	70.16603687875782	82.44313544352973	54.42434053868714	87.23804110832691	84.58465079148608	83.39245201533687
67.15087663878887	56.40114083090353	52.71675961235753	64.51805812851839	47.71922801645855	52.22572171928632	56.161239515565676	56.40114083090353	94.10349762623872	90.10813953223862	55.55471639522103	83.31721173355575	89.30050278395814	70.12172157280513	52.71675961235753	90.10813953223862	101.54025016330966	51.22892380713468	95.00677583424984	101.28120430267968	82.36523879450617	64.51805812851839	55.55471639522103	51.22892380713468	67.7618983720476	46.463963130764874	50.680346146759305	54.59417316470124	47.71922801645855	83.31721173355575	95.00677583424984	46.463963130764874	112.77022001697327	101.83116496391388	87.17232081846538	52.22572171928632	89.30050278395814	101.28120430267968	50.680346146759305	101.83116496391388	103.59604269310529	84.50374162830452	56.161239515565676	70.12172157280513	82.36523879450617	54.59417316470124	87.17232081846538	84.50374162830452	83.3104074824768
67.71282872321191	56.58181442555123	53.03433818470944	63.825681836941044	47.98716610451283	52.55558180564822	56.495722821749915	56.58181442555123	94.16152291545968	90.21017601270827	55.33214567675459	83.40329126916846	89.40648761011032	70.22922804757592	53.03433818470944	90.21017601270827	101.71964959111716	50.837677625953745	95.15812416208419	101.46754386142763	82.55422908815028	63.825681836941044	55.33214567675459	50.837677625953745	68.61494809740202	46.13387767330003	50.273968448708295	54.18207948703314	47.98716610451283	83.40329126916846	95.15812416208419	46.13387767330003	112.89790145477866	101.98836831633727	87.33176474622218	52.55558180564822	89.40648761011032	101.46754386142763	50.273968448708295	101.98836831633727	103.7895907208049	84.70004157003673	56.495722821749915	70.22922804757592	82.55422908815028	54.18207948703314	87.33176474622218	84.70004157003673	83.50947768227721
61.30988015095254	61.359510791994715	61.29422705004961	61.27729573548313	58.98084506009349	61.397387123852724	61.46612965152022	61.359510791994715	61.89426865712646	61.35613874845815	61.33902815828024	59.14366558368059	61.45593577981334	61.466677966431305	61.29422705004961	61.35613874845815	61.301679390849785	61.2732566665636	58.96493182906636	61.394433094950436	61.46341975349625	61.27729573548313	61.33902815828024	61.2732566665636	61.320767715718475	58.96112218389716	61.376283921055666	61.445937510413955	58.98084506009349	59.14366558368059	58.96493182906636	58.96112218389716	58.72645341708127	59.25229501489411	59.69798236360143	61.397387123852724	61.45593577981334	61.394433094950436	61.376283921055666	59.25229501489411	61.6020373056421	61.55853672142625	61.46612965152022	61.466677966431305	61.46341975349625	61.445937510413955	59.69798236360143	61.55853672142625	62.843010794827855
64.30497452906513	59.15759493670592	55.01668113354565	54.80343596778174	54.836708934975945	55.68444676896847	55.106096995443046	59.15759493670592	68.33305162567979	63.791323933147204	63.62932145772206	63.77341555810132	63.93653423530761	63.73936102824302	55.01668113354565	63.791323933147204	64.83982264392961	64.60636413018348	64.78703158538775	65.09715480532716	64.81355008387051	54.80343596778174	63.62932145772206	64.60636413018348	64.96826584888385	64.55970446781133	64.86488448529902	64.58624181023093	54.836708934975945	63.77341555810132	64.78703158538775	64.55970446781133	64.88208021764014	65.06551690576953	64.76748917610082	55.68444676896847	63.93653423530761	65.09715480532716	64.86488448529902	65.06551690576953	65.533422580846	65.07311370157201	55.106096995443046	63.73936102824302	64.81355008387051	64.58624181023093	64.76748917610082	65.07311370157201	64.8755658676177
79.3908107648255	59.907038977232546	54.377181430530385	50.15159789927044	50.33474323704208	55.054207400678536	56.728985025655646	59.907038977232546	83.7427708052675	75.88462291555854	63.54960464685288	63.69788399433425	73.03033789659878	61.4042969831754	54.377181430530385	75.88462291555854	79.35292474889704	65.85594794284323	66.12961650997241	76.53377945649359	66.05959441403512	50.15159789927044	63.54960464685288	65.85594794284323	69.4084417281994	69.06727620972109	67.37776782661817	65.58214846440181	50.33474323704208	63.69788399433425	66.12961650997241	69.06727620972109	69.36990101596288	67.6709842087692	65.84253431242833	55.054207400678536	73.03033789659878	76.53377945649359	67.37776782661817	67.6709842087692	75.36749183452221	66.48330169549165	56.728985025655646	61.4042969831754	66.05959441403512	65.58214846440181	65.84253431242833	66.48330169549165	68.9490076436675
59.244882038207834	59.312664260072054	59.21998302603538	59.12517557265828	58.55566873808267	59.54808918997559	59.3161125283375	59.312664260072054	59.62609535890774	59.31692935297608	59.22318342658242	58.66998285884311	59.63769921648692	59.40715542016372	59.21998302603538	59.31692935297608	59.231183830520344	59.12937813926021	58.5588932459247	59.55331440010409	59.32027223563243	59.12517557265828	59.22318342658242	59.12937813926021	59.28901476087467	58.46513505000933	59.456910981486125	59.22610055036109	58.55566873808267	58.66998285884311	58.5588932459247	58.46513505000933	58.44189778794395	58.95175475051043	58.67708705631811	59.54808918997559	59.63769921648692	59.55331440010409	59.456910981486125	58.95175475051043	59.994090893488064	59.64067731885522	59.3161125283375	59.40715542016372	59.32027223563243	59.22610055036109	58.67708705631811	59.64067731885522	59.5661089974697
60.16380598577924	60.20197264982422	60.13244619687575	60.08837909403222	58.725508833567076	60.381410118535776	60.17725432425698	60.20197264982422	60.51266443574475	60.2171396633171	60.17346724274252	58.850814530929846	60.460443488375134	60.258275136075596	60.13244619687575	60.2171396633171	60.15451486743153	60.10376603899637	58.74103013344258	60.39742879158591	60.1924139710505	60.08837909403222	60.17346724274252	60.10376603899637	60.18760617581131	58.70031094838466	60.35199265971426	60.148472078878335	58.725508833567076	58.850814530929846	58.74103013344258	58.70031094838466	58.48510838664138	59.132163852279554	58.817090466392465	60.381410118535776	60.460443488375134	60.39742879158591	60.35199265971426	59.132163852279554	60.77257206014549	60.43776548429423	60.17725432425698	60.258275136075596	60.1924139710505	60.148472078878335	58.817090466392465	60.43776548429423	60.33350804388858
59.30419000083436	59.432509953017274	59.27767923285759	59.13494399602481	58.65101656249489	59.63276866529286	59.33384510960313	59.432509953017274	59.980102324328556	59.44026216560408	59.30066341759234	58.84250563063045	59.781396692124474	59.490568641405105	59.27767923285759	59.44026216560408	59.292317611020934	59.1427490129255	58.65822040072756	59.64151817631577	59.34156315886833	59.13494399602481	59.30066341759234	59.1427490129255	59.36644222112095	58.51582952829077	59.49708812826256	59.19943853647368	58.65101656249489	58.84250563063045	58.65822040072756	58.51582952829077	58.5607093519671	59.08006149177728	58.72643000834968	59.63276866529286	59.781396692124474	59.64151817631577	59.49708812826256	59.08006149177728	60.11762843266193	59.69182508069007	59.33384510960313	59.490568641405105	59.34156315886833	59.19943853647368	58.72643000834968	59.69182508069007	59.47831659451546
69.38225813572478	61.44908907502328	55.39792637139493	52.58463427942951	55.28021664333268	56.55470039698827	55.420719021935035	61.44908907502328	70.58711759279693	64.38388660399451	62.52534745780567	64.38335644678052	64.5579593726475	64.36566112549625	55.39792637139493	64.38388660399451	67.34964678594491	63.97065605349762	67.32157496986085	67.78914425080887	67.33884867561713	52.58463427942951	62.52534745780567	63.97065605349762	68.73338061735336	63.951690422745614	64.33173654857137	63.96820712405095	55.28021664333268	64.38335644678052	67.32157496986085	63.951690422745614	67.42197493308069	67.78871280832297	67.31873306079531	56.55470039698827	64.5579593726475	67.78914425080887	64.33173654857137	67.78871280832297	68.53682914532452	67.78203174628112	55.420719021935035	64.36566112549625	67.33884867561713	63.96820712405095	67.31873306079531	67.78203174628112	67.35228433226258
87.09058862347476	68.89594848494237	70.52238773709965	28.00671855636356	70.48856266653766	72.43278738375618	72.34793417008635	68.89594848494237	80.404016021233	79.2079748660354	46.49195508582363	79.20314077023943	79.84477783306022	75.95023722711704	70.52238773709965	79.2079748660354	94.6777849708924	33.582162363050195	94.66726915345649	95.93572901842957	91.73887752533383	28.00671855636356	46.49195508582363	33.582162363050195	110.9437157447548	33.579686462701034	33.045906055632635	34.140212607036126	70.48856266653766	79.20314077023943	94.66726915345649	33.579686462701034	94.7052877218874	95.93738528239507	91.7382546320868	72.43278738375618	79.84477783306022	95.93572901842957	33.045906055632635	95.93738528239507	97.58757081973769	92.87939499492279	72.34793417008635	75.95023722711704	91.73887752533383	34.140212607036126	91.7382546320868	92.87939499492279	91.86714848790963
61.80596696961909	62.30346666306273	60.72409872230743	60.5730732832418	60.68746347310825	61.715432519488346	60.731458723547284	62.30346666306273	69.39742660619581	62.55392587918501	62.45608592748399	62.546778882551465	62.894317257631194	62.537580096377994	60.72409872230743	62.55392587918501	61.570841344651186	61.410727007903	61.531099760081105	62.48667611911609	61.5685772432006	60.5730732832418	62.45608592748399	61.410727007903	61.650421536709636	61.37862400471078	62.323906278824275	61.41607110731981	60.68746347310825	62.546778882551465	61.531099760081105	61.37862400471078	61.58585559561301	62.474009488998455	61.536577840412534	61.715432519488346	62.894317257631194	62.48667611911609	62.323906278824275	62.474009488998455	63.76382626404989	62.485715955720956	60.731458723547284	62.537580096377994	61.5685772432006	61.41607110731981	61.536577840412534	62.485715955720956	61.592944745690176
60.68669791515613	60.723720765578705	60.66793802808701	60.63887410199906	58.819141894360406	60.781558544139926	60.99769102751219	60.723720765578705	61.02376052233281	60.7176362055334	60.688633663504085	58.91162573019593	60.82900629078886	61.0100138500591	60.66793802808701	60.7176362055334	60.672309949801374	60.63239207482592	58.80360048449127	60.775990194645296	60.99315410781194	60.63887410199906	60.688633663504085	60.63239207482592	60.70539729214342	58.78447221572175	60.745859211302694	60.963916763038675	58.819141894360406	58.91162573019593	58.80360048449127	58.78447221572175	58.525100537322395	59.02641882580817	59.5920080789072	60.781558544139926	60.82900629078886	60.775990194645296	60.745859211302694	59.02641882580817	60.964498223756465	61.09143338224548	60.99769102751219	61.0100138500591	60.99315410781194	60.963916763038675	59.5920080789072	61.09143338224548	62.521971692592004
66.42340612887055	56.16728732438114	52.305681979050455	65.41434605725206	47.37241176106102	51.79874576973915	55.72825887561726	56.16728732438114	94.02823681978971	89.97589887529941	55.84288823148256	83.20563164450424	89.1631507041898	69.98248676038979	52.305681979050455	89.97589887529941	101.30785058440641	51.73545465045357	94.81069030446332	101.0398194909325	82.12051286676832	65.41434605725206	55.84288823148256	51.73545465045357	66.6575855410919	46.89132008446667	51.206465680323674	55.12766364801068	47.37241176106102	83.20563164450424	94.81069030446332	46.89132008446667	112.60477047746342	101.62749816811984	86.96584129982581	51.79874576973915	89.1631507041898	101.0398194909325	51.206465680323674	101.62749816811984	103.34532505388285	84.24955195036537	55.72825887561726	69.98248676038979	82.12051286676832	55.12766364801068	86.96584129982581	84.24955195036537	83.05266973288364
67.23745193643771	56.42897768276633	52.76568836310995	64.4113884230164	47.7605089103441	52.276542567458115	56.21277152371338	56.42897768276633	94.11242896511236	90.12385136928924	55.520429002000206	83.3304656889856	89.31682299214816	70.13828113155918	52.76568836310995	90.12385136928924	101.56788079348506	51.16864981771607	95.03008536522219	101.30990423845749	82.3943520145898	64.4113884230164	55.520429002000206	51.16864981771607	67.89332061907693	46.41311153475963	50.617740924403556	54.53068588367249	47.7605089103441	83.3304656889856	95.03008536522219	46.41311153475963	112.78988390881149	101.85537663678575	87.196882292708	52.276542567458115	89.31682299214816	101.30990423845749	50.617740924403556	101.85537663678575	103.62585327945428	84.53398103853027	56.21277152371338	70.13828113155918	82.3943520145898	54.53068588367249	87.196882292708	84.53398103853027	83.34107558219057
65.11694614326083	58.169183079272756	54.63724805755831	65.10000954928542	50.22641430691964	54.289817870967056	56.861461561652185	58.169183079272756	87.19490472780613	82.56327511166604	58.162677401848896	75.43801030346627	81.57632371246169	66.59364543365902	54.63724805755831	82.56327511166604	92.83090862122938	54.62650713138076	85.44873928110448	92.21160449013571	77.86181591987716	65.10000954928542	58.162677401848896	54.62650713138076	65.1215141516823	50.217177671395135	54.27868799463	56.85078477079435	50.22641430691964	75.43801030346627	85.44873928110448	50.217177671395135	101.5912804568799	91.67336849606623	81.86488926929081	54.289817870967056	81.57632371246169	92.21160449013571	54.27868799463	91.67336849606623	94.08829178531114	79.68650559138698	56.861461561652185	66.59364543365902	77.86181591987716	56.85078477079435	81.86488926929081	79.68650559138698	80.57473269862666
59.10990411804809	59.123244548392556	59.06526467752696	59.084183833607064	58.71802300487003	59.32422169658226	59.927593786599644	59.123244548392556	59.20435210998682	59.088601704345976	59.10726085303813	58.74318938539025	59.34618945211192	59.937510179163986	59.06526467752696	59.088601704345976	59.05107427815159	59.04924758774691	58.67914676978645	59.292439517830346	59.90322791325241	59.084183833607064	59.10726085303813	59.04924758774691	59.12071968314596	58.702172642067325	59.308039087964524	59.91206495070172	58.71802300487003	58.74318938539025	58.67914676978645	58.702172642067325	58.67992464364721	58.966532858967895	59.65443563025382	59.32422169658226	59.34618945211192	59.292439517830346	59.308039087964524	58.966532858967895	59.6306888278143	60.10507522046536	59.927593786599644	59.937510179163986	59.90322791325241	59.91206495070172	59.65443563025382	60.10507522046536	62.00340237908576
58.276652827936495	57.80184262196922	57.618884880836774	57.3698000246091	57.57471516298732	57.869846461097026	57.87927658137805	57.80184262196922	59.52588285588617	59.074193448691574	58.83437596857966	59.03717378412923	59.28891778071032	59.250759120984206	57.618884880836774	59.074193448691574	58.941813908433296	58.691077070888724	58.89709862090678	59.157851720045585	59.12798928492786	57.3698000246091	58.83437596857966	58.691077070888724	59.0651378227839	58.652817012024286	58.91259672433344	58.887504467567645	57.57471516298732	59.03717378412923	58.89709862090678	58.652817012024286	58.90182508119682	59.12151441091488	59.09197196942462	57.869846461097026	59.28891778071032	59.157851720045585	58.91259672433344	59.12151441091488	59.442994429057194	59.33965684349058	57.87927658137805	59.250759120984206	59.12798928492786	58.887504467567645	59.09197196942462	59.33965684349058	59.604452071787705
59.20558952918691	59.353276671977085	59.1825250795447	59.08350846651942	58.73758113290548	59.503833067774465	59.60398195462001	59.353276671977085	59.98337824558213	59.35377371763791	59.25696076692178	58.929975327197646	59.6616614035308	59.722407786503695	59.1825250795447	59.35377371763791	59.18978171774405	59.0836758322518	58.73682564863465	59.50514934405368	59.604459732877515	59.08350846651942	59.25696076692178	59.0836758322518	59.25495549856823	58.63882912406502	59.404382901843455	59.508391161720176	58.73758113290548	58.929975327197646	58.73682564863465	58.63882912406502	58.69192907993977	59.1005414928776	59.22431206224608	59.503833067774465	59.6616614035308	59.50514934405368	59.404382901843455	59.1005414928776	59.93506547875949	59.891241366233395	59.60398195462001	59.722407786503695	59.604459732877515	59.508391161720176	59.22431206224608	59.891241366233395	60.71822417247122
58.96011766415828	59.059085979185696	58.87738641870737	58.70186263488424	58.249098447324066	59.0660594693317	59.18577217845408	59.059085979185696	59.76876141116295	59.149645940776026	58.97869223316913	58.5575241671217	59.32878394272146	59.41462991738741	58.87738641870737	59.149645940776026	58.977692675588074	58.79660091110372	58.349403602157984	59.1594279493793	59.2724423008018	58.70186263488424	58.97869223316913	58.79660091110372	59.07071063636539	58.174516080745995	58.983253644498355	59.1015624728882	58.249098447324066	58.5575241671217	58.349403602157984	58.174516080745995	58.20675543766654	58.56811973062145	58.71053862412167	59.0660594693317	59.32878394272146	59.1594279493793	58.983253644498355	58.56811973062145	59.409899327562115	59.44586495106018	59.18577217845408	59.41462991738741	59.2724423008018	59.1015624728882	58.71053862412167	59.44586495106018	60.049988329039245
66.3116686661586	65.76904201696613	65.77828691531785	49.29098059125819	64.78747475167586	65.85811958237983	66.03045002905026	65.76904201696613	66.52617654115784	66.25108802383576	50.12360225985173	65.33999559948127	66.32564212947452	66.31098748944387	65.77828691531785	66.25108802383576	66.2788853252741	49.88241568520149	65.3354319470878	66.34929296016331	66.38699074989935	49.29098059125819	50.12360225985173	49.88241568520149	74.38755105884357	48.92429877007396	49.944031771690554	51.45996880160948	64.78747475167586	65.33999559948127	65.3354319470878	48.92429877007396	65.18938424657034	65.43393204007702	65.73705682673955	65.85811958237983	66.32564212947452	66.34929296016331	49.944031771690554	65.43393204007702	66.45374472545379	66.44713431643956	66.03045002905026	66.31098748944387	66.38699074989935	51.45996880160948	65.73705682673955	66.44713431643956	67.96883284047632
63.244659541033954	63.18415931135924	63.18259902358328	60.141012900891255	60.24107704725712	63.236271874264176	63.06218004852328	63.18415931135924	63.36463985134825	63.21808935313561	60.200656427202595	60.32531425568372	63.271470324955224	63.06176221596984	63.18259902358328	63.21808935313561	63.22257215692452	60.176265374724	60.28239815363564	63.2709309518202	63.086154768625185	60.141012900891255	60.200656427202595	60.176265374724	64.7251841562323	57.23968849856558	60.217258067685584	60.37552692484662	60.24107704725712	60.32531425568372	60.28239815363564	57.23968849856558	60.19738694960056	60.57692730129848	61.2767875966938	63.236271874264176	63.271470324955224	63.2709309518202	60.217258067685584	60.57692730129848	63.440459716967304	63.14873052564156	63.06218004852328	63.06176221596984	63.086154768625185	60.37552692484662	61.2767875966938	63.14873052564156	64.94640183532535
61.62251645614954	57.74388451113764	57.690904907302155	57.488208231600694	57.253103505808475	57.94969184082734	60.00319937090678	57.74388451113764	61.64123230886177	61.487662878399995	61.2842063992639	61.17701567996522	61.68175726341768	61.935957358102776	57.690904907302155	61.487662878399995	61.47329078636228	61.26306825501704	61.153564817604526	61.66416957240234	61.95996770839979	57.488208231600694	61.2842063992639	61.26306825501704	61.60117189485439	60.95067895474149	61.457539051644076	61.78303710233826	57.253103505808475	61.17701567996522	61.153564817604526	60.95067895474149	61.24562214708668	61.376706488865	61.828993067056004	57.94969184082734	61.68175726341768	61.66416957240234	61.457539051644076	61.376706488865	61.951503448206076	62.079836980136264	60.00319937090678	61.935957358102776	61.95996770839979	61.78303710233826	61.828993067056004	62.079836980136264	65.04276074485772
61.663319441951955	61.676586287904776	61.64874053290878	61.31623281671844	59.3134559837376	61.80500013194887	61.81576269301202	61.676586287904776	61.96433784848305	61.67869988922174	61.35054063950139	59.39583840639464	61.83271443891096	61.7994479385856	61.64874053290878	61.67869988922174	61.65842184054954	61.318171428313924	59.30922104942058	61.80819198857788	61.81778650988016	61.31623281671844	61.35054063950139	61.318171428313924	61.824051574870424	58.98101516591773	61.47195846009446	61.515971792044155	59.3134559837376	59.39583840639464	59.30922104942058	58.98101516591773	59.54255290289448	59.809150950878525	60.31000729999017	61.80500013194887	61.83271443891096	61.80819198857788	61.47195846009446	59.809150950878525	62.15929656628558	61.96444820901664	61.81576269301202	61.7994479385856	61.81778650988016	61.515971792044155	60.31000729999017	61.96444820901664	63.69707587722041
62.450905222966554	62.455372358008134	62.30312833239437	62.44028614334182	59.286238535068705	62.478945777134456	62.07570175072332	62.455372358008134	62.8350286994263	62.34088474286584	62.45309769323918	59.33805123353804	62.504947781344185	61.96280330269376	62.30312833239437	62.34088474286584	62.94861392626127	62.30074497682555	59.040245827899064	62.85630156895491	62.33790403882979	62.44028614334182	62.45309769323918	62.30074497682555	62.451353374076206	59.284876739032796	62.476451438263304	62.07254258728283	59.286238535068705	59.33805123353804	59.040245827899064	59.284876739032796	66.82053078113628	62.26960599287449	62.918920599788564	62.478945777134456	62.504947781344185	62.85630156895491	62.476451438263304	62.26960599287449	64.12988151891258	62.928972999842046	62.07570175072332	61.96280330269376	62.33790403882979	62.07254258728283	62.918920599788564	62.928972999842046	66.77679185200832
62.56603007025938	62.532470272855356	62.52845775733068	62.50462123637489	59.06989069679716	62.53261370838495	62.345303629279805	62.532470272855356	62.80010372340732	62.55128440650474	62.52761578104372	59.17250842349518	62.55608167159599	62.32715475121047	62.52845775733068	62.55128440650474	62.55398494652947	62.523649750129934	59.08883042440499	62.55214939212673	62.359376515947034	62.50462123637489	62.52761578104372	62.523649750129934	62.56196434033349	59.07587346062574	62.527839759791796	62.33745705233338	59.06989069679716	59.17250842349518	59.08883042440499	59.07587346062574	58.941504366940606	59.3846387649445	60.10634776740206	62.53261370838495	62.55608167159599	62.55214939212673	62.527839759791796	59.3846387649445	62.67917430757712	62.388364475437484	62.345303629279805	62.32715475121047	62.359376515947034	62.33745705233338	60.10634776740206	62.388364475437484	64.03953274222867
62.10927726558326	62.078900366206426	62.010135249652286	62.07468417526434	59.6626402567944	62.32497515535986	62.12215848683472	62.078900366206426	62.116638936096145	62.03065326548307	62.09485813517839	59.68518094978557	62.34472995776542	62.118121853887025	62.010135249652286	62.03065326548307	62.202904734460525	62.026088629193424	59.50255661815976	62.38689777892857	62.205677274458075	62.07468417526434	62.09485813517839	62.026088629193424	62.09912945132881	59.6807112576824	62.34056290784334	62.12296642413124	59.6626402567944	59.68518094978557	59.50255661815976	59.6807112576824	63.65761750037755	61.30447323510055	62.91320398509589	62.32497515535986	62.34472995776542	62.38689777892857	62.34056290784334	61.30447323510055	63.326467233241885	62.599723347447686	62.12215848683472	62.118121853887025	62.205677274458075	62.12296642413124	62.91320398509589	62.599723347447686	67.53902502668709
63.006645010383515	62.991545204378525	61.26169531531437	62.9891728547714	57.59523365505709	61.22975734605566	60.59069412121115	62.991545204378525	63.01985785288459	61.27905320248696	62.9966637969876	57.60953936667686	61.24563524553292	60.588541495825815	61.26169531531437	61.27905320248696	67.68551401084646	61.264927977677445	61.97666163413702	67.26605159007363	66.50693005084486	62.9891728547714	62.9966637969876	61.264927977677445	63.00366235868302	57.59962509297652	61.23276899147931	60.58743529345099	57.59523365505709	57.60953936667686	61.97666163413702	57.59962509297652	75.56284312083523	67.11079937452985	69.04107741325677	61.22975734605566	61.24563524553292	67.26605159007363	61.23276899147931	67.11079937452985	68.93871502576518	67.65868645278877	60.59069412121115	60.588541495825815	66.50693005084486	60.58743529345099	69.04107741325677	67.65868645278877	73.02723867909899
86.10262720169285	54.548900892113274	55.03200052037279	45.45970290265296	48.88572233819449	54.96948839614528	63.50598792714507	54.548900892113274	80.21926019547655	75.02265631175341	65.01287326354222	69.2758617875569	74.1991509886208	62.43946961566	55.03200052037279	75.02265631175341	86.10671030962817	56.948206014080824	80.39569675042917	85.92015671733292	75.87922334060063	45.45970290265296	65.01287326354222	56.948206014080824	82.79562608926676	52.86377534139587	55.964269521602006	51.00202079843854	48.88572233819449	69.2758617875569	80.39569675042917	52.86377534139587	98.96197620605577	87.2556372186542	80.67148215001306	54.96948839614528	74.1991509886208	85.92015671733292	55.964269521602006	87.2556372186542	88.31402118936433	78.18619599846842	63.50598792714507	62.43946961566	75.87922334060063	51.00202079843854	80.67148215001306	78.18619599846842	82.67215672987138
92.98213306976236	61.154296609164966	63.55035560098811	34.625463671149895	56.491324491820905	63.62538010839267	69.76044897581878	61.154296609164966	90.53909776080629	87.39892976235537	52.46843802667173	80.50653758348096	86.69819995392137	70.40749483562416	63.55035560098811	87.39892976235537	101.09086578405763	41.26385243334105	93.9736332969502	101.06757468960394	85.70489976469092	34.625463671149895	52.46843802667173	41.26385243334105	101.02272821822216	38.75127024603422	40.06473053286037	40.082667962756865	56.491324491820905	80.50653758348096	93.9736332969502	38.75127024603422	111.28319479583371	100.98263846064748	89.54601053014103	63.62538010839267	86.69819995392137	101.06757468960394	40.06473053286037	100.98263846064748	103.6286258680617	88.13625136073726	69.76044897581878	70.40749483562416	85.70489976469092	40.082667962756865	89.54601053014103	88.13625136073726	89.3408667045095
93.59185659786178	62.0410895987531	64.63667328674087	33.4852888281455	57.49345457288744	64.72892313377318	70.48265108382127	62.0410895987531	91.81115628666488	88.95806371412262	50.82251045412714	81.94169276490243	88.28151057566981	71.44606975130101	64.63667328674087	88.95806371412262	103.01208607440623	39.233424568062304	95.75615943403457	103.02285280520218	86.99246111414432	33.4852888281455	50.82251045412714	39.233424568062304	103.16413210793259	36.862041686230796	37.996895461087874	38.720940187989584	57.49345457288744	81.94169276490243	95.75615943403457	36.862041686230796	112.95520974064087	102.8023715161347	90.75162216068199	64.72892313377318	88.28151057566981	103.02285280520218	37.996895461087874	102.8023715161347	105.6202861695623	89.44993934395053	70.48265108382127	71.44606975130101	86.99246111414432	38.720940187989584	90.75162216068199	89.44993934395053	90.20955883062814
64.1419553608495	63.171252808495574	59.21353692339318	64.03260589260947	53.96941538636038	58.643511546905245	58.22384498805839	63.171252808495574	66.57811569562001	62.571554856501706	63.2357611414159	57.163837342526286	61.971556100074984	59.46490610934287	59.21353692339318	62.571554856501706	73.85213482525688	59.25716346768571	68.71461478785947	73.78927167564088	71.50578305295193	64.03260589260947	63.2357611414159	59.25716346768571	64.11344466649331	54.01607524529506	58.68456251521662	58.20822909873852	53.96941538636038	57.163837342526286	68.71461478785947	54.01607524529506	87.79090156410746	75.72422586848113	76.87773328386287	58.643511546905245	61.971556100074984	73.78927167564088	58.68456251521662	75.72422586848113	76.2971286485538	73.7065285459356	58.22384498805839	59.46490610934287	71.50578305295193	58.20822909873852	76.87773328386287	73.7065285459356	78.8677342054382
64.5086162373537	61.59844290339654	57.62741924505188	64.49779789247786	52.46527396763611	57.06890606319391	57.59925042291472	61.59844290339654	72.72100559516285	68.68514678603385	61.59938062706439	62.969781835918255	68.03562356605232	61.797883298209285	57.62741924505188	68.68514678603385	79.97141572673311	57.62598117892202	74.52613716128232	79.85970765838358	73.85471639691303	64.49779789247786	61.59938062706439	57.62598117892202	64.50873572206496	52.46450040339003	57.06722422228545	57.595008992303114	52.46527396763611	62.969781835918255	74.52613716128232	52.46450040339003	93.309600812394	81.48937769813858	79.10827910957292	57.06890606319391	68.03562356605232	79.85970765838358	57.06722422228545	81.48937769813858	82.31911778555026	76.03663637446519	57.59925042291472	61.797883298209285	73.85471639691303	57.595008992303114	79.10827910957292	76.03663637446519	79.7714054067524
66.9405270998303	57.70725985004895	54.054521260136255	64.03101918861772	48.98684808029343	53.55727823416271	56.72232749875934	57.70725985004895	87.94438015435357	83.88581317747574	57.50500210789384	77.41364024380167	83.11788044600536	67.63112233408737	54.054521260136255	83.88581317747574	95.24964970787298	53.18676732510944	89.03346938493985	95.02969710943738	79.84730769193267	64.03101918861772	57.50500210789384	53.18676732510944	67.2184290896932	48.32813466106151	52.62484515556899	55.355728749525625	48.98684808029343	77.41364024380167	89.03346938493985	48.32813466106151	107.09386770423141	95.8934571071562	84.77655039204767	53.55727823416271	83.11788044600536	95.02969710943738	52.62484515556899	95.8934571071562	97.38296563240428	82.00085931589874	56.72232749875934	67.63112233408737	79.84730769193267	55.355728749525625	84.77655039204767	82.00085931589874	82.30678258851458
