176.1476532640211	174.91184468874664	174.93380668551129	176.0449626355988	174.91219578056797	163.21191119560095	174.4195087663343	174.84016270494465	174.96383395285264	170.81724004653967	174.91184468874664	175.24845024262655	174.98955557563534	176.00512259627914	175.24094473498786	162.95596740229925	174.65221662883314	175.16443728254907	175.51076979744002	169.83911457421323	174.93380668551129	174.98955557563534	177.38701995080714	174.9485823646213	174.9965481014062	163.3113918164349	174.6113519280301	174.90977642152785	176.16571553333748	170.951550610533	176.0449626355988	176.00512259627914	174.9485823646213	178.56223961970733	176.0091731319634	164.2775586982012	175.51452273266926	175.9266417934246	177.5814833860618	170.64100200144188	174.91219578056797	175.24094473498786	174.9965481014062	176.0091731319634	175.25430525956773	162.97182310768028	174.65593801360257	175.16754703864967	175.51258702738548	169.8544653594582	163.21191119560095	162.95596740229925	163.3113918164349	164.2775586982012	162.97182310768028	162.65981763522544	162.35297093880337	162.8947050758699	164.9681490930904	158.1399129550719	174.4195087663343	174.65221662883314	174.6113519280301	175.51452273266926	174.65593801360257	162.35297093880337	174.8239553864999	174.5789650947054	174.97939438614796	168.9491934777729	174.84016270494465	175.16443728254907	174.90977642152785	175.9266417934246	175.16754703864967	162.8947050758699	174.5789650947054	175.27293515913098	175.44018985388738	169.75710901816913	174.96383395285264	175.51076979744002	176.16571553333748	177.5814833860618	175.51258702738548	164.9681490930904	174.97939438614796	175.44018985388738	178.84640489977804	171.38258703620187	170.81724004653967	169.83911457421323	170.951550610533	170.64100200144188	169.8544653594582	158.1399129550719	168.9491934777729	169.75710901816913	171.38258703620187	169.4884037067641
174.14897892291435	171.70601205599138	172.02871304124406	173.05430117198674	171.70878878566745	162.85923624146764	171.4416710158273	171.56457368096477	171.74677783364834	168.56514084215308	171.70601205599138	171.94232624639798	171.94414327699408	172.64418079706547	171.9445646587359	162.29972198101234	171.58633648619093	171.7810758692142	172.4314832562545	166.60065137059215	172.02871304124406	171.94414327699408	173.48325824873854	172.20546528735625	171.95726600582998	162.59177864383918	171.67406322657007	171.78168258341756	172.86612830739534	167.49120233513483	173.05430117198674	172.64418079706547	172.20546528735625	174.7277776532046	172.65555414522555	163.38491806054665	172.36221294027376	172.48026008439453	174.00814549715025	167.6195739828285	171.70878878566745	171.9445646587359	171.95726600582998	172.65555414522555	171.9711096641317	162.3200216000137	171.59635978878208	171.79081437365798	172.43915734116345	166.62193807342987	162.85923624146764	162.29972198101234	162.59177864383918	163.38491806054665	162.3200216000137	161.8668835474997	161.9434326213092	162.16129224623594	163.68199833780056	157.47059887089853	171.4416710158273	171.58633648619093	171.67406322657007	172.36221294027376	171.59635978878208	161.9434326213092	171.66392339797426	171.43311186896298	172.0829188298255	166.09054680854604	171.56457368096477	171.7810758692142	171.78168258341756	172.48026008439453	171.79081437365798	162.16129224623594	171.43311186896298	172.01622878892607	172.2844168248203	166.42883835207695	171.74677783364834	172.4314832562545	172.86612830739534	174.00814549715025	172.43915734116345	163.68199833780056	172.0829188298255	172.2844168248203	175.05222416141046	167.7178958922939	168.56514084215308	166.60065137059215	167.49120233513483	167.6195739828285	166.62193807342987	157.47059887089853	166.09054680854604	166.42883835207695	167.7178958922939	166.50106226608023
174.2549389652914	169.86772105842516	170.59151853940008	171.465391853653	169.86424630590716	163.17811947405238	169.6321412440807	169.78049005520035	169.5394448840789	168.21485392411768	169.86772105842516	170.6987380044392	170.6507677243872	171.36480743681867	170.68823168948896	162.91036719011709	170.28459474575527	170.58600208138293	171.55717112667878	164.5219390577784	170.59151853940008	170.6507677243872	172.58575492729216	171.00139067222233	170.66004855463734	163.32944937607786	170.37364447896613	170.5502480994049	172.2386975862614	166.08066662181824	171.465391853653	171.36480743681867	171.00139067222233	173.49014303422416	171.37192149430408	164.050906697145	171.04484328361704	171.26570249813608	173.20946768051095	165.9359506840294	169.86424630590716	170.68823168948896	170.66004855463734	171.37192149430408	170.70389900880514	162.92673008618917	170.29314069135336	170.59452905879724	171.56496157702594	164.53739855871797	163.17811947405238	162.91036719011709	163.32944937607786	164.050906697145	162.92673008618917	162.71203053660437	162.5258095620923	162.83056366463356	164.68266042580788	157.77295659252897	169.6321412440807	170.28459474575527	170.37364447896613	171.04484328361704	170.29314069135336	162.5258095620923	170.3862750553549	170.1914675211435	171.14164948947035	163.9929707741185	169.78049005520035	170.58600208138293	170.5502480994049	171.26570249813608	170.59452905879724	162.83056366463356	170.1914675211435	170.7470209889176	171.46781494935027	164.42274878123612	169.5394448840789	171.55717112667878	172.2386975862614	173.20946768051095	171.56496157702594	164.68266042580788	171.14164948947035	171.46781494935027	175.52621407089782	165.95971740509674	168.21485392411768	164.5219390577784	166.08066662181824	165.9359506840294	164.53739855871797	157.77295659252897	163.9929707741185	164.42274878123612	165.95971740509674	166.31112790552962
176.87335829570685	174.7235914343858	175.09501377410152	175.568913187308	174.7219777697099	163.30343709505902	174.40833506939953	174.57298827008145	174.0811407506701	171.05533032152056	174.7235914343858	175.88960157706015	175.47088939913	176.28434368639535	175.88844012114765	163.34358213213505	175.45049873308437	175.71986805195237	175.87932947752157	169.13463472821257	175.09501377410152	175.47088939913	177.84024424522624	175.44954359541413	175.4854408428738	163.885830327208	175.21570037861446	175.29149596918992	176.73437028296328	170.80280444436738	175.568913187308	176.28434368639535	175.44954359541413	177.84164131847768	176.2908419175669	164.2064444252561	175.90229949379648	176.11575903156648	177.1138862530654	169.81895523680288	174.7219777697099	175.88844012114765	175.4854408428738	176.2908419175669	175.917190596522	163.36626442244594	175.4565821533832	175.7253407731253	175.88334382767275	169.15928644305552	163.30343709505902	163.34358213213505	163.885830327208	164.2064444252561	163.36626442244594	162.9069010525124	162.90948618214432	163.2011401521094	164.99707104353737	157.8872075239309	174.40833506939953	175.45049873308437	175.21570037861446	175.90229949379648	175.4565821533832	162.90948618214432	175.57802350768392	175.28803112179622	175.45190759856735	168.50856732481034	174.57298827008145	175.71986805195237	175.29149596918992	176.11575903156648	175.7253407731253	163.2011401521094	175.28803112179622	175.97056980357573	175.7252163972421	168.9466220884911	174.0811407506701	175.87932947752157	176.73437028296328	177.1138862530654	175.88334382767275	164.99707104353737	175.45190759856735	175.7252163972421	178.99522456664334	170.43317505305097	171.05533032152056	169.13463472821257	170.80280444436738	169.81895523680288	169.15928644305552	157.8872075239309	168.50856732481034	168.9466220884911	170.43317505305097	169.67882955527384
172.3964416995635	170.62019492244798	171.18222907220564	171.30068208191076	170.62578699221842	162.37079718780495	170.41879300646937	170.5107544740748	170.49588539133225	166.92929928485003	170.62019492244798	170.9276550945252	171.0255475565464	171.27053950266932	170.9359349177598	162.0229496948188	170.68454830886168	170.80107152037317	171.07886351538502	165.2566921061779	171.18222907220564	171.0255475565464	172.5266556618656	171.06130786496726	171.0476599117109	162.32128766021052	170.85008684287317	170.89505905868756	171.49678876981287	166.216486302226	171.30068208191076	171.27053950266932	171.06130786496726	172.25219653088746	171.28750457994596	162.44694447136487	171.05633047407332	171.1451467731378	171.65919808186547	165.6502086173092	170.62578699221842	170.9359349177598	171.0476599117109	171.28750457994596	170.97795037614353	162.0521215445456	170.69963235388954	170.81593088690224	171.09138444038487	165.29097541538172	162.37079718780495	162.0229496948188	162.32128766021052	162.44694447136487	162.0521215445456	161.2744968120765	161.77737791370322	161.91322328708168	162.55954933976838	156.59361667944768	170.41879300646937	170.68454830886168	170.85008684287317	171.05633047407332	170.69963235388954	161.77737791370322	170.73104464581144	170.56491258961293	170.8360732902212	164.89998081677376	170.5107544740748	170.80107152037317	170.89505905868756	171.1451467731378	170.81593088690224	161.91322328708168	170.56491258961293	170.99475012352917	170.963023514198	165.11944205180154	170.49588539133225	171.07886351538502	171.49678876981287	171.65919808186547	171.09138444038487	162.55954933976838	170.8360732902212	170.963023514198	172.1849824707813	165.74910053723127	166.92929928485003	165.2566921061779	166.216486302226	165.6502086173092	165.29097541538172	156.59361667944768	164.89998081677376	165.11944205180154	165.74910053723127	164.61898599603057
188.13387919783094	189.24783332180962	189.95350413945357	190.46181083391954	189.173575341476	179.35227830377605	189.23595552406587	138.34244142274014	187.495134646405	187.1467695279907	189.24783332180962	193.5679467679822	194.17594876268393	194.55729850030906	193.53277611367503	182.61606088356012	193.54553196076427	132.57505779938674	192.24241509658577	189.533068459017	189.95350413945357	194.17594876268393	195.21890507686913	195.14110023968595	194.1600272903386	183.2760655430555	194.16616794088404	131.75812609437713	192.9481334946507	190.50965337841924	190.46181083391954	194.55729850030906	195.14110023968595	196.00738924243208	194.539552687874	183.6695609279438	194.5473895032544	131.66268325556507	193.42046126174608	190.81142968620617	189.173575341476	193.53277611367503	194.1600272903386	194.539552687874	193.64001842972618	182.65073803238874	193.5224849856566	132.78890911830104	192.20620463100187	189.55515089152536	179.35227830377605	182.61606088356012	183.2760655430555	183.6695609279438	182.65073803238874	179.95489970107766	182.61033002321486	127.28209805424598	181.79210922930605	178.73847518061672	189.23595552406587	193.54553196076427	194.16616794088404	194.5473895032544	193.5224849856566	182.61033002321486	193.5448243515377	132.57687426199132	192.23160828119626	189.52187815027435	138.34244142274014	132.57505779938674	131.75812609437713	131.66268325556507	132.78890911830104	127.28209805424598	132.57687426199132	231.58897612671274	135.0407500001374	123.8185578465582	187.495134646405	192.24241509658577	192.9481334946507	193.42046126174608	192.20620463100187	181.79210922930605	192.23160828119626	135.0407500001374	192.129863968597	188.15539316704044	187.1467695279907	189.533068459017	190.50965337841924	190.81142968620617	189.55515089152536	178.73847518061672	189.52187815027435	123.8185578465582	188.15539316704044	190.62593852188388
188.06077058746064	188.55746835614733	189.44296251368547	189.51827148504006	187.55625756349906	176.749831325011	188.5232222046967	142.26394173672173	187.57064218966752	187.03211377409409	188.55746835614733	190.11426268130796	190.97375750737154	191.02159498501246	189.26322082290108	177.89575872450254	190.07221586299377	140.08717883182248	189.18534957494356	188.14826227462143	189.44296251368547	190.97375750737154	192.28031718036314	191.85265802798656	190.19967311169776	178.79967003942656	190.94006702333246	139.28233496741458	190.09747209257344	189.29433395191523	189.51827148504006	191.02159498501246	191.85265802798656	192.22793591074242	190.22489084172668	178.80055528244853	190.98722266047992	139.29079315907148	190.16008767583182	189.1701895327435	187.55625756349906	189.26322082290108	190.19967311169776	190.22489084172668	189.4833011069672	177.75494940745966	189.22829837380738	142.75368469571302	188.27099792747856	187.6742102362704	176.749831325011	177.89575872450254	178.79967003942656	178.80055528244853	177.75494940745966	175.7744419470295	177.86287299473935	132.33487898279472	177.28026729433145	175.87316041480972	188.5232222046967	190.07221586299377	190.94006702333246	190.98722266047992	189.22829837380738	177.86287299473935	190.06063550271992	140.081910777558	189.14936756235164	188.10394705675256	142.26394173672173	140.08717883182248	139.28233496741458	139.29079315907148	142.75368469571302	132.33487898279472	140.081910777558	219.94824009683248	141.41489664760564	132.56995253583418	187.57064218966752	189.18534957494356	190.09747209257344	190.16008767583182	188.27099792747856	177.28026729433145	189.14936756235164	141.41489664760564	188.8153820207873	187.23593861959554	187.03211377409409	188.14826227462143	189.29433395191523	189.1701895327435	187.6742102362704	175.87316041480972	188.10394705675256	132.56995253583418	187.23593861959554	189.58275796447188
194.99171369475445	194.98506382698284	195.34026891413816	198.44038032226905	194.743839863638	181.80961189808576	194.97298195308184	141.25838335482644	194.65071300736514	194.41100990303815	194.98506382698284	195.53591314360924	195.8669118054548	198.86726741723942	195.30916618636635	182.05049483761601	195.49847352579357	140.09796855132035	195.19501703856153	194.75932356254336	195.34026891413816	195.8669118054548	196.51481838768123	199.12334902289132	195.67902984209505	182.443789501925	195.8561586164571	139.9098417762395	195.56515784037202	195.21433562574418	198.44038032226905	198.86726741723942	199.12334902289132	203.19314235195907	198.75639244461797	185.25155458521897	198.85672522951802	137.40214944333104	198.73407560476204	198.30078987387307	194.743839863638	195.30916618636635	195.67902984209505	198.75639244461797	195.58570316857566	182.2425854491607	195.29718199805805	141.28803103614595	194.97618425880526	194.69408366062342	181.80961189808576	182.05049483761601	182.443789501925	185.25155458521897	182.2425854491607	179.69299584880332	182.05647235244035	129.26239819338656	182.02668077835028	181.09031787845203	194.97298195308184	195.49847352579357	195.8561586164571	198.85672522951802	195.29718199805805	182.05647235244035	195.49428809710196	140.11586752781767	195.18394024082005	194.75280369107827	141.25838335482644	140.09796855132035	139.9098417762395	137.40214944333104	141.28803103614595	129.26239819338656	140.11586752781767	207.52806837648677	140.8086063398187	134.69288020277523	194.65071300736514	195.19501703856153	195.56515784037202	198.73407560476204	194.97618425880526	182.02668077835028	195.18394024082005	140.8086063398187	195.31890531796216	194.49379892175688	194.41100990303815	194.75932356254336	195.21433562574418	198.30078987387307	194.69408366062342	181.09031787845203	194.75280369107827	134.69288020277523	194.49379892175688	196.0478807373508
194.01828202701762	194.16121670940495	193.98010001852325	198.33405512899182	194.59596686003988	183.36907175249124	193.58985458928623	138.89101422500082	193.59827189614714	193.43529938743094	194.16121670940495	200.79508334657461	194.80741265954384	199.88718620579735	198.93363329169705	182.4893162704782	194.1575477162708	137.20087190395344	194.16901143467368	193.75367830671922	193.98010001852325	194.80741265954384	195.27647865807876	198.71446154736975	195.83179986117568	184.18872418555296	194.34122331509002	138.54926651683382	194.34976484295103	194.20223300811418	198.33405512899182	199.88718620579735	198.71446154736975	204.81796627964434	201.43458187970356	188.3455704811836	198.51953995611004	137.1303082903946	198.5327015015965	198.45422579201562	194.59596686003988	198.93363329169705	195.83179986117568	201.43458187970356	201.95955965952038	186.4462584151374	195.2102042545152	147.22053434410375	195.21375873383548	195.3134395977736	183.36907175249124	182.4893162704782	184.18872418555296	188.3455704811836	186.4462584151374	183.7641247599911	183.74771673328678	134.7830329646679	183.75930023396538	183.75605349191167	193.58985458928623	194.1575477162708	194.34122331509002	198.51953995611004	195.2102042545152	183.74771673328678	193.9392380472867	138.27612837314456	193.93976267559245	193.7365837516019	138.89101422500082	137.20087190395344	138.54926651683382	137.1303082903946	147.22053434410375	134.7830329646679	138.27612837314456	217.70853682207516	138.2920556402174	137.23245730589542	193.59827189614714	194.16901143467368	194.34976484295103	198.5327015015965	195.21375873383548	183.75930023396538	193.93976267559245	138.2920556402174	193.96155781658624	193.74648136769645	193.43529938743094	193.75367830671922	194.20223300811418	198.45422579201562	195.3134395977736	183.75605349191167	193.7365837516019	137.23245730589542	193.74648136769645	194.37865188916518
191.7755502853087	190.70651199698773	191.5855501500055	196.97991661128435	192.75749854990437	190.13875567058474	191.1983814917844	125.74248953607122	191.20891482060165	191.35290709266718	190.70651199698773	198.93313578114783	191.55729703772028	198.21534895017402	198.48352805027645	189.54993957780084	190.7933525852625	123.14275606302708	190.80884205423743	190.7233213861774	191.5855501500055	191.55729703772028	193.664841939136	197.9502569860995	194.95038993052233	191.68272351251298	192.72874831599256	124.4094548186845	192.73997967976203	192.86594814800966	196.97991661128435	198.21534895017402	197.9502569860995	205.20593167619083	201.72428369024504	196.65450988852868	197.72264504453966	122.1175894098943	197.73998929137053	197.93960986026337	192.75749854990437	198.48352805027645	194.95038993052233	201.72428369024504	203.33208534435138	193.32670156566567	194.2510944123282	135.49464030514565	194.25751373847163	194.53065235866083	190.13875567058474	189.54993957780084	191.68272351251298	196.65450988852868	193.32670156566567	191.20070991686262	191.26064208658408	123.98197517709713	191.27262077206507	191.37422533501683	191.1983814917844	190.7933525852625	192.72874831599256	197.72264504453966	194.2510944123282	191.26064208658408	192.31470966947973	124.14034069657714	192.31858809018792	192.40453427946227	125.74248953607122	123.14275606302708	124.4094548186845	122.1175894098943	135.49464030514565	123.98197517709713	124.14034069657714	236.62547358762916	124.15759103602542	123.26712885354881	191.20891482060165	190.80884205423743	192.73997967976203	197.73998929137053	194.25751373847163	191.27262077206507	192.31858809018792	124.15759103602542	192.34523340734717	192.41675836557658	191.35290709266718	190.7233213861774	192.86594814800966	197.93960986026337	194.53065235866083	191.37422533501683	192.40453427946227	123.26712885354881	192.41675836557658	193.16879238780785
191.00304520043284	190.1407052972726	190.88056174297887	197.18408097288182	192.10263399394003	190.5522590324223	190.56359705612144	126.91916570898017	192.05941179052797	190.7610712155546	190.1407052972726	198.69557144307973	190.82351000587127	199.08273180036028	197.70376679529463	190.19640702933913	190.20967452429065	125.18889858373694	192.65377613362702	190.17020382529552	190.88056174297887	190.82351000587127	192.48478995515015	197.96248563624673	193.78558573759733	191.73653606044522	191.74736449021904	125.9557361042439	193.28182924923382	191.93053574667815	197.18408097288182	199.08273180036028	197.96248563624673	207.29087492134227	201.46467362988525	197.74520016224417	197.75857612237215	125.21157156852432	201.22554674348206	198.069613227753	192.10263399394003	197.70376679529463	193.78558573759733	201.46467362988525	202.18003071396816	193.22480119207063	193.2368731052748	136.7460108510004	194.34432994404852	193.58038667558606	190.5522590324223	190.19640702933913	191.73653606044522	197.74520016224417	193.22480119207063	191.40387401241063	191.39935936271354	125.72585862542823	192.907681914228	191.54788640413946	190.56359705612144	190.20967452429065	191.74736449021904	197.75857612237215	193.2368731052748	191.39935936271354	191.41754817387425	125.72233115529087	192.91743694412975	191.55757558921366	126.91916570898017	125.18889858373694	125.9557361042439	125.21157156852432	136.7460108510004	125.72585862542823	125.72233115529087	237.816267786454	128.38219357549642	124.76779142648206	192.05941179052797	192.65377613362702	193.28182924923382	201.22554674348206	194.34432994404852	192.907681914228	192.91743694412975	128.38219357549642	197.7597261805713	193.11405759419426	190.7610712155546	190.17020382529552	191.93053574667815	198.069613227753	193.58038667558606	191.54788640413946	191.55757558921366	124.76779142648206	193.11405759419426	192.4540110846606
168.28190140502002	166.25226116059508	166.37549985886167	170.77896030601465	166.27932364037855	165.84182396698574	166.25688333502666	156.02273896690485	170.80151825411824	165.64796691421697	166.25226116059508	165.6229611930602	165.73377823804537	170.15469295729204	165.6296731085765	165.17997933045868	165.6011798685661	154.69070585768333	171.19272046934904	164.7577690926716	166.37549985886167	165.73377823804537	166.00180787612177	170.24723789112727	165.7711333049499	165.32347093214565	165.74285258653595	154.81545219878814	171.36757209978293	164.91972260627156	170.77896030601465	170.15469295729204	170.24723789112727	177.4486484589437	170.18311045969497	169.8116460280868	170.15951759387897	158.69188811718567	179.11876733374723	169.58856414896476	166.27932364037855	165.6296731085765	165.7711333049499	170.18311045969497	165.68319262583051	165.21826990438876	165.63873851883113	154.735348440796	171.20614775580742	164.79946932695043	165.84182396698574	165.17997933045868	165.32347093214565	169.8116460280868	165.21826990438876	165.25765563577042	165.18963215078787	154.3505765555978	170.91118821239783	164.35631802085618	166.25688333502666	165.6011798685661	165.74285258653595	170.15951759387897	165.63873851883113	165.18963215078787	165.62095106097547	154.70213057311696	171.1906050632262	164.76823867567342	156.02273896690485	154.69070585768333	154.81545219878814	158.69188811718567	154.735348440796	154.3505765555978	154.70213057311696	171.74237680761445	161.97102545740202	153.55422233794485	170.80151825411824	171.19272046934904	171.36757209978293	179.11876733374723	171.20614775580742	170.91118821239783	171.1906050632262	161.97102545740202	182.52755373439132	170.75217471250372	165.64796691421697	164.7577690926716	164.91972260627156	169.58856414896476	164.79946932695043	164.35631802085618	164.76823867567342	153.55422233794485	170.75217471250372	164.9198702364631
171.59326879526515	170.08140277839289	170.32524943540432	170.60562848611875	170.24114201273127	165.91397019051237	170.08080122505112	157.0158344201841	168.51513751024112	166.15710551643278	170.08140277839289	171.01822707962648	171.21063729964018	171.4601713733981	171.2994642598588	166.7154560960063	170.99817405524536	156.93017819682112	170.63677953313822	165.44792747762466	170.32524943540432	171.21063729964018	171.81801795127424	171.6652233888443	171.53979883885273	166.9958005600242	171.21331912915045	156.94462988159546	171.12649209463507	165.99731351738117	170.60562848611875	171.4601713733981	171.6652233888443	172.38237219646308	171.77100762585752	167.2793407167149	171.46250459532502	157.20558621135112	171.6455518283067	166.14484465486706	170.24114201273127	171.2994642598588	171.53979883885273	171.77100762585752	172.24501451372964	167.10608685239464	171.3011133644855	157.3929864728625	170.6487303500604	166.0494665324005	165.91397019051237	166.7154560960063	166.9958005600242	167.2793407167149	167.10608685239464	166.2474336258305	166.72169046576624	153.56575943687437	166.8409270425684	161.3030457061686	170.08080122505112	170.99817405524536	171.21331912915045	171.46250459532502	171.3011133644855	166.72169046576624	171.0074955074358	156.9325601369094	170.63688850582082	165.4560288122917	157.0158344201841	156.93017819682112	156.94462988159546	157.20558621135112	157.3929864728625	153.56575943687437	156.9325601369094	184.23304596993427	159.3405286455622	149.80999134407313	168.51513751024112	170.63677953313822	171.12649209463507	171.6455518283067	170.6487303500604	166.8409270425684	170.63688850582082	159.3405286455622	173.1715035215021	165.3404548133244	166.15710551643278	165.44792747762466	165.99731351738117	166.14484465486706	166.0494665324005	161.3030457061686	165.4560288122917	149.80999134407313	165.3404548133244	165.12161079220073
193.712650400733	195.1959142740728	196.0674969208027	195.6101546612607	194.76587885680632	179.95052557740775	195.18365072929674	141.91636115891626	192.13318167581284	192.2926878257196	195.1959142740728	200.9265967940465	201.58445561679807	201.2049824067638	200.72896072307975	184.10040622428835	200.8893554958426	137.04127473682553	198.6947587037194	195.31167544684132	196.0674969208027	201.58445561679807	202.96256905143946	201.8771785548259	201.47665997593103	184.99494982059016	201.5806205394113	135.89621363663915	199.6058467371696	196.7011702238232	195.6101546612607	201.2049824067638	201.8771785548259	201.7308703113668	201.0493869478118	184.50321926054116	201.20083228561822	136.75208419381	199.12854675341595	195.78403088162196	194.76587885680632	200.72896072307975	201.47665997593103	201.0493869478118	201.21549383706736	184.2976601469061	200.72404024122204	137.76937272957437	198.4450444624885	195.3778494023599	179.95052557740775	184.10040622428835	184.99494982059016	184.50321926054116	184.2976601469061	179.87624765222105	184.1136848435674	130.2478846637802	182.86643088507546	179.0843641568476	195.18365072929674	200.8893554958426	201.5806205394113	201.20083228561822	200.72404024122204	184.1136848435674	200.8915693830429	137.0357824804115	198.69117774648547	195.31626954360434	141.91636115891626	137.04127473682553	135.89621363663915	136.75208419381	137.76937272957437	130.2478846637802	137.0357824804115	234.73431285646996	140.16403470454208	127.85315030946383	192.13318167581284	198.6947587037194	199.6058467371696	199.12854675341595	198.4450444624885	182.86643088507546	198.69117774648547	140.16403470454208	198.35366696760906	192.8775132403152	192.2926878257196	195.31167544684132	196.7011702238232	195.78403088162196	195.3778494023599	179.0843641568476	195.31626954360434	127.85315030946383	192.8775132403152	196.09293956004447
180.46669135522248	180.4179749087808	182.27368275791454	180.97733382909547	179.21911384924863	178.1578444471263	178.45409178178764	132.83910861545124	180.35296917433269	180.4661282684987	180.4179749087808	180.48818797740637	182.24692541706372	180.93911647909786	179.2423472685241	178.11208170190875	178.40797768948562	132.79847435770563	180.3132111254721	180.4262760256523	182.27368275791454	182.24692541706372	185.0464327110147	182.7494992417282	181.41774612863202	180.0179628461012	180.63209393210428	132.83914818151257	182.1839886356555	182.2849716553482	180.97733382909547	180.93911647909786	182.7494992417282	181.68268614905773	179.84490021830769	178.68035035797845	179.01919616989684	132.55167285502927	180.87883944076663	180.98584024991914	179.21911384924863	179.2423472685241	181.41774612863202	179.84490021830769	180.61501478880248	177.3712634917223	177.70852191578527	145.64918296568737	179.0595544622346	179.2383410880396	178.1578444471263	178.11208170190875	180.0179628461012	178.68035035797845	177.3712634917223	177.8488302155803	176.18619144019263	132.29434119965296	178.06038616581424	178.1665478275948	178.45409178178764	178.40797768948562	180.63209393210428	179.01919616989684	177.70852191578527	176.18619144019263	177.80963153988426	131.9497460254211	178.3404159226807	178.45968910075845	132.83910861545124	132.79847435770563	132.83914818151257	132.55167285502927	145.64918296568737	132.29434119965296	131.9497460254211	226.2218630480457	133.02288989580438	132.80534597981568	180.35296917433269	180.3132111254721	182.1839886356555	180.87883944076663	179.0595544622346	178.06038616581424	178.3404159226807	133.02288989580438	180.36314872699938	180.36147726841023	180.4661282684987	180.4262760256523	182.2849716553482	180.98584024991914	179.2383410880396	178.1665478275948	178.45968910075845	132.80534597981568	180.36147726841023	180.4900777722359
190.13645523501373	189.71681325827637	191.1404007776283	193.6077104310989	190.40045207865498	190.02731402621959	187.23532936288103	128.8891451656084	190.0496456474293	190.20975175303116	189.71681325827637	196.4287407341813	196.4658967378531	197.5825520584358	198.96468924675457	194.81652975255008	190.31790370299086	123.9235104237012	194.8418911781194	194.90696355472443	191.1404007776283	196.4658967378531	200.9972774437985	199.19220675108156	201.4344239827692	197.34280423076845	194.232493507958	123.50043668191827	197.366522077687	197.51591586881435	193.6077104310989	197.5825520584358	199.19220675108156	202.75132492954992	202.01426461699842	198.39606516015513	195.00107950399033	121.91892571773188	198.42258414653014	198.52816639522723	190.40045207865498	198.96468924675457	201.4344239827692	202.01426461699842	207.75960662543343	198.840694406092	195.84011862647594	132.85414988984223	198.85875345225088	199.03054632716083	190.02731402621959	194.81652975255008	197.34280423076845	198.39606516015513	198.840694406092	196.22613244747234	191.19128970631905	123.5471790621421	196.2313763737182	196.30637754912425	187.23532936288103	190.31790370299086	194.232493507958	195.00107950399033	195.84011862647594	191.19128970631905	192.44026329276718	121.93201274349623	191.21360396186265	191.23074833145975	128.8891451656084	123.9235104237012	123.50043668191827	121.91892571773188	132.85414988984223	123.5471790621421	121.93201274349623	240.139487169367	123.55698617822492	123.18195064678618	190.0496456474293	194.8418911781194	197.366522077687	198.42258414653014	198.85875345225088	196.2313763737182	191.21360396186265	123.55698617822492	196.26247490195365	196.3303847717584	190.20975175303116	194.90696355472443	197.51591586881435	198.52816639522723	199.03054632716083	196.30637754912425	191.23074833145975	123.18195064678618	196.3303847717584	196.7896044907596
191.67921105313022	191.64645480197333	192.24138273064202	196.26363133422902	192.30534433592945	190.95022238626638	189.27180556243246	128.0079912865042	192.07546835158243	191.678933683857	191.64645480197333	191.91736403412696	192.2506774809935	196.28492138377933	192.44731053514397	190.92995763442968	189.23182347286593	127.83187872051464	192.07512474157357	191.66388890504558	192.24138273064202	192.2506774809935	194.0856304740959	196.53618574284678	193.28642509622415	191.54791592300884	190.65518425280598	128.0236198174205	192.70316720282736	192.26056188452628	196.26363133422902	196.28492138377933	196.53618574284678	203.21790403135287	197.9926365957337	195.57479160847558	195.10294777510956	124.86220196120485	197.39449280595	196.27778346097224	192.30534433592945	192.44731053514397	193.28642509622415	197.9926365957337	196.3392143447179	191.73756960839813	191.652570787117	137.00373814890455	192.45398479000355	192.33198067261634	190.95022238626638	190.92995763442968	191.54791592300884	195.57479160847558	191.73756960839813	190.8818813232674	188.58667868925318	127.76423356453591	191.3969110322358	190.9680298502755	189.27180556243246	189.23182347286593	190.65518425280598	195.10294777510956	191.652570787117	188.58667868925318	190.89640911764792	123.57498227726586	189.862226240618	189.28083141803089	128.0079912865042	127.83187872051464	128.0236198174205	124.86220196120485	137.00373814890455	127.76423356453591	123.57498227726586	229.9276072356906	129.2799957106251	127.9783039356132	192.07546835158243	192.07512474157357	192.70316720282736	197.39449280595	192.45398479000355	191.3969110322358	189.862226240618	129.2799957106251	193.79196128807624	192.09415423220204	191.678933683857	191.66388890504558	192.26056188452628	196.27778346097224	192.33198067261634	190.9680298502755	189.28083141803089	127.9783039356132	192.09415423220204	191.70409403241493
171.60891736842922	169.31860799331153	170.01159413023547	171.18699226962573	170.85378185563974	168.361677550002	166.68106569548334	159.47248930178148	169.69015502299746	169.68012371842306	169.31860799331153	169.72261880364965	169.44821239859448	169.93633407369336	171.14202950434	167.6921354964083	165.05868872114144	157.82525333568327	169.13791611719296	169.11742628621593	170.01159413023547	169.44821239859448	171.8402985711778	170.30354172774352	172.10163842998102	168.70703359423138	167.00319526037097	158.55063025922246	170.05904132122797	170.04450566487597	171.18699226962573	169.93633407369336	170.30354172774352	172.67701054335322	172.77329832793137	169.195667582545	167.3961494030734	158.29047156122562	170.55815595673974	170.53684122539786	170.85378185563974	171.14202950434	172.10163842998102	172.77329832793137	175.02756582542298	170.27048680414	168.24384593142287	160.94870731670358	171.5276666998335	171.51603721932923	168.361677550002	167.6921354964083	168.70703359423138	169.195667582545	170.27048680414	168.4728312306987	164.53046034992926	157.40122204711184	168.45576090842718	168.43829321165182	166.68106569548334	165.05868872114144	167.00319526037097	167.3961494030734	168.24384593142287	164.53046034992926	165.79466773081512	154.50901522750166	165.87215621073238	165.84390654171094	159.47248930178148	157.82525333568327	158.55063025922246	158.29047156122562	160.94870731670358	157.40122204711184	154.50901522750166	174.5851784564044	158.6297492899821	158.60043458975238	169.69015502299746	169.13791611719296	170.05904132122797	170.55815595673974	171.5276666998335	168.45576090842718	165.87215621073238	158.6297492899821	169.83774571894807	169.81402013529276	169.68012371842306	169.11742628621593	170.04450566487597	170.53684122539786	171.51603721932923	168.43829321165182	165.84390654171094	158.60043458975238	169.81402013529276	169.83259488711747
174.16056783054665	169.5894311956608	170.06417392592357	171.59500638267087	169.80044257647913	165.58629455526744	167.87049542648268	165.77817574081556	169.47327607359676	169.39007328904998	169.5894311956608	169.194144787908	168.73264800477352	169.11360719679627	169.6677521276524	164.00734087527673	165.05841087004842	163.9850885709804	168.48989533658457	167.85640779537397	170.06417392592357	168.73264800477352	171.88791233654462	168.80845593789329	170.58674475531666	165.01751696285865	167.03425005059867	164.46300295349874	169.17992788936252	168.79272026975383	171.59500638267087	169.11360719679627	168.80845593789329	171.7496093336609	170.70594802898847	165.321777631583	166.8831893813681	164.77037721422226	169.5211271057002	168.96360482930766	169.80044257647913	169.6677521276524	170.58674475531666	170.70594802898847	172.47967044527664	166.05095745415596	166.90810458528162	165.67178778597483	170.12066015981299	169.59820636933972	165.58629455526744	164.00734087527673	165.01751696285865	165.321777631583	166.05095745415596	164.84414957436167	161.44346801026424	160.45872968352825	164.78213929532367	164.25991832672483	167.87049542648268	165.05841087004842	167.03425005059867	166.8831893813681	166.90810458528162	161.44346801026424	166.17354453622255	161.14918243702246	165.57437473701847	164.860932303534	165.77817574081556	163.9850885709804	164.46300295349874	164.77037721422226	165.67178778597483	160.45872968352825	161.14918243702246	170.84637827694698	164.55164030642922	163.86935480989587	169.47327607359676	168.48989533658457	169.17992788936252	169.5211271057002	170.12066015981299	164.78213929532367	165.57437473701847	164.55164030642922	169.07647756093075	168.46843664739706	169.39007328904998	167.85640779537397	168.79272026975383	168.96360482930766	169.59820636933972	164.25991832672483	164.860932303534	163.86935480989587	168.46843664739706	168.95743975526418
167.3715120953067	164.82657033954942	166.43771658076085	166.49626164987302	166.66162262293898	165.66396925052769	162.91955770885858	159.07018481199077	165.86969242081892	165.85040005660946	164.82657033954942	164.6252725854118	164.6821253807445	164.4805967454776	165.5856361020998	164.00004289893437	160.4872212314348	156.58403857585432	164.23146258317752	164.19604515558086	166.43771658076085	164.6821253807445	168.12467880462683	165.8241818745586	167.3880057710345	165.81497410949336	163.49697091280737	158.10689258987998	166.02656673181843	166.00203946621346	166.49626164987302	164.4805967454776	165.8241818745586	166.9956039400608	167.18888962485056	165.73311702432846	162.7181548382232	158.01045315967437	165.94777265839713	165.91550293084725	166.66162262293898	165.5856361020998	167.3880057710345	167.18888962485056	168.7739877943555	166.53618767628785	163.57992094171343	159.6243748903744	166.7381698328196	166.71535588069656	165.66396925052769	164.00004289893437	165.81497410949336	165.73311702432846	166.53618767628785	165.47257303079192	161.99364841456054	158.0555403125115	165.47339768346515	165.4450722721232	162.91955770885858	160.4872212314348	163.49697091280737	162.7181548382232	163.57992094171343	161.99364841456054	161.7390529169782	154.6204171318908	162.20418345443062	162.16406805124944	159.07018481199077	156.58403857585432	158.10689258987998	158.01045315967437	159.6243748903744	158.0555403125115	154.6204171318908	168.42962521222563	158.25675603567248	158.21527840344123	165.86969242081892	164.23146258317752	166.02656673181843	165.94777265839713	166.7381698328196	165.47339768346515	162.20418345443062	158.25675603567248	165.6914723007796	165.65724306258352	165.85040005660946	164.19604515558086	166.00203946621346	165.91550293084725	166.71535588069656	165.4450722721232	162.16406805124944	158.21527840344123	165.65724306258352	165.67586643834483
167.6327064500253	165.86765498802825	167.60095139314228	167.08196441466487	167.97422903718063	166.39838625169236	163.63651498116116	159.2202287124805	166.73614969164186	166.71997487212292	165.86765498802825	166.25283810755315	166.48803937156862	165.89244587434015	167.71214103623646	165.31326212845676	162.03349221508083	157.4056459893405	165.68320354292592	165.6552262742894	167.60095139314228	166.48803937156862	169.9273589308644	167.4060878250327	169.6443817789941	167.1128858748217	165.17360644188975	158.69352356883374	167.45186711995092	167.4329788285926	167.08196441466487	165.89244587434015	167.4060878250327	167.65090665461818	168.75367439170358	166.6546173836533	163.70346030928204	158.6168930687404	166.99947144603254	166.97500380425967	167.97422903718063	167.71214103623646	169.6443817789941	168.75367439170358	171.39492125743203	168.0480994663738	165.47735303960513	161.01249949473936	168.3639543338146	168.35139159095684	166.39838625169236	165.31326212845676	167.1128858748217	166.6546173836533	168.0480994663738	166.4508626330456	163.01536603430853	158.40082644330684	166.4424615861621	166.42020452808958	163.63651498116116	162.03349221508083	165.17360644188975	163.70346030928204	165.47735303960513	163.01536603430853	163.041120576122	155.1686716704138	163.35369404763122	163.32071923803102	159.2202287124805	157.4056459893405	158.69352356883374	158.6168930687404	161.01249949473936	158.40082644330684	155.1686716704138	170.3119534868012	158.7214124268237	158.68370871613251	166.73614969164186	165.68320354292592	167.45186711995092	166.99947144603254	168.3639543338146	166.4424615861621	163.35369404763122	158.7214124268237	166.7922406563587	166.76401226089615	166.71997487212292	165.6552262742894	167.4329788285926	166.97500380425967	168.35139159095684	166.42020452808958	163.32071923803102	158.68370871613251	166.76401226089615	166.78598398905126
