179.5482134713501	174.3620627043987	174.80870893672574	175.73456061121297	174.1832743453113	163.21409500214452	173.99957034364115	174.12314538392462	172.66390318287765	172.90227971211579	174.3620627043987	177.24812995735766	175.8963952114721	177.3845359775994	176.90714509911652	163.49539450102063	176.41321120773614	176.83432921941827	177.3213776818626	168.53529148545155	174.80870893672574	175.8963952114721	179.6047402585524	176.30503866995787	175.89741498097	165.1799442618525	175.6776947685055	175.81607902262152	179.57400583674064	172.0058700826279	175.73456061121297	177.3845359775994	176.30503866995787	180.351612268625	177.36875072818978	165.92769283673664	176.98536720164321	177.29449934958606	180.63114943505877	170.70311593045304	174.1832743453113	176.90714509911652	175.89741498097	177.36875072818978	176.938029997558	163.68642951975426	176.43426540434461	176.85985406154487	177.35463566714097	168.60784904809773	163.21409500214452	163.49539450102063	165.1799442618525	165.92769283673664	163.68642951975426	165.0338452728391	163.28994702230918	163.6201247333822	168.61166157353654	159.4576615190773	173.99957034364115	176.41321120773614	175.6776947685055	176.98536720164321	176.43426540434461	163.28994702230918	176.520243833407	176.36162637352973	176.92266915915596	168.12593963299847	174.12314538392462	176.83432921941827	175.81607902262152	177.29449934958606	176.85985406154487	163.6201247333822	176.36162637352973	176.9632832633445	177.28515028293486	168.5246133169972	172.66390318287765	177.3213776818626	179.57400583674064	180.63114943505877	177.35463566714097	168.61166157353654	176.92266915915596	177.28515028293486	186.7512712816586	172.15738399648222	172.90227971211579	168.53529148545155	172.0058700826279	170.70311593045304	168.60784904809773	159.4576615190773	168.12593963299847	168.5246133169972	172.15738399648222	172.80533404557528
172.5585270851231	168.10208742010892	168.5257308340365	170.57891634547966	168.09817146145303	162.6993350829637	167.9202245335357	167.87635115231205	168.7476003362371	166.96196442011706	168.10208742010892	166.71099579551844	166.96083073263907	168.11084580507682	166.61857338526139	160.56535309846478	166.31274161957927	166.36120159015084	167.877454227574	163.81131812734284	168.5257308340365	166.96083073263907	168.73487644303665	167.9233968555067	167.0269823951006	161.13414596778446	166.778159606097	166.7605819543299	168.51804806834286	164.69213346419951	170.57891634547966	168.11084580507682	167.9233968555067	171.55163338181148	168.16095620066693	162.52392095547071	167.9419960651081	167.88487005748587	170.5578124314092	165.76265415562642	168.09817146145303	166.61857338526139	167.0269823951006	168.16095620066693	166.69448182929182	160.6774301752549	166.38364194135127	166.4319139958351	167.9365898611037	163.9067700701528	162.6993350829637	160.56535309846478	161.13414596778446	162.52392095547071	160.6774301752549	160.71457711479394	160.37708228293846	160.4330144122425	162.5235605018108	158.1714508856067	167.9202245335357	166.31274161957927	166.778159606097	167.9419960651081	166.38364194135127	160.37708228293846	166.40860903837134	166.12675205621625	167.64450575623573	163.5419473867739	167.87635115231205	166.36120159015084	166.7605819543299	167.88487005748587	166.4319139958351	160.4330144122425	166.12675205621625	166.79168381249727	167.68758467900884	163.63266002366728	168.7476003362371	167.877454227574	168.51804806834286	170.5578124314092	167.9365898611037	162.5235605018108	167.64450575623573	167.68758467900884	171.5294868106928	165.47054899798076	166.96196442011706	163.81131812734284	164.69213346419951	165.76265415562642	163.9067700701528	158.1714508856067	163.5419473867739	163.63266002366728	165.47054899798076	164.3366316509916
167.67851562761507	165.3200192674164	165.46482080993357	166.9921985278271	165.35181333780858	158.34687238387033	165.28668512066326	165.1839585153509	166.11746102362363	163.84396627128132	165.3200192674164	164.13834292419676	164.25765361891797	165.24452869872528	164.13352735502872	156.7666762935633	164.0547546630188	163.95406290258674	165.0292913482877	162.23803519804036	165.46482080993357	164.25765361891797	164.79797808710438	165.20469917427823	164.30208105716252	156.97552397041835	164.22599087797641	164.12173263550983	165.21154548111343	162.47317012714385	166.9921985278271	165.24452869872528	165.20469917427823	167.65710584732201	165.29013187094546	158.07317515435793	165.2237438072525	165.08826976344258	166.94975498099282	163.45187749497273	165.35181333780858	164.13352735502872	164.30208105716252	165.29013187094546	164.18477551899832	156.83212858172595	164.09977009249408	163.99906102167765	165.06989629602927	162.29230148688097	158.34687238387033	156.7666762935633	156.97552397041835	158.07317515435793	156.83212858172595	156.18666166420692	156.74829035304427	156.65614549016638	158.1211360921952	154.93079758315005	165.28668512066326	164.0547546630188	164.22599087797641	165.2237438072525	164.09977009249408	156.74829035304427	164.076040432013	163.9203686276509	164.99539542460278	162.20237863552626	165.1839585153509	163.95406290258674	164.12173263550983	165.08826976344258	163.99906102167765	156.65614549016638	163.9203686276509	164.1885887792859	164.89459317225283	162.1035271713104	166.11746102362363	165.0292913482877	165.21154548111343	166.94975498099282	165.06989629602927	158.1211360921952	164.99539542460278	164.89459317225283	167.15924904709544	163.31259723070983	163.84396627128132	162.23803519804036	162.47317012714385	163.45187749497273	162.29230148688097	154.93079758315005	162.20237863552626	162.1035271713104	163.31259723070983	161.73157499301996
174.72722230501248	168.41951699235608	168.47068475692657	172.01361609069411	168.37943502892742	163.8202511543217	168.2643788505772	168.20998239401158	168.9791815582137	168.21204822705775	168.41951699235608	165.27265138349793	165.30592956723626	167.35233943281963	165.16532150755557	159.8820166303973	164.8301692011753	164.95920379637354	166.18054511715815	164.0521463459956	168.47068475692657	165.30592956723626	166.07847468815046	167.20434454311032	165.38075711077232	160.15162218198282	165.06840961867698	165.17247287966728	166.4183502339851	164.3445090833142	172.01361609069411	167.35233943281963	167.20434454311032	171.49713996967736	167.38980094143068	162.5007834882143	167.2160379183363	167.16580016771243	169.29344978223332	166.6002762114985	168.37943502892742	165.16532150755557	165.38075711077232	167.38980094143068	165.24705213100822	159.99525980372334	164.90572701962168	165.03559575523005	166.24774482566448	164.13531079955285	163.8202511543217	159.8820166303973	160.15162218198282	162.5007834882143	159.99525980372334	160.16501928302148	159.67617969144908	159.79889537326162	161.34755877743194	159.02345817398742	168.2643788505772	164.8301692011753	165.06840961867698	167.2160379183363	164.90572701962168	159.67617969144908	164.94846896489946	164.70008684177247	165.9275228497329	163.7770446394585	168.20998239401158	164.95920379637354	165.17247287966728	167.16580016771243	165.03559575523005	159.79889537326162	164.70008684177247	165.31383220180874	166.04410125855256	163.92488671503108	168.9791815582137	166.18054511715815	166.4183502339851	169.29344978223332	166.24774482566448	161.34755877743194	165.9275228497329	166.04410125855256	168.83826836480188	165.22095077223986	168.21204822705775	164.0521463459956	164.3445090833142	166.6002762114985	164.13531079955285	159.02345817398742	163.7770446394585	163.92488671503108	165.22095077223986	164.4984032631324
177.27637370735673	170.40226945718587	170.33024598611217	174.46844016431885	170.16913714552265	165.50558275330852	169.86570916287505	170.14653556481989	171.24458213271848	170.4188306504104	170.40226945718587	168.93805364974503	168.5787318457275	170.5169826807426	168.56854483189082	162.87356309757777	166.31621745835105	168.53654318971942	170.47315373311594	167.07149901082664	170.33024598611217	168.5787318457275	170.11780933365608	169.98652199097307	168.7346279533979	163.2419815092407	166.8766967318141	168.70144049646345	170.79551205126958	167.51074462397747	174.46844016431885	170.5169826807426	169.98652199097307	175.86719398525298	170.51900940767442	165.71874415085753	169.62215986631622	170.48523171121323	174.42361042056493	169.63837341456536	170.16913714552265	168.56854483189082	168.7346279533979	170.51900940767442	168.7472479361732	163.14156347197547	166.43474572658806	168.70977741913183	170.59658284844616	167.2511329418395	165.50558275330852	162.87356309757777	163.2419815092407	165.71874415085753	163.14156347197547	163.66555348937297	161.09136146163704	163.11038820129087	165.84801214551337	161.9958397973208	169.86570916287505	166.31621745835105	166.8766967318141	169.62215986631622	166.43474572658806	161.09136146163704	167.28210552651706	166.40329846857284	168.54969719566415	164.8379378966536	170.14653556481989	168.53654318971942	168.70144049646345	170.48523171121323	168.70977741913183	163.11038820129087	166.40329846857284	168.74556726001015	170.56548712862903	167.2180304594718	171.24458213271848	170.47315373311594	170.79551205126958	174.42361042056493	170.59658284844616	165.84801214551337	168.54969719566415	170.56548712862903	176.0457533892043	169.36632827448003	170.4188306504104	167.07149901082664	167.51074462397747	169.63837341456536	167.2511329418395	161.9958397973208	164.8379378966536	167.2180304594718	169.36632827448003	168.387510425964
177.82442817733687	171.63911574342498	171.7227635655222	175.0910265558439	171.6253317281953	164.64137669251338	171.16476869331103	171.51658458162095	172.00247220523443	171.52301538021447	171.63911574342498	169.85771655890377	169.87410355470865	171.18606316981385	169.8360230602947	161.4931211479404	168.1901243255763	169.69910676684725	170.61318799725402	168.20518776937593	171.7227635655222	169.87410355470865	170.9060097465604	170.76540599784204	169.8872193472284	161.63173743291412	168.44979755607966	169.74770289743054	170.73704600476188	168.43501732009094	175.0910265558439	171.18606316981385	170.76540599784204	175.03387168804375	171.19163277263917	163.57079872042618	170.3710847298646	171.04532826305433	172.95718629546835	170.03739416195498	171.6253317281953	169.8360230602947	169.8872193472284	171.19163277263917	169.8552978506665	161.51819407312124	168.20216389095378	169.71234047550212	170.62483644843803	168.2202572631368	164.64137669251338	161.4931211479404	161.63173743291412	163.57079872042618	161.51819407312124	161.73114620387852	160.04654272419157	161.39096392653207	162.8879818242571	160.25409809889507	171.16476869331103	168.1901243255763	168.44979755607966	170.3710847298646	168.20216389095378	160.04654272419157	168.53309802566915	168.06732956523916	169.05610484633118	166.45706528909238	171.51658458162095	169.69910676684725	169.74770289743054	171.04532826305433	169.71234047550212	161.39096392653207	168.06732956523916	169.88744075677147	170.489725170722	168.07957219837587	172.00247220523443	170.61318799725402	170.73704600476188	172.95718629546835	170.62483644843803	162.8879818242571	169.05610484633118	170.489725170722	173.15456778492313	169.12199774580088	171.52301538021447	168.20518776937593	168.43501732009094	170.03739416195498	168.2202572631368	160.25409809889507	166.45706528909238	168.07957219837587	169.12199774580088	168.9241922680718
179.03557825990617	172.69573721814226	172.66273379959094	176.29292336515476	172.52900450375486	165.17276555087795	172.06744448828016	172.43022826416492	173.11756224656978	172.57642062087518	172.69573721814226	171.54967194950657	171.25722486512694	172.71521071486512	171.28676696438004	162.37000721736524	168.98675281391115	171.16049194604778	172.53876370127892	169.717150807381	172.66273379959094	171.25722486512694	172.89872693941496	172.02095544445916	171.32774093184457	162.6877725593836	169.49432829290234	171.1978639417164	172.77079805991028	170.05383886740032	176.29292336515476	172.71521071486512	172.02095544445916	177.3890967000669	172.7001071633554	164.98002575210865	171.62896952411313	172.5674650626353	175.69048060436268	171.6658276451166	172.52900450375486	171.28676696438004	171.32774093184457	172.7001071633554	171.37398302816175	162.549747520363	169.03938440069183	171.24237086478666	172.5977854696073	169.8062797626328	165.17276555087795	162.37000721736524	162.6877725593836	164.98002575210865	162.549747520363	163.2093508559804	160.58433961940426	162.43392407690692	164.9150763619463	161.46344858006984	172.06744448828016	168.98675281391115	169.49432829290234	171.62896952411313	169.03938440069183	160.58433961940426	169.683168348599	168.9160403611462	170.49719140253214	167.38949283439865	172.43022826416492	171.16049194604778	171.1978639417164	172.5674650626353	171.24237086478666	162.43392407690692	168.9160403611462	171.40336078701955	172.47393252195656	169.67676054685865	173.11756224656978	172.53876370127892	172.77079805991028	175.69048060436268	172.5977854696073	164.9150763619463	170.49719140253214	172.47393252195656	176.94644422366912	171.26655722496932	172.57642062087518	169.717150807381	170.05383886740032	171.6658276451166	169.8062797626328	161.46344858006984	167.38949283439865	169.67676054685865	171.26655722496932	170.6619318846209
177.88861956646505	171.98152496269074	172.0850868871181	175.4055136588128	171.929498886941	164.72078086660568	171.38671206788067	171.8767394327722	172.56174946226278	171.81516939769756	171.98152496269074	170.3752115516411	170.36902702576157	171.84014000039883	170.27885467469076	161.801985071279	168.42887583599105	170.21121365888706	171.56249854465034	168.93922035103176	172.0850868871181	170.36902702576157	172.05723969902473	171.2436892416407	170.40283258074635	162.1142395058803	168.9295045210904	170.33297652550576	171.87175961313358	169.30487355917413	175.4055136588128	171.84014000039883	171.2436892416407	176.3752275985014	171.84544676310858	164.32690946680708	170.88496234535904	171.77371430700302	174.74386951050764	170.88802942416945	171.929498886941	170.27885467469076	170.40283258074635	171.84544676310858	170.3217058667928	161.87978957236922	168.46034249523365	170.2486428161226	171.5904370082478	168.9814487500675	164.72078086660568	161.801985071279	162.1142395058803	164.32690946680708	161.87978957236922	162.44139853905077	160.25659953827437	161.81624706607585	164.18259900345146	160.88375137973816	171.38671206788067	168.42887583599105	168.9295045210904	170.88496234535904	168.46034249523365	160.25659953827437	168.8608273986098	168.39338019154548	169.90840878925917	167.03227911766245	171.8767394327722	170.21121365888706	170.33297652550576	171.77371430700302	170.2486428161226	161.81624706607585	168.39338019154548	170.33019984244774	171.52441536185043	168.91192531766708	172.56174946226278	171.56249854465034	171.87175961313358	174.74386951050764	171.5904370082478	164.18259900345146	169.90840878925917	171.52441536185043	175.77838360413696	170.44686595092085	171.81516939769756	168.93922035103176	169.30487355917413	170.88802942416945	168.9814487500675	160.88375137973816	167.03227911766245	168.91192531766708	170.44686595092085	169.6003652044278
177.10450637719032	170.56709768470654	170.62700736110452	174.9164854147624	170.39683219247644	166.04551221342427	170.0292020694396	170.36838068799665	172.1380523301699	170.59796772020658	170.56709768470654	169.429186153422	169.20452003058762	171.56658563369342	169.15401056590164	163.96819834012283	166.42181008957826	169.11482088143762	172.21180039725775	168.12799725376544	170.62700736110452	169.20452003058762	171.12111663592535	171.0542766181893	169.31560080590907	164.35970436334085	167.25499966696185	169.27481741098998	172.73134250019166	168.5451479151995	174.9164854147624	171.56658563369342	171.0542766181893	178.17367388821157	171.55605141544729	167.46579032825557	170.55714008089558	171.5152151295331	177.7797336969913	171.00756601709085	170.39683219247644	169.15401056590164	169.31560080590907	171.55605141544729	169.29033635296454	164.16187269899322	166.50117262376386	169.24572920157928	172.27953845932365	168.26233013286074	166.04551221342427	163.96819834012283	164.35970436334085	167.46579032825557	164.16187269899322	165.00723746790274	161.73931364378276	164.12406875688393	168.46023218061495	163.40687699494495	170.0292020694396	166.42181008957826	167.25499966696185	170.55714008089558	166.50117262376386	161.73931364378276	167.68818755439017	166.46274215373649	170.04648841540435	165.40009262064518	170.36838068799665	169.11482088143762	169.27481741098998	171.5152151295331	169.24572920157928	164.12406875688393	166.46274215373649	169.2918718646329	172.24197434004424	168.2221194580687	172.1380523301699	172.21180039725775	172.73134250019166	177.7797336969913	172.27953845932365	168.46023218061495	170.04648841540435	172.24197434004424	180.98206631526543	171.5730237912324	170.59796772020658	168.12799725376544	168.5451479151995	171.00756601709085	168.26233013286074	163.40687699494495	165.40009262064518	168.2221194580687	171.5730237912324	169.1819812691692
178.99391584830676	172.86612334387866	173.0035351485279	177.55463784143186	172.76563335826333	168.4927410976143	172.2863181749819	167.3555165434563	174.67361832747983	173.03358463172165	172.86612334387866	172.7324838294054	172.58739916065963	175.02309219679086	172.58055557617814	167.445641531383	169.0087071363236	165.73313344811444	175.90441652346942	171.73263108886533	173.0035351485279	172.58739916065963	174.2212812699645	174.6553175508446	172.66288910649928	167.72271463261674	169.8516563676862	165.68542909123516	176.3726674573282	172.01691386495776	177.55463784143186	175.02309219679086	174.6553175508446	182.2119372277682	175.01732268305855	171.0771360366487	173.80358426907156	167.92257199088004	182.059887499918	174.64176131463958	172.76563335826333	172.58055557617814	172.66288910649928	175.01732268305855	172.6727203577969	167.56581156893762	169.0548319577256	165.80759564946283	175.94778650577817	171.8210077954526	168.4927410976143	167.445641531383	167.72271463261674	171.0771360366487	167.56581156893762	168.2793493296117	164.43481450757668	161.1675120253009	172.29772173546394	166.9609965994202	172.2863181749819	169.0087071363236	169.8516563676862	173.80358426907156	169.0548319577256	164.43481450757668	170.5118586277278	162.5372562307788	173.10027006947448	168.11488933200604	167.3555165434563	165.73313344811444	165.68542909123516	167.92257199088004	165.80759564946283	161.1675120253009	162.5372562307788	175.441923314463	169.31281822711804	164.84600902513364	174.67361832747983	175.90441652346942	176.3726674573282	182.059887499918	175.94778650577817	172.29772173546394	173.10027006947448	169.31281822711804	185.74627409208787	175.41487275731498	173.03358463172165	171.73263108886533	172.01691386495776	174.64176131463958	171.8210077954526	166.9609965994202	168.11488933200604	164.84600902513364	175.41487275731498	172.7650045279213
177.3054343316714	170.95066815944512	171.02757763511636	174.7647056131325	170.9299384836373	165.56928050240228	170.18670444126812	170.91189516633824	171.8385663442108	171.0193558663683	170.95066815944512	170.14494370584816	169.90419047859928	171.22494093832077	170.11498527970983	163.6066759768365	166.25036783108223	170.08837766963256	171.68520381439882	169.0873233588877	171.02757763511636	169.90419047859928	171.32842980208392	170.522770507908	169.92532462164897	163.58054138193796	166.8821190794048	169.89741333208846	171.72619445751795	169.09409110481508	174.7647056131325	171.22494093832077	170.522770507908	176.07069153130428	171.23136393203407	165.6542299441601	169.53046527162334	171.20322274125002	174.75179273489672	170.56264156261196	170.9299384836373	170.11498527970983	169.92532462164897	171.23136393203407	170.14386683918534	163.64120117142542	166.26620348080058	170.11102084144864	171.70263294537594	169.11123296189197	165.56928050240228	163.6066759768365	163.58054138193796	165.6542299441601	163.64120117142542	164.04598299284177	160.2397675688156	163.6147854851722	166.1210370366381	162.86236398813895	170.18670444126812	166.25036783108223	166.8821190794048	169.53046527162334	166.26620348080058	160.2397675688156	167.49701647053834	166.23970959849026	168.26021182158212	165.1059670001665	170.91189516633824	170.08837766963256	169.89741333208846	171.20322274125002	170.11102084144864	163.6147854851722	166.23970959849026	170.13689504161766	171.67686706508692	169.08382012463628	171.8385663442108	171.68520381439882	171.72619445751795	174.75179273489672	171.70263294537594	166.1210370366381	168.26021182158212	171.67686706508692	176.61510305691772	170.85029668002727	171.0193558663683	169.0873233588877	169.09409110481508	170.56264156261196	169.11123296189197	162.86236398813895	165.1059670001665	169.08382012463628	170.85029668002727	169.86025507719916
178.33508643856516	171.91988457934428	171.89159654902892	175.52032084123485	171.8090078688	165.473173599039	171.0476393576694	171.78553979266556	172.3781938742122	171.91326912161148	171.91988457934428	171.67451129163672	171.04116030874593	172.08999936658947	171.51657751257665	163.63381895774046	166.91988504805502	171.48322060418246	172.51634536666896	170.36154353100088	171.89159654902892	171.04116030874593	172.81355888891588	170.98052615438286	171.11403889484157	163.52229887478254	167.74390123401383	171.07892891397822	172.34317791884584	170.23690993573274	175.52032084123485	172.08999936658947	170.98052615438286	176.33918550206994	172.0991730440203	165.22884641198934	169.88199613536545	172.06425052811525	174.54893540253167	171.3023070731185	171.8090078688	171.51657751257665	171.11403889484157	172.0991730440203	171.60981624724698	163.779126609545	166.9618393341628	171.57092019085502	172.58774459318417	170.45267592051823	165.473173599039	163.63381895774046	163.52229887478254	165.22884641198934	163.779126609545	164.02652719496544	159.79224366787489	163.7467903023805	165.5649893344442	162.93997744607861	171.0476393576694	166.91988504805502	167.74390123401383	169.88199613536545	166.9618393341628	159.79224366787489	168.43956822503492	166.9290317406287	168.3497148216157	165.7144341662099	171.78553979266556	171.48322060418246	171.07892891397822	172.06425052811525	171.57092019085502	163.7467903023805	166.9290317406287	171.60664294048496	172.55502683279028	170.4183954432788	172.3781938742122	172.51634536666896	172.34317791884584	174.54893540253167	172.58774459318417	165.5649893344442	168.3497148216157	172.55502683279028	176.07482227245387	171.58100167710825	171.91326912161148	170.36154353100088	170.23690993573274	171.3023070731185	170.45267592051823	162.93997744607861	165.7144341662099	170.4183954432788	171.58100167710825	171.20788608520357
179.44447534027967	173.63782026514593	173.56908754830715	176.98779883745388	173.50562231930854	165.3604513681165	172.57372360534984	173.49266286433738	174.09739077337287	173.47307663923002	173.63782026514593	174.19097389244362	173.28341691586928	174.58386843736238	173.98405883429163	163.83721049205909	169.80613817258148	173.964747774295	175.01036367600182	171.7403215411404	173.56908754830715	173.28341691586928	175.54534107732314	173.07448432936684	173.33712328162463	163.75864664462068	170.597057892669	173.31569056983264	174.83765640939947	171.77459155470316	176.98779883745388	174.58386843736238	173.07448432936684	179.14747695736335	174.57537690244334	165.93658992579014	172.39261290580802	174.55498065109276	177.68667070954095	172.97242357572327	173.50562231930854	173.98405883429163	173.33712328162463	174.57537690244334	174.06273112022248	163.99550904031767	169.83677156961116	174.03755251086483	175.05884526775645	171.82318322245683	165.3604513681165	163.83721049205909	163.75864664462068	165.93658992579014	163.99550904031767	164.52786615032662	160.56902044389767	163.97564665619532	166.52078344766537	162.5277497659116	172.57372360534984	169.80613817258148	170.597057892669	172.39261290580802	169.83677156961116	160.56902044389767	171.11221947161692	169.81690495726704	171.43255391732146	167.50465651313422	173.49266286433738	173.964747774295	173.31569056983264	174.55498065109276	174.03755251086483	163.97564665619532	169.81690495726704	174.05579051862466	175.04007613872238	171.80240702764203	174.09739077337287	175.01036367600182	174.83765640939947	177.68667070954095	175.05884526775645	166.52078344766537	171.43255391732146	175.04007613872238	179.69468529340918	173.2568141587035	173.47307663923002	171.7403215411404	171.77459155470316	172.97242357572327	171.82318322245683	162.5277497659116	167.50465651313422	171.80240702764203	173.2568141587035	173.03140041499543
178.5056229393913	172.5299437868343	172.4865132475396	176.0693136950375	172.27461108721926	165.33996836371148	171.60792393239853	172.2618013103582	173.26572732318178	172.3254089671838	172.5299437868343	172.98376804012366	171.99196285086182	173.74896877519046	172.55016111072644	163.85302377624126	169.39701328169392	172.5315171742892	174.08990761114637	169.5594044871534	172.4865132475396	171.99196285086182	174.64535732858792	172.2914309790395	172.1019524968187	164.0579759816437	170.1459843159525	172.0810333547286	174.24332971124915	170.16919479970952	176.0693136950375	173.74896877519046	172.2914309790395	178.97674736246492	173.73090092458898	166.53692521685508	172.12672963306912	173.71127467400217	177.7761263597997	171.67504912722433	172.27461108721926	172.55016111072644	172.1019524968187	173.73090092458898	172.7064259305684	164.15464950389608	169.47496788866133	172.6820371686202	174.17545591005688	169.73489645665174	165.33996836371148	163.85302377624126	164.0579759816437	166.53692521685508	164.15464950389608	164.8439625154994	161.49392086970263	164.1355066114968	167.27840125069307	162.1673413501009	171.60792393239853	169.39701328169392	170.1459843159525	172.12672963306912	169.47496788866133	161.49392086970263	170.63442395953993	169.45589107575202	171.53870238097693	166.41813172147872	172.2618013103582	172.5315171742892	172.0810333547286	173.71127467400217	172.6820371686202	164.1355066114968	169.45589107575202	172.70000922340415	174.15744546232526	169.71420875311978	173.26572732318178	174.08990761114637	174.24332971124915	177.7761263597997	174.17545591005688	167.27840125069307	171.53870238097693	174.15744546232526	180.16946350020342	171.9579920721938	172.3254089671838	169.5594044871534	170.16919479970952	171.67504912722433	169.73489645665174	162.1673413501009	166.41813172147872	169.71420875311978	171.9579920721938	171.60770187328254
177.75762901089888	171.2626971900429	171.29348366933786	175.00428918793708	171.09608690983418	165.40128914721757	170.52044545223276	171.0226758478557	171.96267384960296	171.30091611519686	171.2626971900429	170.98577093326736	170.33543878462268	171.86635457966804	170.72046803566542	163.5998997864289	167.3903720988782	170.62668323824613	172.12965412680708	168.52934031789184	171.29348366933786	170.33543878462268	172.5464331778694	170.69780726454877	170.43912017750145	163.68043858547117	168.15326158676075	170.3410181810239	172.19042419850092	168.8901668028383	175.00428918793708	171.86635457966804	170.69780726454877	176.71696975760486	171.87545952218323	165.7889119596877	170.25686156417595	171.7770768605898	175.1373480773297	170.3850021064103	171.09608690983418	170.72046803566542	170.43912017750145	171.87545952218323	170.8531603210416	163.81138894671608	167.4630680014242	170.75406162090698	172.22307149696982	168.66675349886376	165.40128914721757	163.5998997864289	163.68043858547117	165.7889119596877	163.81138894671608	164.1839532595565	160.88288385263715	163.72302827472248	166.1629814265664	162.20634478676192	170.52044545223276	167.3903720988782	168.15326158676075	170.25686156417595	167.4630680014242	160.88288385263715	168.69796819354372	167.37168859400313	169.2490672593189	165.16135151898484	171.0226758478557	170.62668323824613	170.3410181810239	171.7770768605898	170.75406162090698	163.72302827472248	167.37168859400313	170.87581412184505	172.13079885821864	168.5685231247629	171.96267384960296	172.12965412680708	172.19042419850092	175.1373480773297	172.22307149696982	166.1629814265664	169.2490672593189	172.13079885821864	176.90005262554223	170.42332814701703	171.30091611519686	168.52934031789184	168.8901668028383	170.3850021064103	168.66675349886376	162.20634478676192	165.16135151898484	168.5685231247629	170.42332814701703	170.17834875788776
177.5844201426277	170.8925472620622	170.88448734561007	174.73885268869967	170.71825478680887	165.53315672731705	170.15813896063895	170.7031420018805	171.5951659353962	170.96240881657542	170.8925472620622	170.5805850249051	169.92154774336655	171.32763232870087	170.32365479770266	163.8205359545399	166.33278741520607	170.301003866794	171.756858006949	168.6705743105634	170.88448734561007	169.92154774336655	171.84163312347857	170.2980246304336	170.0448188244692	163.84024256283524	167.15777241713653	170.02058888078454	171.75988435005232	168.82666046456873	174.73885268869967	171.32763232870087	170.2980246304336	176.13865903012095	171.3425053085316	165.8092724590917	169.52932229031126	171.3187175710979	174.58593181565874	170.2632013637172	170.71825478680887	170.32365479770266	170.0448188244692	171.3425053085316	170.47768729791983	164.04534554541144	166.40867329241982	170.44934549999013	171.86993802362701	168.8248167204504	165.53315672731705	163.8205359545399	163.84024256283524	165.8092724590917	164.04534554541144	164.37024025613877	160.49353967271054	164.0227734004892	166.29471115813584	162.80962576418568	170.15813896063895	166.33278741520607	167.15777241713653	169.52932229031126	166.40867329241982	160.49353967271054	167.93639235136013	166.38608023361758	168.26014082937667	164.63936591519914	170.7031420018805	170.301003866794	170.02058888078454	171.3187175710979	170.44934549999013	164.0227734004892	166.38608023361758	170.47140825312601	171.84790827694152	168.8010869141261	171.5951659353962	171.756858006949	171.75988435005232	174.58593181565874	171.86993802362701	166.29471115813584	168.26014082937667	171.84790827694152	176.44262447836402	170.49251726096443	170.96240881657542	168.6705743105634	168.82666046456873	170.2632013637172	168.8248167204504	162.80962576418568	164.63936591519914	168.8010869141261	170.49251726096443	170.06952805913573
177.07217093219379	170.3931123518435	170.52238395328655	174.27990225553802	170.2722879438996	165.37452454594978	169.79566210761254	170.25976814220346	171.2648250172628	170.5624944659307	170.3931123518435	169.8210976359163	169.37544293691	171.03045431852655	169.62177083763487	163.51080505854634	166.86100574749656	169.60275226149196	171.25035250174363	167.22382942535418	170.52238395328655	169.37544293691	171.48903376980866	170.0477497779318	169.46162320381404	163.6342359281454	167.52483301027564	169.440914278038	171.42495406022712	167.73825047483726	174.27990225553802	171.03045431852655	170.0477497779318	176.0444106916989	171.0431301635413	165.82440169044636	169.74146892282033	171.0230440510638	174.58240098496591	169.45430327885288	170.2722879438996	169.62177083763487	169.46162320381404	171.0431301635413	169.72953371794165	163.66941581443146	166.92779470193202	169.704616232736	171.32494515366	167.33393822523163	165.37452454594978	163.51080505854634	163.6342359281454	165.82440169044636	163.66941581443146	164.0211101425119	161.1997348398979	163.65009909068772	166.15579768761415	161.84323557791868	169.79566210761254	166.86100574749656	167.52483301027564	169.74146892282033	166.92779470193202	161.1997348398979	168.00527210913924	166.908631601243	168.86191796173748	164.3954607505443	170.25976814220346	169.60275226149196	169.440914278038	171.0230440510638	169.704616232736	163.65009909068772	166.908631601243	169.72194597932625	171.30652593087603	167.31335320446482	171.2648250172628	171.25035250174363	171.42495406022712	174.58240098496591	171.32494515366	166.15579768761415	168.86191796173748	171.30652593087603	176.38120044612452	169.36566740489786	170.5624944659307	167.22382942535418	167.73825047483726	169.45430327885288	167.33393822523163	161.84323557791868	164.3954607505443	167.31335320446482	169.36566740489786	169.10502356093298
175.71049234491477	169.27944933219575	169.71973340316657	172.86769190304798	169.19892678434803	164.88452828611034	168.80792855099062	169.18800002842605	170.22492887657395	169.4354142123303	169.27944933219575	169.16790577110612	168.76792476631243	170.53220409195407	168.9987754633905	163.57981860541096	167.48219232474497	168.98266552464688	170.69375260514443	164.7705882729044	169.71973340316657	168.76792476631243	171.36829362259357	169.45742574585643	168.83849078307267	163.76824305097742	167.89039151016235	168.82009008533956	171.07410771704872	166.1005406844219	172.86769190304798	170.53220409195407	169.45742574585643	175.28017717643354	170.55592974449064	165.85090370499512	169.704331109234	170.53886758058295	174.0911180773806	167.49194248995687	169.19892678434803	168.9987754633905	168.83849078307267	170.55592974449064	169.08806639283105	163.7083718005739	167.55158927291257	169.06583130853002	170.7554870874709	164.87206427666808	164.88452828611034	163.57981860541096	163.76824305097742	165.85090370499512	163.7083718005739	163.90609471488494	162.31294869283562	163.69163382945135	166.2155280253756	160.33255451411466	168.80792855099062	167.48219232474497	167.89039151016235	169.704331109234	167.55158927291257	162.31294869283562	168.1546189426133	167.5352846694561	169.39375920231996	163.18072008010415	169.18800002842605	168.98266552464688	168.82009008533956	170.53886758058295	169.06583130853002	163.69163382945135	167.5352846694561	169.0800938727855	170.7399067737745	164.852913136455	170.22492887657395	170.69375260514443	171.07410771704872	174.0911180773806	170.7554870874709	166.2155280253756	169.39375920231996	170.7399067737745	176.0802096783139	167.34935000635514	169.4354142123303	164.7705882729044	166.1005406844219	167.49194248995687	164.87206427666808	160.33255451411466	163.18072008010415	164.852913136455	167.34935000635514	167.8668549748366
176.41513536812957	170.08934137929785	170.39426711619825	173.73723036307766	169.98089541426626	165.08717352555072	169.50425510877412	169.96918075134764	171.049395870271	170.16434692729246	170.08934137929785	169.93043941742877	169.4367616172554	171.23135097036646	169.7177514411209	163.60689879369568	167.71049665214716	169.70058290666287	171.43277032591473	166.12624139565483	170.39426711619825	169.4367616172554	172.08894962059568	170.06207929114493	169.51733728915278	163.79856413137964	168.26916119967092	169.49789933241792	171.7654536694343	167.19653685360953	173.73723036307766	171.23135097036646	170.06207929114493	176.20648021525557	171.25045046810462	166.00551550506552	170.1649115688764	171.23230137050783	174.96658020444815	168.68664155200082	169.98089541426626	169.7177514411209	169.51733728915278	171.25045046810462	169.82149657849433	163.76605137341804	167.78510244222792	169.7983431688829	171.5012680811676	166.2426269251887	165.08717352555072	163.60689879369568	163.79856413137964	166.00551550506552	163.76605137341804	164.08276189098396	161.95673079891264	163.7483056828834	166.4435149785916	161.00983200165697	169.50425510877412	167.71049665214716	168.26916119967092	170.1649115688764	167.78510244222792	161.95673079891264	168.57198968472636	167.76765158181036	169.74013088202628	164.06063984037698	169.96918075134764	169.70058290666287	169.49789933241792	171.23230137050783	169.7983431688829	163.7483056828834	167.76765158181036	169.8139804310759	171.4846587512457	166.22283541273362	171.049395870271	171.43277032591473	171.7654536694343	174.96658020444815	171.5012680811676	166.4435149785916	169.74013088202628	171.4846587512457	177.01633914007473	168.67344252283084	170.16434692729246	166.12624139565483	167.19653685360953	168.68664155200082	166.2426269251887	161.00983200165697	164.06063984037698	166.22283541273362	168.67344252283084	168.76255434468186
178.15908109425877	171.98658061405476	171.95082328177708	175.62963533369492	171.7674978027768	165.43621249643908	171.13606295565845	171.65792986466593	172.722930063678	171.84500397137677	171.98658061405476	171.38782027180017	170.81527819968943	172.44625381614028	171.02992618806417	163.33026061122268	167.78258386030657	170.8910185102231	172.72991254893589	169.56787809981753	171.95082328177708	170.81527819968943	173.15712077677262	171.42323177051964	170.934830949408	163.64090889587013	168.69443187165834	170.7904706295713	173.012725968985	169.9010913850377	175.62963533369492	172.44625381614028	171.42323177051964	177.6604892097755	172.4440469703179	165.9743210435916	170.87307266891486	172.29900615760528	176.35789549605548	171.46581627683162	171.7674978027768	171.02992618806417	170.934830949408	172.4440469703179	171.186002540474	163.60011786411957	167.86829755218898	171.04173825842915	172.82848857861205	169.7290634223271	165.43621249643908	163.33026061122268	163.64090889587013	165.9743210435916	163.60011786411957	164.28872519382261	160.79392445271765	163.47122742873137	166.53040407821138	162.57806509186304	171.13606295565845	167.78258386030657	168.69443187165834	170.87307266891486	167.86829755218898	160.79392445271765	168.99736828042018	167.73294541417258	170.01264349928925	166.33320307608722	171.65792986466593	170.8910185102231	170.7904706295713	172.29900615760528	171.04173825842915	163.47122742873137	167.73294541417258	171.22137484284153	172.6926324150304	169.58594513572572	172.722930063678	172.72991254893589	173.012725968985	176.35789549605548	172.82848857861205	166.53040407821138	170.01264349928925	172.6926324150304	178.4676546989933	171.6886680789031	171.84500397137677	169.56787809981753	169.9010913850377	171.46581627683162	169.7290634223271	162.57806509186304	166.33320307608722	169.58594513572572	171.6886680789031	170.6940918983526
177.58273620467057	171.8901060412251	171.8757674329754	175.20826674207277	171.7517517422808	164.97163162836927	170.8841204930498	171.72203903236144	172.5229915703943	171.66090549591317	171.8901060412251	170.92839151673456	170.5192173451629	171.9253533782739	170.6616449393303	162.6069562479164	167.60095142092428	170.62235000057194	172.0008144554443	169.4725003593801	171.8757674329754	170.5192173451629	172.8597155098947	170.88139577214287	170.61749477152608	162.89644323189972	168.46464118696855	170.57600693794583	172.23656379289966	169.74923223924054	175.20826674207277	171.9253533782739	170.88139577214287	176.58434709833207	171.9459051107607	164.89779671598788	170.26886822093047	171.90437836714872	175.00106771829033	171.0568446066342	171.7517517422808	170.6616449393303	170.61749477152608	171.9459051107607	170.7852769535914	162.82890404847896	167.68740793189977	170.74063610943625	172.08620664079103	169.6030153382967	164.97163162836927	162.6069562479164	162.89644323189972	164.89779671598788	162.82890404847896	163.33266729025928	160.13178395623268	162.79099849353085	165.16312131086192	161.95119287887448	170.8841204930498	167.60095142092428	168.46464118696855	170.26886822093047	167.68740793189977	160.13178395623268	168.48312783319122	167.64806328593338	169.3659329751952	166.3989199503554	171.72203903236144	170.62235000057194	170.57600693794583	171.90437836714872	170.74063610943625	162.79099849353085	167.64806328593338	170.78410883676784	172.04796727267936	169.5624829464987	172.5229915703943	172.0008144554443	172.23656379289966	175.00106771829033	172.08620664079103	165.16312131086192	169.3659329751952	172.04796727267936	176.45127413899715	171.1074374052402	171.66090549591317	169.4725003593801	169.74923223924054	171.0568446066342	169.6030153382967	161.95119287887448	166.3989199503554	169.5624829464987	171.1074374052402	170.25169635173935
