61.76938473678548	61.74653039298666	61.60437619200076	61.73569169973275	60.182207508175395	62.142467389347644	62.12220667233756	61.74653039298666	61.76963323722527	61.620284756389054	61.75119562245889	60.19984313935525	62.15763285498602	62.124437176353865	61.60437619200076	61.620284756389054	61.853709517591795	61.60910723245095	59.91545759378322	62.196858050153814	62.20746368032699	61.73569169973275	61.75119562245889	61.60910723245095	61.76642229858073	60.18892098943709	62.14654130109175	62.11886526177534	60.182207508175395	60.19984313935525	59.91545759378322	60.18892098943709	62.496709421521	61.404150826318194	62.21805324293206	62.142467389347644	62.15763285498602	62.196858050153814	62.14654130109175	61.404150826318194	63.18667433320643	62.54096741807352	62.12220667233756	62.124437176353865	62.20746368032699	62.11886526177534	62.21805324293206	62.54096741807352	66.52954411911533
63.15853059630374	63.114771558856084	63.115527836129154	61.722382525419235	59.64868280891495	63.118527718555534	62.91085667986011	63.114771558856084	63.199704731685436	63.1363026450386	61.74853011667469	59.70227596041156	63.13960881273344	62.91927348605726	63.115527836129154	63.1363026450386	63.14342904355473	61.74437153857206	59.67273983524467	63.1405963156348	62.927796568865986	61.722382525419235	61.74853011667469	61.74437153857206	63.84058009883836	58.259093309921916	61.74184965526328	61.64703872479371	59.64868280891495	59.70227596041156	59.67273983524467	58.259093309921916	59.30642258152292	59.928298202211465	60.45175406855347	63.118527718555534	63.13960881273344	63.1405963156348	61.74184965526328	59.928298202211465	63.249531939815164	62.94891181716973	62.91085667986011	62.91927348605726	62.927796568865986	61.64703872479371	60.45175406855347	62.94891181716973	64.23547712191305
75.05001405606424	66.13926646897394	65.20510680598399	34.38519313070641	64.69261921854633	65.32678159831232	65.96848306086665	66.13926646897394	75.34982508577595	73.74596845116713	49.586705299061094	73.6554546525491	73.78033662332635	72.87096481532966	65.20510680598399	73.74596845116713	78.4972560544463	45.22875256874186	78.33384977960591	78.54684382544573	77.76127112483856	34.38519313070641	49.586705299061094	45.22875256874186	97.14366951276712	45.193654599062725	45.22693887164057	45.40483564343896	64.69261921854633	73.6554546525491	78.33384977960591	45.193654599062725	78.45257241282917	78.3944440206168	77.62480770400704	65.32678159831232	73.78033662332635	78.54684382544573	45.22693887164057	78.3944440206168	78.62502318833756	77.81374469722189	65.96848306086665	72.87096481532966	77.76127112483856	45.40483564343896	77.62480770400704	77.81374469722189	78.00984033197837
77.68995592780789	68.15981315337093	66.80135524425202	31.630461010042882	66.8969350627145	67.41322383364401	66.96769765851283	68.15981315337093	75.95627988169667	73.9174014833014	48.95056066809738	73.91154283178827	74.04489929917975	73.83335583957495	66.80135524425202	73.9174014833014	86.61715203740944	38.21236295587576	86.64163194838346	86.93420143109051	86.58120074650424	31.630461010042882	48.95056066809738	38.21236295587576	106.09537461576566	38.19278664909321	38.08533066726811	38.200585210124586	66.8969350627145	73.91154283178827	86.64163194838346	38.19278664909321	86.70903165130697	86.99001779535241	86.64170202485838	67.41322383364401	74.04489929917975	86.93420143109051	38.08533066726811	86.99001779535241	87.3813622720747	86.92801961811372	66.96769765851283	73.83335583957495	86.58120074650424	38.200585210124586	86.64170202485838	86.92801961811372	86.66046692281412
77.8044586820845	67.81688237598529	66.34220159865005	32.63603358959813	66.41034390503376	67.08912896528498	66.50654743075864	67.81688237598529	75.6805158369542	73.65121307640926	49.67265965619528	73.64471628905278	73.81716031878014	73.53428745026805	66.34220159865005	73.65121307640926	84.68296561952116	40.82000642759336	84.69229534409685	85.04735253131872	84.60298371866564	32.63603358959813	49.67265965619528	40.82000642759336	102.97102307630176	40.81131200512553	40.700362880812534	40.8205899918557	66.41034390503376	73.64471628905278	84.69229534409685	40.81131200512553	84.7376139669935	85.08074403844373	84.64138437479824	67.08912896528498	73.81716031878014	85.04735253131872	40.700362880812534	85.08074403844373	85.56777373129744	84.98900959469748	66.50654743075864	73.53428745026805	84.60298371866564	40.8205899918557	84.64138437479824	84.98900959469748	84.66437452199911
75.64577001264482	62.44752917258322	60.92170766676965	40.52441526808517	61.338725191585006	62.14113433483678	62.9044488372835	62.44752917258322	73.65683144646619	72.19358714819383	55.302654700699456	72.18930396513859	72.44587950248909	70.69181249479632	60.92170766676965	72.19358714819383	74.77553263089638	54.002865386262194	74.66750644097533	75.02590633828169	73.32516520895689	40.52441526808517	55.302654700699456	54.002865386262194	86.17817090123467	54.08423194057	54.11628325131169	53.87056279464184	61.338725191585006	72.18930396513859	74.66750644097533	54.08423194057	74.75634556682446	75.05091305654842	73.37702689843239	62.14113433483678	72.44587950248909	75.02590633828169	54.11628325131169	75.05091305654842	75.56558939562686	73.65016140383003	62.9044488372835	70.69181249479632	73.32516520895689	53.87056279464184	73.37702689843239	73.65016140383003	73.7597889126331
63.727299965821	58.08929572211987	57.95714402495378	49.106932980576076	58.03207805648639	58.13838445705346	59.30410645759567	58.08929572211987	66.76095001934057	66.67390499087126	58.939036879212296	66.69702611333057	66.73954985093886	66.27906163908239	57.95714402495378	66.67390499087126	66.69007879774232	58.89257692266071	66.68706932781936	66.73099345617554	66.28205428736634	49.106932980576076	58.939036879212296	58.89257692266071	71.77112002742541	58.920036295643854	58.95508173970712	58.935646730926535	58.03207805648639	66.69702611333057	66.68706932781936	58.920036295643854	66.72015700331897	66.75359606990729	66.29948154862342	58.13838445705346	66.73954985093886	66.73099345617554	58.95508173970712	66.75359606990729	66.81801362217705	66.33604940790339	59.30410645759567	66.27906163908239	66.28205428736634	58.935646730926535	66.29948154862342	66.33604940790339	67.03735885264777
74.01296977017986	68.61732251993638	68.61180211736642	34.34989029750305	68.57989051560851	68.69899276018782	69.33315854346299	68.61732251993638	74.4416415526085	74.32242332030187	43.13054974101135	74.30618152008432	74.36824782539462	73.45430690855837	68.61180211736642	74.32242332030187	74.47944460485051	42.82404991303448	74.45242954279692	74.51628280359381	73.62849467087095	34.34989029750305	43.13054974101135	42.82404991303448	93.15561427375073	42.81485061655668	42.85862317935781	44.28515054953946	68.57989051560851	74.30618152008432	74.45242954279692	42.81485061655668	74.4740299314632	74.50004179504073	73.61600827854453	68.69899276018782	74.36824782539462	74.51628280359381	42.85862317935781	74.50004179504073	74.57612155117917	73.6655872133696	69.33315854346299	73.45430690855837	73.62849467087095	44.28515054953946	73.61600827854453	73.6655872133696	74.23815004349935
74.23115712407748	70.23087859614668	70.23018178445483	34.74645120084445	70.25116881079498	70.36726131830122	70.82888088563737	70.23087859614668	74.46342706334922	74.36754234407574	40.27420756440234	74.37993596525988	74.46306042677472	73.37107616250175	70.23018178445483	74.36754234407574	74.44470990658792	40.056220265375075	74.44290069358819	74.52764167228986	73.46828562628387	34.74645120084445	40.27420756440234	40.056220265375075	93.9183976510436	40.075810308237266	40.11577981767148	42.82967613493337	70.25116881079498	74.37993596525988	74.44290069358819	40.075810308237266	74.46720564281902	74.53993956823562	73.47483853722845	70.36726131830122	74.46306042677472	74.52764167228986	40.11577981767148	74.53993956823562	74.64862098131488	73.53674293648581	70.82888088563737	73.37107616250175	73.46828562628387	42.82967613493337	73.47483853722845	73.53674293648581	74.51804353476555
74.8434386073974	74.8164319760927	74.81823959151822	39.008089821337016	73.57528398878091	75.18316491346101	73.60356517291767	74.8164319760927	74.83705275228427	74.82064844490426	39.045500628965	73.58097153542109	75.18488913714424	73.59730263899917	74.81823959151822	74.82064844490426	74.83191158696175	39.009292918159666	73.57593124171557	75.1890429315634	73.60775017892972	39.008089821337016	39.045500628965	39.009292918159666	92.77416948121181	37.88868895492463	39.133009282898584	42.745469339251954	73.57528398878091	73.58097153542109	73.57593124171557	37.88868895492463	73.70283949971449	74.09670664630293	72.97146790809623	75.18316491346101	75.18488913714424	75.1890429315634	39.133009282898584	74.09670664630293	75.70924522264387	73.8807237130504	73.60356517291767	73.59730263899917	73.60775017892972	42.745469339251954	72.97146790809623	73.8807237130504	74.80002481560986
74.67186868272977	74.62455451170473	74.61141888035412	37.95935920013161	73.50737819904434	74.97005344512169	73.10233520536441	74.62455451170473	74.66747824917454	74.64556553433933	38.0013517128861	73.54440108260263	75.00349042382616	73.1118042308711	74.61141888035412	74.64556553433933	74.64716007076711	37.97459107856262	73.52488274577955	74.99312418429388	73.1147409505533	37.95935920013161	38.0013517128861	37.97459107856262	95.33111662705325	37.44256553168107	38.04458196315199	43.52171566026358	73.50737819904434	73.54440108260263	73.52488274577955	37.44256553168107	73.52691194568793	73.98000391581567	72.70234286456906	74.97005344512169	75.00349042382616	74.99312418429388	38.04458196315199	73.98000391581567	75.47953233836036	73.33786525253532	73.10233520536441	73.1118042308711	73.1147409505533	43.52171566026358	72.70234286456906	73.33786525253532	74.9569881499025
75.61131676811644	75.57134052762075	75.56716915192793	38.608711016435066	73.36869132916989	75.78341215659835	73.48279754024726	75.57134052762075	75.60295530094663	75.58804960802458	38.64451981526562	73.39458927723723	75.80395079966112	73.4862842051645	75.56716915192793	75.58804960802458	75.5959686896159	38.62066713441557	73.37921675539404	75.80133385309269	73.49264705606939	38.608711016435066	38.64451981526562	38.62066713441557	95.29676606883713	37.482611509125064	38.64429729059758	43.621408852019854	73.36869132916989	73.39458927723723	73.37921675539404	37.482611509125064	73.26550587840214	73.75132800296232	72.61712856862482	75.78341215659835	75.80395079966112	75.80133385309269	38.64429729059758	73.75132800296232	76.12885608921376	73.64842881754507	73.48279754024726	73.4862842051645	73.49264705606939	43.621408852019854	72.61712856862482	73.64842881754507	75.03318123394098
75.24037978866298	75.13744608199296	75.14790582823271	41.9041536746708	72.4982663663386	75.27473810758974	73.89041085104337	75.13744608199296	75.18705278265904	75.17861120353906	41.992867468308944	72.55429852953752	75.30517196859708	73.9055458616435	75.14790582823271	75.17861120353906	75.19671656839195	41.96448444005704	72.55025356447666	75.31650816993171	73.91915906505925	41.9041536746708	41.992867468308944	41.96448444005704	91.52653592382126	38.96965041678031	41.94199974271147	43.99531142935035	72.4982663663386	72.55429852953752	72.55025356447666	38.96965041678031	72.606061245439	72.92796545779082	72.23982287732069	75.27473810758974	75.30517196859708	75.31650816993171	41.94199974271147	72.92796545779082	75.56826199885472	74.0442891585444	73.89041085104337	73.9055458616435	73.91915906505925	43.99531142935035	72.23982287732069	74.0442891585444	74.54380511641811
76.16745435271072	68.04917410077623	66.27863951117999	30.774091936273464	66.21894293244547	66.38993258212963	66.37340943932253	68.04917410077623	76.19500791331188	74.39091814856533	48.1543245247594	74.3815569971594	74.41099102324299	74.31652037360911	66.27863951117999	74.39091814856533	87.71136614764083	36.68459073759615	87.68899619840916	87.76611475980474	87.66083350858813	30.774091936273464	48.1543245247594	36.68459073759615	108.70799946053192	36.686294781760736	36.658246068483926	36.68545517357726	66.21894293244547	74.3815569971594	87.68899619840916	36.686294781760736	87.72296633835491	87.7540684290288	87.64872181595675	66.38993258212963	74.41099102324299	87.76611475980474	36.658246068483926	87.7540684290288	87.84542226699688	87.72512632598533	66.37340943932253	74.31652037360911	87.66083350858813	36.68545517357726	87.64872181595675	87.72512632598533	87.69455934292937
74.8373259839718	62.94607542292274	57.184141525158445	46.22367414102459	54.05532375672127	57.28216260725182	57.23067216204483	62.94607542292274	72.23573679482197	66.62467607687596	59.154889525666206	66.52820631525096	66.64470520603277	66.5831941111331	57.184141525158445	66.62467607687596	73.0320721271923	58.17521211317284	72.27933820894316	73.07752057517544	73.0055757996667	46.22367414102459	59.154889525666206	58.17521211317284	78.65117045446874	57.87517104697497	58.188600800242	58.164009069619034	54.05532375672127	66.52820631525096	72.27933820894316	57.87517104697497	73.25812897375326	72.3747638346211	72.26802624454567	57.28216260725182	66.64470520603277	73.07752057517544	58.188600800242	72.3747638346211	73.16741105211445	73.05728589726216	57.23067216204483	66.5831941111331	73.0055757996667	58.164009069619034	72.26802624454567	73.05728589726216	73.02972449082662
63.15660103605795	57.45359422262821	52.69129867081124	52.58079903126843	52.78453814273664	52.87222097868491	53.39079699890214	57.45359422262821	68.57008271804669	64.57812171536901	64.4069772434147	64.57490072630556	64.58908278869907	64.23830470820582	52.69129867081124	64.57812171536901	66.14987884085518	65.90738963979172	66.14005900793195	66.16379564503468	65.91026857266112	52.58079903126843	64.4069772434147	65.90738963979172	66.30292003058888	65.93072407397595	65.9530834571222	65.70218808413048	52.78453814273664	64.57490072630556	66.14005900793195	65.93072407397595	66.1725895512142	66.18649808830826	65.93216424790292	52.87222097868491	64.58908278869907	66.16379564503468	65.9530834571222	66.18649808830826	66.22696401708392	65.95384414230665	53.39079699890214	64.23830470820582	65.91026857266112	65.70218808413048	65.93216424790292	65.95384414230665	66.19786641913625
64.28316754120057	62.424389839712234	62.31718760323435	49.827942451815666	62.40561542553887	62.49639970206712	63.461197108425274	62.424389839712234	64.7608127100138	64.63083582410086	52.42071044526306	64.70013302571968	64.77503371367611	65.00131553986974	62.31718760323435	64.63083582410086	64.59239048930581	52.30127465143151	64.62292975073893	64.70018038269106	64.96498088897489	49.827942451815666	52.42071044526306	52.30127465143151	71.23258918127249	52.37951383548862	52.441667714163486	53.95324550325478	62.40561542553887	64.70013302571968	64.62292975073893	52.37951383548862	64.70139939854214	64.76824093932049	65.00817019224691	62.49639970206712	64.77503371367611	64.70018038269106	52.441667714163486	64.76824093932049	64.86782428689466	65.06365742047832	63.461197108425274	65.00131553986974	64.96498088897489	53.95324550325478	65.00817019224691	65.06365742047832	66.95812186977342
59.31941109721334	57.504702342846585	57.4739577999951	57.34279227054151	57.09137549765763	57.62835204968853	58.45714649264287	57.504702342846585	60.29090733691192	60.24617117780436	60.11644827290003	59.963379634530106	60.36560581871435	60.68216873973864	57.4739577999951	60.24617117780436	60.23382914279619	60.09639270672734	59.94154097600699	60.34661054172331	60.669229291768076	57.34279227054151	60.11644827290003	60.09639270672734	60.325204561443876	59.812706743432436	60.215946960783384	60.545556977691064	57.09137549765763	59.963379634530106	59.94154097600699	59.812706743432436	59.93754424232989	60.07288134325685	60.449080813908225	57.62835204968853	60.36560581871435	60.34661054172331	60.215946960783384	60.07288134325685	60.50884102635958	60.7686338152592	58.45714649264287	60.68216873973864	60.669229291768076	60.545556977691064	60.449080813908225	60.7686338152592	62.166348422140636
62.689157792689194	60.57227630507223	60.54469201697262	52.52502948263924	60.15812582076516	60.679045280395655	61.41677877117171	60.57227630507223	63.39073196545662	63.3574234547985	55.67037318298214	63.07648077273389	63.4603335327846	63.60040835952509	60.54469201697262	63.3574234547985	63.349315694595916	55.64406160907464	63.05701287455232	63.44369870379053	63.58973273742377	52.52502948263924	55.67037318298214	55.64406160907464	67.22757363368905	55.35247300808869	55.74113050192362	56.44625701812741	60.15812582076516	63.07648077273389	63.05701287455232	55.35247300808869	63.06268053000716	63.1701593969078	63.37810994017255	60.679045280395655	63.4603335327846	63.44369870379053	55.74113050192362	63.1701593969078	63.58101545116797	63.673494856107716	61.41677877117171	63.60040835952509	63.58973273742377	56.44625701812741	63.37810994017255	63.673494856107716	65.00967974888705
75.76750481758114	68.49307172446628	68.42540990575273	30.770029522425123	68.47760063241981	68.55783751022625	68.92218102354994	68.49307172446628	76.07802031086143	75.00740236303517	45.590550619410116	75.01313107981736	75.03822054423054	74.45922620022779	68.42540990575273	75.00740236303517	78.95637547906826	40.764626843723335	78.95500699639368	78.99200988050288	78.50583487171673	30.770029522425123	45.590550619410116	40.764626843723335	102.19264983656274	40.77421760904434	40.77729714961923	41.07669617471994	68.47760063241981	75.01313107981736	78.95500699639368	40.77421760904434	78.99483256423349	79.01446040815485	78.52683617815708	68.55783751022625	75.03822054423054	78.99200988050288	40.77729714961923	79.01446040815485	79.06075828017445	78.56112995600908	68.92218102354994	74.45922620022779	78.50583487171673	41.07669617471994	78.52683617815708	78.56112995600908	78.72172616019914
74.9910235513334	69.16962277740649	69.7569692954913	31.939497203976693	69.81503812223401	69.890979531512	70.2770515964974	69.16962277740649	75.6083576512753	73.66393974038296	44.80823699027476	73.67316769673774	73.70209190278484	73.02862839131089	69.7569692954913	73.66393974038296	77.67681373449216	37.981855231727494	77.68465868701773	77.73213304506122	77.32312417139991	31.939497203976693	44.80823699027476	37.981855231727494	102.18203040491332	37.99204656008302	37.99955808947972	38.55155130149897	69.81503812223401	73.67316769673774	77.68465868701773	37.99204656008302	77.74548980399966	77.76974852306785	77.35772919086723	69.890979531512	73.70209190278484	77.73213304506122	37.99955808947972	77.76974852306785	77.82444202455844	77.40058363728282	70.2770515964974	73.02862839131089	77.32312417139991	38.55155130149897	77.35772919086723	77.40058363728282	77.86444287680536
64.2347795245296	57.919605133439404	56.94350491385678	47.53953261136371	56.97503206339216	57.08915402054424	57.74405794810063	57.919605133439404	69.0038545462034	68.20861743191927	60.76666905953434	68.21106014542615	68.2353981802108	67.7918823609428	56.94350491385678	68.20861743191927	68.8301876181172	60.77733469683352	68.82033495567069	68.8479607350322	68.42895936271822	47.53953261136371	60.76666905953434	60.77733469683352	74.67125762608883	60.78325665822538	60.800473124856865	60.58034462976853	56.97503206339216	68.21106014542615	68.82033495567069	60.78325665822538	68.83758419930454	68.85258976729419	68.43317067627105	57.08915402054424	68.2353981802108	68.8479607350322	60.800473124856865	68.85258976729419	68.899259727058	68.45854857546114	57.74405794810063	67.7918823609428	68.42895936271822	60.58034462976853	68.43317067627105	68.45854857546114	68.6595936721637
65.16911497921669	58.19087925368755	53.60130867030327	50.12372573626625	53.631770966767505	53.76531776366852	54.65970091355546	58.19087925368755	69.6875689401394	65.78834827802152	63.01144529401503	65.78591774584362	65.80881725292657	65.15513865832219	53.60130867030327	65.78834827802152	67.93737608141376	64.0116796479317	67.9311716766256	67.96860926349906	67.4731956925178	50.12372573626625	63.01144529401503	64.0116796479317	70.05942701058599	64.01947344839174	64.04805493076228	63.65336493511943	53.631770966767505	65.78591774584362	67.9311716766256	64.01947344839174	67.9503975024311	67.97723926972888	67.48137516001134	53.76531776366852	65.80881725292657	67.96860926349906	64.04805493076228	67.97723926972888	68.04146505904357	67.51563413306631	54.65970091355546	65.15513865832219	67.4731956925178	63.65336493511943	67.48137516001134	67.51563413306631	67.89128671804365
64.83420896692326	58.913291655671294	54.48466401109454	49.54161590732485	54.508492375871256	54.632739908771086	54.965428280827865	58.913291655671294	69.65307115686025	66.03108285065687	62.21902735456955	66.02851868103657	66.04892817928041	65.7523894572099	54.48466401109454	66.03108285065687	68.33390484509022	62.95901338401104	68.3273491769276	68.36124813179639	68.12477748730376	49.54161590732485	62.21902735456955	62.95901338401104	71.36080833374965	62.96498401465762	62.98856705464707	62.81791037953245	54.508492375871256	66.02851868103657	68.3273491769276	62.96498401465762	68.34640953460479	68.368237962512	68.1317906801623	54.632739908771086	66.04892817928041	68.36124813179639	62.98856705464707	68.368237962512	68.42540118074865	68.16408561985237	54.965428280827865	65.7523894572099	68.12477748730376	62.81791037953245	68.1317906801623	68.16408561985237	68.3068218738628
76.56100357777122	68.16706512391819	67.84175915174677	30.247069750994417	67.96322687252808	68.09196300625446	68.37119693171351	68.16706512391819	76.34637707131743	75.55250402540803	46.30758513315044	75.56438511082166	75.60484267083632	75.04493906093876	67.84175915174677	75.55250402540803	79.69332361682015	42.0742137379021	79.69497587950676	79.75167716043785	79.23287211324677	30.247069750994417	46.30758513315044	42.0742137379021	102.65115101298582	42.08935556478246	42.08385184042059	42.2759135129251	67.96322687252808	75.56438511082166	79.69497587950676	42.08935556478246	79.74239909814854	79.79006640368547	79.26974106232029	68.09196300625446	75.60484267083632	79.75167716043785	42.08385184042059	79.79006640368547	79.8686166723863	79.32280921545615	68.37119693171351	75.04493906093876	79.23287211324677	42.2759135129251	79.26974106232029	79.32280921545615	79.36166882926021
75.4004033746973	69.30073345065793	69.76184509486161	31.781656827371243	69.90964725501888	70.0021217145104	70.2012332803761	69.30073345065793	75.53121960285046	73.87886703001212	44.93904500818323	73.90747629624869	73.94565370651463	73.4690326202617	69.76184509486161	73.87886703001212	77.7825356650393	38.65602056545503	77.81661858350745	77.87560177407423	77.5383071492302	31.781656827371243	44.93904500818323	38.65602056545503	101.70147430360603	38.68764732259323	38.69168795755927	39.04949745995704	69.90964725501888	73.90747629624869	77.81661858350745	38.68764732259323	77.90820759083995	77.95757417573219	77.61613656516593	70.0021217145104	73.94565370651463	77.87560177407423	38.69168795755927	77.95757417573219	78.03259322148601	77.67086138896455	70.2012332803761	73.4690326202617	77.5383071492302	39.04949745995704	77.61613656516593	77.67086138896455	77.9082845238323
76.44303713495427	67.77347137426145	67.64460622182247	30.17995022251034	67.68845519578208	67.86380938264911	68.20574910862042	67.77347137426145	76.33632881914559	76.18062181444428	46.24405586403709	76.18484416339133	76.2398002989011	75.5590128811834	67.64460622182247	76.18062181444428	77.00507027617928	45.444270534939264	76.99418228185266	77.05383504896291	76.38135986742637	30.17995022251034	46.24405586403709	45.444270534939264	99.69700288181751	45.456903382272074	45.46073387304574	45.685778161118456	67.68845519578208	76.18484416339133	76.99418228185266	45.456903382272074	77.00970893680702	77.05950259767576	76.38647254583135	67.86380938264911	76.2398002989011	77.05383504896291	45.46073387304574	77.05950259767576	77.14931175911062	76.44183968615216	68.20574910862042	75.5590128811834	76.38135986742637	45.685778161118456	76.38647254583135	76.44183968615216	76.43895218577713
69.26898534009005	55.6652418452116	55.03033243116136	51.40310266486189	55.05111121072396	56.32975437877777	57.72786585615398	55.6652418452116	68.25180634287716	67.61013577368391	64.53673247020825	67.61036736532473	67.93328922691825	66.1659051648157	55.03033243116136	67.61013577368391	67.95292446616013	64.70708392145092	67.93772499204681	68.28808575253763	66.5642124188293	51.40310266486189	64.53673247020825	64.70708392145092	69.90605660311653	64.71030391493501	64.99500664067031	63.612760019491304	55.05111121072396	67.61036736532473	67.93772499204681	64.71030391493501	67.94689213159765	68.28332139809574	66.56337547100833	56.32975437877777	67.93328922691825	68.28808575253763	64.99500664067031	68.28332139809574	68.92380126578036	66.84281387365438	57.72786585615398	66.1659051648157	66.5642124188293	63.612760019491304	66.56337547100833	66.84281387365438	67.43866837998789
84.82185258261299	49.46757071749014	49.46546435932228	49.34934623851618	44.02360939210156	49.47311238195567	60.62012581933129	49.46757071749014	71.07021237201685	71.05689719363252	70.88286619657295	66.42118774945533	70.47762288412085	62.36681807758682	49.46546435932228	71.05689719363252	71.06794629078334	70.8767004083501	66.43150460420676	70.48917615413025	62.38341065261361	49.34934623851618	70.88286619657295	70.8767004083501	71.08171500487643	66.2597183769357	70.2965234762966	62.264763289289675	44.02360939210156	66.42118774945533	66.43150460420676	66.2597183769357	84.60405302563706	72.48329301494563	67.29988533606661	49.47311238195567	70.47762288412085	70.48917615413025	70.2965234762966	72.48329301494563	72.33998611134722	64.057813514621	60.62012581933129	62.36681807758682	62.38341065261361	62.264763289289675	67.29988533606661	64.057813514621	69.01965047885909
85.19503711317732	50.040539595636865	50.03909529301664	48.702499167474286	44.56707662077192	50.05862234930046	60.96897205102805	50.040539595636865	71.97974525428205	71.9647690216379	69.88911354029393	67.24438692779782	71.39285928895184	62.89515195585363	50.03909529301664	71.9647690216379	71.98045035634696	69.87942661679075	67.25907590165201	71.40924261574597	62.91710453235017	48.702499167474286	69.88911354029393	69.87942661679075	72.17265743322098	65.36961201729507	69.29409228207167	61.680564434106884	44.56707662077192	67.24438692779782	67.25907590165201	65.36961201729507	85.37018301223092	73.32999792201214	67.78897951935393	50.05862234930046	71.39285928895184	71.40924261574597	69.29409228207167	73.32999792201214	73.2741761945135	64.5997087927846	60.96897205102805	62.89515195585363	62.91710453235017	61.680564434106884	67.78897951935393	64.5997087927846	69.33808080537904
83.71599722262178	48.74752209237141	48.746339430256256	47.72319101256379	48.72952535814583	50.319875988857426	62.04216540383008	48.74752209237141	70.78922873340328	70.77701386869451	69.15479315436369	70.76699425514757	71.55427524475812	63.77707988753752	48.746339430256256	70.77701386869451	70.78685780176188	69.15324922526773	70.76633829049533	71.5615202276325	63.788708753032566	47.72319101256379	69.15479315436369	69.15324922526773	71.00883983552127	69.14396996895559	69.8724377575937	62.777742234853484	48.72952535814583	70.76699425514757	70.76633829049533	69.14396996895559	70.81391679140019	71.56028142824051	63.795015818943796	50.319875988857426	71.55427524475812	71.5615202276325	69.8724377575937	71.56028142824051	72.83625329254482	64.04632795668518	62.04216540383008	63.77707988753752	63.788708753032566	62.777742234853484	63.795015818943796	64.04632795668518	68.2138465675424
83.57504255642921	48.39804643616765	48.40712855194107	48.241089097062854	48.28717781250748	49.96323318266239	61.79165308789923	48.39804643616765	70.18002940150677	70.16480984787222	69.92859470450477	70.08136402956055	70.91042065330724	63.364975842812306	48.40712855194107	70.16480984787222	70.20271966404991	69.9188596488458	70.07277102049272	70.9365400832773	63.39439045192356	48.241089097062854	69.92859470450477	69.9188596488458	70.20961342954233	69.83614444789724	70.65577001643858	63.215495283118926	48.28717781250748	70.08136402956055	70.07277102049272	69.83614444789724	70.44790736392343	70.95187348247839	63.46733567986034	49.96323318266239	70.91042065330724	70.9365400832773	70.65577001643858	70.95187348247839	72.214505236802	63.66194963086626	61.79165308789923	63.364975842812306	63.39439045192356	63.215495283118926	63.46733567986034	63.66194963086626	67.99901324858499
84.8138732457688	49.456690733928376	49.45754584057674	49.30691216452058	44.119053699233795	49.49568960024052	60.656304738750755	49.456690733928376	71.10894153205138	71.02586629891286	70.87325515938284	66.45788756613261	70.46368319501738	62.3390380283529	49.45754584057674	71.02586629891286	71.14395846620532	70.79471559047704	66.5650319500668	70.58573040944442	62.490908283144265	49.30691216452058	70.87325515938284	70.79471559047704	71.12738242123373	66.25005511364296	70.2310936421405	62.206023494947445	44.119053699233795	66.45788756613261	66.5650319500668	66.25005511364296	84.55575178668637	72.58027315474403	67.35491985035233	49.49568960024052	70.46368319501738	70.58573040944442	70.2310936421405	72.58027315474403	72.44540888034452	64.1586395286736	60.656304738750755	62.3390380283529	62.490908283144265	62.206023494947445	67.35491985035233	64.1586395286736	69.12493563858214
85.20354566835871	50.015845920685884	50.012133039252376	48.82834977280817	44.31795943792619	49.964296360059194	60.8757938827482	50.015845920685884	71.90878010463696	71.89436201306593	70.05169857190182	66.98126328466019	71.26196914678216	62.786156231911434	50.012133039252376	71.89436201306593	71.90101666991508	70.04917326572223	66.98862398695026	71.26938152336007	62.799165384791316	48.82834977280817	70.05169857190182	70.04917326572223	72.07055979975189	65.33046211774541	69.40740782827305	61.71717639910206	44.31795943792619	66.98126328466019	66.98862398695026	65.33046211774541	85.92807243664546	73.30068217680908	67.89957242722859	49.964296360059194	71.26196914678216	71.26938152336007	69.40740782827305	73.30068217680908	73.1632428954868	64.54662159409096	60.8757938827482	62.786156231911434	62.799165384791316	61.71717639910206	67.89957242722859	64.54662159409096	69.33908318587139
85.20977270302069	50.015196033146424	50.01319114476153	48.85214894478569	44.26217831330368	49.94844215966043	60.85776091990436	50.015196033146424	71.89893745856824	71.88569975650722	70.08262687254101	66.92454569631198	71.2386546745318	62.764898319960416	50.01319114476153	71.88569975650722	71.89718745144069	70.07561969703325	66.93652216110877	71.25106375685147	62.782320706290584	48.85214894478569	70.08262687254101	70.07561969703325	72.06104431033435	65.30665618513711	69.41975043083809	61.714537338286455	44.26217831330368	66.92454569631198	66.93652216110877	65.30665618513711	86.07094153978767	73.30496823279874	67.93577610170374	49.94844215966043	71.2386546745318	71.25106375685147	69.41975043083809	73.30496823279874	73.15107635244615	64.54506619218738	60.85776091990436	62.764898319960416	62.782320706290584	61.714537338286455	67.93577610170374	64.54506619218738	69.34858117507483
84.797039000546	49.4710838315738	49.46935301025864	49.20138006676198	44.34299105487068	49.570998018730236	60.73430203598604	49.4710838315738	71.13029055206852	71.11700425815265	70.70618203124307	66.74560711099708	70.61924524111078	62.490952555516735	49.46935301025864	71.11700425815265	71.12899997128254	70.69967169641279	66.75554881748984	70.63138097389336	62.50807234050816	49.20138006676198	70.70618203124307	70.69967169641279	71.16545137173036	66.3686072158473	70.19877578399718	62.249601791286366	44.34299105487068	66.74560711099708	66.75554881748984	66.3686072158473	83.78797701965331	72.47448623301825	67.1134571452732	49.570998018730236	70.61924524111078	70.63138097389336	70.19877578399718	72.47448623301825	72.44092755895286	64.09288706273107	60.73430203598604	62.490952555516735	62.50807234050816	62.249601791286366	67.1134571452732	64.09288706273107	68.99368687242851
78.92002367201121	52.249046171582805	52.24299501740262	49.84712382469064	50.59681566244094	53.10106672179916	61.729893511887354	52.249046171582805	69.75832151608695	69.74684576470199	66.45474893991059	68.72569455851213	70.1752472011365	64.12314309442019	52.24299501740262	69.74684576470199	69.75620800199357	66.45044395649606	68.72011630506603	70.17896089608516	64.13244116617312	49.84712382469064	66.45474893991059	66.45044395649606	70.55758824353741	65.52350958638918	66.80463478371564	61.975106150807626	50.59681566244094	68.72569455851213	68.72011630506603	65.52350958638918	71.06923443767282	69.91165218192874	64.64668656679746	53.10106672179916	70.1752472011365	70.17896089608516	66.80463478371564	69.91165218192874	71.16249642882346	64.48482220262865	61.729893511887354	64.12314309442019	64.13244116617312	61.975106150807626	64.64668656679746	64.48482220262865	68.40571000705641
68.47906495767963	68.15772704292029	68.16490243181092	53.76456001050046	64.55836753085542	68.1974615887649	67.10687688452678	68.15772704292029	68.34596879518875	68.32279416944623	53.963042762119855	64.80177816260007	68.35622912975691	67.19007866964849	68.16490243181092	68.32279416944623	68.33662858692736	53.94745548578915	64.79165945656266	68.36415870262448	67.2037333447067	53.76456001050046	53.963042762119855	53.94745548578915	75.34212375491909	50.677054319584045	53.919283005901136	54.94180229744724	64.55836753085542	64.80177816260007	64.79165945656266	50.677054319584045	64.9569287378262	65.15088501306109	65.45803703895993	68.1974615887649	68.35622912975691	68.36415870262448	53.919283005901136	65.15088501306109	68.53406755676461	67.27201117752962	67.10687688452678	67.19007866964849	67.2037333447067	54.94180229744724	65.45803703895993	67.27201117752962	68.98277507544483
75.29583580480795	74.45227019065572	74.4792916049763	39.63449140864083	72.28176459195956	74.54217092026634	73.47285272134006	74.45227019065572	74.9624174851026	74.9340229882857	40.41312683016892	72.89177223221851	74.99439384540695	73.74825291408901	74.4792916049763	74.9340229882857	74.97013945781244	40.33473135217955	72.90513557083474	75.0244603903001	73.7873018830803	39.63449140864083	40.41312683016892	40.33473135217955	92.43130376097962	38.337722277048755	40.35468822654818	42.92248270460048	72.28176459195956	72.89177223221851	72.90513557083474	38.337722277048755	72.62422505555276	73.02093980418762	72.48669318906013	74.54217092026634	74.99439384540695	75.0244603903001	40.35468822654818	73.02093980418762	75.11885800930709	73.8378154258817	73.47285272134006	73.74825291408901	73.7873018830803	42.92248270460048	72.48669318906013	73.8378154258817	74.61231548325168
74.41595320455164	73.24500126289692	73.26899516939834	37.115297027848584	72.59074285308286	73.57121053496336	72.493684833165	73.24500126289692	74.40243954696666	74.35060868692821	38.06626740344501	73.71061344165796	74.6396435576239	72.88614275776922	73.26899516939834	74.35060868692821	74.38478309072778	37.97392416934799	73.73555220928455	74.67000814887444	72.94438542436133	37.115297027848584	38.06626740344501	37.97392416934799	95.97764746953544	37.7111099040514	38.023294411998776	43.65509787548604	72.59074285308286	73.71061344165796	73.73555220928455	37.7111099040514	73.6991689060576	74.06389382335838	72.707246796018	73.57121053496336	74.6396435576239	74.67000814887444	38.023294411998776	74.06389382335838	75.05391595804352	73.11670893171328	72.493684833165	72.88614275776922	72.94438542436133	43.65509787548604	72.707246796018	73.11670893171328	74.94682405551809
82.8352790526742	66.46057355654536	66.55929166362867	33.091238165765986	66.47463541853244	67.47397330746604	70.97735948548575	66.46057355654536	84.12867777386585	83.96417934044077	40.91549600066064	83.89706912944798	84.68375398951916	75.40782285578229	66.55929166362867	83.96417934044077	84.30468895280337	40.50433084225725	84.23150848343845	85.0319972027417	75.85086127384713	33.091238165765986	40.91549600066064	40.50433084225725	100.87514647343227	40.50285977732231	40.42547816928982	45.336628052376014	66.47463541853244	83.89706912944798	84.23150848343845	40.50285977732231	84.25823986246924	84.97458465338333	75.83944613192635	67.47397330746604	84.68375398951916	85.0319972027417	40.42547816928982	84.97458465338333	85.99468067287137	76.2202736765318	70.97735948548575	75.40782285578229	75.85086127384713	45.336628052376014	75.83944613192635	76.2202736765318	76.60632001412488
78.5022397518471	69.13743119203733	69.17933714311056	36.44351953520212	69.12563194527299	70.08647553033472	71.08271471753363	69.13743119203733	78.68477039036232	78.59637000787698	41.413072328291335	78.55145430633293	79.36259088185703	73.55039253663281	69.17933714311056	78.59637000787698	78.69433617042513	41.264622487176936	78.64358448920547	79.46146073479251	73.69964165462707	36.44351953520212	41.413072328291335	41.264622487176936	96.63004395236038	41.259259348609206	41.26633012131825	46.54336187813421	69.12563194527299	78.55145430633293	78.64358448920547	41.259259348609206	78.66637307713906	79.42377120931621	73.69202162467342	70.08647553033472	79.36259088185703	79.46146073479251	41.26633012131825	79.42377120931621	80.47452574225842	74.07926294183945	71.08271471753363	73.55039253663281	73.69964165462707	46.54336187813421	73.69202162467342	74.07926294183945	75.3551229241373
65.32329668356962	65.24378122543548	65.26432758317858	54.57874860644141	64.07757440922275	65.75547822638083	65.27055110446582	65.24378122543548	65.56601995855063	65.28071521153882	54.74506725795457	64.12017176691106	65.76289999038873	65.1771518735164	65.26432758317858	65.28071521153882	65.3072260816208	54.615653841497135	64.11742314022588	65.79356952078189	65.2901153013079	54.57874860644141	54.74506725795457	54.615653841497135	70.67850205115947	53.512474452047734	54.952811935658374	56.38734114135437	64.07757440922275	64.12017176691106	64.11742314022588	53.512474452047734	64.74516248253964	64.92833693075816	64.89768073110689	65.75547822638083	65.76289999038873	65.79356952078189	54.952811935658374	64.92833693075816	66.57694313682917	65.63147527723602	65.27055110446582	65.1771518735164	65.2901153013079	56.38734114135437	64.89768073110689	65.63147527723602	68.11243038664149
68.89124343308924	66.79203412727966	66.86509698879016	46.301829820470545	66.39083447332227	67.25954505141698	67.32198279139297	66.79203412727966	69.0950413144875	68.55514470758725	48.85076203545043	68.17899637355136	68.88621213242077	68.10888598575357	66.86509698879016	68.55514470758725	68.72249107863192	48.312357372555425	68.32095627483308	69.0642038823054	68.42736561002482	46.301829820470545	48.85076203545043	48.312357372555425	79.609972399838	47.96267325913653	48.517875644892754	50.53971095108487	66.39083447332227	68.17899637355136	68.32095627483308	47.96267325913653	68.39031610962171	68.71239309395918	68.21483176970406	67.25954505141698	68.88621213242077	69.0642038823054	48.517875644892754	68.71239309395918	69.53885865821616	68.67419236499437	67.32198279139297	68.10888598575357	68.42736561002482	50.53971095108487	68.21483176970406	68.67419236499437	70.36228683878826
65.80286622533102	63.939365374120406	63.93320129074681	53.18784609312725	62.51270829669428	64.1861556640205	64.50189283279579	63.939365374120406	65.68508208960131	65.40608839719998	54.85730094747169	64.2007903040282	65.63086043715323	65.20966163942317	63.93320129074681	65.40608839719998	65.43359470000718	54.72675583659601	64.19649855411384	65.6577985399844	65.31201770760414	53.18784609312725	54.85730094747169	54.72675583659601	71.08461122985503	53.60767830045749	54.888228318139944	56.20032555122875	62.51270829669428	64.2007903040282	64.19649855411384	53.60767830045749	64.39941455268887	64.55594536096697	64.75162759986932	64.1861556640205	65.63086043715323	65.6577985399844	54.888228318139944	64.55594536096697	66.01662633707407	65.47493065450104	64.50189283279579	65.20966163942317	65.31201770760414	56.20032555122875	64.75162759986932	65.47493065450104	67.82119219698166
