84.86536165640429	49.483546778179324	49.456356021189585	49.46708173181369	43.73384931618234	49.37934720289843	60.51306751439413	49.483546778179324	71.63877039263431	70.22261251002787	71.59812997331498	65.30819058156634	69.50826255147496	61.17697410614102	49.456356021189585	70.22261251002787	72.16997948503261	70.21861353095613	67.29814146040661	71.58823945215941	63.7763957667816	49.46708173181369	71.59812997331498	70.21861353095613	71.61063418492155	65.30734176565088	69.50558690223642	61.19062825006948	43.73384931618234	65.30819058156634	67.29814146040661	65.30734176565088	86.64861015818057	73.77371747305709	69.04499263952852	49.37934720289843	69.50826255147496	71.58823945215941	69.50558690223642	73.77371747305709	73.5699839641517	65.64744061395075	60.51306751439413	61.17697410614102	63.7763957667816	61.19062825006948	69.04499263952852	65.64744061395075	71.06257335457663
63.31391105824784	63.087774929297424	61.302230096215276	63.27592771193947	56.64984921053324	60.93705846398773	60.49678387473208	63.087774929297424	65.21573508362461	62.429894087567654	63.0568872901346	57.62151323262697	62.00231504770483	60.399636077562874	61.302230096215276	62.429894087567654	67.95654744785347	61.264198824439305	62.01373184123312	67.53154924695792	65.78071953933303	63.27592771193947	63.0568872901346	61.264198824439305	63.33096258965548	56.61587423275962	60.89825299299661	60.4675448457757	56.64984921053324	57.62151323262697	62.01373184123312	56.61587423275962	78.60175689599879	68.22808676142633	69.04422354326248	60.93705846398773	62.00231504770483	67.53154924695792	60.89825299299661	68.22808676142633	69.55805634818037	67.30382909227824	60.49678387473208	60.399636077562874	65.78071953933303	60.4675448457757	69.04422354326248	67.30382909227824	71.84963410160599
61.78802456995996	62.02452204177028	61.32254751388867	61.7576204555272	61.2181878328769	62.405529960409964	61.79769444046227	62.02452204177028	66.65223162720788	63.13788566522262	62.00413957548258	61.765514678439196	63.55323628023545	61.999029656291796	61.32254751388867	63.13788566522262	63.95193250430661	61.295698535924295	60.700479058220616	64.3235601329805	61.37996554686345	61.7576204555272	62.00413957548258	61.295698535924295	61.79984650286863	61.1932082015315	62.37813096616205	61.773020873314955	61.2181878328769	61.765514678439196	60.700479058220616	61.1932082015315	62.513667270882955	62.43680589224268	61.25657837948193	62.405529960409964	63.55323628023545	64.3235601329805	62.37813096616205	62.43680589224268	65.46027669634601	62.44021547669921	61.79769444046227	61.999029656291796	61.37996554686345	61.773020873314955	61.25657837948193	62.44021547669921	61.96453273572483
62.341706698973	62.1184315226588	61.18770727043147	62.32186676532401	59.947574560028364	61.8551038471718	61.8299967499414	62.1184315226588	67.48480354961649	64.5375229578184	62.105826040653916	61.00774999981992	64.48944506405168	61.51861515467236	61.18770727043147	64.5375229578184	69.83135209336967	61.17081575722462	61.41913490682979	68.79308097232627	64.91927066565374	62.32186676532401	62.105826040653916	61.17081575722462	62.34893136786873	59.93323604685412	61.83796520993879	61.8160570197926	59.947574560028364	61.00774999981992	61.41913490682979	59.93323604685412	67.0757396357133	64.32990455624721	63.474971974075814	61.8551038471718	64.48944506405168	68.79308097232627	61.83796520993879	64.32990455624721	69.34418275042378	65.16839128001305	61.8299967499414	61.51861515467236	64.91927066565374	61.8160570197926	63.474971974075814	65.16839128001305	68.13119267507462
62.50333359140437	61.98189687552577	61.099561169033365	62.49276171176402	59.45884450930298	61.633803075863305	61.80251991403682	61.98189687552577	71.17983841603787	66.79784610531186	61.97927761080141	61.68703555598413	66.24197809090087	61.31323061410154	61.099561169033365	66.79784610531186	70.8812497261184	61.09583453871943	61.70470929903988	69.6044225882403	64.40110084469313	62.49276171176402	61.97927761080141	61.09583453871943	62.50445159964153	59.45644432383761	61.629969520296775	61.79852512413409	59.45884450930298	61.68703555598413	61.70470929903988	59.45644432383761	68.43551226986534	64.9799267074656	63.33415922676086	61.633803075863305	66.24197809090087	69.6044225882403	61.629969520296775	64.9799267074656	70.11104330222808	64.7965964495688	61.80251991403682	61.31323061410154	64.40110084469313	61.79852512413409	63.33415922676086	64.7965964495688	67.60450604319746
62.79200380588597	61.95174681694335	61.08324009213202	62.76993024035874	58.618429018806246	61.35617865651032	61.699806828952916	61.95174681694335	72.46348771549646	67.35831850867464	61.939041103588494	61.89507540979886	66.66558629597324	61.13598460289481	61.08324009213202	67.35831850867464	70.81718651961837	61.065042829095546	61.82701714644851	69.5542322228404	64.19804930883379	62.76993024035874	61.939041103588494	61.065042829095546	62.80016465120354	58.602284857710636	61.33747990955813	61.68381838873914	58.618429018806246	61.89507540979886	61.82701714644851	58.602284857710636	70.92175543637406	65.84784656291339	63.63591857749998	61.35617865651032	66.66558629597324	69.5542322228404	61.33747990955813	65.84784656291339	70.31604589390946	64.74298343283105	61.699806828952916	61.13598460289481	64.19804930883379	61.68381838873914	63.63591857749998	64.74298343283105	67.61760314321913
63.291034111562645	62.328225148348885	60.606188167912336	63.275827161191025	56.882427675669106	60.49427319070499	60.65587712158382	62.328225148348885	69.61700480174703	65.55014434192572	62.32037626510679	60.4556081457491	65.02169351052447	60.9109528286345	60.606188167912336	65.55014434192572	71.40423768855688	60.59525192980865	63.744349816353875	70.55229751003637	66.38570450436112	63.275827161191025	62.32037626510679	60.59525192980865	63.29560950955957	56.87325133514717	60.48310352820531	60.646254116177005	56.882427675669106	60.4556081457491	63.744349816353875	56.87325133514717	77.1243891007928	69.05490435684406	67.75328275373334	60.49427319070499	65.02169351052447	70.55229751003637	60.48310352820531	69.05490435684406	71.9990157455637	67.42906385020525	60.65587712158382	60.9109528286345	66.38570450436112	60.646254116177005	67.75328275373334	67.42906385020525	71.0678575915008
63.12932969785836	62.61420125682319	60.92413334570161	63.11654369606525	57.374308102988486	60.87674384820342	60.77983315160254	62.61420125682319	67.14593129081139	63.829906713202334	62.60845055501793	59.36276710103359	63.493664767329435	60.80544856676653	60.92413334570161	63.829906713202334	69.93576013560927	60.91620559609351	62.73068670119499	69.19418504277353	66.20020418405197	63.11654369606525	62.60845055501793	60.91620559609351	63.13244384110419	57.36792829973246	60.86866213181681	60.77261617349338	57.374308102988486	59.36276710103359	62.73068670119499	57.36792829973246	75.60602287532906	67.85117839757628	67.47883126610196	60.87674384820342	63.493664767329435	69.19418504277353	60.86866213181681	67.85117839757628	70.656729876889	67.18750218139171	60.77983315160254	60.80544856676653	66.20020418405197	60.77261617349338	67.47883126610196	67.18750218139171	71.08808363023432
62.45997323891743	62.17731479815612	61.23552566940786	62.44822184220931	59.52476764448781	61.765606655188556	61.70526440832779	62.17731479815612	68.53648157984733	64.8169575771697	62.172983581599475	60.913937975181675	64.63333581445019	61.17054657783132	61.23552566940786	64.8169575771697	69.43885729850972	61.2294871234279	61.59863034182558	68.483642395635	64.94256629622147	62.44822184220931	62.172983581599475	61.2294871234279	62.46222987721626	59.52007999918825	61.75941681046915	61.69941887505316	59.52476764448781	60.913937975181675	61.59863034182558	59.52007999918825	68.5254258934527	64.86483805781843	64.15053629420822	61.765606655188556	64.63333581445019	68.483642395635	61.75941681046915	64.86483805781843	69.21811311916532	65.32212184185889	61.70526440832779	61.17054657783132	64.94256629622147	61.69941887505316	64.15053629420822	65.32212184185889	68.89370494801322
62.26146894596251	61.8962800496812	61.1096932125688	62.244483882260795	60.15119232492526	61.873821588039945	61.89108507246697	61.8962800496812	74.29422217470126	68.38761126566013	61.887997538992146	62.16362661696135	67.46748257306709	60.8670945168152	61.1096932125688	68.38761126566013	71.82844423110805	61.097465296338385	62.0425491907425	70.28778834198744	64.65921360604905	62.244483882260795	61.887997538992146	61.097465296338385	62.266924544437686	60.14038167914406	61.86116171287849	61.879847042516424	60.15119232492526	62.16362661696135	62.0425491907425	60.14038167914406	66.59872523083446	64.56731038106062	63.401895410708036	61.873821588039945	67.46748257306709	70.28778834198744	61.86116171287849	64.56731038106062	70.38050198809121	64.91924274814235	61.89108507246697	60.8670945168152	64.65921360604905	61.879847042516424	63.401895410708036	64.91924274814235	68.5534466254126
62.59325296301994	61.50662177400277	60.561044630297545	62.582782979971576	59.08631561971974	61.15602318660001	61.51981743111082	61.50662177400277	78.84700165891242	71.78433197972726	61.504287367090924	63.53918610693451	70.2827887829322	60.90011776642748	60.561044630297545	71.78433197972726	75.28314009819518	60.557271867645866	63.970607896681464	73.30779204239629	65.63881924782518	62.582782979971576	61.504287367090924	60.557271867645866	62.59439486046746	59.08380218353973	61.1521451230524	61.51549291131603	59.08631561971974	63.53918610693451	63.970607896681464	59.08380218353973	70.11100521766168	66.99908228263531	64.7849867924304	61.15602318660001	70.2827887829322	73.30779204239629	61.1521451230524	66.99908228263531	73.25502202884402	65.99843692964222	61.51981743111082	60.90011776642748	65.63881924782518	61.51549291131603	64.7849867924304	65.99843692964222	69.79271039569565
64.17228483365014	60.00265770888609	57.5266261077019	64.16252911312178	53.66319609780452	57.363676416440164	58.85099389605502	60.00265770888609	81.87378588130721	76.04348470524165	60.00083311939446	68.77617219778779	74.94350511971345	63.280401735158264	57.5266261077019	76.04348470524165	83.31651979970107	57.52315587172848	74.85906162550154	82.29495434817944	71.86046646589013	64.16252911312178	60.00083311939446	57.52315587172848	64.17330152041238	53.66086093981636	57.360110429560855	58.846702267151336	53.66319609780452	68.77617219778779	74.85906162550154	53.66086093981636	88.97626992387947	80.4053181641225	74.49357266834045	57.363676416440164	74.94350511971345	82.29495434817944	57.360110429560855	80.4053181641225	83.68524526473675	73.25329826195494	58.85099389605502	63.280401735158264	71.86046646589013	58.846702267151336	74.49357266834045	73.25329826195494	75.93900252486874
64.0546018277468	62.322622991083186	58.963592996575215	64.04458093850404	54.07062708450888	58.50261354923561	58.5581897841655	62.322622991083186	70.11305124466699	65.92734557385211	62.32277419548964	60.38038537879807	65.30121403312795	60.69347887415322	58.963592996575215	65.92734557385211	75.634179858484	58.96187978645668	69.79340789716841	75.34845840679431	71.13418869907429	64.04458093850404	62.32277419548964	58.96187978645668	64.05481676555198	54.0697125261808	58.50072648063234	58.554357700741136	54.07062708450888	60.38038537879807	69.79340789716841	54.0697125261808	87.59111391515945	76.40421444493825	75.69477762572255	58.50261354923561	65.30121403312795	75.34845840679431	58.50072648063234	76.40421444493825	77.57773219035177	73.07598290384297	58.5581897841655	60.69347887415322	71.13418869907429	58.554357700741136	75.69477762572255	73.07598290384297	77.52593806897252
63.88898491071558	63.07370495206109	59.674058185913	63.87717992617554	54.648055302706034	59.17891112584766	58.76608766199471	63.07370495206109	66.79681488243668	62.93065046512399	63.076249871394594	57.62923627592329	62.36519476696994	59.73776223342656	59.674058185913	62.93065046512399	72.75250840050506	59.67454378944284	67.29150015157042	72.55995148142651	70.1963037009496	63.87717992617554	63.076249871394594	59.67454378944284	63.88797019857874	54.649284922202064	59.179176116233464	58.76272776222919	54.648055302706034	57.62923627592329	67.29150015157042	54.649284922202064	85.5786282768475	74.03129847169834	75.02613021461184	59.17891112584766	62.36519476696994	72.55995148142651	59.179176116233464	74.03129847169834	74.89404844635362	72.20669718788014	58.76608766199471	59.73776223342656	70.1963037009496	58.76272776222919	75.02613021461184	72.20669718788014	77.2895622276107
63.62556084638218	62.52559943628639	59.89773958619659	63.613439268817345	55.573767292644845	59.61793045781068	59.52486220626541	62.52559943628639	68.94138022611921	64.89922981995416	62.5206316768063	59.66909785160252	64.35506827955987	60.49366906038495	59.89773958619659	64.89922981995416	73.01050491648803	59.89030841531279	66.52291111673364	72.49862652982024	68.97075945772808	63.613439268817345	62.5206316768063	59.89030841531279	63.62854663131343	55.5676484815619	59.610304995653884	59.51775230704164	55.573767292644845	59.66909785160252	66.52291111673364	55.5676484815619	82.28880344939762	72.49416570236146	72.2562021640641	59.61793045781068	64.35506827955987	72.49862652982024	59.610304995653884	72.49416570236146	74.37564968433219	70.51776743627177	59.52486220626541	60.49366906038495	68.97075945772808	59.51775230704164	72.2562021640641	70.51776743627177	75.05425816584162
63.52401058015549	61.38944321809063	59.42393447738345	63.514001107887374	55.94815349231331	59.394973209464666	60.002132672722944	61.38944321809063	75.85053737523992	70.30551216356477	61.3887165753164	63.82841839743768	69.39033590055944	61.47662819256886	59.42393447738345	70.30551216356477	76.53524937299066	59.422030643218925	68.09675244098308	75.45636279611293	68.59571654465837	63.514001107887374	61.3887165753164	59.422030643218925	63.524094926851646	55.947530947469616	59.39303198399405	59.99887540903988	55.94815349231331	63.82841839743768	68.09675244098308	55.947530947469616	80.85529712856568	73.17831849235453	70.35350341545553	59.394973209464666	69.39033590055944	75.45636279611293	59.39303198399405	73.17831849235453	76.66546894497004	69.70959324104932	60.002132672722944	61.47662819256886	68.59571654465837	59.99887540903988	70.35350341545553	69.70959324104932	73.44184198935493
63.31939068444736	62.56336401605732	60.74336013190977	63.308488759989174	56.636210377711166	60.53792184130748	60.41516376325902	62.56336401605732	68.78626568074974	64.61635302265643	62.56424398144787	59.624078828702785	64.11934670211882	60.48375346142889	60.74336013190977	64.61635302265643	70.3667257790207	60.74342002005281	63.676525362133354	69.74234669321524	66.54088996209026	63.308488759989174	62.56424398144787	60.74342002005281	63.318374309603044	56.63753656787037	60.53793625852956	60.41284603782515	56.636210377711166	59.624078828702785	63.676525362133354	56.63753656787037	78.45196010560451	69.33467092449393	69.03056412983986	60.53792184130748	64.11934670211882	69.74234669321524	60.53793625852956	69.33467092449393	71.45178438873411	67.84716007986424	60.41516376325902	60.48375346142889	66.54088996209026	60.41284603782515	69.03056412983986	67.84716007986424	72.24617862360977
63.32303964933314	63.09513036741787	61.34420875015079	63.31157718744071	56.4715515519993	60.93222113128252	60.36417268365738	63.09513036741787	65.55813269653555	62.523666909577244	63.09692353591957	57.496284514255926	62.04100591408779	60.157905349871044	61.34420875015079	62.523666909577244	67.61664447660308	61.34514986416783	62.02275276435269	67.25050650824865	65.70094017809292	63.31157718744071	63.09692353591957	61.34514986416783	63.32160718574207	56.47348301485231	60.93304445035205	60.36191804324108	56.4715515519993	57.496284514255926	62.02275276435269	56.47348301485231	79.53422999975136	68.43732338319161	69.79972017945678	60.93222113128252	62.04100591408779	67.25050650824865	60.93304445035205	68.43732338319161	69.36981140413168	67.40518937735483	60.36417268365738	60.157905349871044	65.70094017809292	60.36191804324108	69.79972017945678	67.40518937735483	72.52481643387169
63.47222943399222	63.139194548229334	60.93724585672909	63.45614351326658	55.98929889044618	60.49605370041594	59.921975808335695	63.139194548229334	65.78772574879096	62.47199682436059	63.144776128780244	57.33879316835952	61.95855708610575	59.9233012052503	60.93724585672909	62.47199682436059	68.81820547064808	60.941434377507974	63.290179926017466	68.50290986971535	66.85149236081496	63.45614351326658	63.144776128780244	60.941434377507974	63.46882464757394	55.994582330883695	60.50003727600816	59.91988985754965	55.98929889044618	57.33879316835952	63.290179926017466	55.994582330883695	81.18313710838235	69.82791339122525	71.29989170283346	60.49605370041594	61.95855708610575	68.50290986971535	60.50003727600816	69.82791339122525	70.69093042687749	68.67075638384802	59.921975808335695	59.9233012052503	66.85149236081496	59.91988985754965	71.29989170283346	68.67075638384802	73.93278002869448
63.61766613595597	62.866399943345094	60.13583386414548	63.607730031019514	55.59320422094382	59.79392867959614	59.483824136170306	62.866399943345094	67.21132302146567	63.474713672219025	62.86490887596093	58.400970537398614	62.97533720102922	60.12863585766384	60.13583386414548	63.474713672219025	71.78128804228217	60.13266260177879	65.69408103230631	71.3757378562189	68.7522659565908	63.607730031019514	62.86490887596093	60.13266260177879	63.618577556090926	55.59100218664335	59.79061577251081	59.47951230446435	55.59320422094382	58.400970537398614	65.69408103230631	55.59100218664335	82.22507868531754	71.88277210010494	72.44932665789183	59.79392867959614	62.97533720102922	71.3757378562189	59.79061577251081	71.88277210010494	73.39290936444692	70.41015874434494	59.483824136170306	60.12863585766384	68.7522659565908	59.47951230446435	72.44932665789183	70.41015874434494	75.2343503136003
63.64465855847974	62.993954620946916	59.94447369826469	63.63472821103218	55.50437775685522	59.62878589636912	59.24440990556724	62.993954620946916	66.39345079785738	62.80766845626824	62.99385724339507	57.893256577071504	62.3590646383027	59.96041829281392	59.94447369826469	62.80766845626824	72.30862993060543	59.942592570293165	66.27393800531023	71.9427343960288	69.63408956932173	63.63472821103218	62.99385724339507	59.942592570293165	63.644918793308236	55.50338122479887	59.62675771549428	59.240602148257715	55.50437775685522	57.893256577071504	66.27393800531023	55.50338122479887	82.5543385430393	72.39816949105659	73.29407373191755	59.62878589636912	62.3590646383027	71.9427343960288	59.62675771549428	72.39816949105659	73.96630866404882	71.29149949706036	59.24440990556724	59.96041829281392	69.63408956932173	59.240602148257715	73.29407373191755	71.29149949706036	76.23075682760717
63.75487867520387	63.25936884149251	59.906511967788845	63.74459040181925	55.124358243706496	59.48492776816778	58.95737493669182	63.25936884149251	65.58475515224185	61.95234868155616	63.26025382705468	56.929383514043494	61.46719314456149	59.55285870902549	59.906511967788845	61.95234868155616	72.00823158057132	59.905475221104325	66.40690024851507	71.77708600680943	69.96528571195184	63.74459040181925	63.26025382705468	59.905475221104325	63.75472766112947	55.12409245499234	59.48370957016152	58.95374795041197	55.124358243706496	56.929383514043494	66.40690024851507	55.12409245499234	83.88184020437374	72.90068600009477	74.3278685376239	59.48492776816778	61.46719314456149	71.77708600680943	59.48370957016152	72.90068600009477	74.00876765869039	71.83886203343056	58.95737493669182	59.55285870902549	69.96528571195184	58.95374795041197	74.3278685376239	71.83886203343056	77.01925914242373
63.773113544724886	63.14829449727181	59.82581104521642	63.76330247951022	55.05990391222413	59.40824599221996	58.951364568115395	63.14829449727181	66.10069155763841	62.417076017398045	63.14784312643674	57.34357137247619	61.91834900067928	59.70025519037674	59.82581104521642	62.417076017398045	72.37202276983984	59.823454890073585	66.70033441953355	72.12214757634199	70.02547017106457	63.76330247951022	63.14784312643674	59.823454890073585	63.77367025572151	55.05836586600902	59.405718477046726	58.947263927987294	55.05990391222413	57.34357137247619	66.70033441953355	55.05836586600902	84.10772766720372	73.17706968719504	74.33990897061342	59.40824599221996	61.91834900067928	72.12214757634199	59.405718477046726	73.17706968719504	74.33576034007785	71.8867532154434	58.951364568115395	59.70025519037674	70.02547017106457	58.947263927987294	74.33990897061342	71.8867532154434	76.96317183857384
63.69222261153491	62.853519337682	59.846833426174776	63.682053578836076	55.34821388775383	59.51073407790072	59.23131942296394	62.853519337682	67.20610534982518	63.49124148874394	62.85392984295633	58.42594241308341	62.997565377254986	60.1331651958201	59.846833426174776	63.49124148874394	72.7306104296988	59.84554331801792	66.62052957487333	72.3465805373588	69.60320573055262	63.682053578836076	62.85392984295633	59.84554331801792	63.69214581623876	55.347830911998166	59.50930273617787	59.22780265090578	55.34821388775383	58.42594241308341	66.62052957487333	55.347830911998166	83.05944505294897	72.80356629695059	73.29935078772785	59.51073407790072	62.997565377254986	72.3465805373588	59.50930273617787	72.80356629695059	74.37684634901622	71.27941822388938	59.23131942296394	60.1331651958201	69.60320573055262	59.22780265090578	73.29935078772785	71.27941822388938	76.05016824302068
63.77407238182497	62.73298525225436	59.72480438869373	63.763917248137126	55.07762393380753	59.340847508527474	59.15974929557658	62.73298525225436	67.99831500058134	64.12729272495245	62.733301706978196	58.889489892207344	63.5817393610167	60.264279050027376	59.72480438869373	64.12729272495245	73.1436035903102	59.72348089652617	67.04758548660716	72.7674334997482	69.61819006479958	63.763917248137126	62.733301706978196	59.72348089652617	63.77401136045488	55.077220102905144	59.339385105439476	59.15627146798147	55.07762393380753	58.889489892207344	67.04758548660716	55.077220102905144	83.9463549698084	73.38081049048247	73.50268408840856	59.340847508527474	63.5817393610167	72.7674334997482	59.339385105439476	73.38081049048247	74.85054436461513	71.35847556365582	59.15974929557658	60.264279050027376	69.61819006479958	59.15627146798147	73.50268408840856	71.35847556365582	75.98396759215147
63.801533443053984	63.04873123850161	59.811134604878255	63.7901387452759	54.976922710493795	59.37333657238349	58.98672943955011	63.04873123850161	66.64949253486749	62.901502420085436	63.05081964598259	57.72117220471485	62.37100546553731	59.84070016658713	59.811134604878255	62.901502420085436	72.47253264662164	59.81134772249381	66.74222095920031	72.20001297153274	69.81994511571402	63.7901387452759	63.05081964598259	59.81134772249381	63.80063567271392	54.97798048917736	59.37336813390898	58.9835030284382	54.976922710493795	57.72117220471485	66.74222095920031	54.97798048917736	84.3332576701823	73.27340789393207	74.1678327687876	59.37333657238349	62.37100546553731	72.20001297153274	59.37336813390898	73.27340789393207	74.41465412622276	71.68998644919505	58.98672943955011	59.84070016658713	69.81994511571402	58.9835030284382	74.1678327687876	71.68998644919505	76.65090572284292
63.72490455249404	63.014381325395746	59.94015696934877	63.71441212566553	55.23829479881239	59.542533983030296	59.17656390557625	63.014381325395746	66.60891722549711	62.93785405156382	63.015365159893506	57.846049012599096	62.43308267090721	59.93306327046924	59.94015696934877	62.93785405156382	72.17895376272764	59.9394390876102	66.30557794526631	71.86199424020131	69.45836829529674	63.71441212566553	63.015365159893506	59.9394390876102	63.72452269775373	55.23845186609205	59.541661835288096	59.17322948909892	55.23829479881239	57.846049012599096	66.30557794526631	55.23845186609205	83.42686324900578	72.69666124704455	73.50046166072077	59.542533983030296	62.43308267090721	71.86199424020131	59.541661835288096	72.69666124704455	74.00381246281059	71.23859445678576	59.17656390557625	59.93306327046924	69.45836829529674	59.17322948909892	73.50046166072077	71.23859445678576	76.11906016063375
63.18832794820905	62.960959167882514	61.56391041574042	63.17815039330243	57.01746492676317	61.2350746702251	60.85351367505776	62.960959167882514	65.72009798385169	62.80843473091504	62.959670939251765	58.09662736008916	62.399073599991965	60.56528411668015	61.56391041574042	62.80843473091504	67.17918414413883	61.56181908089216	61.19302304981168	66.70833267598529	64.8764633375611	63.17815039330243	62.959670939251765	61.56181908089216	63.18850921413316	57.016545923538956	61.23291034604654	60.850284054825494	57.01746492676317	58.09662736008916	61.19302304981168	57.016545923538956	77.23808475384081	67.24236420693535	67.71930695296682	61.2350746702251	62.399073599991965	66.70833267598529	61.23291034604654	67.24236420693535	68.6586611032475	66.27385449445363	60.85351367505776	60.56528411668015	64.8764633375611	60.850284054825494	67.71930695296682	66.27385449445363	70.65571660943552
85.64156283043742	51.04646637195786	50.15710813946299	48.51065486817627	44.29576261185342	50.05185932892411	60.5444467024389	51.04646637195786	75.85331150587609	70.08452591387744	70.78199527291777	64.8613817349922	69.21007033438349	59.19860321034851	50.15710813946299	70.08452591387744	75.04531959150846	67.74799299365444	70.09119279097453	74.58783571726399	66.76283924394394	48.51065486817627	70.78199527291777	67.74799299365444	73.94069194439297	62.97720744700432	66.96253069882863	59.03248171230394	44.29576261185342	64.8613817349922	70.09119279097453	62.97720744700432	89.38461901232284	76.69882707872063	72.08210053920958	50.05185932892411	69.21007033438349	74.58783571726399	66.96253069882863	76.69882707872063	76.70482601356959	68.83009753784398	60.5444467024389	59.19860321034851	66.76283924394394	59.03248171230394	72.08210053920958	68.83009753784398	74.96438156896885
84.86951583779211	49.492704532712175	49.4589091758553	49.462827102399494	43.735618678374024	49.381664274954105	60.51166883966845	49.492704532712175	71.43629287552896	70.55087551339876	71.3575659774646	65.64086484376173	69.85752636318969	61.59932094732363	49.4589091758553	70.55087551339876	71.70428065886361	70.55083334196357	66.82303427085981	71.09121080442732	63.15929637183208	49.462827102399494	71.3575659774646	70.55083334196357	71.37508645850312	65.64667690674042	69.86036702628142	61.63361193524934	43.735618678374024	65.64086484376173	66.82303427085981	65.64667690674042	86.16439151637368	73.2668405931756	68.41649953838166	49.381664274954105	69.85752636318969	71.09121080442732	69.86036702628142	73.2668405931756	73.0395968343869	64.98933472366672	60.51166883966845	61.59932094732363	63.15929637183208	61.63361193524934	68.41649953838166	64.98933472366672	70.25041154546098
84.86606448641763	49.48748996511564	49.45343063482273	49.468696280365144	43.73087362617266	49.37620044624751	60.50841736539052	49.48748996511564	71.88571147869075	69.88003269971628	71.84120842493883	64.95848882113773	69.14249762433832	60.720712953682245	49.45343063482273	69.88003269971628	72.65501210499652	69.8727378411368	67.79306258551715	72.1059392306868	64.41942743168451	49.468696280365144	71.84120842493883	69.8727378411368	71.85743734252723	64.95473798305696	69.13653119021615	60.732697654948176	43.73087362617266	64.95848882113773	67.79306258551715	64.95473798305696	87.15293001214526	74.30176311501712	69.70095423268536	49.37620044624751	69.14249762433832	72.1059392306868	69.13653119021615	74.30176311501712	74.1224888184354	66.33375560799313	60.50841736539052	60.720712953682245	64.41942743168451	60.732697654948176	69.70095423268536	66.33375560799313	71.91586299965253
63.81167981576631	63.28470653185028	60.0172494502446	63.80041116782251	54.89238382970127	59.49819523516769	58.93612048172547	63.28470653185028	65.84295815942028	62.12805066389888	63.2868172832129	56.8429050459255	61.56537461721836	59.50032893017193	60.0172494502446	62.12805066389888	71.47804098121135	60.01746430035324	66.16707121179758	71.31023944920409	69.50976345904058	63.80041116782251	63.2868172832129	60.01746430035324	63.81083974379719	54.89329856122792	59.49819446878717	58.93282628919603	54.89238382970127	56.8429050459255	66.16707121179758	54.89329856122792	84.79622851086395	72.99353340453935	74.52008887894819	59.49819523516769	61.56537461721836	71.31023944920409	59.49819446878717	72.99353340453935	73.68844858243068	71.5587736078571	58.93612048172547	59.50032893017193	69.50976345904058	58.93282628919603	74.52008887894819	71.5587736078571	76.85423520828499
63.936406791419834	60.71511749645176	58.25110400683373	63.92663141136729	54.49002623197084	58.125741967127354	59.15778216614842	60.71511749645176	78.47457125158515	73.0734990843782	60.713536067855365	66.20565281873773	72.07641208557799	62.477542152936046	58.25110400683373	73.0734990843782	80.58974773195533	58.24790344192003	72.27003556684154	79.58956468450421	70.98893913357783	63.92663141136729	60.713536067855365	58.24790344192003	63.937269720639954	54.487969858521645	58.122452804228544	59.15362753973637	54.49002623197084	66.20565281873773	72.27003556684154	54.487969858521645	86.07150071149889	77.69719574771446	73.4230957827928	58.125741967127354	72.07641208557799	79.58956468450421	58.122452804228544	77.69719574771446	80.9574513391678	72.31188674755107	59.15778216614842	62.477542152936046	70.98893913357783	59.15362753973637	73.4230957827928	72.31188674755107	75.52421885224236
61.86318486534487	62.146156139810785	61.308782193772764	61.85261340440513	61.06004747182215	62.30980659185324	61.862764757698315	62.146156139810785	72.53664267584371	65.61744157693632	62.14409545094986	62.21031007003772	65.03631275665026	62.09836975680519	61.308782193772764	65.61744157693632	65.1276079526715	61.307038060466155	60.50961581571987	64.89628827409754	61.338408600872036	61.85261340440513	62.14409545094986	61.307038060466155	61.864127154545216	61.05874817516195	62.30760277809155	61.86093657461155	61.06004747182215	62.21031007003772	60.50961581571987	61.05874817516195	62.90266194620754	62.36354932558245	61.08772757241363	62.30980659185324	65.03631275665026	64.89628827409754	62.30760277809155	62.36354932558245	65.69877856351395	62.329105259983415	61.862764757698315	62.09836975680519	61.338408600872036	61.86093657461155	61.08772757241363	62.329105259983415	61.97575783740789
62.17754234362268	62.24076015647544	61.82898946898396	62.1672407769942	60.282909194965946	62.43158212846161	62.16580052977142	62.24076015647544	67.14147911911104	63.359701634686864	62.23919093894282	61.50435174762308	63.588924298179904	62.135565649517	61.82898946898396	63.359701634686864	64.2310839464566	61.8276123895896	59.92931739924679	64.21176846576593	61.919919063718574	62.1672407769942	62.23919093894282	61.8276123895896	62.17776719124086	60.28267347868561	62.42998152285524	62.164270372577704	60.282909194965946	61.50435174762308	59.92931739924679	60.28267347868561	64.79769233472209	62.7291679656509	60.493112827311975	62.43158212846161	63.588924298179904	64.21176846576593	62.42998152285524	62.7291679656509	65.47816371415124	62.51869833951399	62.16580052977142	62.135565649517	61.919919063718574	62.164270372577704	60.493112827311975	62.51869833951399	62.579391758920515
62.072266800321174	62.47918079601948	61.950468485115096	62.01133010926344	60.56537726923138	62.616915574868436	62.06838962859979	62.47918079601948	70.18330988413963	63.36678555660188	62.44604863318639	62.65385709143237	63.601369824129996	62.4679956218668	61.950468485115096	63.36678555660188	62.97250405667715	61.89605737112498	60.51437513180376	63.3623180554241	61.95474298432262	62.01133010926344	62.44604863318639	61.89605737112498	62.09915530817304	60.51116777970328	62.559815314221765	62.014357566629215	60.56537726923138	62.65385709143237	60.51437513180376	60.51116777970328	64.30982453820491	62.90611108398839	60.577014130182654	62.616915574868436	63.601369824129996	63.3623180554241	62.559815314221765	62.90611108398839	64.81410732426636	62.62117950243171	62.06838962859979	62.4679956218668	61.95474298432262	62.014357566629215	60.577014130182654	62.62117950243171	62.09311951710655
62.911184306364255	62.97590106725428	62.81216086596973	60.7526006411903	61.211741139889575	63.42233032596682	62.90709319446127	62.97590106725428	71.00192524952777	63.54907368671326	61.798265972730285	63.2098159483826	63.785282485369976	62.96034761207982	62.81216086596973	63.54907368671326	63.393515629372814	60.664506548893485	61.0913199021632	63.791376300319946	62.81509759800987	60.7526006411903	61.798265972730285	60.664506548893485	64.02038397362892	59.06408310395278	61.175690948805816	60.75555574126893	61.211741139889575	63.2098159483826	61.0913199021632	59.06408310395278	64.89755652822686	63.40509868097046	61.2237091847003	63.42233032596682	63.785282485369976	63.791376300319946	61.175690948805816	63.40509868097046	65.19977441271892	63.425619280820996	62.90709319446127	62.96034761207982	62.81509759800987	60.75555574126893	61.2237091847003	63.425619280820996	62.934123743791915
60.34102103525968	60.33375540728062	60.08405931763883	58.29902437913356	60.309140965653114	60.83143617685646	60.335958369772534	60.33375540728062	60.377085263126645	60.108590625002655	58.325681314557926	60.33230929319774	60.85270668713144	60.35893783276517	60.08405931763883	60.108590625002655	59.99253057093873	58.054680104842014	60.081776646747954	60.65909861302545	60.11085273326102	58.29902437913356	58.325681314557926	58.054680104842014	61.034341094061794	58.29758611402759	58.81893781225018	58.32741864542216	60.309140965653114	60.33230929319774	60.081776646747954	58.29758611402759	60.328538059192745	60.832176044846584	60.334520678726015	60.83143617685646	60.85270668713144	60.65909861302545	58.81893781225018	60.832176044846584	61.532269570469	60.85457634451343	60.335958369772534	60.35893783276517	60.11085273326102	58.32741864542216	60.334520678726015	60.85457634451343	60.37787891821234
63.35219259508577	63.33498480117209	63.13451262065879	56.02013744150845	63.30465369477714	64.0497596401137	63.337180226083845	63.33498480117209	63.36672460512927	63.15421522678957	56.048651096305406	63.32315387585177	64.06583557299733	63.355465790039275	63.13451262065879	63.15421522678957	63.14463857322761	55.74823457619503	63.12047898920083	63.97532601793172	63.15660846438716	56.02013744150845	56.048651096305406	55.74823457619503	65.89926662103669	56.00504454922057	56.73657243634024	56.05131528762007	63.30465369477714	63.32315387585177	63.12047898920083	56.00504454922057	63.33871075631756	64.046198562863	63.325380863439285	64.0497596401137	64.06583557299733	63.97532601793172	56.73657243634024	64.046198562863	65.06673569089958	64.06737965119564	63.337180226083845	63.355465790039275	63.15660846438716	56.05131528762007	63.325380863439285	64.06737965119564	63.37209924489683
74.90468760293403	74.87255676015553	74.89777732885862	41.29470449588154	74.89208941926142	75.8030744275277	74.85373570912573	74.87255676015553	74.88783104903874	74.88001565175071	41.35344286818297	74.87241188297824	75.78071579820516	74.83377147532832	74.89777732885862	74.88001565175071	75.21359364010586	40.6389390120361	74.89701615242575	76.01074965172765	74.86421858612852	41.29470449588154	41.35344286818297	40.6389390120361	87.08981310364305	41.29161986324484	41.93996177549454	41.4223967683018	74.89208941926142	74.87241188297824	74.89701615242575	41.29161986324484	74.9054418299191	75.8056214980706	74.85363343949307	75.8030744275277	75.78071579820516	76.01074965172765	41.93996177549454	75.8056214980706	77.10458629048165	75.755813724986	74.85373570912573	74.83377147532832	74.86421858612852	41.4223967683018	74.85363343949307	75.755813724986	74.89234520136141
74.46507011714964	74.41355669947387	74.46796529801888	42.07755572389879	74.45459714675557	75.41892664717278	74.35146966694231	74.41355669947387	74.44211656822344	74.42893384436512	42.17951525735165	74.41265352537675	75.37183734362917	74.30830753118462	74.46796529801888	74.42893384436512	74.75317494852612	41.55229424646087	74.46650931922862	75.61456929448013	74.37433876215421	42.07755572389879	42.17951525735165	41.55229424646087	86.19653039167358	42.07216500994428	42.796641776472015	42.387599375826056	74.45459714675557	74.41265352537675	74.46650931922862	42.07216500994428	74.46760862878067	75.42115019829643	74.35072542583181	75.41892664717278	75.37183734362917	75.61456929448013	42.796641776472015	75.42115019829643	76.7771677166846	75.29055785113636	74.35146966694231	74.30830753118462	74.37433876215421	42.387599375826056	74.35072542583181	75.29055785113636	74.45191024865993
80.72879562407503	72.70664586337527	80.23782895586051	30.295491574371766	80.68966279549177	82.07941943646343	80.72285217242816	72.70664586337527	76.29004451707398	73.01731040825676	46.1078135884955	72.70288115667756	73.51594988832132	72.70057970309679	80.23782895586051	73.01731040825676	80.2952667723247	30.38728695724567	80.20780917861705	81.89172110705755	80.24463094762655	30.295491574371766	46.1078135884955	30.38728695724567	109.53748958336813	30.284842807404388	29.999951480739185	30.30288639262178	80.68966279549177	72.70288115667756	80.20780917861705	30.284842807404388	80.72127892031214	82.06499367804219	80.69608668697126	82.07941943646343	73.51594988832132	81.89172110705755	29.999951480739185	82.06499367804219	83.96537197809886	82.08492869457542	80.72285217242816	72.70057970309679	80.24463094762655	30.30288639262178	80.69608668697126	82.08492869457542	80.73933914009004
81.48596564933366	72.17769617946799	80.01788441215405	30.319768413490365	81.47608164299052	82.2945507429274	81.47029468035414	72.17769617946799	76.63153038724528	73.07631004950981	46.09923148076498	72.1779413267907	73.30960279643136	72.12852321888342	80.01788441215405	73.07631004950981	80.16470719164795	30.548407144047133	80.01808013330533	81.70733427474244	80.02208533232597	30.319768413490365	46.09923148076498	30.548407144047133	109.24704421789318	30.319638796059145	30.120803378887896	30.35769540815763	81.47608164299052	72.1779413267907	80.01808013330533	30.319638796059145	81.48807506709962	82.29768519710603	81.47208440297777	82.2945507429274	73.30960279643136	81.70733427474244	30.120803378887896	82.29768519710603	83.94482087523896	82.28927637788149	81.47029468035414	72.12852321888342	80.02208533232597	30.35769540815763	81.47208440297777	82.28927637788149	81.5348167722807
73.58603414589251	73.54406804479204	73.12534839098674	41.971591581377545	73.57304825217409	74.24986871359975	72.41454680244269	73.54406804479204	73.58262077787388	73.09894851260147	42.043965364774344	73.53933305224739	74.21574116132741	72.3680522243929	73.12534839098674	73.09894851260147	73.38187683728424	40.94821600077174	73.11823768198386	74.14236748573718	72.3903248612609	41.971591581377545	42.043965364774344	40.94821600077174	89.96392031328753	41.96886671699889	41.92080233239517	45.165466390747795	73.57304825217409	73.53933305224739	73.11823768198386	41.96886671699889	73.58454238422664	74.2470069454491	72.41262899832162	74.24986871359975	74.21574116132741	74.14236748573718	41.92080233239517	74.2470069454491	75.34760098078515	72.99987789425124	72.41454680244269	72.3680522243929	72.3903248612609	45.165466390747795	72.41262899832162	72.99987789425124	73.87322646206287
74.37377331918259	73.11284661935193	73.83011026069812	40.92719874720186	74.36074130364644	74.94552425922197	74.0360579672101	73.11284661935193	73.97844809152583	72.83810954225535	43.26012721379176	73.10752856142125	73.68513756793826	72.68512077504049	73.83011026069812	72.83810954225535	74.00404924978673	39.68898574922969	73.82045397134056	74.75123308504172	73.63356546442903	40.92719874720186	43.26012721379176	39.68898574922969	91.10628094089624	40.92092757977956	40.871214888112846	41.8339823603912	74.36074130364644	73.10752856142125	73.82045397134056	40.92092757977956	74.37364678081602	74.94145328228704	74.03115014068108	74.94552425922197	73.68513756793826	74.75123308504172	40.871214888112846	74.94145328228704	75.91739940508873	74.59559341705142	74.0360579672101	72.68512077504049	73.63356546442903	41.8339823603912	74.03115014068108	74.59559341705142	74.53023780893875
