183.4591367676638	178.4088495708399	176.47614169545642	180.42091444212255	176.25491041027854	164.7461493132291	175.63970435706722	176.27138191022746	177.11055920452347	176.1931506642174	178.4088495708399	182.5535937372821	177.79564414731047	180.0657461108342	179.85299094467277	164.12788427035093	173.64497319865688	179.79660897034842	180.37416897589242	175.9862425106812	176.47614169545642	177.79564414731047	180.91359237530853	177.6165797201845	178.03040696243494	165.8121931904721	174.84533493122007	177.9107320657697	180.95424105463448	176.05849238857442	180.42091444212255	180.0657461108342	177.6165797201845	186.6316946905584	179.35770701290022	169.73953802364696	177.04962874406527	179.28766354419187	187.01076359188622	177.52250543809748	176.25491041027854	179.85299094467277	178.03040696243494	179.35770701290022	180.8607672133048	165.91843292712792	173.33430025852607	180.66384836739508	180.2256163462872	176.7916183313266	164.7461493132291	164.12788427035093	165.8121931904721	169.73953802364696	165.91843292712792	169.654592386097	161.89382104849318	165.78291477957237	172.95859978046536	164.74443457025373	175.63970435706722	173.64497319865688	174.84533493122007	177.04962874406527	173.33430025852607	161.89382104849318	175.94362433701653	173.22356988039388	176.97325110447105	170.33241006884936	176.27138191022746	179.79660897034842	177.9107320657697	179.28766354419187	180.66384836739508	165.78291477957237	173.22356988039388	180.64761954321975	180.16235276774808	176.71606495935916	177.11055920452347	180.37416897589242	180.95424105463448	187.01076359188622	180.2256163462872	172.95859978046536	176.97325110447105	180.16235276774808	192.96772258296568	178.88350432344762	176.1931506642174	175.9862425106812	176.05849238857442	177.52250543809748	176.7916183313266	164.74443457025373	170.33241006884936	176.71606495935916	178.88350432344762	178.31384866549413
182.42928360035128	177.15950536437094	176.2285263213414	179.7492811900977	176.25990276637717	165.1640877718554	175.16383332567824	176.2659985561806	176.60420097467465	176.16800353002182	177.15950536437094	179.4649901586503	177.10414767627884	178.2971242373249	178.2671315183599	164.1073842049276	172.39986989019636	178.2442153904443	178.99866462171218	176.11089673856256	176.2285263213414	177.10414767627884	179.24768634199938	176.47603056215303	177.2960180708768	164.60690816485646	173.32688179403783	177.26034790968126	178.80622888881172	175.81212772469098	179.7492811900977	178.2971242373249	176.47603056215303	183.17774610453552	178.0902557026969	167.2696708460284	175.29453875631617	178.06376286184963	182.41857126820074	176.73137988709664	176.25990276637717	178.2671315183599	177.2960180708768	178.0902557026969	178.65235642926433	164.98642176623378	172.36754312921457	178.58033083490446	179.13465340634124	176.4755648917053	165.1640877718554	164.1073842049276	164.60690816485646	167.2696708460284	164.98642176623378	166.66003718450105	160.56127105085014	164.9407723554937	168.8943139426084	163.92311041792203	175.16383332567824	172.39986989019636	173.32688179403783	175.29453875631617	172.36754312921457	160.56127105085014	174.10398487855295	172.3325243509839	174.3936404878663	170.29830715715985	176.2659985561806	178.2442153904443	177.26034790968126	178.06376286184963	178.58033083490446	164.9407723554937	172.3325243509839	178.56701377324973	179.11475113460932	176.44931330304357	176.60420097467465	178.99866462171218	178.80622888881172	182.41857126820074	179.13465340634124	168.8943139426084	174.3936404878663	179.11475113460932	185.86652635727273	177.66460749054596	176.16800353002182	176.11089673856256	175.81212772469098	176.73137988709664	176.4755648917053	163.92311041792203	170.29830715715985	176.44931330304357	177.66460749054596	177.3559457282446
164.25870974142342	160.1319105678898	162.62076416531283	163.61338584078987	163.3178928838529	162.5153672127466	160.65354682164957	162.31706107161335	162.7527984908065	162.49662242117628	160.1319105678898	159.13769386577803	159.18186730310913	159.55826830789198	160.40926560043826	159.01585652333543	156.43596568004364	158.7960398355006	159.35261594854177	158.97861068765027	162.62076416531283	159.18186730310913	162.8285758732919	162.4758078105114	163.18967451800754	162.21564396584816	160.15497528673595	162.00461579162288	162.48368655649855	162.19246111521375	163.61338584078987	159.55826830789198	162.4758078105114	164.25840612605768	163.8819323242702	162.61667755629364	160.8721618837265	162.3790048033233	163.08858427709959	162.5904458269643	163.3178928838529	160.40926560043826	163.18967451800754	163.8819323242702	164.8371841910923	163.04455002411208	160.99615119522718	162.84039624674924	163.28661752403826	163.02243562732272	162.5153672127466	159.01585652333543	162.21564396584816	162.61667755629364	163.04455002411208	162.12183920704277	159.91800765764123	161.90670599850492	162.37489365909332	162.09093162039275	160.65354682164957	156.43596568004364	160.15497528673595	160.8721618837265	160.99615119522718	159.91800765764123	159.57318313195404	159.7048762200638	160.20210794498084	159.88439454146936	162.31706107161335	158.7960398355006	162.00461579162288	162.3790048033233	162.84039624674924	161.90670599850492	159.7048762200638	162.20823894684662	162.1666351890674	161.8814187447825	162.7527984908065	159.35261594854177	162.48368655649855	163.08858427709959	163.28661752403826	162.37489365909332	160.20210794498084	162.1666351890674	162.97462589251487	162.3504154923969	162.49662242117628	158.97861068765027	162.19246111521375	162.5904458269643	163.02243562732272	162.09093162039275	159.88439454146936	161.8814187447825	162.3504154923969	162.11208598066602
169.2797931980233	164.24876170053523	165.56011512677958	166.56154161539598	165.13499464947398	164.30330118916189	163.6691393305181	164.20532907938363	164.88848982093535	164.1744046029995	164.24876170053523	165.61711466398108	163.5256594600877	163.85038635074392	164.60085074163246	162.21526753329692	161.02607348917297	162.10294014764523	163.50757096144193	159.61387411970694	165.56011512677958	163.5256594600877	169.09334829044735	165.78862609750854	167.77636914247353	165.67442823683402	164.95772428702534	165.54770952086923	167.134461286023	164.68886910795072	166.56154161539598	163.85038635074392	165.78862609750854	168.61013869851382	167.5854074639249	165.9326106461425	164.90160213822114	165.80870979938393	167.65472183102835	164.01540968144877	165.13499464947398	164.60085074163246	167.77636914247353	167.5854074639249	170.08876649405448	166.58762615108503	165.39351787085218	166.47121517729838	167.53096903244136	164.90653520322184	164.30330118916189	162.21526753329692	165.67442823683402	165.9326106461425	166.58762615108503	165.1397678905904	163.74776403037671	165.0164218809337	166.1691848677301	162.97596718449492	163.6691393305181	161.02607348917297	164.95772428702534	164.90160213822114	165.39351787085218	163.74776403037671	164.20382139035914	163.63118224407896	164.81622107298622	161.385597701625	164.20532907938363	162.10294014764523	165.54770952086923	165.80870979938393	166.47121517729838	165.0164218809337	163.63118224407896	165.2188287819248	166.052681419846	162.8463991587651	164.88848982093535	163.50757096144193	167.134461286023	167.65472183102835	167.53096903244136	166.1691848677301	164.81622107298622	166.052681419846	169.02722611737417	164.23404130393956	164.1744046029995	159.61387411970694	164.68886910795072	164.01540968144877	164.90653520322184	162.97596718449492	161.385597701625	162.8463991587651	164.23404130393956	165.7014306596467
165.10977909116804	160.36875688176136	160.82017354449786	162.60675654396633	160.88183158217834	160.69741370973267	159.96508505609825	160.69611089102705	160.7191023988994	160.05440666654096	160.36875688176136	157.87721158799877	157.91749209522703	158.63777301495503	158.08380716671132	157.79006337708188	156.68373689839592	157.78844253450123	157.81758449577424	156.57596306908826	160.82017354449786	157.91749209522703	159.09628148446637	159.11986464002155	158.8359832275917	158.55258251723373	157.52046572699683	158.55054430258497	158.5794521143383	157.44876477016172	162.60675654396633	158.63777301495503	159.11986464002155	161.1064545474719	159.55699857755693	159.2263527637831	158.42408817812762	159.2230022331988	159.26302449964516	158.14879055068366	160.88183158217834	158.08380716671132	158.8359832275917	159.55699857755693	159.18049436761436	158.70954042795893	157.63601671059357	158.70759914422032	158.7356476689586	157.57884394528455	160.69741370973267	157.79006337708188	158.55258251723373	159.2263527637831	158.70954042795893	158.44393428745767	157.34732197103233	158.43199136680587	158.46035763815343	157.2815955597395	159.96508505609825	156.68373689839592	157.52046572699683	158.42408817812762	157.63601671059357	157.34732197103233	157.21956787180167	157.34541137580862	157.37426654860604	156.0904784783683	160.69611089102705	157.78844253450123	158.55054430258497	159.2230022331988	158.70759914422032	158.43199136680587	157.34541137580862	158.45967017674795	158.45844617113593	157.27919975714636	160.7191023988994	157.81758449577424	158.5794521143383	159.26302449964516	158.7356476689586	158.46035763815343	157.37426654860604	158.45844617113593	158.50468861032167	157.3089489713304	160.05440666654096	156.57596306908826	157.44876477016172	158.14879055068366	157.57884394528455	157.2815955597395	156.0904784783683	157.27919975714636	157.3089489713304	157.36670722185255
183.9026354365937	179.05729772090518	176.46873088581208	180.64570122373485	176.0777556584845	164.4222976758459	175.73967203832177	176.0944407808166	177.2739947913628	176.02307746945056	179.05729772090518	183.96461505531897	178.07262375179488	180.60713227895062	180.2274132570242	163.8551615346225	174.24902600858928	180.11537975111045	180.68690663934453	175.53138690429617	176.46873088581208	178.07262375179488	181.1652498651454	177.9322776571231	178.40329413377245	166.13444890657757	175.18497189417462	178.18061944666528	181.33634800086455	176.0262536987045	180.64570122373485	180.60713227895062	177.9322776571231	187.26459606885288	179.57352412678725	170.10864664370078	177.51476034588575	179.4359793075837	187.8485919576193	177.4897229696023	176.0777556584845	180.2274132570242	178.40329413377245	179.57352412678725	181.6844412045	166.30767561898432	173.82991659475408	181.32860577378526	180.3599122316165	176.64282882493103	164.4222976758459	163.8551615346225	166.13444890657757	170.10864664370078	166.30767561898432	170.42909170311987	162.19634686093463	166.05917396456968	173.65299243517092	164.97562695379673	175.73967203832177	174.24902600858928	175.18497189417462	177.51476034588575	173.82991659475408	162.19634686093463	176.43462125352926	173.62416626321885	177.49137010004432	170.20099531465098	176.0944407808166	180.11537975111045	178.18061944666528	179.4359793075837	181.32860577378526	166.05917396456968	173.62416626321885	181.31820685259765	180.23409893448002	176.495538863496	177.2739947913628	180.68690663934453	181.33634800086455	187.8485919576193	180.3599122316165	173.65299243517092	177.49137010004432	180.23409893448002	194.22467454178775	179.00947937980357	176.02307746945056	175.53138690429617	176.0262536987045	177.4897229696023	176.64282882493103	164.97562695379673	170.20099531465098	176.495538863496	179.00947937980357	178.52903137042114
184.18406762700138	179.3148982533883	176.45078943194304	180.74741513448862	175.94504561369982	164.24976570681557	175.80521053437494	175.9844102124126	177.300972856127	175.95814160678225	179.3148982533883	185.00033348731722	178.50508118939928	181.07473809410556	181.02538815861197	163.97396964644366	174.89422147641497	180.6902561962425	180.98567232329998	175.30915912714875	176.45078943194304	178.50508118939928	181.65720971745293	178.27559134559658	179.19338436740054	166.5874230597692	175.70893083094956	178.47673898906308	181.66571279300283	176.1479215071059	180.74741513448862	181.07473809410556	178.27559134559658	187.6269234022854	180.10666159636364	170.40414271244333	177.9434344688268	179.6656161928939	188.1919589418279	177.52856551659875	175.94504561369982	181.02538815861197	179.19338436740054	180.10666159636364	183.18911571164946	167.04839557785292	174.70647774448656	182.07659945393775	180.79025596157135	176.75488283952345	164.24976570681557	163.97396964644366	166.5874230597692	170.40414271244333	167.04839557785292	171.04513820900436	162.61696209066108	166.245620417081	174.01285644390884	165.23072127005116	175.80521053437494	174.89422147641497	175.70893083094956	177.9434344688268	174.70647774448656	162.61696209066108	177.07253788624158	174.0582123781459	177.8504258851231	170.21165881374048	175.9844102124126	180.6902561962425	178.47673898906308	179.6656161928939	182.07659945393775	166.245620417081	174.0582123781459	182.1123120529536	180.37722088071328	176.24818106148885	177.300972856127	180.98567232329998	181.66571279300283	188.1919589418279	180.79025596157135	174.01285644390884	177.8504258851231	180.37722088071328	194.64977836904941	179.11386921668216	175.95814160678225	175.30915912714875	176.1479215071059	177.52856551659875	176.75488283952345	165.23072127005116	170.21165881374048	176.24818106148885	179.11386921668216	178.84798109757338
182.38213578071517	177.7065515673168	176.4644625380883	179.64052181501458	176.4334011459235	164.7048112113975	175.04563419605782	176.47872977330076	176.71371072402596	176.30350920515437	177.7065515673168	179.580025556382	177.53076958883278	177.68604310532953	177.91738297592417	163.29316232993398	172.3868878660772	177.64027718441628	178.32380553698457	176.39651481072784	176.4644625380883	177.53076958883278	178.11965397361914	177.12595458889007	178.11034104125207	164.54309416784704	172.55502289934472	177.8705442949234	178.47162943774433	176.74755207704868	179.64052181501458	177.68604310532953	177.12595458889007	181.06785064211672	177.66686071374454	165.79493130706786	175.05487974678303	177.33177860508914	180.16955227843496	176.5435853265489	176.4334011459235	177.91738297592417	178.11034104125207	177.66686071374454	178.9699453185366	165.04827613851552	172.72920014917065	178.22647922621138	178.73999746257374	177.08947854042668	164.7048112113975	163.29316232993398	164.54309416784704	165.79493130706786	165.04827613851552	166.00680735242918	160.01912817047702	164.5958216297698	166.97729364324033	163.94412097061578	175.04563419605782	172.3868878660772	172.55502289934472	175.05487974678303	172.72920014917065	160.01912817047702	173.2298718761413	172.42508667193528	173.53827062164072	170.96530053429967	176.47872977330076	177.64027718441628	177.8705442949234	177.33177860508914	178.22647922621138	164.5958216297698	172.42508667193528	178.0118725329668	178.540757078556	176.83845683391206	176.71371072402596	178.32380553698457	178.47162943774433	180.16955227843496	178.73999746257374	166.97729364324033	173.53827062164072	178.540757078556	182.57395476102838	177.5556924512874	176.30350920515437	176.39651481072784	176.74755207704868	176.5435853265489	177.08947854042668	163.94412097061578	170.96530053429967	176.83845683391206	177.5556924512874	177.466434507554
184.1809897168879	179.34347341058634	176.4538291227303	180.74844121662034	175.95523875314817	164.23771375960047	175.80372150743972	175.9947982506655	177.3050297587434	175.95008554398154	179.34347341058634	185.29788324586315	178.6276330616555	181.19495335299746	181.28856635628702	164.01646719112415	175.09793142464187	180.9625827340609	181.0552677439983	175.1803098356167	176.4538291227303	178.6276330616555	181.72081670811738	178.3248725032311	179.33547628803927	166.62184206090598	175.80512315765023	178.5982177071356	181.6858458204803	176.10349776688392	180.74844121662034	181.19495335299746	178.3248725032311	187.65334421744444	180.2327465050403	170.40998396917087	178.0200685508846	179.782679644953	188.1832241047731	177.4753475964714	175.95523875314817	181.28856635628702	179.33547628803927	180.2327465050403	183.482793397537	167.1372442906868	174.92498964905067	182.34599997129243	180.86996672323477	176.65358211286096	164.23771375960047	164.01646719112415	166.62184206090598	170.40998396917087	167.1372442906868	171.06624780599822	162.66096619354246	166.3051956155265	173.99414737514155	165.21858829656827	175.80372150743972	175.09793142464187	175.80512315765023	178.0200685508846	174.92498964905067	162.66096619354246	177.21902043688516	174.26659043263987	177.88876910341017	170.12810731943534	175.9947982506655	180.9625827340609	178.5982177071356	179.782679644953	182.34599997129243	166.3051956155265	174.26659043263987	182.41359312741142	180.44641657171508	176.11109203039146	177.3050297587434	181.0552677439983	181.6858458204803	188.1832241047731	180.86996672323477	173.99414737514155	177.88876910341017	180.44641657171508	194.5961123308703	179.07586232945144	175.95008554398154	175.1803098356167	176.10349776688392	177.4753475964714	176.65358211286096	165.21858829656827	170.12810731943534	176.11109203039146	179.07586232945144	178.91834632512467
214.3223165688297	215.7551865931538	212.44838604085555	215.94068769178193	209.7155218227133	192.18600599643818	208.2465382810006	130.67862126135662	210.02333055947028	212.9660408753129	215.7551865931538	232.65549167636516	223.74408289027753	224.9715891977336	225.73443225239652	198.52520922189808	216.71407958064646	129.54114062193224	221.19305508209644	218.61957301780822	212.44838604085555	223.74408289027753	231.62464212357952	224.80858003583018	229.03544123331073	208.45263746062315	220.098803917275	121.02956765553861	225.62307074888056	227.1220283373744	215.94068769178193	224.9715891977336	224.80858003583018	231.90075760705037	225.62477780635194	208.5777375780946	219.62733384492628	125.08164617905476	229.98348788296101	224.8061220915285	209.7155218227133	225.73443225239652	229.03544123331073	225.62477780635194	234.881338441113	209.20473341754746	219.29848117149058	128.8456821911906	223.49908621271086	226.01014812796947	192.18600599643818	198.52520922189808	208.45263746062315	208.5777375780946	209.20473341754746	207.95813900168227	199.11230404279726	118.4329989320467	210.81844078279232	209.0311166038647	208.2465382810006	216.71407958064646	220.098803917275	219.62733384492628	219.29848117149058	199.11230404279726	217.05306471594673	124.3591506133624	216.9272513051582	214.30376515605386	130.67862126135662	129.54114062193224	121.02956765553861	125.08164617905476	128.8456821911906	118.4329989320467	124.3591506133624	258.207067617739	128.31533844598704	112.9334555117975	210.02333055947028	221.19305508209644	225.62307074888056	229.98348788296101	223.49908621271086	210.81844078279232	216.9272513051582	128.31533844598704	234.58900931377622	224.43488257128718	212.9660408753129	218.61957301780822	227.1220283373744	224.8061220915285	226.01014812796947	209.0311166038647	214.30376515605386	112.9334555117975	224.43488257128718	233.96919663853393
214.3223170955632	215.75518722622724	212.44838671665093	215.94068833465937	209.7155224709436	192.18600654743068	208.24653888072422	130.67862042658567	210.02333116339105	212.96604158145314	215.75518722622724	232.6554924382166	223.74408370327473	224.97158997093763	225.73443303275286	198.52520988468513	216.71408030212825	129.54113961905622	221.19305580851704	218.6195738667821	212.44838671665093	223.74408370327473	231.62464299440455	224.80858086304607	229.03544206990273	208.45263817217173	220.09880468946454	121.02956658229952	225.62307152656612	227.12202924749297	215.94068833465937	224.97158997093763	224.80858086304607	231.90075839326073	225.62477860062677	208.57773825353104	219.62733457865	125.0816451588903	229.98348862195442	224.8061229559674	209.7155224709436	225.73443303275286	229.03544206990273	225.62477860062677	234.88133924536947	209.2047341014946	219.29848191317365	128.84568116102398	223.4990869595458	226.01014900218286	192.18600654743068	198.52520988468513	208.45263817217173	208.57773825353104	209.2047341014946	207.95813958389627	199.1123046734494	118.43299805547097	210.81844141806585	209.03111734786359	208.24653888072422	216.71408030212825	220.09880468946454	219.62733457865	219.29848191317365	199.1123046734494	217.0530654008203	124.35914966140339	216.92725199482288	214.3037659629327	130.67862042658567	129.54113961905622	121.02956658229952	125.0816451588903	128.84568116102398	118.43299805547097	124.35914966140339	258.20706893949983	128.31533748706153	112.93345438974585	210.02333116339105	221.19305580851704	225.62307152656612	229.98348862195442	223.4990869595458	210.81844141806585	216.92725199482288	128.31533748706153	234.5890100085529	224.43488338406448	212.96604158145314	218.6195738667821	227.12202924749297	224.8061229559674	226.01014900218286	209.03111734786359	214.3037659629327	112.93345438974585	224.43488338406448	233.9691975901668
181.93592619003476	177.65897564133792	176.50971792464514	179.38382534845013	176.4859134304124	164.62111430207432	174.79173476500245	176.52939519801336	176.73643150116155	176.28984250259145	177.65897564133792	179.6048862424042	177.5247349387005	177.63227373903692	178.09999244449324	163.31376040214454	172.38687783184304	177.60884667942128	178.1491730690579	176.42852894349326	176.50971792464514	177.5247349387005	178.05004442924044	177.14089342887507	178.24483080694068	164.58992766430532	172.57860850838793	177.83576971776083	178.29708151547337	176.78195464621132	179.38382534845013	177.63227373903692	177.14089342887507	180.59701783741951	177.92390339658579	165.56152316841496	174.88767252996402	177.31480047172533	179.5355976963019	176.52517075292405	176.4859134304124	178.09999244449324	178.24483080694068	177.92390339658579	179.6126166624319	165.4256119158689	173.01640538761555	178.3209299175723	178.70891501311613	177.2893021841102	164.62111430207432	163.31376040214454	164.58992766430532	165.56152316841496	165.4256119158689	165.93692616679348	160.03124653077967	164.63012762379566	166.4776088579628	164.00367945064443	174.79173476500245	172.38687783184304	172.57860850838793	174.88767252996402	173.01640538761555	160.03124653077967	173.11324981700596	172.46845631371747	173.34146517475628	171.04738704697044	176.52939519801336	177.60884667942128	177.83576971776083	177.31480047172533	178.3209299175723	164.63012762379566	172.46845631371747	177.94671874694302	178.3598028027043	176.8528989702685	176.73643150116155	178.1491730690579	178.29708151547337	179.5355976963019	178.70891501311613	166.4776088579628	173.34146517475628	178.3598028027043	181.50079876632032	177.40796538698538	176.28984250259145	176.42852894349326	176.78195464621132	176.52517075292405	177.2893021841102	164.00367945064443	171.04738704697044	176.8528989702685	177.40796538698538	177.46373498680074
167.1098805051078	163.4269869860164	163.34690155678442	164.8672383000698	163.46029334794247	162.75998938641547	160.51693758651757	163.43784354584716	163.66185090741905	163.02279042855997	163.4269869860164	162.1668313049225	161.94909732990385	162.14854518368477	162.18806895983997	161.41462157167385	157.72576399171683	162.1566323797893	162.42264803784465	161.3933975655815	163.34690155678442	161.94909732990385	163.16813231263785	161.31764681722626	162.00731715080127	161.2364104867301	158.15956008641572	161.97242455410168	162.2585511264235	161.2976754124642	164.8672383000698	162.14854518368477	161.31764681722626	163.90462854169456	162.21037320238656	161.43580986986208	158.73090036986238	162.17070701574903	162.64805769691958	161.36554403471646	163.46029334794247	162.18806895983997	162.00731715080127	162.21037320238656	162.26746645853558	161.47199037514616	157.79362074678053	162.2119884873812	162.4769787323305	161.45326453598665	162.75998938641547	161.41462157167385	161.2364104867301	161.43580986986208	161.47199037514616	161.39136856785564	157.00921913098298	161.43980856248885	161.7155127096857	160.68311325589968	160.51693758651757	157.72576399171683	158.15956008641572	158.73090036986238	157.79362074678053	157.00921913098298	157.19703963586772	157.75363813982824	158.08194017953915	156.66159974589942	163.43784354584716	162.1566323797893	161.97242455410168	162.17070701574903	162.2119884873812	161.43980856248885	157.75363813982824	162.18879169857783	162.4460413376786	161.41965470155532	163.66185090741905	162.42264803784465	162.2585511264235	162.64805769691958	162.4769787323305	161.7155127096857	158.08194017953915	162.4460413376786	163.03632490060937	161.70038874322665	163.02279042855997	161.3933975655815	161.2976754124642	161.36554403471646	161.45326453598665	160.68311325589968	156.66159974589942	161.41965470155532	161.70038874322665	161.73005010744643
173.91584675906577	174.12831441509292	173.03752166562842	175.80527631783912	175.52933558368454	169.5752028736986	170.9919436083107	169.40635780011584	174.3136723895387	170.1322972692638	174.12831441509292	187.7625456259733	179.63835527560963	180.2903161237449	187.01817421054636	171.2057428341488	175.65496063744865	171.02660966918688	179.30093184114753	171.6862365465723	173.03752166562842	179.63835527560963	183.17192006189256	177.9912457686908	185.24843676048607	173.0453740557337	177.64419792576996	172.8491693742099	179.6281575729367	174.1466238586976	175.80527631783912	180.2903161237449	177.9912457686908	184.62191035721884	183.89880256022326	174.38672168833784	177.12510161706177	174.1836301814652	183.79599045776843	174.78847342024216	175.52933558368454	187.01817421054636	185.24843676048607	183.89880256022326	194.97377891685954	176.43233972498703	181.60786604248548	176.2597498725735	181.9631301552204	177.66990218222313	169.5752028736986	171.2057428341488	173.0453740557337	174.38672168833784	176.43233972498703	171.03476677840118	169.17734825676715	170.83760743278978	175.06067966648777	170.94249202878962	170.9919436083107	175.65496063744865	177.64419792576996	177.12510161706177	181.60786604248548	169.17734825676715	178.08308276895133	168.99102359861737	176.20645354637438	169.43276304194362	169.40635780011584	171.02660966918688	172.8491693742099	174.1836301814652	176.2597498725735	170.83760743278978	168.99102359861737	171.16382579202653	174.8738747594277	170.74189467142503	174.3136723895387	179.30093184114753	179.6281575729367	183.79599045776843	181.9631301552204	175.06067966648777	176.20645354637438	174.8738747594277	187.15679660666916	175.54750682244602	170.1322972692638	171.6862365465723	174.1466238586976	174.78847342024216	177.66990218222313	170.94249202878962	169.43276304194362	170.74189467142503	175.54750682244602	173.20637752542876
173.71480263162016	172.88526833477266	171.35727108874556	174.7057893015588	173.79500781579628	168.9528218472963	169.44514597639528	168.8449148059725	172.7575258282231	169.28343688875407	172.88526833477266	184.58639319546762	176.153993328901	177.99185519662564	183.66180377127407	170.46389162399632	171.84713433261643	170.347750787435	176.6627997379569	170.58489551220387	171.35727108874556	176.153993328901	179.49173905162186	175.78543537486263	181.86678624814482	172.49859310150234	173.71109170442705	172.36963817494376	177.28719839318344	172.971388857633	174.7057893015588	177.99185519662564	175.78543537486263	182.5539141006657	181.75393925257305	173.71486451753896	174.55546224712344	173.58161060002948	181.44114174481825	173.86038800400618	173.79500781579628	183.66180377127407	181.86678624814482	181.75393925257305	191.8048272441974	176.13542978620407	177.67744655899364	176.02139392371905	179.91976862343114	176.71151225907786	168.9528218472963	170.46389162399632	172.49859310150234	173.71486451753896	176.13542978620407	170.38611115473296	169.16349531179867	170.25473742361842	174.05776901456292	170.2513295577676	169.44514597639528	171.84713433261643	173.71109170442705	174.55546224712344	177.67744655899364	169.16349531179867	172.63837777350622	169.03999987047973	173.90798453716587	169.09280611143197	168.8449148059725	170.347750787435	172.36963817494376	173.58161060002948	176.02139392371905	170.25473742361842	169.03999987047973	170.47146048307772	173.93442746745507	170.12142858804867	172.7575258282231	176.6627997379569	177.28719839318344	181.44114174481825	179.91976862343114	174.05776901456292	173.90798453716587	173.93442746745507	184.33277619514098	174.2094576067349	169.28343688875407	170.58489551220387	172.971388857633	173.86038800400618	176.71151225907786	170.2513295577676	169.09280611143197	170.12142858804867	174.2094576067349	171.6830637668986
173.47965542468657	169.5639172533666	166.8825314859802	170.93018958857127	169.1802549360941	166.04603068117157	166.09287686147522	165.88878610455842	166.7582898210423	166.2902149524472	169.5639172533666	176.95972000091717	168.17397227455598	171.31288798136632	176.58409995597046	166.0556735588767	165.79003538280142	165.8783837761917	167.2177266362132	165.73057673164496	166.8825314859802	168.17397227455598	171.6120637708801	170.24903837704943	175.6691608856758	168.827789990749	168.17774330609066	168.6220413551858	169.7105219552357	168.6213217496773	170.93018958857127	171.31288798136632	170.24903837704943	174.89999479987543	176.9375110576962	169.719372193475	169.50692545852974	169.50840919571087	171.33581443553325	169.55783664633344	169.1802549360941	176.58409995597046	175.6691608856758	176.9375110576962	186.9950266920339	173.42155916977794	172.9724545729282	173.23518753792604	174.062032241032	173.3503600417505	166.04603068117157	166.0556735588767	168.827789990749	169.719372193475	173.42155916977794	167.84153550583443	166.77624242904412	167.6336232038692	168.63310726155493	167.4083099282566	166.09287686147522	165.79003538280142	168.17774330609066	169.50692545852974	172.9724545729282	166.77624242904412	167.47169513284848	166.5780242861428	167.63034605657964	166.3206769578067	165.88878610455842	165.8783837761917	168.6220413551858	169.50840919571087	173.23518753792604	167.6336232038692	166.5780242861428	167.96970238275426	168.43157293167357	167.20203660134084	166.7582898210423	167.2177266362132	169.7105219552357	171.33581443553325	174.062032241032	168.63310726155493	167.63034605657964	168.43157293167357	170.87833495080343	168.2431798447998	166.2902149524472	165.73057673164496	168.6213217496773	169.55783664633344	173.3503600417505	167.4083099282566	166.3206769578067	167.20203660134084	168.2431798447998	168.36023956098052
186.83703255870898	184.32870222886007	187.01821467469622	190.21503806435896	185.8917933803045	186.8636373881743	184.91952262711874	128.47880310113698	186.80585443494877	186.87523207634317	184.32870222886007	192.59921203128306	190.11052274864647	193.3884900086553	195.19092037403124	189.7990060535654	186.62128927109165	121.8432194122544	189.915778156463	189.80153495599237	187.01821467469622	190.11052274864647	198.92963171768127	199.86411946405093	200.57501395226657	198.5668548257449	194.9946087817702	117.59095987014503	198.71932757685414	198.57085236235253	190.21503806435896	193.3884900086553	199.86411946405093	202.98648376583705	202.64124365842287	199.73376525753852	196.91690955270016	117.83035198626705	200.12822149530749	199.74021802903567	185.8917933803045	195.19092037403124	200.57501395226657	202.64124365842287	209.15730507269993	200.26511059089634	196.855333144123	126.61447004922417	200.21682700878188	200.26876935411838	186.8636373881743	189.7990060535654	198.5668548257449	199.73376525753852	200.26511059089634	198.41471228902793	194.75999870585946	117.53743485279286	198.55261859063978	198.4112293269256	184.91952262711874	186.62128927109165	194.9946087817702	196.91690955270016	196.855333144123	194.75999870585946	193.35770972954867	117.58766210867002	194.86228944552158	194.76117568101625	128.47880310113698	121.8432194122544	117.59095987014503	117.83035198626705	126.61447004922417	117.53743485279286	117.58766210867002	245.05069803532342	118.09769818935146	117.52250144309595	186.80585443494877	189.915778156463	198.71932757685414	200.12822149530749	200.21682700878188	198.55261859063978	194.86228944552158	118.09769818935146	199.41741317925042	198.55601734660894	186.87523207634317	189.80153495599237	198.57085236235253	199.74021802903567	200.26876935411838	198.4112293269256	194.76117568101625	117.52250144309595	198.55601734660894	198.43400575532806
170.12118995596433	165.80465148657515	165.982794516503	167.22710323922982	166.74859212809986	164.68611220236394	164.1828911182533	164.58783016367073	164.76806245161828	164.9410003660707	165.80465148657515	172.77414526854255	167.486892528173	167.5472093295652	173.90484489828	165.1821346487502	164.39455385273484	165.07166464845204	165.47813117170782	163.36048026638446	165.982794516503	167.486892528173	171.56835862256526	169.0609491982767	175.12440420604057	168.52391963334327	167.84248739475464	168.39200831479744	168.9085699022981	167.69565237114045	167.22710323922982	167.5472093295652	169.0609491982767	170.82278417912906	174.2216932517202	168.3410269596228	167.59880929957103	168.20929501228764	168.86509550396104	167.03911886340492	166.74859212809986	173.90484489828	175.12440420604057	174.2216932517202	185.05395107997626	172.543778669293	171.7692337628407	172.42532324937315	172.68054286208874	171.87779241370106	164.68611220236394	165.1821346487502	168.52391963334327	168.3410269596228	172.543778669293	167.54674802328168	166.3880433561476	167.41382174360552	167.8424069626305	165.74876852365026	164.1828911182533	164.39455385273484	167.84248739475464	167.59880929957103	171.7692337628407	166.3880433561476	166.85033554484002	166.26383721600155	166.67005835283732	164.41069979424842	164.58783016367073	165.07166464845204	168.39200831479744	168.20929501228764	172.42532324937315	167.41382174360552	166.26383721600155	167.63801342472837	167.7153204648164	165.61309714311835	164.76806245161828	165.47813117170782	168.9085699022981	168.86509550396104	172.68054286208874	167.8424069626305	166.67005835283732	167.7153204648164	168.8370214678091	166.06725296897304	164.9410003660707	163.36048026638446	167.69565237114045	167.03911886340492	171.87779241370106	165.74876852365026	164.41069979424842	165.61309714311835	166.06725296897304	168.93846068003916
169.16151959121132	164.0649983453232	164.40032188316889	166.5736566803634	165.1269932667208	163.9838699180361	163.37467015185882	163.82892987125697	164.06361981068622	163.86024604250113	164.0649983453232	166.0581996098672	162.58451630730738	164.16645476132874	166.6584910491723	161.9179780486276	160.82848665017147	161.73680800201961	162.16476862201367	160.9156868498617	164.40032188316889	162.58451630730738	166.2554640575523	166.02894122713377	168.558144124623	165.19485629752148	164.182505523936	164.9945535763465	165.4489913048343	164.49813065523585	166.5736566803634	164.16645476132874	166.02894122713377	168.39439600394314	169.54066012944494	165.86467945963796	165.09882996898028	165.65721832458388	166.2775148229588	165.24168960563452	165.1269932667208	166.6584910491723	168.558144124623	169.54066012944494	174.85624694968	167.88582593997793	166.84141933839075	167.7000035712269	168.02655779027822	167.25320186085887	163.9838699180361	161.9179780486276	165.19485629752148	165.86467945963796	167.88582593997793	164.84388573218374	163.68038785519323	164.64106854208188	165.06793391850374	164.02410580979816	163.37467015185882	160.82848665017147	164.182505523936	165.09882996898028	166.84141933839075	163.68038785519323	163.7939778147171	163.48681470813892	163.8973003837556	162.76328939399252	163.82892987125697	161.73680800201961	164.9945535763465	165.65721832458388	167.7000035712269	164.64106854208188	163.48681470813892	164.9742219620288	164.87139249918022	163.82223492702124	164.06361981068622	162.16476862201367	165.4489913048343	166.2775148229588	168.02655779027822	165.06793391850374	163.8973003837556	164.87139249918022	165.77339780659415	164.25668087646534	163.86024604250113	160.9156868498617	164.49813065523585	165.24168960563452	167.25320186085887	164.02410580979816	162.76328939399252	163.82223492702124	164.25668087646534	164.86440227428344
169.7134408085239	165.46341675931177	166.32882440418297	167.1291502445108	166.82232822727616	164.89124198571457	164.2297908465887	164.81639474138845	165.02178463237772	164.936810351078	165.46341675931177	169.5588092800778	165.81085428450808	165.13906874307168	169.6907895620206	163.24111227071512	162.14177398987684	163.15505599364175	163.55230520373618	162.50342586324743	166.32882440418297	165.81085428450808	171.11564806097178	167.25182767028278	172.18461968114968	167.23558444937217	166.5660361492973	167.13740524297182	167.57193775818436	167.05158264400887	167.1291502445108	165.13906874307168	167.25182767028278	169.2100216092144	170.9187102666452	166.83867030602056	165.7305606239995	166.74077962274484	167.2562410443931	166.28208426936203	166.82232822727616	169.6907895620206	172.18461968114968	170.9187102666452	178.09726082538398	169.67676131809955	168.6731809609527	169.58803115215906	169.8642403975253	169.42261293355423	164.89124198571457	163.24111227071512	167.23558444937217	166.83867030602056	169.67676131809955	166.22613995983494	164.60969544123208	166.1269108733808	166.46770635800604	165.56499755479032	164.2297908465887	162.14177398987684	166.5660361492973	165.7305606239995	168.6731809609527	164.60969544123208	165.31262352557061	164.51756572243394	164.86247180774578	163.88105272510572	164.81639474138845	163.15505599364175	167.13740524297182	166.74077962274484	169.58803115215906	166.1269108733808	164.51756572243394	166.2854127767081	166.3740567919252	165.46780501498623	165.02178463237772	163.55230520373618	167.57193775818436	167.2562410443931	169.8642403975253	166.46770635800604	164.86247180774578	166.3740567919252	167.1810994674874	165.82841677367415	164.936810351078	162.50342586324743	167.05158264400887	166.28208426936203	169.42261293355423	165.56499755479032	163.88105272510572	165.46780501498623	165.82841677367415	166.78303513158343
169.9428967875227	165.6215589300291	166.2917851698497	167.39088244201673	166.8757073802841	165.018275077543	164.26116948618457	164.86073294384565	165.1884050422944	165.07001681056704	165.6215589300291	169.49385120499431	165.84182404016178	165.5499576668698	169.83907669529015	163.57163597523243	162.2409628114183	163.3894046631664	163.96638305676044	162.8731421249971	166.2917851698497	165.84182404016178	170.9096693221952	167.42673030398663	172.17159693506545	167.3203661018903	166.44068310358625	167.11592244885276	167.74042496685456	167.1100243301556	167.39088244201673	165.5499576668698	167.42673030398663	169.59001207785076	171.20789250228367	167.0817751514481	165.830102292702	166.87666292808967	167.62837648337054	166.5708014039899	166.8757073802841	169.83907669529015	172.17159693506545	171.20789250228367	178.31015722443024	169.89504734682384	168.6757848682917	169.70928909227987	170.13357743730552	169.63690299033775	165.018275077543	163.57163597523243	167.3203661018903	167.0817751514481	169.89504734682384	166.43341266616122	164.54630641165912	166.23115102120667	166.74582683620432	165.80753756529828	164.26116948618457	162.2409628114183	166.44068310358625	165.830102292702	168.6757848682917	164.54630641165912	165.33460721656238	164.35405335468704	164.87167777814116	163.83801061033265	164.86073294384565	163.3894046631664	167.11592244885276	166.87666292808967	169.70928909227987	166.23115102120667	164.35405335468704	166.55156784478808	166.54973808296953	165.6046925796792	165.1884050422944	163.96638305676044	167.74042496685456	167.62837648337054	170.13357743730552	166.74582683620432	164.87167777814116	166.54973808296953	167.6643489174923	166.1441476840331	165.07001681056704	162.8731421249971	167.1100243301556	166.5708014039899	169.63690299033775	165.80753756529828	163.83801061033265	165.6046925796792	166.1441476840331	166.95693209757042
