174.88480865614372	171.06954753494603	171.8063248437918	174.07119421620618	172.38931901495982	171.0437725290732	170.2027092051169	154.62417491389107	171.0560866687074	171.05520874214525	171.06954753494603	175.39565634519687	171.16700379323606	172.64241110783018	175.62656715447943	169.67689287208745	168.19943482339164	150.76822755447284	169.69573038587896	169.67244750824867	171.8063248437918	171.16700379323606	176.44090611596266	175.25424906680632	177.97592498797388	174.3825860219083	173.00115796943703	153.56466419642356	174.39804838166518	174.38479920779844	174.07119421620618	172.64241110783018	175.25424906680632	177.97443262161218	178.7335360948058	174.90387020745868	173.74448635080734	153.41041325333387	174.92442846017224	174.9052706108176	172.38931901495982	175.62656715447943	177.97592498797388	178.7335360948058	184.32611215955689	176.57298748042479	175.18762828790398	157.62214594904287	176.58438689660832	176.5754739185739	171.0437725290732	169.67689287208745	174.3825860219083	174.90387020745868	176.57298748042479	173.6851732919614	171.8815024635337	153.17305868229903	173.68958617721987	173.67274194926995	170.2027092051169	168.19943482339164	173.00115796943703	173.74448635080734	175.18762828790398	171.8815024635337	172.058426950438	151.81352591546948	171.8957508265132	171.8760823029749	154.62417491389107	150.76822755447284	153.56466419642356	153.41041325333387	157.62214594904287	153.17305868229903	151.81352591546948	185.20588561507287	153.18811531160824	153.15722778019025	171.0560866687074	169.69573038587896	174.39804838166518	174.92442846017224	176.58438689660832	173.68958617721987	171.8957508265132	153.18811531160824	173.71795286094581	173.68714616258288	171.05520874214525	169.67244750824867	174.38479920779844	174.9052706108176	176.5754739185739	173.67274194926995	171.8760823029749	153.15722778019025	173.68714616258288	173.70796008810905
176.9319761018922	173.89897297752543	169.5319373418798	174.42517099679725	170.99173276710718	166.8990219370444	169.58090217520405	166.6669491385548	170.13226084933186	167.0151601987379	173.89897297752543	183.86196278669826	174.10368521079965	176.74943883157889	181.2129552762685	168.577385934771	171.2254184308669	168.30391365511198	173.80181584527185	168.6155202277602	169.5319373418798	174.10368521079965	178.20067405792955	174.41733279072776	181.01730750125213	172.07272728023628	172.63075611581803	171.7371926499479	175.98222103205754	172.1190467755641	174.42517099679725	176.74943883157889	174.41733279072776	180.89496375096846	180.2230615027173	172.49607019994758	173.6674642074552	172.16673518289622	178.9669461852642	172.52133903425792	170.99173276710718	181.2129552762685	181.01730750125213	180.2230615027173	191.52701579686226	176.06699310058448	176.64945959971828	175.75997206541993	179.05841399942898	176.11661625827145	166.8990219370444	168.577385934771	172.07272728023628	172.49607019994758	176.06699310058448	170.93789082746287	167.48167371148432	170.59151577171033	173.7458447366504	170.87609018168658	169.58090217520405	171.2254184308669	172.63075611581803	173.6674642074552	176.64945959971828	167.48167371148432	173.16265382375252	167.17987974685005	171.7811636901617	167.47009491907767	166.6669491385548	168.30391365511198	171.7371926499479	172.16673518289622	175.75997206541993	170.59151577171033	167.17987974685005	171.1107298157121	173.41663662628974	170.5340676062089	170.13226084933186	173.80181584527185	175.98222103205754	178.9669461852642	179.05841399942898	173.7458447366504	171.7811636901617	173.41663662628974	182.21715329708823	173.73042330459276	167.0151601987379	168.6155202277602	172.1190467755641	172.52133903425792	176.11661625827145	170.87609018168658	167.47009491907767	170.5340676062089	173.73042330459276	171.0900366417567
181.7135518609823	178.8008542153869	176.34377175503602	180.81113637575203	177.46599775443985	174.8421737407441	175.56974799421036	152.2019832147322	175.84559155021998	174.85663342094728	178.8008542153869	188.17833084465695	180.85391756008397	183.1736416033774	187.80238565066483	177.51497349675995	176.9608912482765	150.5252510561992	179.15351076881026	177.5223016910096	176.34377175503602	180.85391756008397	187.57596363175244	183.99726738733003	189.9551076295411	183.78765890906007	180.73486465874294	151.1605117069895	184.8880445197685	183.79470894869763	180.81113637575203	183.1736416033774	183.99726738733003	188.7428926764683	189.36663063673097	183.38489787812048	181.68143216551334	151.16422049602448	185.52906359282005	183.39144557054757	177.46599775443985	187.80238565066483	189.9551076295411	189.36663063673097	199.9316706489563	186.9133423656521	184.43781467996547	157.17030985339267	187.72286803613756	186.92051199285905	174.8421737407441	177.51497349675995	183.78765890906007	183.38489787812048	186.9133423656521	183.53600848008463	177.46547461529204	150.47007397938313	184.3322671620771	183.5312263568578	175.56974799421036	176.9608912482765	180.73486465874294	181.68143216551334	184.43781467996547	177.46547461529204	180.39931004926564	148.2144157318034	178.7818764522036	177.46782659487704	152.2019832147322	150.5252510561992	151.1605117069895	151.16422049602448	157.17030985339267	150.47007397938313	148.2144157318034	198.4362668425871	151.72248565282104	150.46346431973637	175.84559155021998	179.15351076881026	184.8880445197685	185.52906359282005	187.72286803613756	184.3322671620771	178.7818764522036	151.72248565282104	187.18070956854316	184.33467766776747	174.85663342094728	177.5223016910096	183.79470894869763	183.39144557054757	186.92051199285905	183.5312263568578	177.46782659487704	150.46346431973637	184.33467766776747	183.55442704919545
181.25419050175086	178.6720958715426	175.5606943734477	178.87767925869883	176.83740966061953	172.20570320194724	175.25208228745922	155.6780648385603	173.21545850372306	172.4705134406797	178.6720958715426	189.3180357389773	181.48954972303324	180.9750304691	188.35571305892427	174.54230394279946	177.87106444094672	154.99067977843032	176.1537835711732	174.6816136352692	175.5606943734477	181.48954972303324	188.09921777205219	181.05722965292307	190.14707797048433	180.47012368349235	181.06907535904554	156.64347026981991	181.61144344324325	180.64107492832326	178.87767925869883	180.9750304691	181.05722965292307	185.37034378811651	186.8850297304833	179.8609644520651	179.1612136514554	156.0260492007441	181.650259180666	179.90340624168408	176.83740966061953	188.35571305892427	190.14707797048433	186.8850297304833	200.02166050190598	183.89320746775596	184.64938042024124	162.19303749415698	184.79443140238018	184.06648413402746	172.20570320194724	174.54230394279946	180.47012368349235	179.8609644520651	183.89320746775596	180.4326504316244	174.01690121792274	155.75434194254154	181.04165603808553	180.32107963140905	175.25208228745922	177.87106444094672	181.06907535904554	179.1612136514554	184.64938042024124	174.01690121792274	181.26576368190933	152.9387019421465	175.38664666535476	174.08031517981223	155.6780648385603	154.99067977843032	156.64347026981991	156.0260492007441	162.19303749415698	155.75434194254154	152.9387019421465	191.19505523997506	156.67556324208627	155.55498928195104	173.21545850372306	176.1537835711732	181.61144344324325	181.650259180666	184.79443140238018	181.04165603808553	175.38664666535476	156.67556324208627	183.26482899248987	180.96519272658702	172.4705134406797	174.6816136352692	180.64107492832326	179.90340624168408	184.06648413402746	180.32107963140905	174.08031517981223	155.55498928195104	180.96519272658702	180.73459486524317
194.61590324926442	195.01852376804658	194.39365116225397	198.29599810160693	193.81281450371193	190.5914646955842	192.34531588482417	131.42519711158408	193.48388719773067	191.24649328385317	195.01852376804658	209.70791137883228	204.44333621815227	204.91355790278112	208.9548764903297	196.436897987773	198.97125278744016	127.42422158725992	201.37682320529206	196.95733235591604	194.39365116225397	204.44333621815227	214.86995336737303	208.27539929516072	214.32008380421763	206.8001692048083	205.2303349053812	121.1808448393805	209.86043153226538	207.3646367418648	198.29599810160693	204.91355790278112	208.27539929516072	213.9960675465035	211.35676850034733	206.5254639331717	204.06397234486315	121.85503643067936	211.78097185980923	206.89176563731849	193.81281450371193	208.9548764903297	214.32008380421763	211.35676850034733	221.8992497644499	207.8111681345518	206.39508289757902	129.59790951066427	210.10102820697927	208.34331275152297	190.5914646955842	196.436897987773	206.8001692048083	206.5254639331717	207.8111681345518	207.53044484508476	197.43858384619875	117.62811913306612	208.47913081842626	207.53111240175753	192.34531588482417	198.97125278744016	205.2303349053812	204.06397234486315	206.39508289757902	197.43858384619875	203.3051057116171	122.4269930733783	201.4373903389921	197.81699785080855	131.42519711158408	127.42422158725992	121.1808448393805	121.85503643067936	129.59790951066427	117.62811913306612	122.4269930733783	250.15534730639504	122.6389566586792	117.15273198334333	193.48388719773067	201.37682320529206	209.86043153226538	211.78097185980923	210.10102820697927	208.47913081842626	201.4373903389921	122.6389566586792	215.22463708056068	208.6734852705471	191.24649328385317	196.95733235591604	207.3646367418648	206.89176563731849	208.34331275152297	207.53111240175753	197.81699785080855	117.15273198334333	208.6734852705471	208.45045895403754
191.82643391422266	191.42994927365174	192.54749384851013	195.87666203429157	191.7594270308162	190.92417700018314	189.3782122387962	129.78846111396285	192.08354712872864	190.9512952629057	191.42994927365174	203.99635184684792	200.46806451069318	201.54587946550083	204.98003127875722	196.43002770996074	193.95522512981984	124.73220619839674	198.85923246188236	196.446634461201	192.54749384851013	200.46806451069318	210.48933932397546	206.34077139428996	210.44217575619768	205.93132286494264	201.34795309115884	120.16730897726579	207.64184368723284	205.95288964113826	195.87666203429157	201.54587946550083	206.34077139428996	210.8053607204391	209.04747395813652	205.8054689470201	201.22474187036266	120.49818630504775	209.0290859040529	205.82222789984445	191.7594270308162	204.98003127875722	210.44217575619768	209.04747395813652	218.09845458424448	206.88562653054478	202.63343895848075	128.68248882062423	207.87117179779838	206.90610603183194	190.92417700018314	196.43002770996074	205.93132286494264	205.8054689470201	206.88562653054478	206.11651366104851	197.26346462274554	118.4850395331092	207.06222619269738	206.1195099033278	189.3782122387962	193.95522512981984	201.34795309115884	201.22474187036266	202.63343895848075	197.26346462274554	198.7020618127866	120.2550434978423	199.1721953918721	197.27376440537708	129.78846111396285	124.73220619839674	120.16730897726579	120.49818630504775	128.68248882062423	118.4850395331092	120.2550434978423	247.20558294979278	121.7648802017275	118.45636666633493	192.08354712872864	198.85923246188236	207.64184368723284	209.0290859040529	207.87117179779838	207.06222619269738	199.1721953918721	121.7648802017275	211.95875899723862	207.07348377157152	190.9512952629057	196.446634461201	205.95288964113826	205.82222789984445	206.90610603183194	206.1195099033278	197.27376440537708	118.45636666633493	207.07348377157152	206.16832100521708
187.1450223033268	186.46541161351888	189.69502980831356	190.7698996900716	188.3447568349668	188.67711057862903	185.23466886580238	130.15835656609295	188.5172183094091	188.72930779705501	186.46541161351888	194.3623647875642	194.48488604701683	194.63546989848663	196.05750375933627	193.03664691550435	187.49138103094913	120.3067872467372	193.4160837099025	193.02491728368412	189.69502980831356	194.48488604701683	203.30879026538247	201.24088214949398	202.89230399579026	200.9994247007018	195.85213180111992	118.650559845162	201.5231056063782	201.02337881880322	190.7698996900716	194.63546989848663	201.24088214949398	202.82336064371597	202.40142335747544	200.89455367011402	195.51450667634083	118.78033361102756	201.59920810526688	200.90742328759984	188.3447568349668	196.05750375933627	202.89230399579026	202.40142335747544	206.77673216762534	201.6851941444411	195.8902225039326	123.65628502372455	201.898478203853	201.69868560274298	188.67711057862903	193.03664691550435	200.9994247007018	200.89455367011402	201.6851941444411	200.5336196127149	194.14148249856586	119.04808633720016	200.90870019604736	200.53101428602594	185.23466886580238	187.49138103094913	195.85213180111992	195.51450667634083	195.8902225039326	194.14148249856586	192.41280856574093	118.37172344730135	194.40403347896776	194.12056479698336	130.15835656609295	120.3067872467372	118.650559845162	118.78033361102756	123.65628502372455	119.04808633720016	118.37172344730135	237.52098325909628	120.24618258880963	118.91534919682685	188.5172183094091	193.4160837099025	201.5231056063782	201.59920810526688	201.898478203853	200.90870019604736	194.40403347896776	120.24618258880963	202.5403636224292	200.91143998386445	188.72930779705501	193.02491728368412	201.02337881880322	200.90742328759984	201.69868560274298	200.53101428602594	194.12056479698336	118.91534919682685	200.91143998386445	200.68173450665478
174.06889669778224	172.38275913000018	174.27885122694926	174.07241484776327	173.36170158814832	173.3070967779229	170.47151467962743	147.41082432414902	173.29884072914962	173.31560249390105	172.38275913000018	173.91658015839096	174.26692747609638	173.9421681950735	174.20353366129916	173.42098639457683	169.6953502200367	140.68340332207103	173.43909528990386	173.42510905494444	174.27885122694926	174.26692747609638	177.64044202916864	176.37163603072293	176.71754471570927	176.01912446092538	173.0029843048315	141.8675230780106	176.04183743050334	176.0253413386817	174.07241484776327	173.9421681950735	176.37163603072293	176.60995215941816	176.38264901263202	175.7638591764716	172.42114701901642	142.0051040491669	175.78554032487952	175.76898326821768	173.36170158814832	174.20353366129916	176.71754471570927	176.38264901263202	177.38849190577912	175.88680446180464	172.42884027526182	143.87074161185024	175.897869396046	175.8919821349386	173.3070967779229	173.42098639457683	176.01912446092538	175.7638591764716	175.88680446180464	175.32724440340908	171.77795391626995	142.3275266875094	175.33382429612172	175.32279651778572	170.47151467962743	169.6953502200367	173.0029843048315	172.42114701901642	172.42884027526182	171.77795391626995	170.67939869620574	140.12581516106908	171.78744859638883	171.77973588555915	147.41082432414902	140.68340332207103	141.8675230780106	142.0051040491669	143.87074161185024	142.3275266875094	140.12581516106908	191.3863065084351	142.395197710179	142.31978332542897	173.29884072914962	173.43909528990386	176.04183743050334	175.78554032487952	175.897869396046	175.33382429612172	171.78744859638883	142.395197710179	175.3959749263067	175.33868095784263	173.31560249390105	173.42510905494444	176.0253413386817	175.76898326821768	175.8919821349386	175.32279651778572	171.77973588555915	142.31978332542897	175.33868095784263	175.3427325433807
161.30748456426664	157.97567211701823	159.280291974815	159.2973775631388	159.28370256938464	158.67764144248912	157.77389970536944	158.53800957976947	158.69264245986557	158.597425067121	157.97567211701823	156.16852617074704	156.75389819924496	156.53816180617548	157.20186048303904	156.2382031240956	155.14951258493508	156.0753621131404	156.26150374716104	156.11609433200232	159.280291974815	156.75389819924496	158.86041212220488	157.80562042059807	158.65296184244983	157.70066806210764	156.7766085655122	157.53326743791422	157.72533192153017	157.5970591683568	159.2973775631388	156.53816180617548	157.80562042059807	158.27648124710856	158.4745683769971	157.51064429691377	156.5416248448444	157.3403183362827	157.53720440024478	157.39783162876645	159.28370256938464	157.20186048303904	158.65296184244983	158.4745683769971	159.5149198565776	158.09767077622075	157.0808920152148	157.9417709410151	158.11744894973367	157.99302921416788	158.67764144248912	156.2382031240956	157.70066806210764	157.51064429691377	158.09767077622075	157.22851965056796	156.17253161865645	157.05950021967985	157.24240133159313	157.10784943324467	157.77389970536944	155.14951258493508	156.7766085655122	156.5416248448444	157.0808920152148	156.17253161865645	155.86365513742714	156.01210562200052	156.19414048129823	156.05059907044782	158.53800957976947	156.0753621131404	157.53326743791422	157.3403183362827	157.9417709410151	157.05950021967985	156.01210562200052	157.29480495655045	157.08156174633464	156.9462198582921	158.69264245986557	156.26150374716104	157.72533192153017	157.53720440024478	158.11744894973367	157.24240133159313	156.19414048129823	157.08156174633464	157.28153607431443	157.12987217325895	158.597425067121	156.11609433200232	157.5970591683568	157.39783162876645	157.99302921416788	157.10784943324467	156.05059907044782	156.9462198582921	157.12987217325895	157.1135865503385
166.54384278831742	162.35139708164672	164.39560429836195	165.43462281163795	165.406677932812	163.95354144615632	162.5162689934195	163.6500954829875	163.9695613964982	163.95222211979458	162.35139708164672	162.80879924289144	161.55257812858898	161.98293437186507	164.2723068018209	160.8679958856893	158.764570264766	160.52353074900248	160.8930436591584	160.8548996476027	164.39560429836195	161.55257812858898	165.70992784970701	164.57499620562967	166.65337035865826	164.27267402880645	162.70527081011474	163.92436475229366	164.2942662027636	164.2676534474016	165.43462281163795	161.98293437186507	164.57499620562967	166.41803083213173	167.21034720236156	164.56179220103832	163.08471422161952	164.19179569268636	164.59135341254083	164.55452635669198	165.406677932812	164.2723068018209	166.65337035865826	167.21034720236156	170.3124303045598	165.97194438531346	164.34063637656163	165.65294282086927	165.987759430679	165.96779194831024	163.95354144615632	160.8679958856893	164.27267402880645	164.56179220103832	165.97194438531346	163.91028556973438	161.98823660169285	163.5612569299408	163.92148304200273	163.89408970865367	162.5162689934195	158.764570264766	162.70527081011474	163.08471422161952	164.34063637656163	161.98823660169285	162.01923757374436	161.64877018109254	162.0079830447772	161.97646840267856	163.6500954829875	160.52353074900248	163.92436475229366	164.19179569268636	165.65294282086927	163.5612569299408	161.64877018109254	164.0971192326917	163.5810390247976	163.55325777209055	163.9695613964982	160.8930436591584	164.2942662027636	164.59135341254083	165.987759430679	163.92148304200273	162.0079830447772	163.5810390247976	163.96336792508242	163.91376585261412	163.95222211979458	160.8548996476027	164.2676534474016	164.55452635669198	165.96779194831024	163.89408970865367	161.97646840267856	163.55325777209055	163.91376585261412	163.91623618976843
171.59289756012896	168.5237569882075	170.80446579838735	171.2573445210088	170.43740444788722	169.98690049986882	168.32032158115518	151.93183804650886	170.0053978006165	170.0046895531325	168.5237569882075	169.6871477772026	169.36165082067333	169.44817938408838	170.5200159322329	168.41934801348683	166.14626262471995	146.93841067669203	168.44608228558636	168.43405118471415	170.80446579838735	169.36165082067333	173.4522869938257	172.53586969314105	173.4519899675126	171.91686428301583	170.1450256576818	149.57541426729648	171.94105035763207	171.93249543985968	171.2573445210088	169.44817938408838	172.53586969314105	173.4777859713249	173.5277701298665	172.02010499005158	170.17080063718976	149.34648685317288	172.04567345373343	172.0348928778103	170.43740444788722	170.5200159322329	173.4519899675126	173.5277701298665	175.72912189007445	172.5240576308658	170.5687743873758	152.22164314067643	172.5433766214577	172.53854594365617	169.98690049986882	168.41934801348683	171.91686428301583	172.02010499005158	172.5240576308658	171.2598486977161	169.15345019431192	149.52541745951197	171.2613821196125	171.2528390478796	168.32032158115518	166.14626262471995	170.1450256576818	170.17080063718976	170.5687743873758	169.15345019431192	168.76643752271553	147.907131753136	169.1751750387801	169.1654766991841	151.93183804650886	146.93841067669203	149.57541426729648	149.34648685317288	152.22164314067643	149.52541745951197	147.907131753136	183.51729529257904	149.55125309677373	149.52789840455733	170.0053978006165	168.44608228558636	171.94105035763207	172.04567345373343	172.5433766214577	171.2613821196125	169.1751750387801	149.55125309677373	171.29603671894975	171.27568925620236	170.0046895531325	168.43405118471415	171.93249543985968	172.0348928778103	172.53854594365617	171.2528390478796	169.1654766991841	149.52789840455733	171.27568925620236	171.2824930747069
173.0065889516037	171.3365954115426	173.402503951244	172.42712053083287	171.96191713485223	171.96446922759722	169.73669258922317	147.22895762976424	171.96482652440596	171.88031875038845	171.3365954115426	173.82619070699747	174.76639868453293	173.85993999998962	175.00483187270163	173.58013597239437	170.62544261905026	139.72132545202032	173.59154381484146	172.97356181116467	173.402503951244	174.76639868453293	178.2084264816486	176.31121550526944	177.61431240229894	176.13228964651512	173.71894339417486	139.9613373935869	176.14603258661862	175.7301432892312	172.42712053083287	173.85993999998962	176.31121550526944	175.7976759267637	176.64025417737287	175.3444811946826	172.51887032491896	140.15060571111584	175.35679947251037	174.80812695285388	171.96191713485223	175.00483187270163	177.61431240229894	176.64025417737287	179.28521489248953	176.39132223836265	173.50147817972243	141.96270790209095	176.40132262420985	175.87148751786404	171.96446922759722	173.58013597239437	176.13228964651512	175.3444811946826	176.39132223836265	175.119932035893	172.1937393327413	140.15982460093375	175.12328783831825	174.55412484526653	169.73669258922317	170.62544261905026	173.71894339417486	172.51887032491896	173.50147817972243	172.1937393327413	171.2526847787223	139.06619887389857	172.20295435449506	171.49702820550903	147.22895762976424	139.72132545202032	139.9613373935869	140.15060571111584	141.96270790209095	140.15982460093375	139.06619887389857	197.9306093310166	140.17684367891692	139.32665831287594	171.96482652440596	173.59154381484146	176.14603258661862	175.35679947251037	176.40132262420985	175.12328783831825	172.20295435449506	140.17684367891692	175.14888421178387	174.56524647999115	171.88031875038845	172.97356181116467	175.7301432892312	174.80812695285388	175.87148751786404	174.55412484526653	171.49702820550903	139.32665831287594	174.56524647999115	175.12848954335797
185.80054711708632	185.40242983498163	190.26288004576654	189.90071082538063	187.95020216969255	189.32595602021232	184.23745843470138	128.49186420415322	189.27007476562906	189.85604697289196	185.40242983498163	196.15723007784777	196.84927264031464	195.7561833061885	200.13088057902726	195.31991008351497	188.68524924144123	121.54183625740323	195.33308142886116	194.96770813438116	190.26288004576654	196.84927264031464	205.39301512490928	203.28032715712766	206.6626042398226	203.22864252151243	197.45031816282903	117.80697290048862	203.29276880308458	203.4855408635203	189.90071082538063	195.7561833061885	203.28032715712766	203.30812697317864	205.24447484188042	202.82434767005049	196.17773909948775	117.7995130802484	202.88569305543933	202.8212122346695	187.95020216969255	200.13088057902726	206.6626042398226	205.24447484188042	214.01979564452796	204.9939903945733	198.52193654762567	126.18786346179799	204.9893890198701	205.1514371901146	189.32595602021232	195.31991008351497	203.22864252151243	202.82434767005049	204.9939903945733	202.76435472745052	195.8065970469441	117.85465608702414	202.80952573243522	202.70756467831512	184.23745843470138	188.68524924144123	197.45031816282903	196.17773909948775	198.52193654762567	195.8065970469441	193.15583540929316	118.51566638997699	195.81307967016855	195.27277901569298	128.49186420415322	121.54183625740323	117.80697290048862	117.7995130802484	126.18786346179799	117.85465608702414	118.51566638997699	245.4139975727402	117.99560299745578	115.96073616967278	189.27007476562906	195.33308142886116	203.29276880308458	202.88569305543933	204.9893890198701	202.80952573243522	195.81307967016855	117.99560299745578	203.0263750297486	202.75346708730854	189.85604697289196	194.96770813438116	203.4855408635203	202.8212122346695	205.1514371901146	202.70756467831512	195.27277901569298	115.96073616967278	202.75346708730854	204.94969085155375
187.87707229664076	187.04426189240544	191.47958593891858	192.49488007010808	189.49483661911472	191.14907057915713	186.00455656052657	128.36303427694088	191.17229175951996	191.17868804897972	187.04426189240544	198.09267490763548	197.46068167192107	197.74432720432506	201.7464846151454	196.60614306503177	189.18119202547246	121.70704760641217	196.64038678514567	196.63617700306085	191.47958593891858	197.46068167192107	207.0554628891541	205.7924837100164	208.44494635619552	206.02473862799087	198.78547742037836	117.4012607635437	206.05885744769327	206.0518613055434	192.49488007010808	197.74432720432506	205.7924837100164	206.75551587636113	208.05782000771796	205.77929554304674	198.7416725648451	117.24515088001759	205.81651062766198	205.80648065128045	189.49483661911472	201.7464846151454	208.44494635619552	208.05782000771796	216.56092305986826	207.62974200573817	200.10839873553493	126.5841145467451	207.65240848691943	207.6531360798781	191.14907057915713	196.60614306503177	206.02473862799087	205.77929554304674	207.62974200573817	206.04915627490107	197.9396513880385	117.12863380460195	206.0588891495928	206.05201854517094	186.00455656052657	189.18119202547246	198.78547742037836	198.7416725648451	200.10839873553493	197.9396513880385	194.73639785776268	117.46468039930916	197.9665917436103	197.96231470076785	128.36303427694088	121.70704760641217	117.4012607635437	117.24515088001759	126.5841145467451	117.12863380460195	117.46468039930916	244.97070523211312	117.14980198465314	117.1260063095176	191.17229175951996	196.64038678514567	206.05885744769327	205.81651062766198	207.65240848691943	206.0588891495928	197.9665917436103	117.14980198465314	206.11356679315796	206.0856086527125	191.17868804897972	196.63617700306085	206.0518613055434	205.80648065128045	207.6531360798781	206.05201854517094	197.96231470076785	117.1260063095176	206.0856086527125	206.0879598641939
192.01248772904333	190.49037682407803	190.53748377832076	195.33221771861287	190.6716695232671	190.00287563130394	188.52584013049943	128.7578405213022	190.02185089107132	190.02352341326522	190.49037682407803	200.91379624044805	196.42110892364985	199.84337171333624	202.52004915150115	195.11146609062533	191.39604979872666	122.16525597765312	195.1372251413919	195.12519772851275	190.53748377832076	196.42110892364985	206.42470199291571	204.48864166618625	207.5146244372907	204.85633312299905	198.4277715610947	117.57991545727764	204.87369692848532	204.8693531634688	195.33221771861287	199.84337171333624	204.48864166618625	208.46213801507525	208.37578166867266	204.34253355043302	200.38890986700676	117.5886042480084	204.37209145148563	204.35777000661136	190.6716695232671	202.52004915150115	207.5146244372907	208.37578166867266	216.36903431426927	206.2404094287455	200.94631369573932	126.91147019873924	206.25415965945155	206.25325369032467	190.00287563130394	195.11146609062533	204.85633312299905	204.34253355043302	206.2404094287455	204.7010592825976	197.21912122342917	117.21941661063472	204.70732636799335	204.70198109335396	188.52584013049943	191.39604979872666	198.4277715610947	200.38890986700676	200.94631369573932	197.21912122342917	196.39802637790467	117.79889221340449	197.23847144227994	197.2277252420205	128.7578405213022	122.16525597765312	117.57991545727764	117.5886042480084	126.91147019873924	117.21941661063472	117.79889221340449	244.98404934335645	117.23763440869632	117.2050638123323	190.02185089107132	195.1372251413919	204.87369692848532	204.37209145148563	206.25415965945155	204.70732636799335	197.23847144227994	117.23763440869632	204.74362231546962	204.7183839764746	190.02352341326522	195.12519772851275	204.8693531634688	204.35777000661136	206.25325369032467	204.70198109335396	197.2277252420205	117.2050638123323	204.7183839764746	204.73313059427437
187.62641116846754	185.59292906508352	185.41106580788403	190.12154227541086	186.26087859747895	184.78818580284533	184.2422578340357	135.50047260718026	184.85866749691917	184.80744677979732	185.59292906508352	193.77717243447987	187.54999165697086	191.9804442940404	194.01889983550416	186.07281586162003	185.01800667527772	130.88047816548897	186.18921251290035	186.07747998122818	185.41106580788403	187.54999165697086	193.11491898279186	193.7271571611222	194.86768901812644	191.15533453973816	189.66683400527495	130.01698177197414	191.2319524492036	191.16447548557574	190.12154227541086	191.9804442940404	193.7271571611222	199.08845910623387	198.07294873330324	193.30914109109048	192.4525581855743	129.2457528173606	193.46959764451427	193.3214477982806	186.26087859747895	194.01889983550416	194.86768901812644	198.07294873330324	203.65025080348107	193.3476190470458	192.25955278258067	138.29817273867013	193.4046345173053	193.35984121751991	184.78818580284533	186.07281586162003	191.15533453973816	193.30914109109048	193.3476190470458	190.38957471156394	188.5788921447445	129.67096131733544	190.45499366139293	190.38860044999075	184.2422578340357	185.01800667527772	189.66683400527495	192.4525581855743	192.25955278258067	188.5788921447445	188.78348071150066	129.0607009088249	188.65857402553345	188.58168760993675	135.50047260718026	130.88047816548897	130.01698177197414	129.2457528173606	138.29817273867013	129.67096131733544	129.0607009088249	226.1866445279402	129.7857283461682	129.64010582384606	184.85866749691917	186.18921251290035	191.2319524492036	193.46959764451427	193.4046345173053	190.45499366139293	188.65857402553345	129.7857283461682	190.67613958077308	190.4601401732686	184.80744677979732	186.07747998122818	191.16447548557574	193.3214477982806	193.35984121751991	190.38860044999075	188.58168760993675	129.64010582384606	190.4601401732686	190.43189877072427
210.48452005426898	210.56825599589123	210.69380932303594	213.44068714553782	210.22839277875804	193.16769872529883	207.84192064945591	135.16543850931527	206.74847531045376	210.55711779493473	210.56825599589123	210.9728664285127	211.07565342065254	213.75155792720278	210.62257283471186	193.42602483495833	208.0676509643704	134.72529210999642	207.19147540423012	210.93877694564497	210.69380932303594	211.07565342065254	212.10267590523145	213.80772785970862	210.78455614490898	193.87106035609355	208.7411968267486	134.4515550706896	207.76070762710305	211.06482860991335	213.44068714553782	213.75155792720278	213.80772785970862	222.79572215882797	213.5176667732045	200.1944579567943	213.18111087226282	134.6125284204485	217.43255084486174	213.7375899281028	210.22839277875804	210.62257283471186	210.78455614490898	213.5176667732045	210.79188094379222	193.45479062618145	207.95370108222784	135.6249930361929	206.7453196508095	210.61104597137552	193.16769872529883	193.42602483495833	193.87106035609355	200.1944579567943	193.45479062618145	193.132978818126	191.38153177626475	129.54405521357165	197.26414916661167	193.42928370857024	207.84192064945591	208.0676509643704	208.7411968267486	213.18111087226282	207.95370108222784	191.38153177626475	208.98006822409948	128.6938347891611	206.8029333965439	208.05939007866164	135.16543850931527	134.72529210999642	134.4515550706896	134.6125284204485	135.6249930361929	129.54405521357165	128.6938347891611	227.40292781916594	144.99894636764537	134.73451639609357	206.74847531045376	207.19147540423012	207.76070762710305	217.43255084486174	206.7453196508095	197.26414916661167	206.8029333965439	144.99894636764537	215.5453655010225	207.17547777454186	210.55711779493473	210.93877694564497	211.06482860991335	213.7375899281028	210.61104597137552	193.42928370857024	208.05939007866164	134.73451639609357	207.17547777454186	210.9348334940901
213.3344275949217	213.41353117314085	213.0729729308022	215.27577872896515	209.79386463044037	193.47011621983188	208.55666844790562	130.54965247015423	209.83655372247057	213.40890002260073	213.41353117314085	214.39291588582083	214.05029672776558	216.02232033421308	211.05303057694442	194.26049254062025	209.12418519412873	129.8680500305247	210.8482843308775	214.36905661845125	213.0729729308022	214.05029672776558	215.2606815948396	215.84710367223067	211.4243142332966	194.93239884961412	210.14150037793812	130.1900191990352	211.26467184810127	214.04548096700077	215.27577872896515	216.02232033421308	215.84710367223067	225.05457563568768	213.98505844739404	201.26846726459908	214.40766635672307	131.18960437491913	220.72770182417523	216.01396488446167	209.79386463044037	211.05303057694442	211.4243142332966	213.98505844739404	212.98297136332704	194.7252325563987	208.47155292226807	138.10888209829153	206.88538575591272	211.0416565888278	193.47011621983188	194.26049254062025	194.93239884961412	201.26846726459908	194.7252325563987	194.40560346957685	192.1504258710645	130.00076980169567	198.61874832118093	194.26348195945653	208.55666844790562	209.12418519412873	210.14150037793812	214.40766635672307	208.47155292226807	192.1504258710645	210.09701767162147	126.83106052299506	208.6890282977903	209.11821871306765	130.54965247015423	129.8680500305247	130.1900191990352	131.18960437491913	138.10888209829153	130.00076980169567	126.83106052299506	241.8324825549296	138.382571948276	129.8618742378132	209.83655372247057	210.8482843308775	211.26467184810127	220.72770182417523	206.88538575591272	198.61874832118093	208.6890282977903	138.382571948276	220.83444474021678	210.84120592329307	213.40890002260073	214.36905661845125	214.04548096700077	216.01396488446167	211.0416565888278	194.26348195945653	209.11821871306765	129.8618742378132	210.84120592329307	214.37208000569962
213.544812957734	213.92723607314613	213.85960616671352	215.64847869067694	210.1805259761912	193.85535361556217	209.01679036095845	129.76577431670768	210.5660495668806	213.9225496806271	213.92723607314613	220.374197279861	220.3143187680817	220.62764036146967	218.7725955765941	199.23686779380438	212.77481103540453	125.42330110506578	217.24133468126746	220.3533334470588	213.85960616671352	220.3143187680817	220.53076673839752	220.60494884997019	218.86193526221237	199.37222860368925	212.9528163758329	125.47737238899511	217.3202758112835	220.31652249938244	215.64847869067694	220.62764036146967	220.60494884997019	228.57901042182635	219.95322963786495	205.07350687558247	217.16055465453937	127.82235514547514	225.58445862823868	220.6227652645003	210.1805259761912	218.7725955765941	218.86193526221237	219.95322963786495	223.36063804560905	201.1056425962326	212.76150003382034	133.08645642777185	214.7034870957802	218.7675510465752	193.85535361556217	199.23686779380438	199.37222860368925	205.07350687558247	201.1056425962326	198.23499093482772	194.6146974184525	126.61022151600241	203.48744663782676	199.24564179404211	209.01679036095845	212.77481103540453	212.9528163758329	217.16055465453937	212.76150003382034	194.6146974184525	211.53343426986044	124.16535750811202	212.0612876913934	212.77286338576036	129.76577431670768	125.42330110506578	125.47737238899511	127.82235514547514	133.08645642777185	126.61022151600241	124.16535750811202	245.84927474247377	133.49427342164486	125.41181778144343	210.5660495668806	217.24133468126746	217.3202758112835	225.58445862823868	214.7034870957802	203.48744663782676	212.0612876913934	133.49427342164486	227.34017174686352	217.2404146706995	213.9225496806271	220.3533334470588	220.31652249938244	220.6227652645003	218.7675510465752	199.24564179404211	212.77286338576036	125.41181778144343	217.2404146706995	220.36233692560944
209.76089082492368	210.47918514371125	209.81074210676462	212.7632343117901	207.2048477755056	193.4340746724799	205.545178801062	130.38049861394353	207.83110949930975	209.83693322665172	210.47918514371125	222.0606732939588	220.3847371668944	221.37697293904768	221.55411963991992	202.24480042536973	211.68242103347103	122.858806456197	219.2908269670729	220.3168609780847	209.81074210676462	220.3847371668944	222.4515725392875	221.52424879493344	222.59717637217182	204.54182947830847	212.85732437686818	121.43115803712327	220.4875919800688	222.03361674736686	212.7632343117901	221.37697293904768	221.52424879493344	228.86347470769567	222.54903697074138	207.99209917552565	216.54789823848552	124.91431812659381	227.21007513330224	221.4938207529435	207.2048477755056	221.55411963991992	222.59717637217182	222.54903697074138	229.09089899405217	206.96891155722426	213.8008075438941	127.5916456365683	219.85682940588356	222.381904676291	193.4340746724799	202.24480042536973	204.54182947830847	207.99209917552565	206.96891155722426	202.92241952954862	197.2848793081787	122.26718957448254	208.22295925361993	204.35445638724957	205.545178801062	211.68242103347103	212.85732437686818	216.54789823848552	213.8008075438941	197.2848793081787	210.29711576657627	121.78079560617182	212.84331846137354	212.50514147889473	130.38049861394353	122.858806456197	121.43115803712327	124.91431812659381	127.5916456365683	122.26718957448254	121.78079560617182	248.25494748134594	129.29327261761955	121.33103579735061	207.83110949930975	219.2908269670729	220.4875919800688	227.21007513330224	219.85682940588356	208.22295925361993	212.84331846137354	129.29327261761955	230.85363822554388	220.30291045660456	209.83693322665172	220.3168609780847	222.03361674736686	221.4938207529435	222.381904676291	204.35445638724957	212.50514147889473	121.33103579735061	220.30291045660456	222.06347738184746
184.66271597729883	181.48207123951516	181.97426086508983	185.4479291155347	181.70071518594875	181.32596879968955	179.5896264152435	140.70591644867636	181.3995272581392	181.78934406708603	181.48207123951516	186.42599101910133	185.60029119210913	186.98693276913184	187.7406154444579	184.91862706194442	180.03336844470266	133.305441233916	185.06625201046575	184.6775131133228	181.97426086508983	185.60029119210913	190.7070443168888	189.1361017877936	191.1879583311587	188.76567859285305	183.97969935179867	133.26485376134266	188.90532628901246	188.71680420123272	185.4479291155347	186.98693276913184	189.1361017877936	192.70892589115397	191.55816045718112	189.17091560282162	185.50743291692368	132.89008518331974	189.4123869103956	189.15632583175585	181.70071518594875	187.7406154444579	191.1879583311587	191.55816045718112	195.49354784553734	190.41153625640166	185.08232342997292	136.96898376890027	190.51481191585975	190.3031620760266	181.32596879968955	184.91862706194442	188.76567859285305	189.17091560282162	190.41153625640166	188.48578508222187	182.6191167853273	133.75052542851626	188.60192285988842	188.26577458208206	179.5896264152435	180.03336844470266	183.97969935179867	185.50743291692368	185.08232342997292	182.6191167853273	182.6510129736591	131.7692870227215	182.75596778702703	182.24656266433462	140.70591644867636	133.305441233916	133.26485376134266	132.89008518331974	136.96898376890027	133.75052542851626	131.7692870227215	214.60915395724254	133.93640820884588	132.70897410460688	181.3995272581392	185.06625201046575	188.90532628901246	189.4123869103956	190.51481191585975	188.60192285988842	182.75596778702703	133.93640820884588	188.96436365185465	188.39161484144972	181.78934406708603	184.6775131133228	188.71680420123272	189.15632583175585	190.3031620760266	188.26577458208206	182.24656266433462	132.70897410460688	188.39161484144972	189.4427082756362
