92.79776336826362	63.43706121396138	63.61291898320125	30.660797960728324	63.563396346824206	65.65373983066668	71.29890889631972	63.43706121396138	94.18518557584464	94.11610255306657	42.278535436100036	94.1006752243441	95.68306784602241	78.25957542559684	63.61291898320125	94.11610255306657	94.89821008414978	41.643651457720885	94.74516989440718	96.45879407053596	79.04805464132932	30.660797960728324	42.278535436100036	41.643651457720885	102.23374146327944	41.734595658412104	41.404657715583795	45.524337216328576	63.563396346824206	94.1006752243441	94.74516989440718	41.734595658412104	94.74126462152023	96.34754806041508	78.945808475158	65.65373983066668	95.68306784602241	96.45879407053596	41.404657715583795	96.34754806041508	98.54085911318111	79.80718882732445	71.29890889631972	78.25957542559684	79.04805464132932	45.524337216328576	78.945808475158	79.80718882732445	77.94698944665302
85.69966230954165	71.37434624736387	72.65349684045569	28.920983248007342	72.65692141830245	74.67929938958488	72.67654913359617	71.37434624736387	76.8529884940969	76.27999296174718	46.46454419769399	76.26461417489087	76.86434967423806	76.25366734521819	72.65349684045569	76.27999296174718	83.93974875408152	39.5144455903113	83.91386175044929	84.90046155559406	83.90587360312281	28.920983248007342	46.46454419769399	39.5144455903113	105.20970151050628	39.5208620840779	39.2908405929726	39.52691440413797	72.65692141830245	76.26461417489087	83.91386175044929	39.5208620840779	83.93254331308928	84.88944898835328	83.90638236172481	74.67929938958488	76.86434967423806	84.90046155559406	39.2908405929726	84.88944898835328	86.26006310169167	84.87640233659842	72.67654913359617	76.25366734521819	83.90587360312281	39.52691440413797	83.90638236172481	84.87640233659842	83.90778207934905
73.75623703203965	73.37023515451551	73.66299164444044	42.7444804313193	73.26180718828277	74.42666769425254	73.65902818781865	73.37023515451551	73.61316014547404	73.41112770950184	43.51675486578117	73.04945296001699	74.13540791314443	73.40574880437072	73.66299164444044	73.41112770950184	73.71527639855266	42.82923038768657	73.30989411058097	74.46885426937881	73.70190363577541	42.7444804313193	43.51675486578117	42.82923038768657	85.20069523366932	41.77366836948076	43.49307055698128	42.86349014521178	73.26180718828277	73.04945296001699	73.30989411058097	41.77366836948076	73.88955856033894	74.32517533427992	73.30980218457735	74.42666769425254	74.13540791314443	74.46885426937881	43.49307055698128	74.32517533427992	75.53407272012474	74.45858763304987	73.65902818781865	73.40574880437072	73.70190363577541	42.86349014521178	73.30980218457735	74.45858763304987	73.71018600581534
59.75791227366609	59.541713479376256	59.4947115132633	59.14273481225827	59.51816544700345	60.24822376076462	59.544975879351085	59.541713479376256	59.89587984384245	59.82976604655126	59.47988612827671	59.85200234943796	60.55471248492443	59.87685322992091	59.4947115132633	59.82976604655126	59.80964987534928	59.4342669909647	59.80735828062403	60.52356444307569	59.832663172454104	59.14273481225827	59.47988612827671	59.4342669909647	59.98487306668947	59.45708964502683	60.16255395569394	59.48271510386752	59.51816544700345	59.85200234943796	59.80735828062403	59.45708964502683	59.84685987263554	60.53758860728489	59.854898915613596	60.24822376076462	60.55471248492443	60.52356444307569	60.16255395569394	60.53758860728489	61.43571418300166	60.55694571848368	59.544975879351085	59.87685322992091	59.832663172454104	59.48271510386752	59.854898915613596	60.55694571848368	59.89973836172852
62.409857106235435	62.40614549144117	62.21134186667604	59.09548896122082	62.30704002016624	63.33475808538129	62.31428238207908	62.40614549144117	63.394731919682165	62.418628062049095	59.44690884623451	62.48389694224462	63.43326200874054	62.48870413741239	62.21134186667604	62.418628062049095	62.40366908942557	59.060072625552124	62.298654509537876	63.46036575697779	62.30641139161144	59.09548896122082	59.44690884623451	59.060072625552124	63.573705119550496	59.18801404046698	60.18151464415903	59.19867443573645	62.30704002016624	62.48389694224462	62.298654509537876	59.18801404046698	62.39990866670509	63.41116048880075	62.39922092297155	63.33475808538129	63.43326200874054	63.46036575697779	60.18151464415903	63.41116048880075	64.83239633040404	63.413444555218945	62.31428238207908	62.48870413741239	62.30641139161144	59.19867443573645	62.39922092297155	63.413444555218945	62.42382939930148
69.60654982361498	53.27358297413957	53.20806107319566	53.109438669368984	53.23913713651074	54.58013527748389	57.46592217059501	53.27358297413957	67.07555789318678	67.03913756222832	66.91889137424374	67.04280012327557	67.41310962437186	65.08921659056593	53.20806107319566	67.03913756222832	67.07173696225527	66.92477740226411	67.04899884622178	67.4338271938975	65.10862341789931	53.109438669368984	66.91889137424374	66.92477740226411	67.12595039896298	66.92864233355495	67.29728957694672	64.9967651705962	53.23913713651074	67.04280012327557	67.04899884622178	66.92864233355495	67.0602486279245	67.42545148367225	65.10524874009896	54.58013527748389	67.41310962437186	67.4338271938975	67.29728957694672	67.42545148367225	68.12797044020331	65.37259351057905	57.46592217059501	65.08921659056593	65.10862341789931	64.9967651705962	65.10524874009896	65.37259351057905	66.53791104278804
86.83616788398419	58.143868332434344	58.13341111068846	39.57277012957467	55.956439917716544	59.28494525251761	65.87390547117286	58.143868332434344	80.69186256730059	80.64213292293205	55.44929385775058	79.47229413972046	81.29070130391918	71.1147030813997	58.13341111068846	80.64213292293205	80.70746946150967	55.409972207050316	79.53001369672624	81.35692876925616	71.19657847959644	39.57277012957467	55.44929385775058	55.409972207050316	86.60125723118185	54.785822438681826	55.44336918175058	54.253563108014724	55.956439917716544	79.47229413972046	79.53001369672624	54.785822438681826	82.58722355594101	81.23710541856921	71.71065828164161	59.28494525251761	81.29070130391918	81.35692876925616	55.44336918175058	81.23710541856921	82.70589716292285	71.79299797318139	65.87390547117286	71.1147030813997	71.19657847959644	54.253563108014724	71.71065828164161	71.79299797318139	72.77458099632135
78.46400838092178	53.664504258465556	53.64962110742409	48.28695742627273	51.6681294673835	54.5515695422448	60.97607874320677	53.664504258465556	70.85452745171565	70.83223816618225	64.5870994751861	70.17519900237005	71.22684326697674	66.02136706802729	53.64962110742409	70.83223816618225	70.84529794156272	64.58626392507732	70.17988642047308	71.23719256828998	66.03772077135679	48.28695742627273	64.5870994751861	64.58626392507732	73.10567346268586	64.01586732533923	64.85288516260316	61.418344520246514	51.6681294673835	70.17519900237005	70.17988642047308	64.01586732533923	72.18082603088656	71.1336663661538	66.25629670634734	54.5515695422448	71.22684326697674	71.23719256828998	64.85288516260316	71.1336663661538	72.09628298256636	66.3592355843177	60.97607874320677	66.02136706802729	66.03772077135679	61.418344520246514	66.25629670634734	66.3592355843177	68.6166455709456
64.06055261122714	60.224260968359125	60.19364364857911	51.04218592148509	60.04613712224409	60.40817231565604	61.68933700376377	60.224260968359125	64.8863187576946	64.82871948958702	56.096398217247966	64.73817959089178	64.97280932981785	64.80566531410247	60.19364364857911	64.82871948958702	64.82872845234687	56.065950952079675	64.7310856283749	64.96765510600397	64.81249724883148	51.04218592148509	56.096398217247966	56.065950952079675	69.67483010509586	55.97778361432407	56.18905690476328	56.94071231108383	60.04613712224409	64.73817959089178	64.7310856283749	55.97778361432407	64.75860165539032	64.88129816240006	64.75530000171966	60.40817231565604	64.97280932981785	64.96765510600397	56.18905690476328	64.88129816240006	65.16881486132338	64.91975253411321	61.68933700376377	64.80566531410247	64.81249724883148	56.94071231108383	64.75530000171966	64.91975253411321	66.5805004360322
60.11560698581118	59.846941207074856	59.796348067234504	59.81399142739668	59.47070211740694	60.21361483337452	61.042908086791165	59.846941207074856	60.10431642214987	60.04842442145363	60.064904559729825	59.730703433561715	60.45727652147318	61.1778331442678	59.796348067234504	60.04842442145363	60.034863851447454	60.01555006331516	59.6751141320698	60.4175851793341	61.15925492173856	59.81399142739668	60.064904559729825	60.01555006331516	60.11175306968879	59.69779098736304	60.42432058348204	61.15179519450106	59.47070211740694	59.730703433561715	59.6751141320698	59.69779098736304	59.81408442666183	60.142011468676145	61.01622989676601	60.21361483337452	60.45727652147318	60.4175851793341	60.42432058348204	60.142011468676145	60.9783070524679	61.408890921373725	61.042908086791165	61.1778331442678	61.15925492173856	61.15179519450106	61.01622989676601	61.408890921373725	64.42098288467332
62.463602433552396	61.06563700940306	60.98570926251407	57.02911653824728	60.86303175345293	61.413356435617835	62.88296286043356	61.06563700940306	62.169835518204316	62.088711392349346	58.07661624664426	61.973397823142086	62.493837156310605	63.18392824385415	60.98570926251407	62.088711392349346	62.07438740225688	58.00334931110794	61.89293580818018	62.43269930308329	63.18402920954255	57.02911653824728	58.07661624664426	58.00334931110794	64.62884071769368	57.90514175042076	58.354748540423344	60.00668666510843	60.86303175345293	61.973397823142086	61.89293580818018	57.90514175042076	62.04886053435518	62.32769947852477	63.16433253557493	61.413356435617835	62.493837156310605	62.43269930308329	58.354748540423344	62.32769947852477	62.97820416207492	63.33469980687781	62.88296286043356	63.18392824385415	63.18402920954255	60.00668666510843	63.16433253557493	63.33469980687781	67.54378278817089
62.02170976480723	61.062540597846386	60.970984675783534	60.97074307086157	60.038141030271305	61.566969414697	62.1751062831702	61.062540597846386	61.69867742953784	61.60362257545877	61.600840354544516	60.69935257445582	62.18208368846659	62.29500857134584	60.970984675783534	61.60362257545877	61.69573691780375	61.510866028357576	60.56071376966433	62.174690501096144	62.34966138132478	60.97074307086157	61.600840354544516	61.510866028357576	61.740655789351386	60.60919819071676	62.08731460564948	62.22895882080382	60.038141030271305	60.69935257445582	60.56071376966433	60.60919819071676	62.00865122749534	61.62997650196743	62.49147665049735	61.566969414697	62.18208368846659	62.174690501096144	62.08731460564948	61.62997650196743	63.12425909135598	62.60729737721961	62.1751062831702	62.29500857134584	62.34966138132478	62.22895882080382	62.49147665049735	62.60729737721961	67.23993949020034
61.726591369307926	61.70476978377007	61.54439307629969	61.650278167517335	60.28400602010314	62.122074319081705	62.126524247969975	61.70476978377007	61.72581430919925	61.559642624840066	61.66513840494834	60.300727043813325	62.136584851546466	62.129220643886576	61.54439307629969	61.559642624840066	61.801582923317454	61.50451032507506	59.99799268158065	62.17197291388532	62.21258135351431	61.650278167517335	61.66513840494834	61.50451032507506	61.7459862221963	60.24716069772961	62.08065449351318	62.089136856236024	60.28400602010314	60.300727043813325	59.99799268158065	60.24716069772961	62.360477274315976	61.43683380114056	62.180507746990706	62.122074319081705	62.136584851546466	62.17197291388532	62.08065449351318	61.43683380114056	63.17057373362528	62.54215076760424	62.126524247969975	62.129220643886576	62.21258135351431	62.089136856236024	62.180507746990706	62.54215076760424	66.46314821789136
62.70518058148388	62.58483511635656	62.34861072083224	59.19017964874408	61.77373295643116	63.04531429483847	63.13341505995004	62.58483511635656	62.6729589294198	62.43244292790501	59.27003107546895	61.86003417509239	63.12634795506295	63.15007484921626	62.34861072083224	62.43244292790501	62.59413932327919	59.026053434976646	61.524883217449066	63.05778757415864	63.24775016523348	59.19017964874408	59.27003107546895	59.026053434976646	64.50635676799767	58.53539215447623	59.64732633511816	60.59832878149159	61.77373295643116	61.86003417509239	61.524883217449066	58.53539215447623	62.776442730120934	62.59403020339451	63.209836177966125	63.04531429483847	63.12634795506295	63.05778757415864	59.64732633511816	62.59403020339451	64.00849867351448	63.47213857399617	63.13341505995004	63.15007484921626	63.24775016523348	60.59832878149159	63.209836177966125	63.47213857399617	67.8006013073636
59.719884527262465	59.33286881470795	59.14626557299152	59.26911718075901	59.27412807741236	59.50486778960017	60.9334187651713	59.33286881470795	59.70816330352902	59.5208551150415	59.638147821244566	59.644917488704515	59.86943632674804	61.1092004395276	59.14626557299152	59.5208551150415	59.44135394950539	59.45710528895042	59.46083365496468	59.70194372059058	61.04439003919744	59.26911718075901	59.638147821244566	59.45710528895042	59.73571860341793	59.58130240918965	59.80553989282204	61.05799004159158	59.27412807741236	59.644917488704515	59.46083365496468	59.58130240918965	59.65225374332988	59.81576661548472	61.08841467147727	59.50486778960017	59.86943632674804	59.70194372059058	59.80553989282204	59.81576661548472	60.11356455444301	61.209455193250655	60.9334187651713	61.1092004395276	61.04439003919744	61.05799004159158	61.08841467147727	61.209455193250655	64.83555950145349
61.85253687649984	61.83888488503636	61.53232545095773	61.64477566157852	60.90736686831494	62.3451602577123	62.33841259251826	61.83888488503636	61.85441746808817	61.541792847617195	61.653726740862865	60.916544119683266	62.3540037851127	62.33677722457086	61.53232545095773	61.541792847617195	62.41680890191561	61.34354659407355	60.52157824144786	62.777909132499	62.886704386095104	61.64477566157852	61.653726740862865	61.34354659407355	61.94690788064195	60.72767330518342	62.15089195548684	62.19827855208548	60.90736686831494	60.916544119683266	60.52157824144786	60.72767330518342	63.032462403637375	62.13699790136586	62.81128782234354	62.3451602577123	62.3540037851127	62.777909132499	62.15089195548684	62.13699790136586	63.92216307958008	63.06995072320814	62.33841259251826	62.33677722457086	62.886704386095104	62.19827855208548	62.81128782234354	63.06995072320814	67.99163593285164
62.030719737702505	62.02588199973715	61.768428849988304	61.92796592320282	60.46383784188292	62.42051846766874	62.23362066585185	62.02588199973715	62.04265531512933	61.77328889603689	61.93164727471526	60.467783184805285	62.42455702472354	62.2289744727383	61.768428849988304	61.77328889603689	62.753616964077416	61.671873680776955	60.15562394336652	62.98109887967298	62.815299980068446	61.92796592320282	61.93164727471526	61.671873680776955	62.076819843812395	60.37336829476493	62.3215822116564	62.16280602415186	60.46383784188292	60.467783184805285	60.15562394336652	60.37336829476493	64.34237505096198	62.273640081095486	63.10545322603742	62.42051846766874	62.42455702472354	62.98109887967298	62.3215822116564	62.273640081095486	64.17263993822364	63.14582481422342	62.23362066585185	62.2289744727383	62.815299980068446	62.16280602415186	63.10545322603742	63.14582481422342	67.94018849610771
61.489294235409126	61.3717006576749	61.25100860283935	59.8855433196838	60.934383786527576	61.84874563967924	62.5535436784676	61.3717006576749	61.46021943698351	61.33460719774117	59.96725657230937	61.019340246263624	61.92989436337473	62.569304160391894	61.25100860283935	61.33460719774117	61.36329949985129	59.84705101274847	60.87608488521685	61.86487120096872	62.599532209814505	59.8855433196838	59.96725657230937	59.84705101274847	62.30472784748952	59.54957395338784	60.410977737586016	61.44587773244019	60.934383786527576	61.019340246263624	60.87608488521685	59.54957395338784	61.38479676629908	61.611960650663335	62.59300536734638	61.84874563967924	61.92989436337473	61.86487120096872	60.410977737586016	61.611960650663335	62.693972945180136	62.79587382480103	62.5535436784676	62.569304160391894	62.599532209814505	61.44587773244019	62.59300536734638	62.79587382480103	67.34129179553209
70.51663139026061	70.2112620514774	70.18286981601207	42.54050989393837	69.92716325522622	70.53455261767647	69.97118657665277	70.2112620514774	70.50889409927134	70.47374077345086	42.78849081051257	70.22200241215988	70.82096220199946	70.08199584622326	70.18286981601207	70.47374077345086	70.46506115303995	42.757166834523176	70.19207090854957	70.79646853643182	70.07951793467144	42.54050989393837	42.78849081051257	42.757166834523176	87.24802495082218	42.629811987755986	42.88376143391837	47.72604241461545	69.92716325522622	70.22200241215988	70.19207090854957	42.629811987755986	70.22199312223336	70.56067317440265	69.99096016454554	70.53455261767647	70.82096220199946	70.79646853643182	42.88376143391837	70.56067317440265	71.24591538908699	70.26757983803365	69.97118657665277	70.08199584622326	70.07951793467144	47.72604241461545	69.99096016454554	70.26757983803365	72.72295232336076
72.9732689573188	72.95141983776978	72.94305792719796	37.73565913562646	72.6947898563799	73.15076987220321	72.48436150248097	72.95141983776978	72.97661518644966	72.94398604497083	37.78045755693034	72.69635480946549	73.15121289153744	72.47495646506528	72.94305792719796	72.94398604497083	72.94601468407149	37.72658320053634	72.68628131304445	73.14424957700271	72.48167151710773	37.73565913562646	37.78045755693034	37.72658320053634	91.72866438156434	37.52719545193981	37.83556858614364	41.96855180902348	72.6947898563799	72.69635480946549	72.68628131304445	37.52719545193981	72.67228430755108	72.90564385818506	72.34356589588283	73.15076987220321	73.15121289153744	73.14424957700271	37.83556858614364	72.90564385818506	73.4084459434736	72.6232547355046	72.48436150248097	72.47495646506528	72.48167151710773	41.96855180902348	72.34356589588283	72.6232547355046	74.0938974255161
73.72616667305165	71.7906009333827	73.62327097940789	35.37852042554715	73.4651971677244	73.88394205000075	73.70253768280601	71.7906009333827	74.07691598712347	71.74472738655447	42.001800018238924	71.62780956324599	71.90660322891667	71.43257626090539	73.62327097940789	71.74472738655447	73.57086715858188	35.31395078602389	73.36388316379933	73.79122754826318	73.61686976714816	35.37852042554715	42.001800018238924	35.31395078602389	96.83953710509022	35.210278211201285	35.42633960695912	36.37623999687283	73.4651971677244	71.62780956324599	73.36388316379933	35.210278211201285	73.4118227254509	73.63677396093436	73.4775248067687	73.88394205000075	71.90660322891667	73.79122754826318	35.42633960695912	73.63677396093436	74.09404359581178	73.85472994646828	73.70253768280601	71.43257626090539	73.61686976714816	36.37623999687283	73.4775248067687	73.85472994646828	74.47435910828547
72.99381610651552	72.97734217294469	72.95583984263786	39.51718326305583	72.48401713962036	73.17331065639871	72.86123458039614	72.97734217294469	72.99131567470731	72.95711082276875	39.552571462745526	72.48669478395091	73.17406235491886	72.86117725789634	72.95583984263786	72.95711082276875	72.95572456411496	39.46746688003513	72.45755202922814	73.15552805786372	72.84348242889293	39.51718326305583	39.552571462745526	39.46746688003513	85.3367588386621	38.6842683969334	39.70717433259957	40.30044919202776	72.48401713962036	72.48669478395091	72.45755202922814	38.6842683969334	72.47497276874087	72.71367864852968	72.41766116206638	73.17331065639871	73.17406235491886	73.15552805786372	39.70717433259957	72.71367864852968	73.43762211480757	73.0463520455198	72.86123458039614	72.86117725789634	72.84348242889293	40.30044919202776	72.41766116206638	73.0463520455198	73.16032454107392
69.85646859251857	69.83990711748349	69.8453455049745	50.024601478071155	67.5183318426608	70.0558389753985	69.40920634449253	69.83990711748349	69.8581233935638	69.84057737392179	50.04726266573694	67.52111533339689	70.05082015459644	69.40199496724158	69.8453455049745	69.84057737392179	69.86083016849716	50.01808631841358	67.50274349994896	70.05918312616693	69.41075639684485	50.024601478071155	50.04726266573694	50.01808631841358	79.40113266162916	46.878042978711775	50.04443229678037	50.77448327065255	67.5183318426608	67.52111533339689	67.50274349994896	46.878042978711775	68.14152333085094	68.2176450195701	67.65385532415196	70.0558389753985	70.05082015459644	70.05918312616693	50.04443229678037	68.2176450195701	70.52330828779418	69.6220175688633	69.40920634449253	69.40199496724158	69.41075639684485	50.77448327065255	67.65385532415196	69.6220175688633	70.06922553422673
65.9365554661793	61.35528569092672	61.35067060493557	59.06669099785638	58.119833142359596	61.564015217036584	62.182139206997405	61.35528569092672	64.1983915614897	64.1875236015507	61.872974250547315	61.65259954870551	64.39044814222802	63.24084865465427	61.35067060493557	64.1875236015507	64.19812638620775	61.86877241625161	61.639133256443756	64.39291759513102	63.24609218495763	59.06669099785638	61.872974250547315	61.86877241625161	65.264177052354	59.40063050713893	62.02979426712463	61.440584481520744	58.119833142359596	61.65259954870551	61.639133256443756	59.40063050713893	65.26677690022727	63.21403759333013	63.251557277069566	61.564015217036584	64.39044814222802	64.39291759513102	62.02979426712463	63.21403759333013	65.22659851989569	63.60801582414548	62.182139206997405	63.24084865465427	63.24609218495763	61.440584481520744	63.251557277069566	63.60801582414548	66.90118869565207
62.20535123969884	60.20199869592572	60.18543520756539	58.15773957686629	58.65460312844042	60.39625820564538	60.94274540462415	60.20199869592572	62.06315409092568	62.01705754062184	60.0386390933865	60.79481875511516	62.196136024185364	62.24684803906828	60.18543520756539	62.01705754062184	62.01340725264299	60.02479953940463	60.77728274011404	62.18771767751063	62.24601889639938	58.15773957686629	60.0386390933865	60.02479953940463	63.020576518752236	58.79053850148146	60.19642766108632	60.451201973915275	58.65460312844042	60.79481875511516	60.77728274011404	58.79053850148146	60.8823478151269	61.072350959858625	61.43901557542318	60.39625820564538	62.196136024185364	62.18771767751063	60.19642766108632	61.072350959858625	62.4766268178778	62.390931004896366	60.94274540462415	62.24684803906828	62.24601889639938	60.451201973915275	61.43901557542318	62.390931004896366	64.09792036259053
59.750359351991406	59.17438686037299	59.138147838131225	58.940308942219026	58.634617084991	59.29540271803722	60.559859080293286	59.17438686037299	59.779505831592225	59.73744394957523	59.53843953941119	59.26118201619916	59.887336498974285	60.90159246419268	59.138147838131225	59.73744394957523	59.722032322333426	59.50418655851634	59.22182414091308	59.85488842367644	60.88646194770281	58.940308942219026	59.53843953941119	59.50418655851634	59.89341896953607	59.028516180708046	59.653584360892864	60.702868590341815	58.634617084991	59.26118201619916	59.22182414091308	59.028516180708046	59.244204837347255	59.3963165779153	60.6431224977252	59.29540271803722	59.887336498974285	59.85488842367644	59.653584360892864	59.3963165779153	60.05556578833936	60.979857568718565	60.559859080293286	60.90159246419268	60.88646194770281	60.702868590341815	60.6431224977252	60.979857568718565	64.05739314080932
63.663725538554665	63.6486826825287	63.4671084542534	53.55976020238019	63.381241427816484	63.83687905645534	64.41731062385622	63.6486826825287	63.669225373282515	63.480965202383224	53.57616069999506	63.39514502188261	63.85019790268109	64.42112456322327	63.4671084542534	63.480965202383224	63.408802188540896	53.395269083850934	63.19927376063811	63.68345633579189	64.36291813565732	53.55976020238019	53.57616069999506	53.395269083850934	69.52046889688137	53.34426766198975	53.70853547439102	56.05662219769919	63.381241427816484	63.39514502188261	63.19927376063811	53.34426766198975	63.423062568582544	63.598122506181255	64.32010439826223	63.83687905645534	63.85019790268109	63.68345633579189	53.70853547439102	63.598122506181255	64.12025081365206	64.5376969821708	64.41731062385622	64.42112456322327	64.36291813565732	56.05662219769919	64.32010439826223	64.5376969821708	67.73322738650899
61.694463314563365	61.68764803448204	61.50691847303676	55.89246760213472	61.54433870657962	61.91244269321988	62.468892802714855	61.68764803448204	61.70596040883729	61.5167410869313	55.90496541092545	61.55402211581507	61.92163930150364	62.47325864261607	61.50691847303676	61.5167410869313	61.432620613627044	55.71012763382434	61.36587264521038	61.75761494197093	62.371230167155026	55.89246760213472	55.90496541092545	55.71012763382434	64.59452561137454	55.759790494372794	56.103677029332005	57.34826465614247	61.54433870657962	61.55402211581507	61.36587264521038	55.759790494372794	61.5589414564143	61.78821324367641	62.38906008343162	61.91244269321988	61.92163930150364	61.75761494197093	56.103677029332005	61.78821324367641	62.237517297637126	62.63872213099672	62.468892802714855	62.47325864261607	62.371230167155026	57.34826465614247	62.38906008343162	62.63872213099672	64.95063080766647
60.57477604305732	60.218769167248404	60.122376566384304	58.38389474850065	60.09132390129775	60.57414340059757	61.38098190685553	60.218769167248404	60.578818602422	60.47998323210023	58.74206750999552	60.44997484869519	60.91857582387704	61.58331937824742	60.122376566384304	60.47998323210023	60.447080140583786	58.646773317738614	60.35329517032382	60.84089862562835	61.54194833721677	58.38389474850065	58.74206750999552	58.646773317738614	61.51562033000128	58.61939247856912	59.0737690455217	60.00687304903672	60.09132390129775	60.44997484869519	60.35329517032382	58.61939247856912	60.47190066775816	60.81042782332626	61.524003651477074	60.57414340059757	60.91857582387704	60.84089862562835	59.0737690455217	60.81042782332626	61.40606301655462	61.812291319486896	61.38098190685553	61.58331937824742	61.54194833721677	60.00687304903672	61.524003651477074	61.812291319486896	64.60004790472377
62.53249398323459	62.562482189366726	62.4991948658426	59.071883863831694	60.21304653678566	62.57199487257875	62.546752876270745	62.562482189366726	63.56413055346379	62.577502642170835	59.34029204965411	60.51736922548996	62.645234122854	62.57366734215105	62.4991948658426	62.577502642170835	62.52125619727967	59.08866201076984	60.229114651114536	62.588162934029874	62.56145291766223	59.071883863831694	59.34029204965411	59.08866201076984	64.17377099091404	56.72820348863244	59.1539099713928	59.22856999394436	60.21304653678566	60.51736922548996	60.229114651114536	56.72820348863244	59.71939144224365	60.412329736110294	60.50206355204462	62.57199487257875	62.645234122854	62.588162934029874	59.1539099713928	60.412329736110294	62.725839639685404	62.6315347620265	62.546752876270745	62.57366734215105	62.56145291766223	59.22856999394436	60.50206355204462	62.6315347620265	63.12339226586809
74.76083898925815	70.25992519308585	73.22557230175201	32.05703178834709	72.60293659511075	73.29655397930523	73.38275045877879	70.25992519308585	75.3635255499129	71.2461584358052	46.09438000416627	71.04453961836465	71.26834306509406	70.89243762543255	73.22557230175201	71.2461584358052	75.99783819487793	33.0057982791438	75.43392833332348	76.05452812610287	76.03002528613796	32.05703178834709	46.09438000416627	33.0057982791438	107.63261861650963	32.9760769690899	32.99407182411956	33.24124355170805	72.60293659511075	71.04453961836465	75.43392833332348	32.9760769690899	75.26439083907265	75.50465510160646	75.50143163376858	73.29655397930523	71.26834306509406	76.05452812610287	32.99407182411956	75.50465510160646	76.13121164719257	76.09448846656456	73.38275045877879	70.89243762543255	76.03002528613796	33.24124355170805	75.50143163376858	76.09448846656456	76.56802140208087
60.34050741163867	59.949712118828266	59.920166964512035	57.57164260505589	59.282431668347186	60.056740665930505	60.86410335824796	59.949712118828266	60.411780197316546	60.37441845708433	58.03714740385951	59.76643902281692	60.50558508294867	61.17828435470393	59.920166964512035	60.37441845708433	60.360521013666244	58.0072582196844	59.733207359597685	60.47876268463276	61.1617656456596	57.57164260505589	58.03714740385951	58.0072582196844	61.55913259814841	57.39753172457572	58.13538410249486	59.055545016783434	59.282431668347186	59.76643902281692	59.733207359597685	57.39753172457572	59.679789526652314	59.88960585622882	60.762153615067795	60.056740665930505	60.50558508294867	60.47876268463276	58.13538410249486	59.88960585622882	60.65353277105726	61.25833594192849	60.86410335824796	61.17828435470393	61.1617656456596	59.055545016783434	60.762153615067795	61.25833594192849	63.48374285396472
89.93483080187379	57.41789460840252	55.459098440341776	44.430495405535204	44.451827256264316	53.995523047220644	61.62489354991422	57.41789460840252	86.02397832573033	77.1808834379417	64.94274094383707	64.9711567935849	74.43504273537374	59.938195147752204	55.459098440341776	77.1808834379417	80.90958878004457	65.33134958725478	65.37803416497921	77.48957820157787	66.27269242472111	44.430495405535204	64.94274094383707	65.33134958725478	72.44704997190654	72.39346893007212	68.04125539264344	62.981549092846976	44.451827256264316	64.9711567935849	65.37803416497921	72.39346893007212	72.45194772115805	68.09343713831936	63.02192380975592	53.995523047220644	74.43504273537374	77.48957820157787	68.04125539264344	68.09343713831936	76.24208430786065	65.7443738996639	61.62489354991422	59.938195147752204	66.27269242472111	62.981549092846976	63.02192380975592	65.7443738996639	71.23287955554231
90.09961235741505	57.63180236806137	55.81102307605441	44.02767916840095	44.88550118904449	54.38681949530178	61.92838137568975	57.63180236806137	86.30959296358992	77.64845505612492	64.40910022831223	65.55193974319758	74.95631670588003	60.33996806530021	55.81102307605441	77.64845505612492	81.67651130975683	64.4543035984728	66.33185317976582	78.34489095917058	66.93329621770722	44.02767916840095	64.40910022831223	64.4543035984728	73.45323911144513	71.2983545032959	67.06195398645588	62.223376419657164	44.88550118904449	65.55193974319758	66.33185317976582	71.2983545032959	73.65034077529162	69.16061789021181	63.847139145024435	54.38681949530178	74.95631670588003	78.34489095917058	67.06195398645588	69.16061789021181	77.19694727572859	66.48209796180264	61.92838137568975	60.33996806530021	66.93329621770722	62.223376419657164	63.847139145024435	66.48209796180264	71.80424180121881
89.93005256236876	57.41438568949268	55.455391101088914	44.429589340552674	44.45993603150603	53.995038238019696	61.62623979090348	57.41438568949268	86.02050023710083	77.17809759999611	64.94004651868482	64.98046781630569	74.43559496807468	59.94108924297132	55.455391101088914	77.17809759999611	80.90809280457205	65.32583426817077	65.39224063312369	77.49250735115378	66.27774530037536	44.429589340552674	64.94004651868482	65.32583426817077	72.45604449163596	72.37983186187451	68.03314685226695	62.97439092831998	44.45993603150603	64.98046781630569	65.39224063312369	72.37983186187451	72.46300403044093	68.10736946994088	63.03181827125387	53.995038238019696	74.43559496807468	77.49250735115378	68.03314685226695	68.10736946994088	76.24828546874978	65.75104370786839	61.62623979090348	59.94108924297132	66.27774530037536	62.97439092831998	63.03181827125387	65.75104370786839	71.23837399601426
62.21604988929	60.71542637179729	60.617175089678554	53.26376630043997	60.69832473701971	60.811983350802265	61.97796883355434	60.71542637179729	62.57729247059753	62.47698684043754	55.22182168256868	62.544656000991665	62.642562747053695	63.17268427376975	60.617175089678554	62.47698684043754	62.43518774388275	55.129903172395345	62.464240513486715	62.56496743995925	63.129632974051056	53.26376630043997	55.22182168256868	55.129903172395345	66.45633927167434	55.20212494535046	55.28902543119496	56.65983833849719	60.69832473701971	62.544656000991665	62.464240513486715	55.20212494535046	62.542612589945755	62.63061380602924	63.1693725993486	60.811983350802265	62.642562747053695	62.56496743995925	55.28902543119496	62.63061380602924	62.76126427078319	63.23881146231874	61.97796883355434	63.17268427376975	63.129632974051056	56.65983833849719	63.1693725993486	63.23881146231874	65.52668584748439
73.19183635050868	72.57111475105276	72.40443582229335	36.92148550895623	72.55303252476519	72.73495621331392	72.00869183826971	72.57111475105276	73.27011275493221	73.09716100441568	37.264223424854364	73.24365969357385	73.42338961007944	72.20793895448675	72.40443582229335	73.09716100441568	73.01335533241253	37.19709359793595	73.07889990333337	73.26502411968907	72.18433456379599	36.92148550895623	37.264223424854364	37.19709359793595	98.31154193709693	37.253414801957	37.25280748416275	44.50697394395657	72.55303252476519	73.24365969357385	73.07889990333337	37.253414801957	73.24415787705514	73.40627776312233	72.20897632151504	72.73495621331392	73.42338961007944	73.26502411968907	37.25280748416275	73.40627776312233	73.6339918318222	72.29609903746213	72.00869183826971	72.20793895448675	72.18433456379599	44.50697394395657	72.20897632151504	72.29609903746213	75.00649228218171
68.82298646369016	67.70077735914126	67.35685965751192	47.17452394020111	67.69607133912827	68.09833833519735	67.86463848011353	67.70077735914126	68.70626567320917	68.357690288569	47.837826654877155	68.68997249930106	69.08315554265535	68.08219599778332	67.35685965751192	68.357690288569	68.26946515633242	47.61313371223672	68.35251083727303	68.80515858607922	68.10274186671339	47.17452394020111	47.837826654877155	47.61313371223672	81.85435421895797	47.8287572000939	47.925376836258316	52.495668493422414	67.69607133912827	68.68997249930106	68.35251083727303	47.8287572000939	68.69496846181488	69.07971736847767	68.08899811242895	68.09833833519735	69.08315554265535	68.80515858607922	47.925376836258316	69.07971736847767	69.64308173856374	68.28705352135827	67.86463848011353	68.08219599778332	68.10274186671339	52.495668493422414	68.08899811242895	68.28705352135827	71.82198755310272
61.05979309796801	59.95972137707486	59.92592759195491	56.628141271253554	59.91602134637764	60.01223350135237	62.33056055328685	59.95972137707486	60.92734711404912	60.88201379402891	57.54601000881285	60.87266821605194	60.96425889837806	62.60749944062722	59.92592759195491	60.88201379402891	60.86721340413883	57.51416558091363	60.84054050628209	60.93309781773945	62.607542257235906	56.628141271253554	57.54601000881285	57.51416558091363	63.18879203358115	57.506767017786466	57.58835807577145	59.93495271205723	59.91602134637764	60.87266821605194	60.84054050628209	57.506767017786466	60.87414350878163	60.923765049701395	62.60464356617135	60.01223350135237	60.96425889837806	60.93309781773945	57.58835807577145	60.923765049701395	61.03642590181341	62.63469931928808	62.33056055328685	62.60749944062722	62.607542257235906	59.93495271205723	62.60464356617135	62.63469931928808	67.13958835561462
60.44946545437284	59.34726510622409	59.30736557700504	57.04792017998318	59.26166491684414	59.39527018594564	61.483762100307025	59.34726510622409	60.430801274139014	60.3822449744432	58.1089246729224	60.33994791664747	60.46422257421355	61.92822031959164	59.30736557700504	60.3822449744432	60.36400923479539	58.07181227340342	60.302577114238545	60.428255750703535	61.920382746595834	57.04792017998318	58.1089246729224	58.07181227340342	61.862245492822055	58.03214998482182	58.149914930441206	60.02855281254667	59.26166491684414	60.33994791664747	60.302577114238545	58.03214998482182	60.33911305921927	60.38639109115481	61.90523503936296	59.39527018594564	60.46422257421355	60.428255750703535	58.149914930441206	60.38639109115481	60.5290234439931	61.95596316984897	61.483762100307025	61.92822031959164	61.920382746595834	60.02855281254667	61.90523503936296	61.95596316984897	65.9206149185997
62.572443463576136	62.060876393326396	61.98035937664202	59.828319750899944	60.68633745556188	62.44128956851202	62.766280142455024	62.060876393326396	62.409191744134354	62.32424596100081	60.16008537422054	61.049176885236506	62.7783923154541	62.82827504989979	61.98035937664202	62.32424596100081	62.38385043861079	60.078990169115855	60.90856651034814	62.747145477353804	62.863848980558615	59.828319750899944	60.16008537422054	60.078990169115855	63.59669618272961	58.894891617235025	60.49223811401504	61.18661714287526	60.68633745556188	61.049176885236506	60.90856651034814	58.894891617235025	62.32568592584497	61.83885533110556	62.99263945385993	62.44128956851202	62.7783923154541	62.747145477353804	60.49223811401504	61.83885533110556	63.51249237605294	63.08286575312569	62.766280142455024	62.82827504989979	62.863848980558615	61.18661714287526	62.99263945385993	63.08286575312569	67.75402297107053
65.5749778038603	64.76601424097566	64.70069443454577	47.647862310397436	64.74668793894749	64.82207883063194	65.5207907983912	64.76601424097566	65.74446163977723	65.6638156476855	48.75139105236018	65.70544591175644	65.77513489459852	66.12980431575595	64.70069443454577	65.6638156476855	65.63317036518836	48.66718866490353	65.64736170913747	65.7183624966226	66.10178984503278	47.647862310397436	48.75139105236018	48.66718866490353	74.66320481266561	48.71622392725112	48.77208225123004	51.070617103280455	64.74668793894749	65.70544591175644	65.64736170913747	48.71622392725112	65.70465348226138	65.75939065012176	66.12587731881304	64.82207883063194	65.77513489459852	65.7183624966226	48.77208225123004	65.75939065012176	65.8465101988354	66.174547691581	65.5207907983912	66.12980431575595	66.10178984503278	51.070617103280455	66.12587731881304	66.174547691581	68.2546022371312
64.16247098543055	63.343749867908336	63.23249614851523	51.05475271833386	63.304236653510515	63.407158578702116	64.60030037258916	63.343749867908336	64.18446064587454	64.07108473338478	51.86272287578769	64.1385895684365	64.23624895380354	64.98066116591013	63.23249614851523	64.07108473338478	64.01860552407827	51.76074071341296	64.0331538443583	64.13389354795545	64.94528494362194	51.05475271833386	51.86272287578769	51.76074071341296	71.69398388817041	51.82781844326795	51.89952616528755	54.718682628803144	63.304236653510515	64.1385895684365	64.0331538443583	51.82781844326795	64.13739563876959	64.19994415998559	64.96879967694719	63.407158578702116	64.23624895380354	64.13389354795545	51.89952616528755	64.19994415998559	64.31984698318716	65.0195360013107	64.60030037258916	64.98066116591013	64.94528494362194	54.718682628803144	64.96879967694719	65.0195360013107	68.25181446826055
69.20467706785928	68.37233085658687	68.27885844107598	42.45483396356538	68.3498753830869	68.40950900007418	68.82654229505354	68.37233085658687	69.28385812773692	69.16800365652517	43.354375754380804	69.23414967384332	69.29049830764275	69.25623085768099	68.27885844107598	69.16800365652517	69.12541126705946	43.24169804083447	69.1479928344848	69.2057401631719	69.23261322192039	42.45483396356538	43.354375754380804	43.24169804083447	84.82928619466348	43.30722781660851	43.3392632156607	47.35328745183277	68.3498753830869	69.23414967384332	69.1479928344848	43.30722781660851	69.23807283938888	69.27152089287259	69.25984279077846	68.40950900007418	69.29049830764275	69.2057401631719	43.3392632156607	69.27152089287259	69.33748785626346	69.29160121009015	68.82654229505354	69.25623085768099	69.23261322192039	47.35328745183277	69.25984279077846	69.29160121009015	71.68979625684184
61.90582179285676	61.8936223590811	61.763463931507154	55.83684721783915	61.59515573235871	62.114670776892915	62.68649188792619	61.8936223590811	61.914978184349366	61.777801392039706	55.85369048267671	61.60975266480649	62.12838912127603	62.69361388120657	61.763463931507154	61.777801392039706	61.72192783234876	55.71371989012171	61.468047030529455	62.01054020080086	62.62531830159527	55.83684721783915	55.85369048267671	55.71371989012171	64.99394698447693	55.55769393929035	56.04660572529433	57.389986003074725	61.59515573235871	61.60975266480649	61.468047030529455	55.55769393929035	61.61873608377586	61.85075282138854	62.52629407335718	62.114670776892915	62.12838912127603	62.01054020080086	56.04660572529433	61.85075282138854	62.44085036943764	62.851747407674125	62.68649188792619	62.69361388120657	62.62531830159527	57.389986003074725	62.52629407335718	62.851747407674125	65.31064494545215
