66.83853781056038	63.00626987580278	62.21278526105032	57.73054593683134	58.62629984187609	62.323948506879915	62.216549932336314	63.00626987580278	70.77129066697921	63.70709560172868	61.194809994134204	63.472830272877786	63.83589044519165	63.692815174290565	62.21278526105032	63.70709560172868	65.00228970318875	60.31457737505849	62.46889823164108	65.13013817396768	64.99446402422225	57.73054593683134	61.194809994134204	60.31457737505849	67.35447620789117	58.08856776186023	60.389444232799335	60.315629082453626	58.62629984187609	63.472830272877786	62.46889823164108	58.08856776186023	64.0393373139844	63.24975427602509	62.48350854885201	62.323948506879915	63.83589044519165	65.13013817396768	60.389444232799335	63.24975427602509	65.57902232978064	65.12969744707075	62.216549932336314	63.692815174290565	64.99446402422225	60.315629082453626	62.48350854885201	65.12969744707075	65.00738559290214
94.85955596699631	65.0132126823418	65.18284002901692	32.278652649407455	57.93902813365058	65.23048018012798	69.79199461422553	65.0132126823418	95.35363098146809	95.20369410548133	44.53260837973161	87.872107607609	94.70113745421416	76.31125891904652	65.18284002901692	95.20369410548133	96.0687375719167	43.81338504020404	88.72035782562114	95.60748437460494	77.25696358948278	32.278652649407455	44.53260837973161	43.81338504020404	100.57467525342881	41.80683197818108	43.010489763810156	46.13590977413266	57.93902813365058	87.872107607609	88.72035782562114	41.80683197818108	105.33366682721646	95.14308289432695	80.88238751311576	65.23048018012798	94.70113745421416	95.60748437460494	43.010489763810156	95.14308289432695	97.65960833908059	79.10621195817863	69.79199461422553	76.31125891904652	77.25696358948278	46.13590977413266	80.88238751311576	79.10621195817863	78.15305123572922
85.98611564431546	52.446976003229175	52.437900074908086	44.41923765769568	50.67161164544497	53.61662465596025	63.61854080156224	52.446976003229175	76.13495490265561	76.09728677039939	63.55658656605529	74.63056548513151	76.6273601476174	66.65281894456444	52.437900074908086	76.09728677039939	76.11773966702147	63.549627500576754	74.64671774632887	76.64793568136464	66.68775340228125	44.41923765769568	63.55658656605529	63.549627500576754	77.79809570521047	62.46370186400824	63.74675980857449	58.987406545941994	50.67161164544497	74.63056548513151	74.64671774632887	62.46370186400824	79.21317137184221	76.87121081516247	67.83709601248583	53.61662465596025	76.6273601476174	76.64793568136464	63.74675980857449	76.87121081516247	78.1465230922601	67.37630070819091	63.61854080156224	66.65281894456444	66.68775340228125	58.987406545941994	67.83709601248583	67.37630070819091	70.37715046235061
57.74475133163478	57.51722031086798	57.10380194247066	56.890803106908315	57.17993491996333	57.25351615026716	57.305044580515684	57.51722031086798	59.56835810376247	58.698871229848294	58.486020022362986	58.7596731427945	58.82116364017823	58.84303273019853	57.10380194247066	58.698871229848294	58.396943105411296	58.15047778703231	58.43409732430224	58.500461245340965	58.53165157465927	56.890803106908315	58.486020022362986	58.15047778703231	58.64481430085033	58.21718110994333	58.282230895352065	58.31487229346666	57.17993491996333	58.7596731427945	58.43409732430224	58.21718110994333	58.5109731298116	58.565809994074854	58.59639720131452	57.25351615026716	58.82116364017823	58.500461245340965	58.282230895352065	58.565809994074854	58.64693943515113	58.6601781173854	57.305044580515684	58.84303273019853	58.53165157465927	58.31487229346666	58.59639720131452	58.6601781173854	58.81440367532011
71.11570499046053	68.3541539958907	69.82316815377192	37.27718766431275	69.69212155289406	69.94692302676737	69.90143893684069	68.3541539958907	74.1613850868495	68.96451114799676	50.02821637048601	68.91815784016427	68.98646192016923	68.95854147695269	69.82316815377192	68.96451114799676	72.01640857804506	38.12352560544737	71.8741765752486	72.10846939105643	72.06326775063218	37.27718766431275	50.02821637048601	38.12352560544737	98.77899905453614	38.09483109485859	38.11578125542495	38.12388361045168	69.69212155289406	68.91815784016427	71.8741765752486	38.09483109485859	71.88838894566751	71.99344611603122	71.9477785756814	69.94692302676737	68.98646192016923	72.10846939105643	38.11578125542495	71.99344611603122	72.23734625967155	72.17985283450827	69.90143893684069	68.95854147695269	72.06326775063218	38.12388361045168	71.9477785756814	72.17985283450827	72.14830422932924
76.9735173308261	68.51021262273737	67.30990179786193	30.13924006670636	67.02963479444082	67.45721008708576	67.35984997718984	68.51021262273737	76.27408708366458	74.49494934568695	47.665792801051225	74.46123183102534	74.52532800537013	74.4779418318391	67.30990179786193	74.49494934568695	88.08970914974319	35.31984626148497	87.98069085904085	88.16953632235598	88.08881331441773	30.13924006670636	47.665792801051225	35.31984626148497	110.18579348442347	35.34532618545428	35.281576432910654	35.313136563048594	67.02963479444082	74.46123183102534	87.98069085904085	35.34532618545428	88.03841649478655	88.07349614964424	87.9912050124724	67.45721008708576	74.52532800537013	88.16953632235598	35.281576432910654	88.07349614964424	88.28193769050691	88.17885942774414	67.35984997718984	74.4779418318391	88.08881331441773	35.313136563048594	87.9912050124724	88.17885942774414	88.11596090573057
76.06892631526381	68.69672797613843	68.00014266395486	30.4078626110938	68.01960523447387	68.16617037042253	68.07727036663638	68.69672797613843	76.1200072242195	73.91038059280497	47.52137219723659	73.90771085347708	73.94442694160225	73.87521228881225	68.00014266395486	73.91038059280497	85.98999191041906	34.86047801570495	85.99586643585758	86.0848941749729	85.98534233788989	30.4078626110938	47.52137219723659	34.86047801570495	110.04066249963178	34.85124400482415	34.819190297329015	34.855295245050044	68.01960523447387	73.90771085347708	85.99586643585758	34.85124400482415	86.0320117630783	86.1049403965376	86.00562007710487	68.16617037042253	73.94442694160225	86.0848941749729	34.819190297329015	86.1049403965376	86.21651444361558	86.09393345444701	68.07727036663638	73.87521228881225	85.98534233788989	34.855295245050044	86.00562007710487	86.09393345444701	86.03312299636582
92.9653522268089	64.87291351813823	67.86692126176756	28.29710917703016	66.5148040859834	69.71667848730758	73.8911422400509	64.87291351813823	92.91064595041178	91.05932388873255	44.45180868871417	87.84793351780095	91.43683298186117	75.79988151169069	67.86692126176756	91.05932388873255	106.2914800162287	31.372098631516216	103.43382053057029	107.56268512547175	92.27107299777732	28.29710917703016	44.45180868871417	31.372098631516216	111.66433014666849	30.42957174442812	30.268479174349356	33.41723874328901	66.5148040859834	87.84793351780095	103.43382053057029	30.42957174442812	110.54265037130163	107.82347329352054	94.44792575058767	69.71667848730758	91.43683298186117	107.56268512547175	30.268479174349356	107.82347329352054	110.352537286308	94.46009065486884	73.8911422400509	75.79988151169069	92.27107299777732	33.41723874328901	94.44792575058767	94.46009065486884	93.42872246300101
81.19950909681327	76.18340057516625	81.41648422426366	32.13220961159772	81.18964419014507	83.44380608295619	79.4001878383026	76.18340057516625	81.9548743532754	79.44615258149037	40.304479961316105	76.18882780839493	80.08117408930829	72.53291369233165	81.41648422426366	79.44615258149037	87.19913702115335	31.003885736017132	81.42406455404846	87.6851967766056	81.24586885734838	32.13220961159772	40.304479961316105	31.003885736017132	106.63474781827307	32.13359315194587	30.836326126950027	36.44815694144474	81.18964419014507	76.18882780839493	81.42406455404846	32.13359315194587	81.20396401063178	83.453185141562	79.40518187957507	83.44380608295619	80.08117408930829	87.6851967766056	30.836326126950027	83.453185141562	89.12866247908784	82.08972623433384	79.4001878383026	72.53291369233165	81.24586885734838	36.44815694144474	79.40518187957507	82.08972623433384	83.74512745221446
86.31529185732212	65.90365934051789	65.87997337037326	32.64862716889776	65.89939780292733	67.28254528861626	71.2389259082349	65.90365934051789	87.98784088355784	87.9569888265882	40.79474243366648	87.97830343488691	89.11809734401115	76.50251577682198	65.87997337037326	87.9569888265882	87.98717919872693	40.75740596816548	87.95962660813163	89.12453504686846	76.53500218729751	32.64862716889776	40.79474243366648	40.75740596816548	101.1129534011607	40.784649862242446	40.62246652407336	45.79625071360259	65.89939780292733	87.97830343488691	87.95962660813163	40.784649862242446	87.99137588341613	89.12316125526746	76.51370157636663	67.28254528861626	89.11809734401115	89.12453504686846	40.62246652407336	89.12316125526746	90.62947665461478	77.06672839035274	71.2389259082349	76.50251577682198	76.53500218729751	45.79625071360259	76.51370157636663	77.06672839035274	76.62994192155142
66.77466372795087	66.53003551258999	66.51657238589829	48.20112350157179	66.48228785388183	66.93099911453449	66.86782808229306	66.53003551258999	66.78217606669904	66.75467774366798	48.485479730577964	66.72122705421918	67.1609706033597	67.00670784075531	66.51657238589829	66.75467774366798	66.75132188643644	48.45582189692069	66.70813940725428	67.15081945658024	67.00490845314879	48.20112350157179	48.485479730577964	48.45582189692069	75.89768806722121	48.42645627481099	48.75780315860337	51.030002156230665	66.48228785388183	66.72122705421918	66.70813940725428	48.42645627481099	66.72657526954825	67.12027767747873	66.98571169589634	66.93099911453449	67.1609706033597	67.15081945658024	48.75780315860337	67.12027767747873	67.68128819344014	67.28531915794942	66.86782808229306	67.00670784075531	67.00490845314879	51.030002156230665	66.98571169589634	67.28531915794942	69.13457927312754
63.361147944624996	60.353441973094306	60.283021502460365	52.34016873834845	60.333295889220956	60.724523276261216	61.22536944894122	60.353441973094306	64.18258811785918	64.1293478926569	56.656783905114935	64.16010641038686	64.42998370109424	64.23285245883221	60.283021502460365	64.1293478926569	64.11677906441388	56.60358273176008	64.11924058322208	64.39541293045117	64.20487750902527	52.34016873834845	56.656783905114935	56.60358273176008	67.99503991673423	56.641052398245165	56.886774647329375	57.22338303942691	60.333295889220956	64.16010641038686	64.11924058322208	56.641052398245165	64.16302665836194	64.42146460256464	64.2271039789755	60.724523276261216	64.42998370109424	64.39541293045117	56.886774647329375	64.42146460256464	64.79563239613027	64.45182977362506	61.22536944894122	64.23285245883221	64.20487750902527	57.22338303942691	64.2271039789755	64.45182977362506	65.44746462460654
65.36040078483649	65.13022873820267	65.09484778239698	47.90240961540002	65.11116503939893	65.3629794992262	65.16247375619173	65.13022873820267	65.47381226035111	65.41736079827238	48.40350348717409	65.43275966942065	65.67481334420143	65.47657152724082	65.09484778239698	65.41736079827238	65.39946143919664	48.32629193629798	65.39968614336928	65.64491897170319	65.44479823411659	47.90240961540002	48.40350348717409	48.32629193629798	70.77442484867447	48.35356384737551	48.617486889710506	48.51762912838231	65.11116503939893	65.43275966942065	65.39968614336928	48.35356384737551	65.42979903731856	65.65894851693497	65.45989018400999	65.3629794992262	65.67481334420143	65.64491897170319	48.617486889710506	65.65894851693497	65.96622560731174	65.69863527036512	65.16247375619173	65.47657152724082	65.44479823411659	48.51762912838231	65.45989018400999	65.69863527036512	65.60374421287027
63.6830679934313	63.6690800918831	63.61563316266736	53.720733465488976	63.61170048920915	64.27286541347458	63.73080088244031	63.6690800918831	63.694427703719334	63.6328687415585	53.74761700002026	63.6289078675694	64.28823160529232	63.74684018246861	63.61563316266736	63.6328687415585	63.61689105056279	53.665079921082146	63.574426012748845	64.2514858529304	63.696875064089824	53.720733465488976	53.74761700002026	53.665079921082146	66.97627623163189	53.67002248453799	54.35607554181127	53.951911752683955	63.61170048920915	63.6289078675694	63.574426012748845	53.67002248453799	63.63789631635519	64.24358266088728	63.69280451831058	64.27286541347458	64.28823160529232	64.2514858529304	54.35607554181127	64.24358266088728	65.07511619890859	64.3289532116197	63.73080088244031	63.74684018246861	63.696875064089824	53.951911752683955	63.69280451831058	64.3289532116197	64.0340554334422
62.26491099131432	62.25324981570182	62.2436487543555	60.323379525539664	61.66756896659707	63.150956624625486	62.535095790092434	62.25324981570182	62.27162015955171	62.253539718194034	60.33435980812894	61.678829567458386	63.1595169732697	62.540411253123786	62.2436487543555	62.253539718194034	62.27297409838121	60.32147748275618	61.66564290760979	63.17058268280564	62.54067840390934	60.323379525539664	60.33435980812894	60.32147748275618	63.06725394686059	59.71532495513994	61.19456787311552	60.81747743461589	61.66756896659707	61.678829567458386	61.66564290760979	59.71532495513994	62.65055580460639	63.051729170675166	62.26276269102352	63.150956624625486	63.1595169732697	63.17058268280564	61.19456787311552	63.051729170675166	64.57137379319083	63.25092567894146	62.535095790092434	62.540411253123786	62.54067840390934	60.81747743461589	62.26276269102352	63.25092567894146	64.50161277032623
84.86192128556817	49.47367528632564	49.45927046179018	49.46573357922375	43.74010165823221	49.38354812008691	60.521206497674136	49.47367528632564	71.51531447887375	70.36437827995641	71.50078427697758	65.45794028164809	69.6614721569577	61.37625888684611	49.45927046179018	70.36437827995641	71.97607981537587	70.35510298956798	67.10119832801215	71.38146498133015	63.51770780260648	49.46573357922375	71.50078427697758	70.35510298956798	71.51207987054661	65.45004350630123	69.65234465585151	61.373156215575584	43.74010165823221	65.45794028164809	67.10119832801215	65.45004350630123	86.43475973743956	73.55935337493374	68.77521352440344	49.38354812008691	69.6614721569577	71.38146498133015	69.65234465585151	73.55935337493374	73.34810325326033	65.3692769869864	60.521206497674136	61.37625888684611	63.51770780260648	61.373156215575584	68.77521352440344	65.3692769869864	70.7108483929369
84.70444568774609	49.4332769036616	49.43004266908201	49.418164596150675	44.08010103067578	49.464544134782734	60.588883291016295	49.4332769036616	70.93590475627138	70.92157430238677	70.90810873906979	66.49457915251952	70.4029008733706	62.382637128679406	49.43004266908201	70.92157430238677	70.93049668273625	70.90439919131349	66.501540439597	70.41177773976491	62.39702274825591	49.418164596150675	70.90810873906979	70.90439919131349	70.92940399568099	66.47975937025731	70.3859526006508	62.37714577385911	44.08010103067578	66.49457915251952	66.501540439597	66.47975937025731	83.61818760485617	72.19585030294277	67.00273482636169	49.464544134782734	70.4029008733706	70.41177773976491	70.3859526006508	72.19585030294277	72.18235218186884	63.96740538975959	60.588883291016295	62.382637128679406	62.39702274825591	62.37714577385911	67.00273482636169	63.96740538975959	68.90457541362203
61.28482023552004	61.21380910491878	61.19500856334261	61.179353257716144	59.60686799193249	61.6532009764198	61.2689624276219	61.21380910491878	61.39154651885512	61.27964394294435	61.26397711844763	59.72876394121289	61.73153084146682	61.34560260698398	61.19500856334261	61.27964394294435	61.26778908264727	61.24576879206773	59.68931405377901	61.71905445502334	61.33159594452756	61.179353257716144	61.26397711844763	61.24576879206773	61.278461511403734	59.67685659182686	61.70059382834614	61.31591963389623	59.60686799193249	59.72876394121289	59.68931405377901	59.67685659182686	60.2627966709178	60.67661477460888	59.8888000613939	61.6532009764198	61.73153084146682	61.71905445502334	61.70059382834614	60.67661477460888	62.53780572661574	61.77217023904732	61.2689624276219	61.34560260698398	61.33159594452756	61.31591963389623	59.8888000613939	61.77217023904732	61.75251933455528
72.8305198562788	72.77826022510297	72.79305956935661	39.76653792518087	72.78835636434317	73.20540572010907	72.81618034646566	72.77826022510297	72.8309925907486	72.75761392822557	39.930251084792836	72.7527512325279	73.16560180254217	72.77991656706014	72.79305956935661	72.75761392822557	72.79368050785254	39.70354939986593	72.76677336705946	73.19000736334871	72.79520726738357	39.76653792518087	39.930251084792836	39.70354939986593	82.87215709617307	39.71583980750873	40.22242372318586	39.820172492575296	72.78835636434317	72.7527512325279	72.76677336705946	39.71583980750873	72.80112889881484	73.18385409660758	72.79049446082004	73.20540572010907	73.16560180254217	73.19000736334871	40.22242372318586	73.18385409660758	73.71059561736543	73.20571816711522	72.81618034646566	72.77991656706014	72.79520726738357	39.820172492575296	72.79049446082004	73.20571816711522	72.8377907802827
58.940378091075615	58.965207560249496	58.89673469198916	58.92113392092677	58.62931918999362	59.35610364478328	58.94737509941898	58.965207560249496	59.105312919238486	58.95011223000318	58.97403389780078	58.68580683479219	59.40464944639592	58.99973836197597	58.89673469198916	58.95011223000318	58.89776584087179	58.905738320913876	58.61203191035937	59.34485649617823	58.93209396710796	58.92113392092677	58.97403389780078	58.905738320913876	58.95031184411333	58.638864998157004	59.3642910181037	58.95624328306188	58.62931918999362	58.68580683479219	58.61203191035937	58.638864998157004	58.60150659110105	59.10813707316492	58.666778631977934	59.35610364478328	59.40464944639592	59.34485649617823	59.3642910181037	59.10813707316492	59.930746512575006	59.38863372131321	58.94737509941898	58.99973836197597	58.93209396710796	58.95624328306188	58.666778631977934	59.38863372131321	59.01101236055848
62.694489001570204	62.68450886651119	62.677596993934785	61.487268695350224	59.63163359989182	62.723956663248195	62.67682748802772	62.68450886651119	63.96612769470815	62.690712021757655	61.59168515255933	60.087248223215305	62.73885088589594	62.68373416496224	62.677596993934785	62.690712021757655	62.691428794780606	61.49334571353931	59.630841970925516	62.730779324439254	62.68284068014479	61.487268695350224	61.59168515255933	61.49334571353931	63.296036019248156	58.395555655336075	61.5314571544382	61.495435173468714	59.63163359989182	60.087248223215305	59.630841970925516	58.395555655336075	59.26984779918472	60.022971533684625	59.66890377465492	62.723956663248195	62.73885088589594	62.730779324439254	61.5314571544382	60.022971533684625	62.93996467108473	62.729777281106664	62.67682748802772	62.68373416496224	62.68284068014479	61.495435173468714	59.66890377465492	62.729777281106664	62.72914539203368
63.01432755307743	63.026662319019174	62.994643321127626	56.36337654364428	61.30732595447979	63.1095840659199	63.02431101447824	63.026662319019174	63.335927405479175	63.022821748382164	56.50949308022294	61.39037337417638	63.1347221252093	63.048135066641144	62.994643321127626	63.022821748382164	62.99965707195206	56.357752093881366	61.296204898949036	63.106043971769324	63.020217861885214	56.36337654364428	56.50949308022294	56.357752093881366	65.80677027291446	54.46347772548731	56.46642166061143	56.43338827480771	61.30732595447979	61.39037337417638	61.296204898949036	54.46347772548731	60.86087842145053	61.49679300433101	61.37149404461572	63.1095840659199	63.1347221252093	63.106043971769324	56.46642166061143	61.49679300433101	63.2825645159993	63.133565096508484	63.02431101447824	63.048135066641144	63.020217861885214	56.43338827480771	61.37149404461572	63.133565096508484	63.16072275607417
78.40812941025104	73.80745893677637	77.83866900208527	35.06450401762921	77.9967660089732	79.26424270550048	77.98651846806554	73.80745893677637	75.82975371709628	74.11498662625088	43.98737787292919	73.97047681019818	74.83176936645239	73.93818431358693	77.83866900208527	74.11498662625088	78.39123597495038	35.13128104788621	78.1823577223316	79.64183909251372	78.17209981417963	35.06450401762921	43.98737787292919	35.13128104788621	99.70939082057416	35.40618964573672	35.522208986406056	35.452718543719996	77.9967660089732	73.97047681019818	78.1823577223316	35.40618964573672	78.33751501515047	79.57394559705064	78.31932770538143	79.26424270550048	74.83176936645239	79.64183909251372	35.522208986406056	79.57394559705064	81.27389024050365	79.55617547568532	77.98651846806554	73.93818431358693	78.17209981417963	35.452718543719996	78.31932770538143	79.55617547568532	78.35343286306335
92.7495112773343	63.348729912709906	64.76475398000726	29.688879968889914	64.73521453728652	66.8337976748365	72.44082626189534	63.348729912709906	93.79808580852313	92.89314063407429	43.02432446135785	92.87374370807336	94.37031303975768	77.3834836132975	64.76475398000726	92.89314063407429	99.96783598891021	36.95948379427192	99.87277552157765	101.77030710094336	85.0090996342054	29.688879968889914	43.02432446135785	36.95948379427192	106.3444586921027	37.002353059811284	36.47704221469774	40.32959021237271	64.73521453728652	92.87374370807336	99.87277552157765	37.002353059811284	99.93232658936773	101.72357394906355	84.97034232165933	66.8337976748365	94.37031303975768	101.77030710094336	36.47704221469774	101.72357394906355	104.10019977924205	86.07133565446206	72.44082626189534	77.3834836132975	85.0090996342054	40.32959021237271	84.97034232165933	86.07133565446206	84.48135180897769
83.9673183989133	50.17744039506577	50.172556160377404	46.0700702113359	50.16843201309418	51.70455290441653	62.77985120617967	50.17744039506577	72.87296215437914	72.85033947776951	66.39711432380435	72.85255069573296	73.64957433193722	65.20420200442057	50.172556160377404	72.85033947776951	72.86895421584357	66.39105242883257	72.85277829549773	73.66286620234213	65.22657415541897	46.0700702113359	66.39711432380435	66.39105242883257	73.8783067831764	66.39523764719311	66.97423215639517	61.173532359584016	50.16843201309418	72.85255069573296	72.85277829549773	66.39523764719311	72.86491162144436	73.65513705516379	65.21842763056372	51.70455290441653	73.64957433193722	73.66286620234213	66.97423215639517	73.65513705516379	74.92344971680639	65.51386974451496	62.77985120617967	65.20420200442057	65.22657415541897	61.173532359584016	65.21842763056372	65.51386974451496	69.05375824739401
69.18776135765242	63.34325850511483	63.33982494231796	51.95431681879963	63.266194830786425	64.4223918709643	65.36774703160312	63.34325850511483	67.70449459327607	67.69119024176777	55.60350022861222	67.6283576337283	68.62254286419423	66.28352237663378	63.33982494231796	67.69119024176777	67.69891505994664	55.595462435904075	67.62671514190927	68.62671883954641	66.29387454038987	51.95431681879963	55.60350022861222	55.595462435904075	73.40353837052199	55.551332169589074	56.135775594434826	57.442518555692516	63.266194830786425	67.6283576337283	67.62671514190927	55.551332169589074	67.73205985112718	68.59698624794116	66.30535064442651	64.4223918709643	68.62254286419423	68.62671883954641	56.135775594434826	68.59698624794116	69.94189164557326	66.67687371337769	65.36774703160312	66.28352237663378	66.29387454038987	57.442518555692516	66.30535064442651	66.67687371337769	69.92192695115736
75.32261274934697	72.60536463259167	72.6038046678597	36.39900515208974	72.61081629648531	73.21069835117224	72.40553238291338	72.60536463259167	75.23042904790131	75.1939134571336	38.67627150885953	75.19945386421762	75.73438438141109	73.47919161445532	72.6038046678597	75.1939134571336	75.21294841229216	38.61448140478535	75.20641534602589	75.74569045331623	73.50953259537427	36.39900515208974	38.67627150885953	38.61448140478535	95.83075582162964	38.62468414261858	38.73827818456736	43.72776352273169	72.61081629648531	75.19945386421762	75.20641534602589	38.62468414261858	75.22314779690556	75.74923475644744	73.50911105803111	73.21069835117224	75.73438438141109	75.74569045331623	38.73827818456736	75.74923475644744	76.44308303082538	73.82978208010347	72.40553238291338	73.47919161445532	73.50953259537427	43.72776352273169	73.50911105803111	73.82978208010347	75.17147268439044
96.17512214248723	65.72600825185727	69.1089129811236	28.765429259468654	61.54391464845205	69.2508510263975	73.42891422771287	65.72600825185727	97.09314019807599	95.3646836801517	44.07584807265964	87.74516401345616	94.75902558075936	75.66165727789704	69.1089129811236	95.3646836801517	110.78215140892144	31.049327558901304	102.79234193005342	110.87827312256468	92.10481415222777	28.765429259468654	44.07584807265964	31.049327558901304	111.79246164009919	29.452456878049198	29.723005909242588	33.333810071568834	61.54391464845205	87.74516401345616	102.79234193005342	29.452456878049198	119.32335664732052	109.91477598443095	95.37900519494922	69.2508510263975	94.75902558075936	110.87827312256468	29.723005909242588	109.91477598443095	113.56168233769363	94.61793411164783	73.42891422771287	75.66165727789704	92.10481415222777	33.333810071568834	95.37900519494922	94.61793411164783	93.57322125637499
90.1102060010287	57.64591577786034	55.83421004708194	44.0010671067769	44.91454761822445	54.41273724618075	61.94843438736926	57.64591577786034	86.32839558754283	77.67934603375244	64.37364614566499	65.59063708762383	74.99084580305815	60.3666838460463	55.83421004708194	77.67934603375244	81.72726179824092	64.39605658309924	66.39542812096599	78.40161831004778	66.97718699367452	44.0010671067769	64.37364614566499	64.39605658309924	73.5200899211027	71.22538890302589	66.99684730895335	62.17300249829145	44.91454761822445	65.59063708762383	66.39542812096599	71.22538890302589	73.72998020523251	69.23167982709924	63.902120586518784	54.41273724618075	74.99084580305815	78.40161831004778	66.99684730895335	69.23167982709924	77.26035532207489	66.53115762449731	61.94843438736926	60.3666838460463	66.97718699367452	62.17300249829145	63.902120586518784	66.53115762449731	71.84219985666128
83.67770719285781	48.27938211374971	49.00233206944026	47.90016801463396	48.273542814545586	50.377331425776674	62.26012033510818	48.27938211374971	70.49073767541084	69.65427526951382	69.90318477708064	70.47976981352022	70.63944586025775	63.02293762055917	49.00233206944026	69.65427526951382	72.49705268123351	69.03976918276254	69.6523999584782	72.49994208812421	65.06003872755305	47.90016801463396	69.90318477708064	69.03976918276254	70.58215401373415	69.90271223604024	70.01399912798317	62.64454726237365	48.273542814545586	70.47976981352022	69.6523999584782	69.90271223604024	70.48904444969628	70.64093452291824	63.029330621582616	50.377331425776674	70.63944586025775	72.49994208812421	70.01399912798317	70.64093452291824	73.26164910946363	64.76178483502885	62.26012033510818	63.02293762055917	65.06003872755305	62.64454726237365	63.029330621582616	64.76178483502885	69.14871117425983
62.54011660067411	62.52993968778862	62.51935834081036	62.485668454918795	59.01246475998563	62.55096857953974	62.11224195868694	62.52993968778862	62.54534913647617	62.52586711218556	62.49214278984511	59.0219594516338	62.557494010007275	62.11150393401872	62.51935834081036	62.52586711218556	62.57143205005309	62.4814965476279	58.97264011819902	62.57200588573279	62.12712822217553	62.485668454918795	62.49214278984511	62.4814965476279	62.55618994994225	58.97815057984806	62.51231982525932	62.0806788067338	59.01246475998563	59.0219594516338	58.97264011819902	58.97815057984806	64.63869853036621	61.286768937797675	62.463404941906084	62.55096857953974	62.557494010007275	62.57200588573279	62.51231982525932	61.286768937797675	63.518361998233104	62.59272866930991	62.11224195868694	62.11150393401872	62.12712822217553	62.0806788067338	62.463404941906084	62.59272866930991	66.46610211798271
61.76935339315978	61.39824098185621	61.38753310289496	59.09688456505304	59.83420278541521	61.51532141202181	62.223467657226834	61.39824098185621	61.69945421006989	61.67527845094871	59.38414147255164	60.15921018972154	61.80065163082448	62.34408710813312	61.38753310289496	61.67527845094871	61.67364642302982	59.37240249310156	60.141554240151166	61.791256298611735	62.34531892993612	59.09688456505304	59.38414147255164	59.37240249310156	62.941319222431126	57.911237451758765	59.48832722271505	60.47644412332843	59.83420278541521	60.15921018972154	60.141554240151166	57.911237451758765	60.28312633314558	60.363710120719	61.845838038709346	61.51532141202181	61.80065163082448	61.791256298611735	59.48832722271505	60.363710120719	61.99784779356821	62.42448201802318	62.223467657226834	62.34408710813312	62.34531892993612	60.47644412332843	61.845838038709346	62.42448201802318	66.00919593699707
60.411415538005144	60.37600545161863	60.28972291172324	54.74914173318286	60.300600666174965	60.3741615805733	61.26496169224541	60.37600545161863	60.75841311076901	60.47011516106162	54.99784915346092	60.480434437936644	60.55204381594144	61.36387363441024	60.28972291172324	60.47011516106162	60.398817523356755	54.85047044016291	60.39615343180943	60.46952334250666	61.33598618731586	54.74914173318286	54.99784915346092	54.85047044016291	63.11044781415967	54.862733760039994	54.932728918659386	56.289815113638205	60.300600666174965	60.480434437936644	60.39615343180943	54.862733760039994	60.42429065515199	60.48005655862731	61.34324053843914	60.3741615805733	60.55204381594144	60.46952334250666	54.932728918659386	60.48005655862731	60.569138273178645	61.398067747647055	61.26496169224541	61.36387363441024	61.33598618731586	56.289815113638205	61.34324053843914	61.398067747647055	63.55301138425574
60.818789593626086	60.806235592346376	60.573890694517345	59.44871084027163	60.7842462392389	61.148739638489786	62.26052436048591	60.806235592346376	60.82541171553716	60.58487722189616	59.45967671576578	60.79492852894063	61.15914518057105	62.26025761230908	60.573890694517345	60.58487722189616	60.54068196650112	59.22980554578247	60.560906706212265	60.9781490241633	62.25956296032104	59.44871084027163	59.45967671576578	59.22980554578247	61.64257439160393	59.4380157316682	59.782329206942144	61.20292303119903	60.7842462392389	60.79492852894063	60.560906706212265	59.4380157316682	60.80604474984435	61.140396817702936	62.26112907917948	61.148739638489786	61.15914518057105	60.9781490241633	59.782329206942144	61.140396817702936	61.68289607602038	62.42517079933215	62.26052436048591	62.26025761230908	62.25956296032104	61.20292303119903	62.26112907917948	62.42517079933215	66.85256560841535
60.66412176112261	60.64489234193525	60.39945986779216	59.14248388721933	60.62830027864678	60.98444536104885	61.851956368235136	60.64489234193525	60.67176711577958	60.41841358927958	59.16137304928765	60.646694801399384	61.00229176674625	61.857790556071556	60.39945986779216	60.41841358927958	60.346110546212294	58.91470269556649	60.400294145848655	60.804474585366094	61.79186426695691	59.14248388721933	59.16137304928765	58.91470269556649	61.50179816788909	59.14455800461536	59.483821939506996	60.6178059570751	60.62830027864678	60.646694801399384	60.400294145848655	59.14455800461536	60.65188184986273	60.98792863703361	61.85460799190578	60.98444536104885	61.00229176674625	60.804474585366094	59.483821939506996	60.98792863703361	61.50787484256243	62.060004527406825	61.851956368235136	61.857790556071556	61.79186426695691	60.6178059570751	61.85460799190578	62.060004527406825	65.57569420009037
59.378222950559966	59.24481649274756	59.22404387743948	59.01314435116225	58.829086841526724	59.42252191524368	60.40535110513681	59.24481649274756	59.41531782724	59.38132563221712	59.17057057433367	58.99267336354835	59.5771200754316	60.50318482962498	59.22404387743948	59.38132563221712	59.37021280978759	59.15000740610181	58.96997532514356	59.558092718667005	60.493904899831506	59.01314435116225	59.17057057433367	59.15000740610181	59.509910166518566	58.76113975350157	59.345316498816175	60.303053981784466	58.829086841526724	58.99267336354835	58.96997532514356	58.76113975350157	58.96228650314782	59.18983455592433	60.266341871340515	59.42252191524368	59.5771200754316	59.558092718667005	59.345316498816175	59.18983455592433	59.824658937837235	60.6293247387025	60.40535110513681	60.50318482962498	60.493904899831506	60.303053981784466	60.266341871340515	60.6293247387025	63.32342408363879
61.6344589569552	61.6254561121561	61.61300569445362	59.761933756409576	59.93058042305157	61.815138101156094	62.06608294988282	61.6254561121561	61.65422383170358	61.62330406663028	59.77400925605497	59.94468517240953	61.82507674252802	62.068402046658	61.61300569445362	61.62330406663028	61.6222109186937	59.759483534284826	59.92093577784138	61.814707078955884	62.066207523052704	59.761933756409576	59.77400925605497	59.759483534284826	62.55856483553704	58.08594644830067	59.95069739383201	60.459262624482804	59.93058042305157	59.94468517240953	59.92093577784138	58.08594644830067	60.09055150790836	60.31966352206286	61.19132231258848	61.815138101156094	61.82507674252802	61.814707078955884	59.95069739383201	60.31966352206286	62.161817358530044	62.22075267620359	62.06608294988282	62.068402046658	62.066207523052704	60.459262624482804	61.19132231258848	62.22075267620359	64.69843375947364
62.243453155864344	62.23857779345891	61.94340176790629	61.55249506107173	60.62827732380991	62.584072077885686	62.37066547774838	62.23857779345891	62.25494113511651	61.94798818862377	61.556205917195996	60.63181252686334	62.58783969554173	62.36562749240736	61.94340176790629	61.94798818862377	62.844573967192865	61.24875666613166	60.16577624255589	62.9995012139666	62.91905711414537	61.55249506107173	61.556205917195996	61.24875666613166	62.58419362249154	59.97966447780104	61.87456450824628	61.88019995435374	60.62827732380991	60.63181252686334	60.16577624255589	59.97966447780104	64.20772710866159	62.161810081069845	63.18450480429771	62.584072077885686	62.58783969554173	62.9995012139666	61.87456450824628	62.161810081069845	64.08574540962432	63.17366158139082	62.37066547774838	62.36562749240736	62.91905711414537	61.88019995435374	63.18450480429771	63.17366158139082	68.23229203731778
60.485022433567416	60.48129668661867	60.239964885006444	60.45354269014942	59.65524944669095	60.631561496539696	61.47728791333656	60.48129668661867	60.50195229732996	60.24650288099542	60.45959878051997	59.66214388222189	60.63747959408886	61.475924723915846	60.239964885006444	60.24650288099542	60.19100346828894	60.21833191884359	59.33941581965756	60.42227526318737	61.40778011361079	60.45354269014942	60.45959878051997	60.21833191884359	60.49847139295277	59.63419212528786	60.60965415478498	61.457828910944514	59.65524944669095	59.66214388222189	59.33941581965756	59.63419212528786	59.899196552479516	59.87231343068575	61.196970375372956	60.631561496539696	60.63747959408886	60.42227526318737	60.60965415478498	59.87231343068575	60.89203304220438	61.57866706337354	61.47728791333656	61.475924723915846	61.40778011361079	61.457828910944514	61.196970375372956	61.57866706337354	65.2470225889697
72.0156522128501	71.20476324493298	71.19509518654468	37.82964720886041	71.11489677699646	71.2656133129082	71.25474257154401	71.20476324493298	72.10212221162864	71.99528378330456	38.906280268780655	71.92061474943904	72.06058067602227	71.67092494351962	71.19509518654468	71.99528378330456	72.01366761236615	38.73108448211808	71.91823327728468	72.06055444153476	71.71490572865254	37.82964720886041	38.906280268780655	38.73108448211808	90.76542511364451	38.68437064759866	38.78545861269316	42.78928590258563	71.11489677699646	71.92061474943904	71.91823327728468	38.68437064759866	71.93925497640336	71.98582355293037	71.67052740596857	71.2656133129082	72.06058067602227	72.06055444153476	38.78545861269316	71.98582355293037	72.13385363488315	71.7535929870035	71.25474257154401	71.67092494351962	71.71490572865254	42.78928590258563	71.67052740596857	71.7535929870035	73.48430210704895
85.71892778643718	69.05732126022836	70.1828316072062	28.26073502621052	70.79882570109217	72.13197275909565	71.7910154759651	69.05732126022836	78.74439280342862	77.59466793024575	46.82369384660694	77.42869956773139	77.98922273941872	75.67334256836736	70.1828316072062	77.59466793024575	91.18084229607422	35.353286943802644	91.16309049978636	92.1224870484941	89.5704647891366	28.26073502621052	46.82369384660694	35.353286943802644	109.7302191708351	35.24678430487512	34.90368870736103	35.571297428579065	70.79882570109217	77.42869956773139	91.16309049978636	35.24678430487512	91.59169352802336	92.34848778472916	89.94378384646757	72.13197275909565	77.98922273941872	92.1224870484941	34.90368870736103	92.34848778472916	93.51754898905637	90.67105698780921	71.7910154759651	75.67334256836736	89.5704647891366	35.571297428579065	89.94378384646757	90.67105698780921	89.99318609334236
85.2730300460562	68.57696212042637	69.11756503109027	28.834183379731154	69.17326133772568	70.71134466498947	70.87803482287163	68.57696212042637	79.79224327439032	79.08332886798897	46.22457376971822	79.07112783445149	79.6078031179874	76.22070564058714	69.11756503109027	79.08332886798897	87.13405329177473	39.44196669152831	87.11175263257054	87.92464708638796	84.43065077917755	28.834183379731154	46.22457376971822	39.44196669152831	106.16937176405585	39.448913504109086	39.19457522769113	40.032686113524036	69.17326133772568	79.07112783445149	87.11175263257054	39.448913504109086	87.1409562976895	87.9281496149759	84.44591153224016	70.71134466498947	79.6078031179874	87.92464708638796	39.19457522769113	87.9281496149759	89.0408810720958	85.14871625524749	70.87803482287163	76.22070564058714	84.43065077917755	40.032686113524036	84.44591153224016	85.14871625524749	84.47366531163519
73.1659521811922	63.93795841145697	63.72974611551658	35.96176820594145	63.730712301828696	64.00118949681611	64.84470271112619	63.93795841145697	74.26109834980998	74.06087238447049	51.323757735328826	74.05966679247872	74.13826732402299	73.03862583959719	63.72974611551658	74.06087238447049	74.54892905740321	50.96828553746426	74.53943070002312	74.62239862776555	73.53567914954898	35.96176820594145	51.323757735328826	50.96828553746426	91.35696040112425	50.97132396446854	50.98609553588287	51.06785001244404	63.730712301828696	74.05966679247872	74.53943070002312	50.97132396446854	74.55404538815641	74.62146849409024	73.53479847623022	64.00118949681611	74.13826732402299	74.62239862776555	50.98609553588287	74.62146849409024	74.75247663727761	73.6088261086509	64.84470271112619	73.03862583959719	73.53567914954898	51.06785001244404	73.53479847623022	73.6088261086509	73.71267722763142
59.91719482272383	59.38146947292557	59.20248059602492	55.24954538079545	59.327921035557694	59.38475441952242	60.024770607874885	59.38146947292557	60.46514620234068	60.19662467775919	56.31620104579355	60.308358372531856	60.35996350057393	60.82826118353821	59.20248059602492	60.19662467775919	60.08780298562946	56.12561993899615	60.15181672527526	60.20576196706552	60.71216554543242	55.24954538079545	56.31620104579355	56.12561993899615	62.06795535725948	56.24671927552757	56.29803110169603	57.01646211618251	59.327921035557694	60.308358372531856	60.15181672527526	56.24671927552757	60.275544825050396	60.3178414156011	60.80383567051194	59.38475441952242	60.35996350057393	60.20576196706552	56.29803110169603	60.3178414156011	60.38364298320853	60.848068990271486	60.024770607874885	60.82826118353821	60.71216554543242	57.01646211618251	60.80383567051194	60.848068990271486	62.218117952024016
59.799259475322124	59.297676927108235	59.1859280761662	57.28782620147294	59.257805719444455	59.3659072576722	60.78530229760059	59.297676927108235	59.890905238957075	59.77623860374237	57.878402331018705	59.84447333369935	59.94761859523023	61.127610002961646	59.1859280761662	59.77623860374237	59.71870797197721	57.77100269016662	59.73755456517566	59.84410782440701	61.07432572411538	57.28782620147294	57.878402331018705	57.77100269016662	60.9826267867695	57.840387107432505	57.94036050615093	59.3901448339587	59.257805719444455	59.84447333369935	59.73755456517566	57.840387107432505	59.840471416801755	59.910673824069484	61.109272719058524	59.3659072576722	59.94761859523023	59.84410782440701	57.94036050615093	59.910673824069484	60.039401739991206	61.1730007093359	60.78530229760059	61.127610002961646	61.07432572411538	59.3901448339587	61.109272719058524	61.1730007093359	64.24529095575902
