69.07735724188244	57.02049229658157	53.80544394107842	62.14447762739729	48.637735779297245	53.356509000264225	57.30789413703189	57.02049229658157	94.30255712725406	90.45808276447526	54.79165717228185	83.61244749163149	89.66398174829955	70.49033429163971	53.80544394107842	90.45808276447526	102.15541629358182	49.887610917339515	95.52577560282295	101.9201632373974	83.01319925292836	62.14447762739729	54.79165717228185	49.887610917339515	70.68632406792165	45.33232025905043	49.28715921119634	53.181418459342886	48.637735779297245	83.61244749163149	95.52577560282295	45.33232025905043	113.20808544383306	102.37023821549977	87.71899212973771	53.356509000264225	89.66398174829955	101.9201632373974	49.28715921119634	102.37023821549977	104.25971453784395	85.17676183037344	57.30789413703189	70.49033429163971	83.01319925292836	53.181418459342886	87.71899212973771	85.17676183037344	83.992888550248
68.53559257210136	56.85108090783826	53.50505552096561	62.80852102640816	48.38569927861465	53.04454538096308	56.98882351948008	56.85108090783826	94.22245190688882	90.33362405844105	55.016097750411994	83.50298232009641	89.53529902283947	70.37455853413972	53.50505552096561	90.33362405844105	101.95350975509525	50.275815590988316	95.34954021399888	101.71082461335367	82.81688427646175	62.80852102640816	55.016097750411994	50.275815590988316	69.86067244249506	45.662566272648746	49.690336737478	53.58399303229862	48.38569927861465	83.50298232009641	95.34954021399888	45.662566272648746	113.05205514930891	102.1872168826374	87.5496610935294	53.04454538096308	89.53529902283947	101.71082461335367	49.690336737478	102.1872168826374	104.04255420097297	84.97280016583056	56.98882351948008	70.37455853413972	82.81688427646175	53.58399303229862	87.5496610935294	84.97280016583056	83.7935750923421
60.811088310051474	58.01720022937404	57.96748586926343	57.898857819407894	57.16310355395457	58.216839599395485	59.13872417839844	58.01720022937404	61.350686137260276	61.23228008222466	61.163674829523615	60.679757298637256	61.41671381486594	61.533309613543345	57.96748586926343	61.23228008222466	61.21718903969913	61.142535693346176	60.65236964393897	61.3980576966964	61.53171129508067	57.898857819407894	61.163674829523615	61.142535693346176	61.267239149827226	60.5852273109531	61.32807111704445	61.46681690355705	57.16310355395457	60.679757298637256	60.65236964393897	60.5852273109531	60.731547263260744	60.88468925235857	61.148583820903546	58.216839599395485	61.41671381486594	61.3980576966964	61.32807111704445	60.88468925235857	61.67212713011793	61.67899681613108	59.13872417839844	61.533309613543345	61.53171129508067	61.46681690355705	61.148583820903546	61.67899681613108	63.31278704726881
61.67701915844108	61.52839100877406	61.522530805145124	61.471122141759224	60.119275562317014	62.09460665334389	61.8578862622844	61.52839100877406	61.670722840354465	61.634040077736124	61.582705216815086	60.25668966495128	62.20040261814178	61.923284723526685	61.522530805145124	61.634040077736124	61.63489675366667	61.577036415137705	60.245047811185955	62.19923871774881	61.926692625586604	61.471122141759224	61.582705216815086	61.577036415137705	61.658373362018196	60.19492673691231	62.14329544493703	61.87980454354473	60.119275562317014	60.25668966495128	60.245047811185955	60.19492673691231	61.817180437451526	61.602037365760715	61.31475613120152	62.09460665334389	62.20040261814178	62.19923871774881	62.14329544493703	61.602037365760715	63.297850646541704	62.402598887098634	61.8578862622844	61.923284723526685	61.926692625586604	61.87980454354473	61.31475613120152	62.402598887098634	64.28338514901989
62.10513983441078	62.10503363778771	61.56013730750065	62.09426828530735	60.5442401587529	62.327804507261675	62.08598838059428	62.10503363778771	62.78380112822935	61.80602864903514	62.101706564191836	60.60983975041718	62.50856500566853	61.92889611065689	61.56013730750065	61.80602864903514	66.03722957148494	61.55586762584711	61.158379026044564	65.83903709034705	64.8172187971407	62.09426828530735	62.101706564191836	61.55586762584711	62.106555566280974	60.54094128248706	62.3233645097737	62.08132492708434	60.5442401587529	60.60983975041718	61.158379026044564	60.54094128248706	65.63324597097338	63.58589029905378	63.882742339114714	62.327804507261675	62.50856500566853	65.83903709034705	62.3233645097737	63.58589029905378	66.86194825973662	64.9671285700508	62.08598838059428	61.92889611065689	64.8172187971407	62.08132492708434	63.882742339114714	64.9671285700508	69.33613291286186
69.57110683167198	57.180589255256045	54.08606953300369	61.53518997858546	48.87486106804653	53.64799198177107	57.60268420087492	57.180589255256045	94.34362127623488	90.5371812129168	54.600518049958836	83.67762085443479	89.74643918277724	70.57993009218008	54.08606953300369	90.5371812129168	102.30164631783184	49.54864884399089	95.64720185878403	102.07229375054679	83.17385913949695	61.53518997858546	54.600518049958836	49.54864884399089	71.43400608535877	45.04729523605131	48.93501703280561	52.821606738627665	48.87486106804653	83.67762085443479	95.64720185878403	45.04729523605131	113.30818705033404	102.49649342324362	87.85338272437315	53.64799198177107	89.74643918277724	102.07229375054679	48.93501703280561	102.49649342324362	104.41794235327512	85.34368141597515	57.60268420087492	70.57993009218008	83.17385913949695	52.821606738627665	87.85338272437315	85.34368141597515	84.16512930728082
68.88314081668801	56.95804713515912	53.69568292458158	62.38377134908973	48.54513116924862	53.24250336333698	57.19229208768543	56.95804713515912	94.28253084199592	90.42284667450747	54.86856749272614	83.5827246953373	89.62738098871708	70.4531915541474	53.69568292458158	90.42284667450747	102.09344360257735	50.02281684647983	95.4734960296392	101.85579188789079	82.94789513439868	62.38377134908973	54.86856749272614	50.02281684647983	70.39150664383442	45.44638903624496	49.42759476455895	53.323836740757386	48.54513116924862	83.5827246953373	95.4734960296392	45.44638903624496	113.1639839604052	102.31593505055713	87.66389884504804	53.24250336333698	89.62738098871708	101.85579188789079	49.42759476455895	102.31593505055713	104.1928518022963	85.10893139583855	57.19229208768543	70.4531915541474	82.94789513439868	53.323836740757386	87.66389884504804	85.10893139583855	83.9240933456362
68.94380391418966	56.97755045537712	53.72996513092363	62.309029216120955	48.57405463234264	53.27811134980945	57.228399435390926	56.97755045537712	94.28879532260422	90.43386224879612	54.84454091974948	83.5920178039882	89.63882281254845	70.46479721059251	53.72996513092363	90.43386224879612	102.1128106992252	49.98058162306185	95.48983516518885	101.8759082214778	82.96829714905189	62.309029216120955	54.84454091974948	49.98058162306185	70.48359361666203	45.41075604273733	49.383726063940074	53.27935100483967	48.57405463234264	83.5920178039882	95.48983516518885	45.41075604273733	113.1777684765672	102.33290630696848	87.68111145533327	53.27811134980945	89.63882281254845	101.8759082214778	49.383726063940074	102.33290630696848	104.21374634707513	85.13012252996054	57.228399435390926	70.46479721059251	82.96829714905189	53.27935100483967	87.68111145533327	85.13012252996054	83.94558334138506
69.30068030832768	57.09229056647393	53.93164880516405	61.86932460654336	48.744213373518434	53.48759461012788	57.44081840683214	57.09229056647393	94.32561908187706	90.4986347953519	54.70320755863208	83.6466581064066	89.70610280408832	70.533058308704	53.93164880516405	90.4986347953519	102.22671272919538	49.73212896077624	95.58592440016157	101.99421765540909	83.08830547349788	61.86932460654336	54.70320755863208	49.73212896077624	71.02532886132428	45.201143832058634	49.1256639562555	53.017651132341264	48.744213373518434	83.6466581064066	95.58592440016157	45.201143832058634	113.25882883239456	102.43271374424732	87.78235653989016	53.48759461012788	89.70610280408832	101.99421765540909	49.1256639562555	102.43271374424732	104.33663356780347	85.25477292016335	57.44081840683214	70.533058308704	83.08830547349788	53.017651132341264	87.78235653989016	85.25477292016335	84.07200021900748
69.75262311931829	57.23757786555198	54.187038363874876	61.31249996069078	48.95968054450856	53.752861183333586	57.70981268195251	57.23757786555198	94.37238539371442	90.58080023843118	54.52416995987355	83.71598654352496	89.79144364996215	70.61956373102196	54.187038363874876	90.58080023843118	102.37110119498729	49.41743484356334	95.70775029857687	102.14418795795474	83.24034613298898	61.31249996069078	54.52416995987355	49.41743484356334	71.71139461849195	44.93563785581011	48.79880032963477	52.68621352056259	48.95968054450856	83.71598654352496	95.70775029857687	44.93563785581011	113.36161951163419	102.55924919972378	87.91063478131443	53.752861183333586	89.79144364996215	102.14418795795474	48.79880032963477	102.55924919972378	104.49240163879698	85.41269270041289	57.70981268195251	70.61956373102196	83.24034613298898	52.68621352056259	87.91063478131443	85.41269270041289	84.23212134957942
69.79821056977339	57.25223177157656	54.21279818866904	61.25633377086751	48.98141345227545	53.7796172948628	57.73694548742946	57.25223177157656	94.37711527561724	90.58910132235057	54.50610487293385	83.72299207972932	89.80006501015087	70.62829530331348	54.21279818866904	90.58910132235057	102.3856792502066	49.38568587248595	95.72005180757289	102.15932903853246	83.25568849902322	61.25633377086751	54.50610487293385	49.38568587248595	71.78060039607342	44.90885074303249	48.76582382272807	52.65277888205578	48.98141345227545	83.72299207972932	95.72005180757289	44.90885074303249	113.37200037574175	102.57202576863352	87.92357998401872	53.7796172948628	89.80006501015087	102.15932903853246	48.76582382272807	102.57202576863352	104.50812753207043	85.4286280987081	57.73694548742946	70.62829530331348	83.25568849902322	52.65277888205578	87.92357998401872	85.4286280987081	84.24827544896334
68.39964750075411	56.80261284130795	53.42245983225334	62.97947074058679	48.31461775676035	52.95871373670008	56.904516985114036	56.80261284130795	94.23253899327774	90.33498565030693	55.060087220709015	83.508594628282	89.53612274849783	70.36066461644772	53.42245983225334	90.33498565030693	101.93901684347927	50.3594629808537	95.34320469418583	101.6953934875089	82.78525826921889	62.97947074058679	55.060087220709015	50.3594629808537	69.65755264381463	45.73041398839226	49.77726001183806	53.67840507410242	48.31461775676035	83.508594628282	95.34320469418583	45.73041398839226	113.05405467686316	102.18060529273646	87.5266823261407	52.95871373670008	89.53612274849783	101.6953934875089	49.77726001183806	102.18060529273646	104.0262507674974	84.9400049342638	56.904516985114036	70.36066461644772	82.78525826921889	53.67840507410242	87.5266823261407	84.9400049342638	83.75280159154711
62.30758611505428	61.60706312678737	60.78564853428553	62.03470928560726	60.36909317712432	61.722530332545475	61.85708848475574	61.60706312678737	82.80277668442587	74.86596331240933	61.66134986708263	63.46540354597635	72.48281517393173	60.65182756543128	60.78564853428553	74.86596331240933	79.14043804044398	60.84890253791654	64.02185806442333	76.0188215428021	67.08427107741316	62.03470928560726	61.66134986708263	60.84890253791654	62.21411480911224	60.51947345008389	61.803867939287514	61.859267241601074	60.36909317712432	63.46540354597635	64.02185806442333	60.51947345008389	66.26332768242196	65.79517514289914	64.49911139543009	61.722530332545475	72.48281517393173	76.0188215428021	61.803867939287514	65.79517514289914	74.77476311688062	66.80667063080868	61.85708848475574	60.65182756543128	67.08427107741316	61.859267241601074	64.49911139543009	66.80667063080868	71.81429246583639
61.08465186291343	61.12708115954617	61.0708106195736	61.035778931775795	61.06242329434518	62.16903635911791	61.253188545942734	61.12708115954617	61.45777115082419	61.129547511704544	61.094694715815066	61.121153090988344	62.19989712329451	61.29014912986301	61.0708106195736	61.129547511704544	61.08420180520663	61.03794086855613	61.064584018955806	62.17848624462671	61.25580759228816	61.035778931775795	61.094694715815066	61.03794086855613	61.098564499073795	61.0295649886854	62.135081894684525	61.22102562402725	61.06242329434518	61.121153090988344	61.064584018955806	61.0295649886854	61.087465169661826	62.17182535628227	61.248419974237905	62.16903635911791	62.19989712329451	62.17848624462671	62.135081894684525	62.17182535628227	63.59272047176086	62.25475774529502	61.253188545942734	61.29014912986301	61.25580759228816	61.22102562402725	61.248419974237905	62.25475774529502	62.01363221051549
68.37287913769222	55.319404399681574	55.24121024230112	55.16503748740433	55.20205728553685	56.94421995940198	57.54242584979493	55.319404399681574	66.19796270432805	66.10836712374252	66.03980753243258	66.10359018687099	66.61023499386289	65.06462260845734	55.24121024230112	66.10836712374252	66.14328328706539	66.06837726252877	66.13247995958761	66.64708799200562	65.10445707167537	55.16503748740433	66.03980753243258	66.06837726252877	66.1790675778443	66.0635662959115	66.57265373908017	65.04050694740987	55.20205728553685	66.10359018687099	66.13247995958761	66.0635662959115	66.18441763875425	66.65342304618687	65.10411684851914	56.94421995940198	66.61023499386289	66.64708799200562	66.57265373908017	66.65342304618687	67.5613018706635	65.50885679667657	57.54242584979493	65.06462260845734	65.10445707167537	65.04050694740987	65.10411684851914	65.50885679667657	66.08822946567436
62.72186043038302	55.0659762819469	54.89027661049143	54.798701108439325	54.75369055006126	55.76137253444023	55.60714697825748	55.0659762819469	65.77864843041887	65.62564683494804	65.54467119573584	65.60882291704749	65.8371683500542	65.3369507158113	54.89027661049143	65.62564683494804	65.68658209082524	65.59912176900575	65.6635068826512	65.89771085214844	65.3973664654056	54.798701108439325	65.54467119573584	65.59912176900575	65.74556099430262	65.58187317488486	65.81327113287622	65.31719902299048	54.75369055006126	65.60882291704749	65.6635068826512	65.58187317488486	65.74724072650483	65.89168944865237	65.38318520197251	55.76137253444023	65.8371683500542	65.89771085214844	65.81327113287622	65.89168944865237	66.3091968711372	65.59998159450983	55.60714697825748	65.3369507158113	65.3973664654056	65.31719902299048	65.38318520197251	65.59998159450983	65.66878133001651
60.09108140244486	59.06768445745109	58.7882184147681	58.714330429839904	58.0773577131657	59.232603449773116	58.819138895730866	59.06768445745109	61.486081352999825	60.69545129278219	60.624742092501506	60.177360180696525	61.04233361461074	60.71103935615213	58.7882184147681	60.69545129278219	60.54172616251055	60.462324799964165	59.9739789643177	60.90620865428785	60.55460755368106	58.714330429839904	60.624742092501506	60.462324799964165	60.58882501327254	59.90205853299991	60.83126869213557	60.48171526247749	58.0773577131657	60.177360180696525	59.9739789643177	59.90205853299991	60.00857004564442	60.42726967013208	59.998777497973485	59.232603449773116	61.04233361461074	60.90620865428785	60.83126869213557	60.42726967013208	61.425150792998295	60.92213574072045	58.819138895730866	60.71103935615213	60.55460755368106	60.48171526247749	59.998777497973485	60.92213574072045	60.605392602407825
67.8874800517996	57.30622137589176	57.02761515606763	56.967230379094616	53.08062473057168	57.35053377769681	57.60228843322491	57.30622137589176	65.18362963013008	64.75641424859379	64.70277681354956	63.87303160780651	64.94427270378682	64.44788080445582	57.02761515606763	64.75641424859379	64.86319883790978	64.80291080365245	63.90807859847404	65.05168975258997	64.56900778414214	56.967230379094616	64.70277681354956	64.80291080365245	64.89668892940395	63.85666418375035	64.99461904871333	64.51555515739253	53.08062473057168	63.87303160780651	63.90807859847404	63.85666418375035	66.08443275656346	64.61037069663706	63.80733177502539	57.35053377769681	64.94427270378682	65.05168975258997	64.99461904871333	64.61037069663706	65.55170857865306	64.76147909154489	57.60228843322491	64.44788080445582	64.56900778414214	64.51555515739253	63.80733177502539	64.76147909154489	65.01081472763579
62.52191218910804	62.4563759263775	62.45467720721749	62.39334199299506	59.186486030201884	62.507356554940905	62.3559841937382	62.4563759263775	62.5293270506557	62.49185708849838	62.430649965899235	59.25983893431297	62.54642119382756	62.38289698121203	62.45467720721749	62.49185708849838	62.49674794908489	62.42893451731075	59.23886180212177	62.5462944780549	62.38543560285645	62.39334199299506	62.430649965899235	62.42893451731075	62.523767553437196	59.18021174364309	62.48142166093101	62.327544406614706	59.186486030201884	59.25983893431297	59.23886180212177	59.18021174364309	61.431505558252056	60.69031639985717	60.079628531464564	62.507356554940905	62.54642119382756	62.5462944780549	62.48142166093101	60.69031639985717	63.2298592552356	62.51937768623485	62.3559841937382	62.38289698121203	62.38543560285645	62.327544406614706	60.079628531464564	62.51937768623485	63.54259368123316
62.847184468709344	62.23703094166671	62.23470713969134	62.18428663162457	58.82900912670226	62.27252148000399	62.16522513712264	62.23703094166671	62.6089271313333	62.57742402129146	62.52727791509582	59.38833946150326	62.623719342276	62.42956278196516	62.23470713969134	62.57742402129146	62.582424431887496	62.525770468907396	59.369291355881195	62.623439103941635	62.43224306248932	62.18428663162457	62.52727791509582	62.525770468907396	62.60428090324386	59.32501318798396	62.57094616351506	62.385357015954575	58.82900912670226	59.38833946150326	59.369291355881195	59.32501318798396	60.81408524101469	60.40166827208701	60.25715202251588	62.27252148000399	62.623719342276	62.623439103941635	62.57094616351506	60.40166827208701	63.11084798900056	62.542055105557196	62.16522513712264	62.42956278196516	62.43224306248932	62.385357015954575	60.25715202251588	62.542055105557196	63.77914038794637
63.425413344976484	60.70426958053269	60.68543038046529	60.60546890049183	57.748453180120364	60.87181572641553	60.979057067330764	60.70426958053269	62.62871983610141	62.533506985637565	62.455761416880236	60.37416774458507	62.70488077476483	62.45084918352941	60.68543038046529	62.533506985637565	62.535056571218206	62.4514172089646	60.34498271318297	62.70276639425082	62.45738012996286	60.60546890049183	62.455761416880236	62.4514172089646	62.57547728427374	60.27043808874408	62.62257836852735	62.3839276136666	57.748453180120364	60.37416774458507	60.34498271318297	60.27043808874408	61.254813370623545	61.05239712415771	60.87073250081731	60.87181572641553	62.70488077476483	62.70276639425082	62.62257836852735	61.05239712415771	63.16318380416017	62.63253486269329	60.979057067330764	62.45084918352941	62.45738012996286	62.3839276136666	60.87073250081731	62.63253486269329	63.650440984510205
61.217559485182306	61.23326008021875	61.20122097343297	61.15594354176838	60.28986117658698	61.91042175919888	61.43142355680186	61.23326008021875	61.4556403495969	61.23925164516593	61.19429341854955	60.3476984610151	61.93794829302588	61.4466870237133	61.20122097343297	61.23925164516593	61.21437344644891	61.16188808955402	60.295252480094035	61.91971365368802	61.43698399409016	61.15594354176838	61.19429341854955	61.16188808955402	61.23587363425005	60.2508295899513	61.86977965460637	61.39327870645825	60.28986117658698	60.3476984610151	60.295252480094035	60.2508295899513	61.05671072363529	61.47056065531536	60.74943996187538	61.91042175919888	61.93794829302588	61.91971365368802	61.86977965460637	61.47056065531536	63.045924871331415	62.06486225794728	61.43142355680186	61.4466870237133	61.43698399409016	61.39327870645825	60.74943996187538	62.06486225794728	62.61751923032552
61.0500806722674	61.106851706453156	61.02775074704759	60.970899501661556	60.92977740247756	62.07500872252175	61.18730769965368	61.106851706453156	61.59284761164606	61.12070350944718	61.06490597761642	61.02765427662181	62.12867891363907	61.252124740754915	61.02775074704759	61.12070350944718	61.04829613964996	60.985025735392554	60.94405249303333	62.0915193775149	61.20045218705931	60.970899501661556	61.06490597761642	60.985025735392554	61.07068538073094	60.88714730709192	62.02991933586288	61.144908332187434	60.92977740247756	61.02765427662181	60.94405249303333	60.88714730709192	61.06120640749826	62.056717832839155	61.11610304320147	62.07500872252175	62.12867891363907	62.0915193775149	62.02991933586288	62.056717832839155	63.4646889726956	62.165452542232956	61.18730769965368	61.252124740754915	61.20045218705931	61.144908332187434	61.11610304320147	62.165452542232956	61.868322785583885
64.17982784554161	56.404357954882414	56.36126297579926	56.31644474734483	56.25988945538381	57.51215785199459	57.635296683392966	56.404357954882414	64.51470167019795	64.46247356059374	64.41823858370782	64.43520826651475	64.92168069552065	64.09154295030713	56.36126297579926	64.46247356059374	64.47398065441128	64.42350444626305	64.44029577423424	64.93212724730594	64.10246181241844	56.31644474734483	64.41823858370782	64.42350444626305	64.50045071426608	64.39605928426228	64.88414228613682	64.05980637960965	56.25988945538381	64.43520826651475	64.44029577423424	64.39605928426228	64.5205815519272	64.92369024415993	64.08442820756555	57.51215785199459	64.92168069552065	64.93212724730594	64.88414228613682	64.92369024415993	65.6796512341446	64.49562588492515	57.635296683392966	64.09154295030713	64.10246181241844	64.05980637960965	64.08442820756555	64.49562588492515	64.94905031164728
62.34509908552097	62.332787894838916	62.3285738113811	62.27901709752562	59.132345675434244	62.36165167906691	62.270176014446776	62.332787894838916	62.43451869243637	62.33916534455324	62.28980178461687	59.17590002128396	62.37249374435521	62.27191956961388	62.3285738113811	62.33916534455324	62.34254795937602	62.28538121767797	59.13158390575851	62.36879922882379	62.275788214012614	62.27901709752562	62.28980178461687	62.28538121767797	62.36474370974813	59.09182320093325	62.318157583767245	62.228511354775605	59.132345675434244	59.17590002128396	59.13158390575851	59.09182320093325	58.97567553918756	59.55445492939118	59.71259523390315	62.36165167906691	62.37249374435521	62.36879922882379	62.318157583767245	59.55445492939118	62.5790827389903	62.32376264858882	62.270176014446776	62.27191956961388	62.275788214012614	62.228511354775605	59.71259523390315	62.32376264858882	63.222383426178546
67.01788818650962	56.53734133412314	52.83167536519636	64.58435896830888	47.83470947134641	52.337643085943945	56.17197720062572	56.53734133412314	93.31869101552643	89.30780676184139	55.8359326522731	82.55871830418461	88.50428382491867	69.79017868861948	52.83167536519636	89.30780676184139	100.71724553897039	51.542331168856904	94.22715198382973	100.46153905685897	82.01485203525915	64.58435896830888	55.8359326522731	51.542331168856904	67.53864917888755	46.75517448980858	50.99503849402455	54.76405985787568	47.83470947134641	82.55871830418461	94.22715198382973	46.75517448980858	112.03030776536485	101.05452672432699	86.84159299254922	52.337643085943945	88.50428382491867	100.46153905685897	50.99503849402455	101.05452672432699	102.77954469068976	84.15364315460106	56.17197720062572	69.79017868861948	82.01485203525915	54.76405985787568	86.84159299254922	84.15364315460106	83.14767482271766
68.56848496571696	56.85796944200213	53.51902726408579	62.77084629989757	48.39621983056333	53.05897597535263	57.00556780904256	56.85796944200213	94.2433326294733	90.3588335892543	54.995708580972874	83.52797676615924	89.56117982955617	70.39009531941463	53.51902726408579	90.3588335892543	101.98592454148356	50.244442023425094	95.3819938857055	101.74440278189813	82.83908903673418	62.77084629989757	54.995708580972874	50.244442023425094	69.91310305789497	45.633678437969394	49.65768644599788	53.555607181919505	48.39621983056333	83.52797676615924	95.3819938857055	45.633678437969394	113.08599274657922	102.22115772441771	87.57173924863716	53.05897597535263	89.56117982955617	101.74440278189813	49.65768644599788	102.22115772441771	104.07743880577014	84.99603285774083	57.00556780904256	70.39009531941463	82.83908903673418	53.555607181919505	87.57173924863716	84.99603285774083	83.8113708463304
67.25630279280391	56.441298372104015	52.783654751805486	64.38388101712073	47.77725467622142	52.29519868763946	56.22808673987196	56.441298372104015	94.08998256060238	90.10172216575384	55.52102974332042	83.30755492228882	89.29452476510562	70.13084997514665	52.783654751805486	90.10172216575384	101.54665454949694	51.16399698920465	95.00683206085088	101.28835022612111	82.38854001333839	64.38388101712073	55.52102974332042	51.16399698920465	67.92093900148568	46.41137961669553	50.61284547437787	54.52028941542694	47.77725467622142	83.30755492228882	95.00683206085088	46.41137961669553	112.76357946387756	101.83138093582744	87.18882645470025	52.29519868763946	89.29452476510562	101.28835022612111	50.61284547437787	101.83138093582744	103.60385971144804	84.5279510318194	56.22808673987196	70.13084997514665	82.38854001333839	54.52028941542694	87.18882645470025	84.5279510318194	83.34206615432127
66.89584860171878	56.38921966701493	52.66200548790087	64.77485019722113	47.70096420120966	52.17153020751109	56.065914921600104	56.38921966701493	93.86136245782225	89.82449081608893	55.729809726144225	83.02045896103091	89.00691381191837	69.96114914236773	52.66200548790087	89.82449081608893	101.1880924542073	51.49053508617966	94.62947709080338	100.91227546734639	82.14422765471201	64.77485019722113	55.729809726144225	51.49053508617966	67.37171738117246	46.71934783754452	50.95500578171285	54.81940741644085	47.70096420120966	83.02045896103091	94.62947709080338	46.71934783754452	112.34196291704014	101.42980311466714	86.93282171661596	52.17153020751109	89.00691381191837	100.91227546734639	50.95500578171285	101.42980311466714	103.2077142339488	84.26892954793516	56.065914921600104	69.96114914236773	82.14422765471201	54.81940741644085	86.93282171661596	84.26892954793516	83.14701908410599
66.65603073720953	56.30802763385507	52.52211219867797	65.0727955546796	47.582192708400605	52.02629276318135	55.92103449609112	56.30802763385507	93.86214630799509	89.80767796309084	55.81411928305215	83.01033502790676	88.98870507256048	69.92718834878305	52.52211219867797	89.80767796309084	101.13973230548805	51.64585086697757	94.59362083872175	100.86147561878278	82.07640574076986	65.0727955546796	55.81411928305215	51.64585086697757	67.01223982432452	46.847662336806025	51.11637021412444	54.98968768287632	47.582192708400605	83.01033502790676	94.59362083872175	46.847662336806025	112.31780551758978	101.39232548587947	86.8785084671179	52.02629276318135	88.98870507256048	100.86147561878278	51.11637021412444	101.39232548587947	103.1544808233817	84.19843937993647	55.92103449609112	69.92718834878305	82.07640574076986	54.98968768287632	86.8785084671179	84.19843937993647	83.06815517143198
65.94782354599533	56.18260510401747	52.231871185222104	65.8883119187063	47.34918716251684	51.72089245502027	55.55268742934334	56.18260510401747	93.45890047759549	89.35236145980303	56.164845061672	82.59043410968738	88.53136075517368	69.67182712535562	52.231871185222104	89.35236145980303	100.59114429895713	52.1997870984103	94.09468000044271	100.30715044407484	81.72205988660586	65.8883119187063	56.164845061672	52.1997870984103	65.9607794487505	47.32237383703887	51.68754056755804	55.51808047949023	47.34918716251684	82.59043410968738	94.09468000044271	47.32237383703887	111.86203161096904	100.88876690031275	86.56577662045667	51.72089245502027	88.53136075517368	100.30715044407484	51.68754056755804	100.88876690031275	102.59406839569543	83.83626804744296	55.55268742934334	69.67182712535562	81.72205988660586	55.51808047949023	86.56577662045667	83.83626804744296	82.77934684709142
68.22611862642653	56.836918931994056	53.421903066897585	63.14199667543161	48.325727138680335	52.954991848712936	56.848989176448626	56.836918931994056	93.71133150802554	89.78701015079746	55.31057944399923	82.98839444067599	88.98831371415561	70.110888049659	53.421903066897585	89.78701015079746	101.35161272998394	50.66476791109365	94.78478323118982	101.10642194592906	82.50262958363896	63.14199667543161	55.31057944399923	50.66476791109365	69.34586028097802	46.01201213161094	50.08705424346923	53.87871649501	48.325727138680335	82.98839444067599	94.78478323118982	46.01201213161094	112.51860313098277	101.61968811015936	87.25866893086537	52.954991848712936	88.98831371415561	101.10642194592906	50.08705424346923	101.61968811015936	103.43525768008777	84.65464468779784	56.848989176448626	70.110888049659	82.50262958363896	53.87871649501	87.25866893086537	84.65464468779784	83.5965489362241
62.241402466557055	62.24958435877449	62.22734714368268	62.227428088913726	59.24596650033009	62.32404144532518	62.21078641883615	62.24958435877449	62.76654928750166	62.24970842232465	62.24869245533691	59.43124748445862	62.3478222715167	62.20769046240844	62.22734714368268	62.24970842232465	62.247405493191366	62.22651388722128	59.220641107902644	62.327688047553245	62.21043818217785	62.227428088913726	62.24869245533691	62.22651388722128	62.24081744498858	59.24770854665518	62.32318877479086	62.209702778504536	59.24596650033009	59.43124748445862	59.220641107902644	59.24770854665518	59.98899685483891	60.129265480317535	59.59213377472933	62.32404144532518	62.3478222715167	62.327688047553245	62.32318877479086	60.129265480317535	62.80266033768697	62.32259507942478	62.21078641883615	62.20769046240844	62.21043818217785	62.209702778504536	59.59213377472933	62.32259507942478	62.7683543659502
61.96802332135839	62.11986142508865	61.93290697015996	61.93255406112398	59.965793379895565	62.38225454282934	61.96530035939242	62.11986142508865	64.3890330700192	62.12449861840145	62.09464170182363	60.701208573798965	62.524804012228614	62.116605451468956	61.93290697015996	62.12449861840145	62.017060863321525	61.904110650914355	59.882563286214946	62.41629440382757	61.93736362152407	61.93255406112398	62.09464170182363	61.904110650914355	61.98137361513769	59.936179127850444	62.35252147924258	61.936636290321516	59.965793379895565	60.701208573798965	59.882563286214946	59.936179127850444	62.3527602460812	61.72537522412788	59.98756009783126	62.38225454282934	62.524804012228614	62.41629440382757	62.35252147924258	61.72537522412788	63.583892240264646	62.3868734391855	61.96530035939242	62.116605451468956	61.93736362152407	61.936636290321516	59.98756009783126	62.3868734391855	62.0035795164194
61.53656840906873	61.809005900838784	61.025623834540944	61.522669816724125	60.78592381572212	61.96303798842047	61.53654148649032	61.809005900838784	65.74362132059636	61.9089906572254	61.81202580811992	61.33245658158614	62.37989815439961	61.79284694443528	61.025623834540944	61.9089906572254	61.570738733146754	61.03132743915545	60.04694822637247	62.06344376750117	61.05807750134472	61.522669816724125	61.81202580811992	61.03132743915545	61.53515264900581	60.79206352401653	61.96782371373433	61.54151161094535	60.78592381572212	61.33245658158614	60.04694822637247	60.79206352401653	61.805004656142216	61.569451235751885	60.82156265613128	61.96303798842047	62.37989815439961	62.06344376750117	61.96782371373433	61.569451235751885	63.19090568337979	61.98254836295712	61.53654148649032	61.79284694443528	61.05807750134472	61.54151161094535	60.82156265613128	61.98254836295712	61.65732655008705
67.08086634647626	56.3861728790722	52.68851769728309	64.59665546461802	47.69977677299415	52.196965718793535	56.12798315808802	56.3861728790722	94.07835123225175	90.07224237998676	55.59034176831063	83.27871983729607	89.26255220189121	70.09455571636812	52.68851769728309	90.07224237998676	101.4854851143136	51.288862060841815	94.94734819962254	101.22291202669405	82.3206640394116	64.59665546461802	55.59034176831063	51.288862060841815	67.654676120109	46.52036425276641	50.743334087574745	54.65246885487066	47.69977677299415	83.27871983729607	94.94734819962254	46.52036425276641	112.70181772427857	101.7671327579611	87.12475015606395	52.196965718793535	89.26255220189121	101.22291202669405	50.743334087574745	101.7671327579611	103.53380243762452	84.45617284186866	56.12798315808802	70.09455571636812	82.3206640394116	54.65246885487066	87.12475015606395	84.45617284186866	83.27076939858189
65.67081591636905	58.58312732797412	56.13188625992863	63.01610267465357	52.90369960042377	56.2133577742029	58.65990245601555	58.58312732797412	90.2746803624112	84.20234095202855	58.36998245806932	74.59866780461479	82.46778940080458	65.82828903472293	56.13188625992863	84.20234095202855	92.33789969024356	55.650830977890955	81.336427940149	90.60871075009486	75.61257615219037	63.01610267465357	58.36998245806932	55.650830977890955	65.49721033905422	53.038483524990504	55.81553259625608	57.88532957590085	52.90369960042377	74.59866780461479	81.336427940149	53.038483524990504	92.27702733750174	85.92318128825558	77.07480077128584	56.2133577742029	82.46778940080458	90.60871075009486	55.81553259625608	85.92318128825558	91.20271099712475	76.65186809839949	58.65990245601555	65.82828903472293	75.61257615219037	57.88532957590085	77.07480077128584	76.65186809839949	78.30541328700298
61.77214508482249	62.03619640296337	61.670607100299044	61.76191687378871	61.338925635541045	62.664218023459895	62.21455639939518	62.03619640296337	66.74121042360143	62.32733018747338	62.03611479312592	61.72355736425676	63.02647868342731	61.08356734948939	61.670607100299044	62.32733018747338	62.55755373237116	61.67061117712577	61.278501415850805	63.30449016606243	62.43090709918234	61.76191687378871	62.03611479312592	61.67061117712577	61.771964742034605	61.33916571288874	62.66382031640364	62.21294140322344	61.338925635541045	61.72355736425676	61.278501415850805	61.33916571288874	62.578317962921716	62.775120284572004	62.280395382511074	62.664218023459895	63.02647868342731	63.30449016606243	62.66382031640364	62.775120284572004	64.71880742376797	63.01165417295897	62.21455639939518	61.08356734948939	62.43090709918234	62.21294140322344	62.280395382511074	63.01165417295897	66.38932247797621
61.29869176042949	59.638053775551846	59.44380804559519	59.376284095682244	58.41851044588779	59.92362698288326	59.93630225136701	59.638053775551846	62.071219562286466	61.36556639478763	61.30070406930011	60.61727678185943	61.746941247786374	61.49195475426441	59.44380804559519	61.36556639478763	61.279051380125516	61.206943852484294	60.473852903391005	61.67603866816671	61.46883560959825	59.376284095682244	61.30070406930011	61.206943852484294	61.318561859792425	60.40843473949693	61.60704835309612	61.40471092271785	58.41851044588779	60.61727678185943	60.473852903391005	60.40843473949693	60.729152190778976	61.04968701100596	60.83576363193716	59.92362698288326	61.746941247786374	61.67603866816671	61.60704835309612	61.04968701100596	62.28941255634102	61.82190831627606	59.93630225136701	61.49195475426441	61.46883560959825	61.40471092271785	60.83576363193716	61.82190831627606	62.613006849729004
62.71110837420366	62.4013979611152	62.39212357062179	62.29021969730712	59.00346033184767	62.41250054214571	62.31854577518794	62.4013979611152	63.02036640829549	62.568349329378954	62.469094645897336	59.43635637529704	62.59481064136923	62.43334121701178	62.39212357062179	62.568349329378954	62.57085739796005	62.46393014210197	59.279820988431304	62.58981951803088	62.46635160737774	62.29021969730712	62.469094645897336	62.46393014210197	62.61969532890812	59.18150626243951	62.48632341053069	62.369789988754185	59.00346033184767	59.43635637529704	59.279820988431304	59.18150626243951	59.711104736960316	59.929595407168506	59.855304211212996	62.41250054214571	62.59481064136923	62.58981951803088	62.48632341053069	59.929595407168506	62.8937495827351	62.518710089587096	62.31854577518794	62.43334121701178	62.46635160737774	62.369789988754185	59.855304211212996	62.518710089587096	63.38678031797368
61.81717352293222	61.79010216667599	61.7458128635602	61.674221649441556	59.360559126103546	61.971356261190934	61.8036657383175	61.79010216667599	62.35602401397822	61.83260540260013	61.76274316649648	59.586716602287176	62.0527723687841	61.84645274318502	61.7458128635602	61.83260540260013	61.79552646797504	61.71842888510787	59.41891316181972	62.01654287650452	61.84239663871233	61.674221649441556	61.76274316649648	61.71842888510787	61.83048229090751	59.34959650066957	61.942513839017316	61.7735408462169	59.360559126103546	59.586716602287176	59.41891316181972	59.34959650066957	60.081955500540474	60.283891110731304	59.89068464345587	61.971356261190934	62.0527723687841	62.01654287650452	61.942513839017316	60.283891110731304	62.59052067570395	62.06777604687025	61.8036657383175	61.84645274318502	61.84239663871233	61.7735408462169	59.89068464345587	62.06777604687025	62.710274674881724
60.864714073481565	60.92527531285005	60.845856443440695	60.81404252785036	60.32172934282767	61.608486112732294	61.17674410481634	60.92527531285005	61.41690420729048	60.93263517504644	60.901202106293155	60.43155766303948	61.67001761325739	61.20688097899693	60.845856443440695	60.93263517504644	60.860083738866486	60.82137179186478	60.328796914291196	61.61866859126152	61.183338852247594	60.81404252785036	60.901202106293155	60.82137179186478	60.87850964813448	60.29781461398371	61.58267901342232	61.15229768713347	60.32172934282767	60.43155766303948	60.328796914291196	60.29781461398371	60.69800568909859	61.32246340000156	60.79589361549143	61.608486112732294	61.67001761325739	61.61866859126152	61.58267901342232	61.32246340000156	62.71439704613633	61.8347966931079	61.17674410481634	61.20688097899693	61.183338852247594	61.15229768713347	60.79589361549143	61.8347966931079	62.546585671266044
60.765552240827034	60.760032419796865	60.730027685349576	60.72960300915255	60.02842353764888	61.3664018886976	61.177720423915865	60.760032419796865	60.935181195234904	60.77808764530568	60.77750762058539	60.08733283147666	61.406963771344806	61.19757449358029	60.730027685349576	60.77808764530568	60.75673944819206	60.74774085885641	60.0467627739343	61.38702922909343	61.19237680228801	60.72960300915255	60.77750762058539	60.74774085885641	60.76589459149686	60.048568960763646	61.38246000840762	61.18981454846097	60.02842353764888	60.08733283147666	60.0467627739343	60.048568960763646	60.42054686231831	60.9272280987879	60.723106034353556	61.3664018886976	61.406963771344806	61.38702922909343	61.38246000840762	60.9272280987879	62.32696263503066	61.70929668753824	61.177720423915865	61.19757449358029	61.19237680228801	61.18981454846097	60.723106034353556	61.70929668753824	62.95987953304384
61.688203302432726	55.44736176144195	55.21789829887917	55.12726522041122	54.88012324560842	55.74351951502322	56.131390496914854	55.44736176144195	64.78033056508477	64.52400671177226	64.44025297414031	64.44424777093978	64.70110732713363	64.25694475919819	55.21789829887917	64.52400671177226	64.57464437808964	64.484158278241	64.48622220965622	64.75179048331867	64.31632210423406	55.12726522041122	64.44025297414031	64.484158278241	64.63553162638598	64.4016920019726	64.66513099789803	64.23372458570896	54.88012324560842	64.44424777093978	64.48622220965622	64.4016920019726	64.62668538085376	64.68816454767483	64.24855736063	55.74351951502322	64.70110732713363	64.75179048331867	64.66513099789803	64.68816454767483	65.06115901470106	64.48186765811649	56.131390496914854	64.25694475919819	64.31632210423406	64.23372458570896	64.24855736063	64.48186765811649	64.82093787936509
62.151063420623984	62.15680237097346	62.14133194582076	62.12697828723498	59.57887963524679	62.401758990550555	62.14251344171221	62.15680237097346	62.413795950167135	62.157099508847836	62.14255575515628	59.661290721803134	62.417068297350895	62.13009398276677	62.14133194582076	62.157099508847836	62.155886149269655	62.126912890837524	59.57009657946164	62.40853638288052	62.1438005518096	62.12697828723498	62.14255575515628	62.126912890837524	62.157379019347985	59.5650178775514	62.38686094918763	62.12859624181409	59.57887963524679	59.661290721803134	59.57009657946164	59.5650178775514	62.286511501591306	61.35461723290227	60.41121551113221	62.401758990550555	62.417068297350895	62.40853638288052	62.38686094918763	61.35461723290227	63.414916804290286	62.4564224866045	62.14251344171221	62.13009398276677	62.1438005518096	62.12859624181409	60.41121551113221	62.4564224866045	63.43256891363159
