63.16637707305774	63.15347229654377	61.90638858225433	63.15481032730633	56.895484799639014	61.477222577325875	60.74817427484728	63.15347229654377	63.3708714836639	61.97679523526588	63.14919458834095	56.95628545925349	61.54123433232841	60.701766747091945	61.90638858225433	61.97679523526588	65.68423664108406	61.90120903619112	60.36940769120969	65.33792703962952	64.4352477659261	63.15481032730633	63.14919458834095	61.90120903619112	63.1681188888176	56.891398164295644	61.471879782450614	60.74293194822137	56.895484799639014	56.95628545925349	60.36940769120969	56.891398164295644	78.40890435880567	66.87383712280827	68.92436377175594	61.477222577325875	61.54123433232841	65.33792703962952	61.471879782450614	66.87383712280827	67.4941312888841	66.1740634711045	60.74817427484728	60.701766747091945	64.4352477659261	60.74293194822137	68.92436377175594	66.1740634711045	71.41643242083198
62.73898543574785	62.71647339053566	62.3183890416044	62.709832812924994	58.66088046747254	62.25229650038563	62.07630854057446	62.71647339053566	63.50620517368553	62.495884991176695	62.69348827712153	58.90737794308054	62.42244867411253	61.941442489570285	62.3183890416044	62.495884991176695	64.38776391972877	62.29258989372672	58.99921838342021	64.00045602642459	62.79330032857315	62.709832812924994	62.69348827712153	62.29258989372672	62.750657283841335	58.63589028275929	62.225550173935	62.05483484317523	58.66088046747254	58.90737794308054	58.99921838342021	58.63589028275929	70.46325093090468	63.84074661991066	62.65079710408892	62.25229650038563	62.42244867411253	64.00045602642459	62.225550173935	63.84074661991066	65.69195045396701	63.44711597259727	62.07630854057446	61.941442489570285	62.79330032857315	62.05483484317523	62.65079710408892	63.44711597259727	65.89561526875858
62.83809677139984	62.83270698007766	62.52613405855292	62.82694913649778	58.129247217009315	62.2665479626476	61.861013994698396	62.83270698007766	63.12862094073017	62.56776066608246	62.82924051968728	58.20290249853322	62.307212974942175	61.78547064577368	62.52613405855292	62.56776066608246	63.75081794015546	62.522415887961614	58.65005412915812	63.37996319324302	62.561371418144596	62.82694913649778	62.82924051968728	62.522415887961614	62.838997236916526	58.12675263414603	62.26273937537904	61.8570352147675	58.129247217009315	58.20290249853322	58.65005412915812	58.12675263414603	72.98165624845018	64.23006060353833	64.20157891042214	62.2665479626476	62.307212974942175	63.37996319324302	62.26273937537904	64.23006060353833	65.29624237874198	63.596539349215	61.861013994698396	61.78547064577368	62.561371418144596	61.8570352147675	64.20157891042214	63.596539349215	67.10243198686969
62.908963473686036	62.908739507015206	62.62505206146681	62.88431977239857	57.72576008123992	62.24868179981344	61.59262020637962	62.908739507015206	63.09037993285337	62.64620376208687	62.889981022957485	57.75106674390446	62.26593990723998	61.52959068183603	62.62505206146681	62.64620376208687	63.53882406051296	62.60559627058192	58.41710686257382	63.148385670398284	62.364923511579455	62.88431977239857	62.889981022957485	62.60559627058192	62.91704117043169	57.708330083693085	62.22876406270294	61.57763946580569	57.72576008123992	57.75106674390446	58.41710686257382	57.708330083693085	75.4742990849216	64.62296557524668	66.08015146103538	62.24868179981344	62.26593990723998	63.148385670398284	62.22876406270294	64.62296557524668	65.20060771846472	63.850169640352654	61.59262020637962	61.52959068183603	62.364923511579455	61.57763946580569	66.08015146103538	63.850169640352654	68.5992641382787
62.79648543536135	62.793541107885204	62.615692012116796	62.75318685612376	58.38112488898816	62.40232949674391	62.056722338511726	62.793541107885204	63.33968493230108	62.66767135427473	62.75643131908564	58.52584613884543	62.458270114172215	61.924862905627464	62.615692012116796	62.66767135427473	63.41293387433895	62.5765055155652	58.556447157192444	63.08008900090081	62.40095970286299	62.75318685612376	62.75643131908564	62.5765055155652	62.81448269636898	58.34191527184504	62.361522238338424	62.02447236764671	58.38112488898816	58.52584613884543	58.556447157192444	58.34191527184504	71.52192014995845	63.75923802592123	63.18825376444861	62.40232949674391	62.458270114172215	63.08008900090081	62.361522238338424	63.75923802592123	64.9159444730528	63.2340489062023	62.056722338511726	61.924862905627464	62.40095970286299	62.02447236764671	63.18825376444861	63.2340489062023	66.28129553363124
58.59980719166512	59.113248981248745	58.53206844917567	58.326399318301085	58.29078119753097	58.789968357198	58.62763023709876	59.113248981248745	60.766154988166136	59.064373559492864	58.86772628935792	58.85189383669534	59.289179862565504	59.13907519049618	58.53206844917567	59.064373559492864	58.49981295564907	58.266392057499985	58.22665009796342	58.73395906005804	58.568475567399766	58.326399318301085	58.86772628935792	58.266392057499985	58.70881866640981	58.024538299769596	58.5242677959013	58.362950178246244	58.29078119753097	58.85189383669534	58.22665009796342	58.024538299769596	58.220557446930556	58.50345903038403	58.329479445488495	58.789968357198	59.289179862565504	58.73395906005804	58.5242677959013	58.50345903038403	59.05206376345762	58.824354318569966	58.62763023709876	59.13907519049618	58.568475567399766	58.362950178246244	58.329479445488495	58.824354318569966	58.7128190480973
65.17073641885142	65.17041190049233	65.03892424543682	48.99365553974875	64.90253488144128	65.2718432480271	65.25823993420943	65.17041190049233	66.83986829518248	65.07694514878285	50.66783463673834	64.95518892225428	65.26257833238994	65.18578129924275	65.03892424543682	65.07694514878285	64.97162188478153	48.84434221728328	64.76847592647648	65.15093862297614	65.1413602322848	48.99365553974875	50.66783463673834	48.84434221728328	72.61728018362459	48.70672841561278	49.085125844304905	49.37538130329779	64.90253488144128	64.95518892225428	64.76847592647648	48.70672841561278	64.85733990619654	65.01711793776931	65.01350328954182	65.2718432480271	65.26257833238994	65.15093862297614	49.085125844304905	65.01711793776931	65.41520284936416	65.36115393068081	65.25823993420943	65.18578129924275	65.1413602322848	49.37538130329779	65.01350328954182	65.36115393068081	65.69956034341192
72.46806095259646	69.95697746898644	71.41777660190976	43.23161691794216	72.45572619543475	72.69708172760994	72.44682362430521	69.95697746898644	72.37444939604066	69.62282634481284	47.98859004942265	69.95515154562305	70.20220789907509	69.9241439534155	71.41777660190976	69.62282634481284	70.99572463319296	42.25990191184022	71.4132560111042	71.83033394286568	71.41888002686072	43.23161691794216	47.98859004942265	42.25990191184022	88.1587973918472	43.23099795115172	43.22840970299883	43.29023231758252	72.45572619543475	69.95515154562305	71.4132560111042	43.23099795115172	72.46571522602964	72.69573936639932	72.4450097992652	72.69708172760994	70.20220789907509	71.83033394286568	43.22840970299883	72.69573936639932	73.12499933260152	72.68572620225638	72.44682362430521	69.9241439534155	71.41888002686072	43.29023231758252	72.4450097992652	72.68572620225638	72.50630457175104
81.68794910192165	72.38433625155766	79.53533389687748	31.201201907738657	81.67907724890269	82.10514292852359	81.28939542264034	72.38433625155766	77.80535926252138	73.93443967339583	44.93158817088598	72.38221516456123	74.08458423954289	71.38360346925569	79.53533389687748	73.93443967339583	80.46464473541829	31.2317528421045	79.53085216765052	81.73269258371542	79.47569601154733	31.201201907738657	44.93158817088598	31.2317528421045	107.89519348184218	31.199565152414863	30.922418868615203	32.071587525908406	81.67907724890269	72.38221516456123	79.53085216765052	31.199565152414863	81.69226410678252	82.10555252393772	81.28910109222525	82.10514292852359	74.08458423954289	81.73269258371542	30.922418868615203	82.10555252393772	83.9360055175539	81.77484737554576	81.28939542264034	71.38360346925569	79.47569601154733	32.071587525908406	81.28910109222525	81.77484737554576	82.38874416974885
83.14960722004272	73.76720952819217	81.71392540081072	29.145927065541365	83.14045893742298	84.42857146751103	81.88261852417556	73.76720952819217	90.79027984214216	86.57296834875049	44.22310922932745	73.7729518032193	84.35888613797735	70.78980792628002	81.71392540081072	86.57296834875049	97.1661707280407	30.52826135126552	81.72144871047229	95.0889557416015	83.49450303192847	29.145927065541365	44.22310922932745	30.52826135126552	111.42454763494602	29.14529023331307	29.335671651207413	32.50047937045625	83.14045893742298	73.7729518032193	81.72144871047229	29.14529023331307	83.1562455954209	84.43858489425828	81.88702397624398	84.42857146751103	84.35888613797735	95.0889557416015	29.335671651207413	84.43858489425828	94.93081960069185	84.70177550451538	81.88261852417556	70.78980792628002	83.49450303192847	32.50047937045625	81.88702397624398	84.70177550451538	87.27703193255844
83.19611924429796	73.93435399061327	81.7634357400263	29.048499651285596	83.1879089145919	84.50061803513297	81.74657592933815	73.93435399061327	91.64910441872583	87.28282913337607	44.00873439903995	73.93969167707465	84.99318867167838	70.60121189592189	81.7634357400263	87.28282913337607	98.30888315225376	30.691285115669558	81.77126830478399	95.93770281870138	83.95961378734395	29.048499651285596	44.00873439903995	30.691285115669558	111.68921628833584	29.048463876442966	29.37517813067929	32.928059212192856	83.1879089145919	73.93969167707465	81.77126830478399	29.048463876442966	83.20178635716643	84.51023265853051	81.75149606091078	84.50061803513297	84.99318867167838	95.93770281870138	29.37517813067929	84.51023265853051	95.58864336137593	84.9246132467437	81.74657592933815	70.60121189592189	83.95961378734395	32.928059212192856	81.75149606091078	84.9246132467437	88.01200092213654
82.49944980019059	73.92675044842487	82.44334489369888	30.10381945641071	82.4897601315807	84.59105244278884	82.4664835349093	73.92675044842487	76.96386004386854	74.35751657682295	45.70103078985407	73.92947114101455	75.10567329676343	73.77882289070043	82.44334489369888	74.35751657682295	82.88448008203984	30.092541119691642	82.44045967733194	84.8953704295022	82.41993349568371	30.10381945641071	45.70103078985407	30.092541119691642	109.22778151203019	30.098011460679384	29.66713015016795	30.19878734623366	82.4897601315807	73.92947114101455	82.44045967733194	30.098011460679384	82.5112041958766	84.59589140072545	82.46365317166024	84.59105244278884	75.10567329676343	84.8953704295022	29.66713015016795	84.59589140072545	87.42381971402766	84.54805068443743	82.4664835349093	73.77882289070043	82.41993349568371	30.19878734623366	82.46365317166024	84.54805068443743	82.61678028719045
59.835420714296966	61.07288596589256	59.80354080330707	58.84346513088842	59.72246664434945	60.27514938709177	59.82587127417945	61.07288596589256	65.60235496491406	61.08112739467985	60.33806803365583	61.032776109177284	61.378490089884366	61.08334669526712	59.80354080330707	61.08112739467985	59.82014997740846	58.85129150442653	59.730076322330945	60.28468696596172	59.83360616449866	58.84346513088842	60.33806803365583	58.85129150442653	60.34809384725155	58.770480281642826	59.313299719428976	58.87427989101187	59.72246664434945	61.032776109177284	59.730076322330945	58.770480281642826	59.749310243626745	60.21481757425139	59.753030282742266	60.27514938709177	61.378490089884366	60.28468696596172	59.313299719428976	60.21481757425139	60.90698938006274	60.30311809228965	59.82587127417945	61.08334669526712	59.83360616449866	58.87427989101187	59.753030282742266	60.30311809228965	59.876844520905756
58.58118170318746	59.684990588128706	58.39261308722097	56.80607345110003	58.36535069968375	58.46731413488313	58.45857241453916	59.684990588128706	63.3946966681171	59.86880935394535	58.538052657854635	59.84720503923164	59.91923011819852	59.89794744230506	58.39261308722097	59.86880935394535	58.655162925399225	57.059495336677955	58.61623092843639	58.7162417636676	58.706254296203106	56.80607345110003	58.538052657854635	57.059495336677955	59.52261187069991	57.03310341958245	57.13171256094189	57.126241645135615	58.36535069968375	59.84720503923164	58.61623092843639	57.03310341958245	58.63206155621214	58.689966718239695	58.68003222279406	58.46731413488313	59.91923011819852	58.7162417636676	57.13171256094189	58.689966718239695	58.80195707328711	58.77855158819052	58.45857241453916	59.89794744230506	58.706254296203106	57.126241645135615	58.68003222279406	58.77855158819052	58.82104143384419
71.10698827046248	68.74828084730508	69.86489783342138	37.43864905947765	69.88574690743147	69.95707072091409	70.16318305103445	68.74828084730508	73.40400103169362	69.69887101176131	46.5654814003123	69.70024032407267	69.73655297453563	69.2814846711066	69.86489783342138	69.69887101176131	71.6816955474108	38.742466099635166	71.68172934027805	71.74673100704395	71.78075578441656	37.43864905947765	46.5654814003123	38.742466099635166	94.60699130346349	38.74758055556	38.767281386357794	39.4467558253958	69.88574690743147	69.70024032407267	71.68172934027805	38.74758055556	71.72407681953965	71.76613485687821	71.79890608631796	69.95707072091409	69.73655297453563	71.74673100704395	38.767281386357794	71.76613485687821	71.8399126912692	71.8579866930446	70.16318305103445	69.2814846711066	71.78075578441656	39.4467558253958	71.79890608631796	71.8579866930446	72.72855046860873
65.44500087049585	65.39989430873474	65.4163008234601	50.72625149804906	64.83868974982306	65.7086903779656	65.6185619018006	65.39989430873474	65.95048562602878	65.40958852147143	51.1835036721926	64.86302893632687	65.68872911105653	65.526821271399	65.4163008234601	65.40958852147143	65.4322916063	50.73755720171392	64.84810582696021	65.71918718036454	65.62675257211913	50.72625149804906	51.1835036721926	50.73755720171392	72.09640126553528	50.10162712397097	50.984375591425675	51.95695534464198	64.83868974982306	64.86302893632687	64.84810582696021	50.10162712397097	64.82976585695391	65.19331364886813	65.1918705696283	65.7086903779656	65.68872911105653	65.71918718036454	50.984375591425675	65.19331364886813	66.11615808263862	65.87099370774543	65.6185619018006	65.526821271399	65.62675257211913	51.95695534464198	65.1918705696283	65.87099370774543	66.96303225725035
74.13199742339543	65.71728481111744	66.2632805388267	44.9210663118804	66.94641458415298	67.98207501723473	67.63832574121273	65.71728481111744	74.85823187144197	69.29437962347026	54.73017106377744	68.63635754591472	69.55614652463717	66.9527676581993	66.2632805388267	69.29437962347026	73.69014584320148	49.08986118215958	73.1242037911948	74.5385653608167	72.58849366657655	44.9210663118804	54.73017106377744	49.08986118215958	84.62434947413064	49.29837929475549	49.389200711577075	49.59518844721168	66.94641458415298	68.63635754591472	73.1242037911948	49.29837929475549	73.71951363674714	74.46301373514464	73.01406936142713	67.98207501723473	69.55614652463717	74.5385653608167	49.389200711577075	74.46301373514464	75.97364060577381	73.7159219372631	67.63832574121273	66.9527676581993	72.58849366657655	49.59518844721168	73.01406936142713	73.7159219372631	74.54999350802728
60.93573937119187	60.14909146997505	60.12313405747716	56.877445023575504	59.98718594945263	60.245609803122264	62.13447645635718	60.14909146997505	60.8747330400659	60.83969848442714	57.57679374123123	60.709975555641655	60.95714212660336	62.395033509625065	60.12313405747716	60.83969848442714	60.82846105987504	57.55161772642266	60.684370046770255	60.933493104222435	62.39258180582479	56.877445023575504	57.57679374123123	57.55161772642266	62.95177094460553	57.431828872758544	57.65837009056014	59.73394444265264	59.98718594945263	60.709975555641655	60.684370046770255	57.431828872758544	60.71640153932117	60.80712766039443	62.35587587024355	60.245609803122264	60.95714212660336	60.933493104222435	57.65837009056014	60.80712766039443	61.08931306139461	62.44450052367514	62.13447645635718	62.395033509625065	62.39258180582479	59.73394444265264	62.35587587024355	62.44450052367514	66.57085606306127
61.26537110317015	61.220588875858695	61.19246342304927	59.9350777374798	60.02109790598805	61.4567479067776	62.18564136886119	61.220588875858695	61.26137692073865	61.226514638533956	59.96907217235228	60.05813859789345	61.49020135229179	62.1945725228204	61.19246342304927	61.226514638533956	61.22680688638161	59.94069665860842	60.0151092210402	61.467612007040096	62.1942865623821	59.9350777374798	59.96907217235228	59.94069665860842	61.97273715649498	58.804952735112394	60.1924993941595	61.18804872180697	60.02109790598805	60.05813859789345	60.0151092210402	58.804952735112394	60.44505555794821	60.444740681836755	61.987704719633335	61.4567479067776	61.49020135229179	61.467612007040096	60.1924993941595	60.444740681836755	61.88595198750794	62.333532367557915	62.18564136886119	62.1945725228204	62.1942865623821	61.18804872180697	61.987704719633335	62.333532367557915	66.46819581403226
63.071222969208385	61.585222744329066	61.576971380679105	57.34597681994195	60.847124220370226	61.97119056618667	63.05653163245366	61.585222744329066	62.71633069561071	62.69035459715963	58.40695237564535	62.003072495587595	63.063831677384606	63.34646991937632	61.576971380679105	62.69035459715963	62.690241206909704	58.39683471661291	61.99360567366681	63.05881105240614	63.3544843831321	57.34597681994195	58.40695237564535	58.39683471661291	65.13940729933728	57.78377979974512	58.71025975019608	60.060161623317484	60.847124220370226	62.003072495587595	61.99360567366681	57.78377979974512	62.32912684784988	62.489887610362295	63.30166894781117	61.97119056618667	63.063831677384606	63.05881105240614	58.71025975019608	62.489887610362295	63.629206308023576	63.53111059267868	63.05653163245366	63.34646991937632	63.3544843831321	60.060161623317484	63.30166894781117	63.53111059267868	67.68186984050125
65.13803652429358	60.10543847757612	60.094982003003366	56.844944254627265	60.01596678872214	60.858189634486635	63.06524311030577	60.10543847757612	63.6048543178354	63.58749115295301	60.127453953818154	63.51695627009977	64.26019195361417	63.56662323434787	60.094982003003366	63.58749115295301	63.59253261717244	60.11731086262342	63.507436153371124	64.2576970187591	63.57551981997935	56.844944254627265	60.127453953818154	60.11731086262342	65.39149696075738	60.055310896175406	60.69273809097385	61.05735653559307	60.01596678872214	63.51695627009977	63.507436153371124	60.055310896175406	63.60805711488858	64.21180921305479	63.58868524706966	60.858189634486635	64.26019195361417	64.2576970187591	60.69273809097385	64.21180921305479	65.23690551266	63.79501146569461	63.06524311030577	63.56662323434787	63.57551981997935	61.05735653559307	63.58868524706966	63.79501146569461	68.25510607879909
64.00668663002432	60.74242930098066	60.73319468577624	56.19723756397936	60.44423386972276	61.191201469224524	63.17777443187036	60.74242930098066	63.19111222524613	63.16570251335897	58.453011474074316	62.903303268701094	63.58149681334517	63.65363276238503	60.73319468577624	63.16570251335897	63.165556660112884	58.44296985843732	62.89511008928318	63.57640747112163	63.66295230886066	56.19723756397936	58.453011474074316	58.44296985843732	65.9128231530618	58.21882063333174	58.78080571218769	60.1244453464309	60.44423386972276	62.903303268701094	62.89511008928318	58.21882063333174	63.04834038219806	63.359737689311196	63.66590950105163	61.191201469224524	63.58149681334517	63.57640747112163	58.78080571218769	63.359737689311196	64.18390308418543	63.822095436916605	63.17777443187036	63.65363276238503	63.66295230886066	60.1244453464309	63.66590950105163	63.822095436916605	68.2118035040742
63.95318392266613	62.77998537592924	62.76631630306707	53.26350312530538	62.22220791453088	62.99828517677475	63.805955032372	62.77998537592924	63.953293265534796	63.87868177722338	54.42239816007451	63.386642336597774	64.0927027371369	64.36581754627586	62.76631630306707	63.87868177722338	63.87604533349348	54.38434643675069	63.374846452792035	64.08592637711243	64.38239793497968	53.26350312530538	54.42239816007451	54.38434643675069	69.11057249006959	53.935075943079745	54.55329328798714	56.340575329395335	62.22220791453088	63.386642336597774	63.374846452792035	53.935075943079745	63.4102313373006	63.62460356935213	64.15914766696346	62.99828517677475	64.0927027371369	64.08592637711243	54.55329328798714	63.62460356935213	64.38685086846388	64.51808916658939	63.805955032372	64.36581754627586	64.38239793497968	56.340575329395335	64.15914766696346	64.51808916658939	67.26735697373257
73.64738539802735	70.91008041837138	71.4754972116318	34.85691251303652	71.45210664072646	71.61772661734929	71.63714757079677	70.91008041837138	73.93124744032289	72.93426630233924	41.14943903227789	72.91864749295465	73.02945847657763	72.56959242419812	71.4754972116318	72.93426630233924	73.97798956766651	38.20606735738407	73.9528605037825	74.08556299800568	73.76530931388812	34.85691251303652	41.14943903227789	38.20606735738407	93.36964411765166	38.19189281774513	38.27347929180447	39.39433428797843	71.45210664072646	72.91864749295465	73.9528605037825	38.19189281774513	73.96466020437332	74.06827042519782	73.75024697107457	71.61772661734929	73.02945847657763	74.08556299800568	38.27347929180447	74.06827042519782	74.23054664478798	73.86778141863122	71.63714757079677	72.56959242419812	73.76530931388812	39.39433428797843	73.75024697107457	73.86778141863122	74.39766334693124
78.20175344813984	75.06439179371685	78.15675405768366	37.91087202498761	74.81719679454126	78.38376837103601	77.15444245707911	75.06439179371685	76.40666241093383	75.08293156415326	43.02893896880918	72.82237563175259	75.27853507936109	73.7627916566159	78.15675405768366	75.08293156415326	78.18601531318892	37.93487659404788	74.84471318931084	78.40845504602405	77.17341144095812	37.91087202498761	43.02893896880918	37.93487659404788	98.83772892675854	35.547641062554014	37.778365735808414	39.30586381323869	74.81719679454126	72.82237563175259	74.84471318931084	35.547641062554014	75.18178122085378	75.59453643992316	74.68802628640233	78.38376837103601	75.27853507936109	78.40845504602405	37.778365735808414	75.59453643992316	78.88706751817662	77.41638469344146	77.15444245707911	73.7627916566159	77.17341144095812	39.30586381323869	74.68802628640233	77.41638469344146	77.85518430593243
62.406142080674655	62.40363135535087	62.394491171979446	62.370212280307896	59.198040178863096	62.46064318530015	62.277954988079195	62.40363135535087	62.728797247244906	62.40757961836889	62.38343699186265	59.30411631827573	62.47594121533195	62.24645034675612	62.394491171979446	62.40757961836889	62.407016585926854	62.37399520428254	59.19442820604733	62.466822576008724	62.2814559960772	62.370212280307896	62.38343699186265	62.37399520428254	62.41481162016419	59.17954270194648	62.439775713069274	62.25835311512659	59.198040178863096	59.30411631827573	59.19442820604733	59.17954270194648	61.002082778959526	60.39421696934967	60.28887964248887	62.46064318530015	62.47594121533195	62.466822576008724	62.439775713069274	60.39421696934967	63.04285707536195	62.428718511436756	62.277954988079195	62.24645034675612	62.2814559960772	62.25835311512659	60.28887964248887	62.428718511436756	63.897051763427704
62.3479768651589	62.343645997168395	62.33586541241974	62.33324930583397	59.24222706025803	62.43433771421047	62.22862702108771	62.343645997168395	62.43113888021651	62.3423743423574	62.33957713156171	59.27204076519011	62.44121166394879	62.220542924372566	62.33586541241974	62.3423743423574	62.358422693082936	62.331784761580664	59.216858489212235	62.44032657679759	62.230105089010316	62.33324930583397	62.33957713156171	62.331784761580664	62.34906520569359	59.2398585564793	62.4301688465582	62.22422027400718	59.24222706025803	59.27204076519011	59.216858489212235	59.2398585564793	61.51319437659839	60.60438468467476	60.54459417142897	62.43433771421047	62.44121166394879	62.44032657679759	62.4301688465582	60.60438468467476	63.114949234559035	62.42702478394052	62.22862702108771	62.220542924372566	62.230105089010316	62.22422027400718	60.54459417142897	62.42702478394052	64.14065510816164
62.64075097863534	62.62785530273025	62.626885361394116	62.59641340428038	59.097400747496	62.61688153371073	62.45193118340205	62.62785530273025	62.72868090509658	62.633799528007714	62.6034134906732	59.13919885511392	62.62495793804672	62.44678011047652	62.626885361394116	62.633799528007714	62.640936486002786	62.60233019910655	59.09542235237952	62.62426025744516	62.45694749988694	62.59641340428038	62.6034134906732	62.60233019910655	62.65056800040103	59.07587721328069	62.592063983435224	62.42832777745141	59.097400747496	59.13919885511392	59.09542235237952	59.07587721328069	60.078009981751464	59.945869178961274	60.016954451879876	62.61688153371073	62.62495793804672	62.62426025744516	62.592063983435224	59.945869178961274	62.982834975847005	62.51314048487206	62.45193118340205	62.44678011047652	62.45694749988694	62.42832777745141	60.016954451879876	62.51314048487206	63.786810032891836
62.55312087415154	62.54288971888666	62.54018551791376	62.45342847040543	59.18864072022771	62.567531604224435	62.42254693370504	62.54288971888666	62.761578887073824	62.548190289792245	62.462287959941555	59.27207633742934	62.57883943878318	62.40931799311242	62.54018551791376	62.548190289792245	62.55292259456012	62.458661031264924	59.18889433225437	62.57503785377091	62.42727065728953	62.45342847040543	62.462287959941555	62.458661031264924	62.59207513254858	59.10504627198885	62.48416974154834	62.345411005391625	59.18864072022771	59.27207633742934	59.18889433225437	59.10504627198885	61.164556123279844	60.53075878038767	60.00837745918508	62.567531604224435	62.57883943878318	62.57503785377091	62.48416974154834	60.53075878038767	63.186578464561	62.53258797538413	62.42254693370504	62.40931799311242	62.42727065728953	62.345411005391625	60.00837745918508	62.53258797538413	63.555427743444326
80.50451239777017	74.07766776540693	80.49284358851637	32.86638518185216	78.4282165698556	81.50944511052914	79.88652761362755	74.07766776540693	77.19580562499313	74.08470326085043	44.339897456025625	73.27732388414329	74.71637960444211	72.53137952114996	80.49284358851637	74.08470326085043	80.50418982428273	32.869604941719125	78.4304833544573	81.51670178978686	79.88989489801897	32.86638518185216	44.339897456025625	32.869604941719125	106.08668611649685	31.928469598017696	32.468125500564135	34.031627883361445	78.4282165698556	73.27732388414329	78.4304833544573	31.928469598017696	79.92527649339533	80.30883981671995	78.40621032390389	81.50944511052914	74.71637960444211	81.51670178978686	32.468125500564135	80.30883981671995	83.09805768549602	80.87583895291387	79.88652761362755	72.53137952114996	79.88989489801897	34.031627883361445	78.40621032390389	80.87583895291387	81.2182403683403
76.91304803895476	74.9300509908827	76.89987106080324	36.93581813673577	75.89684923302427	77.7401099704916	75.78021845303566	74.9300509908827	76.3031112536505	74.93465575326027	40.92978045859912	74.14825635864273	75.63246348314645	73.25057638219847	76.89987106080324	74.93465575326027	76.910343437681	36.93618860621488	75.89834417827096	77.74603356490917	75.78341894881687	36.93581813673577	40.92978045859912	36.93618860621488	97.6226093325902	36.177441718925	37.007360424091985	39.95124750260849	75.89684923302427	74.14825635864273	75.89834417827096	36.177441718925	76.45080943102747	77.05389703847011	75.267514876694	77.7401099704916	75.63246348314645	77.74603356490917	37.007360424091985	77.05389703847011	78.92236400641634	76.46082383281905	75.78021845303566	73.25057638219847	75.78341894881687	39.95124750260849	75.267514876694	76.46082383281905	77.23384836744295
60.896251166250316	60.868677559621446	60.851213511739644	60.77873664188206	59.38925320785189	61.14870354824593	61.367046784174086	60.868677559621446	60.90224051269902	60.87611401814152	60.803628038529475	59.41937385287336	61.17284173740739	61.38195362237368	60.851213511739644	60.87611401814152	60.87595720103125	60.7861475091017	59.38928284306679	61.15971255643053	61.37406068995913	60.77873664188206	60.803628038529475	60.7861475091017	60.93344283888734	59.32800022318759	61.082392442916046	61.304286663457326	59.38925320785189	59.41937385287336	59.38928284306679	59.32800022318759	59.678309650088984	59.938186087155536	60.53227367054622	61.14870354824593	61.17284173740739	61.15971255643053	61.082392442916046	59.938186087155536	61.65420613354458	61.60589694286976	61.367046784174086	61.38195362237368	61.37406068995913	61.304286663457326	60.53227367054622	61.60589694286976	63.74333516736492
62.43949146970839	62.27657670938108	62.27376384310228	62.15331096345112	59.02377695510095	62.29476974615115	62.19919563940087	62.27657670938108	62.39801207036047	62.369537428074146	62.24940508659549	59.1763215840672	62.390874966991646	62.26907783444863	62.27376384310228	62.369537428074146	62.37386386683862	62.24662563798001	59.15527334886116	62.38863282687227	62.27052319818013	62.15331096345112	62.24940508659549	62.24662563798001	62.43187324013241	59.044020745172006	62.26750083160075	62.15988668643522	59.02377695510095	59.1763215840672	59.15527334886116	59.044020745172006	58.82790312426076	59.40242997850738	60.01536249045942	62.29476974615115	62.390874966991646	62.38863282687227	62.26750083160075	59.40242997850738	62.509847743283615	62.30400073415244	62.19919563940087	62.26907783444863	62.27052319818013	62.15988668643522	60.01536249045942	62.30400073415244	63.734602513818714
63.10691976968807	63.079434556896935	63.076333390245665	60.213913764516576	60.21558725842334	63.141032004164686	63.00361566007775	63.079434556896935	63.12625394478969	63.09321571741073	60.23622876346233	60.24761735763105	63.157829228673876	63.012539217336766	63.076333390245665	63.09321571741073	63.09746978649717	60.228025775698015	60.22655586780575	63.15546100398363	63.014506413905444	60.213913764516576	60.23622876346233	60.228025775698015	64.50507372601594	57.316841092637866	60.27915616471871	60.39133664356408	60.21558725842334	60.24761735763105	60.22655586780575	57.316841092637866	60.07287833016469	60.556347115514455	61.002991906216046	63.141032004164686	63.157829228673876	63.15546100398363	60.27915616471871	60.556347115514455	63.34930782444857	63.08533088689415	63.00361566007775	63.012539217336766	63.014506413905444	60.39133664356408	61.002991906216046	63.08533088689415	64.44524154856036
60.84765296166979	59.62718543485241	59.60502357233838	57.172928966245735	59.35497180016546	59.72385077498729	61.612232676718094	59.62718543485241	60.787072626757315	60.75449759991506	58.309627816245765	60.52453189285754	60.86488130628301	62.09192751681428	59.60502357233838	60.75449759991506	60.7451966244457	58.288683650370345	60.50316700035829	60.84573595412202	62.089662499042866	57.172928966245735	58.309627816245765	58.288683650370345	62.27082383341429	58.069226488452856	58.39204645164125	60.06893832635944	59.35497180016546	60.52453189285754	60.50316700035829	58.069226488452856	60.53307754357446	60.62207577254646	62.012170788189295	59.72385077498729	60.86488130628301	60.84573595412202	58.39204645164125	60.62207577254646	60.99500687884875	62.144518868524855	61.612232676718094	62.09192751681428	62.089662499042866	60.06893832635944	62.012170788189295	62.144518868524855	65.98844074046214
59.350289255422446	59.106734067616	59.08495607509176	58.9410989599037	58.67261822199167	59.17621268764808	60.62919777424074	59.106734067616	59.38713616653091	59.3471651455279	59.20312613216142	58.94439579509541	59.43655704379778	60.765957992713155	59.08495607509176	59.3471651455279	59.33508170993592	59.181873854630496	58.92083692334338	59.41599915600944	60.760445968805314	58.9410989599037	59.20312613216142	59.181873854630496	59.45042721665756	58.77928409423606	59.271105772459684	60.630819700269846	58.67261822199167	58.94439579509541	58.92083692334338	58.77928409423606	58.90984298483998	59.02141690217282	60.56916129319297	59.17621268764808	59.43655704379778	59.41599915600944	59.271105772459684	59.02141690217282	59.53580951858168	60.813412696793634	60.62919777424074	60.765957992713155	60.760445968805314	60.630819700269846	60.56916129319297	60.813412696793634	64.23976571160517
72.92585766583903	70.31361992901357	71.12045282454868	35.68530808014694	71.12049438423355	71.22852128205604	71.4914301227275	70.31361992901357	73.74116911974646	72.06718004924467	41.68546536983573	72.06481447481795	72.14109283936563	71.33601033390599	71.12045282454868	72.06718004924467	73.36265107995467	37.82304651638183	73.3526758719607	73.44738737573525	73.11875113360074	35.68530808014694	41.68546536983573	37.82304651638183	95.13561557899452	37.8254005862951	37.860360713499176	40.098271473804814	71.12049438423355	72.06481447481795	73.3526758719607	37.8254005862951	73.37109816443092	73.44745518566502	73.11880807076807	71.22852128205604	72.14109283936563	73.44738737573525	37.860360713499176	73.44745518566502	73.5624496969151	73.19352001238032	71.4914301227275	71.33601033390599	73.11875113360074	40.098271473804814	73.11880807076807	73.19352001238032	74.61539574469731
81.96135284544349	68.23009250217314	68.46864462391333	29.19836710180755	68.55232512829149	69.51886654493202	69.87259645207973	68.23009250217314	78.6488367339913	77.05272842612824	47.0174962203406	77.04765193233904	77.35515966493612	75.04056465322026	68.46864462391333	77.05272842612824	90.89910039705683	34.86769750630661	90.92123207136308	91.53434649374394	89.20343132390751	29.19836710180755	47.0174962203406	34.86769750630661	110.1908690109901	34.84581028147065	34.59362904065361	35.178672675432836	68.55232512829149	77.04765193233904	90.92123207136308	34.84581028147065	90.99018135093523	91.58685547303901	89.2602664142592	69.51886654493202	77.35515966493612	91.53434649374394	34.59362904065361	91.58685547303901	92.38876756846751	89.82283071700056	69.87259645207973	75.04056465322026	89.20343132390751	35.178672675432836	89.2602664142592	89.82283071700056	89.4876112753664
75.57049165536144	69.6108847468529	70.63365756116649	31.65464550201382	70.63895030272359	70.94936361394858	70.76625594656953	69.6108847468529	75.54468841610904	73.04304734053358	46.21164077751274	73.04063597703805	73.1540267234754	72.8648438627799	70.63365756116649	73.04304734053358	79.13383414348344	36.25355482003679	79.13046538165028	79.35217707840212	79.06194981883714	31.65464550201382	46.21164077751274	36.25355482003679	104.97053157768676	36.25169067934674	36.227554405738864	36.360232262556444	70.63895030272359	73.04063597703805	79.13046538165028	36.25169067934674	79.14996277634486	79.35780832209821	79.06788733243715	70.94936361394858	73.1540267234754	79.35217707840212	36.227554405738864	79.35780832209821	79.63980305876156	79.28564045819854	70.76625594656953	72.8648438627799	79.06194981883714	36.360232262556444	79.06788733243715	79.28564045819854	79.22474938083272
66.52900036930629	65.74235725284491	65.72034896427516	46.45255477848707	65.30332044831482	65.82782700864428	65.78611028961681	65.74235725284491	67.39163812810092	66.64071340646895	48.760541986210825	66.31156907592737	66.72896577863987	66.65468318955942	65.72034896427516	66.64071340646895	66.71520207542912	47.85013001245916	66.34492857909424	66.805491940079	66.7422615351401	46.45255477848707	48.760541986210825	47.85013001245916	74.59273831435908	47.39695863129953	47.94483434485433	48.0700457033681	65.30332044831482	66.31156907592737	66.34492857909424	47.39695863129953	66.28730790847264	66.45126025088405	66.39185417205093	65.82782700864428	66.72896577863987	66.805491940079	47.94483434485433	66.45126025088405	66.9300456367356	66.83612719625786	65.78611028961681	66.65468318955942	66.7422615351401	48.0700457033681	66.39185417205093	66.83612719625786	66.94352161150634
74.44373701450884	74.39109135929047	74.41842251267913	40.874452380190604	72.52514394353969	74.4757957150827	73.8650217512321	74.39109135929047	74.42208090057298	74.39561944979077	40.96325347054227	72.5164513325663	74.45268044654786	73.83671424390873	74.41842251267913	74.39561944979077	74.43146241215754	40.879203330791846	72.5238278204534	74.48055372485696	73.86912585265706	40.874452380190604	40.96325347054227	40.879203330791846	90.17759101845569	38.29672035574949	40.90985160134258	42.232919246352886	72.52514394353969	72.5164513325663	72.5238278204534	38.29672035574949	72.24091403443374	72.63855196804943	72.36632843389673	74.4757957150827	74.45268044654786	74.48055372485696	40.90985160134258	72.63855196804943	74.57001282433993	73.92103254694378	73.8650217512321	73.83671424390873	73.86912585265706	42.232919246352886	72.36632843389673	73.92103254694378	74.30952996884447
72.56773547125403	71.86135518879641	71.85361759134358	36.86177664870708	71.77396682204294	71.9191149975833	71.78895992496776	71.86135518879641	72.65195466399408	72.58512890455056	37.613680269500676	72.50905210905	72.6477193429966	72.10290321197142	71.85361759134358	72.58512890455056	72.59438464500043	37.51710585641579	72.50436365862899	72.64430343401384	72.13448843477282	36.86177664870708	37.613680269500676	37.51710585641579	94.2930681171445	37.48367604435091	37.54948421468135	42.822661460892334	71.77396682204294	72.50905210905	72.50436365862899	37.48367604435091	72.51217984724184	72.56840881241783	72.09744421919609	71.9191149975833	72.6477193429966	72.64430343401384	37.54948421468135	72.56840881241783	72.71708864888105	72.16747052732329	71.78895992496776	72.10290321197142	72.13448843477282	42.822661460892334	72.09744421919609	72.16747052732329	74.27344310108622
72.85183555073449	72.01591868829445	71.98877535729694	36.770760334035494	71.86827531474474	72.10033862329558	71.81381422734964	72.01591868829445	72.97669971283014	72.93793409429342	37.22108739360724	72.8193407392427	73.04775311959344	72.08029898215554	71.98877535729694	72.93793409429342	72.92594239596401	37.19970642407898	72.79235178899451	73.02198172863865	72.0841448263274	36.770760334035494	37.22108739360724	37.19970642407898	98.51241878807123	37.194101617257225	37.20822523920875	44.581430318529016	71.86827531474474	72.8193407392427	72.79235178899451	37.194101617257225	72.79229761655937	72.90441646623992	72.04911098468011	72.10033862329558	73.04775311959344	73.02198172863865	37.20822523920875	72.90441646623992	73.15436663195179	72.12881693623615	71.81381422734964	72.08029898215554	72.0841448263274	44.581430318529016	72.04911098468011	72.12881693623615	74.97994254944433
73.83984115244891	72.40525558200291	72.3168781122055	36.73868793532604	72.41099238005341	72.70514521482079	72.10508924673691	72.40525558200291	73.94170976807924	73.82561535779497	37.78617158009213	73.91376478490352	74.1946367359178	72.63447666714073	72.3168781122055	73.82561535779497	73.797977043207	37.69183788636172	73.83354468580674	74.12190531262935	72.63974528253648	36.73868793532604	37.78617158009213	37.69183788636172	96.82177876173591	37.74678247434278	37.77639046880041	43.94379730272449	72.41099238005341	73.91376478490352	73.83354468580674	37.74678247434278	73.92908821586876	74.20372107454598	72.6595000772242	72.70514521482079	74.1946367359178	74.12190531262935	37.77639046880041	74.20372107454598	74.56754782958049	72.81526953983271	72.10508924673691	72.63447666714073	72.63974528253648	43.94379730272449	72.6595000772242	72.81526953983271	74.94347772719297
86.44452255575759	67.80530385069585	67.73590523180093	31.269310783464373	67.80330509687157	69.45062917450372	70.99283404098045	67.80530385069585	83.23550038475574	83.23673820706715	43.882595971680345	83.23050960338145	84.14145191803237	76.74138619538465	67.73590523180093	83.23673820706715	83.38118477732297	43.77441117452656	83.25148610569474	84.23413627312536	76.8227616149027	31.269310783464373	43.882595971680345	43.77441117452656	100.12642385910053	43.865777263694625	43.769140615109734	46.13692834719071	67.80330509687157	83.23050960338145	83.25148610569474	43.865777263694625	83.25264354386152	84.15867865155015	76.75993290350065	69.45062917450372	84.14145191803237	84.23413627312536	43.769140615109734	84.15867865155015	85.48083291274087	77.37282615077793	70.99283404098045	76.74138619538465	76.8227616149027	46.13692834719071	76.75993290350065	77.37282615077793	76.69342441667138
