61.74631814496769	61.946680886775795	61.601782066273266	61.7347240541004	61.23235264448597	62.664284648129836	61.807614638184894	61.946680886775795	64.16153345545499	62.07719057947494	61.94247812015888	61.5871677825246	62.92277966722901	61.923815436379385	61.601782066273266	62.07719057947494	62.501943437327036	61.597175083163656	61.08781280776222	63.36729880318278	61.72626221979732	61.7347240541004	61.94247812015888	61.597175083163656	61.74840446007462	61.2280475258274	62.65920214619954	61.803082862897135	61.23235264448597	61.5871677825246	61.08781280776222	61.2280475258274	62.45480016366772	62.76664587525086	61.376200283543405	62.664284648129836	62.92277966722901	63.36729880318278	62.65920214619954	62.76664587525086	64.86229683824638	62.725460525022946	61.807614638184894	61.923815436379385	61.72626221979732	61.803082862897135	61.376200283543405	62.725460525022946	62.358442948430465
62.93451051361787	62.75806166913371	61.89876135227031	62.92366363970366	57.99479078722629	61.760196966678635	61.548799589588356	62.75806166913371	65.85858879295057	63.075200631036196	62.754991879772305	58.97354347034202	62.818992379255675	61.09205028015853	61.89876135227031	63.075200631036196	66.24555446118657	61.894841683128575	59.928658036518236	65.64510847567244	63.71096152143539	62.92366363970366	62.754991879772305	61.894841683128575	62.93557697538448	57.992227742196654	61.756206844677195	61.544616727026344	57.99479078722629	58.97354347034202	59.928658036518236	57.992227742196654	73.19333303266102	65.17364935618262	64.74613969415907	61.760196966678635	62.818992379255675	65.64510847567244	61.756206844677195	65.17364935618262	67.26770073712281	64.62981595885378	61.548799589588356	61.09205028015853	63.71096152143539	61.544616727026344	64.74613969415907	64.62981595885378	68.16640763095951
62.99518755694261	62.44350352938352	61.850957300356825	62.97577513733179	57.89382350270154	61.676240752043675	61.80252537782022	62.44350352938352	70.1755987879185	64.95909264085593	62.43284145847608	60.70982382301796	64.55795869380799	60.86446366218478	61.850957300356825	64.95909264085593	67.05494107097826	61.83624909546335	60.180472982593756	66.28945375645529	63.21855255708195	62.97577513733179	62.43284145847608	61.83624909546335	63.00160925102799	57.88076791902871	61.66109238118526	61.78935338014554	57.89382350270154	60.70982382301796	60.180472982593756	57.88076791902871	73.2487036732608	65.44562534243003	63.417799258293776	61.676240752043675	64.55795869380799	66.28945375645529	61.66109238118526	65.44562534243003	67.82383895671659	63.98403935904651	61.80252537782022	60.86446366218478	63.21855255708195	61.78935338014554	63.417799258293776	63.98403935904651	67.03497785688867
62.49582071950409	62.36957825023056	62.25177437259809	62.48524027351465	59.46570248052948	62.44377698953634	62.462704686349824	62.36957825023056	69.51151819160623	63.68381049066884	62.368211518236336	62.275117542842246	63.85333227352894	62.244323277147565	62.25177437259809	63.68381049066884	64.00642109546814	62.250720319833626	59.47242159094638	63.79088854987752	62.26555432131195	62.48524027351465	62.368211518236336	62.250720319833626	62.495284764291725	59.46667494522672	62.44278389031515	62.46153480677814	59.46570248052948	62.275117542842246	59.47242159094638	59.46667494522672	67.11426689037877	63.19995161717777	59.667236520401	62.44377698953634	63.85333227352894	63.79088854987752	62.44278389031515	63.19995161717777	65.27958002377801	62.491155709719315	62.462704686349824	62.244323277147565	62.26555432131195	62.46153480677814	59.667236520401	62.491155709719315	62.73042881496581
61.76692329257971	62.60880584966478	61.65236932774798	61.70752674318799	61.441931709958794	62.70814355555641	61.76321103127772	62.60880584966478	71.62033416941327	64.13063166421756	62.57961869775514	62.715792955069624	64.08960888345628	62.60051092761175	61.65236932774798	64.13063166421756	63.26738917172342	61.60120236487067	61.375334545480726	63.878106127927055	61.65783127134364	61.70752674318799	62.57961869775514	61.60120236487067	61.792813763336795	61.39096791742938	62.654072215079665	61.71214448049853	61.441931709958794	62.715792955069624	61.375334545480726	61.39096791742938	62.28830784036129	62.80554083579998	61.44781235621635	62.70814355555641	64.08960888345628	63.878106127927055	62.654072215079665	62.80554083579998	65.15988223359399	62.71210339176414	61.76321103127772	62.60051092761175	61.65783127134364	61.71214448049853	61.44781235621635	62.71210339176414	61.782015284919304
61.740413081918405	62.412522330492514	61.37688104748432	61.71465502030358	61.568209691712276	62.55114983570215	61.73781527861944	62.412522330492514	76.83910234284134	69.36916322865787	62.401557191802524	62.55808217965517	67.88222900963376	62.402188599573556	61.37688104748432	69.36916322865787	68.6422122997667	61.35851253934393	61.32324000187038	67.83437435030683	61.38686311900648	61.71465502030358	62.401557191802524	61.35851253934393	61.749823621758296	61.55004889113177	62.53147203184981	61.71957673647827	61.568209691712276	62.55808217965517	61.32324000187038	61.55004889113177	62.013481496169774	62.67032337866179	61.57411877116812	62.55114983570215	67.88222900963376	67.83437435030683	62.53147203184981	62.67032337866179	68.04235531304482	62.55778314919705	61.73781527861944	62.402188599573556	61.38686311900648	61.71957673647827	61.57411877116812	62.55778314919705	61.76453935411433
61.754071549338434	62.19343231859346	61.1447979739451	61.733132254345456	61.588547466898454	62.3880914543922	61.75190105534341	62.19343231859346	83.83632174607635	76.5557676470736	62.184843022976615	62.456292585561116	73.16402779663375	62.18557094592046	61.1447979739451	76.5557676470736	76.0890650099015	61.13083733177217	61.22330541185424	73.31927152711421	61.16242891884298	61.733132254345456	62.184843022976615	61.13083733177217	61.76117222529277	61.57495085433603	62.373094776207594	61.738231996298644	61.588547466898454	62.456292585561116	61.22330541185424	61.57495085433603	62.01077048860119	62.59721716198188	61.594903558120535	62.3880914543922	73.16402779663375	73.31927152711421	62.373094776207594	62.59721716198188	72.0850847342061	62.39998150164113	61.75190105534341	62.18557094592046	61.16242891884298	61.738231996298644	61.594903558120535	62.39998150164113	61.78473706437051
63.363458657916	63.0207714587928	62.72221331809537	59.30525139823073	63.205013943974215	64.0574723282565	63.35795774184041	63.0207714587928	84.38066078880686	77.47647500709895	60.91902662864573	63.27032795962237	74.09025505569119	63.018010957305805	62.72221331809537	77.47647500709895	77.72998608840443	58.72221690595799	62.79758556562285	75.0165397983056	62.73110423668026	59.30525139823073	60.91902662864573	58.72221690595799	65.40843517970718	59.15562784932251	59.8397434188001	59.310434623526426	63.205013943974215	63.27032795962237	62.79758556562285	59.15562784932251	63.606391908007716	64.25641126993882	63.21045964577897	64.0574723282565	74.09025505569119	75.0165397983056	59.8397434188001	64.25641126993882	73.85133984161958	64.06414887512035	63.35795774184041	63.018010957305805	62.73110423668026	59.310434623526426	63.21045964577897	64.06414887512035	63.37274023259768
89.5874409442929	57.488415641262144	55.41015562159825	44.62567138593596	44.630031176877026	54.015227608575906	61.4583623601563	57.488415641262144	85.96929243180321	77.15107359636391	64.91065577434402	64.91689123960666	74.39470830445191	59.97060101799169	55.41015562159825	77.15107359636391	80.86175064617777	65.36966965405502	65.37979184718228	77.45360993110206	66.2446727622616	44.62567138593596	64.91065577434402	65.36966965405502	72.32505482611903	72.313525733585	68.04421454080031	63.08424062428989	44.630031176877026	64.91689123960666	65.37979184718228	72.313525733585	72.32643790124824	68.05559945298619	63.0929141362407	54.015227608575906	74.39470830445191	77.45360993110206	68.04421454080031	68.05559945298619	76.20277234563062	65.74627914213305	61.4583623601563	59.97060101799169	66.2446727622616	63.08424062428989	63.0929141362407	65.74627914213305	71.1455720129138
89.83983810348136	57.428004797430376	55.43535519535769	44.487979859008945	44.49246002215389	53.99048772926518	61.576753708135385	57.428004797430376	86.00176691651062	77.16051951073693	64.94463258880349	64.95071201204343	74.41305731280656	59.93881885769105	55.43535519535769	77.16051951073693	80.87822829504414	65.35693419972652	65.36689507503897	77.4623947258426	66.25381367417023	44.487979859008945	64.94463258880349	65.35693419972652	72.40018292692686	72.38876198105581	68.05856661984508	63.01956663431548	44.49246002215389	64.95071201204343	65.36689507503897	72.38876198105581	72.40132008369744	68.06972434278563	63.02816965957685	53.99048772926518	74.41305731280656	77.4623947258426	68.05856661984508	68.06972434278563	76.2142645593976	65.7325223424031	61.576753708135385	59.93881885769105	66.25381367417023	63.01956663431548	63.02816965957685	65.7325223424031	71.20185035254242
62.18234862313055	62.059748430437665	60.70621642411024	61.39110970645338	61.28577065042783	62.014046327699745	61.3969654811126	62.059748430437665	81.2672934516752	73.73414301060296	62.09447792281451	62.211091150228725	70.91009874777227	62.09383585927692	60.70621642411024	73.73414301060296	73.10709905050827	61.19231879342611	61.190194623903125	70.98091938212622	61.20107649014415	61.39110970645338	62.09447792281451	61.19231879342611	61.9503011373505	61.8421479474625	62.46524231447927	61.94340315536255	61.28577065042783	62.211091150228725	61.190194623903125	61.8421479474625	62.11091565067066	62.557674378287984	61.847752611678814	62.014046327699745	70.91009874777227	70.98091938212622	62.46524231447927	62.557674378287984	70.24008590454062	62.47262277893008	61.3969654811126	62.09383585927692	61.20107649014415	61.94340315536255	61.847752611678814	62.47262277893008	61.95753603937732
62.2780882757994	62.076289499131185	61.33617220366025	61.17237253195627	61.68258625383366	62.533009423342186	62.27272678657571	62.076289499131185	76.59908048520079	68.67262983225115	61.52869608511641	62.2028127044196	67.04418141620937	62.07198210749389	61.33617220366025	68.67262983225115	67.74834825584708	60.27796220051987	60.74960427660181	66.7565801761012	61.343252688537795	61.17237253195627	61.52869608511641	60.27796220051987	62.83626267823206	60.58861133893832	61.41094002056664	61.17680140982668	61.68258625383366	62.2028127044196	60.74960427660181	60.58861133893832	63.03177165528533	62.560258736453754	61.68865238197031	62.533009423342186	67.04418141620937	66.7565801761012	61.41094002056664	62.560258736453754	67.02784804727554	62.53851562912936	62.27272678657571	62.07198210749389	61.343252688537795	61.17680140982668	61.68865238197031	62.53851562912936	62.28756657085298
62.06297926437588	62.29038525884084	61.68121314259145	62.005544833207615	60.564903730296436	62.404232883663	62.05860648350456	62.29038525884084	72.47670556507519	64.77329625578275	62.26259607924219	62.50877253868673	64.41470859116173	62.280229035702554	61.68121314259145	64.77329625578275	64.17647411413418	61.631520881657686	60.143971200480074	64.03196205769821	61.68621129242741	62.005544833207615	62.26259607924219	61.631520881657686	62.08846838522436	60.51557267150005	62.3519092941698	62.0084482153862	60.564903730296436	62.50877253868673	60.143971200480074	60.51557267150005	63.928415472969405	62.42093370661005	60.57454948382812	62.404232883663	64.41470859116173	64.03196205769821	62.3519092941698	62.42093370661005	65.04974614093086	62.408772889635266	62.05860648350456	62.280229035702554	61.68621129242741	62.0084482153862	60.57454948382812	62.408772889635266	62.08014706516532
71.05328154593094	61.32890520161114	54.83700072121762	54.84816528784952	54.549746554590456	56.478382758502775	54.86027942908862	61.32890520161114	70.5651422681056	63.70797321005368	63.60748367054564	63.65760053211095	63.91225425148962	63.60416400913335	54.83700072121762	63.70797321005368	66.41629649542568	66.31245382607409	66.2930582153186	67.00249326305187	66.31540832465954	54.84816528784952	63.60748367054564	66.31245382607409	66.33561605166246	66.30176736070274	66.93194710078089	66.32391119509238	54.549746554590456	63.65760053211095	66.2930582153186	66.30176736070274	66.74016616112739	67.04687614934501	66.30484602231348	56.478382758502775	63.91225425148962	67.00249326305187	66.93194710078089	67.04687614934501	68.09308941006444	66.93482501940676	54.86027942908862	63.60416400913335	66.31540832465954	66.32391119509238	66.30484602231348	66.93482501940676	66.33518349864904
96.1662255118367	65.72059725061595	69.10696749615136	28.748922614729345	61.58313228266109	69.26055865750362	73.44326486114271	65.72059725061595	97.0906123669796	95.36749778090922	44.05456361290275	87.7875632893651	94.77326566765511	75.67958973680899	69.10696749615136	95.36749778090922	110.79461864303624	31.01488840916139	102.85134929700577	110.90457321133097	92.1328715845305	28.748922614729345	44.05456361290275	31.01488840916139	111.83029476187718	29.41351393890873	29.685749704652924	33.305530292569735	61.58313228266109	87.7875632893651	102.85134929700577	29.41351393890873	119.33132748486383	109.96169299760236	95.40494370075433	69.26055865750362	94.77326566765511	110.90457321133097	29.685749704652924	109.96169299760236	113.59497243019622	94.6465937855892	73.44326486114271	75.67958973680899	92.1328715845305	33.305530292569735	95.40494370075433	94.6465937855892	93.59399723762384
96.1767666169029	65.73075876012102	69.11819438071117	28.750069023286823	61.5660127680101	69.2641264713481	73.44073694544402	65.73075876012102	97.10016466440482	95.37804397349785	44.055742250936945	87.7707604468539	94.77638827842387	75.67706709119716	69.11819438071117	95.37804397349785	110.80630193734137	31.016127208384606	102.83306652165938	110.90814819055103	92.13018786432373	28.750069023286823	44.055742250936945	31.016127208384606	111.83050838047389	29.411195129826833	29.685986015157823	33.3050855470824	61.5660127680101	87.7707604468539	102.83306652165938	29.411195129826833	119.36157655132959	109.95674952754503	95.40991587581276	69.2641264713481	94.77638827842387	110.90814819055103	29.685986015157823	109.95674952754503	113.59631924362277	94.64605886170509	73.44073694544402	75.67706709119716	92.13018786432373	33.3050855470824	95.40991587581276	94.64605886170509	93.59491151526322
82.94618247196922	73.03992317624586	81.93184806176421	29.836537433468912	82.76262459145784	84.3399038719024	82.93946143301244	73.03992317624586	88.93352178354058	86.65444869029986	45.67493724384123	73.31736205732548	83.97436826706448	73.0330079999674	81.93184806176421	86.65444869029986	95.85128645975183	29.655830119509833	81.99686516769718	94.3549094299908	81.93975337313596	29.836537433468912	45.67493724384123	29.655830119509833	109.79595922968078	29.641609836440704	29.16783086458489	29.84635437823124	82.76262459145784	73.31736205732548	81.99686516769718	29.641609836440704	83.24969808042428	84.5609423131202	82.76398939758714	84.3399038719024	83.97436826706448	94.3549094299908	29.16783086458489	84.5609423131202	94.4407044776246	84.34407572705229	82.93946143301244	73.0330079999674	81.93975337313596	29.84635437823124	82.76398939758714	84.34407572705229	82.95703010235826
82.90915998767579	72.10010903234277	80.96883921216602	29.97537512128101	82.40481704369726	83.4783163694238	82.90209616611173	72.10010903234277	81.32774939765567	78.03634872508452	46.133881425654444	72.10970517765627	76.9843844093553	72.09560597085057	80.96883921216602	78.03634872508452	86.20696150423139	30.267382480064914	80.39639639708227	86.44399398433448	80.97488279478975	29.97537512128101	46.133881425654444	30.267382480064914	109.83097171567215	29.560619794532208	29.605653799627277	29.982073728420573	82.40481704369726	72.10970517765627	80.39639639708227	29.560619794532208	83.42684038357012	83.40244217594989	82.40952621673452	83.4783163694238	76.9843844093553	86.44399398433448	29.605653799627277	83.40244217594989	88.0051702901123	83.48264905730953	82.90209616611173	72.09560597085057	80.97488279478975	29.982073728420573	82.40952621673452	83.48264905730953	82.9152137762554
83.20886316353757	72.6495557601396	82.07160079151278	30.499542108466905	80.95854046182718	83.76739587840464	83.20058812975216	72.6495557601396	78.5835769721879	75.46058326371023	46.148341180552094	72.46934598945607	75.2469425965473	72.64415535876913	82.07160079151278	75.46058326371023	84.51506349748507	30.834204917119443	79.35428743036348	84.87137927348354	82.07515406205039	30.499542108466905	46.148341180552094	30.834204917119443	110.15499355803995	28.823309428871518	29.788758981574965	30.50504372135134	80.95854046182718	72.46934598945607	79.35428743036348	28.823309428871518	84.97654027007643	83.09915935664328	80.96633984806734	83.76739587840464	75.2469425965473	84.87137927348354	29.788758981574965	83.09915935664328	86.73755157747225	83.77096000094559	83.20058812975216	72.64415535876913	82.07515406205039	30.50504372135134	80.96633984806734	83.77096000094559	83.21251404967335
62.686440733366254	62.21914096232409	62.35260399503206	62.55408766188359	59.16102346881485	62.41181377538604	62.67917233848379	62.21914096232409	72.89178993351983	64.64381760016516	62.153308886594644	63.62779693017766	64.7312459847671	62.213052716061966	62.35260399503206	64.64381760016516	64.63354479426002	62.229676245646985	59.38175829673325	64.15225035301856	62.3555142265713	62.55408766188359	62.153308886594644	62.229676245646985	62.74858191570459	59.039208308934874	62.2826454335112	62.55553994540048	59.16102346881485	63.62779693017766	59.38175829673325	59.039208308934874	68.15450207592717	63.38406772005344	59.17461394468374	62.41181377538604	64.7312459847671	64.15225035301856	62.2826454335112	63.38406772005344	65.53894784947853	62.416821353382986	62.67917233848379	62.213052716061966	62.3555142265713	62.55553994540048	59.17461394468374	62.416821353382986	62.69298146892685
63.1002380762612	62.33580487209538	62.717368894187686	62.11296933997739	59.321798283933354	62.72409079913018	63.09296605913605	62.33580487209538	73.25195546046005	65.02843610433655	61.82065915103942	63.91573354217418	65.10734901138346	62.3291970189392	62.717368894187686	65.02843610433655	65.23142488485686	61.74407096485313	59.60331325616403	64.65639861825052	62.719927691672495	62.11296933997739	61.82065915103942	61.74407096485313	63.60091417637827	58.341608580083616	61.69969184477163	62.11380510577246	59.321798283933354	63.91573354217418	59.60331325616403	58.341608580083616	68.968272583642	63.820909146148715	59.33645970686808	62.72409079913018	65.10734901138346	64.65639861825052	61.69969184477163	63.820909146148715	66.04976607285501	62.729145568337486	63.09296605913605	62.3291970189392	62.719927691672495	62.11380510577246	59.33645970686808	62.729145568337486	63.107321381375904
63.452922433053544	62.55738552726339	63.100061154311874	61.56981286217285	59.70438646566442	63.12863360761335	63.44422027465428	62.55738552726339	73.0844842788077	64.99673707046766	61.57665443467268	63.88412359395545	65.05178735712265	62.55326317705119	63.100061154311874	64.99673707046766	65.40137393317666	61.24208047092077	59.80041988873284	64.82799574006002	63.103586163581284	61.56981286217285	61.57665443467268	61.24208047092077	64.40950473943894	57.83656257144436	61.1751052469419	61.57234843388452	59.70438646566442	63.88412359395545	59.80041988873284	57.83656257144436	68.97718488854073	63.93111074807898	59.71752555244029	63.12863360761335	65.05178735712265	64.82799574006002	61.1751052469419	63.93111074807898	66.18340885294272	63.134054129447414	63.44422027465428	62.55326317705119	63.103586163581284	61.57234843388452	59.71752555244029	63.134054129447414	63.4558519842727
63.64065739201606	62.95540384716068	63.466475482922185	60.84627996293534	60.45352824975796	63.64442546756701	63.63256709584246	62.95540384716068	71.8891738499706	64.09482390590877	61.49093316789077	63.59453660973875	64.27098483577245	62.95038151129009	63.466475482922185	64.09482390590877	64.58111102477424	60.69962132882052	60.270922891523625	64.36965521645605	63.46973158432894	60.84627996293534	61.49093316789077	60.69962132882052	65.0671482447959	57.696003520505535	60.74697504666334	60.84926468432216	60.45352824975796	63.59453660973875	60.270922891523625	57.696003520505535	67.61867281858413	63.727814329496844	60.465121792866555	63.64442546756701	64.27098483577245	64.36965521645605	60.74697504666334	63.727814329496844	65.72925249741841	63.64907300894526	63.63256709584246	62.95038151129009	63.46973158432894	60.84926468432216	60.465121792866555	63.64907300894526	63.64477394815809
63.0265079362547	63.080447478253795	62.757615310517956	59.793458111078586	62.17877183851318	63.682332639911614	63.023160736102355	63.080447478253795	70.55870854312693	63.99934743966384	61.16560422274388	63.00509020485454	64.09359744429965	63.071137622813076	62.757615310517956	63.99934743966384	63.76405817593897	59.5303712481255	61.81299202294755	64.25477074184579	62.76256640339645	59.793458111078586	61.16560422274388	59.5303712481255	64.67709239048816	58.947554996752736	60.325811972401794	59.79810263887478	62.17877183851318	63.00509020485454	61.81299202294755	58.947554996752736	63.802747583269955	63.52821154907666	62.186057216055815	63.682332639911614	64.09359744429965	64.25477074184579	60.325811972401794	63.52821154907666	65.51315729032603	63.685952081169155	63.023160736102355	63.071137622813076	62.76256640339645	59.79810263887478	62.186057216055815	63.685952081169155	63.044952343316204
63.10075732635577	62.89300935239989	62.412731634462276	59.13498223603625	62.85916831335921	63.63471659482911	63.09283737194756	62.89300935239989	72.1202170283725	64.54450248393245	60.830455714701856	62.84907018286308	64.2249717710084	62.889728672914124	62.412731634462276	64.54450248393245	63.78421775610316	58.55686088610769	62.10773928344437	64.22260944799022	62.42062909129765	59.13498223603625	60.830455714701856	58.55686088610769	65.19164595639567	58.915050608533	59.57801439575927	59.14189214601033	62.85916831335921	62.84907018286308	62.10773928344437	58.915050608533	63.279241335318495	63.54178479187682	62.8666027530788	63.63471659482911	64.2249717710084	64.22260944799022	59.57801439575927	63.54178479187682	65.38412176806479	63.6412432470988	63.09283737194756	62.889728672914124	62.42062909129765	59.14189214601033	62.8666027530788	63.6412432470988	63.1074306193704
63.27852357231476	62.5977578748864	62.26783470676104	59.43602729168993	62.90507860821445	63.59791617281526	63.2750204088802	62.5977578748864	75.16783838489425	67.36541723061202	60.70178159784297	62.57518067839976	66.14826012421669	62.58921979370825	62.26783470676104	67.36541723061202	66.69135613119973	58.58215168878098	61.79875705033464	66.25436976977029	62.27519655917707	59.43602729168993	60.70178159784297	58.58215168878098	65.24235024744516	59.07561805124947	59.6866997375309	59.44039011493521	62.90507860821445	62.57518067839976	61.79875705033464	59.07561805124947	63.7090975806354	63.521298885815916	62.91019041663008	63.59791617281526	66.14826012421669	66.25436976977029	59.6866997375309	63.521298885815916	66.90915227055733	63.60280109507117	63.2750204088802	62.58921979370825	62.27519655917707	59.44039011493521	62.91019041663008	63.60280109507117	63.29575904853734
75.72796936114719	68.79972696989383	74.75368351348956	42.01090534790255	73.38894503070556	76.02555815062719	75.72022695397833	68.79972696989383	77.3162258176175	72.38880277016641	51.847277137520585	68.83684901363456	71.86842748401085	68.78998124785255	74.75368351348956	72.38880277016641	78.06860042609016	41.98146237791531	72.05713272030457	77.86420174724898	74.75560269982113	42.01090534790255	51.847277137520585	41.98146237791531	92.89977988119982	39.995000295069076	41.47072635823172	42.01629845294268	73.38894503070556	68.83684901363456	72.05713272030457	39.995000295069076	78.07835717830996	75.61336049098504	73.39697079013986	76.02555815062719	71.86842748401085	77.86420174724898	41.47072635823172	75.61336049098504	79.2707967621969	76.02757829310826	75.72022695397833	68.78998124785255	74.75560269982113	42.01629845294268	73.39697079013986	76.02757829310826	75.73599760093498
83.70834271482859	73.2003579400013	83.25643565522579	30.92190060431396	79.89487413316527	84.28382479937488	83.69886569900599	73.2003579400013	78.10077565443741	75.04830286880927	45.67061337025571	74.11598648193312	75.62575437683384	73.19257456169618	83.25643565522579	75.04830286880927	84.94472971222993	30.92206831361406	79.60251359469389	85.39208154366298	83.25645216293857	30.92190060431396	45.67061337025571	30.92206831361406	110.69420588437143	27.44223426663202	29.35499250491531	30.926460030321703	79.89487413316527	74.11598648193312	79.60251359469389	27.44223426663202	88.47789676222298	84.55060530718131	79.90603091033576	84.28382479937488	75.62575437683384	85.39208154366298	29.35499250491531	84.55060530718131	87.7348913734271	84.28589543020823	83.69886569900599	73.19257456169618	83.25645216293857	30.926460030321703	79.90603091033576	84.28589543020823	83.71029384999942
83.50954738546758	73.18335864886846	83.0455376881562	30.829130067149098	80.07896885292716	84.18027748713641	83.49810947582846	73.18335864886846	77.69006337587508	74.70192151033864	45.86921084164577	73.54393339535872	75.14392097188333	73.16800539876523	83.0455376881562	74.70192151033864	84.4308259481799	30.938652290477748	79.4825515134645	84.9432243386211	83.04203116406202	30.829130067149098	45.86921084164577	30.938652290477748	110.45958017605602	28.08818722745155	29.610068086625787	30.836953919117672	80.07896885292716	73.54393339535872	79.4825515134645	28.08818722745155	86.69988499519631	83.78699324152838	80.08960698361493	84.18027748713641	75.14392097188333	84.9432243386211	29.610068086625787	83.78699324152838	87.09425528834123	84.17885991076668	83.49810947582846	73.16800539876523	83.04203116406202	30.836953919117672	80.08960698361493	84.17885991076668	83.5145732994081
81.91972827923928	72.55874023670921	80.89514127327924	30.19480861329074	81.34928118817162	82.92801628590499	81.913444664873	72.55874023670921	76.87642666222382	73.56746544873744	46.182147500317996	72.43223699490581	73.81051554366577	72.54559217427831	80.89514127327924	73.56746544873744	81.41009263454812	30.429664850997156	80.1944088203588	82.77524139060947	80.8974072640698	30.19480861329074	46.182147500317996	30.429664850997156	109.7397068667671	29.896685984640705	29.8757983312983	30.204936677267945	81.34928118817162	72.43223699490581	80.1944088203588	29.896685984640705	82.0090430645147	82.61021362678368	81.3517346030961	82.92801628590499	73.81051554366577	82.77524139060947	29.8757983312983	82.61021362678368	84.90909793310901	82.92836230944098	81.913444664873	72.54559217427831	80.8974072640698	30.204936677267945	81.3517346030961	82.92836230944098	81.93249734645225
81.9899954095564	72.91323053330284	81.23879779158938	30.11082132484167	81.71687060371218	83.33527117385076	81.98402427386266	72.91323053330284	77.13888978591278	74.04278687472724	46.05034537344925	72.88762828348877	74.372302822555	72.90021922582392	81.23879779158938	74.04278687472724	82.02676069834473	30.24584654501017	80.9308154515743	83.55294816487404	81.24127487032261	30.11082132484167	46.05034537344925	30.24584654501017	109.64396779503154	29.94422852754184	29.746443554309426	30.121080509309323	81.71687060371218	72.88762828348877	80.9308154515743	29.94422852754184	82.10188960407281	83.23018361480463	81.71886979285325	83.33527117385076	74.372302822555	83.55294816487404	29.746443554309426	83.23018361480463	85.76784790246847	83.33564793858967	81.98402427386266	72.90021922582392	81.24127487032261	30.121080509309323	81.71886979285325	83.33564793858967	82.00310999349594
81.98731790482447	73.7511733044095	81.86343783663041	30.95884309717597	81.83023329529048	83.91125840383181	81.97962446381851	73.7511733044095	77.15423580506427	74.66066079166774	45.75587650848989	73.79100049035856	75.26728850489397	73.73254961243428	81.86343783663041	74.66066079166774	82.80428711715878	30.879908574516534	81.71753717533248	84.55563846698362	81.86316863594458	30.95884309717597	45.75587650848989	30.879908574516534	107.93171947153655	30.785476515396617	30.51331699648529	30.973548949957042	81.83023329529048	73.79100049035856	81.71753717533248	30.785476515396617	82.23544912190373	83.94462383630245	81.82993428585546	83.91125840383181	75.26728850489397	84.55563846698362	30.51331699648529	83.94462383630245	86.91311248579258	83.90820492017676	81.97962446381851	73.73254961243428	81.86316863594458	30.973548949957042	81.82993428585546	83.90820492017676	82.00253270409337
76.03443390465767	71.01122324420952	76.03890792978103	40.26324100327151	75.95746011650084	77.7810600979922	76.0275362246432	71.01122324420952	74.93117994147129	71.51999366147378	50.03226453538361	71.03367013952644	72.16358850564009	70.99542131167246	76.03890792978103	71.51999366147378	76.64877263085727	40.151104687045134	75.9718942640733	78.24026299634995	76.03925506731365	40.26324100327151	50.03226453538361	40.151104687045134	93.54421220684586	40.15494867788543	40.352659082441406	40.2767065005851	75.95746011650084	71.03367013952644	75.9718942640733	40.15494867788543	76.20588560389186	77.82023769242495	75.95775958833062	77.7810600979922	72.16358850564009	78.24026299634995	40.352659082441406	77.82023769242495	80.35443493716839	77.7786146659679	76.0275362246432	70.99542131167246	76.03925506731365	40.2767065005851	75.95775958833062	77.7786146659679	76.04956630937673
82.54928214549088	73.83790876760787	82.4933645351209	30.28088052576374	82.45439755423108	84.64583294001848	82.54308982039848	73.83790876760787	77.14420422524618	74.60838485462216	45.93239454852419	73.87593748439616	75.27450506349626	73.82614056511541	82.4933645351209	74.60838485462216	83.29473072529947	30.258109689315678	82.413363166061	85.2226334069981	82.49522358114267	30.28088052576374	45.93239454852419	30.258109689315678	109.00279522893871	30.172650515912387	29.79956746422684	30.29034806297862	82.45439755423108	73.87593748439616	82.413363166061	30.172650515912387	82.73367532674597	84.68550876713563	82.4562773762533	84.64583294001848	75.27450506349626	85.2226334069981	29.79956746422684	84.68550876713563	87.73448655915621	84.64582367807596	82.54308982039848	73.82614056511541	82.49522358114267	30.29034806297862	82.4562773762533	84.64582367807596	82.55995123987331
82.71900951908226	73.8243373931357	82.6135381851381	29.84854449903947	82.63017716152481	84.77899710489015	82.71270785704465	73.8243373931357	77.20570008398983	74.631643408761	45.861708020319554	73.85407159197129	75.26667631213178	73.81721543044586	82.6135381851381	74.631643408761	83.42136608711546	29.849968706107195	82.539834329803	85.3376450423424	82.61774799242225	29.84854449903947	45.861708020319554	29.849968706107195	109.72374611197843	29.760809130483118	29.358921677232203	29.855746408549887	82.63017716152481	73.85407159197129	82.539834329803	29.760809130483118	82.86185461327466	84.80535083763489	82.6343837082295	84.77899710489015	75.26667631213178	85.3376450423424	29.358921677232203	84.80535083763489	87.83658108081474	84.78180875728286	82.71270785704465	73.81721543044586	82.61774799242225	29.855746408549887	82.6343837082295	84.78180875728286	82.72691540095057
82.55321027218898	73.52991067164237	81.81349253517818	29.802670928408116	81.94657111559239	83.94168266562608	81.97064857785494	73.52991067164237	76.87349916768517	74.23859166271222	45.96489114261219	73.72559318257584	74.88443235849604	73.71719046354261	81.81349253517818	74.23859166271222	83.00901327863298	30.08522722907987	82.52604555377198	84.90442653329262	82.54811747220802	29.802670928408116	45.96489114261219	30.08522722907987	109.73822595092902	30.046166931793376	29.62328177071009	30.068042222354375	81.94657111559239	73.72559318257584	82.52604555377198	30.046166931793376	82.73361943596652	84.63542955518083	82.68425455775846	83.94168266562608	74.88443235849604	84.90442653329262	29.62328177071009	84.63542955518083	87.32673683265872	84.63464947874338	81.97064857785494	73.71719046354261	82.54811747220802	30.068042222354375	82.68425455775846	84.63464947874338	82.71143049697278
70.72075091190277	67.50185221225331	70.03438616099564	46.6465825672427	70.15736833566555	71.41570701320762	70.18885106283855	67.50185221225331	73.1759470047555	67.84748763810154	54.589560550238424	67.63217776589805	68.24106257303255	67.62957801021052	70.03438616099564	67.84748763810154	70.70077513098704	46.940191558913995	70.52092696573149	71.92807202028052	70.5519676814456	46.6465825672427	54.589560550238424	46.940191558913995	83.61124988138157	46.97651879569646	47.305429357061854	47.00093037210299	70.15736833566555	67.63217776589805	70.52092696573149	46.97651879569646	70.7107371475882	71.88614684606063	70.67369032313395	71.41570701320762	68.24106257303255	71.92807202028052	47.305429357061854	71.88614684606063	73.57867795558974	71.8979816006698	70.18885106283855	67.62957801021052	70.5519676814456	47.00093037210299	70.67369032313395	71.8979816006698	70.70862746024515
62.175030359606694	62.630177940941486	61.15139711962068	56.97135526944079	61.24693666532481	61.816752238335766	61.31215926636814	62.630177940941486	69.15088976682438	62.97338964667066	60.156668330511515	62.93211042707629	63.18933431446977	62.94766079190097	61.15139711962068	62.97338964667066	61.98282921026325	57.65341423446044	61.94922393671683	62.52342389811413	62.011193238202566	56.97135526944079	60.156668330511515	57.65341423446044	64.78333940640943	57.73329640606951	58.18830613812383	57.78891077620905	61.24693666532481	62.93211042707629	61.94922393671683	57.73329640606951	62.12077458083848	62.58407907542436	62.101304226050466	61.816752238335766	63.18933431446977	62.52342389811413	58.18830613812383	62.58407907542436	63.30621350418621	62.63186665120156	61.31215926636814	62.94766079190097	62.011193238202566	57.78891077620905	62.101304226050466	62.63186665120156	62.16574163341831
61.12013664769874	62.28032773810525	60.78504152467811	58.06561872113007	60.90902996218613	61.37490565891129	61.013280428408756	62.28032773810525	68.65596676796302	62.333657157233446	60.412443255518454	62.2867053226018	62.51559762712388	62.32068929895368	60.78504152467811	62.333657157233446	60.82712878584451	57.960687176368886	60.78607060617225	61.297057613599584	60.89669984580723	58.06561872113007	60.412443255518454	57.960687176368886	62.941078207549566	58.073997065501416	58.49385694028491	58.17275316048686	60.90902996218613	62.2867053226018	60.78607060617225	58.073997065501416	61.04109397977217	61.39137686235042	61.01971574253022	61.37490565891129	62.51559762712388	61.297057613599584	58.49385694028491	61.39137686235042	62.001677689331935	61.48090935240793	61.013280428408756	62.32068929895368	60.89669984580723	58.17275316048686	61.01971574253022	61.48090935240793	61.128213065179494
62.08092601417971	62.75187411037414	61.60035241446892	55.074037877395064	61.840322044879564	62.09421672916585	61.87046018987111	62.75187411037414	67.94400618806009	62.813230257307126	58.034106024273505	62.86486405072768	63.01435115366893	62.87631210381935	61.60035241446892	62.813230257307126	61.726946954919285	55.07685133963212	61.82391625666007	62.096908361539356	61.855325651138514	55.074037877395064	58.034106024273505	55.07685133963212	66.19360887419792	55.29186096928407	55.49784151689686	55.32048460351249	61.840322044879564	62.86486405072768	61.82391625666007	55.29186096928407	62.08849844974955	62.31097786242036	62.08971764662979	62.09421672916585	63.01435115366893	62.096908361539356	55.49784151689686	62.31097786242036	62.64704791239618	62.33827962019762	61.87046018987111	62.87631210381935	61.855325651138514	55.32048460351249	62.08971764662979	62.33827962019762	62.12571555433714
66.24877630683606	65.92731947661963	65.81378330968971	48.28063466081348	66.1011048497428	66.31541790625977	66.11473091252333	65.92731947661963	68.30256769050749	65.86544434629548	51.01548113074903	66.03487537932598	66.20241110407235	66.04154933805368	65.81378330968971	65.86544434629548	65.8202289367323	48.13251044833751	65.96489068267319	66.1977989607274	65.97955625381056	48.28063466081348	51.01548113074903	48.13251044833751	74.95985157026718	48.459659862868165	48.6218012701091	48.48254895629423	66.1011048497428	66.03487537932598	65.96489068267319	48.459659862868165	66.25852751239293	66.45929236806062	66.2606449489445	66.31541790625977	66.20241110407235	66.1977989607274	48.6218012701091	66.45929236806062	66.74262213318383	66.4715521539869	66.11473091252333	66.04154933805368	65.97955625381056	48.48254895629423	66.2606449489445	66.4715521539869	66.28514066308654
61.425043657065466	61.72258913548104	61.098892254968554	56.35875084369027	61.27898767266534	61.715079060368154	61.297911219833225	61.72258913548104	64.05155746893897	61.72303478959524	57.51378800044329	61.84183002284936	62.199946761396944	61.854902173510084	61.098892254968554	61.72303478959524	61.182487909236	56.32511035589427	61.25050043066119	61.71415994729696	61.27009046499674	56.35875084369027	57.51378800044329	56.32511035589427	63.59292203531825	56.51943087396964	56.92873301688238	56.540686021782264	61.27898767266534	61.84183002284936	61.25050043066119	56.51943087396964	61.44418000395755	61.85865517749063	61.44609990177522	61.715079060368154	62.199946761396944	61.71415994729696	56.92873301688238	61.85865517749063	62.43502579938968	61.874596500215915	61.297911219833225	61.854902173510084	61.27009046499674	56.540686021782264	61.44609990177522	61.874596500215915	61.47260974668179
60.86264112727192	61.29824180681215	60.64602267793214	57.84474447271472	60.659321840627484	61.300989729796726	60.70003302527456	61.29824180681215	64.06737384010779	61.4221973177781	59.002765603800725	61.42460138052083	61.92123919453211	61.452373630117094	60.64602267793214	61.4221973177781	60.83290994393592	58.001213613117116	60.81059964747382	61.45377202991556	60.850748277901054	57.84474447271472	59.002765603800725	58.001213613117116	62.1229272888465	58.01600267214425	58.62974250859877	58.05780692732236	60.659321840627484	61.42460138052083	60.81059964747382	58.01600267214425	60.86703840855112	61.460122170761004	60.86370173625811	61.300989729796726	61.92123919453211	61.45377202991556	58.62974250859877	61.460122170761004	62.27218666764055	61.49151945406859	60.70003302527456	61.452373630117094	60.850748277901054	58.05780692732236	60.86370173625811	61.49151945406859	60.91014213144602
62.336936945231194	62.89914524455313	62.14411293364529	59.74494092671444	61.398487509951714	62.87341765695063	62.16371923458619	62.89914524455313	69.62407912253484	62.964210299207856	61.484877506750905	62.845967876434024	63.27318717449036	62.93616045773046	62.14411293364529	62.964210299207856	62.29694673569921	59.85437016745554	61.51699807311064	62.99968156942275	62.2753819956622	59.74494092671444	61.484877506750905	59.85437016745554	63.60387062351693	59.136759640157806	60.50022059906443	59.873047046055305	61.398487509951714	62.845967876434024	61.51699807311064	59.136759640157806	62.331429716367644	62.63900332901852	61.54484311155956	62.87341765695063	63.27318717449036	62.99968156942275	60.50022059906443	62.63900332901852	64.13697240095293	62.99727691995679	62.16371923458619	62.93616045773046	62.2753819956622	59.873047046055305	61.54484311155956	62.99727691995679	62.30055811419767
61.78816555152607	62.653998828372096	61.40152118240755	59.20343333746398	61.596451298724695	62.30016795417537	61.61013381581933	62.653998828372096	69.7572269483345	62.84452762482603	61.26882381693049	62.6974374825546	63.06117892221913	62.69603560424968	61.40152118240755	62.84452762482603	61.62219359264216	59.15868782745187	61.542567346255815	62.372851466310145	61.55718099697725	59.20343333746398	61.26882381693049	59.15868782745187	63.14201361798544	59.339165125342	59.96881384594262	59.352390057438264	61.596451298724695	62.6974374825546	61.542567346255815	59.339165125342	61.7585377408342	62.435436754328144	61.74959417544414	62.30016795417537	63.06117892221913	62.372851466310145	59.96881384594262	62.435436754328144	63.47505955472567	62.44395511736583	61.61013381581933	62.69603560424968	61.55718099697725	59.352390057438264	61.74959417544414	62.44395511736583	61.769711938758185
