181.73541784569315	181.28367379135665	185.93625423248957	181.84847424177758	181.52584643816607	181.45044400618121	180.5792549973814	133.7482052957872	181.7810926785621	181.82955999708906	181.28367379135665	183.13706829336863	186.12589571988215	181.63070357270817	182.22955667290577	181.20168371852284	180.23638011195206	130.7375249863389	181.57046406389816	181.61010469174147	185.93625423248957	186.12589571988215	192.4389653919709	186.3289590883188	186.85254877575642	185.93791051174966	185.77881168996532	131.15080180030347	186.29052146857572	186.3195800884053	181.84847424177758	181.63070357270817	186.3289590883188	182.2701676939216	182.0445802468511	181.86025977079862	180.95622747968162	133.05255191439653	182.19484423287443	182.241021739183	181.52584643816607	182.22955667290577	186.85254877575642	182.0445802468511	183.98422175994537	181.68552561632993	181.13743379619436	140.784753928313	181.95974146923115	182.0256360017403	181.45044400618121	181.20168371852284	185.93791051174966	181.86025977079862	181.68552561632993	181.8058935975319	180.5600304772643	132.88978960615214	181.79611886265297	181.84161325051147	180.5792549973814	180.23638011195206	185.77881168996532	180.95622747968162	181.13743379619436	180.5600304772643	181.1904768162483	131.35902708899704	180.8903874013967	180.93518264094172	133.7482052957872	130.7375249863389	131.15080180030347	133.05255191439653	140.784753928313	132.88978960615214	131.35902708899704	209.14423415166266	133.2127746637221	133.05216880535357	181.7810926785621	181.57046406389816	186.29052146857572	182.19484423287443	181.95974146923115	181.79611886265297	180.8903874013967	133.2127746637221	182.18687513471804	182.17596833262246	181.82955999708906	181.61010469174147	186.3195800884053	182.241021739183	182.0256360017403	181.84161325051147	180.93518264094172	133.05216880535357	182.17596833262246	182.23490255126404
177.98625144971655	177.69369296080654	181.5837889683887	178.11091356301802	178.04185312348875	178.00430784813483	177.36546823235983	134.21069515333798	178.03135160430486	178.08181091100147	177.69369296080654	178.60562609372937	181.6533823458913	178.10904627372815	178.11725805776405	177.9974386543443	177.27844209466306	130.06583504922924	178.03830981644248	178.07871432160465	181.5837889683887	181.6533823458913	186.76908155152756	182.03698437426505	182.0531028628145	181.93459204986607	181.48659507277043	130.22553318713705	181.98355103955464	182.01675696444678	178.11091356301802	178.10904627372815	182.03698437426505	178.60539038419455	178.5474159222734	178.48683124965362	177.81920417741222	132.67527622846322	178.5185664559245	178.5649631916251	178.04185312348875	178.11725805776405	182.0531028628145	178.5474159222734	178.76608432534914	178.4412364547985	177.79308363824285	133.89643131316967	178.46908559148486	178.51844823703797	178.00430784813483	177.9974386543443	181.93459204986607	178.48683124965362	178.4412364547985	178.45012986028075	177.7111397932048	132.6353939124176	178.411549109852	178.4579036672349	177.36546823235983	177.27844209466306	181.48659507277043	177.81920417741222	177.79308363824285	177.7111397932048	177.67791606937973	131.43010946962863	177.74360529160663	177.7886505270263	134.21069515333798	130.06583504922924	130.22553318713705	132.67527622846322	133.89643131316967	132.6353939124176	131.43010946962863	174.39891159958012	132.89944351791908	132.67382411240018	178.03135160430486	178.03830981644248	181.98355103955464	178.5185664559245	178.46908559148486	178.411549109852	177.74360529160663	132.89944351791908	178.49185539749465	178.48946382948364	178.08181091100147	178.07871432160465	182.01675696444678	178.5649631916251	178.51844823703797	178.4579036672349	177.7886505270263	132.67382411240018	178.48946382948364	178.55028481609486
181.2738895845144	180.93875712750287	186.11141955501745	181.31050379154948	181.32732635738407	181.23248267272035	180.94471182799145	131.7902639138442	181.24149510444127	181.30963132340668	180.93875712750287	181.84499696639568	186.03054656531103	181.0643944857357	181.21820171791717	180.98197713838755	180.65071914122382	128.10537618094435	181.00702406716073	181.0568601039224	186.11141955501745	186.03054656531103	192.7648155158968	186.24882300814775	186.41780341128793	186.17454571084326	186.09357892358355	128.27621858826308	186.2210061588224	186.26742431660574	181.31050379154948	181.0643944857357	186.24882300814775	181.4684570238991	181.489939000438	181.3830101079943	181.08894716163178	131.3306146034513	181.39395989564096	181.45972265257348	181.32732635738407	181.21820171791717	186.41780341128793	181.489939000438	181.98676912322117	181.4132209643835	181.14893444265869	133.421311034796	181.41620375419	181.49145690451854	181.23248267272035	180.98197713838755	186.17454571084326	181.3830101079943	181.4132209643835	181.36176034125492	181.01045839532722	131.29302928549237	181.31591467177893	181.38156039335513	180.94471182799145	180.65071914122382	186.09357892358355	181.08894716163178	181.14893444265869	181.01045839532722	181.1757709662396	130.3608725235955	181.02316446894588	181.0853713263669	131.7902639138442	128.10537618094435	128.27621858826308	131.3306146034513	133.421311034796	131.29302928549237	130.3608725235955	177.2402111533296	131.62786909030117	131.20314607642555	181.24149510444127	181.00702406716073	186.2210061588224	181.39395989564096	181.41620375419	181.31591467177893	181.02316446894588	131.62786909030117	181.40406578854584	181.3926493852249	181.30963132340668	181.0568601039224	186.26742431660574	181.45972265257348	181.49145690451854	181.38156039335513	181.0853713263669	131.20314607642555	181.3926493852249	181.51029305412175
164.53252288855847	163.3333435280947	166.33036926012988	164.39243212992702	165.11311611017996	164.35849388200785	163.6834105497727	146.54869737353056	164.39998942752115	164.36284174350672	163.3333435280947	163.1055323456928	165.19271304266215	163.26750542978772	164.1565466022446	163.23415460527946	162.5004578964132	144.35690027571	163.283173589228	163.23572449460116	166.33036926012988	165.19271304266215	169.32184792709037	166.2494572161672	167.2365032131629	166.2278735332121	165.72657757744582	145.64638871568266	166.28820294392486	166.23479877891813	164.39243212992702	163.26750542978772	166.2494572161672	164.368824591855	165.098846425548	164.32075965741583	163.6366755248572	146.26949227259817	164.36364382055456	164.32457593211657	165.11311611017996	164.1565466022446	167.2365032131629	165.098846425548	166.30300089227404	165.06369775461695	164.4261335908954	147.96508333381735	165.1005395004198	165.06969397889668	164.35849388200785	163.23415460527946	166.2278735332121	164.32075965741583	165.06369775461695	164.30949869306463	163.60294546865404	146.26800641184929	164.33000636501444	164.2911613715634	163.6834105497727	162.5004578964132	165.72657757744582	163.6366755248572	164.4261335908954	163.60294546865404	163.4431896874243	145.3590552841815	163.646737594445	163.60528898597582	146.54869737353056	144.35690027571	145.64638871568266	146.26949227259817	147.96508333381735	146.26800641184929	145.3590552841815	162.63691057072904	146.36341214437684	146.24283865987488	164.39998942752115	163.283173589228	166.28820294392486	164.36364382055456	165.1005395004198	164.33000636501444	163.646737594445	146.36341214437684	164.4024381684226	164.3339356311006	164.36284174350672	163.23572449460116	166.23479877891813	164.32457593211657	165.06969397889668	164.2911613715634	163.60528898597582	146.24283865987488	164.3339356311006	164.32012265242815
168.04741492320485	167.6093966363	169.13623325966978	170.01891148419384	170.85788606695675	165.81961789074782	166.85865582759604	162.28960724767333	169.7193713967546	168.0324771471896	167.6093966363	168.28930529806934	168.83698726798713	169.70594043433204	170.90187456473114	165.30477615964406	166.3809931734487	161.79432923615266	169.46291848686985	167.60131876495188	169.13623325966978	168.83698726798713	171.62604136167946	170.73655449840908	172.19861929119293	166.99696115706053	168.2871098464731	163.3096161864345	171.0918588884168	169.13267444941326	170.01891148419384	169.70594043433204	170.73655449840908	173.7984730892033	173.2548998931838	167.97755179995724	169.0954034147896	163.86949604258191	173.2211366074706	170.01194292426825	170.85788606695675	170.90187456473114	172.19861929119293	173.2548998931838	175.957370122856	168.8862864464583	170.09165763818652	165.75307399477248	171.58267341349185	170.85932197443228	165.81961789074782	165.30477615964406	166.99696115706053	167.97755179995724	168.8862864464583	166.256060585351	164.67814963479037	160.27620644226806	167.7945628988277	165.81407624699497	166.85865582759604	166.3809931734487	168.2871098464731	169.0954034147896	170.09165763818652	164.67814963479037	166.92247783120132	161.0589277434335	168.66441474847406	166.85002269386007	162.28960724767333	161.79432923615266	163.3096161864345	163.86949604258191	165.75307399477248	160.27620644226806	161.0589277434335	171.1616955718837	164.44761301610427	162.2793680378346	169.7193713967546	169.46291848686985	171.0918588884168	173.2211366074706	171.58267341349185	167.7945628988277	168.66441474847406	164.44761301610427	174.61105610315494	169.7171488423452	168.0324771471896	167.60131876495188	169.13267444941326	170.01194292426825	170.85932197443228	165.81407624699497	166.85002269386007	162.2793680378346	169.7171488423452	168.03850812570892
174.88992341803473	174.87931766459602	176.05007619343985	176.31563997218768	177.37639449433735	164.56584857359812	173.74758257628937	170.46600976754092	175.67952090975345	174.61724764180948	174.87931766459602	174.94049129109885	176.05610020710844	176.3140897769698	177.40305520944247	164.53821110960195	173.74029040701402	170.4566538302977	175.68169982137684	174.61042691810178	176.05007619343985	176.05610020710844	179.48572532495905	176.71010249236224	178.96413747328666	166.33768154731794	175.43043645887354	171.5853134008079	177.10287076384273	175.91030208390552	176.31563997218768	176.3140897769698	176.71010249236224	179.85271824745092	179.49970556520577	166.82689529885815	175.43191178162272	171.56726857380832	178.49720061056513	176.06121193688062	177.37639449433735	177.40305520944247	178.96413747328666	179.49970556520577	182.2813084839844	168.69944270845153	176.7733924683755	173.494735085029	177.5845438902179	177.29799343287425	164.56584857359812	164.53821110960195	166.33768154731794	166.82689529885815	168.69944270845153	166.79965882102394	163.67377978120774	160.74196262045498	166.54015795302655	164.42125458243183	173.74758257628937	173.74029040701402	175.43043645887354	175.43191178162272	176.7733924683755	163.67377978120774	173.93191584439853	169.29413729004102	174.6998159070105	173.44987433136495	170.46600976754092	170.4566538302977	171.5853134008079	171.56726857380832	173.494735085029	160.74196262045498	169.29413729004102	176.1390648295871	171.49041742767218	170.15181019463012	175.67952090975345	175.68169982137684	177.10287076384273	178.49720061056513	177.5845438902179	166.54015795302655	174.6998159070105	171.49041742767218	179.13131171566286	175.4794534385617	174.61724764180948	174.61042691810178	175.91030208390552	176.06121193688062	177.29799343287425	164.42125458243183	173.44987433136495	170.15181019463012	175.4794534385617	174.77245607039836
175.66995055353814	175.6572176519356	176.47838028279062	176.42482621973596	176.83253433595598	162.884977638142	174.40708011684154	170.33070002701808	175.95704855658585	174.5966743907068	175.6572176519356	175.66491013842654	176.4763940749227	176.41846721556942	176.8346039467163	162.87275139724397	174.4017961554298	170.32411436378825	175.95531731937956	174.5904979773926	176.47838028279062	176.4763940749227	179.61526527282751	176.36373908007235	178.01637549728156	164.2088535934062	175.66768925847109	170.94706104939235	176.97895777898646	175.73815531198193	176.42482621973596	176.41846721556942	176.36373908007235	178.60552456501046	178.0202266779823	163.83153932909684	175.2701113562431	170.61028983131575	177.2867935344174	175.26144763698443	176.83253433595598	176.8346039467163	178.01637549728156	178.0202266779823	179.4181147466139	165.24674578067885	175.85739874804997	171.86322084177053	176.98756174280902	176.10610337072282	162.884977638142	162.87275139724397	164.2088535934062	163.83153932909684	165.24674578067885	163.13622338127448	161.6488711751034	157.99576622096453	163.85037925840237	161.95947627215062	174.40708011684154	174.4017961554298	175.66768925847109	175.2701113562431	175.85739874804997	161.6488711751034	174.3542457641663	168.98852885741826	174.78005259260968	173.20510324771897	170.33070002701808	170.32411436378825	170.94706104939235	170.61028983131575	171.86322084177053	157.99576622096453	168.98852885741826	176.56080070618478	170.78389214880374	169.02784817338528	175.95704855658585	175.95531731937956	176.97895777898646	177.2867935344174	176.98756174280902	163.85037925840237	174.78005259260968	170.78389214880374	177.38767408385314	175.009535641803	174.5966743907068	174.5904979773926	175.73815531198193	175.26144763698443	176.10610337072282	161.95947627215062	173.20510324771897	169.02784817338528	175.009535641803	174.72910144680628
177.12651448319505	177.08720507247818	180.6903032284978	177.20796344599745	178.55001124217645	171.15049862001143	176.7438315695687	152.32246011947706	177.0739556845279	176.9106863186179	177.08720507247818	177.23365489313275	180.69147854758052	177.1741637598214	178.58960140295594	171.07522988246637	176.70793082172816	152.19739252196783	177.04398612161503	176.86684988990768	180.6903032284978	180.69147854758052	186.2289903137871	180.72054484297493	182.9234463807867	174.9877803458033	180.56931031584483	152.9661980795195	180.81620135206043	180.77141738694326	177.20796344599745	177.1741637598214	180.72054484297493	177.36894740447178	178.665884520129	171.23656149751682	176.8321366311632	152.27262262233532	177.16937603303228	176.99434238448237	178.55001124217645	178.58960140295594	182.9234463807867	178.665884520129	181.6682840321452	173.40575559946518	178.32635546844062	157.4159335010157	178.3774509595507	178.68003858161305	171.15049862001143	171.07522988246637	174.9877803458033	171.23656149751682	173.40575559946518	171.18547419713823	170.79387727246794	147.64091036269096	171.19606794621515	171.0058487621008	176.7438315695687	176.70793082172816	180.56931031584483	176.8321366311632	178.32635546844062	170.79387727246794	176.84461898357605	151.81965054911146	176.70264012965606	176.51168405893557	152.32246011947706	152.19739252196783	152.9661980795195	152.27262262233532	157.4159335010157	147.64091036269096	151.81965054911146	186.310756900239	152.75764125627512	151.17852041590567	177.0739556845279	177.04398612161503	180.81620135206043	177.16937603303228	178.3774509595507	171.19606794621515	176.70264012965606	152.75764125627512	177.37126982101225	176.89006303355782	176.9106863186179	176.86684988990768	180.77141738694326	176.99434238448237	178.68003858161305	171.0058487621008	176.51168405893557	151.17852041590567	176.89006303355782	177.55359447938844
164.99234409168247	164.91868468096246	167.8000371613967	165.00476876824365	168.58625003001129	163.1607805873489	164.82339749432555	164.44171844516737	165.12941728066357	164.00545876297852	164.91868468096246	165.05267368632306	167.77388407254932	164.93771268922214	168.61769386493307	163.08035043935945	164.7559078474593	164.3734686030066	165.06643914532975	163.91766573469837	167.8000371613967	167.77388407254932	172.54217016841673	167.7969013276741	172.63155397604976	166.13393497081643	167.7541168108811	167.1839321164723	168.18037609382154	167.50312212512807	165.00476876824365	164.93771268922214	167.7969013276741	165.05073163160358	168.62256674358878	163.18041998084198	164.84271492840926	164.45959420357013	165.15279904122775	164.0203007436322	168.58625003001129	168.61769386493307	172.63155397604976	168.62256674358878	174.10671212400766	167.086762719629	168.50334604885074	168.1346227514948	168.51093776103804	168.67253638885464	163.1607805873489	163.08035043935945	166.13393497081643	163.18041998084198	167.086762719629	163.43121346479103	163.0034848694935	162.62933119673173	163.33661908972837	162.27879040606058	164.82339749432555	164.7559078474593	167.7541168108811	164.84271492840926	168.50334604885074	163.0034848694935	164.882273728251	164.2788528257058	164.96870718772564	163.82240637635203	164.44171844516737	164.3734686030066	167.1839321164723	164.45959420357013	168.1346227514948	162.62933119673173	164.2788528257058	165.35162830186155	164.59800672197017	163.41402110653598	165.12941728066357	165.06643914532975	168.18037609382154	165.15279904122775	168.51093776103804	163.33661908972837	164.96870718772564	164.59800672197017	165.70511592562775	164.22624080741468	164.00545876297852	163.91766573469837	167.50312212512807	164.0203007436322	168.67253638885464	162.27879040606058	163.82240637635203	163.41402110653598	164.22624080741468	165.07236764716814
183.07071553376	182.9889318523422	188.02007666283959	183.0998877607652	183.20677571405895	181.04150832410096	183.04578010231316	131.79373051259952	182.8147805738902	183.34471121052616	182.9889318523422	183.2962716057301	188.02783249961072	183.02986925886248	183.284706521525	180.94335494197585	182.97534151602238	131.38284532468037	182.75037551300005	183.24883294030408	188.02007666283959	188.02783249961072	194.81953372239403	188.05431672281807	188.68124878280148	186.05089927180126	188.02394462353357	130.45631681286116	187.89924425200195	188.75321720783163	183.0998877607652	183.02986925886248	188.05431672281807	183.15354721941094	183.2560094620129	181.08207897109148	183.08705398955792	131.74280290622048	182.85761556362667	183.38493456294646	183.20677571405895	183.284706521525	188.68124878280148	183.2560094620129	185.27516192035597	181.47503849656593	183.20810798090343	139.9876025969852	182.86721767607844	183.85923532086525	181.04150832410096	180.94335494197585	186.05089927180126	181.08207897109148	181.47503849656593	180.8660048877738	181.02850170821978	130.65803097032094	180.82735061280965	181.3443024885023	183.04578010231316	182.97534151602238	188.02394462353357	183.08705398955792	183.20810798090343	181.02850170821978	183.06630918430136	131.7294522796849	182.80249676649655	183.32837809686885	131.79373051259952	131.38284532468037	130.45631681286116	131.74280290622048	139.9876025969852	130.65803097032094	131.7294522796849	210.47850915307072	132.55666307970856	129.3166111324947	182.8147805738902	182.75037551300005	187.89924425200195	182.85761556362667	182.86721767607844	180.82735061280965	182.80249676649655	132.55666307970856	182.8980544437926	183.11797029903147	183.34471121052616	183.24883294030408	188.75321720783163	183.38493456294646	183.85923532086525	181.3443024885023	183.32837809686885	129.3166111324947	183.11797029903147	184.83876187751304
167.56538327660923	167.5498343359865	168.74031097324655	168.5770606654143	170.60842119543338	161.64249563728688	166.9549765072648	167.24526361813196	168.0577453603454	166.94492480927983	167.5498343359865	167.5601700550012	168.73444874586892	168.56782613018453	170.61142043992618	161.62936250921595	166.9457052228803	167.23664150307783	168.0509466491158	166.9347483884062	168.74031097324655	168.73444874586892	171.46224692483844	169.23907237002777	172.11317964757427	163.0586275608068	168.31596699562027	168.41974467803112	169.38127936084496	168.3003755059984	168.5770606654143	168.56782613018453	169.23907237002777	170.75939177366158	172.2068324771908	162.85845313219514	168.05535175401	168.23839138952053	169.54559783039682	167.96119311869103	170.60842119543338	170.61142043992618	172.11317964757427	172.2068324771908	175.49283006635414	165.5294062792242	170.2061816213891	170.3373062569711	170.76578264798385	170.32314530703695	161.64249563728688	161.62936250921595	163.0586275608068	162.85845313219514	165.5294062792242	162.3913482471698	161.06645363492333	161.35017100299893	162.4091697717434	161.11837507076052	166.9549765072648	166.9457052228803	168.31596699562027	168.05535175401	170.2061816213891	161.06645363492333	166.94879565203183	166.64028222062987	167.47415375722588	166.30154108234612	167.24526361813196	167.23664150307783	168.41974467803112	168.23839138952053	170.3373062569711	161.35017100299893	166.64028222062987	167.67413298548436	167.7555110289169	166.62345800350923	168.0577453603454	168.0509466491158	169.38127936084496	169.54559783039682	170.76578264798385	162.4091697717434	167.47415375722588	167.7555110289169	169.6438327135786	167.50010972881037	166.94492480927983	166.9347483884062	168.3003755059984	167.96119311869103	170.32314530703695	161.11837507076052	166.30154108234612	166.62345800350923	167.50010972881037	167.10640445324736
173.3337794812985	173.32721003575776	174.4696237874979	174.7067966447521	176.71330390379262	163.3643837158385	172.65614164481894	172.9758525040554	173.6857805878638	172.88359658406202	173.32721003575776	173.3755151878724	174.47656057047124	174.70883409284716	176.74191249091336	163.34869710062742	172.65459624311544	172.97480184944243	173.68702093220668	172.88093414668188	174.4696237874979	174.47656057047124	177.52861050152217	175.12786450580455	178.28479482104473	165.03435410935697	174.07990641987203	174.11486918911166	174.92942778628907	174.21685129393126	174.7067966447521	174.70883409284716	175.12786450580455	177.78708496099634	179.09367651461167	165.412567089902	174.20274712300883	174.32507049800748	175.72280127628375	174.28911791479524	176.71330390379262	176.74191249091336	178.28479482104473	179.09367651461167	182.79661126590958	168.8191712053588	176.43457838006745	176.41868907654188	176.71127154002542	176.65728226111565	163.3643837158385	163.34869710062742	165.03435410935697	165.412567089902	168.8191712053588	165.9746759251497	162.85762449973237	163.06321274695827	164.2523282467246	163.14407674253982	172.65614164481894	172.65459624311544	174.07990641987203	174.20274712300883	176.43457838006745	162.85762449973237	172.8071957713754	172.302948264878	173.049922454111	172.1832694999888	172.9758525040554	172.97480184944243	174.11486918911166	174.32507049800748	176.41868907654188	163.06321274695827	172.302948264878	173.4478313887928	173.34209522239917	172.52568948038504	173.6857805878638	173.68702093220668	174.92942778628907	175.72280127628375	176.71127154002542	164.2523282467246	173.049922454111	173.34209522239917	175.35568111316647	173.28734630451046	172.88359658406202	172.88093414668188	174.21685129393126	174.28911791479524	176.65728226111565	163.14407674253982	172.1832694999888	172.52568948038504	173.28734630451046	173.13455210708133
174.06079088772034	174.04697783703483	174.97018216138966	175.0898246924985	175.97193035087912	162.69860774386567	173.71839973259222	166.87369685348202	174.14720381333103	173.32916820481506	174.04697783703483	174.05396526211172	174.9675507738604	175.0841138436412	175.97673810727542	162.68801346819797	173.71405215291725	166.8652758324698	174.14416668557388	173.32343652460784	174.97018216138966	174.9675507738604	177.06587180433792	175.59884060950944	177.15074057723703	163.90602237724613	174.70790927478464	167.62679732262123	175.13737718275118	174.39138957275082	175.0898246924985	175.0841138436412	175.59884060950944	177.07701551239995	177.56171381655673	163.93613933514476	174.79608010651077	167.35198116498705	175.4247281256634	174.36765720266743	175.97193035087912	175.97673810727542	177.15074057723703	177.56171381655673	179.5990726320555	166.0847668132374	175.7303109778596	169.6701764513873	175.9087793409556	175.57007340065798	162.69860774386567	162.68801346819797	163.90602237724613	163.93613933514476	166.0847668132374	163.25092937491576	162.37451887037187	156.26061557852105	163.06093087838872	162.0910347386238	173.71839973259222	173.71405215291725	174.70790927478464	174.79608010651077	175.7303109778596	162.37451887037187	173.68068940220144	166.52519668943606	173.81921404204527	172.97147711105745	166.87369685348202	166.8652758324698	167.62679732262123	167.35198116498705	169.6701764513873	156.26061557852105	166.52519668943606	175.81018447701624	167.1124180613424	165.96272796142236	174.14720381333103	174.14416668557388	175.13737718275118	175.4247281256634	175.9087793409556	163.06093087838872	173.81921404204527	167.1124180613424	174.8204552673939	173.4568933771776	173.32916820481506	173.32343652460784	174.39138957275082	174.36765720266743	175.57007340065798	162.0910347386238	172.97147711105745	165.96272796142236	173.4568933771776	173.4008009459058
171.50730248007054	171.49516688428255	172.5118269168594	172.4284759459651	174.24460224278567	161.51207780995895	170.76076344588506	171.33333656680585	171.71520133522404	170.9158470447854	171.49516688428255	171.50762865092335	172.50960392869735	172.42253540617642	174.25115194936407	161.5002108017616	170.7551204693565	171.32856246631513	171.71134574014334	170.90968616528787	172.5118269168594	172.50960392869735	175.16659410445322	172.83429016686603	175.62412033595137	162.91529094988687	172.00000472998568	172.34245294065033	172.80539702513008	172.09235333174036	172.4284759459651	172.42253540617642	172.83429016686603	174.5776176859196	175.92886648790542	162.75123172072574	171.79757665423853	172.24630897220308	172.95774100058412	171.83575897160392	174.24460224278567	174.25115194936407	175.62412033595137	175.92886648790542	179.0002811371902	165.82317321312917	173.78102298746015	174.1033891834488	174.27550389599776	173.98692676613285	161.51207780995895	161.5002108017616	162.91529094988687	162.75123172072574	165.82317321312917	162.86647994353294	160.84205905006036	161.3627248895307	162.00487376530293	161.07104289092476	170.76076344588506	170.7551204693565	172.00000472998568	171.79757665423853	173.78102298746015	160.84205905006036	170.7596308985412	170.59290069868206	170.99318421324273	170.13471639952058	171.33333656680585	171.32856246631513	172.34245294065033	172.24630897220308	174.1033891834488	161.3627248895307	170.59290069868206	171.54328628541526	171.55194103171053	170.74528008806527	171.71520133522404	171.71134574014334	172.80539702513008	172.95774100058412	174.27550389599776	162.00487376530293	170.99318421324273	171.55194103171053	172.60737322376983	171.16181377965822	170.9158470447854	170.90968616528787	172.09235333174036	171.83575897160392	173.98692676613285	161.07104289092476	170.13471639952058	170.74528008806527	171.16181377965822	171.04027201990297
175.5201444217016	175.51096938043486	176.41702608220197	176.86245796820344	177.89819572421095	164.15379135864137	174.40530906277317	170.33655529923405	175.9006252832372	175.16790435469125	175.51096938043486	175.5315665302865	176.4179488690873	176.8591563457555	177.9086354216384	164.14107270131154	174.4011360586536	170.33115672856567	175.89955507896562	175.1642192893923	176.41702608220197	176.4179488690873	179.25322963749795	176.9888742209942	179.140976070083	165.52782464289191	175.69465413594912	171.1947828054579	176.89254727078415	176.19313790107296	176.86245796820344	176.8591563457555	176.9888742209942	180.00665659117817	180.14205287546613	166.09378818833363	175.98156086624886	171.19491666531073	177.98554492989794	176.51694533810132	177.89819572421095	177.9086354216384	179.140976070083	180.14205287546613	182.56856941716538	168.3842253892957	177.270213612214	173.33229362299338	178.03693234150532	177.76896158045693	164.15379135864137	164.14107270131154	165.52782464289191	166.09378818833363	168.3842253892957	165.8791871950735	163.2198772601701	159.61064387895095	165.17891039026676	163.92762965876378	174.40530906277317	174.4011360586536	175.69465413594912	175.98156086624886	177.270213612214	163.2198772601701	174.48298320677767	169.17806295047643	174.86687317048137	174.0191681746913	170.33655529923405	170.33115672856567	171.1947828054579	171.19491666531073	173.33229362299338	159.61064387895095	169.17806295047643	176.70182527740482	170.84303757419957	169.92340740566212	175.9006252832372	175.89955507896562	176.89254727078415	177.98554492989794	178.03693234150532	165.17891039026676	174.86687317048137	170.84303757419957	177.6057277647114	175.59288060719157	175.16790435469125	175.1642192893923	176.19313790107296	176.51694533810132	177.76896158045693	163.92762965876378	174.0191681746913	169.92340740566212	175.59288060719157	175.3055153365152
166.4404313845919	166.40987933957646	167.11889823198462	167.074279354876	166.58468746338022	156.65010524100597	165.56164933634366	164.05732519226638	167.977189988523	165.98771969936135	166.40987933957646	166.40089013643623	167.10051154251434	167.05014852025582	166.5657707904958	156.62131359520353	165.54028066460893	164.0355610224371	167.96268455543748	165.9669553297686	167.11889823198462	167.10051154251434	169.08992507271552	167.21089692443135	167.28481432837236	157.49684180025807	166.371174705244	164.70837424799527	168.83575821497027	166.72583868296286	167.074279354876	167.05014852025582	167.21089692443135	169.15124374280992	167.26222210960236	157.46473334851748	166.26103105497475	164.46006974543963	169.79764893867798	166.6041236696509	166.58468746338022	166.5657707904958	167.28481432837236	167.26222210960236	166.853022669011	156.86705929570618	165.72759045731726	164.22517250879523	168.1060858919748	166.15005578993566	156.65010524100597	156.62131359520353	157.49684180025807	157.46473334851748	156.86705929570618	155.80216582318798	155.71715806593335	154.3457452441156	159.16480446937666	156.18950596921584	165.56164933634366	165.54028066460893	166.371174705244	166.26103105497475	165.72759045731726	155.71715806593335	165.23101549825185	163.15557746853767	167.20528608469675	165.0902573543904	164.05732519226638	164.0355610224371	164.70837424799527	164.46006974543963	164.22517250879523	154.3457452441156	163.15557746853767	166.3226658915264	165.75856908651434	163.58075555956856	167.977189988523	167.96268455543748	168.83575821497027	169.79764893867798	168.1060858919748	159.16480446937666	167.20528608469675	165.75856908651434	171.37053647483506	167.6079890561989	165.98771969936135	165.9669553297686	166.72583868296286	166.6041236696509	166.15005578993566	156.18950596921584	165.0902573543904	163.58075555956856	167.6079890561989	165.84954482873297
170.849516141307	170.8148267369605	171.73809166100193	171.2657792203396	172.16768656732324	161.9701084197812	169.5481387363217	162.0262837143526	170.83176370509605	170.6452421899156	170.8148267369605	170.81091048015938	171.72491625807348	171.24836576086432	172.1662104051253	161.94799548873647	169.53218734246852	161.9970417340964	170.81979270887857	170.6321223316903	171.73809166100193	171.72491625807348	173.79942379941227	171.83709220440426	173.34321471176298	162.97886064158504	170.69789765526014	162.47789946535218	171.75004667359943	171.57807703845032	171.2657792203396	171.24836576086432	171.83709220440426	172.25044331491532	172.8914770989999	162.3357828931036	170.03408241330584	161.82452821855807	171.27780550479432	171.06847912206564	172.16768656732324	172.1662104051253	173.34321471176298	172.8914770989999	174.4825805578642	164.0394609765959	171.0794790776712	164.2087536494567	172.17111923897963	172.04103048926234	161.9701084197812	161.94799548873647	162.97886064158504	162.3357828931036	164.0394609765959	161.41861764413787	160.63566872729152	153.44677086330202	161.9849252492041	161.78040771457495	169.5481387363217	169.53218734246852	170.69789765526014	170.03408241330584	171.0794790776712	160.63566872729152	169.19199754914655	160.60852548033918	169.55128437055873	169.34050302188092	162.0262837143526	161.9970417340964	162.47789946535218	161.82452821855807	164.2087536494567	153.44677086330202	160.60852548033918	171.69215401250614	162.03633315723803	161.7539791895648	170.83176370509605	170.81979270887857	171.75004667359943	171.27780550479432	172.17111923897963	161.9849252492041	169.55128437055873	162.03633315723803	170.87442674598037	170.65017588519436	170.6452421899156	170.6321223316903	171.57807703845032	171.06847912206564	172.04103048926234	161.78040771457495	169.34050302188092	161.7539791895648	170.65017588519436	170.64487414897928
172.82773050904834	172.81018217352835	173.6209490464762	173.54186438943623	174.11513862260674	161.45967528777913	171.88714736425243	169.5957097589853	173.20735966638767	171.5439328581568	172.81018217352835	172.81342620692465	173.61617468006898	173.53250028003808	174.11481070997917	161.44614953378922	171.87978445884852	169.5877246317914	173.20345682779413	171.5346123664962	173.6209490464762	173.61617468006898	176.34863731120345	173.60472245434693	175.20376540877675	162.63791483867828	172.9578214259434	170.2856506638108	174.19468853826424	172.65123111126977	173.54186438943623	173.53250028003808	173.60472245434693	175.55217780152455	175.23267809521056	162.34262025343205	172.691048972746	170.02687332319076	174.47965155524403	172.17625076118603	174.11513862260674	174.11481070997917	175.20376540877675	175.23267809521056	176.6967670721743	163.72870877274892	173.36306479959262	171.10453055600365	174.35634071344057	173.18813703385936	161.45967528777913	161.44614953378922	162.63791483867828	162.34262025343205	163.72870877274892	161.56290222262487	160.52041176586596	158.46683452128065	162.43307753811027	160.2932359872429	171.88714736425243	171.87978445884852	172.9578214259434	172.691048972746	173.36306479959262	160.52041176586596	171.80359037806866	168.62923790712495	172.328012937518	170.49647474241456	169.5957097589853	169.5877246317914	170.2856506638108	170.02687332319076	171.10453055600365	158.46683452128065	168.62923790712495	173.40225842292296	170.08820177370575	168.16034400616164	173.20735966638767	173.20345682779413	174.19468853826424	174.47965155524403	174.35634071344057	162.43307753811027	172.328012937518	170.08820177370575	174.69890470594524	172.06229097326755	171.5439328581568	171.5346123664962	172.65123111126977	172.17625076118603	173.18813703385936	160.2932359872429	170.49647474241456	168.16034400616164	172.06229097326755	171.5433829738533
167.77405668474105	164.08643820157997	164.71090875289661	165.17916468197208	164.14332308217246	161.1731224013032	162.89978574502186	163.86882110875786	164.09674122336423	163.30512287625066	164.08643820157997	162.26410498205422	162.56059460901906	162.60506394000842	162.3488262462798	159.02328295935578	160.60778896964894	161.98866729748372	162.26031473707064	160.752417802254	164.71090875289661	162.56059460901906	164.14720193115437	162.49017480072456	162.68730914637266	159.37869428600115	161.26606689883886	162.299219124692	162.5853410901675	161.2807727433718	165.17916468197208	162.60506394000842	162.49017480072456	163.82719007444234	162.72799881404887	159.4050452638663	161.18706836137565	162.34087221960442	162.63081933672575	161.13931683648948	164.14332308217246	162.3488262462798	162.68730914637266	162.72799881404887	162.54216297561956	159.15248703353274	160.72911081388662	162.10222586897825	162.37317589679267	160.8808095914921	161.1731224013032	159.02328295935578	159.37869428600115	159.4050452638663	159.15248703353274	158.79912549754008	157.39728702791558	158.78624985031237	159.0528612409311	157.58002445720425	162.89978574502186	160.60778896964894	161.26606689883886	161.18706836137565	160.72911081388662	157.39728702791558	160.43757872806898	160.36367884433022	160.63346315877044	158.9511549542961	163.86882110875786	161.98866729748372	162.299219124692	162.34087221960442	162.10222586897825	158.78624985031237	160.36367884433022	162.37502421707708	162.0134066631222	160.49738561178236	164.09674122336423	162.26031473707064	162.5853410901675	162.63081933672575	162.37317589679267	159.0528612409311	160.63346315877044	162.0134066631222	162.29170564136172	160.78051921212602	163.30512287625066	160.752417802254	161.2807727433718	161.13931683648948	160.8808095914921	157.58002445720425	158.9511549542961	160.49738561178236	160.78051921212602	160.9080332374126
170.10079783177375	165.52122828336374	166.35197862391402	166.95224931881882	165.5270245551072	163.07588768225443	164.4821968191785	163.7406418812045	165.52232843681736	165.1860978763645	165.52122828336374	163.31127139963485	163.70289315682854	163.8524734070695	163.31910478023858	160.48206832095195	161.66722349365187	161.0019507530946	163.30552118682326	162.01943875136715	166.35197862391402	163.70289315682854	165.25936569128282	163.95750228316373	163.7383157199676	160.93805038913376	162.43661888168864	161.32431744190816	163.72359251730572	162.66324896527502	166.95224931881882	163.8524734070695	163.95750228316373	165.24805567410553	163.88576153037508	161.09002617491265	162.49347728459438	161.47901494280796	163.8733565066256	162.69173919620692	165.5270245551072	163.31910478023858	163.7383157199676	163.88576153037508	163.3726463890608	160.5213227177134	161.70261336558195	161.036486210017	163.33987508025936	162.05679262313498	163.07588768225443	160.48206832095195	160.93805038913376	161.09002617491265	160.5213227177134	160.3483647087017	158.8855212419454	158.26864720815036	160.50661995944603	159.28431251521033	164.4821968191785	161.66722349365187	162.43661888168864	162.49347728459438	161.70261336558195	158.8855212419454	161.60462007364075	159.4406370546597	161.68777589539746	160.2628187341675	163.7406418812045	161.0019507530946	161.32431744190816	161.47901494280796	161.036486210017	158.26864720815036	159.4406370546597	164.50213134024443	161.02274841713339	159.68723483482827	165.52232843681736	163.30552118682326	163.72359251730572	163.8733565066256	163.33987508025936	160.50661995944603	161.68777589539746	161.02274841713339	163.33566079683527	162.04186217968152	165.1860978763645	162.01943875136715	162.66324896527502	162.69173919620692	162.05679262313498	159.28431251521033	160.2628187341675	159.68723483482827	162.04186217968152	162.51139503805044
170.65774445291757	167.26026245775833	168.13238949014303	168.22016367172034	167.262879610932	163.70732129063117	166.2449867237106	161.78411480063124	167.255433508843	166.68512086779995	167.26026245775833	165.9797288768411	166.45599150341687	166.406934867172	165.99919678171844	161.9013875950342	164.6369532468938	158.64778283413023	165.97962475021208	164.3798117434183	168.13238949014303	166.45599150341687	167.73269465579634	166.7566074040854	166.4887678218883	162.4324357979993	165.33326085857513	158.87024051371063	166.46833306261541	165.08526680060152	168.22016367172034	166.406934867172	166.7566074040854	167.32225888941693	166.4377722810142	162.37552941984563	165.19991508520758	158.89914171952108	166.41934257631542	164.91213309369135	167.262879610932	165.99919678171844	166.4887678218883	166.4377722810142	166.05802922241458	161.93750135014696	164.6678064304021	158.6806805257924	166.00988848093127	164.41307837306843	163.70732129063117	161.9013875950342	162.4324357979993	162.37552941984563	161.93750135014696	161.58682857919646	160.58229233942748	154.90345521328908	161.915614827526	160.41150329040698	166.2449867237106	164.6369532468938	165.33326085857513	165.19991508520758	164.6678064304021	160.58229233942748	164.41165651850662	157.50843793622474	164.64675631245012	162.8965934005888	161.78411480063124	158.64778283413023	158.87024051371063	158.89914171952108	158.6806805257924	154.90345521328908	157.50843793622474	170.07708762567498	158.66066005525863	156.93202218698423	167.255433508843	165.97962475021208	166.46833306261541	166.41934257631542	166.00988848093127	161.915614827526	164.64675631245012	158.66066005525863	166.0049448378254	164.39112087246627	166.68512086779995	164.3798117434183	165.08526680060152	164.91213309369135	164.41307837306843	160.41150329040698	162.8965934005888	156.93202218698423	164.39112087246627	164.79787487472942
