60.111782943460895	60.0701844161921	59.84780527335332	57.816933680251076	60.04643837864246	60.220302022244454	61.184056326682644	60.0701844161921	60.12723298202845	59.897876442516065	57.86737717652235	60.09542506595955	60.26854736505656	61.21251272143004	59.84780527335332	59.897876442516065	59.78317761706918	57.64185034500247	59.87272235386844	60.059943445385166	61.09369368842832	57.816933680251076	57.86737717652235	57.64185034500247	61.301646073693846	57.843051319052165	58.00911699846459	59.24387683666304	60.04643837864246	60.09542506595955	59.87272235386844	57.843051319052165	60.09444133138698	60.245971578301685	61.2008079026792	60.220302022244454	60.26854736505656	60.059943445385166	58.00911699846459	60.245971578301685	60.48065289486621	61.31814306455845	61.184056326682644	61.21251272143004	61.09369368842832	59.24387683666304	61.2008079026792	61.31814306455845	64.10960893094268
73.34550243258026	73.10648126262956	73.07414514469467	38.42707747384705	72.98045863210685	73.548176377045	72.41498991255955	73.10648126262956	73.33111836395118	73.29259680165288	38.65601397777477	73.20038404884943	73.76061320734627	72.51651502472464	73.07414514469467	73.29259680165288	73.2849498684731	38.60934188709918	73.16751234701198	73.73465782452696	72.5103084415082	38.42707747384705	38.65601397777477	38.60934188709918	92.51129836767657	38.56155423702589	38.795304601705205	43.52106814682139	72.98045863210685	73.20038404884943	73.16751234701198	38.56155423702589	73.20874481270106	73.64923277404347	72.46619575304076	73.548176377045	73.76061320734627	73.73465782452696	38.795304601705205	73.64923277404347	74.32896246962518	72.7989804059522	72.41498991255955	72.51651502472464	72.5103084415082	43.52106814682139	72.46619575304076	72.7989804059522	74.34134116438486
61.41104514429971	61.264793112450874	61.232647115890764	55.446491652501905	61.20863365152612	61.76957864971017	61.31029784576701	61.264793112450874	61.49534630431484	61.45439753215459	55.70528819893327	61.43108332598792	61.97795086740401	61.527047803371154	61.232647115890764	61.45439753215459	61.43897880660542	55.664400202317864	61.399585810431354	61.9528737554412	61.49683003077797	55.446491652501905	55.70528819893327	55.664400202317864	63.31412276072377	55.63991446340458	56.205629461378095	55.780713272426674	61.20863365152612	61.43108332598792	61.399585810431354	55.63991446340458	61.42667159464503	61.931652966042606	61.47394277701322	61.76957864971017	61.97795086740401	61.9528737554412	56.205629461378095	61.931652966042606	62.614322709178296	62.01287855036375	61.31029784576701	61.527047803371154	61.49683003077797	55.780713272426674	61.47394277701322	62.01287855036375	61.66636721011011
60.1160991762428	58.908896301795046	58.87616109094605	58.82592553871018	58.73015314407991	59.33799676583617	60.05469373986585	58.908896301795046	60.26687686157837	60.23131880359921	60.17812623703811	60.10530850811338	60.64067946546814	60.97476508037044	58.87616109094605	60.23131880359921	60.22119793590657	60.15026137088716	60.07606177861677	60.61807670966724	60.95943812504964	58.82592553871018	60.17812623703811	60.15026137088716	60.29420717344639	60.0241736493354	60.559425837571354	60.90398556313275	58.73015314407991	60.10530850811338	60.07606177861677	60.0241736493354	60.131092707164726	60.50860910909859	60.881143299601824	59.33799676583617	60.64067946546814	60.61807670966724	60.559425837571354	60.50860910909859	61.1725161103148	61.25744968562498	60.05469373986585	60.97476508037044	60.95943812504964	60.90398556313275	60.881143299601824	61.25744968562498	63.300011049706754
66.50994002972067	59.33118960073513	59.3194164954674	55.11434744258045	58.72325937519234	60.081303866267476	61.872783703151015	59.33118960073513	64.88019181862057	64.86457407504145	60.615419497734095	64.49634430206213	65.39332894523338	64.17804613254027	59.3194164954674	64.86457407504145	64.86927733659873	60.60772971477927	64.48953720675706	65.39270848988969	64.18221708507063	55.11434744258045	60.615419497734095	60.60772971477927	67.00158674712425	60.256955198758035	61.0613811045854	60.73532103744347	58.72325937519234	64.49634430206213	64.48953720675706	60.256955198758035	64.94276661190817	65.17083269675129	64.12267976463338	60.081303866267476	65.39332894523338	65.39270848988969	61.0613811045854	65.17083269675129	66.21880007802619	64.49456624355219	61.872783703151015	64.17804613254027	64.18221708507063	60.73532103744347	64.12267976463338	64.49456624355219	67.13436447702372
84.43650822063731	49.52027930485782	49.518548440689074	49.47285029948713	44.405566404759966	49.62419807816257	60.614559853729276	49.52027930485782	70.81350364146066	70.7968343384578	70.73797379588889	66.6781775734418	70.36570083410554	62.487818097110704	49.518548440689074	70.7968343384578	70.81662995615712	70.7275281118621	66.69078568605616	70.38433742935146	62.512323755795265	49.47285029948713	70.73797379588889	70.7275281118621	70.81622464809756	66.61547789084486	70.29593073678218	62.449443727187024	44.405566404759966	66.6781775734418	66.69078568605616	66.61547789084486	82.83889694400989	72.1108459916707	66.81157380750253	49.62419807816257	70.36570083410554	70.38433742935146	70.29593073678218	72.1108459916707	72.1390801512325	63.99854556752505	60.614559853729276	62.487818097110704	62.512323755795265	62.449443727187024	66.81157380750253	63.99854556752505	68.83342070281265
62.96523489129768	62.722252104568895	62.71439933908593	62.63405609387638	58.07011253832998	62.42325664855134	61.89628247681422	62.722252104568895	62.8699795869649	62.85611367956986	62.77559926836268	58.254336846226714	62.56853281422126	61.93276953686605	62.71439933908593	62.85611367956986	62.884153790184016	62.76770616794558	58.26804217698195	62.59430187355147	61.9549873204317	62.63405609387638	62.77559926836268	62.76770616794558	62.903101023353045	58.168277974955096	62.477491801482444	61.86996508078502	58.07011253832998	58.254336846226714	58.26804217698195	58.168277974955096	73.52731684914707	63.96127549194282	64.81117392383334	62.42325664855134	62.56853281422126	62.59430187355147	62.477491801482444	63.96127549194282	64.57331677505796	63.21200477215613	61.89628247681422	61.93276953686605	61.9549873204317	61.86996508078502	64.81117392383334	63.21200477215613	67.4860067589162
82.30104284069759	59.02966812233428	59.024710135613134	41.93299366907151	58.139171831830346	60.387936246332615	65.48314626794975	59.02966812233428	76.92736388435607	76.92138748291084	55.977281127695775	76.50470243112282	77.67836926390507	70.14981451582604	59.024710135613134	76.92138748291084	76.93616785047006	55.96894713327865	76.50629912128858	77.68852578140284	70.16143584696601	41.93299366907151	55.977281127695775	55.96894713327865	83.65148421239535	55.70961399307032	56.165761300204736	55.279020225728225	58.139171831830346	76.50470243112282	76.50629912128858	55.70961399307032	77.63536898144969	77.63617507693819	70.31255124860003	60.387936246332615	77.67836926390507	77.68852578140284	56.165761300204736	77.63617507693819	78.94167404346109	70.63530496691519	65.48314626794975	70.14981451582604	70.16143584696601	55.279020225728225	70.31255124860003	70.63530496691519	71.91132683919503
65.89489210411728	65.85942623419608	65.8480884943304	54.615237471747854	65.68544064787169	66.90097097150087	65.81065335357648	65.85942623419608	65.8900564064369	65.87259202212118	54.64372501658464	65.71045152262924	66.92315679708459	65.81987352259586	65.8480884943304	65.87259202212118	65.9118276411742	54.61131704856713	65.69754495010653	66.9458900924974	65.83450910191243	54.615237471747854	54.64372501658464	54.61131704856713	71.0008964564826	54.45211947625224	55.40298872275992	56.535501393536435	65.68544064787169	65.71045152262924	65.69754495010653	54.45211947625224	66.01804257573995	66.88258743676035	65.8017281210596	66.90097097150087	66.92315679708459	66.9458900924974	55.40298872275992	66.88258743676035	68.39502379780934	66.4648572751872	65.81065335357648	65.81987352259586	65.83450910191243	56.535501393536435	65.8017281210596	66.4648572751872	68.48014077556388
66.40652503027111	57.7038388143899	57.66473586764627	57.602835207102174	57.69570072835018	58.863068566171016	61.03574740221737	57.7038388143899	63.86047513091824	63.82876695411362	63.749323737680065	63.84726125431387	64.62728454039357	63.117661559588704	57.66473586764627	63.82876695411362	63.882532645774226	63.72746092034369	63.825578933600625	64.65452275809888	63.14215927555481	57.602835207102174	63.749323737680065	63.72746092034369	63.897003995188385	63.74621553212271	64.52354514616597	63.04179265258355	57.69570072835018	63.84726125431387	63.825578933600625	63.74621553212271	63.856214242624645	64.62760333496767	63.12185712267665	58.863068566171016	64.62728454039357	64.65452275809888	64.52354514616597	64.62760333496767	65.82958921913901	63.51387660840689	61.03574740221737	63.117661559588704	63.14215927555481	63.04179265258355	63.12185712267665	63.51387660840689	66.55242376364961
72.61842758487933	54.27716749088712	54.268840875368824	54.07716288859612	53.947945058571634	55.517966287967184	60.996713934509245	54.27716749088712	66.35961843686721	66.34869026567384	66.12313037112196	66.17876096362157	67.03454719116382	63.49875857316811	54.268840875368824	66.34869026567384	66.36443705448194	66.11891875843159	66.17430816268137	67.04356390691035	63.50980691701115	54.07716288859612	66.12313037112196	66.11891875843159	66.436608740396	65.94976598908562	66.79774778601951	63.33630210694111	53.947945058571634	66.17876096362157	66.17430816268137	65.94976598908562	66.75121362437454	67.05458314611734	63.6046565434802	55.517966287967184	67.03454719116382	67.04356390691035	66.79774778601951	67.05458314611734	68.20095619124191	63.8238791780543	60.996713934509245	63.49875857316811	63.50980691701115	63.33630210694111	63.6046565434802	63.8238791780543	67.35518624312213
78.48581393570035	54.54821903282591	54.54410422163943	51.137041485348234	50.78118693411507	54.993453991550325	61.544368667634004	54.54821903282591	69.81252728376384	69.80342986155891	65.51874406570275	67.62752409612114	70.00922894119215	64.38819856537273	54.54410422163943	69.80342986155891	69.8188503995685	65.51431523273267	67.62374290668521	70.01863981156977	64.39983086923121	51.137041485348234	65.51874406570275	65.51431523273267	70.96840307822217	63.52821720549646	65.62879368678021	61.51172902357314	50.78118693411507	67.62752409612114	67.62374290668521	63.52821720549646	74.80657542105173	70.30272689803752	65.89351453541609	54.993453991550325	70.00922894119215	70.01863981156977	65.62879368678021	70.30272689803752	71.31878042479389	65.09886054533037	61.544368667634004	64.38819856537273	64.39983086923121	61.51172902357314	65.89351453541609	65.09886054533037	68.65559827261717
75.73523162455382	56.2360225585245	56.229448665623984	51.95655605018685	52.66780398284064	56.76473077208712	61.03694795963462	56.2360225585245	68.73800977021979	68.72910355516908	64.08103441856355	67.360177778353	69.06743160391098	65.18812490741571	56.229448665623984	68.72910355516908	68.7403401225863	64.07888533941389	67.35693099145104	69.0740193919188	65.19588634482523	51.95655605018685	64.08103441856355	64.07888533941389	70.58035222692064	62.78046615022815	64.30668307791554	61.6756668346535	52.66780398284064	67.360177778353	67.35693099145104	62.78046615022815	72.14358817599744	69.22128299794451	65.75386987819473	56.76473077208712	69.06743160391098	69.0740193919188	64.30668307791554	69.22128299794451	70.18687800756973	65.6758029243581	61.03694795963462	65.18812490741571	65.19588634482523	61.6756668346535	65.75386987819473	65.6758029243581	68.11774365330245
79.41955444421669	57.61627269765387	57.61445802702053	47.24126810343933	56.15472809913745	58.78955511413293	64.18791776710151	57.61627269765387	73.08986308139944	73.08136288030836	60.01286916976128	72.13711950702654	73.79291412015091	67.11594891909698	57.61445802702053	73.08136288030836	73.12383341016042	59.99632982516545	72.13551227765157	73.82239506789833	67.14472924279589	47.24126810343933	60.01286916976128	59.99632982516545	76.80650643086632	59.28490970734995	60.31145020604558	58.26741768012877	56.15472809913745	72.13711950702654	72.13551227765157	59.28490970734995	75.1774579330323	73.94061127930425	67.75808491650216	58.78955511413293	73.79291412015091	73.82239506789833	60.31145020604558	73.94061127930425	75.29288843977338	67.7200813265656	64.18791776710151	67.11594891909698	67.14472924279589	58.26741768012877	67.75808491650216	67.7200813265656	70.34056091407051
84.35033863586767	70.8007510055936	70.80025559294508	34.074016851979586	70.08861734308337	72.32034562421521	72.3422059076687	70.8007510055936	83.80415246221827	83.80135143208201	40.58788409743906	83.24755191546645	85.02704385944683	75.86284287285709	70.80025559294508	83.80135143208201	83.83442444222388	40.56288571338902	83.24917740551058	85.04913909568137	75.8865725445798	34.074016851979586	40.58788409743906	40.56288571338902	99.45968205944243	40.42697191349818	40.453868855363865	45.660123594955294	70.08861734308337	83.24755191546645	83.24917740551058	40.42697191349818	84.08836546241957	84.81540157129116	75.96162492745846	72.32034562421521	85.02704385944683	85.04913909568137	40.453868855363865	84.81540157129116	86.78168574337907	76.58678920000837	72.3422059076687	75.86284287285709	75.8865725445798	45.660123594955294	75.96162492745846	76.58678920000837	76.46120606150158
80.21764764274171	75.66614204183507	75.67505495576101	36.10929510201459	75.0852254340127	77.2183308916826	73.83415386357629	75.66614204183507	79.93660243616084	79.94154680370693	38.336575894785014	79.4053451868854	81.37213119155496	75.00959484895435	75.67505495576101	79.94154680370693	80.01832211700435	38.28512885939376	79.41454574182302	81.42799352542312	75.0601114726422	36.10929510201459	38.336575894785014	38.28512885939376	98.57903263225015	38.13005733218766	38.22972821736169	44.87995803001096	75.0852254340127	79.4053451868854	79.41454574182302	38.13005733218766	80.31636769291904	81.22563272559917	75.13658257484637	77.2183308916826	81.37213119155496	81.42799352542312	38.22972821736169	81.22563272559917	83.40267746713914	75.85142178863116	73.83415386357629	75.00959484895435	75.0601114726422	44.87995803001096	75.13658257484637	75.85142178863116	76.33237669235616
92.59051015433394	64.02624167676545	64.03414940962725	30.762066372472937	63.450183575432355	65.91332180822008	71.0694196825805	64.02624167676545	93.32974643013539	93.33123431958727	42.467518303951	92.83280407933371	94.702751529256	78.15559488821884	64.03414940962725	93.33123431958727	93.36446217999638	42.445605528091164	92.84097112413615	94.72902727302947	78.18056258077463	30.762066372472937	42.467518303951	42.445605528091164	101.71591609945847	42.352781688005216	42.19597915610656	46.10067638671692	63.450183575432355	92.83280407933371	92.84097112413615	42.352781688005216	93.79756763984663	94.60534633319863	78.33946299830754	65.91332180822008	94.702751529256	94.72902727302947	42.19597915610656	94.60534633319863	96.6994941952944	78.96524928653459	71.0694196825805	78.15559488821884	78.18056258077463	46.10067638671692	78.33946299830754	78.96524928653459	77.22662613815717
93.18544488537262	63.94492494908008	63.95081810860836	30.821572199631763	62.99789297882797	65.77201750314819	71.07232641774849	63.94492494908008	94.39439145959358	94.39311955094685	42.32120440058465	93.48161382080558	95.73151668424458	78.2312971007297	63.95081810860836	94.39311955094685	94.41722090785407	42.30245420602521	93.49918715147014	95.75472105297315	78.25442628678071	30.821572199631763	42.32120440058465	42.30245420602521	101.77977368975341	42.106516442465754	42.00572745975619	46.068107488898036	62.99789297882797	93.48161382080558	93.49918715147014	42.106516442465754	95.29675048205017	95.58985440597934	78.61080882718652	65.77201750314819	95.73151668424458	95.75472105297315	42.00572745975619	95.58985440597934	97.81706104904517	79.12241259780583	71.07232641774849	78.2312971007297	78.25442628678071	46.068107488898036	78.61080882718652	79.12241259780583	77.29799297220825
94.29902538606999	64.44082883601553	64.45683735331285	32.51741583882105	58.504519223142985	64.86043099669135	69.71328705204971	64.44082883601553	94.53501100340229	94.53022717630344	44.70058883046408	88.56682518779883	94.41303236115061	76.448019124069	64.45683735331285	94.53022717630344	94.59483126912377	44.65106994722257	88.61560925610479	94.47609793603587	76.51103427778774	32.51741583882105	44.70058883046408	44.65106994722257	99.65440701757984	42.98720280180952	43.99264035400535	47.041364258439245	58.504519223142985	88.56682518779883	88.61560925610479	42.98720280180952	102.147748833551	94.08956670257925	79.45833826295276	64.86043099669135	94.41303236115061	94.47609793603587	43.99264035400535	94.08956670257925	96.492170076103	78.1138400941791	69.71328705204971	76.448019124069	76.51103427778774	47.041364258439245	79.45833826295276	78.1138400941791	77.09929556237296
80.45838480255206	53.64333808998263	53.638494362873274	49.20610740090195	50.17894145433954	54.250672448050096	61.464872543258366	53.64333808998263	71.05468094055456	71.04508111552302	65.42635039331343	69.3930152894345	71.34030722998861	65.16452628087589	53.638494362873274	71.04508111552302	71.05558870921676	65.42396408849068	69.39174588280467	71.34715192345502	65.17396693359525	49.20610740090195	65.42635039331343	65.42396408849068	72.57515741683395	63.953958532497445	65.59381737376835	61.32830521035626	50.17894145433954	69.3930152894345	69.39174588280467	63.953958532497445	75.07865549812949	71.56941277286582	66.24533816618464	54.250672448050096	71.34030722998861	71.34715192345502	65.59381737376835	71.56941277286582	72.55489240115878	65.75838158634174	61.464872543258366	65.16452628087589	65.17396693359525	61.32830521035626	66.24533816618464	65.75838158634174	68.79596354301435
68.7545093740975	59.390949879603944	59.372773167492255	54.28194383640236	56.91825310642274	59.91415892211474	60.87108962414248	59.390949879603944	66.13342647273294	66.09615411363828	61.37854217591928	65.138746451115	66.42475310562943	65.22521736002119	59.372773167492255	66.09615411363828	66.10834884778079	61.37388660507884	65.13832237375922	66.43400529697014	65.23907923532656	54.28194383640236	61.37854217591928	61.37388660507884	68.70566585172331	60.38421977831187	61.634516075029275	61.035209618202984	56.91825310642274	65.138746451115	65.13832237375922	60.38421977831187	66.7627697722653	65.95263421303079	64.81403536456493	59.91415892211474	66.42475310562943	66.43400529697014	61.634516075029275	65.95263421303079	67.11336972512908	65.53044619363509	60.87108962414248	65.22521736002119	65.23907923532656	61.035209618202984	64.81403536456493	65.53044619363509	66.71853067385385
63.51171065561473	61.64718381524786	61.638491101957946	57.807182061939606	61.31587149175579	62.72669050421174	61.689162666343506	61.64718381524786	63.32545919111511	63.30910586656833	59.67740804220435	63.08267826886516	64.18307005812083	63.320327052471704	61.638491101957946	63.30910586656833	63.314231320010244	59.668397770702896	63.077244578361494	64.18613343009216	63.31645820916735	57.807182061939606	59.67740804220435	59.668397770702896	64.79013961169949	59.40044733127871	60.53612435028592	59.70871403739126	61.31587149175579	63.08267826886516	63.077244578361494	59.40044733127871	63.41220032092587	64.12228930034293	63.09745804452933	62.72669050421174	64.18307005812083	64.18613343009216	60.53612435028592	64.12228930034293	65.41048151715712	64.17661092869898	61.689162666343506	63.320327052471704	63.31645820916735	59.70871403739126	63.09745804452933	64.17661092869898	63.44834064088167
90.89270214310204	66.55057384764385	66.55145557464618	30.595732666154255	64.47567248356762	67.97741284377312	70.67401928455429	66.55057384764385	86.6450661939626	86.64525737058877	44.338172818577306	85.88572488572817	87.51638725387006	77.34895389462432	66.55145557464618	86.64525737058877	86.66669193330313	44.32266116802745	85.89755462310099	87.53510549621929	77.3664027488544	30.595732666154255	44.338172818577306	44.32266116802745	100.93382374190507	43.94990141115479	44.10850068764786	46.4268455031178	64.47567248356762	85.88572488572817	85.89755462310099	43.94990141115479	88.46077969592719	87.59705506748472	77.65820080068112	67.97741284377312	87.51638725387006	87.53510549621929	44.10850068764786	87.59705506748472	89.04015450291718	78.07710070512304	70.67401928455429	77.34895389462432	77.3664027488544	46.4268455031178	77.65820080068112	78.07710070512304	76.95224685475806
62.12519569776358	61.316579050107116	61.27585894227711	56.393031125319126	61.293070469176406	62.08884956777394	61.329794636114286	61.316579050107116	62.320943550701124	62.276317886144405	57.53347264619018	62.290559759980475	62.995921403413305	62.3177996157851	61.27585894227711	62.276317886144405	62.26920934063486	57.48825994869539	62.25677400620832	62.97644796414391	62.284617274130184	56.393031125319126	57.53347264619018	57.48825994869539	63.993148444701504	57.50815756084668	58.226086995912105	57.54880415535512	61.293070469176406	62.290559759980475	62.25677400620832	57.50815756084668	62.2950110446923	62.98250533005405	62.298760315409154	62.08884956777394	62.995921403413305	62.97644796414391	58.226086995912105	62.98250533005405	63.89665883885604	63.00113624256404	61.329794636114286	62.3177996157851	62.284617274130184	57.54880415535512	62.298760315409154	63.00113624256404	62.36076122149323
69.7414289475829	69.51138517658542	69.54415745513126	46.694503829074435	68.53766187133093	69.87023905366136	69.52060987839964	69.51138517658542	69.71921105121021	69.63521560692638	47.05393843516965	68.6729055157973	69.95236100220649	69.60548578122909	69.54415745513126	69.63521560692638	69.67544658238772	46.91280512967717	68.68961810012757	69.99155112938499	69.64218279342856	46.694503829074435	47.05393843516965	46.91280512967717	78.60841224975135	45.330832729246566	47.19203895764723	47.10802344189688	68.53766187133093	68.6729055157973	68.68961810012757	45.330832729246566	68.79753508206099	69.16276514769419	68.70133858815474	69.87023905366136	69.95236100220649	69.99155112938499	47.19203895764723	69.16276514769419	70.45989177889693	69.95646799031312	69.52060987839964	69.60548578122909	69.64218279342856	47.10802344189688	68.70133858815474	69.95646799031312	69.76997265046035
77.57907601783444	69.00214749171192	68.99179576743406	33.19674919053828	68.89459860592484	69.44312670001773	70.41405397786929	69.00214749171192	77.22849063757961	77.21188380667765	42.241532525893774	77.16370185181188	77.48107699039446	74.72219052066609	68.99179576743406	77.21188380667765	77.23294266008581	42.203371430627186	77.17770266961881	77.49699302075311	74.74491738516637	33.19674919053828	42.241532525893774	42.203371430627186	97.23774464798514	42.17859927235989	42.261972196537954	44.766644664289856	68.89459860592484	77.16370185181188	77.17770266961881	42.17859927235989	77.20969707280864	77.45308958769046	74.72087581725916	69.44312670001773	77.48107699039446	77.49699302075311	42.261972196537954	77.45308958769046	77.86802751293392	74.93408047377878	70.41405397786929	74.72219052066609	74.74491738516637	44.766644664289856	74.72087581725916	74.93408047377878	75.46018481271786
83.57911646074025	64.38736369184792	64.37640204727	30.32449710361695	64.33296045694294	65.13505130908901	69.2680961875223	64.38736369184792	83.58351373666382	83.56649621255035	44.4181002795216	83.54848107867684	83.94875023138573	76.50995956336644	64.37640204727	83.56649621255035	83.63752226800203	44.35125947237296	83.6131453947228	84.01638485793364	76.58485173847163	30.32449710361695	44.4181002795216	44.35125947237296	101.1535277093572	44.35155843658252	44.31221630943876	46.28182360049653	64.33296045694294	83.54848107867684	83.6131453947228	44.35155843658252	83.63651790476266	84.00075287423243	76.57865573863033	65.13505130908901	83.94875023138573	84.01638485793364	44.31221630943876	84.00075287423243	84.56147124843957	76.82947145027325	69.2680961875223	76.50995956336644	76.58485173847163	46.28182360049653	76.57865573863033	76.82947145027325	76.48618007090863
82.70330940702084	68.35601285685304	68.38372688639897	31.00153565118601	68.28273706541917	69.4965839202163	70.4939182250514	68.35601285685304	80.04374623107199	79.99116667648494	44.15375631144065	79.9600105662028	80.51788837709326	76.20015982818036	68.38372688639897	79.99116667648494	80.24689501443399	43.89389692915978	80.20970618500488	80.77854338443387	76.47254071906166	31.00153565118601	44.15375631144065	43.89389692915978	99.90866828057875	43.878538362119954	43.90343571074344	45.5722179645062	68.28273706541917	79.9600105662028	80.20970618500488	43.878538362119954	80.27203204235843	80.75897038581772	76.46167376867304	69.4965839202163	80.51788837709326	80.77854338443387	43.90343571074344	80.75897038581772	81.55228353746419	76.86442359382616	70.4939182250514	76.20015982818036	76.47254071906166	45.5722179645062	76.46167376867304	76.86442359382616	76.60657774705678
83.31849051283339	73.78405260004037	83.29426775646046	31.129619743376935	79.0629707183384	83.9927422393528	82.88487682716881	73.78405260004037	77.00994621962698	73.79585246689771	45.6199168078965	73.23618637160074	74.45632812738864	72.91004433278097	83.29426775646046	73.79585246689771	83.3190748160516	31.13678210552947	79.08774850187787	84.01588586908423	82.90267522020159	31.129619743376935	45.6199168078965	31.13678210552947	110.02941313789925	29.147073392496775	30.1573281444472	31.50312262924703	79.0629707183384	73.23618637160074	79.08774850187787	29.147073392496775	83.90679427986218	82.30689693664647	79.3390286183541	83.9927422393528	74.45632812738864	84.01588586908423	30.1573281444472	82.30689693664647	85.83957757957172	83.69414635333521	82.88487682716881	72.91004433278097	82.90267522020159	31.50312262924703	79.3390286183541	83.69414635333521	83.5469908178572
83.4371736838107	73.57672128735476	83.42768075129439	31.260369470542337	78.53615771887523	83.88451163464232	83.12397583259978	73.57672128735476	76.69097359487306	73.58460885380545	45.91690630006718	72.77773739377822	74.0867327031887	72.96035093961117	83.42768075129439	73.58460885380545	83.4385177896645	31.26493718162453	78.53239812820196	83.88959427334973	83.12504391816226	31.260369470542337	45.91690630006718	31.26493718162453	109.99843575387237	29.68005184229092	30.487768626045288	31.51728989019665	78.53615771887523	72.77773739377822	78.53239812820196	29.68005184229092	81.76858946505718	81.02219184529596	78.68304095011354	83.88451163464232	74.0867327031887	83.88959427334973	30.487768626045288	81.02219184529596	85.22830644553015	83.63736254701058	83.12397583259978	72.96035093961117	83.12504391816226	31.51728989019665	78.68304095011354	83.63736254701058	83.54588047053318
72.45380927256224	71.83946604028107	72.17714866512615	36.79671655330853	72.19694078344641	72.27274058310668	72.20175483919206	71.83946604028107	72.64669664349243	72.04306352308791	38.94614352868348	72.05844921535372	72.12527670430073	72.00287449927347	72.17714866512615	72.04306352308791	72.42085711383898	37.191750310949466	72.42364207131729	72.4979401246485	72.4125099629782	36.79671655330853	38.94614352868348	37.191750310949466	86.79803783214591	37.228110773759276	37.30037539855254	37.92770342367871	72.19694078344641	72.05844921535372	72.42364207131729	37.228110773759276	72.45600743452908	72.51648915116364	72.4298990630379	72.27274058310668	72.12527670430073	72.4979401246485	37.30037539855254	72.51648915116364	72.60629992257907	72.49945797160483	72.20175483919206	72.00287449927347	72.4125099629782	37.92770342367871	72.4298990630379	72.49945797160483	72.7625905926662
65.67921908760212	56.495120023902054	52.90542529361748	65.66677155575033	48.26375360856929	52.46466570846063	56.1474298539602	56.495120023902054	93.13823603919693	88.49666862780356	56.49116824931437	81.39170098394868	87.57135000625097	68.85694618739475	52.90542529361748	88.49666862780356	98.68134526262507	52.89849717193722	91.52218794927207	98.20014645570896	80.00687233546122	65.66677155575033	56.49116824931437	52.89849717193722	65.68203884828716	48.25795067578477	52.457474258700344	56.140119844101605	48.26375360856929	81.39170098394868	91.52218794927207	48.25795067578477	108.40251453161267	98.05412523283793	84.28513164052318	52.46466570846063	87.57135000625097	98.20014645570896	52.457474258700344	98.05412523283793	100.27055318774357	81.9565453400063	56.1474298539602	68.85694618739475	80.00687233546122	56.140119844101605	84.28513164052318	81.9565453400063	81.26255403774798
59.78570829089941	59.93476521693266	59.606455175447216	57.30085313865028	59.50596200729795	59.82442483414693	60.50781218156825	59.93476521693266	60.662112231537954	59.77601236798142	57.53631742862244	59.67632364910595	59.97964330035242	60.55685884344013	59.606455175447216	59.77601236798142	59.51047827109867	57.125562356733965	59.32288906863288	59.655793738535074	60.38112393740811	57.30085313865028	57.53631742862244	57.125562356733965	60.9926677150984	57.028071738527736	57.34630467149995	58.216184954910915	59.50596200729795	59.67632364910595	59.32288906863288	57.028071738527736	59.46610417930246	59.555947510192155	60.305004041059476	59.82442483414693	59.97964330035242	59.655793738535074	57.34630467149995	59.555947510192155	59.88791160027217	60.545847942811235	60.50781218156825	60.55685884344013	60.38112393740811	58.216184954910915	60.305004041059476	60.545847942811235	62.43470114710479
61.88230629492219	61.934379503605	61.50734792043433	54.57581929282401	61.86584142184387	62.021165506198834	62.022276636592956	61.934379503605	62.34865167429668	61.593383101627715	54.79946798695353	61.9334944760158	62.08447142929638	62.07215345185651	61.50734792043433	61.593383101627715	61.29476536415688	54.1560958268021	61.505846473604194	61.681080477457655	61.689493479817166	54.57581929282401	54.79946798695353	54.1560958268021	64.80044553762521	54.57529969654099	54.72409517084303	54.88957476513315	61.86584142184387	61.9334944760158	61.505846473604194	54.57529969654099	61.87409686106173	62.02050961499222	62.02148166274365	62.021165506198834	62.08447142929638	61.681080477457655	54.72409517084303	62.02050961499222	62.23213423827656	62.168987032649866	62.022276636592956	62.07215345185651	61.689493479817166	54.88957476513315	62.02148166274365	62.168987032649866	62.52840605288887
71.91089706380954	71.80265318487214	71.82017438959936	39.15871474584993	71.88782713139395	72.05696171572174	71.87925255287573	71.80265318487214	71.96055799702658	71.72693481032908	39.59387862058537	71.79131148902985	71.95628309980266	71.77595849252442	71.82017438959936	71.72693481032908	71.78454674145702	38.99328664197819	71.80803608079867	71.9824770112565	71.80417299321842	39.15871474584993	39.59387862058537	38.99328664197819	82.99944052197266	39.141057735817654	39.32453035222452	39.57601525483643	71.88782713139395	71.79131148902985	71.80803608079867	39.141057735817654	71.892002589599	72.04588454723383	71.86811421959187	72.05696171572174	71.95628309980266	71.9824770112565	39.32453035222452	72.04588454723383	72.26056954473403	72.03163474490414	71.87925255287573	71.77595849252442	71.80417299321842	39.57601525483643	71.86811421959187	72.03163474490414	72.0646447515155
71.76244145091368	71.68469017085448	71.71405325151649	38.95189696759129	71.73342001849656	71.89698452871005	71.71826687736088	71.68469017085448	71.80176668633086	71.66623400500167	39.258891476505624	71.68487773653727	71.84556997540605	71.66244214302054	71.71405325151649	71.66623400500167	71.71211255374546	38.91125696236008	71.71416792879127	71.87939719836153	71.70079150750387	38.95189696759129	39.258891476505624	38.91125696236008	82.6787695300334	38.95659490520495	39.13565877287348	39.602082708461836	71.73342001849656	71.68487773653727	71.71416792879127	38.95659490520495	71.74621888388727	71.89746413223992	71.71848088310243	71.89698452871005	71.84556997540605	71.87939719836153	39.13565877287348	71.89746413223992	72.10379015123407	71.87373132977179	71.71826687736088	71.66244214302054	71.70079150750387	39.602082708461836	71.71848088310243	71.87373132977179	72.00485773274494
73.42802060892994	72.92259441198375	73.35968337965458	38.576908824147395	73.40747077928813	73.83170211945773	73.33097993235684	72.92259441198375	73.42562874538476	72.87455397994562	40.18079677952237	72.91223344029572	73.29987590164725	72.79483390148067	73.35968337965458	72.87455397994562	73.34502304428209	38.45122328493489	73.34758489895486	73.78426998948086	73.27765702980693	38.576908824147395	40.18079677952237	38.45122328493489	87.30415469009367	38.559655462197505	38.92409196613007	39.26608582649681	73.40747077928813	72.91223344029572	73.34758489895486	38.559655462197505	73.41354270735397	73.82180520202044	73.32032402622	73.83170211945773	73.29987590164725	73.78426998948086	38.92409196613007	73.82180520202044	74.36543359458682	73.7213861178114	73.33097993235684	72.79483390148067	73.27765702980693	39.26608582649681	73.32032402622	73.7213861178114	73.62894913717172
72.37687969001195	72.30108194634929	72.33640437611881	39.007495707702574	72.19666941680325	72.56341218296049	72.25879447079711	72.30108194634929	72.38927602661956	72.31580551813519	39.23359988361438	72.1783684499014	72.53975597299745	72.22898635683099	72.33640437611881	72.31580551813519	72.3578488257476	39.03407047771704	72.21155418960402	72.57850480071966	72.27224818804852	39.007495707702574	39.23359988361438	39.03407047771704	84.302431132034	38.81439271464349	39.26769320517824	40.053651919276305	72.19666941680325	72.1783684499014	72.21155418960402	38.81439271464349	72.2137891386182	72.44775839571092	72.14913241752897	72.56341218296049	72.53975597299745	72.57850480071966	39.26769320517824	72.44775839571092	72.86903890372386	72.48057401508478	72.25879447079711	72.22898635683099	72.27224818804852	40.053651919276305	72.14913241752897	72.48057401508478	72.6899624019619
60.28118361376241	60.25821635743288	60.08215479037714	55.27965754585385	60.23938686907424	60.43471621344114	60.39969735966323	60.25821635743288	60.32962408403526	60.1384621085948	55.34544739637444	60.29437376842323	60.48846101984281	60.4517886506525	60.08215479037714	60.1384621085948	60.027414426972726	55.14342965320779	60.118858332341595	60.322717142939176	60.285935138140864	55.27965754585385	55.34544739637444	55.14342965320779	61.97634255396861	55.3204297422635	55.51649858728686	55.558668938921265	60.23938686907424	60.29437376842323	60.118858332341595	55.3204297422635	60.28631026553482	60.470633002393946	60.43440292168393	60.43471621344114	60.48846101984281	60.322717142939176	55.51649858728686	60.470633002393946	60.72179240026554	60.62156622132453	60.39969735966323	60.4517886506525	60.285935138140864	55.558668938921265	60.43440292168393	60.62156622132453	60.83169362486595
65.47806522799475	65.06574596594972	65.4483843239693	53.46250472707923	63.40514599742222	65.49694142058803	65.46549422309289	65.06574596594972	68.77020058928395	65.06775318074756	56.07736431652141	63.930605291652995	65.09387914511807	65.06312149119196	65.4483843239693	65.06775318074756	65.45704264416983	53.45780333078237	63.38525998162752	65.49046298952622	65.45869453518002	53.46250472707923	56.07736431652141	53.45780333078237	72.14036051753936	51.59962926596594	53.49154249835948	53.481654634118	63.40514599742222	63.930605291652995	63.38525998162752	51.59962926596594	62.9136261537839	63.478574214378625	63.424548599637234	65.49694142058803	65.09387914511807	65.49046298952622	53.49154249835948	63.478574214378625	65.56051838936433	65.50712646148042	65.46549422309289	65.06312149119196	65.45869453518002	53.481654634118	63.424548599637234	65.50712646148042	65.49702065069441
73.38329097174002	64.98407827782172	60.619138622612766	39.09126871322473	60.953608196356655	61.11261189018731	61.06295622189284	64.98407827782172	74.01969686459947	70.03739674879075	54.363621484703145	70.01037560266685	70.0466057631249	69.90678463448997	60.619138622612766	70.03739674879075	79.47097726218433	48.66007631551275	79.53813073238223	79.61706809425857	79.46390375295628	39.09126871322473	54.363621484703145	48.66007631551275	91.78881162100974	48.647373603575055	48.638564883164086	48.63542249087301	60.953608196356655	70.01037560266685	79.53813073238223	48.647373603575055	79.72167545118728	79.78840504229703	79.63961604304738	61.11261189018731	70.0466057631249	79.61706809425857	48.638564883164086	79.78840504229703	79.89732221897754	79.71228642415656	61.06295622189284	69.90678463448997	79.46390375295628	48.63542249087301	79.63961604304738	79.71228642415656	79.67682083979108
60.05938606488597	61.15304324422859	59.935128292225556	57.39341855915522	60.03591057066199	60.34328599773613	60.06150294274359	61.15304324422859	65.26850307586078	61.105075839888414	59.05790984653231	61.1484965787103	61.359099840812945	61.15799208497855	59.935128292225556	61.105075839888414	59.88613265473357	57.28466675422611	59.927074595099434	60.246851360963966	59.95351829777259	57.39341855915522	59.05790984653231	57.28466675422611	61.45654041622065	57.38592849633997	57.67927672237229	57.4134958287675	60.03591057066199	61.1484965787103	59.927074595099434	57.38592849633997	60.04395165062756	60.336727317428526	60.05387981058762	60.34328599773613	61.359099840812945	60.246851360963966	57.67927672237229	60.336727317428526	60.74331892979664	60.360261928970665	60.06150294274359	61.15799208497855	59.95351829777259	57.4134958287675	60.05387981058762	60.360261928970665	60.099723636125
61.359574369722814	61.754208780073824	61.10172257469465	60.463482083623504	61.3476806125746	62.1787881123147	61.388597653623926	61.754208780073824	64.71356181303314	61.69841296781751	61.00643564937012	61.7515767701707	62.46145277903356	61.74641068328411	61.10172257469465	61.69841296781751	61.264094580880794	60.201226152457195	61.096805018456436	62.19895825994949	61.148814458124036	60.463482083623504	61.00643564937012	60.201226152457195	61.74878253290416	60.45929769462669	61.271797532323816	60.50611474953411	61.3476806125746	61.7515767701707	61.096805018456436	60.45929769462669	61.35992746762465	62.17847513390672	61.38469123073544	62.1787881123147	62.46145277903356	62.19895825994949	61.271797532323816	62.17847513390672	63.486723079417594	62.203109461352405	61.388597653623926	61.74641068328411	61.148814458124036	60.50611474953411	61.38469123073544	62.203109461352405	61.572976455369485
61.60793466561809	62.03263543217035	61.48014470053174	59.94212749031351	61.58644654235151	62.51853537855922	61.61020269638937	62.03263543217035	65.0708974983218	62.01383747776194	60.65457801288443	62.02393045220716	62.755349781651056	62.032625789576784	61.48014470053174	62.01383747776194	61.5673348539846	59.810707336792895	61.465352409899744	62.53452384790961	61.49111590646693	59.94212749031351	60.65457801288443	59.810707336792895	62.3153831367522	59.92775217246597	60.83341412115251	59.954221675491425	61.58644654235151	62.02393045220716	61.465352409899744	59.92775217246597	61.60834423044457	62.514095684488645	61.59651516252145	62.51853537855922	62.755349781651056	62.53452384790961	60.83341412115251	62.514095684488645	63.831845639926655	62.525232869998014	61.61020269638937	62.032625789576784	61.49111590646693	59.954221675491425	61.59651516252145	62.525232869998014	61.64794367987999
62.18137807717212	62.49307414630327	62.149418143262864	60.85935355022421	61.69280304866499	63.173174417284365	62.17923728270184	62.49307414630327	65.8712685356876	62.539789718529896	61.43516637293997	62.250111047036214	63.26780559184216	62.49149173058845	62.149418143262864	62.539789718529896	62.28943782998404	60.82760050902001	61.662939778666	63.274572396927155	62.15503896686556	60.85935355022421	61.43516637293997	60.82760050902001	62.74299325613326	60.35246950423501	61.82152271968201	60.865643741797996	61.69280304866499	62.250111047036214	61.662939778666	60.35246950423501	62.72297928510895	63.210118222838766	61.700764994668674	63.173174417284365	63.26780559184216	63.274572396927155	61.82152271968201	63.210118222838766	64.81583157592897	63.17666549872855	62.17923728270184	62.49149173058845	62.15503896686556	60.865643741797996	61.700764994668674	63.17666549872855	62.20177091067795
