62.887921478934935	62.841484116195176	62.80877527528086	58.27411072388415	62.83606119296834	63.84455432220757	63.110180091900666	62.841484116195176	62.89531237417103	62.84943166842658	58.321309234009185	62.87634497623615	63.879489343520994	63.13849698133969	62.80877527528086	62.84943166842658	62.88133881334322	58.27154366085573	62.843871284188744	63.89207493895229	63.12558917400843	58.27411072388415	58.321309234009185	58.27154366085573	64.67378624913174	58.311911288602595	59.27295392889655	58.96019257363015	62.83606119296834	62.87634497623615	62.843871284188744	58.311911288602595	62.881179257235786	63.87804045860346	63.1369599422112	63.84455432220757	63.879489343520994	63.89207493895229	59.27295392889655	63.87804045860346	65.22672021726665	63.94321956392727	63.110180091900666	63.13849698133969	63.12558917400843	58.96019257363015	63.1369599422112	63.94321956392727	64.66839733087504
60.437954954771115	60.34533174258281	60.29458243685694	58.28570700134242	60.308299442192045	61.03700236677034	60.340537812777704	60.34533174258281	60.62707714858179	60.48738915860123	58.49889636710607	60.50048088932561	61.209391356119106	60.53040093576074	60.29458243685694	60.48738915860123	60.453634363442966	58.43627477754171	60.45175953670109	61.17448346926525	60.48271529325213	58.28570700134242	58.49889636710607	58.43627477754171	61.12930910736267	58.4511661738733	59.17287624625099	58.48847429882232	60.308299442192045	60.50048088932561	60.45175953670109	58.4511661738733	60.47554597609163	61.182623803232254	60.49592882341947	61.03700236677034	61.209391356119106	61.17448346926525	59.17287624625099	61.182623803232254	62.092613606405436	61.206095388503094	60.340537812777704	60.53040093576074	60.48271529325213	58.48847429882232	60.49592882341947	61.206095388503094	60.572905912210054
64.16465940694755	57.60236179941665	57.547252793336824	55.345068507790565	57.574902841835815	58.715685402846695	58.25324831793838	57.60236179941665	64.81719568568587	64.77890892756986	62.908267430191	64.78537280337724	65.26200824260131	64.58998455477739	57.547252793336824	64.77890892756986	64.79676466695614	62.899127759404465	64.78165478822415	65.27044955433945	64.59031718696431	55.345068507790565	62.908267430191	62.899127759404465	65.91668247077821	62.907308377569876	63.365964568686394	62.77957562200938	57.574902841835815	64.78537280337724	64.78165478822415	62.907308377569876	64.79645092885059	65.26787230833544	64.59496437436074	58.715685402846695	65.26200824260131	65.27044955433945	63.365964568686394	65.26787230833544	66.02137261690781	65.03121938969944	58.25324831793838	64.58998455477739	64.59031718696431	62.77957562200938	64.59496437436074	65.03121938969944	65.09165731896917
65.36596987503935	65.33167427054977	65.3067809099575	55.631218421476945	65.35666145583502	66.47045588345816	65.36731808917413	65.33167427054977	65.64845536024846	65.29630923953003	55.79898987300486	65.33067890574821	66.42139340025415	65.31684962809425	65.3067809099575	65.29630923953003	65.59015533820819	55.40908738513889	65.30547641496668	66.67584710485912	65.35230927184303	55.631218421476945	55.79898987300486	55.40908738513889	69.04956351376929	55.62871787280983	56.583527810101536	56.04071720559377	65.35666145583502	65.33067890574821	65.30547641496668	55.62871787280983	65.36977567838748	66.47338811394151	65.3668137993298	66.47045588345816	66.42139340025415	66.67584710485912	56.583527810101536	66.47338811394151	68.11365384440546	66.38858398303289	65.36731808917413	65.31684962809425	65.35230927184303	56.04071720559377	65.3668137993298	66.38858398303289	66.05722426046334
81.66523474996983	66.40164136287402	66.65926758622166	37.73818241551185	67.06321880947203	68.53281396444326	69.44558825574354	66.40164136287402	78.52847851729064	76.98865070242022	49.24094336172702	76.7170004010206	77.78283602480244	72.18003782768537	66.65926758622166	76.98865070242022	80.64320693646584	45.95645440640428	79.67450477148829	81.387420828638	76.04520804867957	37.73818241551185	49.24094336172702	45.95645440640428	93.17177396554372	46.44670489341754	46.19115352682469	47.571916652456466	67.06321880947203	76.7170004010206	79.67450477148829	46.44670489341754	79.84409921052935	80.83798685057128	75.78878912291617	68.53281396444326	77.78283602480244	81.387420828638	46.19115352682469	80.83798685057128	82.70155070286542	76.7122970223496	69.44558825574354	72.18003782768537	76.04520804867957	47.571916652456466	75.78878912291617	76.7122970223496	77.16174868350316
60.63704557486156	60.26748129403589	60.134514502585645	56.404210314881354	60.25361104518664	60.35520279223842	61.69748937025276	60.26748129403589	60.70434479483011	60.54825815733804	56.82159254623189	60.66300632271661	60.76151881975452	61.91318710361809	60.134514502585645	60.54825815733804	60.47963091740734	56.688226948758874	60.53475393850793	60.63759669729433	61.86053994749056	56.404210314881354	56.82159254623189	56.688226948758874	62.85952528854989	56.803836055831624	56.89430327814707	58.616991582301104	60.25361104518664	60.66300632271661	60.53475393850793	56.803836055831624	60.658367280081244	60.74899973939282	61.91388391261358	60.35520279223842	60.76151881975452	60.63759669729433	56.89430327814707	60.74899973939282	60.882758597526745	61.97497589066544	61.69748937025276	61.91318710361809	61.86053994749056	58.616991582301104	61.91388391261358	61.97497589066544	65.20121607558757
60.76028326106053	60.10751173163063	60.07788417261447	57.69953360854173	59.74266800042775	60.206975153184416	61.94412456932159	60.10751173163063	60.692437439512496	60.65543798247249	58.26711940334473	60.333035453168165	60.78011368301734	62.15621767388054	60.07788417261447	60.65543798247249	60.64361752611987	58.23850428547051	60.30172128099754	60.752915183295414	62.152154073032726	57.69953360854173	58.26711940334473	58.23850428547051	62.18709864538022	57.93322203871501	58.35489880228428	60.203724136075145	59.74266800042775	60.333035453168165	60.30172128099754	57.93322203871501	60.35352387996995	60.44016847362552	62.06211988863676	60.206975153184416	60.78011368301734	60.752915183295414	58.35489880228428	60.44016847362552	60.9200754214688	62.20785260886672	61.94412456932159	62.15621767388054	62.152154073032726	60.203724136075145	62.06211988863676	62.20785260886672	66.33392749137833
66.67450830131625	57.82039763493699	57.42467602210512	53.94737625114355	57.728223590783074	58.60746108031125	59.74748143408379	57.82039763493699	65.79904569715966	65.51868135796137	62.15601215973885	65.61245101235383	66.04150886826646	64.83927576215497	57.42467602210512	65.51868135796137	65.65064700061932	62.03519442831777	65.5497554574438	66.0744150324614	64.87728008157897	53.94737625114355	62.15601215973885	62.03519442831777	67.61504152718126	62.15426406188948	62.53039711728845	61.77745157321433	57.728223590783074	65.61245101235383	65.5497554574438	62.15426406188948	65.65502777422837	66.08387257171911	64.9068316160461	58.60746108031125	66.04150886826646	66.0744150324614	62.53039711728845	66.08387257171911	66.8197370646075	65.24786877678194	59.74748143408379	64.83927576215497	64.87728008157897	61.77745157321433	64.9068316160461	65.24786877678194	66.39564197152845
75.51050209648352	54.253987625691614	54.15236654412166	49.81508878784486	54.22664943981648	55.81590577178449	60.339797576200894	54.253987625691614	69.53643248714971	69.4872626322167	64.89515777147263	69.49659835318873	70.07791040171642	66.00413624921788	54.15236654412166	69.4872626322167	69.61935352567164	64.87402403173074	69.50185281975207	70.16693390429404	66.07416460932484	49.81508878784486	64.89515777147263	64.87402403173074	71.50497949874872	64.89962188207961	65.34816373211142	62.3829003307247	54.22664943981648	69.49659835318873	69.50185281975207	64.89962188207961	69.51761837198642	70.09566028903527	66.03005275412755	55.81590577178449	70.07791040171642	70.16693390429404	65.34816373211142	70.09566028903527	71.14688071775946	66.40458394589356	60.339797576200894	66.00413624921788	66.07416460932484	62.3829003307247	66.03005275412755	66.40458394589356	68.10114890722173
89.43834166502555	68.31000355280543	69.10250542851374	29.276293948080685	69.1545077397966	71.35364504593234	71.98209150419983	68.31000355280543	83.02617873889582	82.69480925260228	45.40246511582139	82.46761619713268	83.56319297790024	76.93763832003205	69.10250542851374	82.69480925260228	88.39803619901733	40.7960460930579	87.893590640292	89.44522560008724	82.61403507053336	29.276293948080685	45.40246511582139	40.7960460930579	104.13749523534528	41.00823823261248	40.57618980238764	42.18680407340733	69.1545077397966	82.46761619713268	87.893590640292	41.00823823261248	87.85074653943096	89.08317234151937	82.45226683330192	71.35364504593234	83.56319297790024	89.44522560008724	40.57618980238764	89.08317234151937	91.00347172441049	83.49510051850979	71.98209150419983	76.93763832003205	82.61403507053336	42.18680407340733	82.45226683330192	83.49510051850979	82.32806429965342
72.41719248381156	72.35647286857487	72.36159167248412	37.77293214993141	72.37605349281691	72.52596706484742	72.25742104511696	72.35647286857487	72.4324269400598	72.35349417722107	37.94965546705101	72.36765090028362	72.51612550686498	72.23347346039888	72.36159167248412	72.35349417722107	72.37322789806825	37.766351172719304	72.37284984185192	72.52375694614257	72.25600021542903	37.77293214993141	37.94965546705101	37.766351172719304	86.73927407375443	37.79677647408807	37.92762964871341	39.92348972828319	72.37605349281691	72.36765090028362	72.37284984185192	37.79677647408807	72.40012116987447	72.53734282870762	72.26637000824108	72.52596706484742	72.51612550686498	72.52375694614257	37.92762964871341	72.53734282870762	72.7255737293153	72.3920699982259	72.25742104511696	72.23347346039888	72.25600021542903	39.92348972828319	72.26637000824108	72.3920699982259	73.12330660122066
71.91289032165187	71.75536474794089	71.70530959822835	38.0182195247493	71.75490979428164	71.82944728816356	71.64520818756253	71.75536474794089	71.93066926579475	71.8429556925642	38.273505069975926	71.89142393231461	71.96483914023408	71.7216994381532	71.70530959822835	71.8429556925642	71.82328780276518	38.13748797172994	71.84266478875217	71.91754824453807	71.70570018229785	38.0182195247493	38.273505069975926	38.13748797172994	88.86351254438674	38.20482308585888	38.25475861580612	41.61914036701735	71.75490979428164	71.89142393231461	71.84266478875217	38.20482308585888	71.90362044334337	71.9654043789606	71.73464296748398	71.82944728816356	71.96483914023408	71.91754824453807	38.25475861580612	71.9654043789606	72.05643413994322	71.78859859874059	71.64520818756253	71.7216994381532	71.70570018229785	41.61914036701735	71.73464296748398	71.78859859874059	73.18554053922001
70.8643567470601	70.78999355346122	70.76831739715949	39.40344495325222	70.74104495959125	70.84255050325035	70.78566893148965	70.78999355346122	70.88448918749319	70.82428973509383	39.545361431272944	70.7972194500814	70.89778150304504	70.81102144306892	70.76831739715949	70.82428973509383	70.81808763026257	39.450245601418324	70.77532966790511	70.87705130930468	70.81008376313048	39.40344495325222	39.545361431272944	39.450245601418324	86.3993433643102	39.43216483717098	39.51958915918959	42.6892055348975	70.74104495959125	70.7972194500814	70.77532966790511	39.43216483717098	70.79717784741811	70.85007458227983	70.791087909745	70.84255050325035	70.89778150304504	70.87705130930468	39.51958915918959	70.85007458227983	70.96241984370643	70.86145597911816	70.78566893148965	70.81102144306892	70.81008376313048	42.6892055348975	70.791087909745	70.86145597911816	72.33895994257345
58.13277960757915	58.111861641210574	58.014949188151576	57.97586577019496	58.08431988918049	58.17706711395013	58.942375440404476	58.111861641210574	58.19370023324928	58.07532881601033	58.035819696661136	58.14414916686402	58.236318435823726	58.98829047065261	58.014949188151576	58.07532881601033	58.01155249478471	57.93911946486837	58.047396582613175	58.141818895304574	58.915110307282106	57.97586577019496	58.035819696661136	57.93911946486837	58.20769605166846	58.0082914398101	58.10058223570411	58.8651419497706	58.08431988918049	58.14414916686402	58.047396582613175	58.0082914398101	58.13087494489984	58.20940133092681	58.968843975530504	58.17706711395013	58.236318435823726	58.141818895304574	58.10058223570411	58.20940133092681	58.32560670901341	59.04482020648674	58.942375440404476	58.98829047065261	58.915110307282106	58.8651419497706	58.968843975530504	59.04482020648674	60.78772120803885
65.84655505496751	65.81341049189945	65.51587465240162	49.31191265843126	65.81277611973749	65.9828450889237	66.05880966539362	65.81341049189945	65.90244651022857	65.54133054265554	49.399559842582605	65.83458717782958	66.00353316598215	66.06186364447939	65.51587465240162	65.54133054265554	65.38794579311839	48.96882699372434	65.53761671883154	65.72668855124364	65.87377306428515	49.31191265843126	49.399559842582605	48.96882699372434	73.71322190523875	49.33895535965989	49.47037453497085	51.008411445561805	65.81277611973749	65.83458717782958	65.53761671883154	49.33895535965989	65.84089942651853	66.00404029775768	66.07453354855484	65.9828450889237	66.00353316598215	65.72668855124364	49.47037453497085	66.00404029775768	66.23672892223725	66.21102654335675	66.05880966539362	66.06186364447939	65.87377306428515	51.008411445561805	66.07453354855484	66.21102654335675	67.66338483495353
61.10498733647585	61.01279574393414	60.830069378363326	60.74083351575929	60.695679835880235	61.53300408485767	62.182233276491836	61.01279574393414	61.08322046509342	60.89579660198542	60.80570867750158	60.76192960751288	61.59616831317588	62.196080841282956	60.830069378363326	60.89579660198542	60.959765394514356	60.623244208006966	60.553350028299796	61.51912257804678	62.24377037802326	60.74083351575929	60.80570867750158	60.623244208006966	61.228279804340524	60.491882226646666	61.31764558067124	61.99006731131258	60.695679835880235	60.76192960751288	60.553350028299796	60.491882226646666	61.086296116416435	61.3833652981807	62.211171207622485	61.53300408485767	61.59616831317588	61.51912257804678	61.31764558067124	61.3833652981807	62.456258168929836	62.465264622849574	62.182233276491836	62.196080841282956	62.24377037802326	61.99006731131258	62.211171207622485	62.465264622849574	66.88297053775052
62.85336805262179	62.797382869514564	62.73701955322823	55.67560775958563	62.45423377433069	63.184091656021316	63.5844580823829	62.797382869514564	62.85357887419007	62.78739801414993	55.728163107935075	62.50594697836666	63.23268948844265	63.607528507647274	62.73701955322823	62.78739801414993	62.77326436253434	55.66275527112964	62.4387127250407	63.18490418518978	63.58936977298446	55.67560775958563	55.728163107935075	55.66275527112964	66.64301697592208	55.404684762864484	56.044192271535955	57.636763926632916	62.45423377433069	62.50594697836666	62.4387127250407	55.404684762864484	62.58538435352833	62.93831566936424	63.473373894115326	63.184091656021316	63.23268948844265	63.18490418518978	56.044192271535955	62.93831566936424	63.78131194178852	63.84828390291223	63.5844580823829	63.607528507647274	63.58936977298446	57.636763926632916	63.473373894115326	63.84828390291223	66.75115419443897
60.54637709359547	60.134122810360395	60.08362035897733	59.885480231729915	59.87705256712399	60.55481151131516	61.64070445919153	60.134122810360395	60.474368497294286	60.41921741582012	60.219500846283395	60.217956619685744	60.880091166283634	61.765670549176626	60.08362035897733	60.41921741582012	60.41219777763659	60.170198613051596	60.16418011818457	60.84367928818811	61.76021810706445	59.885480231729915	60.219500846283395	60.170198613051596	60.606079634928825	59.9699459069624	60.62789795368483	61.56725111979675	59.87705256712399	60.217956619685744	60.16418011818457	59.9699459069624	60.32793443507578	60.674525260262044	61.712844753219564	60.55481151131516	60.880091166283634	60.84367928818811	60.62789795368483	60.674525260262044	61.484561728216846	61.97845418410759	61.64070445919153	61.765670549176626	61.76021810706445	61.56725111979675	61.712844753219564	61.97845418410759	65.84412620181612
61.45092791425485	61.43398473196053	61.39274100924904	61.33725192923615	60.296992128540445	61.94432847158459	62.12295264551212	61.43398473196053	61.45310989212251	61.40518487345233	61.34962608590994	60.31066080019835	61.95620484451595	62.124588818160156	61.39274100924904	61.40518487345233	61.44493974213622	61.30827137803968	60.243158649189425	61.95219859174716	62.13966057054707	61.33725192923615	61.34962608590994	61.30827137803968	61.49398537569482	60.215271674619146	61.857427480508086	62.05192009228265	60.296992128540445	60.31066080019835	60.243158649189425	60.215271674619146	61.60859194156564	61.32611616509942	62.124035247650546	61.94432847158459	61.95620484451595	61.95219859174716	61.857427480508086	61.32611616509942	62.908692411097995	62.46469791247852	62.12295264551212	62.124588818160156	62.13966057054707	62.05192009228265	62.124035247650546	62.46469791247852	66.39034613086861
61.81288740608155	61.789539688846055	61.7459126780925	61.75145259198005	60.180690862032094	62.25071218463813	62.210913618573706	61.789539688846055	61.811563319192175	61.7615787079691	61.76702097918988	60.19800301094567	62.265819180171206	62.21227778369173	61.7459126780925	61.7615787079691	61.84916348389965	61.723329509431935	60.11408240748569	62.290447629069575	62.253609931264144	61.75145259198005	61.76702097918988	61.723329509431935	61.822941112693194	60.16078959506638	62.22682923023028	62.18639270540743	60.180690862032094	60.19800301094567	60.11408240748569	60.16078959506638	62.816991131224576	61.64056082481211	62.55661796483235	62.25071218463813	62.265819180171206	62.290447629069575	62.22682923023028	61.64056082481211	63.368170303002344	62.63815430562432	62.210913618573706	62.21227778369173	62.253609931264144	62.18639270540743	62.55661796483235	62.63815430562432	66.96117977559065
62.30472558534146	62.249177381712414	62.24231152165768	60.96668432561506	59.71070010485074	62.384529201360735	62.34403640754612	62.249177381712414	62.29558668880386	62.2793787032205	61.00435372934237	59.75882732873163	62.42128885224107	62.35990973979976	62.24231152165768	62.2793787032205	62.285287338645965	60.99671890916342	59.73667831632085	62.41667169462102	62.360837846794524	60.96668432561506	61.00435372934237	60.99671890916342	62.92018915246762	58.50447479154294	61.12854315163891	61.3056661035809	59.71070010485074	59.75882732873163	59.73667831632085	58.50447479154294	60.50785040515278	60.30514443546523	61.4748689873016	62.384529201360735	62.42128885224107	62.41667169462102	61.12854315163891	60.30514443546523	62.77990482445312	62.504610209702896	62.34403640754612	62.35990973979976	62.360837846794524	61.3056661035809	61.4748689873016	62.504610209702896	65.54767344648681
60.08201455271958	59.332322806129	59.28443896782941	56.79704373059169	59.290522551595295	59.412872339683666	60.99132112822494	59.332322806129	60.198242847020836	60.14309937964449	57.65954332530002	60.14876736246858	60.263318243078785	61.464847319169436	59.28443896782941	60.14309937964449	60.11935009974666	57.61395045420539	60.10419907707465	60.220344556844346	61.4461382935596	56.79704373059169	57.65954332530002	57.61395045420539	61.61090328962771	57.620536708865735	57.730151535278786	59.29429706580423	59.290522551595295	60.14876736246858	60.10419907707465	57.620536708865735	60.14463015924765	60.225679931828076	61.44819910805572	59.412872339683666	60.263318243078785	60.220344556844346	57.730151535278786	60.225679931828076	60.36920534299523	61.51576670892185	60.99132112822494	61.464847319169436	61.4461382935596	59.29429706580423	61.44819910805572	61.51576670892185	64.7284026135561
60.80678739489653	59.96603740238285	59.92718361530844	57.43513633270512	59.78502510690812	60.060450135600924	62.069145558289144	59.96603740238285	60.70225750996204	60.657177351281995	58.14626347350065	60.52119081120099	60.78518683457321	62.3048315787884	59.92718361530844	60.657177351281995	60.64141585850997	58.10959620402042	60.48229042378066	60.74950092107381	62.30066273763233	57.43513633270512	58.14626347350065	58.10959620402042	62.34454108345677	57.98316675917073	58.22821962239795	60.26936192856485	59.78502510690812	60.52119081120099	60.48229042378066	57.98316675917073	60.535610665209354	60.617017665892696	62.268880376129715	60.060450135600924	60.78518683457321	60.74950092107381	58.22821962239795	60.617017665892696	60.91609011328982	62.34984130305737	62.069145558289144	62.3048315787884	62.30066273763233	60.26936192856485	62.268880376129715	62.34984130305737	66.70567382314687
61.02726894609522	60.69214409893599	60.6611360685037	58.78446381038865	59.997495818563976	60.86599922134542	62.208165583390766	60.69214409893599	60.96337893354234	60.92596981194902	59.04431926039188	60.27305725296256	61.127855207980694	62.287129012608816	60.6611360685037	60.92596981194902	60.91825501569343	59.013881572158255	60.23529636097994	61.10028597784107	62.28582786170147	58.78446381038865	59.04431926039188	59.013881572158255	62.12010070347335	58.39263648048083	59.20292119119259	60.78595241398697	59.997495818563976	60.27305725296256	60.23529636097994	58.39263648048083	60.404028299689024	60.49079047520109	62.16843962370673	60.86599922134542	61.127855207980694	61.10028597784107	59.20292119119259	60.49079047520109	61.38973665948192	62.3735564275264	62.208165583390766	62.287129012608816	62.28582786170147	60.78595241398697	62.16843962370673	62.3735564275264	66.7351847102938
60.79395072541982	60.76580499598176	60.74036208672683	60.64508753867484	59.468362597724706	61.02296249659152	61.531933799870714	60.76580499598176	60.79736641749832	60.764453833940046	60.669147142093436	59.49594967646394	61.046438384075124	61.54252638873074	60.74036208672683	60.764453833940046	60.76374012773996	60.64368666497735	59.4555071344422	61.02643047139537	61.53544975939598	60.64508753867484	60.669147142093436	60.64368666497735	60.84938138924691	59.375793416775885	60.92484843147923	61.443385835041624	59.468362597724706	59.49594967646394	59.4555071344422	59.375793416775885	59.794322391895165	59.93411122041771	61.02244651652642	61.02296249659152	61.046438384075124	61.02643047139537	60.92484843147923	59.93411122041771	61.478743398515014	61.72278193327705	61.531933799870714	61.54252638873074	61.53544975939598	61.443385835041624	61.02244651652642	61.72278193327705	64.81949955200173
62.90285253178995	61.64228615128704	61.61983858953829	55.83934940231608	61.04007311172989	61.898690039911024	62.98910206973155	61.64228615128704	62.73419712106571	62.70589925027038	56.90301719426819	62.17163584509202	62.96650463962993	63.44194466240737	61.61983858953829	62.70589925027038	62.700692537129	56.880816045551	62.14720690067531	62.94881613956266	63.43940966375298	55.83934940231608	56.90301719426819	56.880816045551	66.04122343706894	56.397491805737786	57.09942983769782	58.6922205118677	61.04007311172989	62.17163584509202	62.14720690067531	56.397491805737786	62.26772987591519	62.46108506223692	63.27017029419898	61.898690039911024	62.96650463962993	62.94881613956266	57.09942983769782	62.46108506223692	63.31972643487738	63.58128368088244	62.98910206973155	63.44194466240737	63.43940966375298	58.6922205118677	63.27017029419898	63.58128368088244	67.0034594694719
66.3031330832917	65.57567573360178	65.52962292051096	50.11208703468012	65.15470487639156	65.88497201453978	66.1901998206177	65.57567573360178	66.22425399544368	66.17404864654065	50.69979333266897	65.81383993997044	66.51775417895873	66.43667849009549	65.52962292051096	66.17404864654065	66.16224243141106	50.65478386826976	65.76429355449767	66.47977333495999	66.4302568568128	50.11208703468012	50.69979333266897	50.65478386826976	75.33397111833482	50.40107424096046	50.864867582034805	53.933631029793204	65.15470487639156	65.81383993997044	65.76429355449767	50.40107424096046	65.86612336794882	66.14890795794474	66.31837798911663	65.88497201453978	66.51775417895873	66.47977333495999	50.864867582034805	66.14890795794474	66.93793391747514	66.60661489169819	66.1901998206177	66.43667849009549	66.4302568568128	53.933631029793204	66.31837798911663	66.60661489169819	69.68685952127429
66.61243825431477	66.04116872327623	65.66257123064574	50.67328766183818	66.02807279834859	66.41595438868858	66.34556401883904	66.04116872327623	66.52662107550971	66.15214768291466	51.09958835604627	66.50692679551442	66.88643375003154	66.51453781333312	65.66257123064574	66.15214768291466	66.0630063466217	50.75449068775105	66.1376128505219	66.59305834004336	66.47032019403481	50.67328766183818	51.09958835604627	50.75449068775105	75.59291294993938	51.086825028313946	51.26965049175744	54.2362765846912	66.02807279834859	66.50692679551442	66.1376128505219	51.086825028313946	66.51386137991999	66.87557562157494	66.5145700856546	66.41595438868858	66.88643375003154	66.59305834004336	51.26965049175744	66.87557562157494	67.433485721337	66.73854440559035	66.34556401883904	66.51453781333312	66.47032019403481	54.2362765846912	66.5145700856546	66.73854440559035	69.87302268787627
68.9072515547839	68.15643421831884	68.08825399680642	45.627275858125415	67.85359032479019	68.46772142758114	68.36520092600978	68.15643421831884	68.85855119597888	68.78656105229268	46.15791541822979	68.55835126457131	69.15675996111138	68.58523602700726	68.08825399680642	68.78656105229268	68.76519632071785	46.104184415533545	68.48737431052074	69.09819640158506	68.57959284932352	45.627275858125415	46.15791541822979	46.104184415533545	83.05732567491674	46.00743073528073	46.254521330217955	50.82724906862704	67.85359032479019	68.55835126457131	68.48737431052074	46.00743073528073	68.5779540808794	68.88328327354631	68.51608301143241	68.46772142758114	69.15675996111138	69.09819640158506	46.254521330217955	68.88328327354631	69.57176259058224	68.74599919127948	68.36520092600978	68.58523602700726	68.57959284932352	50.82724906862704	68.51608301143241	68.74599919127948	71.80528415279346
60.733348690508265	59.85106069465818	59.759892530929974	58.92045064987146	59.750855720981015	60.20661670609111	61.530849060263414	59.85106069465818	60.619373441835855	60.527705167667314	59.680890384217506	60.51933690934494	60.95167669571299	61.8463840673894	59.759892530929974	60.527705167667314	60.50457371476952	59.594774142334416	60.43070868882965	60.8815738057012	61.82792715513713	58.92045064987146	59.680890384217506	59.594774142334416	61.141960397505926	59.58778881211171	60.00917960828266	61.085533298298074	59.750855720981015	60.51933690934494	60.43070868882965	59.58778881211171	60.550014562321195	60.869856857788655	61.82107305258784	60.20661670609111	60.95167669571299	60.8815738057012	60.00917960828266	60.869856857788655	61.44095399589683	62.02936429008816	61.530849060263414	61.8463840673894	61.82792715513713	61.085533298298074	61.82107305258784	62.02936429008816	65.72257355558068
62.21269535919677	61.064133563370184	60.93383897739432	60.815598150550024	60.484451618722375	61.70655491486393	62.378719186260696	61.064133563370184	61.81296043896538	61.678051874710576	61.556123054257974	61.24228766439272	62.42834260267691	62.474463907039	60.93383897739432	61.678051874710576	61.864280941723024	61.425483885259695	61.07821340703727	62.469223368510285	62.604408604742204	60.815598150550024	61.556123054257974	61.425483885259695	61.938122120359516	60.99488691661314	62.16833751989178	62.29430598102323	60.484451618722375	61.24228766439272	61.07821340703727	60.99488691661314	62.21250631291742	62.187718232211324	62.684387773088666	61.70655491486393	62.42834260267691	62.469223368510285	62.16833751989178	62.187718232211324	63.58546599623192	62.83311512326746	62.378719186260696	62.474463907039	62.604408604742204	62.29430598102323	62.684387773088666	62.83311512326746	67.67769585503599
61.88482722761438	61.76600098806521	61.57675212832864	61.57242616749934	60.80126618977835	62.33393320959828	62.39011544146183	61.76600098806521	61.84671015099571	61.652073195149974	61.647651809647286	60.878560462012594	62.40696607306283	62.39581300574653	61.57675212832864	61.652073195149974	62.17405526695614	61.45599320280305	60.6300782530229	62.65105246640772	62.73234801379541	61.57242616749934	61.647651809647286	61.45599320280305	61.93963487066064	60.69032366431127	62.205372496032524	62.25900137231457	60.80126618977835	60.878560462012594	60.6300782530229	60.69032366431127	63.01031446600609	62.17989245008547	62.91062016256403	62.33393320959828	62.40696607306283	62.65105246640772	62.205372496032524	62.17989245008547	63.84349478275321	62.98648545710835	62.39011544146183	62.39581300574653	62.73234801379541	62.25900137231457	62.91062016256403	62.98648545710835	67.97946747422613
62.14828731870273	61.58247161816219	61.37855171482577	61.47458775405738	60.826812461516255	62.23255300997924	62.4169393880418	61.58247161816219	61.94326687652276	61.729784336413694	61.82951845211095	61.186978109745006	62.57384919159534	62.442804806072004	61.37855171482577	61.729784336413694	62.539227322942025	61.61901464473643	60.97128564387741	63.041072701812155	62.97480806628321	61.47458775405738	61.82951845211095	61.61901464473643	61.99222246570924	61.080780466972854	62.45981954662994	62.36734279718829	60.826812461516255	61.186978109745006	60.97128564387741	61.080780466972854	63.120442348261605	62.524798135415445	62.962341783747114	62.23255300997924	62.57384919159534	63.041072701812155	62.45981954662994	62.524798135415445	64.28527070020854	63.1819415111973	62.4169393880418	62.442804806072004	62.97480806628321	62.36734279718829	62.962341783747114	63.1819415111973	68.20488935530763
61.31134231565125	61.2473290073201	61.21498750766299	61.12619813973545	60.193525336163404	61.709909246668374	62.13950860539052	61.2473290073201	61.29762002934468	61.25937526026062	61.17045618165141	60.24081200404595	61.753005135290756	62.14872115226845	61.21498750766299	61.25937526026062	61.27956871159887	61.138115904030656	60.19071949101876	61.74149399053339	62.15993404315932	61.12619813973545	61.17045618165141	61.138115904030656	61.35461045033661	60.12227384273324	61.62946530185453	62.059041584025536	60.193525336163404	60.24081200404595	60.19071949101876	60.12227384273324	61.235303812060884	61.0691160079529	62.19447757836872	61.709909246668374	61.753005135290756	61.74149399053339	61.62946530185453	61.0691160079529	62.57185748093973	62.4173995776707	62.13950860539052	62.14872115226845	62.15993404315932	62.059041584025536	62.19447757836872	62.4173995776707	66.771620089488
61.712567315019875	61.66565987251514	61.60953868798444	61.60234208368391	60.3565333855485	62.18022656216591	62.251898701761746	61.66565987251514	61.70227258583999	61.640502169202975	61.63316677914006	60.38963858256961	62.2101645117172	62.25621219613431	61.60953868798444	61.640502169202975	61.73844887250286	61.576945521851705	60.29382631344338	62.23411977834006	62.307560347745984	61.60234208368391	61.63316677914006	61.576945521851705	61.72747494798505	60.327964226991796	62.14518183714096	62.21165691478477	60.3565333855485	60.38963858256961	60.29382631344338	60.327964226991796	62.48983777769517	61.67029956619464	62.58129419093384	62.18022656216591	62.2101645117172	62.23411977834006	62.14518183714096	61.67029956619464	63.31193954737954	62.6548745599701	62.251898701761746	62.25621219613431	62.307560347745984	62.21165691478477	62.58129419093384	62.6548745599701	67.14546061015245
60.67920991834933	60.34358636636116	60.305305547622446	60.193266072680544	59.37524141982443	60.54194486731317	61.6844140892935	60.34358636636116	60.60697838892287	60.56305734673844	60.4501256108292	59.649668641398605	60.7960027051799	61.77008008464979	60.305305547622446	60.56305734673844	60.557857511936994	60.412512074927605	59.597696168606795	60.76348124791346	61.76679102391981	60.193266072680544	60.4501256108292	60.412512074927605	60.68557154633544	59.50200264715752	60.64438710342166	61.65344259743754	59.37524141982443	59.649668641398605	59.597696168606795	59.50200264715752	59.89284510482791	59.93358824341568	61.582924268784716	60.54194486731317	60.7960027051799	60.76348124791346	60.64438710342166	59.93358824341568	61.111224018582895	61.87855844868747	61.6844140892935	61.77008008464979	61.76679102391981	61.65344259743754	61.582924268784716	61.87855844868747	66.09435420973095
61.374316375237164	61.35557652683533	61.15085118402864	61.256748143335926	60.195756082767154	61.66561060679034	62.12800049467531	61.35557652683533	61.37484194507724	61.16409040473018	61.26971902169966	60.209527645336074	61.678351574576006	62.12800593465215	61.15085118402864	61.16409040473018	61.27210768880288	61.06503178090758	59.87102654418787	61.574079098040876	62.19281261890185	61.256748143335926	61.26971902169966	61.06503178090758	61.42178453385859	60.114151810912134	61.57780948345189	62.05750228617154	60.195756082767154	60.209527645336074	59.87102654418787	60.114151810912134	61.33161370761505	60.82049185935348	62.22510197043537	61.66561060679034	61.678351574576006	61.574079098040876	61.57780948345189	60.82049185935348	62.31938094106785	62.35628339054218	62.12800049467531	62.12800593465215	62.19281261890185	62.05750228617154	62.22510197043537	62.35628339054218	67.18291895629125
61.96579455885508	61.945928385790054	61.603137987880864	60.95803092340956	60.95548039933858	62.32097421040027	62.48141878680417	61.945928385790054	61.9650059073019	61.61656284297947	60.971051523724604	60.968897467340305	62.33381572593297	62.48030327186526	61.603137987880864	61.61656284297947	61.99358511759277	60.62506137525398	60.43578549035585	62.310817670001384	62.74595320191372	60.95803092340956	60.971051523724604	60.62506137525398	62.49159700619411	60.016576656937275	61.3192125585603	61.77337472678726	60.95548039933858	60.968897467340305	60.43578549035585	60.016576656937275	62.482673283362395	61.74141870802556	62.753750849264165	62.32097421040027	62.33381572593297	62.310817670001384	61.3192125585603	61.74141870802556	63.27156875513099	62.87139780701496	62.48141878680417	62.48030327186526	62.74595320191372	61.77337472678726	62.753750849264165	62.87139780701496	67.99611111717951
61.50851472228652	61.475997229300525	61.32274137053781	60.91810769610733	60.362101750272814	61.81613391595428	62.322019608089455	61.475997229300525	61.503656373704615	61.34485256110352	60.93992995161392	60.38500093633803	61.83767191138834	62.32287361087391	61.32274137053781	61.34485256110352	61.425941633422774	60.786878695713305	60.140240900997455	61.760679443259214	62.38419144675372	60.91810769610733	60.93992995161392	60.786878695713305	61.80713518213086	59.84799532320887	61.26942631698644	61.918945572972106	60.362101750272814	60.38500093633803	60.140240900997455	59.84799532320887	61.4424586765245	61.02168756724953	62.48819473118887	61.81613391595428	61.83767191138834	61.760679443259214	61.26942631698644	61.02168756724953	62.501407696110846	62.543023193428134	62.322019608089455	62.32287361087391	62.38419144675372	61.918945572972106	62.48819473118887	62.543023193428134	67.565783604665
62.162498528990845	61.929195961616685	61.7478784211562	60.73876783441385	60.82484651233007	62.38091975720241	62.594844511038254	61.929195961616685	62.08561119355793	61.899203523281926	60.88675516883316	60.980417348009155	62.52885622236501	62.60873372981525	61.7478784211562	61.899203523281926	62.12927595714943	60.70259572236269	60.69167021034466	62.53641050350467	62.76932545552405	60.73876783441385	60.88675516883316	60.70259572236269	62.71280335202304	59.83249807607256	61.302885007324726	61.76078299192421	60.82484651233007	60.980417348009155	60.69167021034466	59.83249807607256	62.613366556632634	61.92739525745031	62.97105852130525	62.38091975720241	62.52885622236501	62.53641050350467	61.302885007324726	61.92739525745031	63.51303929075222	62.972455433451486	62.594844511038254	62.60873372981525	62.76932545552405	61.76078299192421	62.97105852130525	62.972455433451486	68.07414647569198
61.51360467683003	61.487553634591194	61.41383689125842	61.38159214338107	60.2110167979336	61.91851349908014	62.17928571402156	61.487553634591194	61.51145416749708	61.431803835069005	61.39942639796743	60.23029330896369	61.93587781056996	62.181119989326085	61.41383689125842	61.431803835069005	61.50242351542144	61.32559717011672	60.10251700233427	61.9220600483612	62.21583330819198	61.38159214338107	61.39942639796743	61.32559717011672	61.559527071845	60.12735868273076	61.82767093773962	62.10416092642711	60.2110167979336	60.23029330896369	60.10251700233427	60.12735868273076	61.6833205639619	61.168270240372706	62.31979890098808	61.91851349908014	61.93587781056996	61.9220600483612	61.82767093773962	61.168270240372706	62.79884100002733	62.48360031188294	62.17928571402156	62.181119989326085	62.21583330819198	62.10416092642711	62.31979890098808	62.48360031188294	66.96517902587023
62.8682608613294	62.83541154590312	62.76967098796936	59.78672390831872	61.954764464925056	63.54062335209327	63.2471782058081	62.83541154590312	62.86288553389539	62.79159106332884	59.80818513276347	61.97741912105989	63.561636437578905	63.248658096392624	62.76967098796936	62.79159106332884	62.964071359186434	59.72994101732105	61.88803395073946	63.63990214040493	63.35149534792752	59.78672390831872	59.80818513276347	59.72994101732105	64.3914198859626	58.98799879288806	60.4058930091719	61.0093262926807	61.954764464925056	61.97741912105989	61.88803395073946	58.98799879288806	63.688243169010775	63.31579408392566	63.57803583194764	63.54062335209327	63.561636437578905	63.63990214040493	60.4058930091719	63.31579408392566	64.91846259714212	63.7218787942694	63.2471782058081	63.248658096392624	63.35149534792752	61.0093262926807	63.57803583194764	63.7218787942694	68.0614030776722
62.97857752031762	62.94072491974678	62.89792732555777	60.16164270332163	61.681330314752365	63.60275821814584	63.15705209096611	62.94072491974678	62.97097199838015	62.922652290324585	60.18584613227405	61.70728287407137	63.62654099434483	63.15896124682698	62.89792732555777	62.922652290324585	63.09882187913114	60.13063780745006	61.65377998857235	63.72780437746034	63.26298704644069	60.16164270332163	60.18584613227405	60.13063780745006	64.31815933293014	58.998137987654594	60.74694465501258	61.13344058812984	61.681330314752365	61.70728287407137	61.65377998857235	58.998137987654594	64.63774957748569	63.47910966441425	63.772390232139664	63.60275821814584	63.62654099434483	63.72780437746034	60.74694465501258	63.47910966441425	65.11132560007526	63.73249477214194	63.15705209096611	63.15896124682698	63.26298704644069	61.13344058812984	63.772390232139664	63.73249477214194	68.09667238088524
61.64302544214665	61.61500768335706	61.53512280236924	61.53195890989329	60.69635698467189	62.24336193978182	62.296051949880116	61.61500768335706	61.63981784985091	61.554171646563375	61.55083004344641	60.716356598172936	62.261524108844824	62.29818996171139	61.53512280236924	61.554171646563375	61.71048426070067	61.47064033992926	60.60205678280207	62.318563509583875	62.37939341133812	61.53195890989329	61.55083004344641	61.47064033992926	61.6745978359668	60.634570273838044	62.17588635604957	62.238098131607615	60.69635698467189	60.716356598172936	60.60205678280207	60.634570273838044	62.375632227278864	61.95966791259056	62.53396666569051	62.24336193978182	62.261524108844824	62.318563509583875	62.17588635604957	61.95966791259056	63.50833779558298	62.73513329369957	62.296051949880116	62.29818996171139	62.37939341133812	62.238098131607615	62.53396666569051	62.73513329369957	67.0219108293163
60.99424173168572	60.9813631439075	60.84760505608438	59.82505084261719	60.43327523854639	61.30695135688238	62.178203276808055	60.9813631439075	60.99893891331558	60.85844572093402	59.83592151763864	60.44441872956637	61.31734648287901	62.17902257313435	60.84760505608438	60.85844572093402	60.84956042225371	59.70244402414229	60.28116126359526	61.21611168100808	62.175370445163395	59.82505084261719	59.83592151763864	59.70244402414229	61.65853852744556	59.30246421568931	60.14600580124343	61.27475181807965	60.43327523854639	60.44441872956637	60.28116126359526	59.30246421568931	60.715595028118656	60.85622942087	62.10692746611284	61.30695135688238	61.31734648287901	61.21611168100808	60.14600580124343	60.85622942087	61.83480930064056	62.35207246534748	62.178203276808055	62.17902257313435	62.175370445163395	61.27475181807965	62.10692746611284	62.35207246534748	66.5848132969766
