185.04518416734572	186.87419308123373	187.71903593837317	187.385351625615	186.80767819644979	186.28606072270614	181.26416916555132	129.74806583444723	185.7853532502065	187.35852546100554	186.87419308123373	196.80804224025863	197.22587028382998	196.86686488416817	199.58253089531297	195.70751010873659	188.34428911793108	120.01843824602324	196.84212908570373	196.84833890956787	187.71903593837317	197.22587028382998	199.000766860596	198.15800880317994	200.88295851937025	197.03457972598898	190.1016038085824	119.69639802068062	198.32901641398132	198.14230773692523	187.385351625615	196.86686488416817	198.15800880317994	197.85278406037776	200.36462733341446	196.69857773069916	189.37154601532933	119.77445150094064	197.90844530679354	197.81730844439173	186.80767819644979	199.58253089531297	200.88295851937025	200.36462733341446	207.19049272773086	199.337767594212	192.0455517473211	124.81313440914533	199.87458177304123	200.34686360905468	186.28606072270614	195.70751010873659	197.03457972598898	196.69857773069916	199.337767594212	196.40762545839732	188.24410860622817	119.64369736196245	196.8129632575499	196.68154345174082	181.26416916555132	188.34428911793108	190.1016038085824	189.37154601532933	192.0455517473211	188.24410860622817	184.80037072351658	119.24821980360575	188.42859888307066	189.33891457459794	129.74806583444723	120.01843824602324	119.69639802068062	119.77445150094064	124.81313440914533	119.64369736196245	119.24821980360575	242.2315549199459	122.30645077413024	119.76918694249656	185.7853532502065	196.84212908570373	198.32901641398132	197.90844530679354	199.87458177304123	196.8129632575499	188.42859888307066	122.30645077413024	200.35661079124318	197.8826598594251	187.35852546100554	196.84833890956787	198.14230773692523	197.81730844439173	200.34686360905468	196.68154345174082	189.33891457459794	119.76918694249656	197.8826598594251	197.8077312010157
190.13271191099582	189.3135843374303	190.81528356818774	193.35658590826026	189.83018166740464	186.5659730978428	188.58585513522732	129.441028970218	189.64384409640894	190.05243316896343	189.3135843374303	192.7640940824061	191.0075766335637	193.51567275384548	191.12448083091948	186.02412638576357	188.081686162363	123.96593867166321	189.97272365960285	189.99911058218098	190.81528356818774	191.0075766335637	193.64710366707413	194.95218200366975	192.23119346458017	188.55369045087227	190.61803838191258	127.30999796813676	191.86722666619394	192.0500908008017	193.35658590826026	193.51567275384548	194.95218200366975	199.00748920789403	194.73044048503235	190.89528366792936	193.05189565240906	125.63028748430196	194.83518156257395	194.374136333535	189.83018166740464	191.12448083091948	192.23119346458017	194.73044048503235	193.5616642615176	187.9911398669553	189.8851731446954	132.2086443612963	190.72155449783833	191.2780435708013	186.5659730978428	186.02412638576357	188.55369045087227	190.89528366792936	187.9911398669553	187.38361524794112	186.1533496965473	126.4505264410918	187.6853470234617	187.76594789795126	188.58585513522732	188.081686162363	190.61803838191258	193.05189565240906	189.8851731446954	186.1533496965473	189.53744400348333	125.67160007163577	189.34644625602792	189.61413713746427	129.441028970218	123.96593867166321	127.30999796813676	125.63028748430196	132.2086443612963	126.4505264410918	125.67160007163577	223.06422091114405	130.2030569435854	127.47088524739776	189.64384409640894	189.97272365960285	191.86722666619394	194.83518156257395	190.72155449783833	187.6853470234617	189.34644625602792	130.2030569435854	192.55429519783084	190.97939963613103	190.05243316896343	189.99911058218098	192.0500908008017	194.374136333535	191.2780435708013	187.76594789795126	189.61413713746427	127.47088524739776	190.97939963613103	191.28045627218225
172.17311545552332	170.7365252685059	173.45713252971615	173.00376212823136	173.71754128652833	164.56041070339083	171.8147432618193	161.3515841884292	172.27543105785438	172.15169891695388	170.7365252685059	172.65179480588768	172.4204647947094	171.60832752460112	173.48777880264987	162.0159213578492	170.328315199162	159.16511061085845	170.97763952948938	170.7214147351696	173.45713252971615	172.4204647947094	176.11527841340578	173.92623636664342	175.40421510219988	165.95155702608716	173.20207889861067	162.1962246008119	173.71194975157886	173.45268372112338	173.00376212823136	171.60832752460112	173.92623636664342	174.62037100651065	174.92908467706445	165.47265393960504	172.685236446986	161.4904012948888	173.34236432114588	172.9953741180742	173.71754128652833	173.48777880264987	175.40421510219988	174.92908467706445	177.08751021829136	166.6199975826312	173.44678767415422	164.00702447002547	173.6657261752492	173.71916308932637	164.56041070339083	162.0159213578492	165.95155702608716	165.47265393960504	166.6199975826312	165.56012256252998	164.24257454506358	154.77475741375372	164.86668969351075	164.5565599213337	171.8147432618193	170.328315199162	173.20207889861067	172.685236446986	173.44678767415422	164.24257454506358	171.77991002772268	160.97969567001115	171.93769934607698	171.8085748040848	161.3515841884292	159.16511061085845	162.1962246008119	161.4904012948888	164.00702447002547	154.77475741375372	160.97969567001115	175.49931941724884	161.7782871544487	161.33502935861398	172.27543105785438	170.97763952948938	173.71194975157886	173.34236432114588	173.6657261752492	164.86668969351075	171.93769934607698	161.7782871544487	173.06509882319045	172.27150603989094	172.15169891695388	170.7214147351696	173.45268372112338	172.9953741180742	173.71916308932637	164.5565599213337	171.8085748040848	161.33502935861398	172.27150603989094	172.15383646700855
171.0515585591661	170.37700281289642	173.42861179415831	171.3100601617338	172.8809511271753	167.52106646080895	170.59512862805974	153.7276362564044	170.96909771882943	171.03908617227341	170.37700281289642	171.28830618474825	173.02419282390326	170.650967211995	172.8955758927192	166.64760987027483	169.90120154068384	152.66992151622597	170.3451681642556	170.36924963240378	173.42861179415831	173.02419282390326	177.26410359235965	173.59527156823378	175.84188454020205	170.0129596359194	173.14964921587864	154.88358053621872	173.56230177570225	173.42765501016873	171.3100601617338	170.650967211995	173.59527156823378	171.77041123002837	173.24194464825575	167.7950607441288	170.86961439260793	153.71760083804895	171.28193472053064	171.30505204512514	172.8809511271753	172.8955758927192	175.84188454020205	173.24194464825575	176.53751466963013	169.75190717172632	172.55750085880385	158.5496365660565	172.51102413957153	172.886061120765	167.52106646080895	166.64760987027483	170.0129596359194	167.7950607441288	169.75190717172632	167.7066334827134	167.08514892527052	151.02323194602494	167.52755329529904	167.51729963689465	170.59512862805974	169.90120154068384	173.14964921587864	170.86961439260793	172.55750085880385	167.08514892527052	170.5740765247542	153.2574304084065	170.51973155314423	170.58961046420296	153.7276362564044	152.66992151622597	154.88358053621872	153.71760083804895	158.5496365660565	151.02323194602494	153.2574304084065	180.46737053606049	154.3428640664539	153.7042748700626	170.96909771882943	170.3451681642556	173.56230177570225	171.28193472053064	172.51102413957153	167.52755329529904	170.51973155314423	154.3428640664539	171.51981800143426	170.96572952367262	171.03908617227341	170.36924963240378	173.42765501016873	171.30505204512514	172.886061120765	167.51729963689465	170.58961046420296	153.7042748700626	170.96572952367262	171.0506540202618
192.76515142194526	192.59055505892684	193.97681883246526	196.98632408539453	192.79418400829084	190.11793089555306	190.88457029754278	129.4071178542566	193.54827114749878	192.76515080803796	192.59055505892684	196.48746871053038	194.4759541325415	197.70539439867895	194.6721788927605	189.79769869025014	190.7240776236069	128.56734394079095	194.4266048146021	192.61324295920966	193.97681883246526	194.4759541325415	197.30728322964586	198.07665029120798	194.80849823136697	191.4782267632371	193.19760283989757	130.10359787636085	195.48950477284563	194.0110392385829	196.98632408539453	197.70539439867895	198.07665029120798	204.8618207851087	197.48493567745453	194.682033056931	196.12451097905046	130.26064175119447	201.70247121333855	197.01453672785829	192.79418400829084	194.6721788927605	194.80849823136697	197.48493567745453	197.68061283989954	190.4903148911538	192.25546674488146	137.25195713745907	192.09686328308564	192.835876492578	190.11793089555306	189.79769869025014	191.4782267632371	194.682033056931	190.4903148911538	189.97600039897335	188.4308776103819	129.36101073333555	191.6025656999384	190.1500985788358	190.88457029754278	190.7240776236069	193.19760283989757	196.12451097905046	192.25546674488146	188.4308776103819	192.3148947421689	127.06053129358808	192.38345458833876	190.90793020542634	129.4071178542566	128.56734394079095	130.10359787636085	130.26064175119447	137.25195713745907	129.36101073333555	127.06053129358808	238.6923765498475	137.87856290851968	129.3721163773268	193.54827114749878	194.4266048146021	195.48950477284563	201.70247121333855	192.09686328308564	191.6025656999384	192.38345458833876	137.87856290851968	202.51950293320033	193.58707430242427	192.76515080803796	192.61324295920966	194.0110392385829	197.01453672785829	192.835876492578	190.1500985788358	190.90793020542634	129.3721163773268	193.58707430242427	192.80292256821178
196.0724966623945	197.1784737512815	197.62161955910557	202.96889712604536	196.8025047659535	193.9962324539862	194.7664646796571	130.76477250638135	200.00737457457933	196.0715367859062	197.1784737512815	206.5259750961214	200.90228875633704	207.04222461573835	203.1990940949076	195.0565636993426	197.38794516540457	131.11635669858813	204.27402229473293	197.19181376857824	197.62161955910557	200.90228875633704	203.10516717336617	205.08882549732567	200.998008740756	195.7950935595641	199.37669587709385	131.83779675734567	203.21814667817958	197.64967196695775	202.96889712604536	207.04222461573835	205.08882549732567	216.90496425544524	206.00497319432736	201.43331841323814	204.79279043647705	132.12095287956615	214.28303875739252	202.987261320828	196.8025047659535	203.1990940949076	200.998008740756	206.00497319432736	206.02451738576366	195.20094735014118	199.37211120515008	140.38048488849293	200.7560124108559	196.83522489953532	193.9962324539862	195.0565636993426	195.7950935595641	201.43331841323814	195.20094735014118	194.10250834499544	193.12226067696866	130.84941634088742	198.7773003170155	194.02425235472316	194.7664646796571	197.38794516540457	199.37669587709385	204.79279043647705	199.37211120515008	193.12226067696866	200.35301948014404	128.3966574775264	201.4915102610888	194.78087624217332	130.76477250638135	131.11635669858813	131.83779675734567	132.12095287956615	140.38048488849293	130.84941634088742	128.3966574775264	242.69682170229922	139.3008983771971	130.73754465569618	200.00737457457933	204.27402229473293	203.21814667817958	214.28303875739252	200.7560124108559	198.7773003170155	201.4915102610888	139.3008983771971	216.00610582586927	200.03501366710225	196.0715367859062	197.19181376857824	197.64967196695775	202.987261320828	196.83522489953532	194.02425235472316	194.78087624217332	130.73754465569618	200.03501366710225	196.1055579215717
195.41049070980796	195.5632356180216	196.42813509845865	201.82021688556728	195.5573439804001	192.97717557788482	194.0352645784986	130.03888008326447	198.5394800859597	195.41352621049225	195.5632356180216	197.49926852754731	196.84763576660453	202.55758267956338	196.586596702551	193.0819106338775	194.2396557902698	129.6804070748454	199.36599137921488	195.57450348456766	196.42813509845865	196.84763576660453	199.43851908051465	202.5444093291081	197.15508672567478	194.12331230320686	196.13856436882574	130.68923588273486	200.05614961256993	196.44365428858367	201.82021688556728	202.55758267956338	202.5444093291081	213.6361493393976	202.30512064742047	199.90916886892657	202.0873791601984	131.42395729313307	210.73661939669427	201.83370912064166	195.5573439804001	196.586596702551	197.15508672567478	202.30512064742047	199.88635146925975	193.49080988587687	195.58682797392362	137.8840310432646	197.06488818020733	195.57624841331048	192.97717557788482	193.0819106338775	194.12331230320686	199.90916886892657	193.49080988587687	193.02314000909783	191.83728663532227	130.00977718747532	196.99454779244022	192.990585520657	194.0352645784986	194.2396557902698	196.13856436882574	202.0873791601984	195.58682797392362	191.83728663532227	196.33715694722605	127.59696676465347	198.514469259153	194.04390915719097	130.03888008326447	129.6804070748454	130.68923588273486	131.42395729313307	137.8840310432646	130.00977718747532	127.59696676465347	238.4237417752646	139.19816921544614	130.01762743005182	198.5394800859597	199.36599137921488	200.05614961256993	210.73661939669427	197.06488818020733	196.99454779244022	198.514469259153	139.19816921544614	211.78116510196682	198.55687331203708	195.41352621049225	195.57450348456766	196.44365428858367	201.83370912064166	195.57624841331048	192.990585520657	194.04390915719097	130.01762743005182	198.55687331203708	195.43676869144514
202.50348099076524	202.85876075753276	202.91586955693924	207.29949983976834	202.15658200470034	192.96234188417532	200.18830012084362	131.73959241284462	202.51134216607431	202.5015082596554	202.85876075753276	204.96902132633502	203.8197646143608	208.03931052199624	203.2678016650228	193.17703377361119	200.51063037649843	129.40824606340928	203.45088845563518	203.35075941169188	202.91586955693924	203.8197646143608	205.15883344240112	207.6811819199611	203.34494280344273	193.9078943931921	201.56229219688146	130.24780559872627	203.5804718141184	203.4882582796464	207.29949983976834	208.03931052199624	207.6811819199611	214.6356436969129	207.77798322479313	198.04005361434793	206.09151873914956	125.92581735626773	208.5600452228559	207.68370713176364	202.15658200470034	203.2678016650228	203.34494280344273	207.77798322479313	203.77012562579858	193.66885922104763	200.74112843118985	133.4324260274595	202.76158384644168	202.78546723953625	192.96234188417532	193.17703377361119	193.9078943931921	198.04005361434793	193.66885922104763	192.06927341524036	190.83900829163215	125.81196552256739	193.937641250352	193.42378962757843	200.18830012084362	200.51063037649843	201.56229219688146	206.09151873914956	200.74112843118985	190.83900829163215	201.47655483381953	124.34801059926566	200.787765465843	200.49482859930293	131.73959241284462	129.40824606340928	130.24780559872627	125.92581735626773	133.4324260274595	125.81196552256739	124.34801059926566	221.6271855064375	132.2477608660513	130.91078187142338	202.51134216607431	203.45088845563518	203.5804718141184	208.5600452228559	202.76158384644168	193.937641250352	200.787765465843	132.2477608660513	204.52020360134188	203.09950303060802	202.5015082596554	203.35075941169188	203.4882582796464	207.68370713176364	202.78546723953625	193.42378962757843	200.49482859930293	130.91078187142338	203.09950303060802	203.08060720491048
210.0514705424425	211.55375104105383	210.36260550069935	214.2381869418312	208.6966344127411	194.03196087908955	206.68293161317766	132.84437627967506	209.2602453134738	210.11631222655015	211.55375104105383	217.84208021326126	213.82922111434817	217.3614884146735	213.22474248980578	195.45450577532017	208.65153097148118	129.26830956463058	212.9359161482238	213.280588765346	210.36260550069935	213.82922111434817	215.0582849063423	215.76729030438605	212.25591871097237	196.7644212096268	209.67143629053226	130.06002640075306	212.3088818798226	212.7083481500846	214.2381869418312	217.3614884146735	215.76729030438605	223.51559438724377	215.64459767248118	200.89750240822826	213.47669468106406	128.2067876702953	218.1917479110781	215.8440167338339	208.6966344127411	213.22474248980578	212.25591871097237	215.64459767248118	213.68244134256864	196.5951847062793	208.35023258481704	135.15433838400827	210.4914239926642	211.36735199036855	194.03196087908955	195.45450577532017	196.7644212096268	200.89750240822826	196.5951847062793	194.63401503736958	192.8747827754301	126.75661356483005	197.80981405375803	196.07882924928472	206.68293161317766	208.65153097148118	209.67143629053226	213.47669468106406	208.35023258481704	192.8747827754301	209.1541492230409	125.54023370561451	208.3433315592451	207.96186338086474	132.84437627967506	129.26830956463058	130.06002640075306	128.2067876702953	135.15433838400827	126.75661356483005	125.54023370561451	234.66192769450865	134.1080819238009	130.7814988841583	209.2602453134738	212.9359161482238	212.3088818798226	218.1917479110781	210.4914239926642	197.80981405375803	208.3433315592451	134.1080819238009	216.02742180528332	211.66082406746352	210.11631222655015	213.280588765346	212.7083481500846	215.8440167338339	211.36735199036855	196.07882924928472	207.96186338086474	130.7814988841583	211.66082406746352	212.53094537312728
212.93341126806138	214.17861410012534	212.6941782503846	215.46685221246096	210.35975513556264	193.47174943343265	208.33487911208533	131.05877012131864	209.85865325599067	212.96901455868198	214.17861410012534	220.56655464395607	215.92927837243025	218.84232646264647	215.0770194275646	194.94286852192235	210.52203941598933	129.36568167826212	213.79093408677926	215.40587016345683	212.6941782503846	215.92927837243025	217.31590421515614	216.80834092632216	213.6527612242029	196.31767020363426	211.65918816676634	130.01775783229212	213.0034632091086	214.36622467685956	215.46685221246096	218.84232646264647	216.80834092632216	226.37199353480122	216.0450471320724	201.80256165185864	215.06067516631	130.82323928528783	222.15708877654447	216.60237646159626	210.35975513556264	215.0770194275646	213.6527612242029	216.0450471320724	215.81129737067045	195.83018706630574	209.9115686644302	136.66575426749526	209.61616232732197	212.34070959411244	193.47174943343265	194.94286852192235	196.31767020363426	201.80256165185864	195.83018706630574	195.30025980012243	193.0831050896049	129.39988656016456	199.66314391672412	194.9430557047646	208.33487911208533	210.52203941598933	211.65918816676634	215.06067516631	209.9115686644302	193.0831050896049	211.19200537724777	126.56935665839775	209.9807317555021	209.25385051006984	131.05877012131864	129.36568167826212	130.01775783229212	130.82323928528783	136.66575426749526	129.39988656016456	126.56935665839775	240.73715857623634	138.2452628374261	129.72335711010783	209.85865325599067	213.79093408677926	213.0034632091086	222.15708877654447	209.61616232732197	199.66314391672412	209.9807317555021	138.2452628374261	222.60640875096553	211.51883126042594	212.96901455868198	215.40587016345683	214.36622467685956	216.60237646159626	212.34070959411244	194.9430557047646	209.25385051006984	129.72335711010783	211.51883126042594	214.69942552892346
212.55454435134533	213.29261649172489	212.41808107006878	215.05553498377657	210.29883270188384	193.50644218090642	208.29400013917203	131.95292934582085	209.25454747741097	212.63958264698417	213.29261649172489	216.6112484241881	214.2231062370809	216.88569682498857	212.71178255191546	194.35767727729072	209.43771772334136	130.65353334857036	211.4664369598308	214.1613729904776	212.41808107006878	214.2231062370809	215.95689087288878	215.7961835740691	212.2505446391082	195.51161873393775	210.85376572535776	131.09688242400924	211.5100640815222	213.40696220972436	215.05553498377657	216.88569682498857	215.7961835740691	225.30144660407308	214.7495113366044	201.3025511776924	214.45480153597444	131.73582007111227	220.80365528314917	215.77139440634693	210.29883270188384	212.71178255191546	212.2505446391082	214.7495113366044	213.45671546469856	194.8501809227735	208.92158195508466	136.8759557833903	208.07900779544127	211.46664588473277	193.50644218090642	194.35767727729072	195.51161873393775	201.3025511776924	194.8501809227735	194.6160677107347	192.56562030959785	129.72780712305956	198.93087731365088	194.31369111765122	208.29400013917203	209.43771772334136	210.85376572535776	214.45480153597444	208.92158195508466	192.56562030959785	210.64823656236098	126.94824884638405	209.1137028000988	208.8458963737964	131.95292934582085	130.65353334857036	131.09688242400924	131.73582007111227	136.8759557833903	129.72780712305956	126.94824884638405	238.2397866336259	139.7381857496398	131.1419118498097	209.25454747741097	211.4664369598308	211.5100640815222	220.80365528314917	208.07900779544127	198.93087731365088	209.1137028000988	139.7381857496398	220.76082003085412	210.27303026144273	212.63958264698417	214.1613729904776	213.40696220972436	215.77139440634693	211.46664588473277	194.31369111765122	208.8458963737964	131.1419118498097	210.27303026144273	213.6425419634489
211.17780493499683	212.4334726353486	211.59688960643294	214.63605514092322	210.06408859264835	193.92911621523166	207.70289960935446	132.95165277984097	209.1118826249024	211.49976183075188	212.4334726353486	218.08549984198993	215.59254713500735	218.1100788448964	214.82343206465558	196.27418800820814	209.9859071880858	129.20015512332327	213.63624267476956	215.32292715622916	211.59688960643294	215.59254713500735	217.31085378174362	217.1055529764842	214.5437168064274	197.57879956972724	211.30556956232957	129.3737112490507	213.66804637926873	215.01158759537228	214.63605514092322	218.1100788448964	217.1055529764842	225.45548784120774	216.72189506958773	202.26253295767037	214.74771521922315	129.5937470706486	221.1375368949422	217.0937450621663	210.06408859264835	214.82343206465558	214.5437168064274	216.72189506958773	215.73186235251197	197.272785327377	209.81077169323677	133.55180874250593	211.54773023319706	213.93591533811866	193.92911621523166	196.27418800820814	197.57879956972724	202.26253295767037	197.272785327377	195.78474541351525	193.44960400648006	127.01421320032527	200.16091191230464	196.72605145748923	207.70289960935446	209.9859071880858	211.30556956232957	214.74771521922315	209.81077169323677	193.44960400648006	210.46253218955624	125.49505166310058	209.8325372605811	209.5869156004906	132.95165277984097	129.20015512332327	129.3737112490507	129.5937470706486	133.55180874250593	127.01421320032527	125.49505166310058	236.61834600012577	136.6855032801058	129.9135750487209	209.1118826249024	213.63624267476956	213.66804637926873	221.1375368949422	211.54773023319706	200.16091191230464	209.8325372605811	136.6855032801058	220.88202280066517	212.6726510120592	211.49976183075188	215.32292715622916	215.01158759537228	217.0937450621663	213.93591533811866	196.72605145748923	209.5869156004906	129.9135750487209	212.6726510120592	214.99621223971425
199.31981123725845	199.7919326970969	199.94967702506062	203.22810929844562	198.87345893188456	191.6562561324857	196.24337408600417	131.3089561430823	199.07283917040564	199.49218359782694	199.7919326970969	205.3385579325083	203.7010777662353	206.4627288809387	203.66637823413907	194.43058135527542	198.08093900629018	126.00525565698356	203.5311884691795	203.10392028529557	199.94967702506062	203.7010777662353	205.9691089845374	206.7573407186182	204.43076578148398	196.17531536997623	200.10974494069495	126.50022822112994	204.54022698133434	204.144948921626	203.22810929844562	206.4627288809387	206.7573407186182	212.69943708705222	206.852879571557	199.04046430108858	203.26119877585407	125.99336530227153	209.2024954012764	206.51095651043863	198.87345893188456	203.66637823413907	204.43076578148398	206.852879571557	206.23231253441472	196.14155350124216	199.48992733792295	130.6183259735007	203.3510084685101	203.6914146149963	191.6562561324857	194.43058135527542	196.17531536997623	199.04046430108858	196.14155350124216	194.5495043387043	191.09274984455425	125.22056198571438	196.9450540619774	195.6056056324438	196.24337408600417	198.08093900629018	200.10974494069495	203.26119877585407	199.48992733792295	191.09274984455425	198.80079649190708	123.17516486082398	199.41605739554004	198.73631631581725	131.3089561430823	126.00525565698356	126.50022822112994	125.99336530227153	130.6183259735007	125.22056198571438	123.17516486082398	234.71280451757548	131.89616764387623	126.93127074364737	199.07283917040564	203.5311884691795	204.54022698133434	209.2024954012764	203.3510084685101	196.9450540619774	199.41605739554004	131.89616764387623	208.99183747761336	203.77427799357534	199.49218359782694	203.10392028529557	204.144948921626	206.51095651043863	203.6914146149963	195.6056056324438	198.73631631581725	126.93127074364737	203.77427799357534	203.75244526479804
190.70512079168768	189.94282562597118	191.54364720426906	193.9655608176987	190.48978642575065	189.00838800141273	187.88754924516343	129.51592995220958	190.5263651789808	191.0027049240371	189.94282562597118	196.87116701193756	194.7008390318201	197.00169796286423	196.2161892113234	191.5074333440855	189.0612575479526	124.1368214116177	194.77323577591247	193.74336307717104	191.54364720426906	194.7008390318201	199.33062140651003	199.75773214925863	198.61944263965339	195.79679993597503	193.57588677838788	124.32795698361329	198.5916678643175	197.73682881067361	193.9655608176987	197.00169796286423	199.75773214925863	203.96128648071192	200.1566410341586	197.44396426314765	195.58299102607845	124.71531455571048	202.02715443504115	199.29650255493078	190.48978642575065	196.2161892113234	198.61944263965339	200.1566410341586	202.60412726980542	195.85835112251368	193.65244451489252	129.90509087504475	197.21561869643324	197.6747854821198	189.00838800141273	191.5074333440855	195.79679993597503	197.44396426314765	195.85835112251368	195.06545462046216	190.5291027329732	124.0932460822368	196.09790808959994	195.2700441352013	187.88754924516343	189.0612575479526	193.57588677838788	195.58299102607845	193.65244451489252	190.5291027329732	191.68230055204302	122.2936448091154	192.85908800122263	192.40805620560775	129.51592995220958	124.1368214116177	124.32795698361329	124.71531455571048	129.90509087504475	124.0932460822368	122.2936448091154	240.30272394021762	130.20929950712306	124.27136302403997	190.5263651789808	194.77323577591247	198.5916678643175	202.02715443504115	197.21561869643324	196.09790808959994	192.85908800122263	130.20929950712306	203.9592282472526	197.74998807302165	191.0027049240371	193.74336307717104	197.73682881067361	199.29650255493078	197.6747854821198	195.2700441352013	192.40805620560775	124.27136302403997	197.74998807302165	197.24852874244453
182.97990949244794	181.71891580176964	185.8995605104822	185.786947023709	183.21258568984072	184.38152911139568	181.59450376367857	130.61695979459287	185.05299077049165	185.06090230357515	181.71891580176964	188.96522656186448	189.26955852171682	188.71279702634837	190.90848445132838	187.23646661934973	183.45758236002786	123.99415244576763	188.00577753044607	188.0068726802085	185.8995605104822	189.26955852171682	195.98623980843732	194.79282020138083	195.74950772914502	193.7213715049148	190.49721808811648	122.23906438726135	194.3952279310103	194.3961368636471	185.786947023709	188.71279702634837	194.79282020138083	194.8643182553018	195.05119146087532	193.3874149093099	189.91608295334265	122.0836832892245	194.06578763909056	194.06601987823782	183.21258568984072	190.90848445132838	195.74950772914502	195.05119146087532	200.55985807553978	193.84243046600923	190.28411873989722	131.14338855502396	194.42225811725203	194.42821622168674	184.38152911139568	187.23646661934973	193.7213715049148	193.3874149093099	193.84243046600923	192.88971879713813	188.64718735775514	122.15039843393625	192.95525717750706	192.95605625528856	181.59450376367857	183.45758236002786	190.49721808811648	189.91608295334265	190.28411873989722	188.64718735775514	187.39611761386118	122.01912945292224	189.29743643265783	189.29864893942454	130.61695979459287	123.99415244576763	122.23906438726135	122.0836832892245	131.14338855502396	122.15039843393625	122.01912945292224	238.56482267222424	122.30257525340348	122.28156323803185	185.05299077049165	188.00577753044607	194.3952279310103	194.06578763909056	194.42225811725203	192.95525717750706	189.29743643265783	122.30257525340348	193.643744876171	193.63326225915122	185.06090230357515	188.0068726802085	194.3961368636471	194.06601987823782	194.42821622168674	192.95605625528856	189.29864893942454	122.28156323803185	193.63326225915122	193.64357575269037
202.4746680215341	203.28826521420223	202.51964119887523	206.9579124161503	201.51197979551674	192.4806013978402	199.5806136782796	130.37522893473675	202.23737072701266	202.11491098080737	203.28826521420223	210.63563328665703	205.46276172665742	209.7050566897662	206.53401200794175	193.53555979848687	200.94983298156833	125.29017337516953	205.2144520818892	204.68418736108123	202.51964119887523	205.46276172665742	207.06727238948508	208.92072733975968	205.6404928390313	195.76257334425097	202.43056896010393	127.1938402076119	205.6413948366489	205.39684113020277	206.9579124161503	209.7050566897662	208.92072733975968	215.77503205348813	209.69619279489137	199.35404185572756	206.70569425751586	124.52946241085709	210.263915253529	208.81467114284828	201.51197979551674	206.53401200794175	205.6404928390313	209.69619279489137	208.591495016139	195.946427295878	202.23521547426807	132.89600809669008	204.82394301414269	204.76931804345665	192.4806013978402	193.53555979848687	195.76257334425097	199.35404185572756	195.946427295878	194.28617764234187	192.08878927329752	125.17129525132769	196.02545376051674	195.29057959794645	199.5806136782796	200.94983298156833	202.43056896010393	206.70569425751586	202.23521547426807	192.08878927329752	201.9775258032514	123.78069647719947	201.77686334232516	201.30642041266225	130.37522893473675	125.29017337516953	127.1938402076119	124.52946241085709	132.89600809669008	125.17129525132769	123.78069647719947	233.88862759979904	129.14693342604238	127.5093461036104	202.23737072701266	205.2144520818892	205.6413948366489	210.263915253529	204.82394301414269	196.02545376051674	201.77686334232516	129.14693342604238	207.46676465917025	205.15972187529303	202.11491098080737	204.68418736108123	205.39684113020277	208.81467114284828	204.76931804345665	195.29057959794645	201.30642041266225	127.5093461036104	205.15972187529303	205.03266338138621
194.03271424979204	194.0954330907818	194.90114357396988	197.2588596834106	193.15024122129955	188.0941814713941	191.34971333014644	131.46478980639904	194.18803556242864	194.19332432790137	194.0954330907818	197.5840307116272	197.3989838182436	199.34385521437588	196.99622347236433	190.063625900438	192.97066240759543	127.46790992145996	196.56254152244307	196.56331797281794	194.90114357396988	197.3989838182436	199.44561297355028	200.086333966256	197.97502513556952	191.47579033838312	194.7009265534771	127.66140318533529	197.67880170662312	197.68211485404817	197.2588596834106	199.34385521437588	200.086333966256	203.54663718274844	200.0904386823901	193.3261507161681	196.7482401462997	125.82295200999896	199.57115430785845	199.57186059292846	193.15024122129955	196.99622347236433	197.97502513556952	200.0904386823901	200.27505389581097	191.48663658016054	194.14587051787217	135.71914624061907	196.85323601566478	196.8604963127311	188.0941814713941	190.063625900438	191.47579033838312	193.3261507161681	191.48663658016054	189.69091437659822	187.3195555209898	126.02638219070379	190.6539367300813	190.65574342870437	191.34971333014644	192.97066240759543	194.7009265534771	196.7482401462997	194.14587051787217	187.3195555209898	192.95650077647466	125.56540906316194	193.40276902363524	193.40079379586697	131.46478980639904	127.46790992145996	127.66140318533529	125.82295200999896	135.71914624061907	126.02638219070379	125.56540906316194	229.69690007257373	127.9001347562451	127.86798318617123	194.18803556242864	196.56254152244307	197.67880170662312	199.57115430785845	196.85323601566478	190.6539367300813	193.40276902363524	127.9001347562451	196.94409149192654	196.93896454240675	194.19332432790137	196.56331797281794	197.68211485404817	199.57186059292846	196.8604963127311	190.65574342870437	193.40079379586697	127.86798318617123	196.93896454240675	196.95928226208375
206.85483460999387	208.12196881778158	206.82615362555572	211.06439620912167	205.17045601873065	193.14411743642773	203.45896466338252	130.47354831076484	206.24770354859376	206.6103693863707	208.12196881778158	216.79756363455635	209.89340534316	215.19617339546465	211.22007203762277	194.44239323152112	205.47108332060168	128.44870693730684	210.56725189244034	209.14233560927576	206.82615362555572	209.89340534316	210.29841613504016	212.63873016567527	208.4395406939616	195.67561713393536	205.71754633733346	128.88867745059196	208.96287283295501	208.87680489271443	211.06439620912167	215.19617339546465	212.63873016567527	222.77247023016093	213.012343922101	201.37997418027305	211.14529550042067	129.561695326201	218.686819114362	212.3437327525025	205.17045601873065	211.22007203762277	208.4395406939616	213.012343922101	212.63743208856766	195.79365876287977	205.46974440227123	136.3995905245299	206.8957505949862	207.54515912789483	193.14411743642773	194.44239323152112	195.67561713393536	201.37997418027305	195.79365876287977	194.93284803627205	192.60942406984952	128.35105129682933	198.75942017928668	195.12961538794264	203.45896466338252	205.47108332060168	205.71754633733346	211.14529550042067	205.46974440227123	192.60942406984952	205.68331884017164	126.07722858224172	206.13122972977027	204.6494092745673	130.47354831076484	128.44870693730684	128.88867745059196	129.561695326201	136.3995905245299	128.35105129682933	126.07722858224172	241.0243496586407	135.96354318228043	128.66545956367878	206.24770354859376	210.56725189244034	208.96287283295501	218.686819114362	206.8957505949862	198.75942017928668	206.13122972977027	135.96354318228043	218.70538366305627	208.2567581829204	206.6103693863707	209.14233560927576	208.87680489271443	212.3437327525025	207.54515912789483	195.12961538794264	204.6494092745673	128.66545956367878	208.2567581829204	208.69071238774455
196.69851629283977	197.7020174272966	197.47951811192502	203.52998885206185	197.10528428091698	193.31761472447596	195.23723396500256	130.08801500616798	199.98521692319542	196.58443903448685	197.7020174272966	208.86457426444184	199.99277297929407	208.14509610965854	204.21321744597762	194.2451067293113	196.91607844328746	129.91089769210606	204.46695373326554	197.8136924358172	197.47951811192502	199.99277297929407	200.6207079124204	204.79699648005155	199.72046547334	194.79403089034128	197.40585227077068	130.35805948593867	202.0015886058343	197.9512816780705	203.52998885206185	208.14509610965854	204.79699648005155	217.24602975125674	206.53087262308185	201.1748241359191	204.2718570800346	131.27510863534658	214.0717230333795	203.8022418351832	197.10528428091698	204.21321744597762	199.72046547334	206.53087262308185	206.1191500617214	194.81736075422126	198.0270776059073	139.2916580439433	200.6682041147106	197.6400534863421	193.31761472447596	194.2451067293113	194.79403089034128	201.1748241359191	194.81736075422126	193.86707303095974	192.60209524677663	129.76032100473992	198.2200372628798	193.79727692615944	195.23723396500256	196.91607844328746	197.40585227077068	204.2718570800346	198.0270776059073	192.60209524677663	197.78423743563263	127.84734864222159	200.3243875420695	195.54473998789533	130.08801500616798	129.91089769210606	130.35805948593867	131.27510863534658	139.2916580439433	129.76032100473992	127.84734864222159	241.96286640375396	137.86291387212472	129.60854545927685	199.98521692319542	204.46695373326554	202.0015886058343	214.0717230333795	200.6682041147106	198.2200372628798	200.3243875420695	137.86291387212472	215.00876052899187	200.43283233809123	196.58443903448685	197.8136924358172	197.9512816780705	203.8022418351832	197.6400534863421	193.79727692615944	195.54473998789533	129.60854545927685	200.43283233809123	197.06562000574354
174.62262680856094	172.85635273254974	174.12322560338663	176.13310098954724	176.49270527921126	172.58194988604703	172.39234555820335	155.72448009275575	173.2043252688719	173.20075819775653	172.85635273254974	180.58571845781066	174.47189421398627	176.32989453221305	182.03004412393543	171.66806981870428	171.51406710997165	154.16947662697322	172.4151595422455	172.40529370256178	174.12322560338663	174.47189421398627	177.5648623654874	176.92325231331677	180.0590214570857	174.43699237063208	174.35063767849533	156.21530675834043	175.03400712302852	175.03025425284505	176.13310098954724	176.32989453221305	176.92325231331677	180.5377269854427	182.2783198780381	175.76240933533768	175.76454073209183	156.05025690783856	176.36200066743936	176.35340436833624	176.49270527921126	182.03004412393543	180.0590214570857	182.2783198780381	188.93608518241666	177.51310269328184	177.72187498271074	162.16633022360912	178.0414971486627	178.04213677958808	172.58194988604703	171.66806981870428	174.43699237063208	175.76240933533768	177.51310269328184	173.58163385617797	172.40117822957478	154.99600065373875	173.4662881237369	173.46090053747366	172.39234555820335	171.51406710997165	174.35063767849533	175.76454073209183	177.72187498271074	172.40117822957478	173.51186620922346	154.39649553419426	172.98562961678212	172.9787994682505	155.72448009275575	154.16947662697322	156.21530675834043	156.05025690783856	162.16633022360912	154.99600065373875	154.39649553419426	186.39462370328224	155.41789827780366	155.4052764986534	173.2043252688719	172.4151595422455	175.03400712302852	176.36200066743936	178.0414971486627	173.4662881237369	172.98562961678212	155.41789827780366	174.0761884387805	174.06283313963914	173.20075819775653	172.40529370256178	175.03025425284505	176.35340436833624	178.04213677958808	173.46090053747366	172.9787994682505	155.4052764986534	174.06283313963914	174.07182530760272
190.32127295407633	189.01583923893224	190.9977585190677	193.54574155754847	189.68304719663348	187.89673308447362	188.34664729490277	129.7195937103188	189.94255105872702	189.94612742781294	189.01583923893224	198.32588614895178	194.3805516256884	196.1149141598821	198.48003953518725	189.78906067107798	189.9468116205901	124.94583983855875	192.1553170837567	192.15205339413623	190.9977585190677	194.3805516256884	201.0323256704607	200.07483454881364	201.02736251820028	196.37728684244433	196.10851220659677	122.95549610576995	198.34226581584952	198.34245628312237	193.54574155754847	196.1149141598821	200.07483454881364	203.26553958192443	202.0477959277265	197.27431610509524	197.21031549608324	121.86787510719309	199.28071578538697	199.27769178227078	189.68304719663348	198.48003953518725	201.02736251820028	202.0477959277265	207.81716481017565	197.06816284009105	196.78592300641884	132.62722721088952	198.76794503502867	198.77104567052316	187.89673308447362	189.78906067107798	196.37728684244433	197.27431610509524	197.06816284009105	195.1872444559044	192.48874937914036	122.20003376036927	195.2935206196442	195.29248778357228	188.34664729490277	189.9468116205901	196.10851220659677	197.21031549608324	196.78592300641884	192.48874937914036	194.12256424120855	122.11977475170711	194.40193765183207	194.39973368424288	129.7195937103188	124.94583983855875	122.95549610576995	121.86787510719309	132.62722721088952	122.20003376036927	122.11977475170711	239.6380790082506	122.60952702856173	122.59022502061705	189.94255105872702	192.1553170837567	198.34226581584952	199.28071578538697	198.76794503502867	195.2935206196442	194.40193765183207	122.60952702856173	197.282839915813	197.27335671198523	189.94612742781294	192.15205339413623	198.34245628312237	199.27769178227078	198.77104567052316	195.29248778357228	194.39973368424288	122.59022502061705	197.27335671198523	197.28493871398288
