164.83839632941655	164.48155451879165	165.17395350110854	165.83531957860916	167.599702179372	163.10638157420505	163.1763803576079	158.76275183628636	164.7162478560626	164.69293449221738	164.48155451879165	164.54891057020495	164.9228878053986	165.54467500351913	167.5052888675602	162.81142376975131	162.8648459212266	158.4324548246645	164.44757760421314	164.42300909912018	165.17395350110854	164.9228878053986	166.29486581952125	165.9665253408227	168.19376511029202	163.5502128283768	163.75430130508988	159.09868559034373	165.14605775656563	165.1240745902809	165.83531957860916	165.54467500351913	165.9665253408227	167.78492562783472	169.452777443493	164.18166394641958	164.45768727078445	159.12088337601799	165.78093536594005	165.75332281731372	167.599702179372	167.5052888675602	168.19376511029202	169.452777443493	172.0404386718567	166.18829934890528	166.42166145891053	162.28593684064177	167.6096580980566	167.5956745620624	163.10638157420505	162.81142376975131	163.5502128283768	164.18166394641958	166.18829934890528	163.11800896598788	161.5212948126129	157.17708749709936	163.0744382213622	163.0506890936587	163.1763803576079	162.8648459212266	163.75430130508988	164.45768727078445	166.42166145891053	161.5212948126129	162.79723056746897	157.06802995595314	163.13121823246271	163.1036010507339	158.76275183628636	158.4324548246645	159.09868559034373	159.12088337601799	162.28593684064177	157.17708749709936	157.06802995595314	166.74172799882876	158.70752346263663	158.67755932704844	164.7162478560626	164.44757760421314	165.14605775656563	165.78093536594005	167.6096580980566	163.0744382213622	163.13121823246271	158.70752346263663	164.69353769998324	164.6628680636276	164.69293449221738	164.42300909912018	165.1240745902809	165.75332281731372	167.5956745620624	163.0506890936587	163.1036010507339	158.67755932704844	164.6628680636276	164.66392111461366
166.51074534998367	166.48718221719525	167.43520182449583	167.08643648283407	169.083086801973	159.8291801710905	165.86204553227398	166.3242709382912	166.5299825028575	165.70098944260394	166.48718221719525	166.48633398530495	167.42559619175537	167.07225954221192	169.08204257747326	159.8139695412791	165.85032603277367	166.31354565569376	166.5195549493501	165.68802836696926	167.43520182449583	167.42559619175537	169.72597859715225	167.5050877138145	170.32293881901563	160.93025692616038	166.9430113158221	167.2562136142223	167.47829260491628	166.78405642490148	167.08643648283407	167.07225954221192	167.5050877138145	168.51743367755242	170.24329276777837	160.44644131052445	166.5048829673871	166.8942304458385	167.1467256076043	166.24468931398056	169.083086801973	169.08204257747326	170.32293881901563	170.24329276777837	173.09138403627574	163.2166842534444	168.60272296863627	168.9340048838151	169.10073199399795	168.58860546965877	159.8291801710905	159.8139695412791	160.93025692616038	160.44644131052445	163.2166842534444	160.02953281659492	159.19439088041253	159.66212071595655	159.88063394575468	159.07956727581944	165.86204553227398	165.85032603277367	166.9430113158221	166.5048829673871	168.60272296863627	159.19439088041253	165.76966148216832	165.68671342835452	165.8949053495702	165.01662439112826	166.3242709382912	166.31354565569376	167.2562136142223	166.8942304458385	168.9340048838151	159.66212071595655	165.68671342835452	166.53129153585024	166.35694509650185	165.52065862845086	166.5299825028575	166.5195549493501	167.47829260491628	167.1467256076043	169.10073199399795	159.88063394575468	165.8949053495702	166.35694509650185	166.6352240390478	165.73643820550893	165.70098944260394	165.68802836696926	166.78405642490148	166.24468931398056	168.58860546965877	159.07956727581944	165.01662439112826	165.52065862845086	165.73643820550893	165.69539941108604
155.9169173247126	155.8628364879709	156.24907211391195	156.0784819340115	156.13467995443568	152.66208351090998	155.78524702959783	152.05208013334658	156.7580382520151	155.31864420808895	155.8628364879709	155.83813568022717	156.2034656019747	156.02875709764982	156.08998859029631	152.6111093981285	155.73924828820574	152.00013186692175	156.71650456024966	155.27078171576417	156.24907211391195	156.2034656019747	157.02049809561527	156.26982136496716	156.4830999909063	153.01004078260445	156.13060789781963	152.31910010824723	157.16526075621405	155.67411550236076	156.0784819340115	156.02875709764982	156.26982136496716	156.75954528650539	156.3346061998753	152.79509328104515	155.95672042683148	151.89729715243752	157.23471508068448	155.46250593695143	156.13467995443568	156.08998859029631	156.4830999909063	156.3346061998753	156.4678150150422	152.91108787331294	156.01282590998792	152.3105749899891	156.96234380469622	155.5538520883547	152.66208351090998	152.6111093981285	153.01004078260445	152.79509328104515	152.91108787331294	152.0755076447588	152.534356670955	148.8009088537717	153.63776265353715	152.05494035508633	155.78524702959783	155.73924828820574	156.13060789781963	155.95672042683148	156.01282590998792	152.534356670955	155.71906793360193	151.92149476113002	156.63895035196668	155.1908980065647	152.05208013334658	152.00013186692175	152.31910010824723	151.89729715243752	152.3105749899891	148.8009088537717	151.92149476113002	155.42863143397867	153.0970190641723	151.39021670035294	156.7580382520151	156.71650456024966	157.16526075621405	157.23471508068448	156.96234380469622	153.63776265353715	156.63895035196668	153.0970190641723	158.20430907222772	156.20566383710576	155.31864420808895	155.27078171576417	155.67411550236076	155.46250593695143	155.5538520883547	152.05494035508633	155.1908980065647	151.39021670035294	156.20566383710576	155.03846775426229
164.27714389524562	164.21264923783332	166.281959149449	164.48670403628697	168.07314419295454	161.8989664113088	163.9706208871383	164.21358241171512	164.26507759344395	163.96359197912366	164.21264923783332	164.30426628958654	166.2547503289246	164.437218238057	168.10680549833256	161.83720227802962	163.91874630525055	164.16288816956782	164.2144647451935	163.90878119618523	166.281959149449	166.2547503289246	169.50612633415773	166.40982191901497	170.83593018036527	164.0390027465183	166.0981451858649	166.22878136657974	166.28647349855046	166.1034855703662	164.48670403628697	164.437218238057	166.40982191901497	164.8879286076143	168.45992424650217	162.13471321946184	164.2017377967209	164.43577303580838	164.48884684987854	164.18746438291612	168.07314419295454	168.10680549833256	170.83593018036527	168.45992424650217	173.21769855289983	166.11793125945218	167.88070757937652	168.04851360916416	168.08006075822968	168.05192732637724	161.8989664113088	161.83720227802962	164.0390027465183	162.13471321946184	166.11793125945218	162.29116413299676	161.61362952901865	161.85173947061566	161.90162151844393	161.63133052805352	163.9706208871383	163.91874630525055	166.0981451858649	164.2017377967209	167.88070757937652	161.61362952901865	163.96821032950402	163.92094222724026	163.9722330269306	163.65978358981118	164.21358241171512	164.16288816956782	166.22878136657974	164.43577303580838	168.04851360916416	161.85173947061566	163.92094222724026	164.30955816932584	164.21551644009875	163.91250630702888	164.26507759344395	164.2144647451935	166.28647349855046	164.48884684987854	168.08006075822968	161.90162151844393	163.9722330269306	164.21551644009875	164.27668571058751	163.96504891176184	163.96359197912366	163.90878119618523	166.1034855703662	164.18746438291612	168.05192732637724	161.63133052805352	163.65978358981118	163.91250630702888	163.96504891176184	164.1809814006594
165.18325721597847	165.15877731216716	166.7935953071186	165.300051967727	167.08093673987247	159.20834234420434	164.68236550441117	165.04485776247176	165.73098600356138	164.21756147212866	165.15877731216716	165.16612851549223	166.777935540546	165.28183968073907	167.07272483754693	159.18301478000143	164.66370674075648	165.02696436162452	165.71690646497547	164.19613236249302	166.7935953071186	166.777935540546	170.0064891138182	166.76601421843384	169.13562136909889	161.0883536073172	166.46478749203968	166.65047546045014	167.80582657684923	166.05526968981516	165.300051967727	165.28183968073907	166.76601421843384	165.664660191822	167.2784338247429	159.34799022690075	164.81181270769045	165.16572648033505	165.95884665883193	164.3262458904169	167.08093673987247	167.07272483754693	169.13562136909889	167.2784338247429	170.10899424074876	161.60712825952774	166.67504014399583	166.96394681904636	167.3024006859025	166.41307127671035	159.20834234420434	159.18301478000143	161.0883536073172	159.34799022690075	161.60712825952774	159.32490545121928	158.71254379237683	159.08190933304482	160.046520094672	158.30275668762366	164.68236550441117	164.66370674075648	166.46478749203968	164.81181270769045	166.67504014399583	158.71254379237683	164.60996345216145	164.54976288245928	165.25356237753175	163.68222534150254	165.04485776247176	165.02696436162452	166.65047546045014	165.16572648033505	166.96394681904636	159.08190933304482	164.54976288245928	165.2099341384088	165.60936984156092	164.07900098737457	165.73098600356138	165.71690646497547	167.80582657684923	165.95884665883193	167.3024006859025	160.046520094672	165.25356237753175	165.60936984156092	167.20503390046233	164.89910065673251	164.21756147212866	164.19613236249302	166.05526968981516	164.3262458904169	166.41307127671035	158.30275668762366	163.68222534150254	164.07900098737457	164.89910065673251	164.20179560294125
165.19986344686373	165.17110199117704	166.79041993230638	165.21370311883476	167.7220327524109	162.488686338181	164.83638006201528	165.10824855265108	165.1750849798447	162.89181298344872	165.17110199117704	165.18942630477423	166.79197752121655	165.21741753151318	167.7532293982698	162.49044616200683	164.83978391557554	165.11205544411152	165.17909997156832	162.8799543827871	166.79041993230638	166.79197752121655	169.77545391897976	166.8123655167867	170.51695918903096	164.28041736094656	166.58393791358205	166.71948140878035	166.80026933999437	165.33486913346297	165.21370311883476	165.21741753151318	166.8123655167867	165.29471822535245	167.81741144164306	162.5363778736649	164.88413290063679	165.15420327882632	165.2217078649149	162.92469672686607	167.7220327524109	167.7532293982698	170.51695918903096	167.81741144164306	172.2696812851742	165.560010351896	167.4776019431398	167.69862766100636	167.74175235808661	167.26215906791668	162.488686338181	162.49044616200683	164.28041736094656	162.5363778736649	165.560010351896	162.73358700689508	162.1601607013869	162.43153647598518	162.49728223247715	160.4137800655672	164.83638006201528	164.83978391557554	166.58393791358205	164.88413290063679	167.4776019431398	162.1601607013869	164.87965244831213	164.77735267790342	164.84368424324168	162.4514955410388	165.10824855265108	165.11205544411152	166.71948140878035	165.15420327882632	167.69862766100636	162.43153647598518	164.77735267790342	165.2489809872188	165.11621662109152	162.8108616353557	165.1750849798447	165.17909997156832	166.80026933999437	165.2217078649149	167.74175235808661	162.49728223247715	164.84368424324168	165.11621662109152	165.19891600621878	162.88994205265038	162.89181298344872	162.8799543827871	165.33486913346297	162.92469672686607	167.26215906791668	160.4137800655672	162.4514955410388	162.8108616353557	162.88994205265038	164.20020065370844
176.5477751484807	175.98181757673976	176.0666550754983	176.20962020984888	175.9879374956568	162.95609618270373	175.8015898954833	175.60429642849158	175.0275584171175	170.63217760258158	175.98181757673976	176.36648076398293	176.20087325093394	176.5471212010573	176.3766141282246	163.0430912757946	176.16597588275795	175.974125240362	175.6784107404723	170.13655158341177	176.0666550754983	176.20087325093394	179.05011376750664	176.22002397961552	176.2838627856487	164.19086866066516	176.0943228038959	175.76459945663163	177.67820877526884	172.05635592903076	176.20962020984888	176.5471212010573	176.22002397961552	177.18704281685484	176.56615121587257	163.42781917124688	176.3590444863351	176.15508798840682	176.28467073008548	170.36647503533223	175.9879374956568	176.3766141282246	176.2838627856487	176.56615121587257	176.53147143660024	163.15600475726885	176.18375558365486	175.99033690106612	175.67797820506624	170.2800469542849	162.95609618270373	163.0430912757946	164.19086866066516	163.42781917124688	163.15600475726885	162.65204680825377	162.83514498368265	162.70174956133462	164.5595931110037	157.79450861077362	175.8015898954833	176.16597588275795	176.0943228038959	176.3590444863351	176.18375558365486	162.83514498368265	176.23577871371435	175.7794579077241	175.48953090025304	169.81987404586195	175.60429642849158	175.974125240362	175.76459945663163	176.15508798840682	175.99033690106612	162.70174956133462	175.7794579077241	176.59409666043146	175.32985977011015	169.66468022640183	175.0275584171175	175.6784107404723	177.67820877526884	176.28467073008548	175.67797820506624	164.5595931110037	175.48953090025304	175.32985977011015	178.31046905584273	171.69384778284297	170.63217760258158	170.13655158341177	172.05635592903076	170.36647503533223	170.2800469542849	157.79450861077362	169.81987404586195	169.66468022640183	171.69384778284297	169.60090253573674
176.38862070814594	176.38448914861752	177.89633739283812	176.69921944252488	177.69097160696845	165.20436306080106	176.1372777455176	168.28568278337207	175.99988454101276	173.87140021508606	176.38448914861752	176.41071221771722	177.90216881566096	176.70172076427983	177.70450467552286	165.19724140613937	176.1395627774634	168.28529863021112	176.00493850654257	173.86652882459848	177.89633739283812	177.90216881566096	182.07740296686762	178.0427568188887	180.33484163830704	168.0479780501336	177.7893450392968	169.2023410580843	178.5651500088026	177.01038269998736	176.69921944252488	176.70172076427983	178.0427568188887	177.44311904729022	178.12555697333832	165.68592351548153	176.4642712338456	168.47746698605462	176.61902051799532	174.21973801120464	177.69097160696845	177.70450467552286	180.33484163830704	178.12555697333832	181.98741650032633	168.40734104954154	177.53998277817254	170.45275806609598	176.56318462130616	177.0805498234646	165.20436306080106	165.19724140613937	168.0479780501336	165.68592351548153	168.40734104954154	166.41005831519377	164.99004916225434	158.26971796651466	165.87097676717997	163.94538034459268	176.1372777455176	176.1395627774634	177.7893450392968	176.4642712338456	177.53998277817254	164.99004916225434	176.20046093974548	168.0473030473565	175.76034771439922	173.56637754593504	168.28568278337207	168.28529863021112	169.2023410580843	168.47746698605462	170.45275806609598	158.26971796651466	168.0473030473565	180.72964922530292	168.6529983765822	164.88744332611205	175.99988454101276	176.00493850654257	178.5651500088026	176.61902051799532	176.56318462130616	165.87097676717997	175.76034771439922	168.6529983765822	177.9191728834999	174.18409028079827	173.87140021508606	173.86652882459848	177.01038269998736	174.21973801120464	177.0805498234646	163.94538034459268	173.56637754593504	164.88744332611205	174.18409028079827	175.56919188241233
167.1657810475158	166.40814061189764	167.77437432965627	166.6584918085862	167.48028274519544	165.03638366718684	165.6534313165997	153.46278140841017	166.41391193905355	165.46743738561074	166.40814061189764	166.7576613320984	168.03830477045838	166.95758744062312	168.44517143691337	165.34089061769924	165.9425782574674	152.56609038267712	166.74926891876936	165.56431280388333	167.77437432965627	168.03830477045838	170.16544679244006	168.21009982388787	170.11840115901597	166.66673581492685	167.3774437655167	152.97028284955002	168.04793640234692	167.10192811903548	166.6584918085862	166.95758744062312	168.21009982388787	167.30083386402276	168.7231066380309	165.56150834219574	166.17562329656823	152.5886870494338	166.96723964062403	165.79354990771287	167.48028274519544	168.44517143691337	170.11840115901597	168.7231066380309	171.8060753894108	167.20713384382026	167.7118831497438	156.43392108163374	168.44617162458022	167.71410360633567	165.03638366718684	165.34089061769924	166.66673581492685	165.56150834219574	167.20713384382026	165.31264884915927	164.54557677247513	151.40637587005753	165.35159691394819	164.19395111112104	165.6534313165997	165.9425782574674	167.3774437655167	166.17562329656823	167.7118831497438	164.54557677247513	165.753248630572	151.94547193907218	165.9520897991282	164.66544109668368	153.46278140841017	152.56609038267712	152.97028284955002	152.5886870494338	156.43392108163374	151.40637587005753	151.94547193907218	177.87511674714725	152.58333310677446	150.6640379860443	166.41391193905355	166.74926891876936	168.04793640234692	166.96723964062403	168.44617162458022	165.35159691394819	165.9520897991282	152.58333310677446	166.76623524373917	165.57609203025066	165.46743738561074	165.56431280388333	167.10192811903548	165.79354990771287	167.71410360633567	164.19395111112104	164.66544109668368	150.6640379860443	165.57609203025066	166.10578842371115
160.89848052966	160.86502946907365	162.57377372622804	160.98704074949524	164.50279634722867	160.6107107968134	160.4567045000348	160.38798304722624	160.90294282811638	160.79090629164423	160.86502946907365	160.88335814054136	162.55282990814825	160.9604473938066	164.50273724869874	160.58354336624328	160.42912766257933	160.36096578949636	160.8770845192207	160.76367882624692	162.57377372622804	162.55282990814825	165.19077881509727	162.64142750028208	166.6530223077528	162.3034094408373	162.24415132728527	162.04108779128495	162.69915922354355	162.49860750775156	160.98704074949524	160.9604473938066	162.64142750028208	161.15160786089143	164.65304561401243	160.70657502391663	160.55607550590173	160.4795579912763	161.01265446688197	160.88629696738963	164.50279634722867	164.50273724869874	166.6530223077528	164.65304561401243	169.3176360214178	164.26483367485514	164.16555426634835	164.1279104725304	164.1789567776364	164.47144431824793	160.6107107968134	160.58354336624328	162.3034094408373	160.70657502391663	164.26483367485514	160.64174169502311	160.1760012967202	160.1093582535298	160.62567483629726	160.51062771947923	160.4567045000348	160.42912766257933	162.24415132728527	160.55607550590173	164.16555426634835	160.1760012967202	160.3717870915454	159.9545676556821	160.45922574888053	160.3509038983516	160.38798304722624	160.36096578949636	162.04108779128495	160.4795579912763	164.1279104725304	160.1093582535298	159.9545676556821	161.34804929521323	160.41682223411405	160.28442733221263	160.90294282811638	160.8770845192207	162.69915922354355	161.01265446688197	164.1789567776364	160.62567483629726	160.45922574888053	160.41682223411405	161.36554052351065	160.80515759215686	160.79090629164423	160.76367882624692	162.49860750775156	160.88629696738963	164.47144431824793	160.51062771947923	160.3509038983516	160.28442733221263	160.80515759215686	160.83424602403008
170.63797307644273	170.0015308221823	171.92576051040777	170.1250253835079	170.19338795260163	168.88867115355993	169.57299156320687	146.19078282777733	170.03153257542368	168.91000572829364	170.0015308221823	171.92555103992868	173.65598287745982	171.96957205471037	173.34321151094866	170.6918713827279	171.38523100201706	143.2127966657814	171.89547610429344	170.02589118998048	171.92576051040777	173.65598287745982	176.39995445369138	173.76083666388817	175.5449253952157	172.52403270926794	173.27306701319452	143.00888141478748	173.69989585423897	172.35936567506198	170.1250253835079	171.96957205471037	173.76083666388817	172.12892530783552	173.4601337566276	170.81884669619586	171.511673491442	143.22132115585538	172.01889807454086	170.17043873544114	170.19338795260163	173.34321151094866	175.5449253952157	173.4601337566276	177.1595598540604	172.31526580436278	172.89109885664976	147.78726612252314	173.37177674745132	172.07349638629242	168.88867115355993	170.6918713827279	172.52403270926794	170.81884669619586	172.31526580436278	170.63398245292808	170.23623827131854	142.48448554157366	170.7447012421244	168.92999476105098	169.57299156320687	171.38523100201706	173.27306701319452	171.511673491442	172.89109885664976	170.23623827131854	171.29125942355174	143.029842735825	171.43521396271666	169.48294949864933	146.19078282777733	143.2127966657814	143.00888141478748	143.22132115585538	147.78726612252314	142.48448554157366	143.029842735825	198.55770552322753	143.24694125401894	139.89788424561453	170.03153257542368	171.89547610429344	173.69989585423897	172.01889807454086	173.37177674745132	170.7447012421244	171.43521396271666	143.24694125401894	171.95141202010026	170.08700175143068	168.91000572829364	170.02589118998048	172.35936567506198	170.17043873544114	172.07349638629242	168.92999476105098	169.48294949864933	139.89788424561453	170.08700175143068	171.23845158987416
166.60169525730007	166.5913563688503	168.17832054042813	166.67525118612818	169.2997175884193	162.2304037577049	166.32700593205186	165.44050244333445	166.57105660415516	165.14161485313204	166.5913563688503	166.6061142055811	168.17999642048244	166.67505344482254	169.31477094482892	162.22835661599032	166.3266526777626	165.4398712884046	166.5709512468067	165.1380966266123	168.17832054042813	168.17999642048244	170.86404788876922	168.23946792897164	171.78004991540897	164.0725149832716	167.99146612409652	166.9513745781701	168.17743628654264	167.23736150853603	166.67525118612818	166.67505344482254	168.23946792897164	166.81487503544724	169.44602753526698	162.324178286587	166.41323066763238	165.51756053464166	166.65653528644344	165.23055527706703	169.2997175884193	169.31477094482892	171.78004991540897	169.44602753526698	173.79995522056296	165.7730237474158	169.09455276177673	168.48867809194525	169.2237433121538	169.07568588907452	162.2304037577049	162.22835661599032	164.0725149832716	162.324178286587	165.7730237474158	162.80154290333314	161.97155334423988	161.18365281672195	162.21641056782713	161.05121524285616	166.32700593205186	166.3266526777626	167.99146612409652	166.41323066763238	169.09455276177673	161.97155334423988	166.31872274683542	165.182147696015	166.30506400497856	164.8293192870727	165.44050244333445	165.4398712884046	166.9513745781701	165.51756053464166	168.48867809194525	161.18365281672195	165.182147696015	167.78758735060723	165.4252341082127	163.9270819161093	166.57105660415516	166.5709512468067	168.17743628654264	166.65653528644344	169.2237433121538	162.21641056782713	166.30506400497856	165.4252341082127	166.63213453568846	165.12177053144333	165.14161485313204	165.1380966266123	167.23736150853603	165.23055527706703	169.07568588907452	161.05121524285616	164.8293192870727	163.9270819161093	165.12177053144333	166.03603832022932
182.90362200343887	183.58918876959484	187.88444237654608	183.7961711840237	183.610303895592	180.27218957666486	183.3324454110367	132.07324128524016	183.7527006922177	183.88767360347134	183.58918876959484	188.8318476181679	192.5903430082692	188.64587779998453	190.37095991212348	184.796467807331	188.10191822183836	125.3871236029566	188.6129720652929	187.28310572510253	187.88444237654608	192.5903430082692	198.70448962698447	192.86480887725003	195.34298338079583	189.2056928575492	192.47384643069682	122.73409554354677	192.84159732062975	193.098418773083	183.7961711840237	188.64587779998453	192.86480887725003	189.02042077426447	190.59579684349902	185.20716866290147	188.46187489926263	125.31383538319976	188.97304401403068	187.7176727657489	183.610303895592	190.37095991212348	195.34298338079583	190.59579684349902	195.6081617245257	187.30071058158364	190.10417290988698	130.55313194762525	190.55927698955935	190.28519815571332	180.27218957666486	184.796467807331	189.2056928575492	185.20716866290147	187.30071058158364	184.56409142866386	184.67669107019756	124.00969689414379	185.17547023692296	184.17362000937356	183.3324454110367	188.10191822183836	192.47384643069682	188.46187489926263	190.10417290988698	184.67669107019756	188.31539849705217	125.29981901431343	188.4287471456856	187.08149581377168	132.07324128524016	125.3871236029566	122.73409554354677	125.31383538319976	130.55313194762525	124.00969689414379	125.29981901431343	237.43117711088917	125.34389943588594	119.47998597818298	183.7527006922177	188.6129720652929	192.84159732062975	188.97304401403068	190.55927698955935	185.17547023692296	188.4287471456856	125.34389943588594	188.9485033362483	187.68049049897402	183.88767360347134	187.28310572510253	193.098418773083	187.7176727657489	190.28519815571332	184.17362000937356	187.08149581377168	119.47998597818298	187.68049049897402	191.47602595415333
167.61593472887165	167.4546080926021	169.47895045850004	167.7395363368928	169.8809302308049	165.334462286339	167.29148872450187	157.16872951574254	167.56938579162033	166.69387379943365	167.4546080926021	167.73050627426414	169.46189368181763	167.67380323041832	170.06327728914573	165.24610057329872	167.22109249428541	157.0931000838844	167.50182223590383	166.58959979195404	169.47895045850004	169.46189368181763	172.5098617888473	169.66432894775994	172.69421816007176	167.4019483704815	169.32466798311472	158.43541499057997	169.52958438021616	169.04320365481547	167.7395363368928	167.67380323041832	169.66432894775994	168.04556299533633	170.2576574401608	165.56009026379283	167.51249854320235	157.24932568754963	167.7872536976095	166.91134057401703	169.8809302308049	170.06327728914573	172.69421816007176	170.2576574401608	174.39910921570873	168.21087610860684	169.78679786038444	162.77247005911116	170.00255406816387	170.02640388441378	165.334462286339	165.24610057329872	167.4019483704815	165.56009026379283	168.21087610860684	165.57578279494027	165.1100918111311	155.44305795752194	165.38466477449796	164.60349732840774	167.29148872450187	167.22109249428541	169.32466798311472	167.51249854320235	169.78679786038444	165.1100918111311	167.31125227433188	156.9538703435828	167.3392247752003	166.41665468126837	157.16872951574254	157.0931000838844	158.43541499057997	157.24932568754963	162.77247005911116	155.44305795752194	156.9538703435828	179.91956813185044	157.17231109071773	155.85732991206086	167.56938579162033	167.50182223590383	169.52958438021616	167.7872536976095	170.00255406816387	165.38466477449796	167.3392247752003	157.17231109071773	167.62399812499993	166.7312361979813	166.69387379943365	166.58959979195404	169.04320365481547	166.91134057401703	170.02640388441378	164.60349732840774	166.41665468126837	155.85732991206086	166.7312361979813	167.70880258575545
170.72891324444817	169.65734746275962	172.66622801410122	170.80306264533735	171.7264611943746	168.882012884141	170.25732319668955	149.81760155131303	170.43788229159352	170.05482571374932	169.65734746275962	171.17370746149567	172.5528084672452	170.40608738528212	172.75142430204332	168.38203168388748	169.8390409738757	148.6715060692325	170.03446283393137	169.47656710107907	172.66622801410122	172.5528084672452	176.55328940267296	173.4130860710464	175.66160192786487	171.6301707308077	173.00858418541537	150.15350580631545	173.1444003809969	172.95046804407528	170.80306264533735	170.40608738528212	173.4130860710464	171.7851376128939	173.1728180504998	169.71066487987127	171.08112618235162	149.37145157097152	171.2643106245252	170.8238422375161	171.7264611943746	172.75142430204332	175.66160192786487	173.1728180504998	177.16268607025702	171.39828150717102	172.56039880508695	156.07899128661373	172.70566298994743	172.69037549513092	168.882012884141	168.38203168388748	171.6301707308077	169.71066487987127	171.39828150717102	169.43205815879008	169.1788114234538	148.36998965166123	169.3640759312375	168.95407324924287	170.25732319668955	169.8390409738757	173.00858418541537	171.08112618235162	172.56039880508695	169.1788114234538	170.71213490207452	149.23957247026166	170.73287199460975	170.26787114565835	149.81760155131303	148.6715060692325	150.15350580631545	149.37145157097152	156.07899128661373	148.36998965166123	149.23957247026166	191.0381554849137	149.37525516871654	148.25434714437375	170.43788229159352	170.03446283393137	173.1444003809969	171.2643106245252	172.70566298994743	169.3640759312375	170.73287199460975	149.37525516871654	170.92604246377195	170.47002400692568	170.05482571374932	169.47656710107907	172.95046804407528	170.8238422375161	172.69037549513092	168.95407324924287	170.26787114565835	148.25434714437375	170.47002400692568	171.21450006152102
166.74747740264183	166.7285851622589	168.18061190420542	166.94073709845543	169.2970298069946	160.61710186642273	166.440190639835	166.4137936837946	166.73770613856425	165.5778571661636	166.7285851622589	166.73407076573227	168.1758333254574	166.9351971199532	169.3057619246896	160.60881080919188	166.43502436270646	166.40866681038096	166.73303867607692	165.56933920190417	168.18061190420542	168.1758333254574	170.80768799425428	168.2574275515909	171.43787606832478	162.3011390540822	167.97433399234467	167.8351009729421	168.198616096042	167.29784476954055	166.94073709845543	166.9351971199532	168.2574275515909	167.366927651918	169.6769928414736	160.84369197046382	166.6548795370092	166.61291744096889	166.9489512998471	165.77524159790514	169.2970298069946	169.3057619246896	171.43787606832478	169.6769928414736	173.27835477030203	164.07155006717335	169.0768133972689	169.04720226274793	169.28560743240575	168.78087100843706	160.61710186642273	160.60881080919188	162.3011390540822	160.84369197046382	164.07155006717335	161.07141994253868	160.32866948007566	160.31859141910115	160.63037986817935	159.59614224397174	166.440190639835	166.43502436270646	167.97433399234467	166.6548795370092	169.0768133972689	160.32866948007566	166.41495256170947	166.12050578869852	166.44409624375285	165.2498782562945	166.4137936837946	166.40866681038096	167.8351009729421	166.61291744096889	169.04720226274793	160.31859141910115	166.12050578869852	166.90862917913213	166.41889595816315	165.23879194761997	166.73770613856425	166.73303867607692	168.198616096042	166.9489512998471	169.28560743240575	160.63037986817935	166.44409624375285	166.41889595816315	166.7875504063137	165.58421520656296	165.5778571661636	165.56933920190417	167.29784476954055	165.77524159790514	168.78087100843706	159.59614224397174	165.2498782562945	165.23879194761997	165.58421520656296	165.78181462545268
188.29841991413932	188.30479099802253	192.85534585460164	188.35705300698424	187.48899874471067	180.74390248547635	188.09595170029078	136.15053399537513	188.2087738911676	188.63385598221618	188.30479099802253	188.34331950870813	192.88388993111977	188.38435073508793	187.52715636796705	180.76376925335006	188.12286573031872	136.09503323104556	188.23634432258805	188.65533528493253	192.85534585460164	192.88388993111977	199.26443857721097	192.92199492685808	192.66076057248222	185.47259370543398	192.7709163845979	133.67881901198461	192.81836914080816	193.9719215749627	188.35705300698424	188.38435073508793	192.92199492685808	188.45805807980113	187.58137781065506	180.81755351181482	188.1755333466796	136.0589636223656	188.28906283384933	188.70970449018233	187.48899874471067	187.52715636796705	192.66076057248222	187.58137781065506	188.64511171589373	181.00939420190463	187.3682041257881	142.88545230854245	187.40669477352645	188.499521165646	180.74390248547635	180.76376925335006	185.47259370543398	180.81755351181482	181.00939420190463	180.04888971210903	180.56283343389296	131.278069059776	180.70161911868087	181.16914626845323	188.09595170029078	188.12286573031872	192.7709163845979	188.1755333466796	187.3682041257881	180.56283343389296	188.1414280288163	135.87345800821174	188.02723052428163	188.4133984648214	136.15053399537513	136.09503323104556	133.67881901198461	136.0589636223656	142.88545230854245	131.278069059776	135.87345800821174	213.72945388943953	136.29725639828476	131.23471403333593	188.2087738911676	188.23634432258805	192.81836914080816	188.28906283384933	187.40669477352645	180.70161911868087	188.02723052428163	136.29725639828476	188.2260931034077	188.56998811683684	188.63385598221618	188.65533528493253	193.9719215749627	188.70970449018233	188.499521165646	181.16914626845323	188.4133984648214	131.23471403333593	188.56998811683684	191.23701797631068
180.62722465505308	178.87098893226812	185.28216260306021	182.01519784523043	180.82038035864284	180.29348244472493	181.90408975985972	130.89991046941014	181.91397288052124	182.00789591707343	178.87098893226812	187.0573281344727	188.10553031786657	184.14663087762446	187.9069138250715	182.10254044371325	184.03682582224283	128.60815078564366	184.05049690316793	181.2036553136713	185.28216260306021	188.10553031786657	196.9416830606092	191.8246674088104	194.58141712485605	190.18363599983456	191.75144966208686	123.48039503227378	191.7648364218532	192.4285623955613	182.01519784523043	184.14663087762446	191.8246674088104	188.96289398220122	189.9144169499559	187.19520081547924	188.83651568911128	125.52122539585169	188.8525837593069	187.27482776053893	180.82038035864284	187.9069138250715	194.58141712485605	189.9144169499559	197.2661341854149	188.46984206607544	189.807489628163	134.04847523148504	189.8175760636659	190.0364156550896	180.29348244472493	182.10254044371325	190.18363599983456	187.19520081547924	188.46984206607544	187.04596616599852	187.10846362437152	124.94041012162226	187.12477603968878	185.83190307812913	181.90408975985972	184.03682582224283	191.75144966208686	188.83651568911128	189.807489628163	187.10846362437152	188.76513199208262	125.57133056868443	188.76578906771744	187.15891877832672	130.89991046941014	128.60815078564366	123.48039503227378	125.52122539585169	134.04847523148504	124.94041012162226	125.57133056868443	245.86051024241067	125.57883365318007	117.2913180771989	181.91397288052124	184.05049690316793	191.7648364218532	188.8525837593069	189.8175760636659	187.12477603968878	188.76578906771744	125.57883365318007	188.79105804439035	187.18010429315916	182.00789591707343	181.2036553136713	192.4285623955613	187.27482776053893	190.0364156550896	185.83190307812913	187.15891877832672	117.2913180771989	187.18010429315916	194.08960706100643
182.96857342362696	183.49609776821336	186.2071803412337	183.63385590136096	182.7713645544191	175.5082858267957	183.23321400973953	144.45117582152656	183.46748788738543	181.9130364360039	183.49609776821336	186.66186962711814	188.95283570499709	186.7670784734313	186.5665171428424	178.0608440438523	186.36962912480274	141.6384697968393	186.63517403347413	183.31270143192862	186.2071803412337	188.95283570499709	192.8370971724882	189.04256016502023	189.46133072571126	180.5852894762555	188.72464911643053	138.7950374374181	188.94099469378864	187.31434931533113	183.63385590136096	186.7670784734313	189.04256016502023	186.937038442809	186.6917164194516	178.17706240922274	186.48361464648997	141.54669952975712	186.7479608028052	183.45232791068304	182.7713645544191	186.5665171428424	189.46133072571126	186.6917164194516	188.53505767464213	178.81959412617857	186.29354235291297	144.3352693950135	186.54142053783326	184.42692765804318	175.5082858267957	178.0608440438523	180.5852894762555	178.17706240922274	178.81959412617857	176.7795838592344	177.78148270393294	136.34957295756308	178.0515528560889	175.24947678860656	183.23321400973953	186.36962912480274	188.72464911643053	186.48361464648997	186.29354235291297	177.78148270393294	186.32353080044405	141.60950471382728	186.34980118667153	182.91099797129445	144.45117582152656	141.6384697968393	138.7950374374181	141.54669952975712	144.3352693950135	136.34957295756308	141.60950471382728	221.94149200021877	141.67522115244523	131.35535352171703	183.46748788738543	186.63517403347413	188.94099469378864	186.7479608028052	186.54142053783326	178.0515528560889	186.34980118667153	141.67522115244523	186.64232154112426	183.2978889278576	181.9130364360039	183.31270143192862	187.31434931533113	183.45232791068304	184.42692765804318	175.24947678860656	182.91099797129445	131.35535352171703	183.2978889278576	187.0651198279381
180.20111643256047	180.33612614803909	182.85057886778452	180.40305409370444	179.69710683866538	174.1440953400718	180.2979891404856	143.39014956196704	180.24887405578912	178.9602856774947	180.33612614803909	180.90535806015313	183.35670415839098	180.96135778388017	180.33313872972423	174.60739370929082	180.85756318072094	142.67480374545667	180.81270157304957	179.24653790472345	182.85057886778452	183.35670415839098	186.95343310346223	183.41345467029583	183.10767587165162	177.0828108482631	183.32390737902884	139.72233904347124	183.29131978297218	182.6952537445871	180.40305409370444	180.96135778388017	183.41345467029583	181.04966283645936	180.40258816675438	174.67332550751848	180.92303544163286	142.61635280689663	180.87862013780727	179.32107339673468	179.69710683866538	180.33313872972423	183.10767587165162	180.40258816675438	180.9519821360009	174.5366427667415	180.29499398920578	145.44778978051238	180.23754555102033	179.50164254135635	174.1440953400718	174.60739370929082	177.0828108482631	174.67332550751848	174.5366427667415	173.89903934060607	174.5712232252525	137.65330433535127	174.5475743364062	172.88538874170453	180.2979891404856	180.85756318072094	183.32390737902884	180.92303544163286	180.29499398920578	174.5712232252525	180.85133918977064	142.67242891051487	180.77420259627394	179.19403017931134	143.39014956196704	142.67480374545667	139.72233904347124	142.61635280689663	145.44778978051238	137.65330433535127	142.67242891051487	215.73047170495414	142.82713313326727	131.00920433305066	180.24887405578912	180.81270157304957	183.29131978297218	180.87862013780727	180.23754555102033	174.5475743364062	180.77420259627394	142.82713313326727	180.7933933831815	179.17992898692717	178.9602856774947	179.24653790472345	182.6952537445871	179.32107339673468	179.50164254135635	172.88538874170453	179.19403017931134	131.00920433305066	179.17992898692717	182.58313193287302
170.94154950877504	171.31137000364885	171.8155370931437	171.40183573349898	171.1677454986442	168.29735314464637	171.26632783061467	141.86537732775093	171.1403535096859	170.2756851234233	171.31137000364885	172.51414371089106	173.00059559677672	172.59147295663047	172.40101360088047	169.35133135569103	172.45734666598022	138.49486522786404	172.3478548948803	171.27496552003186	171.8155370931437	173.00059559677672	173.66862446287277	173.08727787345273	172.9036818756152	169.84686536671143	172.95567564642613	138.14259203600892	172.84897904062038	171.8270698598345	171.40183573349898	172.59147295663047	173.08727787345273	172.70076723763708	172.48978248683332	169.43979307741083	172.54569253671025	138.43303166581177	172.43686270258294	171.3688604814207	171.1677454986442	172.40101360088047	172.9036818756152	172.48978248683332	172.50433904884187	169.29523761931208	172.3551076769065	139.35476353869151	172.24172203832626	171.20858576321132	168.29735314464637	169.35133135569103	169.84686536671143	169.43979307741083	169.29523761931208	168.9435069514664	169.3068010247542	135.3857316618074	169.2147599128484	168.08748220936354	171.26632783061467	172.45734666598022	172.95567564642613	172.54569253671025	172.3551076769065	169.3068010247542	172.43748955820084	138.49035165290402	172.30177410640286	171.22431804962935	141.86537732775093	138.49486522786404	138.14259203600892	138.43303166581177	139.35476353869151	135.3857316618074	138.49035165290402	186.07708427831284	138.8513670291701	134.57891351834917	171.1403535096859	172.3478548948803	172.84897904062038	172.43686270258294	172.24172203832626	169.2147599128484	172.30177410640286	138.8513670291701	172.28025944432957	171.121542973135	170.2756851234233	171.27496552003186	171.8270698598345	171.3688604814207	171.20858576321132	168.08748220936354	171.22431804962935	134.57891351834917	171.121542973135	171.59333168749842
