163.43422452139544	159.71618499475966	163.6699881686136	164.8471215565621	165.09451807896298	163.33559263292673	163.3191089954081	157.45259094627673	163.7327819766644	163.40193677264568	159.71618499475966	159.4298301762687	160.0809754083961	161.1922456803928	162.5293311520296	159.6113130351366	159.5847173878382	153.23618765086923	160.15849291416856	159.688169642513	163.6699881686136	160.0809754083961	164.35679298123773	164.8901790295874	165.41233051829258	163.59223664113225	163.5809104702346	157.66813872565015	164.0004034913269	163.65890021641127	164.8471215565621	161.1922456803928	164.8901790295874	167.24650385928635	167.10328120469103	164.76290298556611	164.76193923282983	158.07853476541132	165.43847126761133	164.8285234069829	165.09451807896298	162.5293311520296	165.41233051829258	167.10328120469103	168.26260612762889	165.0233165246383	165.015583586545	159.459707124323	165.36621989272274	165.08772506886362	163.33559263292673	159.6113130351366	163.59223664113225	164.76290298556611	165.0233165246383	163.3423087535365	163.24097478911634	157.375226051652	163.65653148847161	163.3239285730032	163.3191089954081	159.5847173878382	163.5809104702346	164.76193923282983	165.015583586545	163.24097478911634	163.30259676572072	157.34747732722795	163.63992272645362	163.30715915238213	157.45259094627673	153.23618765086923	157.66813872565015	158.07853476541132	159.459707124323	157.375226051652	157.34747732722795	165.66492430344059	157.82065467085823	157.4345605062725	163.7327819766644	160.15849291416856	164.0004034913269	165.43847126761133	165.36621989272274	163.65653148847161	163.63992272645362	157.82065467085823	164.522199920678	163.72177331422637	163.40193677264568	159.688169642513	163.65890021641127	164.8285234069829	165.08772506886362	163.3239285730032	163.30715915238213	157.4345605062725	163.72177331422637	163.39843447666695
160.38260242858127	159.9178201155407	161.90679749342536	160.8852279648156	163.94597496546103	160.34928673565207	160.2242644826805	160.0797380438246	160.5248023492179	160.15858830376348	159.9178201155407	160.1016244101222	161.52559670803785	160.4356682389519	163.78110855226657	159.89029323598135	159.7619445506985	159.61871785466744	160.0775670042654	159.68621474147236	161.90679749342536	161.52559670803785	164.55373308476942	162.17506564685905	165.87254797503738	161.88108971313156	161.79335412116018	161.59575440279067	162.1264528613476	161.7393326738233	160.8852279648156	160.4356682389519	162.17506564685905	161.86539113560013	164.77688816573342	160.85829138878077	160.74188635366764	160.57420246644506	161.10374094797214	160.66549523948495	163.94597496546103	163.78110855226657	165.87254797503738	164.77688816573342	168.86757069815278	163.9269382900295	163.83446849653112	163.70390767372317	163.93692796778112	163.84222651344243	160.34928673565207	159.89029323598135	161.88108971313156	160.85829138878077	163.9269382900295	160.34971168462488	160.1978524714742	160.053355521605	160.4990975032549	160.1321101407347	160.2242644826805	159.7619445506985	161.79335412116018	160.74188635366764	163.83446849653112	160.1978524714742	160.20236736818185	159.9280903374149	160.37352709059894	160.0035806248685	160.0797380438246	159.61871785466744	161.59575440279067	160.57420246644506	163.70390767372317	160.053355521605	159.9280903374149	160.5439125234252	160.23445122069003	159.8592600027305	160.5248023492179	160.0775670042654	162.1264528613476	161.10374094797214	163.93692796778112	160.4990975032549	160.37352709059894	160.23445122069003	160.9892469088545	160.31357545094627	160.15858830376348	159.68621474147236	161.7393326738233	160.66549523948495	163.84222651344243	160.1321101407347	160.0035806248685	159.8592600027305	160.31357545094627	160.21254854406055
158.32899577903547	158.22679714893067	159.8888088668217	159.41342070578037	158.35799249359516	157.0246244341851	157.92832655192126	156.47438918079092	162.15869647819915	158.14903457639747	158.22679714893067	158.209881893722	159.80434383583304	159.32290029409057	158.2633964659925	156.92478985832602	157.83101464191438	156.37533575876043	162.10523586051002	158.05236404677277	159.8888088668217	159.80434383583304	162.648723067447	160.82361306987013	159.92652172392627	158.64618687024338	159.56136818599927	158.01347952111865	164.33125177387396	159.74486768928332	159.41342070578037	159.32290029409057	160.82361306987013	161.3695909402415	159.44975767158792	158.16852824302293	159.04296569548825	157.5281946775306	164.199437247699	159.2468971724513	158.35799249359516	158.2633964659925	159.92652172392627	159.44975767158792	158.42226454703223	157.06217309349495	157.96533703732433	156.51222785982142	162.1791324063491	158.1857809663582	157.0246244341851	156.92478985832602	158.64618687024338	158.16852824302293	157.06217309349495	157.0455552376567	156.62892832686123	155.20448997437074	161.0884855520958	156.85327091323686	157.92832655192126	157.83101464191438	159.56136818599927	159.04296569548825	157.96533703732433	156.62892832686123	157.77419422128023	156.0727863810737	161.83024844852687	157.7502461468385	156.47438918079092	156.37533575876043	158.01347952111865	157.5281946775306	156.51222785982142	155.20448997437074	156.0727863810737	158.95088098311902	160.71186923958876	156.29052563774175	162.15869647819915	162.10523586051002	164.33125177387396	164.199437247699	162.1791324063491	161.0884855520958	161.83024844852687	160.71186923958876	168.0462395260937	162.05549060577295	158.14903457639747	158.05236404677277	159.74486768928332	159.2468971724513	158.1857809663582	156.85327091323686	157.7502461468385	156.29052563774175	162.05549060577295	158.11437607004132
146.64088284239486	146.38409675989877	146.47776346448845	146.3554875155575	146.8189400042436	146.5485006774668	146.20181256958932	145.92502344938026	146.66222130758172	146.385175500494	146.38409675989877	146.22301115560873	146.21975111878217	146.10566285311825	146.57795090961645	146.30402018958236	145.9544916313198	145.67584648898605	146.41913116851396	146.13840848847735	146.47776346448845	146.21975111878217	146.95047479352132	146.08589852503752	146.69351118713183	146.3923588799364	146.0764046389153	145.70786117662396	146.5227581543528	146.22589255681356	146.3554875155575	146.10566285311825	146.08589852503752	146.2018086832678	146.55299791804848	146.27419522395166	145.92694679143176	145.63420982864184	146.39259530422004	146.10656031230627	146.8189400042436	146.57795090961645	146.69351118713183	146.55299791804848	147.07114270666608	146.7405343324756	146.39576355144132	146.12112996322028	146.85309272362485	146.57886931653493	146.5485006774668	146.30402018958236	146.3923588799364	146.27419522395166	146.7405343324756	146.49768343585507	146.12174192064273	145.84428230770826	146.58327959274368	146.305239029636	146.20181256958932	145.9544916313198	146.0764046389153	145.92694679143176	146.39576355144132	146.12174192064273	145.95099415468613	145.4940923399212	146.23650414546418	145.95495363834286	145.92502344938026	145.67584648898605	145.70786117662396	145.63420982864184	146.12112996322028	145.84428230770826	145.4940923399212	146.19197593818686	145.96092831031956	145.6763140981085	146.66222130758172	146.41913116851396	146.5227581543528	146.39259530422004	146.85309272362485	146.58327959274368	146.23650414546418	145.96092831031956	146.72428373814608	146.42021239240407	146.385175500494	146.13840848847735	146.22589255681356	146.10656031230627	146.57886931653493	146.305239029636	145.95495363834286	145.6763140981085	146.42021239240407	146.2246288345531
164.86687795348212	164.43682908359295	166.46004216229852	166.1867063311757	169.65425620803194	164.84234142115935	164.45825654963002	162.74136882185243	164.8758469040823	164.7959244704016	164.43682908359295	165.2525755803427	166.2280269767927	165.8450763119538	169.9573092215062	164.4198512422528	164.02807310235366	162.30500652899906	164.45552258909635	164.36658907311568	166.46004216229852	166.2280269767927	169.6362421517647	167.22771980023066	171.7008323901225	166.4458181836226	166.22703916400323	164.2897992040616	166.48292916117887	166.43183708533036	166.1867063311757	165.8450763119538	167.22771980023066	168.57017456041615	171.88083237207738	166.16988784833828	165.86328387617195	163.88088992445893	166.21807502608934	166.12400784350737	169.65425620803194	169.9573092215062	171.7008323901225	171.88083237207738	176.66691023019678	169.6475507963393	169.47575403197715	167.91766790948856	169.6622126732081	169.6678665127379	164.84234142115935	164.4198512422528	166.4458181836226	166.16988784833828	169.6475507963393	164.84571308692864	164.4425714884367	162.72568704465186	164.86043617873216	164.78042126759993	164.45825654963002	164.02807310235366	166.22703916400323	165.86328387617195	169.47575403197715	164.4425714884367	164.56742535683594	162.33737627745668	164.4762276157582	164.39138880924392	162.74136882185243	162.30500652899906	164.2897992040616	163.88088992445893	167.91766790948856	162.72568704465186	162.33737627745668	166.25907405461012	162.76066224095933	162.66961323282058	164.8758469040823	164.45552258909635	166.48292916117887	166.21807502608934	169.6622126732081	164.86043617873216	164.4762276157582	162.76066224095933	164.93232574547872	164.8140966682606	164.7959244704016	164.36658907311568	166.43183708533036	166.12400784350737	169.6678665127379	164.78042126759993	164.39138880924392	162.66961323282058	164.8140966682606	164.87667135114202
163.77325634599404	163.53113879853103	164.8934714736112	165.6347653175606	168.58517129515258	163.744755161734	163.41987861871175	163.63983726337315	164.33572141834722	163.63588340016827	163.53113879853103	163.87658782958704	164.72196740163568	165.4554531312824	168.67322015591742	163.50868236494702	163.17885028015328	163.4036067683669	164.12210495109738	163.39301792133958	164.8934714736112	164.72196740163568	167.25697233237395	166.24277806991162	169.90269522698443	164.8729062376775	164.64236113623429	164.76600855096274	165.505224742744	164.8053272594185	165.6347653175606	165.4554531312824	166.24277806991162	168.89124056951312	171.35112187073406	165.61269048739462	165.37630172902414	165.49386211410174	166.6509780474954	165.51215902592685	168.58517129515258	168.67322015591742	169.90269522698443	171.35112187073406	175.53358569386302	168.57116747568674	168.410691459435	168.48088199852182	168.84354429371598	168.5676342200352	163.744755161734	163.50868236494702	164.8729062376775	165.61269048739462	168.57116747568674	163.74819566436895	163.39805517359773	163.61815843185377	164.31513424687736	163.61416956918933	163.41987861871175	163.17885028015328	164.64236113623429	165.37630172902414	168.410691459435	163.39805517359773	163.4782856563558	163.2926679595678	163.99925597944127	163.28158216851585	163.63983726337315	163.4036067683669	164.76600855096274	165.49386211410174	168.48088199852182	163.61815843185377	163.2926679595678	163.8378329437919	164.21150371862367	163.50821282386266	164.33572141834722	164.12210495109738	165.505224742744	166.6509780474954	168.84354429371598	164.31513424687736	163.99925597944127	164.21150371862367	165.81270439541038	164.21445609607818	163.63588340016827	163.39301792133958	164.8053272594185	165.51215902592685	168.5676342200352	163.61416956918933	163.28158216851585	163.50821282386266	164.21445609607818	163.73828075644815
167.93036146835686	167.85042661287488	169.24884301407695	170.4446291199713	172.58134050408734	167.91178295770686	167.18539861701046	163.2338063327334	169.25499080458138	167.8496927636748	167.85042661287488	168.19818483824952	169.23404020268492	170.4323169303838	172.7661991839048	167.83929920740113	167.11152302720114	163.1584772392608	169.21592973639122	167.77383894000874	169.24884301407695	169.23404020268492	172.05322439484854	171.29152474267724	174.20480926781914	169.23933247803527	168.8210220947661	164.5084405724228	170.73591589118098	169.23287588834467	170.4446291199713	170.4323169303838	171.29152474267724	174.86324841985368	175.78570351927868	170.43388724342805	169.97418751756217	165.3657915537714	173.0768133654303	170.3922214367035	172.58134050408734	172.7661991839048	174.20480926781914	175.78570351927868	180.129963278738	172.57793684335982	172.36240353877724	168.6731043153949	172.7984625522785	172.64681137503348	167.91178295770686	167.83929920740113	169.23933247803527	170.43388724342805	172.57793684335982	167.91672668097317	167.17429577653917	163.22305339088982	169.24649534923523	167.8388772953694	167.18539861701046	167.11152302720114	168.8210220947661	169.97418751756217	172.36240353877724	167.17429577653917	167.56312217591764	162.48730998934383	168.5705998901678	167.0944163651519	163.2338063327334	163.1584772392608	164.5084405724228	165.3657915537714	168.6731043153949	163.22305339088982	162.48730998934383	171.5287870640402	164.78042617377204	163.12647956462732	169.25499080458138	169.21592973639122	170.73591589118098	173.0768133654303	172.7984625522785	169.24649534923523	168.5705998901678	164.78042617377204	173.4332970985428	169.20674051982317	167.8496927636748	167.77383894000874	169.23287588834467	170.3922214367035	172.64681137503348	167.8388772953694	167.0944163651519	163.12647956462732	169.20674051982317	168.04947384972706
164.8631751356726	164.7948893493025	166.21660926587538	166.42828673797487	169.91142897103305	164.8406782470386	164.22581274660243	164.78695927013098	165.18947305164335	164.72866478852032	164.7948893493025	164.9741821284921	166.18759971955268	166.3895954025976	169.99942183373804	164.77960242474316	164.16251274995295	164.7259796763505	165.1329979176379	164.66486912105557	166.21660926587538	166.18759971955268	168.8580177039215	167.4033147442055	171.61861115398813	166.2027476574452	165.8046969646738	166.1469683044576	166.63216570375405	166.15263658360507	166.42828673797487	166.3895954025976	167.4033147442055	169.11569224250306	172.26496246100754	166.41301007377234	165.94304105250296	166.35313844831478	167.10034404320743	166.31490105463024	169.91142897103305	169.99942183373804	171.61861115398813	172.26496246100754	177.21534766241552	169.90497307328374	169.63341137820362	169.86169339024462	169.79405131568004	169.95630073749712	164.8406782470386	164.77960242474316	166.2027476574452	166.41301007377234	169.90497307328374	164.84567057033752	164.21056789379767	164.77190252320463	165.17531157371923	164.71358823745675	164.22581274660243	164.16251274995295	165.8046969646738	165.94304105250296	169.63341137820362	164.21056789379767	164.39528641356537	164.1567061893342	164.5585093378972	164.08146801002746	164.78695927013098	164.7259796763505	166.1469683044576	166.35313844831478	169.86169339024462	164.77190252320463	164.1567061893342	164.9143263795798	165.12267187634333	164.65909001672915	165.18947305164335	165.1329979176379	166.63216570375405	167.10034404320743	169.79405131568004	165.17531157371923	164.5585093378972	165.12267187634333	166.4496216629438	165.07095700632425	164.72866478852032	164.66486912105557	166.15263658360507	166.31490105463024	169.95630073749712	164.71358823745675	164.08146801002746	164.65909001672915	165.07095700632425	164.92284654421888
164.37553781082661	164.25079752683905	165.77388724172903	165.4405238412612	168.6034036959766	164.34271633838446	164.1135752977115	159.64047577032113	164.38440066851044	164.2195364715272	164.25079752683905	164.44004027909205	165.69135035826005	165.34030581786442	168.66225427123055	164.22403116019532	163.99303131695794	159.52649744686073	164.26667136508615	164.09687477240692	165.77388724172903	165.69135035826005	168.09421626452323	166.6631759157616	170.32155928806304	165.74871537156403	165.57759766093756	160.91429621390245	165.884120276451	165.67518144815347	165.4405238412612	165.34030581786442	166.6631759157616	167.11713307898265	170.1045779802861	165.41438836075704	165.21328434445542	160.48262459471144	165.62897126974465	165.3024055819793	168.6034036959766	168.66225427123055	170.32155928806304	170.1045779802861	174.7909711450758	168.58670307920673	168.4419619482688	164.99217475920133	168.13491702006735	168.60739473863538	164.34271633838446	164.22403116019532	165.74871537156403	165.41438836075704	168.58670307920673	164.34868044215958	164.087164882622	159.61559737557477	164.35896891877937	164.19322813398543	164.1135752977115	163.99303131695794	165.57759766093756	165.21328434445542	168.4419619482688	164.087164882622	164.1060700323326	159.39505695356087	164.12193933078984	163.9575659101784	159.64047577032113	159.52649744686073	160.91429621390245	160.48262459471144	164.99217475920133	159.61559737557477	159.39505695356087	169.0390905799726	159.8074336130157	159.45313785457455	164.38440066851044	164.26667136508615	165.884120276451	165.62897126974465	168.13491702006735	164.35896891877937	164.12193933078984	159.8074336130157	165.18132460904712	164.23851017308576	164.2195364715272	164.09687477240692	165.67518144815347	165.3024055819793	168.60739473863538	164.19322813398543	163.9575659101784	159.45313785457455	164.23851017308576	164.37221515395083
169.65818496780798	169.6375760442763	171.01179072239617	169.90477317315924	169.6826458557474	169.68347455045364	169.79438882352144	135.45292039558186	169.61778841390787	169.43334803339033	169.6375760442763	170.73700274091036	171.90333473095725	170.79437118477014	170.68537234457722	170.56991886049204	170.6874017794561	130.88819436347225	170.53545729743684	170.21505344456142	171.01179072239617	171.90333473095725	173.7027020446082	172.1957519837316	172.09810536452827	171.97731286568856	172.09432535725617	130.70085392424122	171.95235587973187	171.69449186945903	169.90477317315924	170.79437118477014	172.1957519837316	171.1255470794251	170.97660547811776	170.87683857371886	170.9929490446835	131.26282655142805	170.84066971053082	170.54073479843424	169.6826458557474	170.68537234457722	172.09810536452827	170.97660547811776	171.23465921187443	170.75553869656554	170.86854748328145	132.97445966294612	170.7060456499993	170.44198070228504	169.68347455045364	170.56991886049204	171.97731286568856	170.87683857371886	170.75553869656554	170.7665294384818	170.77039206950457	131.22924020023405	170.61771992921203	170.31607993294813	169.79438882352144	170.6874017794561	172.09432535725617	170.9929490446835	170.86854748328145	170.77039206950457	170.89382625033988	131.33553080840025	170.7328078355179	170.4317325399721	135.45292039558186	130.88819436347225	130.70085392424122	131.26282655142805	132.97445966294612	131.22924020023405	131.33553080840025	185.10422883195417	131.77959252974563	129.708392022559	169.61778841390787	170.53545729743684	171.95235587973187	170.84066971053082	170.7060456499993	170.61771992921203	170.7328078355179	131.77959252974563	170.69864231976294	170.27930558436697	169.43334803339033	170.21505344456142	171.69449186945903	170.54073479843424	170.44198070228504	170.31607993294813	170.4317325399721	129.708392022559	170.27930558436697	170.65973193888047
171.72909702050984	172.09973402833825	172.30677017517172	172.76675776385585	171.84084198118921	168.8959052966359	172.17383309623924	137.14558059995093	172.04550826833335	171.78062092751333	172.09973402833825	174.59801012001918	174.71300845927377	175.12438667243578	174.5645033738389	170.97246193506922	174.57835638382014	128.95570480837029	174.47887479415846	174.02413292582358	172.30677017517172	174.71300845927377	175.00738456888143	175.37309319439055	174.8116194188764	171.24396807900644	174.8315423594364	129.01982250233334	174.7327112605568	174.2882255627847	172.76675776385585	175.12438667243578	175.37309319439055	175.9239880222028	175.2306327919125	171.65025893336232	175.24164423265208	128.74515260574205	175.1463934041518	174.70566436432736	171.84084198118921	174.5645033738389	174.8116194188764	175.2306327919125	175.2950808271203	171.1977293066985	174.67429570602124	130.98871001751766	174.5678800714161	174.14719964185906	168.8959052966359	170.97246193506922	171.24396807900644	171.65025893336232	171.1977293066985	170.44120446895846	171.1100031644542	126.91731734054791	171.02234993883317	170.56805259410925	172.17383309623924	174.57835638382014	174.8315423594364	175.24164423265208	174.67429570602124	171.1100031644542	174.7042295973241	129.06768726869092	174.59784607609606	174.14906172662376	137.14558059995093	128.95570480837029	129.01982250233334	128.74515260574205	130.98871001751766	126.91731734054791	129.06768726869092	207.46514825759368	129.27571208529048	128.1678038867431	172.04550826833335	174.47887479415846	174.7327112605568	175.1463934041518	174.5678800714161	171.02234993883317	174.59784607609606	129.27571208529048	174.57808441413215	174.048473141567	171.78062092751333	174.02413292582358	174.2882255627847	174.70566436432736	174.14719964185906	170.56805259410925	174.14906172662376	128.1678038867431	174.048473141567	174.14943009738977
194.64511704877407	192.86526292329964	192.8051373345324	198.50390428592493	192.78380961742783	187.64663863052326	192.78858524755384	129.4301279620531	192.88568281094499	192.87454092104417	192.86526292329964	194.66982216680404	194.2720370210799	199.38196360884615	194.32789389465577	188.2748026703553	194.2467668771933	117.84246631913527	194.67564633641925	193.99846403292008	192.8051373345324	194.2720370210799	194.77420837161998	199.68974691912524	194.8090303658112	188.91014230155474	194.73553883298644	118.17972800427994	195.13464086428564	194.50367898748917	198.50390428592493	199.38196360884615	199.68974691912524	206.31026851093435	199.75932114444305	193.92659561807272	199.67548668579502	116.47495949346164	200.68565253408653	199.5896394395302	192.78380961742783	194.32789389465577	194.8090303658112	199.75932114444305	194.9818165803154	188.98124271831463	194.7839393219795	118.38454692544252	195.1765965042893	194.55414180916458	187.64663863052326	188.2748026703553	188.91014230155474	193.92659561807272	188.98124271831463	187.6922971035715	188.88558716341248	115.92900239797426	189.511056577838	188.68597578042093	192.78858524755384	194.2467668771933	194.73553883298644	199.67548668579502	194.7839393219795	188.88558716341248	194.71921679162716	118.18062432978898	195.10912161406577	194.4775521057013	129.4301279620531	117.84246631913527	118.17972800427994	116.47495949346164	118.38454692544252	115.92900239797426	118.18062432978898	227.65084658735566	119.49307336090507	117.37548666113034	192.88568281094499	194.67564633641925	195.13464086428564	200.68565253408653	195.1765965042893	189.511056577838	195.10912161406577	119.49307336090507	196.7034157247765	194.89290838008424	192.87454092104417	193.99846403292008	194.50367898748917	199.5896394395302	194.55414180916458	188.68597578042093	194.4775521057013	117.37548666113034	194.89290838008424	194.83667128277455
175.0741429648564	174.1109614720098	175.31871987921176	177.21274974078344	175.92450305043195	171.15988904347773	174.97699007941196	143.14678442226318	174.9603179890258	174.9515714282893	174.1109614720098	174.70950048425044	174.482968143187	176.40198717229404	175.59085824751173	170.03272659122632	174.10516775976836	141.14379887066823	174.10542160387894	174.0712298930217	175.31871987921176	174.482968143187	175.92475610647585	177.47694027538202	176.37056558238518	171.52304501598985	175.33990520321638	143.0624403526647	175.33066926198168	175.31553740802198	177.21274974078344	176.40198717229404	177.47694027538202	180.17781439093417	178.59295082929174	173.3840479820244	177.21489447238616	142.16921984367718	177.27235638836055	177.1909922817646	175.92450305043195	175.59085824751173	176.37056558238518	178.59295082929174	178.50539205771935	172.50404453366323	175.9870426945405	147.6828491667302	175.92155974893282	175.97217710178813	171.15988904347773	170.03272659122632	171.52304501598985	173.3840479820244	172.50404453366323	171.00834246918234	171.1728054846599	140.23715599598708	171.18735847705983	171.14845912486905	174.97699007941196	174.10516775976836	175.33990520321638	177.21489447238616	175.9870426945405	171.1728054846599	175.00307646149076	142.94957009970085	174.9826461360198	174.97077621221058	143.14678442226318	141.14379887066823	143.0624403526647	142.16921984367718	147.6828491667302	140.23715599598708	142.94957009970085	186.86775232438265	143.22320875448523	142.86434093793153	174.9603179890258	174.10542160387894	175.33066926198168	177.27235638836055	175.92155974893282	171.18735847705983	174.9826461360198	143.22320875448523	175.16165786110713	174.95690928205363	174.9515714282893	174.0712298930217	175.31553740802198	177.1909922817646	175.97217710178813	171.14845912486905	174.97077621221058	142.86434093793153	174.95690928205363	174.99986492560308
175.49896137804092	172.8501053358957	175.20633669330505	178.3848185476622	176.44497686293445	174.67568269603674	175.10402385201246	142.91425734554366	175.2713898487792	175.0820136265947	172.8501053358957	174.20684541269787	172.82926115285022	176.30829329814554	175.6680341929259	172.1841628289185	172.68456939812629	138.04724120376179	172.95993568816343	172.63081353895623	175.20633669330505	172.82926115285022	175.53727108345035	178.4269455805016	176.7946319289557	174.88924158836957	175.31714421536844	142.4563218933456	175.49673421289074	175.29275021633447	178.3848185476622	176.30829329814554	178.4269455805016	182.72011574920475	180.53308245491002	177.9437501137492	178.37419554561416	141.54970713642288	178.78913810023192	178.35525073087177	176.44497686293445	175.6680341929259	176.7946319289557	180.53308245491002	180.35713851434772	176.26840661590649	176.6686808648532	146.51623598142527	176.77816015618103	176.65646539888087	174.67568269603674	172.1841628289185	174.88924158836957	177.9437501137492	176.26840661590649	174.80777510076408	174.78467657070266	142.1511629054087	174.96819757424447	174.75995271989504	175.10402385201246	172.68456939812629	175.31714421536844	178.37419554561416	176.6686808648532	174.78467657070266	175.2182879270392	142.40510215227727	175.38961006826165	175.18696611132816	142.91425734554366	138.04724120376179	142.4563218933456	141.54970713642288	146.51623598142527	142.1511629054087	142.40510215227727	190.9238999396294	142.8577745278142	142.30122377771826	175.2713898487792	172.95993568816343	175.49673421289074	178.78913810023192	176.77816015618103	174.96819757424447	175.38961006826165	142.8577745278142	176.0133150856942	175.36512432542912	175.0820136265947	172.63081353895623	175.29275021633447	178.35525073087177	176.65646539888087	174.75995271989504	175.18696611132816	142.30122377771826	175.36512432542912	175.24684064305347
174.94578859107295	172.76009147309563	174.06653108723108	176.76123419374082	175.52161826178283	170.80766130331187	173.89838698477345	150.32807813960855	173.91410897766977	173.76305839441937	172.76009147309563	174.55689958106115	172.74524861351046	175.59213984462008	176.1319397863506	169.03378409668966	172.51576937814113	147.36883716530576	172.54441488850352	172.2663526560712	174.06653108723108	172.74524861351046	174.66157251548705	176.84716333969396	176.489240719207	171.2269220100196	174.3112617068699	149.4797007130714	174.33303263407427	174.1453655934378	176.76123419374082	175.59213984462008	176.84716333969396	180.392263498634	179.70503120991341	173.67616859844682	176.74048670084304	149.53642972285638	176.79276489593815	176.60287782648254	175.52161826178283	176.1319397863506	176.489240719207	179.70503120991341	181.28820166502493	173.50956898295098	176.26191911817298	154.41719036739315	176.2642445457777	176.16997533994217	170.80766130331187	169.03378409668966	171.2269220100196	173.67616859844682	173.50956898295098	171.27588556109188	171.04626258987082	147.2870046833862	171.0745237823014	170.89588474628906	173.89838698477345	172.51576937814113	174.3112617068699	176.74048670084304	176.26191911817298	171.04626258987082	174.13990466047778	149.37835963173268	174.15535074529717	173.96047340465978	150.32807813960855	147.36883716530576	149.4797007130714	149.53642972285638	154.41719036739315	147.2870046833862	149.37835963173268	187.60231069064312	149.43727985173092	149.0150759836398	173.91410897766977	172.54441488850352	174.33303263407427	176.79276489593815	176.2642445457777	171.0745237823014	174.15535074529717	149.43727985173092	174.2475480184902	173.98229432333042	173.76305839441937	172.2663526560712	174.1453655934378	176.60287782648254	176.16997533994217	170.89588474628906	173.96047340465978	149.0150759836398	173.98229432333042	174.12546554498246
167.8382329136527	164.74744355177097	167.5456447430981	169.46836068364738	169.09657550989562	166.42854819419625	167.42237178349365	153.05945288636676	167.48027342599357	167.41386542649894	164.74744355177097	165.01105644527473	164.6629157971807	166.64017724464432	167.42492784736922	163.33442398659096	164.49414921764952	148.98672261138506	164.5785923956683	164.47742838349822	167.5456447430981	164.6629157971807	167.76644160640757	169.36207861582895	169.2748892836574	166.4961229623554	167.48957477151546	152.87010507244077	167.55081904693435	167.48065028691292	169.46836068364738	166.64017724464432	169.36207861582895	172.12643332580626	171.70440112561843	168.3128921787532	169.3084257183623	152.90139597523978	169.42245474855181	169.29868382581012	169.09657550989562	167.42492784736922	169.2748892836574	171.70440112561843	172.59924747880817	168.18974270462795	169.12551173812483	155.60827564616653	169.169094332738	169.11955605391273	166.42854819419625	163.33442398659096	166.4961229623554	168.3128921787532	168.18974270462795	166.48426821314678	166.37095735186432	151.9606237507192	166.4349865235685	166.3622539202412	167.42237178349365	164.49414921764952	167.48957477151546	169.3084257183623	169.12551173812483	166.37095735186432	167.3715995380918	152.78259718149476	167.4249665109942	167.3552729999387	153.05945288636676	148.98672261138506	152.87010507244077	152.90139597523978	155.60827564616653	151.9606237507192	152.78259718149476	173.22838204870703	152.87814228277585	152.76266892225055	167.48027342599357	164.5785923956683	167.55081904693435	169.42245474855181	169.169094332738	166.4349865235685	167.4249665109942	152.87814228277585	167.58671782569022	167.41583398928043	167.41386542649894	164.47742838349822	167.48065028691292	169.29868382581012	169.11955605391273	166.3622539202412	167.3552729999387	152.76266892225055	167.41583398928043	167.37212182983313
172.34221081131585	171.6460979658019	172.41576721591616	174.06505438347045	174.3574800343317	163.71493319325734	172.1431192885961	162.5427540576782	172.33941594844157	171.66623427194287	171.6460979658019	172.47905141386312	171.8885103650693	173.56801649893345	174.3929650893008	162.64235714803144	171.57515327548424	161.71361035904388	171.812422439507	171.01572281428696	172.41576721591616	171.8885103650693	172.99998513625036	174.1061574658824	174.71150202459197	163.97796201581298	172.376109622758	162.67872064929523	172.58920375470845	171.9153882528494	174.06505438347045	173.56801649893345	174.1061574658824	176.94597900483956	177.01977700224344	165.76858508146228	173.98541809468225	163.3265309321088	174.49746830082987	173.53494828263356	174.3574800343317	174.3929650893008	174.71150202459197	177.01977700224344	178.61120150044079	166.8815665646769	174.3810125740003	165.72617626340386	174.45559703690515	174.07422131835247	163.71493319325734	162.64235714803144	163.97796201581298	165.76858508146228	166.8815665646769	164.37912788808154	163.6602092343295	154.84648184989967	164.05275757446387	163.25004716757016	172.1431192885961	171.57515327548424	172.376109622758	173.98541809468225	174.3810125740003	163.6602092343295	172.10573350176986	162.44155956210668	172.30296422080616	171.61219354828134	162.5427540576782	161.71361035904388	162.67872064929523	163.3265309321088	165.72617626340386	154.84648184989967	162.44155956210668	174.826923394554	162.7751157656903	161.80293374728365	172.33941594844157	171.812422439507	172.58920375470845	174.49746830082987	174.45559703690515	164.05275757446387	172.30296422080616	162.7751157656903	173.0882383859274	171.83162828150483	171.66623427194287	171.01572281428696	171.9153882528494	173.53494828263356	174.07422131835247	163.25004716757016	171.61219354828134	161.80293374728365	171.83162828150483	171.66960583905114
164.71229805664885	164.6126058829669	165.4998286479456	164.97847406894775	166.69944635014613	158.30624824938627	164.6800808747353	161.46925321952304	164.6973085357111	164.22908262090138	164.6126058829669	164.6513213283336	165.41953615043082	164.89197730219462	166.66497820066064	158.18316275916402	164.59389564620108	161.37125569394934	164.6123731726903	164.13633418571587	165.4998286479456	165.41953615043082	166.8432507427493	165.71174866448388	167.74271898503991	159.18327123009496	165.48245284074974	162.13809215395338	165.51887489994974	165.06746203845478	164.97847406894775	164.89197730219462	165.71174866448388	165.4619802301936	167.14448126463967	158.5985970750122	164.95956335856613	161.64968899604247	164.99198125063296	164.50740083511033	166.69944635014613	166.66497820066064	167.74271898503991	167.14448126463967	169.69139177624396	160.97701852484727	166.69123962288813	164.07055529321522	166.64069693078991	166.3831828551756	158.30624824938627	158.18316275916402	159.18327123009496	158.5985970750122	160.97701852484727	158.2997222759131	158.2860640092385	155.25989353613917	158.33246441287883	157.8524667596163	164.6800808747353	164.59389564620108	165.48245284074974	164.95956335856613	166.69123962288813	158.2860640092385	164.67134556047668	161.44725782876642	164.67927612170206	164.2092213779004	161.46925321952304	161.37125569394934	162.13809215395338	161.64968899604247	164.07055529321522	155.25989353613917	161.44725782876642	166.14430958265496	161.4997254054364	160.94061616903002	164.6973085357111	164.6123731726903	165.51887489994974	164.99198125063296	166.64069693078991	158.33246441287883	164.67927612170206	161.4997254054364	164.81385910454568	164.23094699920406	164.22908262090138	164.13633418571587	165.06746203845478	164.50740083511033	166.3831828551756	157.8524667596163	164.2092213779004	160.94061616903002	164.23094699920406	164.17057738322964
166.64928002865705	165.359494956911	166.96766526475852	167.97717881268068	168.644032847623	161.5848828322538	166.59977337864183	158.9324223879813	166.81921802823848	166.5342001115008	165.359494956911	165.7817642312683	165.75562956814568	166.7542975856593	167.96149038311847	159.91135957632434	165.33016717371703	157.37279097957878	165.60194183342207	165.2502120586137	166.96766526475852	165.75562956814568	167.70716603412637	168.16004827261813	169.063127488436	161.95288752937796	166.94799116992533	159.20839689946254	167.18518817591595	166.88580272900194	167.97717881268068	166.7542975856593	168.16004827261813	170.15381608849117	170.52974630227845	162.9911185118779	167.95063118413378	159.49220210550666	168.39629912416714	167.88510612590306	168.644032847623	167.96149038311847	169.063127488436	170.52974630227845	172.10503434364443	164.01003347162182	168.63521094540357	161.67018688241774	168.74539688610247	168.58738145598466	161.5848828322538	159.91135957632434	161.95288752937796	162.9911185118779	164.01003347162182	161.88784585320948	161.56291891076785	154.25485629510806	161.8752841654345	161.50240979329877	166.59977337864183	165.33016717371703	166.94799116992533	167.95063118413378	168.63521094540357	161.56291891076785	166.58604394299013	158.9002900928362	166.80020424055732	166.51330631638228	158.9324223879813	157.37279097957878	159.20839689946254	159.49220210550666	161.67018688241774	154.25485629510806	158.9002900928362	168.71983014233447	159.2488083995022	158.81493375912174	166.81921802823848	165.60194183342207	167.18518817591595	168.39629912416714	168.74539688610247	161.8752841654345	166.80020424055732	159.2488083995022	167.4799836988125	166.73636634064667	166.5342001115008	165.2502120586137	166.88580272900194	167.88510612590306	168.58738145598466	161.50240979329877	166.51330631638228	158.81493375912174	166.73636634064667	166.52447924798412
164.94922799682686	163.92106979235473	165.53900508093898	167.01107211009383	169.96451943652443	164.11030193494858	164.9075526419593	164.78431001265616	164.95006705185085	164.91155231124569	163.92106979235473	166.2653576447377	164.72377483865364	166.4559591067874	171.02536792837512	163.00136304670556	163.88379899662925	163.76146987936622	163.9309866269598	163.8820257107731	165.53900508093898	164.72377483865364	166.78833654929218	167.34433634582652	170.76447732066126	164.71753488258477	165.5117683828137	165.38307886874108	165.5503168688457	165.51604402979228	167.01107211009383	166.4559591067874	167.34433634582652	170.22875159572416	173.43544165174578	166.21431689051025	166.98721232609714	166.83739112374633	167.0305949515034	166.98512839032276	169.96451943652443	171.02536792837512	170.76447732066126	173.43544165174578	178.1837649874795	169.26826448302378	169.95376019847157	169.84167451778168	169.97246768238287	169.96606189394515	164.11030193494858	163.00136304670556	164.71753488258477	166.21431689051025	169.26826448302378	164.35132048050284	164.07879525804995	163.95729603071564	164.12140228153572	164.08374161229096	164.9075526419593	163.88379899662925	165.5117683828137	166.98721232609714	169.95376019847157	164.07879525804995	164.91244033777537	164.7520582203304	164.91789356556853	164.8791580451595	164.78431001265616	163.76146987936622	165.38307886874108	166.83739112374633	169.84167451778168	163.95729603071564	164.7520582203304	165.04174445629323	164.79467986907792	164.7558470815671	164.95006705185085	163.9309866269598	165.5503168688457	167.0305949515034	169.97246768238287	164.12140228153572	164.91789356556853	164.79467986907792	164.98326226670358	164.92190381050338	164.91155231124569	163.8820257107731	165.51604402979228	166.98512839032276	169.96606189394515	164.08374161229096	164.8791580451595	164.7558470815671	164.92190381050338	164.9360882074929
172.04688559668597	173.56029244464426	174.2331572870724	176.6104263586056	177.45728045074748	169.62608078487943	171.7024426277692	171.89786549302312	176.66623520215958	172.00285840795274	173.56029244464426	185.3321581233893	178.03457135255806	180.68942217620872	185.2974954462225	170.77658262610487	173.62197646017913	173.41202707908883	180.75684577396325	173.50475417829736	174.2331572870724	178.03457135255806	179.72903263272798	178.23117193890783	181.48577409314714	171.96581842573804	174.55936674573826	174.0893136045926	179.56755688299444	174.32480701146136	176.6104263586056	180.68942217620872	178.23117193890783	186.3072921975074	183.7961006022051	174.86095632077343	176.81445405991786	176.45307604209543	186.48665015224452	176.62286091736178	177.45728045074748	185.2974954462225	181.48577409314714	183.7961006022051	190.32206453737376	175.3471797033472	178.0038266492359	177.33629130404913	181.29971093942447	177.60274064909012	169.62608078487943	170.77658262610487	171.96581842573804	174.86095632077343	175.3471797033472	171.24468885267873	169.43167657663477	169.49139542568713	175.1734216959587	169.6440299336659	171.7024426277692	173.62197646017913	174.55936674573826	176.81445405991786	178.0038266492359	169.43167657663477	172.69028038399077	171.55786086979137	176.78418704298485	171.65785529215543	171.89786549302312	173.41202707908883	174.0893136045926	176.45307604209543	177.33629130404913	169.49139542568713	171.55786086979137	172.13666874362625	176.53133083242923	171.85781177615556	176.66623520215958	180.75684577396325	179.56755688299444	186.48665015224452	181.29971093942447	175.1734216959587	176.78418704298485	176.53133083242923	190.11457374121616	176.72815121468977	172.00285840795274	173.50475417829736	174.32480701146136	176.62286091736178	177.60274064909012	169.6440299336659	171.65785529215543	171.85781177615556	176.72815121468977	172.3239225363756
