63.787006711355254	62.12466591184817	59.599502180560705	63.77522099300579	55.08849843519391	59.25939348258399	59.46456684769894	62.12466591184817	71.38421274151403	66.78735413065306	62.120302047234674	61.14444564186331	66.11475891702878	60.848108546906374	59.599502180560705	66.78735413065306	74.2009568513861	59.59282090548888	67.425690118545	73.60195455287187	68.88722302868119	63.77522099300579	62.120302047234674	59.59282090548888	63.789627757148274	55.08309688327998	59.25253261432334	59.45796625316648	55.08849843519391	61.14444564186331	67.425690118545	55.08309688327998	83.68824208345686	73.55623660239324	72.24045991513682	59.25939348258399	66.11475891702878	73.60195455287187	59.25253261432334	73.55623660239324	75.46720588146772	70.46544958208624	59.46456684769894	60.848108546906374	68.88722302868119	59.45796625316648	72.24045991513682	70.46544958208624	74.63078625751449
62.75792089767906	62.71919101536817	61.95312296149006	62.724554570099095	58.43119063097921	61.96148659429421	61.5312034576844	62.71919101536817	64.43016767633526	62.46605668024798	62.69265654025729	58.80129085850583	62.39681229929408	61.149383878978824	61.95312296149006	62.46605668024798	65.41933072269993	61.92245730379886	60.14407309747444	65.08224187775174	63.82403938472703	62.724554570099095	62.69265654025729	61.92245730379886	62.771453126333896	58.403456132436375	61.930109773411445	61.50736285985999	58.43119063097921	58.80129085850583	60.14407309747444	58.403456132436375	72.54996053579727	65.01721055380834	65.60887562383934	61.96148659429421	62.39681229929408	65.08224187775174	61.930109773411445	65.01721055380834	66.76364496664289	64.8400047192764	61.5312034576844	61.149383878978824	63.82403938472703	61.50736285985999	65.60887562383934	64.8400047192764	69.21664047556784
62.999975132295006	62.93228047101608	61.820910914914485	62.98727391425023	57.56714088937837	61.602647578550126	61.09262105479738	62.93228047101608	64.38028387001216	62.33372986278006	62.9264142173497	57.980294460656744	62.06266847493767	60.82578580723114	61.820910914914485	62.33372986278006	66.05422042890208	61.813779918864675	60.524971393855665	65.66892749050588	64.39001640040469	62.98727391425023	62.9264142173497	61.813779918864675	63.00265991234658	57.56128412524009	61.59532949896658	61.08608631322336	57.56714088937837	57.980294460656744	60.524971393855665	57.56128412524009	75.66062781560245	66.22858705206176	67.25290052337455	61.602647578550126	62.06266847493767	65.66892749050588	61.59532949896658	66.22858705206176	67.56730492388199	65.72218938590869	61.09262105479738	60.82578580723114	64.39001640040469	61.08608631322336	67.25290052337455	65.72218938590869	70.38254139451813
62.96435966910153	62.935822021731795	61.93131815212461	62.94253101462479	57.73231274835196	61.732148528816644	61.22169853275219	62.935822021731795	63.61118833960298	62.15330882985715	62.920003915453954	57.910895039668446	61.928844421760786	61.08600825983752	61.93131815212461	62.15330882985715	65.67663383642771	61.91319209257907	60.11277209511241	65.26908422558566	64.12950316656467	62.94253101462479	62.920003915453954	61.91319209257907	62.9720789041254	57.71633542298297	61.71364084550306	61.207423479967424	57.73231274835196	57.910895039668446	60.11277209511241	57.71633542298297	74.8959405342729	65.70348540819836	66.72574990556973	61.732148528816644	61.928844421760786	65.26908422558566	61.71364084550306	65.70348540819836	67.11558186838965	65.3771955253266	61.22169853275219	61.08600825983752	64.12950316656467	61.207423479967424	66.72574990556973	65.3771955253266	69.85501495331644
63.177369952361566	63.07303968269902	61.35851008640137	63.159346397044104	57.08913329222824	61.12148962999724	60.60962916043484	63.07303968269902	64.2030070926913	61.93880033706587	63.06121189823628	57.5360555349945	61.651165562492984	60.53037420508143	61.35851008640137	61.93880033706587	67.64091202650945	61.34391021975826	61.66550453819909	67.18396809129187	65.79886937171395	63.159346397044104	63.06121189823628	61.34391021975826	63.18355548591143	57.07658960757633	61.10662006741867	60.597803385435505	57.08913329222824	57.5360555349945	61.66550453819909	57.07658960757633	76.9987005583761	67.44048769382339	68.63384373425022	61.12148962999724	61.651165562492984	67.18396809129187	61.10662006741867	67.44048769382339	69.04214782515928	67.14953892494749	60.60962916043484	60.53037420508143	65.79886937171395	60.597803385435505	68.63384373425022	67.14953892494749	71.84513135347136
63.679142158163856	63.32883335860313	60.343429506728064	63.66756619593964	55.351947215899855	59.869558391634584	59.26659164364647	63.32883335860313	65.24730926700161	61.810674159555106	63.32422907805297	56.67231803610479	61.29275728492059	59.576800413235425	60.343429506728064	61.810674159555106	70.51343444717725	60.33656755155092	65.05587678807538	70.28532623763014	68.72510698745467	63.66756619593964	63.32422907805297	60.33656755155092	63.68189486933754	55.34623587999442	59.8624885186462	59.25990337849502	55.351947215899855	56.67231803610479	65.05587678807538	55.34623587999442	83.18686615165853	71.71844262497267	73.37477102532829	59.869558391634584	61.29275728492059	70.28532623763014	59.8624885186462	71.71844262497267	72.57146082227624	70.65473110403038	59.26659164364647	59.576800413235425	68.72510698745467	59.25990337849502	73.37477102532829	70.65473110403038	75.9240432386265
63.81077792831101	63.45288085755869	60.08149839755807	63.7980393381851	54.90139889992059	59.546225036585625	58.88083248452419	63.45288085755869	65.15493854076101	61.50749352482123	63.44676734694117	56.228586455317064	60.945975597998014	59.27992704459129	60.08149839755807	61.50749352482123	71.13505025885166	60.07260548619057	65.934389488599	71.00039191225116	69.57020943298838	63.7980393381851	63.44676734694117	60.07260548619057	63.81454050323829	54.89378213468784	59.53708024080424	58.872686625373056	54.90139889992059	56.228586455317064	65.934389488599	54.89378213468784	84.77450857811161	72.82231004980116	74.73358982261736	59.546225036585625	60.945975597998014	71.00039191225116	59.53708024080424	72.82231004980116	73.4199901648314	71.66362940150022	58.88083248452419	59.27992704459129	69.57020943298838	58.872686625373056	74.73358982261736	71.66362940150022	77.11205626092327
63.7330107313024	63.45570711532055	60.18856706498349	63.723103023401	55.16878240799288	59.70264052776638	59.02908396469252	63.45570711532055	64.82124620923027	61.31440967154447	63.455614612896504	56.19110907030248	60.79970713227651	59.32451688260906	60.18856706498349	61.31440967154447	70.84898426036986	60.18664038532576	65.52977725539245	70.67693414966958	69.36067687977881	63.723103023401	63.455614612896504	60.18664038532576	63.73335878112925	55.167592318588426	59.70052533475365	59.02515311679281	55.16878240799288	56.19110907030248	65.52977725539245	55.167592318588426	83.8199719561986	72.24825233340343	74.19884869347992	59.70264052776638	60.79970713227651	70.67693414966958	59.70052533475365	72.24825233340343	73.018485926883	71.35484814153602	59.02908396469252	59.32451688260906	69.36067687977881	59.02515311679281	74.19884869347992	71.35484814153602	76.77883660542795
63.11241496429313	62.98116206519802	60.732650217808775	63.10148708420521	57.268415518711265	60.72870757942291	60.23407490994329	62.98116206519802	64.05630010831517	61.488250808283986	62.97752040189459	57.778345454451355	61.40923515506544	60.30066524935131	60.732650217808775	61.488250808283986	69.91715097468119	60.72705540438547	63.660362879471045	69.4459255617496	68.09507836055256	63.10148708420521	62.97752040189459	60.72705540438547	63.114446017419645	57.26405879102309	60.72297930853843	60.22832711408036	57.268415518711265	57.778345454451355	63.660362879471045	57.26405879102309	76.68288208117202	68.75101236926638	70.07068795955168	60.72870757942291	61.40923515506544	69.4459255617496	60.72297930853843	68.75101236926638	71.07878544111067	69.2062210201643	60.23407490994329	60.30066524935131	68.09507836055256	60.22832711408036	70.07068795955168	69.2062210201643	74.18159487487537
69.10087827668437	58.45662263316629	57.95041310626905	58.451659847855616	54.961367305697756	58.299428118241956	61.39577836049053	58.45662263316629	65.19204215930908	63.97871093941919	65.16242248392487	61.427556447666895	64.18375558962917	61.42477346725688	57.95041310626905	63.97871093941919	68.21117113839006	63.967582417987494	63.43657503842609	67.9333442351619	65.18445805879115	58.451659847855616	65.16242248392487	63.967582417987494	65.16834657620875	61.422122513669656	64.17451690915762	61.42972989711812	54.961367305697756	61.427556447666895	63.43657503842609	61.422122513669656	73.8976631925811	67.52844520643808	66.72417162669106	58.299428118241956	64.18375558962917	67.9333442351619	64.17451690915762	67.52844520643808	69.4072449988523	66.0057449639539	61.39577836049053	61.42477346725688	65.18445805879115	61.42972989711812	66.72417162669106	66.0057449639539	71.14154013958989
63.84209146853193	63.60053208158934	60.03625888565063	63.8322503227624	54.80606628720726	59.48249783783676	58.743770647290276	63.60053208158934	64.66512511976009	60.97226772495676	63.59926330302466	55.68542536603758	60.40484297524551	59.034286692721885	60.03625888565063	60.97226772495676	71.12670390866121	60.03295258607622	66.01603980794177	71.02899805093348	69.86869427710023	63.8322503227624	63.59926330302466	60.03295258607622	63.84318816138292	54.80351462305123	59.47898598338623	58.739105348980196	54.80606628720726	55.68542536603758	66.01603980794177	54.80351462305123	85.04460472086106	72.9697686882687	75.16543584990808	59.48249783783676	60.40484297524551	71.02899805093348	59.47898598338623	72.9697686882687	73.49462429487248	72.01146062400204	58.743770647290276	59.034286692721885	69.86869427710023	58.739105348980196	75.16543584990808	72.01146062400204	77.57118139384367
63.82287783205956	63.53277899760562	60.08280003969467	63.81263780706489	54.86096851389295	59.53441619483673	58.8235861118278	63.53277899760562	64.8734362859502	61.223333149448266	63.53026037657013	55.92888179530799	60.65617796516084	59.15529575514589	60.08280003969467	61.223333149448266	71.0419539251949	60.07816045703409	65.89926505542114	70.92620735851557	69.65606216438752	63.81263780706489	63.53026037657013	60.07816045703409	63.824623655091436	54.85719533293263	59.52956834485623	58.81820388338323	54.86096851389295	55.92888179530799	65.89926505542114	54.85719533293263	84.89106826652835	72.83343100127166	74.92030876990884	59.53441619483673	60.65617796516084	70.92620735851557	59.52956834485623	72.83343100127166	73.37286882792726	71.78066639715252	58.8235861118278	59.15529575514589	69.65606216438752	58.81820388338323	74.92030876990884	71.78066639715252	77.30310582903667
63.5950948761746	62.96479158140405	60.17381305204711	63.58060979513978	55.72750743639401	59.857892116029696	59.5143055685779	62.96479158140405	66.50981374710234	62.981199596875996	62.95697013978078	58.042540098908276	62.521631398391996	60.09036080030641	60.17381305204711	62.981199596875996	71.64875117244185	60.1628789536795	65.41757282529473	71.2105731185321	68.79885574384184	63.58060979513978	62.95697013978078	60.1628789536795	63.59973105181069	55.71824125280192	59.846724530434585	59.50478360547162	55.72750743639401	58.042540098908276	65.41757282529473	55.71824125280192	81.60549557375018	71.5095764240101	72.21863149422796	59.857892116029696	62.521631398391996	71.2105731185321	59.846724530434585	71.5095764240101	73.17428898143304	70.38377703096943	59.5143055685779	60.09036080030641	68.79885574384184	59.50478360547162	72.21863149422796	70.38377703096943	75.1503107702924
68.98553252212122	68.97773058011967	68.65160028327738	49.6078272183312	68.59033120303089	69.7630637944329	67.93440706305839	68.97773058011967	68.99111467928874	68.65319748534036	49.616485372846554	68.59114656423873	69.76373596504561	67.92784134685223	68.65160028327738	68.65319748534036	69.10642905358718	49.13966376553171	68.20367562688557	69.85126828114248	68.23975393175375	49.6078272183312	49.616485372846554	49.13966376553171	79.5140490099892	49.40145238797767	49.72701822415634	53.40843245440162	68.59033120303089	68.59114656423873	68.20367562688557	49.40145238797767	69.05461014968373	69.52605135241888	67.94967450206828	69.7630637944329	69.76373596504561	69.85126828114248	49.72701822415634	69.52605135241888	71.16200452529637	68.55086584286005	67.93440706305839	67.92784134685223	68.23975393175375	53.40843245440162	67.94967450206828	68.55086584286005	71.59436147064767
77.96827617678954	77.88195391862396	78.16090734888388	37.28442672725352	77.41082974802825	79.58185385695232	74.8404803644184	77.88195391862396	77.95389783408643	78.09190488841145	37.42654574111274	77.33182181565476	79.50082750951135	74.71972899002293	78.16090734888388	78.09190488841145	79.51987981861618	36.40474797902042	77.5934416249994	80.59397939127393	75.64135992521273	37.28442672725352	37.42654574111274	36.40474797902042	98.19831931439498	36.981963135332435	36.67817872722367	43.59999325455763	77.41082974802825	77.33182181565476	77.5934416249994	36.981963135332435	78.44382615701429	79.4555248742414	74.9520264994847	79.58185385695232	79.50082750951135	80.59397939127393	36.67817872722367	79.4555248742414	82.3459538537615	76.27106378393408	74.8404803644184	74.71972899002293	75.64135992521273	43.59999325455763	74.9520264994847	76.27106378393408	76.83684830247704
62.28260145001068	62.32010570101772	62.014881081122084	62.15224455537479	60.118735722691795	62.52129981950106	62.20458066350552	62.32010570101772	64.63411084255631	62.50543251790978	62.2062274507275	60.58500381191748	62.89468764860211	61.86363735011344	62.014881081122084	62.50543251790978	63.738161030833055	61.88182503695772	60.03208892498542	63.83977944816303	62.53957361235438	62.15224455537479	62.2062274507275	61.88182503695772	62.34373068126037	59.98780575316706	62.38417492463047	62.09139511446697	60.118735722691795	60.58500381191748	60.03208892498542	59.98780575316706	65.97588659472116	63.08469368600131	61.90635149426908	62.52129981950106	62.89468764860211	63.83977944816303	62.38417492463047	63.08469368600131	65.28140184162726	63.108419012889875	62.20458066350552	61.86363735011344	62.53957361235438	62.09139511446697	61.90635149426908	63.108419012889875	65.1613234997231
71.35895839933605	71.33552190297969	71.32299112120675	43.75603505255593	71.20955618938291	71.96166180157819	71.20762030790844	71.33552190297969	71.36677478381645	71.30689364043646	43.82143270565551	71.19398059311663	71.94249768870127	71.18793442438486	71.32299112120675	71.30689364043646	71.33102277017379	43.673709174153345	71.17739210978445	71.94795860444121	71.18503420628011	43.75603505255593	43.82143270565551	43.673709174153345	81.52671928860586	43.50779510126314	44.32091260972854	44.6756695233039	71.20955618938291	71.19398059311663	71.17739210978445	43.50779510126314	71.28161244605329	71.85814207110168	71.08775620033283	71.96166180157819	71.94249768870127	71.94795860444121	44.32091260972854	71.85814207110168	72.76911915604359	71.76369727744752	71.20762030790844	71.18793442438486	71.18503420628011	44.6756695233039	71.08775620033283	71.76369727744752	71.6600464314768
72.79324409252716	71.99390821079554	72.75394793883882	36.59692944546255	72.54793556128749	72.84960729824948	72.69679336652648	71.99390821079554	73.13032454384698	72.00241858448521	39.55797319422986	71.82962512411534	72.0829690259123	71.69887827109144	72.75394793883882	72.00241858448521	72.77024190490364	36.610426371080635	72.5563145469675	72.8584412415004	72.70397700461261	36.59692944546255	39.55797319422986	36.610426371080635	91.81092273890836	36.42034126042501	36.67063192988202	38.571273311227856	72.54793556128749	71.82962512411534	72.5563145469675	36.42034126042501	72.5225466596126	72.65602272244739	72.54052639745814	72.84960729824948	72.0829690259123	72.8584412415004	36.67063192988202	72.65602272244739	72.97629078626662	72.78492195310737	72.69679336652648	71.69887827109144	72.70397700461261	38.571273311227856	72.54052639745814	72.78492195310737	73.75508008127635
72.25940757254234	72.22557703474972	72.18932522384848	38.22299730416605	72.14862664802273	72.35526520187592	72.06944528574385	72.22557703474972	72.26060667289237	72.21423654835135	38.28505196877471	72.17369860780045	72.37948457553158	72.08574183725565	72.18932522384848	72.21423654835135	72.1986226291815	38.202965093741405	72.13657927091303	72.34518782987716	72.06249897823885	38.22299730416605	38.28505196877471	38.202965093741405	86.88495221814078	38.166927179273024	38.36671656067107	40.61935775994267	72.14862664802273	72.17369860780045	72.13657927091303	38.166927179273024	72.16698390557954	72.30535602781733	72.03083956111998	72.35526520187592	72.37948457553158	72.34518782987716	38.36671656067107	72.30535602781733	72.54646757326962	72.19498453843772	72.06944528574385	72.08574183725565	72.06249897823885	40.61935775994267	72.03083956111998	72.19498453843772	73.04528312227755
58.39204463887647	58.33284385323161	58.29573606865099	58.17220443440403	58.15291914049062	58.47210573019621	59.05728135215372	58.33284385323161	58.45242980352222	58.40480311859884	58.281235647734505	58.26365777131451	58.579344409391204	59.1457614654693	58.29573606865099	58.40480311859884	58.38146886910749	58.24439291984037	58.225565991038636	58.54414985185968	59.11743299657709	58.17220443440403	58.281235647734505	58.24439291984037	58.496995611837534	58.10294937611954	58.41907551256663	58.997092832456666	58.15291914049062	58.26365777131451	58.225565991038636	58.10294937611954	58.21945134475385	58.40738306702882	59.003894827657966	58.47210573019621	58.579344409391204	58.54414985185968	58.41907551256663	58.40738306702882	58.764251192443645	59.26389938758844	59.05728135215372	59.1457614654693	59.11743299657709	58.997092832456666	59.003894827657966	59.26389938758844	60.75936203051275
61.83635091682985	58.0317573559691	57.998810875821874	55.76907804828485	58.00250759449637	58.385324628273196	59.94526271060843	58.0317573559691	62.33073985373231	62.28483710209988	60.117497471761894	62.28722305613486	62.55558994104709	62.5853428464886	57.998810875821874	62.28483710209988	62.278778591741755	60.097569762040294	62.270774470957846	62.541815952872774	62.582897510375275	55.76907804828485	60.117497471761894	60.097569762040294	63.481713695371795	60.10043958925159	60.357038328829816	60.670014174905	58.00250759449637	62.28722305613486	62.270774470957846	60.10043958925159	62.28916215572284	62.54345803199927	62.583771102324725	58.385324628273196	62.55558994104709	62.541815952872774	60.357038328829816	62.54345803199927	62.92128284034117	62.76799429501272	59.94526271060843	62.5853428464886	62.582897510375275	60.670014174905	62.583771102324725	62.76799429501272	64.9418895338372
62.045657637721156	62.039099352150224	62.03038907731211	60.7997555096523	61.55597996739211	62.913407397980116	62.68569298034299	62.039099352150224	62.05657956847889	62.035909312750015	60.80580781085848	61.561882159955935	62.91821227937817	62.68310917439252	62.03038907731211	62.035909312750015	62.058647180756644	60.79550429380255	61.55153945955648	62.930892239902306	62.697338680171505	60.7997555096523	60.80580781085848	60.79550429380255	62.63360650754527	60.325514596961696	61.63954809296168	61.72370843493514	61.55597996739211	61.561882159955935	61.55153945955648	60.325514596961696	62.56884879961662	62.84470695269208	62.779356864321315	62.913407397980116	62.91821227937817	62.930892239902306	61.63954809296168	62.84470695269208	64.32497725433807	63.16192686064153	62.68569298034299	62.68310917439252	62.697338680171505	61.72370843493514	62.779356864321315	63.16192686064153	66.75073644990161
76.01048227649196	75.1562003159769	75.99921264708638	38.79971890106084	74.90901068319711	76.67093902305858	74.97131954853577	75.1562003159769	75.6981749086986	75.15495388801045	40.52521548544666	74.18743768827751	75.77183174991792	73.94621793630913	75.99921264708638	75.15495388801045	76.01122252585142	38.7841800042138	74.89858829497618	76.67309221175717	74.97156554447096	38.79971890106084	40.52521548544666	38.7841800042138	93.93109601749482	37.53021167078927	38.95820993636732	41.38426338261967	74.90901068319711	74.18743768827751	74.89858829497618	37.53021167078927	75.56307219085244	75.92344763284564	74.35142671632033	76.67093902305858	75.77183174991792	76.67309221175717	38.95820993636732	75.92344763284564	77.65320866616814	75.53096886011342	74.97131954853577	73.94621793630913	74.97156554447096	41.38426338261967	74.35142671632033	75.53096886011342	75.90164923475977
73.62149462116378	73.58975563991402	73.59069791322412	41.06093438805756	72.17386352037903	73.89940658667804	72.51393549127944	73.58975563991402	73.61531074854013	73.59866555389239	41.10086057445881	72.18621536938926	73.90671893462614	72.51155393261313	73.59069791322412	73.59866555389239	73.60853885343242	41.068597903211106	72.17967976532593	73.90960827563862	72.52058728725856	41.06093438805756	41.10086057445881	41.068597903211106	89.92806463040704	39.78596568243123	41.18041211798822	44.4486909942994	72.17386352037903	72.18621536938926	72.17967976532593	39.78596568243123	72.27711485486321	72.64735803189767	71.78479565482746	73.89940658667804	73.90671893462614	73.90960827563862	41.18041211798822	72.64735803189767	74.3611843977621	72.7546713423716	72.51393549127944	72.51155393261313	72.52058728725856	44.4486909942994	71.78479565482746	72.7546713423716	73.83209860715888
76.1044513431622	75.35020937334993	76.06449659285087	40.824306839290124	73.32582635983638	76.20145416207646	75.05794887833913	75.35020937334993	75.69679976527202	75.36602993183357	42.06968308428648	72.886291171502	75.49702731747945	74.28407805193171	76.06449659285087	75.36602993183357	76.08697227349671	40.847644152612204	73.3441651439711	76.21872149251571	75.07099290680057	40.824306839290124	42.06968308428648	40.847644152612204	93.67590142221466	37.72997012193245	40.79384455075443	42.36702294692491	73.32582635983638	72.886291171502	73.3441651439711	37.72997012193245	73.42323063841782	73.77229335196176	73.09934680637843	76.20145416207646	75.49702731747945	76.21872149251571	40.79384455075443	73.77229335196176	76.49840806774027	75.21069143120701	75.05794887833913	74.28407805193171	75.07099290680057	42.36702294692491	73.09934680637843	75.21069143120701	75.55424462017886
75.50178261549821	75.10955218367951	75.48989928195182	41.75808587802393	72.85076900592728	75.60483262350873	74.60054624409233	75.10955218367951	75.29663289707115	75.11328458053003	42.415082802760786	72.61479652890941	75.22535917565082	74.18862129825226	75.48989928195182	75.11328458053003	75.50139169042006	41.759034794310494	72.84530707006856	75.60896248535272	74.60376848383787	41.75808587802393	42.415082802760786	41.759034794310494	92.24403848010984	38.42612978331759	41.71870304467496	43.10170466491768	72.85076900592728	72.61479652890941	72.84530707006856	38.42612978331759	72.87673028641562	73.21603485455972	72.63996848421586	75.60483262350873	75.22535917565082	75.60896248535272	41.71870304467496	73.21603485455972	75.84650778806977	74.72060501830617	74.60054624409233	74.18862129825226	74.60376848383787	43.10170466491768	72.63996848421586	74.72060501830617	75.02133802646767
73.16476168402275	72.9911481085289	73.13640794569956	38.524137540405796	72.40625421594724	73.20851092674583	72.90531279637145	72.9911481085289	73.17806638855875	72.97952925797358	39.0561802731566	72.27435447836439	73.04912156769721	72.71548385971978	73.13640794569956	72.97952925797358	73.13614350722332	38.50204454912221	72.38909053781484	73.19644398645944	72.89579993225023	38.524137540405796	39.0561802731566	38.50204454912221	88.36944480803663	37.55379565966381	38.57323036110173	40.1797692084826	72.40625421594724	72.27435447836439	72.38909053781484	37.55379565966381	72.2725780078365	72.4775211716373	72.3048659848356	73.20851092674583	73.04912156769721	73.19644398645944	38.57323036110173	72.4775211716373	73.2870972155092	72.9573796627445	72.90531279637145	72.71548385971978	72.89579993225023	40.1797692084826	72.3048659848356	72.9573796627445	73.56496174005176
72.51183947143602	71.7784399109414	71.89071237438748	36.81231815875232	71.89454772081825	71.97250438082118	71.91411042594927	71.7784399109414	72.59029559522001	72.34215490920211	38.662657287408216	72.34472692502823	72.41371584494212	72.30640467560725	71.89071237438748	72.34215490920211	72.49596558074275	37.94098119836703	72.48628034438462	72.55867821144426	72.46492081938692	36.81231815875232	38.662657287408216	37.94098119836703	85.49965147055278	37.955542685253825	38.038569858024246	38.609349487416715	71.89454772081825	72.34472692502823	72.48628034438462	37.955542685253825	72.50926036135978	72.56174529464694	72.46772976424388	71.97250438082118	72.41371584494212	72.55867821144426	38.038569858024246	72.56174529464694	72.64789797483614	72.53568769011838	71.91411042594927	72.30640467560725	72.46492081938692	38.609349487416715	72.46772976424388	72.53568769011838	72.75212546662264
76.08570662600468	73.78006958119954	76.07050020754303	37.8787959482567	74.2972548736763	76.36966996674171	75.84467530860589	73.78006958119954	75.0559441156786	73.78174080507642	42.74250542685402	72.59850932123784	74.01397511163773	73.42321303697146	76.07050020754303	73.78174080507642	76.07748104827877	37.877274089488786	74.2904850775736	76.36960761195256	75.84356432563794	37.8787959482567	42.74250542685402	37.877274089488786	95.88484811573198	36.149089813889255	37.91597699550587	38.48181066331825	74.2972548736763	72.59850932123784	74.2904850775736	36.149089813889255	74.28116460949511	74.79527128421398	74.2381946284333	76.36966996674171	74.01397511163773	76.36960761195256	37.91597699550587	74.79527128421398	76.81834099500429	76.13227183217968	75.84467530860589	73.42321303697146	75.84356432563794	38.48181066331825	74.2381946284333	76.13227183217968	76.17190349998754
89.29044715868073	67.13300229848015	69.00842193709109	28.6348245613939	66.55186219472974	70.1366250118258	72.10299158302288	67.13300229848015	83.62377041410522	82.10516628803855	46.016520117046284	81.51615503145571	82.64991647609516	75.66519967085665	69.00842193709109	82.10516628803855	96.78538509750335	33.62308466528161	95.67966905195121	97.74337728499884	90.8712691200858	28.6348245613939	46.016520117046284	33.62308466528161	110.65667284309649	33.710246830968615	33.17228178656344	34.70607786447056	66.55186219472974	81.51615503145571	95.67966905195121	33.710246830968615	97.07846618852567	97.10823854258817	90.40417323299516	70.1366250118258	82.64991647609516	97.74337728499884	33.17228178656344	97.10823854258817	99.12932021409777	91.74656768281936	72.10299158302288	75.66519967085665	90.8712691200858	34.70607786447056	90.40417323299516	91.74656768281936	91.08078082052617
83.28622010560747	69.15702847692582	69.84130852549806	30.537625463609416	68.07756296300445	70.54406963608615	70.92654949991922	69.15702847692582	78.52022274620141	77.70647792975139	45.512532165711804	77.32991644921343	78.01328171953246	75.4369425990934	69.84130852549806	77.70647792975139	82.40549536161733	40.82735071995763	81.82430860096683	82.80864488227408	80.33281396190898	30.537625463609416	45.512532165711804	40.82735071995763	103.38063242076018	40.655012986619795	40.73981280602926	41.62678287115166	68.07756296300445	77.32991644921343	81.82430860096683	40.655012986619795	82.51965358125116	82.38093197806764	79.95090594032263	70.54406963608615	78.01328171953246	82.80864488227408	40.73981280602926	82.38093197806764	83.41740351858543	80.69941585547983	70.92654949991922	75.4369425990934	80.33281396190898	41.62678287115166	79.95090594032263	80.69941585547983	80.58810051717354
78.50978087475028	74.12463377512375	74.55628932569864	38.6899790721767	71.19005470605607	74.60825820035105	73.89157540284808	74.12463377512375	76.04702843776208	75.83210857908071	42.52306836891705	73.57643088290975	75.87884755069558	74.67017004531112	74.55628932569864	75.83210857908071	76.38927313631184	41.66914535940833	73.96098504023576	76.43254802895946	75.26689940663638	38.6899790721767	42.52306836891705	41.66914535940833	94.87430289075793	39.183938965306396	41.66047113575131	43.02353774721269	71.19005470605607	73.57643088290975	73.96098504023576	39.183938965306396	73.98325106930443	74.10216691072073	73.48778723602442	74.60825820035105	75.87884755069558	76.43254802895946	41.66047113575131	74.10216691072073	76.5260080742416	75.31475543219571	73.89157540284808	74.67017004531112	75.26689940663638	43.02353774721269	73.48778723602442	75.31475543219571	75.64562633365969
76.83782327831116	67.88611022872581	66.83238751903941	29.90161348117379	66.94590112517304	67.03104101430296	67.37646101677736	67.88611022872581	76.75180845745055	75.45326322149286	47.25142972602141	75.45763936271803	75.47885957614184	74.92963251710735	66.83238751903941	75.45326322149286	85.34324485546645	38.473627218390206	85.3651732033551	85.40539434732031	84.90793080872717	29.90161348117379	47.25142972602141	38.473627218390206	107.50751887643594	38.459038015931526	38.44559005203362	38.55171268938639	66.94590112517304	75.45763936271803	85.3651732033551	38.459038015931526	85.43425092635634	85.46323149520276	84.96444842486552	67.03104101430296	75.47885957614184	85.40539434732031	38.44559005203362	85.46323149520276	85.5154465853311	85.00277444639936	67.37646101677736	74.92963251710735	84.90793080872717	38.55171268938639	84.96444842486552	85.00277444639936	85.03377649227063
78.3160683581672	67.49368678581399	66.3829224475972	30.028325356014946	66.39314344764249	66.71584910596333	67.5221426972405	67.49368678581399	77.88072743561105	76.08226324857911	47.45418445191196	76.08041153883704	76.1721259765822	74.6052070717348	66.3829224475972	76.08226324857911	90.10633729858785	35.20493444398348	90.10961535877648	90.30382564614075	88.86819098272011	30.028325356014946	47.45418445191196	35.20493444398348	110.31269690741377	35.19895938585262	35.115640805318385	35.39830189940899	66.39314344764249	76.08041153883704	90.10961535877648	35.19895938585262	90.1347545012502	90.31673351972495	88.88102727268996	66.71584910596333	76.1721259765822	90.30382564614075	35.115640805318385	90.31673351972495	90.57009207928905	89.06458694400915	67.5221426972405	74.6052070717348	88.86819098272011	35.39830189940899	88.88102727268996	89.06458694400915	89.0876965355502
91.63769993890378	62.29891166255382	64.83004272389903	28.97059696060189	64.83247625034676	66.6459157029939	73.049380567388	62.29891166255382	93.21184731674725	90.93996753906454	44.1840212954273	90.93854087448037	92.14787352203567	75.75850304542163	64.83004272389903	90.93996753906454	105.55699640210622	31.380946427684584	105.55876681073565	107.39888975020868	91.77127953509064	28.97059696060189	44.1840212954273	31.380946427684584	111.41816708839151	31.375515928850334	30.704027292672016	34.04102044778985	64.83247625034676	90.93854087448037	105.55876681073565	31.375515928850334	105.58620222904689	107.41051819035923	91.78163890738034	66.6459157029939	92.14787352203567	107.39888975020868	30.704027292672016	107.41051819035923	109.6914461336534	93.00541113311543	73.049380567388	75.75850304542163	91.77127953509064	34.04102044778985	91.78163890738034	93.00541113311543	92.20730860203521
90.02392667662488	62.188166871341416	62.83557940119415	30.484587490152684	62.81190372479935	64.32501097193867	70.91034129316725	62.188166871341416	91.75403214997134	90.98336824593449	43.246379010748015	90.96488564410575	92.03410981236937	76.83930654640449	62.83557940119415	90.98336824593449	95.31157624469171	39.38704897384899	95.28780717435012	96.52328882031428	81.62549554733803	30.484587490152684	43.246379010748015	39.38704897384899	104.55437762787069	39.388390979562544	39.10488955258268	42.60496083177432	62.81190372479935	90.96488564410575	95.28780717435012	39.388390979562544	95.3078482105929	96.50977258478754	81.6237862928988	64.32501097193867	92.03410981236937	96.52328882031428	39.10488955258268	96.50977258478754	98.10169233969705	82.31263708832472	70.91034129316725	76.83930654640449	81.62549554733803	42.60496083177432	81.6237862928988	82.31263708832472	81.36426741580739
61.87761223118563	61.9054181434922	61.72833999542837	61.85811897247525	60.723509112321196	62.47805085384678	62.25663087375464	61.9054181434922	62.63011783993708	61.80720309110243	61.89213618219668	60.78190350873364	62.52297182997049	62.03080760151264	61.72833999542837	61.80720309110243	62.351184311197485	61.71442313303388	60.563403748345706	62.8676907557821	62.53078922905352	61.85811897247525	61.89213618219668	61.71442313303388	61.88402665379673	60.71020972674938	62.4635836432239	62.244832122169804	60.723509112321196	60.78190350873364	60.563403748345706	60.71020972674938	63.59617003968384	62.461314427351404	62.63581073934703	62.47805085384678	62.52297182997049	62.8676907557821	62.4635836432239	62.461314427351404	64.20991983840062	62.98141884978066	62.25663087375464	62.03080760151264	62.53078922905352	62.244832122169804	62.63581073934703	62.98141884978066	66.92450203070392
59.225521390762346	57.271344372727235	56.739046012491706	54.217937944899546	56.75250124601612	56.847236727860206	56.98307510293143	57.271344372727235	63.15753883709656	62.32435106819637	60.13582173288184	62.3300035039303	62.37921394936647	62.352337902050984	56.739046012491706	62.32435106819637	62.24807303520954	59.94320026070711	62.24217132521379	62.29578612895115	62.28248353354943	54.217937944899546	60.13582173288184	59.94320026070711	63.539093468133984	59.95096323247447	60.003386073635	60.01352081477798	56.75250124601612	62.3300035039303	62.24217132521379	59.95096323247447	62.266840930805216	62.30269977768922	62.289298089528835	56.847236727860206	62.37921394936647	62.29578612895115	60.003386073635	62.30269977768922	62.37167376330449	62.34079345052407	56.98307510293143	62.352337902050984	62.28248353354943	60.01352081477798	62.289298089528835	62.34079345052407	62.52014632529632
63.853562582888365	61.690486677566014	57.19160000795553	54.07315571775799	57.40819150213571	57.631577514272884	57.44822989289251	61.690486677566014	70.43083061380135	63.521635903209365	61.35279211714442	63.481693529520406	63.5404941551561	63.4476168977305	57.19160000795553	63.521635903209365	63.997220531977625	60.27310768591336	64.03157772170498	64.18094888949238	64.03312921093023	54.07315571775799	61.35279211714442	60.27310768591336	66.40028953301386	60.388647007234376	60.50149874322963	60.39162866390275	57.40819150213571	63.481693529520406	64.03157772170498	60.388647007234376	64.17613551318217	64.30732968315498	64.17043304923902	57.631577514272884	63.5404941551561	64.18094888949238	60.50149874322963	64.30732968315498	64.51653934999091	64.30711436225826	57.44822989289251	63.4476168977305	64.03312921093023	60.39162866390275	64.17043304923902	64.30711436225826	64.22188179406375
69.1676209931325	69.01328777284347	69.12471265761873	48.49333593615257	67.43553849799643	69.34121199702282	68.80603096552167	69.01328777284347	69.31871207158159	69.03411599166658	48.856108005029704	67.41160771975939	69.24454263998642	68.66102839196898	69.12471265761873	69.03411599166658	69.15177838565279	48.520242427614605	67.4587549097554	69.3629587432099	68.82250980090652	48.49333593615257	48.856108005029704	48.520242427614605	78.97132071112895	46.60286143136145	48.64224021551804	49.82193808093702	67.43553849799643	67.41160771975939	67.4587549097554	46.60286143136145	67.48783918304034	67.85489457359293	67.62631278439055	69.34121199702282	69.24454263998642	69.3629587432099	48.64224021551804	67.85489457359293	69.7105410079014	69.01129560716458	68.80603096552167	68.66102839196898	68.82250980090652	49.82193808093702	67.62631278439055	69.01129560716458	69.89773630885612
74.72596817201745	74.6650590772541	74.70790455364357	39.57413058677483	73.04119578744972	74.92981234803263	73.50561829476864	74.6650590772541	74.71369466368817	74.6665455985178	39.69217322050298	73.01199081938859	74.88716230035169	73.44638257917575	74.70790455364357	74.6665455985178	74.71707521510415	39.57323126548027	73.03811625284496	74.93213819100632	73.50763349685575	39.57413058677483	39.69217322050298	39.57323126548027	92.36253603866592	38.05994803716768	39.64142356061108	42.90744720586152	73.04119578744972	73.01199081938859	73.03811625284496	38.05994803716768	73.00527288517524	73.39544524409102	72.58093725949074	74.92981234803263	74.88716230035169	74.93213819100632	39.64142356061108	73.39544524409102	75.26234141139449	73.68214819886671	73.50561829476864	73.44638257917575	73.50763349685575	42.90744720586152	72.58093725949074	73.68214819886671	74.61578929059161
74.72817387283476	74.60870185333603	74.71422085905817	42.82354297935638	71.82717975931448	74.78296039064422	73.42502586913022	74.60870185333603	74.68438305159651	74.61296498259728	43.018750065005165	71.76941694501639	74.68108563331718	73.30447528226823	74.71422085905817	74.61296498259728	74.72635439145547	42.825648792268524	71.82246214188595	74.78754911407745	73.42857264815208	42.82354297935638	43.018750065005165	42.825648792268524	90.52362847370988	39.83024944055901	42.81094626228029	44.80182927406216	71.82717975931448	71.76941694501639	71.82246214188595	39.83024944055901	71.55271663753238	72.05030273457797	71.5710336451153	74.78296039064422	74.68108563331718	74.78754911407745	42.81094626228029	72.05030273457797	74.93056809643966	73.4981012911262	73.42502586913022	73.30447528226823	73.42857264815208	44.80182927406216	71.5710336451153	73.4981012911262	74.12741475216392
66.23777810716341	66.2048616697137	66.21930887847782	52.61021549426323	64.25244527221162	66.28192291521042	66.12358137604599	66.2048616697137	66.3718459282016	66.19882054307767	52.73071490145742	64.26557831809113	66.26042421072032	66.07762984819561	66.21930887847782	66.19882054307767	66.2247364871768	52.601082149872845	64.2348772333691	66.27602614268771	66.11944603204977	52.61021549426323	52.73071490145742	52.601082149872845	72.79735231292736	50.50026712499463	52.65054610613354	53.56170988783913	64.25244527221162	64.26557831809113	64.2348772333691	50.50026712499463	63.87457700200078	64.3594628827846	64.67061878904947	66.28192291521042	66.26042421072032	66.27602614268771	52.65054610613354	64.3594628827846	66.37411148047237	66.17276607005188	66.12358137604599	66.07762984819561	66.11944603204977	53.56170988783913	64.67061878904947	66.17276607005188	67.35740834704535
63.032967865899785	63.030637235532375	62.80709807381783	56.09455900108901	62.45232615206652	63.28154364146021	63.62775920351568	63.030637235532375	63.104199417346585	62.812494271421	56.12009229575593	62.45796292284497	63.2842300035788	63.60816993218437	62.80709807381783	62.812494271421	62.75630256252498	55.867670799763744	62.184030957002136	63.095274988924324	63.55522833867705	56.09455900108901	56.12009229575593	55.867670799763744	66.83376729983983	55.56783300762913	56.29484346623475	57.83914606342519	62.45232615206652	62.45796292284497	62.184030957002136	55.56783300762913	62.610626947331745	62.76422055279087	63.400706351538865	63.28154364146021	63.2842300035788	63.095274988924324	56.29484346623475	62.76422055279087	63.6739522630633	63.795830349211634	63.62775920351568	63.60816993218437	63.55522833867705	57.83914606342519	63.400706351538865	63.795830349211634	66.82973056799386
72.1026494100914	72.03763592897522	72.05958025983577	37.94539515611326	71.97636921404057	72.13517470447776	72.03424826793933	72.03763592897522	72.12640291438308	72.03716088720525	38.17704391794848	71.95514862795588	72.111608007051	72.00317116952388	72.05958025983577	72.03716088720525	72.06952161896142	37.94343708399894	71.97539412379541	72.13482617669533	72.03401231894064	37.94539515611326	38.17704391794848	37.94343708399894	84.0719078995089	37.82172252682769	38.03936195913062	38.956081732146416	71.97636921404057	71.95514862795588	71.97539412379541	37.82172252682769	71.97857230606581	72.05290596775674	71.95926671098644	72.13517470447776	72.111608007051	72.13482617669533	38.03936195913062	72.05290596775674	72.2258090636394	72.10315025977637	72.03424826793933	72.00317116952388	72.03401231894064	38.956081732146416	71.95926671098644	72.10315025977637	72.45733018916953
