60.06577504750111	60.72479265357352	59.85011904177272	59.98514919585237	59.57012051860693	60.40761990725338	60.12271106133174	60.72479265357352	63.79691712997033	60.608803937977626	60.66122549212603	60.36820693834231	61.00389996440222	60.73111308998717	59.85011904177272	60.608803937977626	59.78508990134344	59.7750054625626	59.32296402562434	60.238771433908624	59.91937738709483	59.98514919585237	60.66122549212603	59.7750054625626	60.1033617408776	59.49510675758919	60.33201973496394	60.04826960175505	59.57012051860693	60.36820693834231	59.32296402562434	59.49510675758919	59.637063536623884	59.98455300448814	59.648161849540436	60.40761990725338	61.00389996440222	60.238771433908624	60.33201973496394	59.98455300448814	60.92530094987712	60.46350963926016	60.12271106133174	60.73111308998717	59.91937738709483	60.04826960175505	59.648161849540436	60.46350963926016	60.35775168587538
61.59762553744196	62.42639937560529	61.517997252669275	61.57376372763737	61.51836397892668	62.64204869303179	61.607050173089874	62.42639937560529	69.0903283941617	62.838922302986624	62.41444578068	62.423468073165395	63.20921115455686	62.37624342938134	61.517997252669275	62.838922302986624	62.05099968656289	61.50014000342016	61.44480457492844	63.0155760721388	61.537053016342746	61.57376372763737	62.41444578068	61.50014000342016	61.60645053598253	61.500617411719965	62.623165309230394	61.58930530528037	61.51836397892668	62.423468073165395	61.44480457492844	61.500617411719965	61.69697383209042	62.65182656123239	61.53572733146429	62.64204869303179	63.20921115455686	63.0155760721388	62.623165309230394	62.65182656123239	64.45400165282581	62.649533240224095	61.607050173089874	62.37624342938134	61.537053016342746	61.58930530528037	61.53572733146429	62.649533240224095	61.72295412678599
61.43204662870674	61.95355822082099	61.39288834047569	61.415542366557546	61.35868540028102	62.52094249828574	61.457156106558664	61.95355822082099	65.63126220110082	61.989296670067226	61.94536153053586	61.9197055789416	62.75118307888732	61.926520483565824	61.39288834047569	61.989296670067226	61.50475832789526	61.38309223263225	61.32525377752681	62.5969959195018	61.42706519974124	61.415542366557546	61.94536153053586	61.38309223263225	61.436714933329284	61.348932668130395	62.510526968832274	61.44740351675153	61.35868540028102	61.9197055789416	61.32525377752681	61.348932668130395	61.49195004327744	62.520177979124895	61.39326559271693	62.52094249828574	62.75118307888732	62.5969959195018	62.510526968832274	62.520177979124895	64.08294089484536	62.53379928936864	61.457156106558664	61.926520483565824	61.42706519974124	61.44740351675153	61.39326559271693	62.53379928936864	61.640846672563555
62.53297291588709	62.513004473818874	62.49869146572695	62.51910354524214	59.287375793705735	62.56358564254108	62.500358874653216	62.513004473818874	68.01028964946164	62.63605929613165	62.50762948736906	61.662553480937845	62.886009775631415	62.37385345582414	62.49869146572695	62.63605929613165	62.70140504080277	62.491497235424745	59.18373630885848	62.67517132133223	62.47631941910479	62.51910354524214	62.50762948736906	62.491497235424745	62.53582280437011	59.281426018967956	62.556165655411434	62.493178524998065	59.287375793705735	61.662553480937845	59.18373630885848	59.281426018967956	65.28441970200176	62.19211795240595	59.48016240362243	62.56358564254108	62.886009775631415	62.67517132133223	62.556165655411434	62.19211795240595	63.98388677865138	62.57630215877848	62.500358874653216	62.37385345582414	62.47631941910479	62.493178524998065	59.48016240362243	62.57630215877848	62.76834095796823
62.84714725668084	61.554365679252896	61.79418396158914	62.82112762297959	58.67685882849237	61.837739817930164	62.759996730079045	61.554365679252896	77.25391468307473	68.6384671029241	61.54316788884183	64.44132723884134	67.99368929192967	61.416174163974304	61.79418396158914	68.6384671029241	68.47399938472607	61.77403320551338	59.96847491528314	67.18744192041757	61.886834792803114	62.82112762297959	61.54316788884183	61.77403320551338	62.85667282487208	58.65791046812225	61.81666245694592	62.73963040404824	58.67685882849237	64.44132723884134	59.96847491528314	58.65791046812225	69.48002251658662	64.27699349563767	59.048247639518465	61.837739817930164	67.99368929192967	67.18744192041757	61.81666245694592	64.27699349563767	68.09204478093362	61.99009456402418	62.759996730079045	61.416174163974304	61.886834792803114	62.73963040404824	59.048247639518465	61.99009456402418	63.13962207241264
61.45020374872981	61.696448246184985	60.67331933284304	61.432064655493605	60.98229839471089	61.74542848103156	61.45551305979976	61.696448246184985	66.37760304352932	61.78779387996714	61.687187704986464	61.382760628246515	62.17988598914262	61.6762236513134	60.67331933284304	61.78779387996714	61.04565351847564	60.66162540940185	59.973429186760015	61.55216360478164	60.69842535386991	61.432064655493605	61.687187704986464	60.66162540940185	61.45671096036785	60.970694499032994	61.73321044642461	61.44372593961248	60.98229839471089	61.382760628246515	59.973429186760015	60.970694499032994	61.61684117457572	61.42258638628189	61.00161462726697	61.74542848103156	62.17988598914262	61.55216360478164	61.73321044642461	61.42258638628189	62.68001043774602	61.758005203007265	61.45551305979976	61.6762236513134	60.69842535386991	61.44372593961248	61.00161462726697	61.758005203007265	61.55197982712546
61.7237934201187	61.81125635442251	60.78598855205241	61.50349707805253	61.70351344629908	62.149642458499045	61.74145006051685	61.81125635442251	66.50080915899538	62.99022950654243	61.634111637759844	61.80230866766905	63.43066098018951	61.784360729711146	60.78598855205241	62.99022950654243	63.8371553898249	60.54747977034912	60.764668579900494	64.20071228552969	60.90228738007859	61.50349707805253	61.634111637759844	60.54747977034912	61.83030392926464	61.48888341006933	61.912041236203144	61.528236453609956	61.70351344629908	61.80230866766905	60.764668579900494	61.48888341006933	61.74324194818656	62.1477215416687	61.7277724394614	62.149642458499045	63.43066098018951	64.20071228552969	61.912041236203144	62.1477215416687	65.18970199918387	62.21188527334804	61.74145006051685	61.784360729711146	60.90228738007859	61.528236453609956	61.7277724394614	62.21188527334804	61.99474460864638
82.4923974055358	72.46355631774121	80.97294781057794	29.975918857958636	82.44302423095606	83.46495536533114	82.46923695202199	72.46355631774121	79.32560203231284	76.07987847186422	46.01937503144786	72.46001558674389	75.69195517238617	72.39141236481518	80.97294781057794	76.07987847186422	83.99608357330123	30.174548271851116	80.9184187319946	84.99686587196757	80.97610062313558	29.975918857958636	46.01937503144786	30.174548271851116	109.5869006390263	29.94033994155669	29.67417988013068	30.031188569098223	82.44302423095606	72.46001558674389	80.9184187319946	29.94033994155669	82.53467171378549	83.45501748597522	82.42626593378648	83.46495536533114	75.69195517238617	84.99686587196757	29.67417988013068	83.45501748597522	86.94726883618094	83.45112369867677	82.46923695202199	72.39141236481518	80.97610062313558	30.031188569098223	82.42626593378648	83.45112369867677	82.55727162273531
61.679755479969444	62.08642678289768	61.04095619310942	61.63367369781698	61.30900238576662	62.1744892845286	61.68421036331155	62.08642678289768	71.92392991804346	64.42531082015249	62.06347971986415	62.03461308130814	63.9735083489886	62.032338716644944	61.04095619310942	64.42531082015249	63.33718170538776	61.00110766886503	60.577073822241395	63.484358997587314	61.065654417997976	61.63367369781698	62.06347971986415	61.00110766886503	61.70087153214616	61.26869567503987	62.132431504622744	61.643764692227116	61.30900238576662	62.03461308130814	60.577073822241395	61.26869567503987	62.05984570536958	62.08123293204941	61.326669365557564	62.1744892845286	63.9735083489886	63.484358997587314	62.132431504622744	62.08123293204941	64.4562223388683	62.1875172497687	61.68421036331155	62.032338716644944	61.065654417997976	61.643764692227116	61.326669365557564	62.1875172497687	61.795142104062826
61.322519298626915	61.9630581870473	60.81536372271523	61.294315706450476	60.89579627550752	61.78104624505949	61.32693018155963	61.9630581870473	68.9058035191928	62.389529953578425	61.94857447866952	61.80172552785671	62.51339242862461	61.93327147831225	60.81536372271523	62.389529953578425	61.19952673154727	60.79349556263907	60.26980903840472	61.73698865299588	60.831372649676524	61.294315706450476	61.94857447866952	60.79349556263907	61.33483799892774	60.873867734557294	61.75817643669579	61.30479021375559	60.89579627550752	61.80172552785671	60.26980903840472	60.873867734557294	61.418993501109576	61.52481405430232	60.911358335873	61.78104624505949	62.51339242862461	61.73698865299588	61.75817643669579	61.52481405430232	62.84048333930868	61.790303790843886	61.32693018155963	61.93327147831225	60.831372649676524	61.30479021375559	60.911358335873	61.790303790843886	61.40254464938773
60.14407996916606	60.36560627031393	59.87437491366924	60.123899355446085	59.69244044414778	60.56237953130429	60.18203948281598	60.36560627031393	61.478654507705514	60.14469153997055	60.35248700204521	59.963395727953525	60.76195269010957	60.396942253461795	59.87437491366924	60.14469153997055	59.79340473021115	59.86058201822807	59.38512069233817	60.36566870000398	59.92500676911214	60.123899355446085	60.35248700204521	59.86058201822807	60.15150971160546	59.67874851716468	60.54836863206385	60.168312662311266	59.69244044414778	59.963395727953525	59.38512069233817	59.67874851716468	59.780040818711306	60.19480320169838	59.74678441734795	60.56237953130429	60.76195269010957	60.36566870000398	60.54836863206385	60.19480320169838	61.19824612812769	60.601007719109035	60.18203948281598	60.396942253461795	59.92500676911214	60.168312662311266	59.74678441734795	60.601007719109035	60.3366851867528
62.42022536214424	62.44060252900789	62.30626544156727	62.4019824601252	59.604809415950456	62.53428794468208	62.407218250999954	62.44060252900789	68.46554264307396	62.95084208622992	62.43193789237826	61.96069495676247	63.206081890014225	62.38258313153835	62.30626544156727	62.95084208622992	63.06091396750656	62.29405835359611	59.4358472246125	63.04553917602995	62.30635735560671	62.4019824601252	62.43193789237826	62.29405835359611	62.42576383771895	59.593374602564786	62.521534827899465	62.39514941736133	59.604809415950456	61.96069495676247	59.4358472246125	59.593374602564786	65.87938162261423	62.69107527243309	59.687277447758554	62.53428794468208	63.206081890014225	63.04553917602995	62.521534827899465	62.69107527243309	64.49227526517102	62.54710494947079	62.407218250999954	62.38258313153835	62.30635735560671	62.39514941736133	59.687277447758554	62.54710494947079	62.52887569336486
62.77435778380489	62.30228757679698	62.33598931064131	62.761581959397176	58.58872145974585	62.225609823544325	62.43340646254991	62.30228757679698	73.26969603027862	64.74706114886575	62.29842677123976	63.035324702143285	64.7895551144415	61.18042239283551	62.33598931064131	64.74706114886575	64.83810617148751	62.329847255809376	59.457621287187635	64.36294140059832	62.3566330339077	62.761581959397176	62.29842677123976	62.329847255809376	62.77654683523326	58.58415644269933	62.21931974359831	62.42711102057061	58.58872145974585	63.035324702143285	59.457621287187635	58.58415644269933	70.73740251759382	64.25483031633581	60.38498109367528	62.225609823544325	64.7895551144415	64.36294140059832	62.21931974359831	64.25483031633581	66.01446862321455	62.647660691035746	62.43340646254991	61.18042239283551	62.3566330339077	62.42711102057061	60.38498109367528	62.647660691035746	64.37299285181382
61.00514138694461	62.09102848963822	60.91171035340828	60.99337829388282	60.76530205585972	61.75483823948112	61.065460234115506	62.09102848963822	68.59813404597794	62.16123407796337	62.087377129037534	62.02699211874713	62.506281835264204	61.92201204948558	60.91171035340828	62.16123407796337	60.98192075378694	60.90732286054596	60.66901681239283	61.75429715966155	60.9848616240379	60.99337829388282	62.087377129037534	60.90732286054596	61.0084324817109	60.76099894945287	61.74997838187253	61.06096065904335	60.76530205585972	62.02699211874713	60.66901681239283	60.76099894945287	61.00445210581983	61.63535370019293	60.848291794764066	61.75483823948112	62.506281835264204	61.75429715966155	61.74997838187253	61.63535370019293	62.89946545634736	61.79906218667129	61.065460234115506	61.92201204948558	60.9848616240379	61.06096065904335	60.848291794764066	61.79906218667129	61.48678767950541
59.76154716711988	60.825799151278126	59.637805046804885	59.74424516573074	59.53980524474421	60.128381340678246	59.99102101296465	60.825799151278126	65.33066166828266	60.782491569131345	60.8170271495416	60.6935588221546	61.08608087601348	60.75747013784961	59.637805046804885	60.782491569131345	59.6012791961556	59.6272157759026	59.414373744623816	60.03319737112538	59.88620174944954	59.74424516573074	60.8170271495416	59.6272157759026	59.76939845196557	59.52927062397695	60.117503027425684	59.98039739083727	59.53980524474421	60.6935588221546	59.414373744623816	59.52927062397695	59.571766750462004	59.94194113391764	59.79917195243676	60.128381340678246	61.08608087601348	60.03319737112538	60.117503027425684	59.94194113391764	60.6561728436382	60.33824653947034	59.99102101296465	60.75747013784961	59.88620174944954	59.98039739083727	59.79917195243676	60.33824653947034	60.84437248406874
60.85369473510561	61.93815897909012	60.453242130538186	60.82108284427086	60.83221627772894	61.39141927199725	60.88452341648893	61.93815897909012	69.208404228548	62.16656289232034	61.92168358280415	61.93362014277277	62.33652860091583	61.842336980027284	60.453242130538186	62.16656289232034	60.554367602571844	60.42775648339866	60.43530821228516	61.23422728229002	60.501696551678364	60.82108284427086	61.92168358280415	60.42775648339866	60.86939995800597	60.80636989079795	61.36474891770877	60.85870098752857	60.83221627772894	61.93362014277277	60.43530821228516	60.80636989079795	60.85122414306408	61.382214060309884	60.87029847651628	61.39141927199725	62.33652860091583	61.23422728229002	61.36474891770877	61.382214060309884	62.319128744875854	61.42114677886866	60.88452341648893	61.842336980027284	60.501696551678364	60.85870098752857	60.87029847651628	61.42114677886866	61.110915722101176
60.89929205896647	62.06507817431404	60.679797324475814	60.8541734730363	60.87556189913133	61.60385310448531	60.90257443115924	62.06507817431404	68.86239750805177	62.22104308115557	62.04065709483025	62.06122996540554	62.48915120608282	62.04708477595988	60.679797324475814	62.22104308115557	60.793156521566075	60.64232029425238	60.661599888228544	61.56732406534702	60.69192785097562	60.8541734730363	62.04065709483025	60.64232029425238	60.92101253983439	60.83790219418544	61.56484200381002	60.86491721208226	60.87556189913133	62.06122996540554	60.661599888228544	60.83790219418544	60.89785072783003	61.595655239479264	60.886416311766254	61.60385310448531	62.48915120608282	61.56732406534702	61.56484200381002	61.595655239479264	62.71065713794375	61.61205255784558	60.90257443115924	62.04708477595988	60.69192785097562	60.86491721208226	60.886416311766254	61.61205255784558	60.951833539287435
77.13865795023688	72.7743430331097	76.6853660885967	34.39484166799697	77.1257355400967	77.88095396195325	77.11071848405591	72.7743430331097	75.26609390812982	72.76243404950722	44.14393478561768	72.77359402178143	73.27905092677794	72.69127643496107	76.6853660885967	72.76243404950722	76.57418123947149	34.1547614243946	76.68279530637733	77.57054081160413	76.67615364150271	34.39484166799697	44.14393478561768	34.1547614243946	101.2134808945809	34.3944492796121	34.42445998926168	34.51514782921986	77.1257355400967	72.77359402178143	76.68279530637733	34.3944492796121	77.1342225653583	77.88039292331572	77.108991644024	77.88095396195325	73.27905092677794	77.57054081160413	34.42445998926168	77.88039292331572	78.90783992927669	77.85762967716961	77.11071848405591	72.69127643496107	76.67615364150271	34.51514782921986	77.108991644024	77.85762967716961	77.2244516819509
76.41757002699431	73.59281350868689	76.04992146357188	37.52800316536071	76.40259134055431	77.23121397526744	76.40405739233496	73.59281350868689	75.04661125482731	73.61197104910802	43.2110858532022	73.59069079333457	74.29076369961251	73.58374377815113	76.04992146357188	73.61197104910802	76.22396922853198	36.810754543059915	76.04448291569007	77.15491116224634	76.05002552368899	37.52800316536071	43.2110858532022	36.810754543059915	95.49385286129905	37.52342317990531	37.623127618295136	37.55564334230661	76.40259134055431	73.59069079333457	76.04448291569007	37.52342317990531	76.41625923340108	77.23022688541658	76.40050474018156	77.23121397526744	74.29076369961251	77.15491116224634	37.623127618295136	77.23022688541658	78.460813731067	77.2277694038483	76.40405739233496	73.58374377815113	76.05002552368899	37.55564334230661	76.40050474018156	77.2277694038483	76.42155868046933
61.1018004439255	61.13260045069694	60.454221255345786	60.97356936156286	61.08713172713489	61.63991964295805	61.16481346676421	61.13260045069694	61.467263587613175	60.53632981294753	61.01328752519855	61.12505219146145	61.679277221123776	61.193559960562325	60.454221255345786	60.53632981294753	60.545590468758164	60.32786813142964	60.443065492163335	61.47115809767405	60.578101639368505	60.97356936156286	61.01328752519855	60.32786813142964	61.15545240875755	60.96578935889065	61.51511452006141	61.04536682964502	61.08713172713489	61.12505219146145	60.443065492163335	60.96578935889065	61.10257251398813	61.63610057910663	61.15763559827591	61.63991964295805	61.679277221123776	61.47115809767405	61.51511452006141	61.63610057910663	62.756007919222775	61.70140417726163	61.16481346676421	61.193559960562325	60.578101639368505	61.04536682964502	61.15763559827591	61.70140417726163	61.53021039570108
64.07420648276398	64.05925331904385	63.676175234294604	55.31351573954856	64.05833137501709	64.63440182617872	64.10406412057623	64.05925331904385	64.65652918716758	63.71820642009164	55.62264954723339	64.0510280014722	64.60826551678448	64.0791050051105	63.676175234294604	63.71820642009164	63.64170498460877	54.750157385599486	63.66515742438956	64.42716278079915	63.74055069736782	55.31351573954856	55.62264954723339	54.750157385599486	67.7024433641595	55.303089140606176	55.79093564858588	55.48077336226472	64.05833137501709	64.0510280014722	63.66515742438956	55.303089140606176	64.06978665470594	64.62871114708197	64.09584191332972	64.63440182617872	64.60826551678448	64.42716278079915	55.79093564858588	64.62871114708197	65.5123318760545	64.65536236378931	64.10406412057623	64.0791050051105	63.74055069736782	55.48077336226472	64.09584191332972	64.65536236378931	64.4015849277581
61.45954771221384	62.21923719347629	61.26394156563096	60.92915306657916	60.92415089301136	62.109257615615114	61.461073897696934	62.21923719347629	68.3401851765837	62.386621182001555	61.873573818691845	62.054895455906546	62.695401533239504	62.20426832192778	61.26394156563096	62.386621182001555	61.457985714542616	60.73951461494184	60.677919729764014	62.13081331105086	61.27281200387694	60.92915306657916	61.873573818691845	60.73951461494184	61.73190099253476	60.40002825521428	61.570011545878174	60.93712810625804	60.92415089301136	62.054895455906546	60.677919729764014	60.40002825521428	61.51961278435571	61.84356714536207	60.9354642178859	62.109257615615114	62.695401533239504	62.13081331105086	61.570011545878174	61.84356714536207	63.2750464476086	62.11509400428306	61.461073897696934	62.20426832192778	61.27281200387694	60.93712810625804	60.9354642178859	62.11509400428306	61.50425969187129
65.38322711503335	64.40626560343932	65.00471614349702	55.0071218470925	64.67447884810252	65.96693747168511	65.38076975678047	64.40626560343932	71.83683852897394	64.84406979147019	58.90706485683936	64.28936147810317	64.90669350699567	64.39062293611562	65.00471614349702	64.84406979147019	65.2598791060707	54.78398114716749	64.18094415811423	65.89105459585554	65.00971145366952	55.0071218470925	58.90706485683936	54.78398114716749	71.23355215922476	54.41939864356594	55.33109246905966	55.01382024520639	64.67447884810252	64.28936147810317	64.18094415811423	54.41939864356594	65.38080121670775	65.53124178054362	64.68133377075898	65.96693747168511	64.90669350699567	65.89105459585554	55.33109246905966	65.53124178054362	67.08424483652118	65.97032276586111	65.38076975678047	64.39062293611562	65.00971145366952	55.01382024520639	64.68133377075898	65.97032276586111	65.40859408018365
73.89848347028692	71.6073953374409	73.66074384823632	36.0196104703404	73.75221899219686	74.14152421231302	73.88718138663077	71.6073953374409	73.97471983422912	71.51902698157369	43.39686144043105	71.52703875857623	71.77447996462097	71.51525932067113	73.66074384823632	71.51902698157369	73.53605076423398	35.85625466581536	73.51314643011614	73.92434578972704	73.66139048073299	36.0196104703404	43.39686144043105	35.85625466581536	96.0961032974864	35.9186764074461	36.091185999370175	36.23706540250189	73.75221899219686	71.52703875857623	73.51314643011614	35.9186764074461	73.73750009255248	74.00802286746843	73.75076417840593	74.14152421231302	71.77447996462097	73.92434578972704	36.091185999370175	74.00802286746843	74.46469430451668	74.13210285595115	73.88718138663077	71.51525932067113	73.66139048073299	36.23706540250189	73.75076417840593	74.13210285595115	74.07133262687648
60.17614308541995	60.18422092893201	60.135268752346384	60.15537837316126	59.13384186229378	60.46288201743484	60.649210272298156	60.18422092893201	60.257254871727454	60.152361077482404	60.17218121041143	59.156442395024804	60.47834592845418	60.65609259304335	60.135268752346384	60.152361077482404	60.130551668083655	60.12320264779644	59.08812103922761	60.436820077381014	60.62619805781531	60.15537837316126	60.17218121041143	60.12320264779644	60.18349618072951	59.12217308298024	60.450618658878916	60.637436958763985	59.13384186229378	59.156442395024804	59.08812103922761	59.12217308298024	59.144006848457956	59.55520515782896	59.88388216837016	60.46288201743484	60.47834592845418	60.436820077381014	60.450618658878916	59.55520515782896	60.908994761961004	60.89716199508126	60.649210272298156	60.65609259304335	60.62619805781531	60.637436958763985	59.88388216837016	60.89716199508126	62.31148629461367
60.499208592262285	60.4992192676233	60.34354831845334	60.47894133666512	60.46509746274286	61.136124775267184	61.33511070436697	60.4992192676233	60.538276312968456	60.353287581720544	60.48789213497829	60.4741006469167	61.14381067055213	61.334229981797144	60.34354831845334	60.353287581720544	60.34914736884048	60.33221262130935	60.31665978990535	61.06320453191256	61.27901664481712	60.47894133666512	60.48789213497829	60.33221262130935	60.50597996666885	60.45376827774985	61.12432769809196	61.32415344771081	60.46509746274286	60.4741006469167	60.31665978990535	60.45376827774985	60.488859017235036	61.1198502672846	61.323926935910045	61.136124775267184	61.14381067055213	61.06320453191256	61.12432769809196	61.1198502672846	62.07128723136952	61.77809442059581	61.33511070436697	61.334229981797144	61.27901664481712	61.32415344771081	61.323926935910045	61.77809442059581	64.16426167903104
61.53527930883404	61.54062764125567	61.126027254282654	61.509465301305056	61.51877868533068	62.31615369153853	61.990616404185154	61.54062764125567	61.7011806938854	61.16408868253232	61.52166879871124	61.53097041162838	62.33743069578451	61.96917129097416	61.126027254282654	61.16408868253232	62.29839593488321	61.1058587355037	61.11463565409762	63.07242179711869	62.197635376693476	61.509465301305056	61.52166879871124	61.1058587355037	61.54436927436035	61.49970664280802	62.29551387750184	61.97318049047291	61.51877868533068	61.53097041162838	61.11463565409762	61.49970664280802	61.549275880415635	62.317257747639054	61.98932657524046	62.31615369153853	62.33743069578451	63.07242179711869	62.29551387750184	62.317257747639054	64.35033948635711	62.81642667139263	61.990616404185154	61.96917129097416	62.197635376693476	61.97318049047291	61.98932657524046	62.81642667139263	64.94838913524626
75.23121831248591	72.38797655850564	75.20779724220603	40.920553796533504	75.18688083929194	76.56319159670075	75.22193290845459	72.38797655850564	74.30640999041982	72.52367091763733	46.77214762842745	72.37823086009892	73.3440558821013	72.38264017146064	75.20779724220603	72.52367091763733	75.458624239867	40.70886650518467	75.17074887539532	76.73468254261	75.20863809650783	40.920553796533504	46.77214762842745	40.70886650518467	90.78505390539082	40.85002318696482	41.368983475210094	40.936228889725314	75.18688083929194	72.37823086009892	75.17074887539532	40.85002318696482	75.28545417513565	76.56811639136683	75.1875158765986	76.56319159670075	73.3440558821013	76.73468254261	41.368983475210094	76.56811639136683	78.39963026809404	76.56190094957597	75.22193290845459	72.38264017146064	75.20863809650783	40.936228889725314	75.1875158765986	76.56190094957597	75.23410775462678
72.72277701566988	71.39745201434133	72.73726338026094	45.609380806004005	72.55496238203293	73.95461847083703	72.71203763462623	71.39745201434133	72.64415284881943	71.45201526145776	48.3660510835605	71.32327035114072	72.40278114092541	71.39017500961874	72.73726338026094	71.45201526145776	72.87380015858666	45.51069958476429	72.573094993118	74.06340607392703	72.73435397951005	45.609380806004005	48.3660510835605	45.51069958476429	83.73648192148755	45.11152992877807	46.34950239534046	45.629834346408224	72.55496238203293	71.32327035114072	72.573094993118	45.11152992877807	73.22609810606038	74.0752267174726	72.55332182587951	73.95461847083703	72.40278114092541	74.06340607392703	46.34950239534046	74.0752267174726	75.70423008679751	73.9489471928635	72.71203763462623	71.39017500961874	72.73435397951005	45.629834346408224	72.55332182587951	73.9489471928635	72.72621295110115
76.69372915881833	74.9892365489079	76.71213458655005	38.92961265579735	76.6842039663114	77.89441720066891	76.59945171662474	74.9892365489079	75.70821327354763	75.12325729869875	42.26728570303068	74.99028233432918	76.03581822094154	74.87735158679496	76.71213458655005	75.12325729869875	77.10012318728661	38.43598419237752	76.7128122343803	78.1741109462318	76.6367713378279	38.92961265579735	42.26728570303068	38.43598419237752	92.43660168808853	38.928650628341245	39.4193788493748	39.163715139066056	76.6842039663114	74.99028233432918	76.7128122343803	38.928650628341245	76.69568732238034	77.89780190088577	76.60045152239938	77.89441720066891	76.03581822094154	78.1741109462318	39.4193788493748	77.89780190088577	79.59632127414747	77.79027381735882	76.59945171662474	74.87735158679496	76.6367713378279	39.163715139066056	76.60045152239938	77.79027381735882	76.69167786835062
81.25022215463633	72.36583198190456	80.14488632228702	30.24231358249436	81.23691675100063	82.27012896502585	81.24193593506884	72.36583198190456	76.51658846119291	73.06817026149602	46.14167406283217	72.36627034534695	73.3929324413117	72.35484129290857	80.14488632228702	73.06817026149602	80.27271258133648	30.43539957081539	80.14439938122409	81.84387272845343	80.15269897816871	30.24231358249436	46.14167406283217	30.43539957081539	109.4542239559174	30.241872305208265	30.010301669942383	30.25402077813978	81.23691675100063	72.36627034534695	80.14439938122409	30.241872305208265	81.2520186321334	82.27346930362525	81.24307188888605	82.27012896502585	73.3929324413117	81.84387272845343	30.010301669942383	82.27346930362525	84.02936768236141	82.27543642176128	81.24193593506884	72.35484129290857	80.15269897816871	30.25402077813978	81.24307188888605	82.27543642176128	81.26554133835025
81.73270351101282	72.24402998167042	80.38829107844887	30.127984820240314	81.47912061999892	82.58336165582016	81.72516950436034	72.24402998167042	76.70233905767691	73.19577666951973	46.23864021988003	72.16952221795908	73.40294408250455	72.24048836092877	80.38829107844887	73.19577666951973	80.64915179074103	30.411017261170493	80.07032010383715	82.11399478046289	80.39638034890193	30.127984820240314	46.23864021988003	30.411017261170493	109.69515011757218	30.007108657219344	29.899376014957916	30.13464668392543	81.47912061999892	72.16952221795908	80.07032010383715	30.007108657219344	81.75475969609295	82.42963086953482	81.48671004577568	82.58336165582016	73.40294408250455	82.11399478046289	29.899376014957916	82.42963086953482	84.31444152553095	82.5901418318632	81.72516950436034	72.24048836092877	80.39638034890193	30.13464668392543	81.48671004577568	82.5901418318632	81.74009476816856
83.53907519850752	73.27255207229493	83.22645742641336	30.94173783771722	79.7598766084203	84.19438081621196	83.52768075082139	73.27255207229493	77.13675238500358	74.1896437286389	45.89844208560873	73.54864985641234	74.76992824182032	73.26928348401071	83.22645742641336	74.1896437286389	84.06910493879771	31.04569190751103	79.29197298326054	84.61423999817349	83.231658131784	30.94173783771722	45.89844208560873	31.04569190751103	110.455615807985	28.13365912975423	29.717486564928883	30.94627573480102	79.7598766084203	73.54864985641234	79.29197298326054	28.13365912975423	86.4460472131829	83.518328996597	79.77371530968168	84.19438081621196	74.76992824182032	84.61423999817349	29.717486564928883	83.518328996597	86.74501366590725	84.20100692186797	83.52768075082139	73.26928348401071	83.231658131784	30.94627573480102	79.77371530968168	84.20100692186797	83.53997017986242
80.93821207400799	72.12209687398506	80.65336777920984	34.19452955538643	77.88472899528684	81.71378003723369	80.89665750051331	72.12209687398506	76.27001428048321	72.8047837745332	47.742768951023535	72.27270450540796	73.34481328749878	72.12884085417686	80.65336777920984	72.8047837745332	81.29364055072007	34.2760884482303	77.53470758869747	82.0239379739944	80.6886602469114	34.19452955538643	47.742768951023535	34.2760884482303	105.04122278188808	32.048989429505426	33.335488447123616	34.209591691598355	77.88472899528684	72.27270450540796	77.53470758869747	32.048989429505426	82.87581996785448	81.04112742134842	77.93669313300443	81.71378003723369	73.34481328749878	82.0239379739944	33.335488447123616	81.04112742134842	84.03863529119133	81.75117600249253	80.89665750051331	72.12884085417686	80.6886602469114	34.209591691598355	77.93669313300443	81.75117600249253	80.9374275343256
80.69097558986239	71.01073371646365	75.51604732983688	29.812234846755494	76.23375098675048	77.12308281001546	76.27629568725301	71.01073371646365	76.085450101525	73.12804009083877	46.70677460027113	73.00693218205413	73.43169559752974	73.0095614690999	75.51604732983688	73.12804009083877	82.35089879071072	32.114685507171274	82.57235701000003	83.44419374086657	82.60153184387977	29.812234846755494	46.70677460027113	32.114685507171274	109.9309269173826	31.945472360382933	31.74810328260613	31.95165802574531	76.23375098675048	73.00693218205413	82.57235701000003	31.945472360382933	83.24868684854886	83.94039620598167	83.23217932167975	77.12308281001546	73.43169559752974	83.44419374086657	31.74810328260613	83.94039620598167	84.94856805750602	83.9602922383135	76.27629568725301	73.0095614690999	82.60153184387977	31.95165802574531	83.23217932167975	83.9602922383135	83.2630889319065
83.10115623337094	71.60874520795606	76.61793789250979	29.131663637248202	77.24895115581847	78.64705955417725	77.26877117303468	71.60874520795606	76.6433703856146	74.2604469623009	46.60118732478401	73.90092466596174	74.65638589204224	73.89666895422504	76.61793789250979	74.2604469623009	85.03522480091408	31.99015406769123	84.96209750883095	86.38431407596178	84.97065262563665	29.131663637248202	46.60118732478401	31.99015406769123	110.15140897312841	31.851367497641586	31.51995331522447	31.857342705300415	77.24895115581847	73.90092466596174	84.96209750883095	31.851367497641586	85.54317041102394	86.61518494584979	85.52483380436695	78.64705955417725	74.65638589204224	86.38431407596178	31.51995331522447	86.61518494584979	88.23633820006098	86.6166629473657	77.26877117303468	73.89666895422504	84.97065262563665	31.857342705300415	85.52483380436695	86.6166629473657	85.53774814762977
81.79746626890977	72.60648450706015	78.90733959814204	30.305618244335996	78.50343273887873	80.56934487445875	78.93250402771757	72.60648450706015	76.26608310790549	73.66507517175832	46.3368725531845	73.62955489311481	74.29585785741277	73.63927728847308	78.90733959814204	73.66507517175832	82.65535060868245	31.670603356237987	82.32855480112552	84.15128794899496	82.64431431210801	30.305618244335996	46.3368725531845	31.670603356237987	108.94483098171784	31.528496492856867	31.276832963551694	31.66922587375249	78.50343273887873	73.62955489311481	82.32855480112552	31.528496492856867	82.70666275809425	84.01048852139236	82.35264632911787	80.56934487445875	74.29585785741277	84.15128794899496	31.276832963551694	84.01048852139236	86.07890374007698	84.15446487710813	78.93250402771757	73.63927728847308	82.64431431210801	31.66922587375249	82.35264632911787	84.15446487710813	82.67218851413149
65.2951390122818	62.8816182008808	62.172668723677326	55.71309676189905	61.84225616856201	63.243054608816124	62.184481994931716	62.8816182008808	67.7956136797886	64.45727327165775	59.560350435091166	64.35355827209474	65.00764565060535	64.45160937028109	62.172668723677326	64.45727327165775	64.77192463723385	58.44842181749144	64.54836039912429	65.58641713337241	64.76297884848262	55.71309676189905	59.560350435091166	58.44842181749144	67.80850643623148	58.21519949617084	59.1468313949355	58.45767406813137	61.84225616856201	64.35355827209474	64.54836039912429	58.21519949617084	64.89916441067022	65.52099094576238	64.55527744549282	63.243054608816124	65.00764565060535	65.58641713337241	59.1468313949355	65.52099094576238	66.76694995348207	65.58249642923573	62.184481994931716	64.45160937028109	64.76297884848262	58.45767406813137	64.55527744549282	65.58249642923573	64.77625094126704
63.26918880866904	61.90964575142994	61.38273745643439	57.80111174495218	61.07160359967963	62.36263681598288	61.40219284213981	61.90964575142994	65.51786748039594	63.170397759629594	60.18082172320963	63.00713109708198	63.806232167053814	63.17265245678789	61.38273745643439	63.170397759629594	63.07715454441982	59.57035797346822	62.821875103497234	63.877859157212725	63.06745963580269	57.80111174495218	60.18082172320963	59.57035797346822	64.65064154496106	59.31977864450482	60.340243048580064	59.587199762211554	61.07160359967963	63.00713109708198	62.821875103497234	59.31977864450482	63.110867090151274	63.7730305026976	62.83734417855803	62.36263681598288	63.806232167053814	63.877859157212725	60.340243048580064	63.7730305026976	65.01410708384822	63.8766807690208	61.40219284213981	63.17265245678789	63.06745963580269	59.587199762211554	62.83734417855803	63.8766807690208	63.08700604942407
65.07045604699324	62.73309930141956	62.062188091267146	54.68130545382938	62.22072002639476	63.164365425954934	62.23231762187123	62.73309930141956	67.05940141443877	64.57074731891508	58.52205523292102	64.5905951328516	65.15715032248893	64.5883358027333	62.062188091267146	64.57074731891508	64.78265890113782	57.423376085271144	64.71776901232889	65.52509175425266	64.72157169235068	54.68130545382938	58.52205523292102	57.423376085271144	68.32923811720516	57.557624930591835	58.167985974706355	57.56622218038927	62.22072002639476	64.5905951328516	64.71776901232889	57.557624930591835	64.82571773476002	65.53474421405339	64.82117301012165	63.164365425954934	65.15715032248893	65.52509175425266	58.167985974706355	65.53474421405339	66.5763803679187	65.53487116819556	62.23231762187123	64.5883358027333	64.72157169235068	57.56622218038927	64.82117301012165	65.53487116819556	64.84050437748965
82.4459567076968	71.06292993105873	71.40794369844515	31.54672496344999	71.75370421173291	73.00957931149556	71.9551379157235	71.06292993105873	76.84832933405144	76.48245478863484	45.11124437481811	76.40808510879904	76.99489325368619	75.86568470815891	71.40794369844515	76.48245478863484	79.17954969582053	42.14191844245385	78.90441833548921	79.71665844873864	78.41763852869043	31.54672496344999	45.11124437481811	42.14191844245385	100.14436350485627	42.39644955434413	42.354419229212176	42.70157232073988	71.75370421173291	76.40808510879904	78.90441833548921	42.39644955434413	78.93064697490651	79.59128271358838	78.4201029233424	73.00957931149556	76.99489325368619	79.71665844873864	42.354419229212176	79.59128271358838	80.61946505164539	79.06130248645101	71.9551379157235	75.86568470815891	78.41763852869043	42.70157232073988	78.4201029233424	79.06130248645101	78.504814385688
79.33252312619848	72.53507229684631	76.9464074574071	32.71788548733498	77.44417772384656	78.47374787545142	77.44644478695264	72.53507229684631	75.82995552823253	73.48414987597872	45.05534960490717	73.3536822037342	73.99495775326446	73.33410455841162	76.9464074574071	73.48414987597872	79.05333135968039	33.94369677618487	79.03726924816408	80.1976770066999	79.03481734336397	32.71788548733498	45.05534960490717	33.94369677618487	103.97391277557269	34.11142651390169	34.023351809465964	34.13272010344498	77.44417772384656	73.3536822037342	79.03726924816408	34.11142651390169	79.48124373131517	80.41756320407703	79.47051384147787	78.47374787545142	73.99495775326446	80.1976770066999	34.023351809465964	80.41756320407703	81.7498840368435	80.41064168307234	77.44644478695264	73.33410455841162	79.03481734336397	34.13272010344498	79.47051384147787	80.41064168307234	79.49367547872845
79.80286810191097	72.01332827545629	76.93711775360794	32.05351893024421	77.72404024960677	78.62832607586178	77.72796838326815	72.01332827545629	75.850506344004	73.09707050422425	45.72837769702272	72.90953280570885	73.52095976958466	72.89391003464793	76.93711775360794	73.09707050422425	79.39580490694865	33.323986556466366	79.48784446925877	80.58942429896621	79.48796298356541	32.05351893024421	45.72837769702272	33.323986556466366	105.61457057178248	33.40381261512099	33.261312515830106	33.4185913044936	77.72404024960677	72.90953280570885	79.48784446925877	33.40381261512099	80.20139961359992	81.0202842113956	80.19261073688382	78.62832607586178	73.52095976958466	80.58942429896621	33.261312515830106	81.0202842113956	82.2484906888979	81.01634574808298	77.72796838326815	72.89391003464793	79.48796298356541	33.4185913044936	80.19261073688382	81.01634574808298	80.21253538230886
67.5879114909426	63.46542961514058	62.403979737605496	51.76344565384824	62.74674970556932	63.63452911322863	62.77157142252107	63.46542961514058	69.32482308444108	65.94758708443133	57.84149987157983	65.9025345524948	66.36728403077221	65.87908573265709	62.403979737605496	65.94758708443133	66.94336694720923	56.00958018458455	66.81489636538807	67.58393107673136	66.81108530099634	51.76344565384824	57.84149987157983	56.00958018458455	72.61307339493857	56.231416934470076	56.627865866440295	56.24278560719496	62.74674970556932	65.9025345524948	66.81489636538807	56.231416934470076	67.00881234978144	67.61186414040012	66.99684128110441	63.63452911322863	66.36728403077221	67.58393107673136	56.627865866440295	67.61186414040012	68.57910598632259	67.60213288916472	62.77157142252107	65.87908573265709	66.81108530099634	56.24278560719496	66.99684128110441	67.60213288916472	67.03995620975442
80.07196913120208	63.192608178104834	62.765376543117085	39.072097298211304	62.97246403348073	64.55158201658787	65.33022704200391	63.192608178104834	75.13500288521817	74.75614968213344	53.91504683444433	74.71173208284965	75.29530470567586	72.14881748536241	62.765376543117085	74.75614968213344	75.80677321800934	53.35164026667556	75.5695912765985	76.30373321595273	73.11130919757504	39.072097298211304	53.91504683444433	53.35164026667556	87.82299572047665	53.45539040258636	53.51059990293974	53.29012586631733	62.97246403348073	74.71173208284965	75.5695912765985	53.45539040258636	75.5549574585258	76.16086290162708	73.04541490240412	64.55158201658787	75.29530470567586	76.30373321595273	53.51059990293974	76.16086290162708	77.20263713379192	73.56422034170407	65.33022704200391	72.14881748536241	73.11130919757504	53.29012586631733	73.04541490240412	73.56422034170407	73.47649263572455
