166.4086294111201	166.36489359722052	168.36588566196875	167.0684234563798	170.7427284209805	163.71382147803263	165.81309493726093	166.1417143258572	166.40376129535582	166.23251813743585	166.36489359722052	166.4880792409984	168.3601106026175	167.03829918181134	170.80373760730737	163.66587140135314	165.77650088238678	166.10635054181708	166.3686006719511	166.19499574820335	168.36588566196875	168.3601106026175	171.91377283311868	168.70968230959534	173.4325379059485	165.8380955355293	168.06357618219602	168.09554134173328	168.37305009803532	168.298045774629	167.0684234563798	167.03829918181134	168.70968230959534	168.32116108568903	171.9147157916851	164.4320274319977	166.53923292165513	166.79729115051728	167.07425478016253	166.9021598880979	170.7427284209805	170.80373760730737	173.4325379059485	171.9147157916851	176.84027895626986	168.59211654872456	170.44636724015012	170.55106729235575	170.7451102244271	170.78726983604528	163.71382147803263	163.66587140135314	165.8380955355293	164.4320274319977	168.59211654872456	164.29950994809977	163.15898156508825	163.46853321650514	163.7188299713597	163.5775809373874	165.81309493726093	165.77650088238678	168.06357618219602	166.53923292165513	170.44636724015012	163.15898156508825	165.93768448550463	165.55522559260484	165.81637758398006	165.63102688917584	166.1417143258572	166.10635054181708	168.09554134173328	166.79729115051728	170.55106729235575	163.46853321650514	165.55522559260484	166.59327332040846	166.14552028673333	165.9712124123423	166.40376129535582	166.3686006719511	168.37305009803532	167.07425478016253	170.7451102244271	163.7188299713597	165.81637758398006	166.14552028673333	166.42172440182068	166.23622168583515	166.23251813743585	166.19499574820335	168.298045774629	166.9021598880979	170.78726983604528	163.5775809373874	165.63102688917584	165.9712124123423	166.23622168583515	166.43914686233376
166.56622521038548	166.39016101355676	169.33843812403228	166.69913818591658	170.77531381473608	164.18911098633777	166.32166687734914	166.29307783936594	166.56029979015113	166.17570566041854	166.39016101355676	167.39822904134746	169.45607981791147	166.54030367869433	171.2889154671602	163.94390435446007	166.15469774888805	166.12632703139894	166.39220224816378	165.9794684443398	169.33843812403228	169.45607981791147	173.86427200704304	169.4043864018737	174.91450964141882	167.17131784004016	169.26716005084398	169.05134776000844	169.34608434081653	169.35336713879235	166.69913818591658	166.54030367869433	169.4043864018737	166.96274315910168	171.0275933784281	164.33951186703152	166.46770332307167	166.4317627223106	166.70208092463042	166.31752924925158	170.77531381473608	171.2889154671602	174.91450964141882	171.0275933784281	177.1375649532988	168.8961449606738	170.67277324564196	170.59081573553115	170.77452926893488	171.11025727556262	164.18911098633777	163.94390435446007	167.17131784004016	164.33951186703152	168.8961449606738	164.7928285168104	163.96818056257194	163.93840281636173	164.1927343787844	163.91500756656868	166.32166687734914	166.15469774888805	169.26716005084398	166.46770332307167	170.67277324564196	163.96818056257194	166.41466209177344	166.05772079585466	166.32394277315956	165.92544401311443	166.29307783936594	166.12632703139894	169.05134776000844	166.4317627223106	170.59081573553115	163.93840281636173	166.05772079585466	166.8155845915294	166.2956772222795	165.90171263060338	166.56029979015113	166.39220224816378	169.34608434081653	166.70208092463042	170.77452926893488	164.1927343787844	166.32394277315956	166.2956772222795	166.5776993797394	166.17814103460566	166.17570566041854	165.9794684443398	169.35336713879235	166.31752924925158	171.11025727556262	163.91500756656868	165.92544401311443	165.90171263060338	166.17814103460566	167.00687262428093
180.58606643323483	180.92028847231222	181.32912546770504	180.8178131632118	181.40460187354597	166.63957432161004	180.34954840245942	169.68750818027635	179.0344307169098	176.35464494052482	180.92028847231222	183.0785292756715	182.12588367463098	181.19034254565122	182.689464464746	166.43294869843317	180.7009300380063	170.02249411623285	179.40787297967904	176.50385753320964	181.32912546770504	182.12588367463098	188.16689591670306	181.55513729191392	186.0387000457731	171.90033916608328	181.3342709306142	169.67826578934364	182.70157405738826	183.02920231760436	180.8178131632118	181.19034254565122	181.55513729191392	181.56959423203952	181.8066196728348	167.2783653819246	180.59946690936965	169.84722939669044	179.863858977178	176.82898740553549	181.40460187354597	182.689464464746	186.0387000457731	181.8066196728348	189.75224726652417	172.25095744795073	181.36933370440772	171.55240319672092	178.93884706815408	183.3606598741629	166.63957432161004	166.43294869843317	171.90033916608328	167.2783653819246	172.25095744795073	170.57566938239378	166.52836362843942	157.838886262884	167.93550250376975	168.28519724155197	180.34954840245942	180.7009300380063	181.3342709306142	180.59946690936965	181.36933370440772	166.52836362843942	180.4585459301953	169.47934318370918	178.82583278392306	176.14047000846907	169.68750818027635	170.02249411623285	169.67826578934364	169.84722939669044	171.55240319672092	157.838886262884	169.47934318370918	186.96158490471146	169.4967115878679	164.03356754434728	179.0344307169098	179.40787297967904	182.70157405738826	179.863858977178	178.93884706815408	167.93550250376975	178.82583278392306	169.4967115878679	182.45410049783254	177.33676237744328	176.35464494052482	176.50385753320964	183.02920231760436	176.82898740553549	183.3606598741629	168.28519724155197	176.14047000846907	164.03356754434728	177.33676237744328	183.25095349476365
166.17959504037347	165.96567523820593	169.38988163871193	166.2126789513093	170.24731896344994	165.8252038581677	166.0166622408493	161.1881738415815	166.172243356586	165.94353675435147	165.96567523820593	166.67684473397856	169.41146056489325	166.00693265986854	170.57335523414525	165.60895552048012	165.80977031680112	160.9939678879988	165.9652891829716	165.71626711643728	169.38988163871193	169.41146056489325	174.28715040525753	169.41032252329416	174.69192243203847	169.0695357915622	169.34710254633697	163.91281823100715	169.4157109367237	169.4911011641111	166.2126789513093	166.00693265986854	169.41032252329416	166.28294239750477	170.315546576506	165.8654790658525	166.05732856008075	161.21470775571143	166.2129630683293	165.98309463068338	170.24731896344994	170.57335523414525	174.69192243203847	170.315546576506	176.28379209285782	169.9743187176109	170.18059265025138	166.60158243004508	170.20372817769436	170.57856646146362	165.8252038581677	165.60895552048012	169.0695357915622	165.8654790658525	169.9743187176109	165.89831993046755	165.67059408655282	160.87551592299255	165.82550852828592	165.6075336623791	166.0166622408493	165.80977031680112	169.34710254633697	166.05732856008075	170.18059265025138	165.67059408655282	166.08114864115544	161.0398984788343	166.01583563144194	165.77920001188568	161.1881738415815	160.9939678879988	163.91281823100715	161.21470775571143	166.60158243004508	160.87551592299255	161.0398984788343	171.1677443987592	161.20384460935193	160.80316813534284	166.172243356586	165.9652891829716	169.4157109367237	166.2129630683293	170.20372817769436	165.82550852828592	166.01583563144194	161.20384460935193	166.24227398035052	165.94518208648898	165.94353675435147	165.71626711643728	169.4911011641111	165.98309463068338	170.57856646146362	165.6075336623791	165.77920001188568	160.80316813534284	165.94518208648898	166.7111318750504
184.48760490711314	184.38737274076868	188.97999657905643	184.55978539423418	184.29216202126628	179.82733874746336	184.51869451387864	134.42657764246678	184.2784583000783	184.86402813391405	184.38737274076868	185.31744503478896	189.10586446275377	184.60305171146575	184.52527643512988	179.64446459254958	184.5616975445263	132.8937554928162	184.33688162281877	184.66380520659675	188.97999657905643	189.10586446275377	195.31324883250585	189.19248386997774	189.3028969257369	184.45097040223965	189.16228245227828	130.7085553733647	189.0159371371328	190.2456893035889	184.55978539423418	184.60305171146575	189.19248386997774	184.80497289271	184.55644968400884	180.03469101514068	184.75084798206768	133.9884986083814	184.51634489816774	185.05106148058414	184.29216202126628	184.52527643512988	189.3028969257369	184.55644968400884	185.46192616053355	180.1384177042528	184.5146896266845	137.71459959458423	184.24381911335982	185.22102933611038	179.82733874746336	179.64446459254958	184.45097040223965	180.03469101514068	180.1384177042528	179.52967066064886	179.99467316954377	130.4177810042791	179.8172803029246	180.29653098439908	184.51869451387864	184.5616975445263	189.16228245227828	184.75084798206768	184.5146896266845	179.99467316954377	184.7188650451878	134.01018452970578	184.47451052547905	185.007930770521	134.42657764246678	132.8937554928162	130.7085553733647	133.9884986083814	137.71459959458423	130.4177810042791	134.01018452970578	207.50023065113916	134.63911473138108	127.4270509001685	184.2784583000783	184.33688162281877	189.0159371371328	184.51634489816774	184.24381911335982	179.8172803029246	184.47451052547905	134.63911473138108	184.47267098129365	184.80808529450115	184.86402813391405	184.66380520659675	190.2456893035889	185.05106148058414	185.22102933611038	180.29653098439908	185.007930770521	127.4270509001685	184.80808529450115	187.93874913333565
167.2667596697108	167.17402617414172	169.65211758050165	167.35928777814394	170.20399792191	165.27190613919262	167.0402773848105	157.44067707029808	167.2514284998841	167.06495216414902	167.17402617414172	167.35273472583268	169.61442614635382	167.27500411163817	170.2673180408159	165.17194268265754	166.95355709518574	157.37192613466118	167.1658115970941	166.97475984023902	169.65211758050165	169.61442614635382	173.1859382869244	169.72728292190655	173.3214899120262	167.7612397302995	169.51013803581444	159.19570708088284	169.65159590580663	169.57356815813282	167.35928777814394	167.27500411163817	169.72728292190655	167.51369812850072	170.35531294852058	165.37506269454502	167.14197055994907	157.48910196861266	167.3517904990212	167.1658234526114	170.20399792191	170.2673180408159	173.3214899120262	170.35531294852058	174.74395988209912	168.588551468104	170.0554111947175	163.44601642900534	170.1801936564274	170.25336926385629	165.27190613919262	165.17194268265754	167.7612397302995	165.37506269454502	168.588551468104	165.5068649294429	165.0578935783463	155.88401215380065	165.2651974097963	165.10258995660269	167.0402773848105	166.95355709518574	169.51013803581444	167.14197055994907	170.0554111947175	165.0578935783463	167.02757874282293	157.25559471635356	167.0318465789604	166.839001627727	157.44067707029808	157.37192613466118	159.19570708088284	157.48910196861266	163.44601642900534	155.88401215380065	157.25559471635356	177.96925142665177	157.44554874289705	157.13246599168187	167.2514284998841	167.1658115970941	169.65159590580663	167.3517904990212	170.1801936564274	165.2651974097963	167.0318465789604	157.44554874289705	167.27298429709697	167.05684233909815	167.06495216414902	166.97475984023902	169.57356815813282	167.1658234526114	170.25336926385629	165.10258995660269	166.839001627727	157.13246599168187	167.05684233909815	167.33786873446627
171.72225561108652	171.6577995502755	173.60223685590796	171.95587470918178	172.77663845368443	168.2812307076654	171.25313236577324	147.85796157483207	171.68576296926716	171.66907028350533	171.6577995502755	171.73940497178629	173.56270118889617	171.89947259028028	172.79734463793096	168.21126907241836	171.1935503543673	147.8188129079925	171.62793313837597	171.6105699593105	173.60223685590796	173.56270118889617	176.3375625534942	173.81165700335342	175.08986143030853	170.25780552910135	173.23088000819598	148.69530767002985	173.58011010464634	173.57549847402416	171.95587470918178	171.89947259028028	173.81165700335342	172.29538645308747	173.09635991277534	168.52901360296627	171.50014915637635	147.8671267369066	171.92765297212495	171.91022381702592	172.77663845368443	172.79734463793096	175.08986143030853	173.09635991277534	175.73870175801773	169.97780429569187	172.42232475218063	156.56203439669872	172.72196090784215	172.78249787025743	168.2812307076654	168.21126907241836	170.25780552910135	168.52901360296627	169.97780429569187	168.2667550474959	167.83022384587537	146.0601621237262	168.25492310161545	168.2418659258926	171.25313236577324	171.1935503543673	173.23088000819598	171.50014915637635	172.42232475218063	167.83022384587537	171.1222007133801	147.56414757470364	171.22226694789157	171.2033202991252	147.85796157483207	147.8188129079925	148.69530767002985	147.8671267369066	156.56203439669872	146.0601621237262	147.56414757470364	197.05270486412203	147.88409773405687	147.75003447818352	171.68576296926716	171.62793313837597	173.58011010464634	171.92765297212495	172.72196090784215	168.25492310161545	171.22226694789157	147.88409773405687	171.70078820310968	171.6392980118121	171.66907028350533	171.6105699593105	173.57549847402416	171.91022381702592	172.78249787025743	168.2418659258926	171.2033202991252	147.75003447818352	171.6392980118121	171.7287256534428
162.41331731117924	162.3831656054013	163.1911056803453	162.85346581606998	165.66427486343724	159.27926199770525	162.26986727947693	162.186828018301	162.39717454680127	162.21357962404443	162.3831656054013	162.40347313827863	163.1717929039849	162.83222871591582	165.668828994529	159.25264544211194	162.2475347908806	162.16470743137802	162.3751343450516	162.19071301129125	163.1911056803453	163.1717929039849	164.42095869306573	163.5907098274182	166.6976771639793	160.12018845592252	163.06923074369158	162.96733958674963	163.18632780667465	163.01963018563546	162.85346581606998	162.83222871591582	163.5907098274182	163.5304907018853	166.36158803799543	159.75873374688499	162.72381903330125	162.62869332485155	162.84866975120315	162.66612273341434	165.66427486343724	165.668828994529	166.6976771639793	166.36158803799543	169.980831246876	162.9964729668556	165.55493641038743	165.51757920235056	165.63831120661274	165.57829352148954	159.27926199770525	159.25264544211194	160.12018845592252	159.75873374688499	162.9964729668556	159.63006133717838	159.14453686285725	159.07502388454154	159.2731674390006	159.10129580970948	162.26986727947693	162.2475347908806	163.06923074369158	162.72381903330125	165.55493641038743	159.14453686285725	162.2288482093928	162.05182439077893	162.2615677914826	162.0755841219947	162.186828018301	162.16470743137802	162.96733958674963	162.62869332485155	165.51757920235056	159.07502388454154	162.05182439077893	162.6240330722466	162.17921263253876	161.99385160029695	162.39717454680127	162.3751343450516	163.18632780667465	162.84866975120315	165.63831120661274	159.2731674390006	162.2615677914826	162.17921263253876	162.4211770360306	162.2054410049198	162.21357962404443	162.19071301129125	163.01963018563546	162.66612273341434	165.57829352148954	159.10129580970948	162.0755841219947	161.99385160029695	162.2054410049198	162.24189541767964
168.06846626575816	168.0321632757181	169.5739314503298	168.5943408459284	171.13450366324787	162.86817221448257	167.8256151057175	162.82449708816588	168.0578263386013	167.8859881800509	168.0321632757181	168.10456595096954	169.5587938351499	168.56898729080567	171.1650882309873	162.82445408187237	167.79682185172058	162.7959204777489	168.02977883763182	167.85642406021736	169.5739314503298	169.5587938351499	171.99657803867944	169.99135743091117	173.13166816514604	164.5657554613419	169.39522969140745	164.14204848486798	169.5747669966641	169.45075711390058	168.5943408459284	168.56898729080567	169.99135743091117	169.4411512129864	171.96754772660077	163.46173044534862	168.37275468661687	163.21091495376186	168.593757882923	168.42540515559614	171.13450366324787	171.1650882309873	173.13166816514604	171.96754772660077	175.72428646635387	166.85837631157673	170.96924410205978	167.35733920334494	171.12721042823898	171.1071543117898	162.86817221448257	162.82445408187237	164.5657554613419	163.46173044534862	166.85837631157673	163.59752611686983	162.6442145684321	158.17253369577782	162.86806024557177	162.73050932217626	167.8256151057175	167.79682185172058	169.39522969140745	168.37275468661687	170.96924410205978	162.6442145684321	167.79273316593682	162.6044245027763	167.82301358998004	167.64659226281657	162.82449708816588	162.7959204777489	164.14204848486798	163.21091495376186	167.35733920334494	158.17253369577782	162.6044245027763	172.38771554469795	162.8247249808045	162.6177267180105	168.0578263386013	168.02977883763182	169.5747669966641	168.593757882923	171.12721042823898	162.86806024557177	167.82301358998004	162.8247249808045	168.07283622093942	167.88355369509492	167.8859881800509	167.85642406021736	169.45075711390058	168.42540515559614	171.1071543117898	162.73050932217626	167.64659226281657	162.6177267180105	167.88355369509492	167.9854174715148
169.83271604062764	169.77598792154174	171.95165510870646	170.40321291887201	173.39046319316262	165.01995841021275	169.37347609870972	164.41295922728048	169.82497126673928	169.68533341994765	169.77598792154174	170.04742019575332	171.9657350194774	170.36588012954073	173.53145051793717	164.93111411187135	169.32488273539866	164.3663423772552	169.7780192160648	169.63495589595723	171.95165510870646	171.9657350194774	175.55851192204523	172.3081939877147	176.29647020036015	167.4234596328555	171.7112769827203	166.28497498780197	171.9568921621907	171.90413517069942	170.40321291887201	170.36588012954073	172.3081939877147	171.41490168563178	174.3475262619023	165.66607937918127	169.98670336602285	164.8194593710881	170.40642311059625	170.2691569964973	173.39046319316262	173.53145051793717	176.29647020036015	174.3475262619023	178.8410370758567	169.55025482148662	173.15329286744463	169.38663663959872	173.39392327205454	173.444015310757	165.01995841021275	164.93111411187135	167.4234596328555	165.66607937918127	169.55025482148662	165.95545756726864	164.6135020152949	160.12182867726204	165.0239501321362	164.93231573897492	169.37347609870972	169.32488273539866	171.7112769827203	169.98670336602285	173.15329286744463	164.6135020152949	169.43602041506222	163.98765585723652	169.37527972448524	169.22725910729554	164.41295922728048	164.3663423772552	166.28497498780197	164.8194593710881	169.38663663959872	160.12182867726204	163.98765585723652	173.91120923109767	164.4153596268768	164.2326981480037	169.82497126673928	169.7780192160648	171.9568921621907	170.40642311059625	173.39392327205454	165.0239501321362	169.37527972448524	164.4153596268768	169.8384328591042	169.6874126998138	169.68533341994765	169.63495589595723	171.90413517069942	170.2691569964973	173.444015310757	164.93231573897492	169.22725910729554	164.2326981480037	169.6874126998138	169.87336305123097
164.64931079133325	164.4592572141244	165.87911666271242	165.3968536616438	167.88908338588897	161.66694016438956	164.59642138958066	160.3614025889575	164.64767975701227	164.35331209021945	164.4592572141244	164.62215858029538	165.72908177393344	165.22340105205757	167.87120907296642	161.44490699655347	164.41249974542438	160.16342676717457	164.46483815866523	164.16037781191704	165.87911666271242	165.72908177393344	167.96897129908754	166.43705690654485	169.45546834770755	162.9724145207827	165.8418652222271	161.44085828927882	165.89134798354445	165.64597043195005	165.3968536616438	165.22340105205757	166.43705690654485	166.63451624491447	169.05594115550713	162.45410395425026	165.35380613915774	160.88524092611954	165.41165408183622	165.1123113467479	167.88908338588897	167.87120907296642	169.45546834770755	169.05594115550713	172.5578518501689	165.3457437423498	167.8585271217081	164.47644794760112	167.87516690295067	167.76543890498255	161.66694016438956	161.44490699655347	162.9724145207827	162.45410395425026	165.3457437423498	161.93801033327816	161.62150878573448	157.56057826917694	161.6764664175803	161.39710596304243	164.59642138958066	164.41249974542438	165.8418652222271	165.35380613915774	167.8585271217081	161.62150878573448	164.58812841139672	160.31449873310453	164.60176583471412	164.30572316684615	160.3614025889575	160.16342676717457	161.44085828927882	160.88524092611954	164.47644794760112	157.56057826917694	160.31449873310453	167.3195305152361	160.3752687447288	160.01971898781204	164.64767975701227	164.46483815866523	165.89134798354445	165.41165408183622	167.87516690295067	161.6764664175803	164.60176583471412	160.3752687447288	164.69744534689752	164.3591187442265	164.35331209021945	164.16037781191704	165.64597043195005	165.1123113467479	167.76543890498255	161.39710596304243	164.30572316684615	160.01971898781204	164.3591187442265	164.43023754666802
173.91947551979385	173.90431118391302	174.84537014306255	174.67873430486716	175.13002100044875	161.36225338682496	173.59822443633325	167.49371237335623	174.0751336325466	172.77888955206305	173.90431118391302	173.91219627337736	174.83946045717192	174.66864645405207	175.12839342037324	161.34317829812673	173.59041180993614	167.4816053125512	174.0687884599147	172.76826003963018	174.84537014306255	174.83946045717192	177.36531465343285	174.95118498174315	176.27427784680094	162.5855273830873	174.6069982600423	168.21496416593976	175.09018657706451	173.93831128527017	174.67873430486716	174.66864645405207	174.95118498174315	176.48216822580827	176.27258218686978	162.12123017213057	174.38649493379	167.65612513538608	175.09452578762037	173.46411435843214	175.13002100044875	175.12839342037324	176.27427784680094	176.27258218686978	177.48285431704244	163.58739830503842	174.87077972876259	169.14137842282898	175.21732949648225	174.2766705669548	161.36225338682496	161.34317829812673	162.5855273830873	162.12123017213057	163.58739830503842	160.90011169239528	161.0334223436928	155.34261018026177	161.83255999670004	160.26147210716647	173.59822443633325	173.59041180993614	174.6069982600423	174.38649493379	174.87077972876259	161.0334223436928	173.55320971349795	167.15330637773533	173.76929494103828	172.43029777764215	167.49371237335623	167.4816053125512	168.21496416593976	167.65612513538608	169.14137842282898	155.34261018026177	167.15330637773533	174.64366844858404	167.76761298155253	166.0778678215759	174.0751336325466	174.0687884599147	175.09018657706451	175.09452578762037	175.21732949648225	161.83255999670004	173.76929494103828	167.76761298155253	174.76655776003452	172.995161153714	172.77888955206305	172.76826003963018	173.93831128527017	173.46411435843214	174.2766705669548	160.26147210716647	172.43029777764215	166.0778678215759	172.995161153714	172.67919762710918
169.41211423985487	168.84022617854748	169.1990492507399	168.8655057143485	168.97600068350928	157.27162074287787	167.44897507286294	168.74671067628762	168.85876513196314	167.66804667154403	168.84022617854748	168.58364584068215	168.87581710710631	168.49046917532155	168.724739555362	156.81865514800302	167.1234192190521	168.48100789149007	168.59759891056038	167.32577244108995	169.1990492507399	168.87581710710631	170.51935399739546	168.22855364374465	169.05869111734222	157.07251155192986	167.66543398695646	168.77306787292565	168.9049382537231	167.70425257466678	168.8655057143485	168.49046917532155	168.22855364374465	168.9989731642465	168.670882874059	156.4642117635678	167.05927569241962	168.38699322882178	168.522564879776	167.11943290558725	168.97600068350928	168.724739555362	169.05869111734222	168.670882874059	168.9869470704761	157.06366550126708	167.29125500433938	168.6297438199152	168.74496153141038	167.49960600746402	157.27162074287787	156.81865514800302	157.07251155192986	156.4642117635678	157.06366550126708	154.84078148420414	155.20208027203708	156.72737621106484	156.86146364031796	155.4308868000686	167.44897507286294	167.1234192190521	167.66543398695646	167.05927569241962	167.29125500433938	155.20208027203708	166.66408832568956	167.02641333479818	167.146808358619	165.732546842554	168.74671067628762	168.48100789149007	168.77306787292565	168.38699322882178	168.6297438199152	156.72737621106484	167.02641333479818	168.58539838211843	168.50213898576945	167.2261964935641	168.85876513196314	168.59759891056038	168.9049382537231	168.522564879776	168.74496153141038	156.86146364031796	167.146808358619	168.50213898576945	168.64459687978996	167.35128463901387	167.66804667154403	167.32577244108995	167.70425257466678	167.11943290558725	167.49960600746402	155.4308868000686	165.732546842554	167.2261964935641	167.35128463901387	166.9452302633558
167.025836580941	166.99216502681415	167.7098376748815	167.79882386875644	167.0969026235918	156.05071474429116	166.55529040426615	164.8444537178149	168.77858668019482	166.65221079412845	166.99216502681415	166.9816028023235	167.69050197464222	167.7751948181423	167.07697696783103	156.02038528745567	166.53393401461753	164.8217264149014	168.76650573874926	166.63078602357876	167.7098376748815	167.69050197464222	169.39680015159803	168.16504247555727	167.7997870331222	156.94113480513835	167.30538537146168	165.5087995513468	169.73163543719068	167.38260372020585	167.79882386875644	167.7751948181423	168.16504247555727	169.8548810684561	167.89530829511307	157.1722574787409	167.37285508126115	165.47574119994323	170.79689129123804	167.432094958423	167.0969026235918	167.07697696783103	167.7997870331222	167.89530829511307	167.25187456880772	156.17258624890667	166.64264820240257	164.93562160053642	168.8402334508156	166.7397459752588	156.05071474429116	156.02038528745567	156.94113480513835	157.1722574787409	156.17258624890667	155.35052807113632	155.55630893517454	153.98661956253017	159.17632812316145	155.6792449795948	166.55529040426615	166.53393401461753	167.30538537146168	167.37285508126115	166.64264820240257	155.55630893517454	166.3725246648249	164.37205459173134	168.3795979267674	166.18235917985936	164.8444537178149	164.8217264149014	165.5087995513468	165.47574119994323	164.93562160053642	153.98661956253017	164.37205459173134	166.94232433339744	166.84665039740804	164.45879263213854	168.77858668019482	168.76650573874926	169.73163543719068	170.79689129123804	168.8402334508156	159.17632812316145	168.3795979267674	166.84665039740804	172.63905951663472	168.49804823436602	166.65221079412845	166.63078602357876	167.38260372020585	167.432094958423	166.7397459752588	155.6792449795948	166.18235917985936	164.45879263213854	168.49804823436602	166.52954438671983
159.76257703250474	159.6249927152656	159.86821519888616	161.1314845763772	163.86798517062604	159.6221610965729	159.5785408086353	159.51148340172577	159.75697002795857	159.70255663412587	159.6249927152656	159.66880280383077	159.74207481964413	161.0150437671609	163.83040484405885	159.4934252104887	159.44916867925969	159.38318833550073	159.62921566611217	159.5738838925619	159.86821519888616	159.74207481964413	160.0762684204064	161.2149003862942	164.01389521246693	159.7380047907336	159.6967603054694	159.6262899892379	159.8727984812011	159.8188319053947	161.1314845763772	161.0150437671609	161.2149003862942	163.12742707109547	165.94303123129342	161.00261876369547	160.98146711827704	160.86771543193058	161.14239325607954	161.08283369247923	163.86798517062604	163.83040484405885	164.01389521246693	165.94303123129342	169.32773917225416	163.7624853627	163.73603601004334	163.67924366348933	163.8677496274125	163.8456917562135	159.6221610965729	159.4934252104887	159.7380047907336	161.00261876369547	163.7624853627	159.63170086938064	159.44791661941295	159.38126313877825	159.62654774373902	159.57205955523833	159.5785408086353	159.44916867925969	159.6967603054694	160.98146711827704	163.73603601004334	159.44791661941295	159.5271278381685	159.33720533823683	159.5826504568149	159.52741298860622	159.51148340172577	159.38318833550073	159.6262899892379	160.86771543193058	163.67924366348933	159.38126313877825	159.33720533823683	159.90953480167943	159.5158960765021	159.46080617140933	159.75697002795857	159.62921566611217	159.8727984812011	161.14239325607954	163.8677496274125	159.62654774373902	159.5826504568149	159.5158960765021	159.7833564387872	159.70683449372282	159.70255663412587	159.5738838925619	159.8188319053947	161.08283369247923	163.8456917562135	159.57205955523833	159.52741298860622	159.46080617140933	159.70683449372282	159.70233307692988
161.27247610934066	161.04032406805607	161.12120317785616	164.37733340372154	161.61825913979783	159.79660315301427	159.9268443504051	160.96635764682497	166.08973329890944	160.79040095839343	161.04032406805607	160.9315896735487	161.00760073748697	164.235362377785	161.51339657596753	159.6780821778248	159.7938530655918	160.85140641606674	166.02981615656	160.67067657335616	161.12120317785616	161.00760073748697	161.21884303018297	164.25527270552325	161.59665778702015	159.76286945888606	159.8930386035611	160.93322463518925	166.11978536766438	160.75636280260318	164.37733340372154	164.235362377785	164.25527270552325	170.2013555997072	164.8988025977006	163.15762006816428	163.4224538913635	164.15187766620275	172.3583400708338	164.01304070884672	161.61825913979783	161.51339657596753	161.59665778702015	164.8988025977006	162.4566679480214	160.28935151502344	160.4270681694261	161.43989582632523	166.42910799885243	161.27185906599365	159.79660315301427	159.6780821778248	159.76286945888606	163.15762006816428	160.28935151502344	159.8180769595121	158.54736170735794	159.60493921948597	165.08635117746536	159.42624466664245	159.9268443504051	159.7938530655918	159.8930386035611	163.4224538913635	160.4270681694261	158.54736170735794	159.44151640317781	159.71874357610642	165.19917524018106	159.51083454095593	160.96635764682497	160.85140641606674	160.93322463518925	164.15187766620275	161.43989582632523	159.60493921948597	159.71874357610642	160.95269464350721	165.9601958039138	160.5958681572035	166.08973329890944	166.02981615656	166.11978536766438	172.3583400708338	166.42910799885243	165.08635117746536	165.19917524018106	165.9601958039138	175.3225604220195	165.8636640108945	160.79040095839343	160.67067657335616	160.75636280260318	164.01304070884672	161.27185906599365	159.42624466664245	159.51083454095593	160.5958681572035	165.8636640108945	160.64495248882568
179.53299750539958	179.2435313662026	179.52941676158912	183.57949172579302	180.15084536831117	178.56949512889835	179.48021877311956	130.14325497905233	180.31931091302033	179.48937034871224	179.2435313662026	179.39294984617817	179.28350944800025	183.39733375360234	179.9872995834099	178.3065889432821	179.23262617115435	129.39186879375856	180.1838971755104	179.24149959513605	179.52941676158912	179.28350944800025	179.5971048172242	183.6097389962929	180.20155145998763	178.61083080534655	179.52197051520687	130.0631534348936	180.379344287306	179.53111012795077	183.57949172579302	183.39733375360234	183.6097389962929	189.37918846038937	184.3170625447067	182.7068851871663	183.57345234187017	130.46725256215578	186.00329126932624	183.5816479381696	180.15084536831117	179.9872995834099	180.20155145998763	184.3170625447067	181.81879860337366	179.283391741436	180.1534209460264	133.14787818748917	180.5773438376074	180.16301009209482	178.56949512889835	178.3065889432821	178.61083080534655	182.7068851871663	179.283391741436	178.47022566462235	178.56100029954308	129.5312032931583	179.5473936728065	178.5702219562268	179.48021877311956	179.23262617115435	179.52197051520687	183.57345234187017	180.1534209460264	178.56100029954308	179.48576927873972	130.01681888375612	180.32720296169668	179.48162224416592	130.14325497905233	129.39186879375856	130.0631534348936	130.46725256215578	133.14787818748917	129.5312032931583	130.01681888375612	196.28536379705682	136.40177737100007	130.00432941766215	180.31931091302033	180.1838971755104	180.379344287306	186.00329126932624	180.5773438376074	179.5473936728065	180.32720296169668	136.40177737100007	184.37203037877583	180.33761543081434	179.48937034871224	179.24149959513605	179.53111012795077	183.5816479381696	180.16301009209482	178.5702219562268	179.48162224416592	130.00432941766215	180.33761543081434	179.50765688480018
170.8457951872214	170.5282830207811	171.56329209122208	170.89987498604333	170.27779405257695	169.69703949460765	170.84381407420253	133.04075319288665	169.92533065893187	170.38788407623494	170.5282830207811	172.15453233815498	172.84900959280125	172.16184509627664	172.2299781565978	170.89818176433525	172.10448470965935	128.48736067842773	171.3010045140067	171.50166367986722	171.56329209122208	172.84900959280125	174.22300469213945	173.29145344624627	173.31239455496458	172.0502893775605	173.2364908497626	128.6402200495717	172.46516446488354	172.69852039021055	170.89987498604333	172.16184509627664	173.29145344624627	172.62636011396867	172.58355447256244	171.37245614997804	172.5609389330174	128.79210036659705	171.76032650193594	171.9857567070555	170.27779405257695	172.2299781565978	173.31239455496458	172.58355447256244	174.31399011513332	171.44319660874044	172.52622227337622	134.71639189777108	171.56133905476443	172.05037461128097	169.69703949460765	170.89818176433525	172.0502893775605	171.37245614997804	171.44319660874044	171.12762857216262	171.31583988361214	128.28165071254134	170.53849352270805	170.74427096963765	170.84381407420253	172.10448470965935	173.2364908497626	172.5609389330174	172.52622227337622	171.31583988361214	172.5172891203793	128.7980796228476	171.70116690018398	171.92699215888337	133.04075319288665	128.48736067842773	128.6402200495717	128.79210036659705	134.71639189777108	128.28165071254134	128.7980796228476	215.19062816577383	130.18765008035248	127.59865267109637	169.92533065893187	171.3010045140067	172.46516446488354	171.76032650193594	171.56133905476443	170.53849352270805	171.70116690018398	130.18765008035248	171.463902370851	171.11119483643844	170.38788407623494	171.50166367986722	172.69852039021055	171.9857567070555	172.05037461128097	170.74427096963765	171.92699215888337	127.59865267109637	171.11119483643844	172.08235424469137
186.6664759862001	185.67474119706796	190.33608290754674	190.16306900831552	188.19043619973664	188.80004036858776	184.94799983122118	127.98870412322738	188.69027777119942	190.0395875919391	185.67474119706796	195.81653329695166	196.21795570235565	195.69531070625357	199.48308186928023	194.18496512968247	188.2684007349677	121.3756709881362	195.16131013262032	195.57494991797478	190.33608290754674	196.21795570235565	204.90460189163645	204.08697274232375	205.87565512550816	202.90794584738572	197.4166779276324	118.56060758637493	204.66772303211138	204.06138378500998	190.16306900831552	195.69531070625357	204.08697274232375	204.0224425662363	205.29748604898336	202.72601614525217	196.87482864900375	118.4251611663869	204.44728971895327	203.88775187182011	188.19043619973664	199.48308186928023	205.87565512550816	205.29748604898336	213.31836304928942	204.2067965151076	198.36978135080068	126.22852972676766	204.6931953163134	205.23562402116127	188.80004036858776	194.18496512968247	202.90794584738572	202.72601614525217	204.2067965151076	202.60402385580957	195.65486174148512	118.22449503199442	203.29516583345355	202.69834194450817	184.94799983122118	188.2684007349677	197.4166779276324	196.87482864900375	198.36978135080068	195.65486174148512	193.27788106621233	117.84607395594685	196.42376206917686	196.7817165191566	127.98870412322738	121.3756709881362	118.56060758637493	118.4251611663869	126.22852972676766	118.22449503199442	117.84607395594685	245.55919984586728	120.53227568644343	118.38711043988128	188.69027777119942	195.16131013262032	204.66772303211138	204.44728971895327	204.6931953163134	203.29516583345355	196.42376206917686	120.53227568644343	207.55506415195634	204.37434068134064	190.0395875919391	195.57494991797478	204.06138378500998	203.88775187182011	205.23562402116127	202.69834194450817	196.7817165191566	118.38711043988128	204.37434068134064	203.86676360571192
185.705192743801	184.81531792799615	190.63888208950877	190.27777488349773	187.86685331130593	190.15353405166442	184.51211972959652	128.44302133107857	190.11989329423523	190.21088381617034	184.81531792799615	195.5299175806071	196.19372390545868	195.2354824251396	199.60620415014444	195.10954952368624	187.5692302365553	121.98656698868918	195.1562628682884	195.17281192759506	190.63888208950877	196.19372390545868	205.45788704449183	204.22776246470494	206.6581419666106	204.17459094398228	197.82015956825703	118.05124600132757	204.30169369797994	204.2291663433926	190.27777488349773	195.2354824251396	204.22776246470494	204.14192116025686	205.68613294718625	204.0311772754134	196.90028744431834	117.78864014231829	204.15053690032084	204.0858319420691	187.86685331130593	199.60620415014444	206.6581419666106	205.68613294718625	214.19061055390776	205.60903182171575	198.53168362215519	127.19941267291797	205.6254134737891	205.6558810250888	190.15353405166442	195.10954952368624	204.17459094398228	204.0311772754134	205.60903182171575	204.02705448407963	196.8054328913654	117.77502305919596	204.0949591965636	204.03179346177902	184.51211972959652	187.5692302365553	197.82015956825703	196.90028744431834	198.53168362215519	196.8054328913654	193.39340272567392	117.92003128390832	196.84553460315297	196.85511202343295	128.44302133107857	121.98656698868918	118.05124600132757	117.78864014231829	127.19941267291797	117.77502305919596	117.92003128390832	244.63256842991655	117.95491434727327	117.78001652625859	190.11989329423523	195.1562628682884	204.30169369797994	204.15053690032084	205.6254134737891	204.0949591965636	196.84553460315297	117.95491434727327	204.43032369710997	204.14925928420843	190.21088381617034	195.17281192759506	204.2291663433926	204.0858319420691	205.6558810250888	204.03179346177902	196.85511202343295	117.78001652625859	204.14925928420843	204.09281672391776
187.19603365863045	186.6968918622547	191.95558863512292	191.65579157562826	189.38441965382586	191.00881929263804	185.7924058214356	128.6710326430378	191.02730685230512	191.0391128758688	186.6968918622547	198.41612041810507	198.59446791334904	196.61746493502756	202.00911934966405	196.04126996079106	189.58230413703293	122.57801320943139	196.06612077413357	196.06482105657616	191.95558863512292	198.59446791334904	208.14884687801128	204.95413129221302	208.92151758840845	204.9929607453332	199.72533103789095	118.65358001401778	205.01684170361193	205.02145813121243	191.65579157562826	196.61746493502756	204.95413129221302	205.4284874092447	206.68810101156228	204.92223966226808	197.58603637889163	117.91824643833634	204.94647243068624	204.9455632471755	189.38441965382586	202.00911934966405	208.92151758840845	206.68810101156228	216.2274251733824	206.41307717992592	200.24335071514187	127.89653444484819	206.4301627482052	206.43730766648588	191.00881929263804	196.04126996079106	204.9929607453332	204.92223966226808	206.41307717992592	204.99469888715356	197.15688222834237	117.90080449996346	204.99955680882067	204.9987025672866	185.7924058214356	189.58230413703293	199.72533103789095	197.58603637889163	200.24335071514187	197.15688222834237	195.10765527077484	118.48778831425801	197.17645867740416	197.17302933598134	128.6710326430378	122.57801320943139	118.65358001401778	117.91824643833634	127.89653444484819	117.90080449996346	118.48778831425801	244.49726033684095	117.91198140223582	117.88017444124475	191.02730685230512	196.06612077413357	205.01684170361193	204.94647243068624	206.4301627482052	204.99955680882067	197.17645867740416	117.91198140223582	205.03210657153113	205.02219003795716	191.0391128758688	196.06482105657616	205.02145813121243	204.9455632471755	206.43730766648588	204.9987025672866	197.17302933598134	117.88017444124475	205.02219003795716	205.05119701921024
