184.5637345941703	184.31902830204314	184.58241599562328	188.54831722373552	185.02728850674055	183.34052738433044	184.19484720682294	124.99039311178345	184.40240614172887	184.536411765221	184.31902830204314	184.59855764947176	184.40067833594554	188.41181709310706	185.02385084709104	183.13471070965036	183.9992976620424	124.17911038514495	184.24846182848836	184.3527328460671	184.58241599562328	184.40067833594554	184.6996436384937	188.61467270267684	185.13544773241526	183.42350761824554	184.27846214211448	124.85349245268593	184.49362055554133	184.6204876545412	188.54831722373552	188.41181709310706	188.61467270267684	193.78803909356006	189.38623704044937	187.39338600360617	188.31034339106654	123.04496493041839	188.91458127138296	188.58089993147263	185.02728850674055	185.02385084709104	185.13544773241526	189.38623704044937	187.31621248720185	184.01080182159833	184.81050391333966	131.78270046526208	184.7157677336293	185.08810207740473	183.34052738433044	183.13471070965036	183.42350761824554	187.39338600360617	184.01080182159833	183.19830269924665	183.03242607731937	124.25837516681113	183.29841460579428	183.37685011062598	184.19484720682294	183.9992976620424	184.27846214211448	188.31034339106654	184.81050391333966	183.03242607731937	184.1661130618692	124.35927476813684	184.1059238250652	184.23006205650532	124.99039311178345	124.17911038514495	124.85349245268593	123.04496493041839	131.78270046526208	124.25837516681113	124.35927476813684	209.22177901976875	126.89970054334592	124.82377754685939	184.40240614172887	184.24846182848836	184.49362055554133	188.91458127138296	184.7157677336293	183.29841460579428	184.1059238250652	126.89970054334592	185.4242026787756	184.4453967241445	184.536411765221	184.3527328460671	184.6204876545412	188.58089993147263	185.08810207740473	183.37685011062598	184.23006205650532	124.82377754685939	184.4453967241445	184.58107052232276
181.41491283512434	180.1423437690002	180.4049322445806	183.11882033109356	180.36979041617914	178.87384108875113	180.00085182143474	128.76563960040218	179.2165291663902	180.37295960718575	180.1423437690002	181.7240571776571	181.72731444505933	184.2652891380967	181.75104140051488	180.01935085526756	181.1837672507668	118.66909042185257	181.16163969277247	181.68872856915522	180.4049322445806	181.72731444505933	182.276785909152	184.7404763818377	182.27715222175084	180.5789079165785	181.72174153204566	119.06252969312808	181.68059463832105	182.22025010899074	183.11882033109356	184.2652891380967	184.7404763818377	188.13542702688608	184.76942180737376	183.08609558908833	184.2632801836246	118.41967822658965	184.67489877068948	184.70820482368194	180.36979041617914	181.75104140051488	182.27715222175084	184.76942180737376	182.4059908812873	180.60373632587027	181.7410843458629	119.29688807633755	181.67982873216954	182.23934206897832	178.87384108875113	180.01935085526756	180.5789079165785	183.08609558908833	180.60373632587027	180.17479065374823	180.04242242504338	118.41137055847831	180.09930015773165	180.5411080627917	180.00085182143474	181.1837672507668	181.72174153204566	184.2632801836246	181.7410843458629	180.04242242504338	181.46241515053885	118.83609133106106	181.11993522637925	181.68279154917104	128.76563960040218	118.66909042185257	119.06252969312808	118.41967822658965	119.29688807633755	118.41137055847831	118.83609133106106	219.75150464991938	122.25986440856485	119.0577156352486	179.2165291663902	181.16163969277247	181.68059463832105	184.67489877068948	181.67982873216954	180.09930015773165	181.11993522637925	122.25986440856485	182.8132706741788	181.6385614534891	180.37295960718575	181.68872856915522	182.22025010899074	184.70820482368194	182.23934206897832	180.5411080627917	181.68279154917104	119.0577156352486	181.6385614534891	182.1901868278881
195.53317095339915	193.78673404184283	193.4807524541263	199.24586666813127	193.29788008199785	188.0426135957525	193.25133460816255	129.97275177912545	193.63096716098548	193.47882504838967	193.78673404184283	196.87039702432384	195.61496341599062	201.03702038799395	196.50240834465941	189.35073254892748	195.13337386196997	118.40010058140479	196.3153246071228	195.599578251385	193.4807524541263	195.61496341599062	196.9650122624382	201.77376457221524	197.6267123805535	191.05508293627636	196.458433949436	118.54282997597906	197.5468595614437	196.94380523490506	199.24586666813127	201.03702038799395	201.77376457221524	208.6497374822259	202.60433296954324	196.018377328409	201.44963095769867	117.72057653790102	203.3935491849772	201.76803834416242	193.29788008199785	196.50240834465941	197.6267123805535	202.60433296954324	199.76502520079674	191.9541970429262	197.1400943154458	120.546556968557	198.12408383259196	197.6125191562673	188.0426135957525	189.35073254892748	191.05508293627636	196.018377328409	191.9541970429262	190.13125000182745	190.58066280518509	116.9598457680325	192.0019633906145	191.04246142643828	193.25133460816255	195.13337386196997	196.458433949436	201.44963095769867	197.1400943154458	190.58066280518509	196.33690763300098	118.41237905579767	197.05714243652724	196.44369417771765	129.97275177912545	118.40010058140479	118.54282997597906	117.72057653790102	120.546556968557	116.9598457680325	118.41237905579767	234.53660068021364	120.4179850645397	118.52500080649207	193.63096716098548	196.3153246071228	197.5468595614437	203.3935491849772	198.12408383259196	192.0019633906145	197.05714243652724	120.4179850645397	200.13224607979905	197.5328616392088	193.47882504838967	195.599578251385	196.94380523490506	201.76803834416242	197.6125191562673	191.04246142643828	196.44369417771765	118.52500080649207	197.5328616392088	196.94783571125024
198.2370772068788	196.59110962490263	195.20833258879284	201.46676842988143	194.7290414477937	188.65581292038567	194.8238899705133	130.07158162827741	195.44299827537625	195.20487065599553	196.59110962490263	202.91572678138172	198.26048057430543	204.6862235727553	201.79403533086568	190.81786477031764	197.38000389544703	121.30032284973794	198.82625995363094	198.24480863990107	195.20833258879284	198.26048057430543	201.39969958874545	205.7389548014541	203.1040597823619	194.89602910701575	200.30918199117875	119.43608706277612	201.76132837538793	201.37688552074724	201.46676842988143	204.6862235727553	205.7389548014541	212.65518774926585	208.3378338334225	199.29240828172172	205.1112859242383	119.16865516866092	206.8925426561793	205.7337992316724	194.7290414477937	201.79403533086568	203.1040597823619	208.3378338334225	209.78512070636728	197.3192294437872	202.13110379819457	125.57969458807028	203.34014086751924	203.08828437327827	188.65581292038567	190.81786477031764	194.89602910701575	199.29240828172172	197.3192294437872	194.40180727225797	193.87839769108749	118.12841312910243	195.52007893185393	194.88432018430456	194.8238899705133	197.38000389544703	200.30918199117875	205.1112859242383	202.13110379819457	193.87839769108749	200.0576978634845	119.33006320294989	200.70490203330402	200.2952707274046	130.07158162827741	121.30032284973794	119.43608706277612	119.16865516866092	125.57969458807028	118.12841312910243	119.33006320294989	241.48844515659115	120.51352441930862	119.42678600347708	195.44299827537625	198.82625995363094	201.76132837538793	206.8925426561793	203.34014086751924	195.52007893185393	200.70490203330402	120.51352441930862	203.5280075875987	201.74860154368952	195.20487065599553	198.24480863990107	201.37688552074724	205.7337992316724	203.08828437327827	194.88432018430456	200.2952707274046	119.42678600347708	201.74860154368952	201.37431213414513
194.43638744918258	192.42907641036896	191.26828085783856	197.41857737720048	191.16491597752662	187.9701608456612	190.771678896398	129.52735484521267	191.51301499357186	191.26571612803673	192.42907641036896	200.6227062993051	193.92011617942515	200.83277886949492	199.98383337771085	190.1605783067357	192.82593319744595	122.8343761754239	194.41493789550304	193.9037711456173	191.26828085783856	193.92011617942515	199.69362717524947	203.16826996866325	201.89926345630465	196.59004289301095	198.0960862521656	118.55658228599107	199.97743145940964	199.67283421491777	197.41857737720048	200.83277886949492	203.16826996866325	209.55515753575256	206.95939604991585	200.04415747296468	202.26465886978238	119.0247735288969	204.0332366622047	203.16340926168874	191.16491597752662	199.98383337771085	201.89926345630465	206.95939604991585	211.23172442694457	199.21324001592671	200.54731232169206	127.33779172443963	202.06199031429833	201.88326666682397	187.9701608456612	190.1605783067357	196.59004289301095	200.04415747296468	199.21324001592671	196.49405292217926	195.038483602703	117.95265870373818	196.9677975507681	196.5793350937951	190.771678896398	192.82593319744595	198.0960862521656	202.26465886978238	200.54731232169206	195.038483602703	197.68667937318992	118.58301035458034	198.41066360664996	198.083004520687	129.52735484521267	122.8343761754239	118.55658228599107	119.0247735288969	127.33779172443963	117.95265870373818	118.58301035458034	244.88760952949974	119.33077734966403	118.54532836664944	191.51301499357186	194.41493789550304	199.97743145940964	204.0332366622047	202.06199031429833	196.9677975507681	198.41066360664996	119.33077734966403	201.28003907452728	199.9661046187208	191.26571612803673	193.9037711456173	199.67283421491777	203.16340926168874	201.88326666682397	196.5793350937951	198.083004520687	118.54532836664944	199.9661046187208	199.67234395591373
187.86846828614546	187.0828554852106	191.86426561379042	192.39289539293503	189.46965539498305	190.6010986144056	186.30157014805954	128.56862350263688	191.41833623097415	191.42717838907217	187.0828554852106	198.14627657650524	197.77986408083564	197.52909275843092	201.61426320983117	195.72459445658006	189.5727210435027	122.02435498523703	196.67866935872652	196.67650718467996	191.86426561379042	197.77986408083564	207.1871624970319	205.7790497679967	208.36705611358437	205.0713498050382	199.3273999235102	117.76545617290867	205.87521423443178	205.86676539148294	192.39289539293503	197.52909275843092	205.7790497679967	206.43230603703114	207.67089932312723	204.8863796394641	198.87060367412562	117.51807565794053	205.7019487365028	205.69128598737683	189.46965539498305	201.61426320983117	208.36705611358437	207.67089932312723	216.16894607502024	206.61307045163346	200.31209958661293	126.9174192577254	207.29452437910183	207.29646807300017	190.6010986144056	195.72459445658006	205.0713498050382	204.8863796394641	206.61307045163346	204.9064132943002	197.53839178523225	117.294027659354	204.9821300025454	204.97393474562307	186.30157014805954	189.5727210435027	199.3273999235102	198.87060367412562	200.31209958661293	197.53839178523225	195.20439015831766	117.74396912080128	198.29299181856427	198.290358435129	128.56862350263688	122.02435498523703	117.76545617290867	117.51807565794053	126.9174192577254	117.294027659354	117.74396912080128	244.92428085031824	117.47228079086595	117.44707725173458	191.41833623097415	196.67866935872652	205.87521423443178	205.7019487365028	207.29452437910183	204.9821300025454	198.29299181856427	117.47228079086595	205.8198384932518	205.78592922529316	191.42717838907217	196.67650718467996	205.86676539148294	205.69128598737683	207.29646807300017	204.97393474562307	198.290358435129	117.44707725173458	205.78592922529316	205.78453875174512
176.66883500793378	173.15566467121795	178.31014864636398	179.25443889896886	176.02152994224136	177.65612845200155	177.57862910472494	130.7595191867481	178.23379192641556	178.25242159225013	173.15566467121795	177.08561749351782	178.29255480311969	179.28623180974762	179.87401011882804	177.51422918038142	177.30199474978883	122.4449482435892	178.1980571361041	178.20748578205348	178.31014864636398	178.29255480311969	186.58664169210485	187.211590806409	186.57320930022027	185.90746003460168	185.68048363110313	120.76750864005926	186.4905027319191	186.49687258103006	179.25443889896886	179.28623180974762	187.211590806409	188.21311694772248	187.39462455779673	186.5629185507506	186.36983750269798	120.56478620907518	187.15064053492293	187.15545454873552	176.02152994224136	179.87401011882804	186.57320930022027	187.39462455779673	190.793459452865	185.9751728780933	185.6560457675004	127.96354079949103	186.48183204398373	186.4956401777122	177.65612845200155	177.51422918038142	185.90746003460168	186.5629185507506	185.9751728780933	185.83985356010373	185.03346935710198	120.61449315295104	185.84264379586688	185.8487382349038	177.57862910472494	177.30199474978883	185.68048363110313	186.36983750269798	185.6560457675004	185.03346935710198	185.18522109825264	120.74991035486615	185.61152649481576	185.61839509933543	130.7595191867481	122.4449482435892	120.76750864005926	120.56478620907518	127.96354079949103	120.61449315295104	120.74991035486615	237.01901699620498	120.79747139962004	120.76551148721181	178.23379192641556	178.1980571361041	186.4905027319191	187.15064053492293	186.48183204398373	185.84264379586688	185.61152649481576	120.79747139962004	186.4458687214823	186.43147999157105	178.25242159225013	178.20748578205348	186.49687258103006	187.15545454873552	186.4956401777122	185.8487382349038	185.61839509933543	120.76551148721181	186.43147999157105	186.44677805785193
184.35653295720286	183.5398535680394	184.01541045475514	187.88440422356052	184.09236074036903	182.36990195058692	183.86954833158384	125.6741577734637	183.78961298648647	183.99764159593215	183.5398535680394	184.2537963274511	183.91977552241988	187.76260131674042	184.19563025833392	182.159129204811	183.74991805418838	121.23272412696649	183.82690391979023	183.89841054852732	184.01541045475514	183.91977552241988	184.54682655136327	188.2873257463715	184.7091487311692	182.84873344748027	184.3756458660648	123.04137311767201	184.3874316736862	184.51631435281695	187.88440422356052	187.76260131674042	188.2873257463715	193.15202890219172	188.5605428824993	186.60002228809103	188.15661623585254	120.80755489198664	188.55634505971736	188.2731382865234	184.09236074036903	184.19563025833392	184.7091487311692	188.5605428824993	185.5223265428986	183.0736590418074	184.55552000083685	125.20250491702672	184.49170853186237	184.68993114790507	182.36990195058692	182.159129204811	182.84873344748027	186.60002228809103	183.0736590418074	182.5505081956404	182.68749966377948	122.0024328766927	182.76859548187684	182.82915636383353	183.86954833158384	183.74991805418838	184.3756458660648	188.15661623585254	184.55552000083685	182.68749966377948	184.32109411772012	122.84650575918334	184.22786041346407	184.35579898797945	125.6741577734637	121.23272412696649	123.04137311767201	120.80755489198664	125.20250491702672	122.0024328766927	122.84650575918334	199.86911074779698	125.17771681551966	123.01576701438464	183.78961298648647	183.82690391979023	184.3874316736862	188.55634505971736	184.49170853186237	182.76859548187684	184.22786041346407	125.17771681551966	185.21427446507022	184.36742147157182	183.99764159593215	183.89841054852732	184.51631435281695	188.2731382865234	184.68993114790507	182.82915636383353	184.35579898797945	123.01576701438464	184.36742147157182	184.5073403885748
176.90097156862234	176.76041325910342	176.89422020169732	181.60676958405006	178.13684105156847	173.59407324394925	176.80014774396878	145.40565012248973	179.69303211105287	176.8568236385492	176.76041325910342	176.8931025277593	176.76818409705513	181.5412319004427	178.07772567939202	173.435014519512	176.67226560506558	145.1140407120098	179.6564300171034	176.729210693261	176.89422020169732	176.76818409705513	176.91295015496945	181.60897454737875	178.1490136820479	173.6020466426205	176.80821898243113	145.39322394582445	179.7072601892298	176.8648928114285	181.60676958405006	181.5412319004427	181.60897454737875	188.86171970369938	182.97503831538782	178.70008427514134	181.5526286303082	147.61249097612946	187.12452291314054	181.58854164301533	178.13684105156847	178.07772567939202	178.1490136820479	182.97503831538782	180.69215180758758	175.0580592419785	178.06914975775794	148.5237218421958	180.26997868580088	178.12067592449537	173.59407324394925	173.435014519512	173.6020466426205	178.70008427514134	175.0580592419785	173.73780811220578	173.50839566032693	143.2037657383195	177.11208495838216	173.56589887304668	176.80014774396878	176.67226560506558	176.80821898243113	181.5526286303082	178.06914975775794	173.50839566032693	176.7904285339395	145.266538591304	179.6328857944242	176.77007422166562	145.40565012248973	145.1140407120098	145.39322394582445	147.61249097612946	148.5237218421958	143.2037657383195	145.266538591304	186.50065223377453	151.3524766453844	145.30593322245025	179.69303211105287	179.6564300171034	179.7072601892298	187.12452291314054	180.26997868580088	177.11208495838216	179.6328857944242	151.3524766453844	187.10180399397893	179.6834448468721	176.8568236385492	176.729210693261	176.8648928114285	181.58854164301533	178.12067592449537	173.56589887304668	176.77007422166562	145.30593322245025	179.6834448468721	176.87513094454218
193.48302594109973	193.4258828693262	193.47234434422103	198.5206901388803	193.84625997529292	183.98566373539649	193.4245619290808	134.98048493786348	193.95286282907176	193.45289257177467	193.4258828693262	193.86913487972646	193.43983899786346	198.55668937613564	193.9294889731877	183.75611186485125	193.38989936853005	134.25105856004754	193.97806537092669	193.4176575139981	193.47234434422103	193.43983899786346	193.4965943325637	198.52739964822456	193.8679629279972	183.9962022787603	193.43990741656643	134.93104661982213	193.97132293334587	193.46824569412513	198.5206901388803	198.55668937613564	198.52739964822456	205.45392863548886	199.2168817557456	189.34080009719247	198.50088685688158	133.51908312853897	200.22108544406495	198.52144391019146	193.84625997529292	193.9294889731877	193.8679629279972	199.2168817557456	195.53181275194294	185.05449486592994	193.82834153875146	138.8297264519388	194.1577462727645	193.85655770459732	183.98566373539649	183.75611186485125	183.9962022787603	189.34080009719247	185.05449486592994	183.0207721374273	183.946209495065	128.90888254324227	185.26353400687267	183.9764861157313	193.4245619290808	193.38989936853005	193.43990741656643	198.50088685688158	193.82834153875146	183.946209495065	193.4362509028075	134.83863526117042	193.9286475307961	193.41994287911413	134.98048493786348	134.25105856004754	134.93104661982213	133.51908312853897	138.8297264519388	128.90888254324227	134.83863526117042	198.87570909625532	137.53621328460596	134.82117705892472	193.95286282907176	193.97806537092669	193.97132293334587	200.22108544406495	194.1577462727645	185.26353400687267	193.9286475307961	137.53621328460596	196.50995714666058	193.95704287694764	193.45289257177467	193.4176575139981	193.46824569412513	198.52144391019146	193.85655770459732	183.9764861157313	193.41994287911413	134.82117705892472	193.95704287694764	193.4933352289455
205.67412987153745	205.77059028490612	204.44313444506744	210.5951284582593	204.0428491163528	191.00839914194344	204.21294324053116	130.66734842796663	204.4281596150355	204.44009633075478	205.77059028490612	210.3286638962192	206.74887155259918	212.83618621250457	207.37720140491027	191.24894990381387	206.34317158628016	122.0695294801659	206.9021590670555	206.731801512364	204.44313444506744	206.74887155259918	206.9902244836071	212.3005563526216	207.09997646790643	193.0328801196165	206.5917329493594	123.93385120183858	207.04398418205977	206.97137325069147	210.5951284582593	212.83618621250457	212.3005563526216	219.5096331522224	212.76273109708228	198.27194382069277	212.06238380893015	121.48490093696047	212.87685719742947	212.2970967399758	204.0428491163528	207.37720140491027	207.09997646790643	212.76273109708228	208.89037020480205	193.81458792536495	206.74123072890413	126.74251708843488	207.12687128239313	207.08891179850193	191.00839914194344	191.24894990381387	193.0328801196165	198.27194382069277	193.81458792536495	191.1431951890111	192.67809543536316	119.16834634442478	193.4710444006287	193.02467488057266	204.21294324053116	206.34317158628016	206.5917329493594	212.06238380893015	206.74123072890413	192.67809543536316	206.5456822201507	123.59796157455779	206.66301109348345	206.57858887776717	130.66734842796663	122.0695294801659	123.93385120183858	121.48490093696047	126.74251708843488	119.16834634442478	123.59796157455779	227.0039743108905	124.72979887838721	123.89713596823084	204.4281596150355	206.9021590670555	207.04398418205977	212.87685719742947	207.12687128239313	193.4710444006287	206.66301109348345	124.72979887838721	207.9996634244065	207.03224205845154	204.44009633075478	206.731801512364	206.97137325069147	212.2970967399758	207.08891179850193	193.02467488057266	206.57858887776717	123.89713596823084	207.03224205845154	206.98266498752096
201.71465134961312	200.20153376986326	199.33334051905354	205.32155095821912	198.33445188391158	189.343816383805	199.03512396497553	130.64590285497192	199.38401101164894	199.3330406993856	200.20153376986326	205.39071116405609	203.0340317649371	208.79723096402356	205.1169323521045	191.9488535468029	202.38971168970644	121.25652326339767	203.4195932061753	203.01714279647723	199.33334051905354	203.0340317649371	204.13733788211053	209.01038060625973	205.51150095108966	193.73308872544672	203.43669574548494	120.55912666542329	204.4253138332222	204.11526296409832	205.32155095821912	208.79723096402356	209.01038060625973	216.111744571429	210.92975147097692	198.89302322825125	208.5851457974348	119.98447250556258	210.18355261401558	209.00473025061294	198.33445188391158	205.1169323521045	205.51150095108966	210.92975147097692	211.10099644130733	196.25281976222988	204.87041551427575	125.78635552585803	205.657212792071	205.4962745170991	189.343816383805	191.9488535468029	193.73308872544672	198.89302322825125	196.25281976222988	192.54183946326395	193.11360442017718	118.57863817654732	194.51633327694643	193.7211544617968	199.03512396497553	202.38971168970644	203.43669574548494	208.5851457974348	204.87041551427575	193.11360442017718	203.2719741669241	120.44533924597903	203.748659730162	203.42037073942075	130.64590285497192	121.25652326339767	120.55912666542329	119.98447250556258	125.78635552585803	118.57863817654732	120.44533924597903	240.22732117719082	121.79684495154255	120.53765703345056	199.38401101164894	203.4195932061753	204.4253138332222	210.18355261401558	205.657212792071	194.51633327694643	203.748659730162	121.79684495154255	206.3589918300395	204.41031370267248	199.3330406993856	203.01714279647723	204.11526296409832	209.00473025061294	205.4962745170991	193.7211544617968	203.42037073942075	120.53765703345056	204.41031370267248	204.12211767006133
212.0488463091587	211.86901345084368	211.63015655363984	214.45392903649793	208.42561207757427	192.65512145482398	208.22641853251974	129.84101729909787	208.93433861004107	211.63130987789148	211.86901345084368	221.21854954715167	220.6220697020244	222.00749430662933	221.20974225994965	200.3665043318145	214.04004369894727	122.44027494069073	218.87249038898003	220.61117648419832	211.63015655363984	220.6220697020244	220.95633102651354	221.937179134082	221.2978843990204	200.84124489742047	214.21477960387804	122.03820187592135	219.0271839271489	220.93916317159366	214.45392903649793	222.00749430662933	221.937179134082	230.03294864469933	222.7390193044799	206.70506440292039	218.41384814105734	125.27449354693583	227.5497475504718	221.93587741982614	208.42561207757427	221.20974225994965	221.2978843990204	222.7390193044799	228.09256668317738	203.96808253011505	215.11681538857152	128.44384712859312	218.3981897021757	221.28687642196854	192.65512145482398	200.3665043318145	200.84124489742047	206.70506440292039	203.96808253011505	199.92178585156552	196.1973240958247	123.49299243307595	205.63248239378353	200.83618731683902	208.22641853251974	214.04004369894727	214.21477960387804	218.41384814105734	215.11681538857152	196.1973240958247	212.3923250728831	122.12259590374052	213.82154637962708	214.19867466299073	129.84101729909787	122.44027494069073	122.03820187592135	125.27449354693583	128.44384712859312	123.49299243307595	122.12259590374052	248.00605906777747	130.00839266592777	122.02222313163463	208.93433861004107	218.87249038898003	219.0271839271489	227.5497475504718	218.3981897021757	205.63248239378353	213.82154637962708	130.00839266592777	229.9211015973644	219.02019450463754	211.63130987789148	220.61117648419832	220.93916317159366	221.93587741982614	221.28687642196854	200.83618731683902	214.19867466299073	122.02222313163463	219.02019450463754	220.94912849939539
213.142508964184	213.8917831162665	213.88019412555224	215.73324628783033	210.7796822421435	194.14980811823875	209.17685822385567	130.1526582829422	210.55400325452783	213.8906269995506	213.8917831162665	223.6897179316963	223.66150827270982	223.28360780748204	223.41447888601698	202.09618996068343	214.8780354355709	122.98990965052813	220.78158672617002	223.6160920750312	213.88019412555224	223.66150827270982	223.68309258264097	223.27945861153847	223.42153014212514	202.12214999751131	214.88944126485538	122.97485093503649	220.79026766302619	223.63188368397854	215.73324628783033	223.28360780748204	223.27945861153847	230.71870619977355	223.55526593904216	207.34516386903994	218.79630848032627	125.83982618981491	228.44601684738197	223.2862029320372	210.7796822421435	223.41447888601698	223.42153014212514	223.55526593904216	228.7680623944284	204.5723642601155	215.41257265162474	128.81129803075953	219.69969741560897	223.3917401050148	194.14980811823875	202.09618996068343	202.12214999751131	207.34516386903994	204.5723642601155	200.43321346339687	196.2360608458817	124.05350590008469	206.5619946868379	202.12711649277404	209.17685822385567	214.8780354355709	214.88944126485538	218.79630848032627	215.41257265162474	196.2360608458817	212.670147260506	122.61917421629757	214.20231865636111	214.8227713289382	130.1526582829422	122.98990965052813	122.97485093503649	125.83982618981491	128.81129803075953	124.05350590008469	122.61917421629757	246.61628738139007	131.06551897234277	122.87553582317446	210.55400325452783	220.78158672617002	220.79026766302619	228.44601684738197	219.69969741560897	206.5619946868379	214.20231865636111	131.06551897234277	231.06829445856107	220.78226088152056	213.8906269995506	223.6160920750312	223.63188368397854	223.2862029320372	223.3917401050148	202.12711649277404	214.8227713289382	122.87553582317446	220.78226088152056	223.71527910594224
210.89646186267234	213.1020191054588	213.1749342360461	215.40754565905712	213.092746833842	195.4440403730499	208.95610929513268	133.2594063595404	209.58554577134646	213.14618251593384	213.1020191054588	222.95292271660986	222.9132764861121	222.75333374419105	222.94573426833475	202.11004387875272	214.2740109233617	123.20576442532308	220.26793370291162	222.8469368760301	213.1749342360461	222.9132764861121	223.69546274205254	222.7340584776761	222.91731424391276	202.38942860224134	214.83348176286808	122.89381186521314	220.68512666891507	222.8363932541793	215.40754565905712	222.75333374419105	222.7340584776761	230.27911164816965	222.75317872486679	207.1349062094361	218.26698510915793	125.46609782083343	228.12726437925687	222.7668545189791	213.092746833842	222.94573426833475	222.91731424391276	222.75317872486679	222.95913749612455	202.12138266830402	214.277419936652	123.21468647783695	220.2674597684919	222.85076725993204	195.4440403730499	202.11004387875272	202.38942860224134	207.1349062094361	202.12138266830402	199.4134850976211	196.09991307833963	121.35678158053119	207.10082733950367	202.1229360056027	208.95610929513268	214.2740109233617	214.83348176286808	218.26698510915793	214.277419936652	196.09991307833963	212.46925956607103	121.85239451198713	214.17750446104887	214.14697495484307	133.2594063595404	123.20576442532308	122.89381186521314	125.46609782083343	123.21468647783695	121.35678158053119	121.85239451198713	240.8303542127521	131.9424117392324	122.93402255874408	209.58554577134646	220.26793370291162	220.68512666891507	228.12726437925687	220.2674597684919	207.10082733950367	214.17750446104887	131.9424117392324	230.76248884971363	220.27480170610883	213.14618251593384	222.8469368760301	222.8363932541793	222.7668545189791	222.85076725993204	202.1229360056027	214.14697495484307	122.93402255874408	220.27480170610883	223.04169964402905
163.15577959653518	162.29187570170615	162.53890586179668	163.2195935361662	162.363296012544	159.59070808810958	162.3360722256325	157.51516472326813	162.8915117255032	159.26610437960733	162.29187570170615	161.96099855410182	162.1329161795407	162.6695954340825	161.97146978434424	159.13386585543765	161.9419975706154	156.9669225849191	162.57068065482505	158.58629217509775	162.53890586179668	162.1329161795407	162.7684880300119	162.7495898834885	162.21211109827422	159.3912624541376	162.18266146080936	157.1261712950646	162.85829977540843	158.95423207378113	163.2195935361662	162.6695954340825	162.7495898834885	164.1807286330003	162.75380289388835	159.91233369326926	162.7223809295583	157.22632150380048	163.7519298194342	159.31896587840217	162.363296012544	161.97146978434424	162.21211109827422	162.75380289388835	162.06277414904545	159.22500797478293	162.02086518361736	157.05584591470114	162.6430483994942	158.69427325467046	159.59070808810958	159.13386585543765	159.3912624541376	159.91233369326926	159.22500797478293	158.84647217082946	159.19338891227878	154.27151367953442	159.931082941604	155.80447682411116	162.3360722256325	161.9419975706154	162.18266146080936	162.7223809295583	162.02086518361736	159.19338891227878	162.00157000003944	157.0232867947682	162.61561920159403	158.6558411165076	157.51516472326813	156.9669225849191	157.1261712950646	157.22632150380048	157.05584591470114	154.27151367953442	157.0232867947682	163.58182663823732	157.83591291937844	153.14918336617646	162.8915117255032	162.57068065482505	162.85829977540843	163.7519298194342	162.6430483994942	159.931082941604	162.61561920159403	157.83591291937844	164.00393629045735	159.4816673816141	159.26610437960733	158.58629217509775	158.95423207378113	159.31896587840217	158.69427325467046	155.80447682411116	158.6558411165076	153.14918336617646	159.4816673816141	157.3770925587689
176.2631789985773	172.34041798490702	173.26304580265708	173.1001959741246	172.33725510392736	162.93082376129826	172.19140585874533	171.66473500831736	170.98740959195686	170.0616033400775	172.34041798490702	174.14904085185265	173.83701525459873	174.52608539383064	174.14193052238576	163.48600577919183	173.87617215488424	173.3751785102793	174.65782675585854	166.80964114642308	173.26304580265708	173.83701525459873	177.74645815998625	174.08987576538482	173.84506387657734	164.94048948771237	173.71699974459713	172.9959016342398	177.18312009925737	170.28320314208057	173.1001959741246	174.52608539383064	174.08987576538482	175.9688037252706	174.53048310159966	164.43047357691907	174.28932940917846	173.75366355117168	176.13723429686743	167.7465679090672	172.33725510392736	174.14193052238576	173.84506387657734	174.53048310159966	174.15574797034836	163.50006386489866	173.88109664645094	173.37996414532404	174.66281750665078	166.82334520451934	162.93082376129826	163.48600577919183	164.94048948771237	164.43047357691907	163.50006386489866	163.62580609568926	163.24706433941748	162.81279085576045	166.46303686468104	158.40520317632306	172.19140585874533	173.87617215488424	173.71699974459713	174.28932940917846	173.88109664645094	163.24706433941748	173.9347668554579	173.11618941194172	174.4015478379297	166.5016028964816	171.66473500831736	173.3751785102793	172.9959016342398	173.75366355117168	173.37996414532404	162.81279085576045	173.11618941194172	174.5798831972513	173.94749593254133	165.94735698604507	170.98740959195686	174.65782675585854	177.18312009925737	176.13723429686743	174.66281750665078	166.46303686468104	174.4015478379297	173.94749593254133	181.13916318226265	169.43945149222765	170.0616033400775	166.80964114642308	170.28320314208057	167.7465679090672	166.82334520451934	158.40520317632306	166.5016028964816	165.94735698604507	169.43945149222765	169.6699444389229
177.85725087640932	175.74301199868594	175.73805791509886	175.97715848989455	175.7386887022618	162.36161824481601	175.72639293708323	175.67276179196406	173.63983368636042	171.1548682066307	175.74301199868594	176.99881449299954	176.2938179649198	177.1195156540168	176.98774771651574	162.76682912896516	176.967889378341	176.91396554905165	176.15999710786755	169.472721365751	175.73805791509886	176.2938179649198	180.12855850114778	176.39143752679948	176.30285573127136	164.66035642005843	176.28496800846844	176.21388359998133	179.19404585889362	172.60458743486333	175.97715848989455	177.1195156540168	176.39143752679948	177.8162965770892	177.1209771740516	163.31819013181277	177.10168064848534	177.04650990648125	176.9916557848809	169.88192722763654	175.7386887022618	176.98774771651574	176.30285573127136	177.1209771740516	177.0041216955638	162.78611554371614	176.9693066198096	176.9153682480515	176.16137427998441	169.49189178139324	162.36161824481601	162.76682912896516	164.66035642005843	163.31819013181277	162.78611554371614	162.97138314458672	162.75648638873662	162.71218959244885	165.5514094536074	157.81417928166607	175.72639293708323	176.967889378341	176.28496800846844	177.10168064848534	176.9693066198096	162.75648638873662	176.97157697677454	176.89552266961016	176.14283093296373	169.45325915050378	175.67276179196406	176.91396554905165	176.21388359998133	177.04650990648125	176.9153682480515	162.71218959244885	176.89552266961016	177.02277843837277	176.0954921716982	169.39393481927718	173.63983368636042	176.15999710786755	179.19404585889362	176.9916557848809	176.16137427998441	165.5514094536074	176.14283093296373	176.0954921716982	181.37360792695128	171.8091505260026	171.1548682066307	169.472721365751	172.60458743486333	169.88192722763654	169.49189178139324	157.81417928166607	169.45325915050378	169.39393481927718	171.8091505260026	170.57823711377495
201.49107624031205	201.30588288685755	203.17303142457388	201.81605330477453	201.2849025084496	184.3033135822227	201.28982582915455	135.7170891989009	195.98941552744353	200.30375111742262	201.30588288685755	204.49451139779666	206.02983021426095	204.86662798472844	204.45184839247077	186.44843644581428	204.4478041261979	133.77543948775346	200.2502638018668	201.08288682572936	203.17303142457388	206.02983021426095	210.676489177084	206.41679243698366	206.03659574249514	189.35642563576724	206.02223007621473	130.35117169765562	203.9433181578561	205.4089399892737	201.81605330477453	204.86662798472844	206.41679243698366	205.94875651001468	204.8613972941282	187.3204105894569	204.85696428720354	133.58484075021244	201.4582784187779	201.86482625086313	201.2849025084496	204.45184839247077	206.03659574249514	204.8613972941282	204.48496273755086	186.48922772022647	204.4425074150049	133.79670549613473	200.24050603254494	201.11874193814123	184.3033135822227	186.44843644581428	189.35642563576724	187.3204105894569	186.48922772022647	182.74334891664927	186.46157238875114	126.66374898391383	185.67814827335286	184.28249204979505	201.28982582915455	204.4478041261979	206.02223007621473	204.85696428720354	204.4425074150049	186.46157238875114	204.4454211197375	133.77050230896714	200.2412400704697	201.08670839755422	135.7170891989009	133.77543948775346	130.35117169765562	133.58484075021244	133.79670549613473	126.66374898391383	133.77050230896714	242.1508345124002	138.88720525472723	120.64873188481354	195.98941552744353	200.2502638018668	203.9433181578561	201.4582784187779	200.24050603254494	185.67814827335286	200.2412400704697	138.88720525472723	201.54011918778028	198.50875434465942	200.30375111742262	201.08288682572936	205.4089399892737	201.86482625086313	201.11874193814123	184.28249204979505	201.08670839755422	120.64873188481354	198.50875434465942	205.70422858615956
192.86472494843608	193.07959423232882	193.1225616375947	195.9255376146947	192.8767902656002	181.26675074504055	193.06543079680355	138.86694371606708	192.03684229348517	192.13546179088158	193.07959423232882	194.18251056042592	194.2080145296397	196.8980512047341	193.9953639941282	181.96178381089197	194.1506181012166	136.95110607494277	193.18816180544187	192.85153922133557	193.1225616375947	194.2080145296397	194.2813427249312	196.93499125769372	194.03999431622535	182.0177750176155	194.1948631650378	136.92467071257656	193.23534785472341	192.91553346256632	195.9255376146947	196.8980512047341	196.93499125769372	200.4441128037073	196.76532299096868	184.6503030676611	196.88556556655436	134.54513078479926	196.19596604986037	195.86683888031334	192.8767902656002	193.9953639941282	194.03999431622535	196.76532299096868	194.10850595150885	181.9866075785551	193.98180996735687	137.65290046013314	192.9966190573844	192.77693853288363	181.26675074504055	181.96178381089197	182.0177750176155	184.6503030676611	181.9866075785551	179.64775925744829	181.95832219338297	128.16167839103633	181.4835864805482	180.4036859030203	193.06543079680355	194.1506181012166	194.1948631650378	196.88556556655436	193.98180996735687	181.95832219338297	194.1468905001039	136.95888238351336	193.17447979105552	192.840142213318	138.86694371606708	136.95110607494277	136.92467071257656	134.54513078479926	137.65290046013314	128.16167839103633	136.95888238351336	216.75343860870336	138.73104639110085	129.44126504448386	192.03684229348517	193.18816180544187	193.23534785472341	196.19596604986037	192.9966190573844	181.4835864805482	193.17447979105552	138.73104639110085	193.0583486101169	191.94518612785168	192.13546179088158	192.85153922133557	192.91553346256632	195.86683888031334	192.77693853288363	180.4036859030203	192.840142213318	129.44126504448386	191.94518612785168	194.38681051521772
164.8790103160424	161.47873065228046	161.49891801582737	163.14504026595523	161.5052650416976	157.82779302005832	161.44259056652533	161.07612516430808	161.7962369089964	160.62132853815703	161.47873065228046	159.4486534286304	159.4588876370741	160.4680305707025	159.47253014271038	155.5268919873508	159.3908425159634	158.9908994358892	159.88348750500248	158.24339469264092	161.49891801582737	159.4588876370741	159.50548651182027	160.48195478475787	159.49780336425647	155.55559715649323	159.41629152734066	159.01602936955751	159.90930076666314	158.2723490366023	163.14504026595523	160.4680305707025	160.48195478475787	162.3320795271825	160.51102418186582	156.5938374715591	160.43538627304116	159.97646856418714	161.20722461700956	159.33799282215435	161.5052650416976	159.47253014271038	159.49780336425647	160.51102418186582	159.5286424936157	155.57198975471692	159.42982998152058	159.0301764854369	159.9208783726942	158.2857240212252	157.82779302005832	155.5268919873508	155.55559715649323	156.5938374715591	155.57198975471692	155.15922271797524	155.48604377441472	155.09664221088337	156.0691994555278	154.3416947295022	161.44259056652533	159.3908425159634	159.41629152734066	160.43538627304116	159.42982998152058	155.48604377441472	159.38903566711946	158.94822807534175	159.84074418713922	158.19743710427642	161.07612516430808	158.9908994358892	159.01602936955751	159.97646856418714	159.0301764854369	155.09664221088337	158.94822807534175	159.57028293481164	159.44702969880925	157.78985569607156	161.7962369089964	159.88348750500248	159.90930076666314	161.20722461700956	159.9208783726942	156.0691994555278	159.84074418713922	159.44702969880925	160.85253425226435	158.7241439815743	160.62132853815703	158.24339469264092	158.2723490366023	159.33799282215435	158.2857240212252	154.3416947295022	158.19743710427642	157.78985569607156	158.7241439815743	157.9511604828832
