193.2784895123428	192.4802900221834	192.81519614147203	197.9867437934393	192.87192187010118	187.92470305582552	192.54743975844318	126.39761135542919	192.8660460755499	192.80420582810032	192.4802900221834	194.3636613597344	192.86023928480063	198.06627924517827	193.43072603788013	187.39060699327655	192.49910918892908	120.20153547718942	193.0208536579925	192.84382100994296	192.81519614147203	192.86023928480063	193.62309896362422	198.52423995913873	193.82847287943912	188.61037395546265	193.292675654599	123.54843850508753	193.69831622825885	193.59785498058682	197.9867437934393	198.06627924517827	198.52423995913873	204.89373250097606	198.9937242754509	193.46377313879663	198.30659771741233	120.25211148218763	198.96034005359854	198.51845299657765	192.87192187010118	193.43072603788013	193.82847287943912	198.9937242754509	195.1255220589583	189.03604808075278	193.5380580960594	126.35208627400971	193.87486891656238	193.81546584459545	187.92470305582552	187.39060699327655	188.61037395546265	193.46377313879663	189.03604808075278	187.87508344647696	188.29373925725238	121.10775560733566	188.80976128106897	188.59759781520046	192.54743975844318	192.49910918892908	193.292675654599	198.30659771741233	193.5380580960594	188.29373925725238	193.26739640984806	123.07207469563019	193.38569916660336	193.27888057960942	126.39761135542919	120.20153547718942	123.54843850508753	120.25211148218763	126.35208627400971	121.10775560733566	123.07207469563019	211.67006557664936	124.4551038937832	123.52910847288273	192.8660460755499	193.0208536579925	193.69831622825885	198.96034005359854	193.87486891656238	188.80976128106897	193.38569916660336	124.4551038937832	194.42563561964695	193.6852795705345	192.80420582810032	192.84382100994296	193.59785498058682	198.51845299657765	193.81546584459545	188.59759781520046	193.27888057960942	123.52910847288273	193.6852795705345	193.59384489413122
186.9400397193234	186.08623729482974	186.36198154395748	189.73326327023204	186.0667389506373	181.1729391875688	186.002372121489	131.25084788600975	185.89349154167192	186.34720032372593	186.08623729482974	188.66326492053156	188.33321415904905	191.44666109582388	188.7369985858403	182.49714306589433	187.8377509071915	121.54793419259501	188.0671404535607	188.30934045640456	186.36198154395748	188.33321415904905	189.14757453786748	192.1206186187954	189.4372225888485	183.4963364517903	188.65417648820483	122.08766177346489	188.86826851887292	189.11772097476958	189.73326327023204	191.44666109582388	192.1206186187954	196.06196454259128	192.52090201095396	186.49651823685412	191.70506517726366	120.86916455912693	192.0830872980283	192.102971814415	186.0667389506373	188.7369985858403	189.4372225888485	192.52090201095396	190.87836305805106	184.01556305261914	188.96203354800008	124.39011960485438	189.110488702876	189.4149549251179	181.1729391875688	182.49714306589433	183.4963364517903	186.49651823685412	184.01556305261914	182.41247189350062	183.019670774252	119.92207158524968	183.35616940562565	183.47468891508652	186.002372121489	187.8377509071915	188.65417648820483	191.70506517726366	188.96203354800008	183.019670774252	188.44276981838132	121.90999371920924	188.37530921260912	188.63099667064233	131.25084788600975	121.54793419259501	122.08766177346489	120.86916455912693	124.39011960485438	119.92207158524968	121.90999371920924	223.56211837498444	123.12312211060963	122.067165572786	185.89349154167192	188.0671404535607	188.86826851887292	192.0830872980283	189.110488702876	183.35616940562565	188.37530921260912	123.12312211060963	189.29696627533	188.84530098481846	186.34720032372593	188.30934045640456	189.11772097476958	192.102971814415	189.4149549251179	183.47468891508652	188.63099667064233	122.067165572786	188.84530098481846	189.11209258372298
176.68317121914262	176.4570912594698	177.02154054046176	178.01085417181264	176.49581392878622	172.93960840380782	176.50780083557282	134.03712892461795	176.21454467197995	176.9911642919568	176.4570912594698	179.71844978840127	179.7945264333905	180.69120619632707	180.05442761133762	175.19194109539566	179.16235646109297	123.29165387963474	179.19673985279482	179.7579462408944	177.02154054046176	179.7945264333905	180.81275064879603	181.6658633598293	180.9873034810976	176.32099076227323	180.1825656344393	123.53874818291622	180.21830409963778	180.76740701560198	178.01085417181264	180.69120619632707	181.6658633598293	182.80788348054043	181.87949063742022	177.18892846374303	181.06553546143948	123.19722777377237	181.13358214532988	181.63221459095104	176.49581392878622	180.05442761133762	180.9873034810976	181.87949063742022	182.33745625383284	176.6795260610079	180.36981682356964	125.88434039910653	180.347032051072	180.95125910752816	172.93960840380782	175.19194109539566	176.32099076227323	177.18892846374303	176.6795260610079	175.39422862570382	175.70792851591784	121.91640114648855	175.81157345533475	176.28620313446626	176.50780083557282	179.16235646109297	180.1825656344393	181.06553546143948	180.36981682356964	175.70792851591784	179.81452000032286	123.4677475192299	179.58315081123322	180.14647797976843	134.03712892461795	123.29165387963474	123.53874818291622	123.19722777377237	125.88434039910653	121.91640114648855	123.4677475192299	224.24323405980675	124.46545857302146	123.53362381386887	176.21454467197995	179.19673985279482	180.21830409963778	181.13358214532988	180.347032051072	175.81157345533475	179.58315081123322	124.46545857302146	180.14620671014222	180.1819149037395	176.9911642919568	179.7579462408944	180.76740701560198	181.63221459095104	180.95125910752816	176.28620313446626	180.14647797976843	123.53362381386887	180.1819149037395	180.7431619990493
177.83060771171216	177.21929292538402	177.84088096802932	179.38242323429787	177.47243363776983	174.0006268322002	177.73374586812506	133.14242014223177	177.0456973838675	177.81007353938324	177.21929292538402	178.55864579745898	178.3268733551155	179.83790283175526	178.3092507570717	174.16045781444174	178.20620503478176	127.5820041237041	177.6341761898626	178.29135444850388	177.84088096802932	178.3268733551155	179.17491487879713	180.63234929843637	179.01349977052678	175.17708149346157	179.04887508246068	129.03396649901845	178.46044419442632	179.13104886482637	179.38242323429787	179.83790283175526	180.63234929843637	182.51637716077147	180.53667130214535	176.6374455653774	180.52322858444555	128.1572202527938	180.0256737009286	180.6015286710256	177.47243363776983	178.3092507570717	179.01349977052678	180.53667130214535	179.7521851756543	175.19632585065492	178.90005160446205	131.9946604391867	178.23812116217124	178.98031791272962	174.0006268322002	174.16045781444174	175.17708149346157	176.6374455653774	175.19632585065492	174.53128206056942	175.0615673441345	126.72362267911441	174.57026697599008	175.14403356859728	177.73374586812506	178.20620503478176	179.04887508246068	180.52322858444555	178.90005160446205	175.0615673441345	178.98005964730905	128.98329191370945	178.34251131554288	179.0155998690578	133.14242014223177	127.5820041237041	129.03396649901845	128.1572202527938	131.9946604391867	126.72362267911441	128.98329191370945	203.26140751192352	130.49029867195713	129.01502985177325	177.0456973838675	177.6341761898626	178.46044419442632	180.0256737009286	178.23812116217124	174.57026697599008	178.34251131554288	130.49029867195713	178.31713654812881	178.42621679674886	177.81007353938324	178.29135444850388	179.13104886482637	180.6015286710256	178.98031791272962	175.14403356859728	179.0155998690578	129.01502985177325	178.42621679674886	179.11038553049974
186.50304420551964	186.03199565128497	186.46400719777924	190.84662062186334	186.63033488996956	184.3411326316341	186.43006784522566	123.60841096544456	186.4402980042321	186.42322315934166	186.03199565128497	186.49084371199757	186.10660747950408	190.52462421212857	186.40714779594185	183.88177526840343	186.0702578082963	121.195087110065	186.10953767917945	186.05558507068997	186.46400719777924	186.10660747950408	186.57643376567424	190.90935987761003	186.74069343735573	184.4255663354285	186.52279387546216	123.20033984434737	186.5377612810245	186.51500058299905	190.84662062186334	190.52462421212857	190.90935987761003	196.37677368501744	191.2538199821932	188.74888737507112	190.88526495517632	119.77848108342047	191.08195051767478	190.8840475403984	186.63033488996956	186.40714779594185	186.74069343735573	191.2538199821932	187.61440560661603	184.69221994092072	186.7065477329771	125.9389930250987	186.6908277034837	186.70420964443682	184.3411326316341	183.88177526840343	184.4255663354285	188.74888737507112	184.69221994092072	184.0497199859958	184.3909040593548	121.62415528791941	184.44080914281594	184.382347763449	186.43006784522566	186.0702578082963	186.52279387546216	190.88526495517632	186.7065477329771	184.3909040593548	186.49671695694448	123.17737990235436	186.50319386223018	186.48044137859597	123.60841096544456	121.195087110065	123.20033984434737	119.77848108342047	125.9389930250987	121.62415528791941	123.17737990235436	191.56366361337314	124.03601134387628	122.99417779713407	186.4402980042321	186.10953767917945	186.5377612810245	191.08195051767478	186.6908277034837	184.44080914281594	186.50319386223018	124.03601134387628	186.90113426246972	186.49639574979759	186.42322315934166	186.05558507068997	186.51500058299905	190.8840475403984	186.70420964443682	184.382347763449	186.48044137859597	122.99417779713407	186.49639574979759	186.54381857493394
169.40225790602696	167.55243215115337	168.80925164109075	169.53586596662896	169.9194569088684	164.9694973252733	164.6849424046929	168.57234706685318	169.4354484407171	168.99535600684445	167.55243215115337	168.91688849220213	167.3546107602145	167.5988579135713	169.017792070299	162.74282671333538	162.0803685833069	166.95128380965858	168.0086372294356	167.4037012419885	168.80925164109075	167.3546107602145	170.6233719947028	168.3691362759455	170.0936483686372	164.8406940653025	165.3469373394404	168.36897136572784	169.3418810140127	168.81018465045517	169.53586596662896	167.5988579135713	168.3691362759455	171.38342958150412	170.89032027855816	165.4215335022397	165.42451263367232	168.86578714879934	170.40095041724305	169.35496278888445	169.9194569088684	169.017792070299	170.0936483686372	170.89032027855816	172.36068713308515	166.1525681744984	166.14589073045084	169.56805067950566	170.39907605981435	169.9825188981722	164.9694973252733	162.74282671333538	164.8406940653025	165.4215335022397	166.1525681744984	165.48013899431774	160.60367824794326	164.57173632594743	165.57460042388573	164.98236908218425	164.6849424046929	162.0803685833069	165.3469373394404	165.42451263367232	166.14589073045084	160.60367824794326	164.05185297484923	164.0273521898011	165.13969534836784	164.4814537160981	168.57234706685318	166.95128380965858	168.36897136572784	168.86578714879934	169.56805067950566	164.57173632594743	164.0273521898011	169.18650808244465	169.0407612975989	168.59095343505714	169.4354484407171	168.0086372294356	169.3418810140127	170.40095041724305	170.39907605981435	165.57460042388573	165.13969534836784	169.0407612975989	170.82506340139025	169.4654740514937	168.99535600684445	167.4037012419885	168.81018465045517	169.35496278888445	169.9825188981722	164.98236908218425	164.4814537160981	168.59095343505714	169.4654740514937	169.02439820050185
191.53801026523564	190.39873658288917	191.68339057219907	196.4157349808966	191.562949082324	187.7710822959148	191.49066049387213	125.17666036026088	191.5611619048112	191.5045531335857	190.39873658288917	192.52304238244488	190.63277964295585	195.5179745317991	190.79529279173744	185.97389610615014	190.38390841990463	116.7180680357552	190.57967517423677	190.3997977847928	191.68339057219907	190.63277964295585	192.11446243546033	196.54657037548208	191.81442787851336	188.005549145989	191.73134613279936	124.96940200424095	191.80723875063313	191.74506865087469	196.4157349808966	195.5179745317991	196.54657037548208	202.65346157204573	196.6547601153428	192.59851132219887	196.44495837706333	120.55764835072021	196.76710196608747	196.45594868078118	191.562949082324	190.79529279173744	191.81442787851336	196.6547601153428	192.21228841890868	187.9488326487774	191.61455730338318	126.2501630970779	191.67409736249525	191.62814462750043	187.7710822959148	185.97389610615014	188.005549145989	192.59851132219887	187.9488326487774	187.42580833180375	187.81518488419334	123.26620744953227	187.9453653686724	187.82933320799197	191.49066049387213	190.38390841990463	191.73134613279936	196.44495837706333	191.61455730338318	187.81518488419334	191.55314194887546	124.95813422292498	191.60994185907475	191.5513731694423	125.17666036026088	116.7180680357552	124.96940200424095	120.55764835072021	126.2501630970779	123.26620744953227	124.95813422292498	206.33022250395337	125.67385369421594	124.96826443716901	191.5611619048112	190.57967517423677	191.80723875063313	196.76710196608747	191.67409736249525	187.9453653686724	191.60994185907475	125.67385369421594	192.14327178321616	191.62381725006904	191.5045531335857	190.3997977847928	191.74506865087469	196.45594868078118	191.62814462750043	187.82933320799197	191.5513731694423	124.96826443716901	191.62381725006904	191.573978553625
166.45820543993196	166.0018770704938	167.69746385211687	166.33806075919725	167.09378047034244	163.9114835516933	166.28208638099304	159.07812376987496	166.29240103712368	162.80996254971777	166.0018770704938	166.35141131884527	167.3704064242043	166.06922921769248	166.9766514910685	163.5536998844241	166.01600784950222	158.6526490991722	166.02759500196817	162.09192488953957	167.69746385211687	167.3704064242043	170.16203649049348	167.67805339875156	169.0700967928956	165.29332614451522	167.66376284397793	159.0576552923483	167.6790660777181	164.60915662939664	166.33806075919725	166.06922921769248	167.67805339875156	166.46216092484946	167.23708680242714	163.97606367742563	166.36420720058567	159.01484027467532	166.3754018961142	162.7121993885691	167.09378047034244	166.9766514910685	169.0700967928956	167.23708680242714	169.087935309895	164.96039022107237	167.17132303658337	160.361702761434	167.17866679580897	164.494891809168	163.9114835516933	163.5536998844241	165.29332614451522	163.97606367742563	164.96039022107237	163.8266413244264	163.92397394518875	156.68849270644034	163.93667392736458	160.30426723853867	166.28208638099304	166.01600784950222	167.66376284397793	166.36420720058567	167.17132303658337	163.92397394518875	166.3212565312662	159.00096761734645	166.3216856575448	162.6700405070136	159.07812376987496	158.6526490991722	159.0576552923483	159.01484027467532	160.361702761434	156.68849270644034	159.00096761734645	171.93550509399358	159.01845338146566	153.50322826344052	166.29240103712368	166.02759500196817	167.6790660777181	166.3754018961142	167.17866679580897	163.93667392736458	166.3216856575448	159.01845338146566	166.3458885918415	162.69199853607986	162.80996254971777	162.09192488953957	164.60915662939664	162.7121993885691	164.494891809168	160.30426723853867	162.6700405070136	153.50322826344052	162.69199853607986	162.79040596632893
183.65821950083972	183.5410249344485	188.34155991993504	183.66716766640374	184.12980641411383	177.7483339248005	183.64110944367556	140.70367941834664	183.33391258021803	183.92389494263438	183.5410249344485	184.3315490896741	188.32746548513506	183.6009496196565	184.25813299657366	177.4594069064061	183.57470523375508	140.33513271173652	183.28570092772176	183.47985958821673	188.34155991993504	188.32746548513506	195.7404247570983	188.3846531985674	189.94819872689484	182.72061212081107	188.37144550864107	136.36592857561592	188.43206731386513	190.9182683138006	183.66716766640374	183.6009496196565	188.3846531985674	183.74106790643478	184.20597582720816	177.80320385872616	183.7044632463056	140.6441225388303	183.4021407083749	183.9499347545958	184.12980641411383	184.25813299657366	189.94819872689484	184.20597582720816	186.7128232170636	178.9718835137425	184.18009937671212	143.27184532981062	183.78913367630142	186.15995441634848	177.7483339248005	177.4594069064061	182.72061212081107	177.80320385872616	178.9718835137425	177.46333079032954	177.77766926439676	136.2068336211733	177.6494055893609	178.33635250034857	183.64110944367556	183.57470523375508	188.37144550864107	183.7044632463056	184.18009937671212	177.77766926439676	183.6903342582693	140.64671975775838	183.37446651347568	183.92134690751817	140.70367941834664	140.33513271173652	136.36592857561592	140.6441225388303	143.27184532981062	136.2068336211733	140.64671975775838	216.5113216233308	141.39051759418092	128.93306457788935	183.33391258021803	183.28570092772176	188.43206731386513	183.4021407083749	183.78913367630142	177.6494055893609	183.37446651347568	141.39051759418092	183.66606931189077	183.9031422508983	183.92389494263438	183.47985958821673	190.9182683138006	183.9499347545958	186.15995441634848	178.33635250034857	183.92134690751817	128.93306457788935	183.9031422508983	190.38526504551407
181.78955429349907	181.58576941295144	185.300369358575	181.89884981467162	181.38405268534132	177.76877790692183	181.82707539942638	134.61258848247888	181.36400497818855	181.6350689812305	181.58576941295144	182.49684343755686	185.34098612033205	181.88752086556477	181.62566068122786	177.57618379972973	181.81563134493268	133.55360384807344	181.3735654178474	181.24303478869058	185.300369358575	185.34098612033205	190.51162865937505	185.59376811626268	185.59155452394504	181.501847114673	185.53425661895463	131.19715506381698	185.2027587647926	186.3295542878315	181.89884981467162	181.88752086556477	185.59376811626268	182.2413086141092	181.75801461439946	178.06490739721036	182.1459014411295	134.1497149782901	181.69531626286127	181.87511742980254	181.38405268534132	181.62566068122786	185.59155452394504	181.75801461439946	182.94683050207823	178.0016285120786	181.68199664570284	138.82880852450188	181.14066930665496	182.23635165524684	177.76877790692183	177.57618379972973	181.501847114673	178.06490739721036	178.0016285120786	177.5576708080123	177.99454769008648	131.5918482627859	177.61708797260235	177.7910291293333	181.82707539942638	181.81563134493268	185.53425661895463	182.1459014411295	181.68199664570284	177.99454769008648	182.08140277801485	134.20362664143576	181.62101299128773	181.79765730981242	134.61258848247888	133.55360384807344	131.19715506381698	134.1497149782901	138.82880852450188	131.5918482627859	134.20362664143576	219.8260662363222	135.18043397423395	125.15571156796784	181.36400497818855	181.3735654178474	185.2027587647926	181.69531626286127	181.14066930665496	177.61708797260235	181.62101299128773	135.18043397423395	181.56169045004265	181.39986715605485	181.6350689812305	181.24303478869058	186.3295542878315	181.87511742980254	182.23635165524684	177.7910291293333	181.79765730981242	125.15571156796784	181.39986715605485	185.67394524417685
185.87770095333636	185.82795252940804	190.74290598046792	185.92046336084587	185.66233734038804	180.89284856871032	185.8863813165479	133.865559897266	185.6673707774548	186.3449730996828	185.82795252940804	186.45259528510798	190.84856438355658	185.9470483148002	185.85072381403012	180.77380215207685	185.91266971864837	132.95996583501343	185.70278505309219	186.2477271960392	190.74290598046792	190.84856438355658	197.538458039803	190.85691053590244	191.0737943100113	185.87183979241584	190.83409218391347	130.66721948101352	190.70868099569245	192.0622165537879	185.92046336084587	185.9470483148002	190.85691053590244	186.0549200664047	185.80915659318228	181.0044117651549	186.0106960211498	133.6419578843026	185.7947266892181	186.4498226283873	185.66233734038804	185.85072381403012	191.0737943100113	185.80915659318228	187.01682546631707	181.24902571406585	185.77538782447104	138.60013339075033	185.5130029418856	186.70444811295528	180.89284856871032	180.77380215207685	185.87183979241584	181.0044117651549	181.24902571406585	180.48881010218767	180.9710242918473	130.07010375257917	180.81389219902803	181.43082682656635	185.8863813165479	185.91266971864837	190.83409218391347	186.0106960211498	185.77538782447104	180.9710242918473	185.98869319858062	133.6501122181337	185.76002611005103	186.4136543075379	133.865559897266	132.95996583501343	130.66721948101352	133.6419578843026	138.60013339075033	130.07010375257917	133.6501122181337	208.78212923115353	134.2526534392331	127.99018077549702	185.6673707774548	185.70278505309219	190.70868099569245	185.7947266892181	185.5130029418856	180.81389219902803	185.76002611005103	134.2526534392331	185.77712294883702	186.23008750601224	186.3449730996828	186.2477271960392	192.0622165537879	186.4498226283873	186.70444811295528	181.43082682656635	186.4136543075379	127.99018077549702	186.23008750601224	189.21179411255403
184.48294939864272	184.45609787007362	189.3882180350957	184.53199287572772	184.37795165375528	181.0681676591106	184.35953396431321	134.6436255950607	184.4791539206688	184.5372693434268	184.45609787007362	185.07088248119413	189.56086544969656	184.61208312879904	184.58609982906933	181.03394535339334	184.43042429567998	133.08559803589776	184.561832233998	184.61245016405508	189.3882180350957	189.56086544969656	196.04198395841388	189.54765728125403	189.64456363103062	186.06357441701496	189.47258703150018	132.19580088648706	189.51659381403417	189.58272460215196	184.53199287572772	184.61208312879904	189.54765728125403	184.7043824731375	184.56905820095653	181.21772295165664	184.52254896107127	134.20557585611786	184.64571399293942	184.7018644872428	184.37795165375528	184.58609982906933	189.64456363103062	184.56905820095653	185.3381042877145	181.31947466946036	184.42131303134903	138.43040931967107	184.51016401088137	184.58415076843204	181.0681676591106	181.03394535339334	186.06357441701496	181.21772295165664	181.31947466946036	180.86200795468258	181.0395192361668	131.1275704068428	181.17428922500284	181.2213699250772	184.35953396431321	184.43042429567998	189.47258703150018	184.52254896107127	184.42131303134903	181.0395192361668	184.54880607475235	133.83686323595512	184.47081165748088	184.52541484919328	134.6436255950607	133.08559803589776	132.19580088648706	134.20557585611786	138.43040931967107	131.1275704068428	133.83686323595512	184.3937291840635	134.35517622051165	133.9979071368283	184.4791539206688	184.561832233998	189.51659381403417	184.64571399293942	184.51016401088137	181.17428922500284	184.47081165748088	134.35517622051165	184.634821371084	184.6501278912647	184.5372693434268	184.61245016405508	189.58272460215196	184.7018644872428	184.58415076843204	181.2213699250772	184.52541484919328	133.9979071368283	184.6501278912647	184.78845331757398
179.53972626867107	179.51744009995852	183.35748669120468	179.66169500179288	179.433966964607	177.30747959974715	179.51578851362106	134.41796509746766	179.6208102423538	179.6342566947259	179.51744009995852	180.25950920587377	183.79416590888957	180.05276626938587	180.00597936663917	177.61747890001618	179.89960764428284	132.21987317518398	180.01382791627665	179.9958837903152	183.35748669120468	183.79416590888957	188.84280794917998	183.90899113904092	183.98193765152038	181.52125330349915	183.80064096943343	131.3647806352567	183.87876356043853	183.9567403045471	179.66169500179288	180.05276626938587	183.90899113904092	180.2288074280867	180.1011088044442	177.8275255296816	180.07002064359378	132.8585282625334	180.1813857973653	180.17546716025586	179.433966964607	180.00597936663917	183.98193765152038	180.1011088044442	180.99048701816358	177.87962932005618	179.96313129851225	137.49683026221163	180.05774068298305	180.10559588964736	177.30747959974715	177.61747890001618	181.52125330349915	177.8275255296816	177.87962932005618	177.54044381999455	177.67651256823856	130.9436130233469	177.79070701039302	177.78107478077547	179.51578851362106	179.89960764428284	183.80064096943343	180.07002064359378	179.96313129851225	177.67651256823856	180.02605175847702	132.71595113510503	180.03070515142647	180.0210363780145	134.41796509746766	132.21987317518398	131.3647806352567	132.8585282625334	137.49683026221163	130.9436130233469	132.71595113510503	190.04091478290755	132.93104009770957	131.9980795272078	179.6208102423538	180.01382791627665	183.87876356043853	180.1813857973653	180.05774068298305	177.79070701039302	180.03070515142647	132.93104009770957	180.15854367744052	180.13641347791696	179.6342566947259	179.9958837903152	183.9567403045471	180.17546716025586	180.10559588964736	177.78107478077547	180.0210363780145	131.9980795272078	180.13641347791696	180.4852533513926
177.3846975193955	177.91172043893567	179.5293827203209	178.65526287553257	177.8422552684056	177.1261577702642	175.7881652879434	135.6181543143614	178.37428955493343	178.38570102034174	177.91172043893567	181.20215825908036	182.1742155661706	181.27523866794928	181.21434265694907	179.64155208585802	177.99228658963983	127.50457258891659	181.0307288534246	181.03540790278143	179.5293827203209	182.1742155661706	184.54318769552603	183.1075221605351	183.0411436420636	181.53903425258076	180.142761283039	127.50588421216702	182.8853563471635	182.89043960725334	178.65526287553257	181.27523866794928	183.1075221605351	182.35020166066533	182.09238161511013	180.6746688110437	179.08522548199147	127.97157999227882	182.02211650155027	182.02721473953147	177.8422552684056	181.21434265694907	183.0411436420636	182.09238161511013	183.167762684592	180.57032313161136	178.95901707583653	131.78384932565757	181.83761173620485	181.84538754312126	177.1261577702642	179.64155208585802	181.53903425258076	180.6746688110437	180.57032313161136	180.21388026286326	177.48290705218307	127.48026825479714	180.43800057713074	180.44287653871203	175.7881652879434	177.99228658963983	180.142761283039	179.08522548199147	178.95901707583653	177.48290705218307	177.32640008872028	127.23854424808954	178.81646964261228	178.8212417417618	135.6181543143614	127.50457258891659	127.50588421216702	127.97157999227882	131.78384932565757	127.48026825479714	127.23854424808954	212.59735156918865	128.1823458022429	128.1418108798606	178.37428955493343	181.0307288534246	182.8853563471635	182.02211650155027	181.83761173620485	180.43800057713074	178.81646964261228	128.1823458022429	181.7947415385288	181.78923650452242	178.38570102034174	181.03540790278143	182.89043960725334	182.02721473953147	181.84538754312126	180.44287653871203	178.8212417417618	128.1418108798606	181.78923650452242	181.8053960961897
177.10625472523378	176.89322790118868	179.67117416845832	177.4237736628401	176.83096452786623	176.00710588412605	176.38030751598498	134.88795820321292	177.11442005413596	177.1227985121833	176.89322790118868	177.29069504898877	179.5930300429529	177.2949290250439	176.8431966790795	175.84490187446022	176.22309168833115	133.5286670578734	176.9863612294398	176.99332483735375	179.67117416845832	179.5930300429529	183.29945248746466	180.04199918651108	179.6650704108643	178.65944103751087	179.17837789319245	133.48256209324344	179.77227383428598	179.78132822265917	177.4237736628401	177.2949290250439	180.04199918651108	177.92967965853077	177.28205117578065	176.40904754467596	176.78966188437903	134.2754545027974	177.52271334588235	177.53054666537605	176.83096452786623	176.8431966790795	179.6650704108643	177.28205117578065	177.7178776618833	175.93035472297552	176.28855181236233	139.7285197831801	176.9521462350715	176.96440136849105	176.00710588412605	175.84490187446022	178.65944103751087	176.40904754467596	175.93035472297552	176.00424737811707	175.36126929368464	133.63034568062483	176.10408151768806	176.11159771327584	176.38030751598498	176.22309168833115	179.17837789319245	176.78966188437903	176.28855181236233	175.36126929368464	176.27373327492708	133.67621713769194	176.47461008367884	176.4817055130952	134.88795820321292	133.5286670578734	133.48256209324344	134.2754545027974	139.7285197831801	133.63034568062483	133.67621713769194	185.5411025748985	134.60302269744494	134.53394181310014	177.11442005413596	176.9863612294398	179.77227383428598	177.52271334588235	176.9521462350715	176.10408151768806	176.47461008367884	134.60302269744494	177.22352648255261	177.2227732212427	177.1227985121833	176.99332483735375	179.78132822265917	177.53054666537605	176.96440136849105	176.11159771327584	176.4817055130952	134.53394181310014	177.2227732212427	177.2472311515168
156.81774223536684	156.59507651620393	157.4752807703755	156.40729784618492	157.5584163415802	153.69346218115834	155.74540524953363	154.39172632088793	156.9629324854691	156.75401806458368	156.59507651620393	156.5172752062292	157.26700469060597	156.16677684597076	157.3561282838335	153.45152105746237	155.51771107100728	154.16226437804266	156.74941051729914	156.5371973247002	157.4752807703755	157.26700469060597	159.3164566888476	156.50747227580186	158.2620508029097	154.37965005436277	156.53022035736024	154.9989584496451	157.64135680500553	157.42220986332873	156.40729784618492	156.16677684597076	156.50747227580186	156.70717919756459	157.30715992747162	153.19486645819697	155.34946483050038	153.691800084546	156.63362509659794	156.3418823748979	157.5584163415802	157.3561282838335	158.2620508029097	157.30715992747162	158.622325493257	154.5104683610559	156.53507958217597	155.1894632342358	157.7029328939381	157.5047202562056	153.69346218115834	153.45152105746237	154.37965005436277	153.19486645819697	154.5104683610559	153.1808143633965	152.59823202938884	151.27656251852926	153.86487753168876	153.63462950202572	155.74540524953363	155.51771107100728	156.53022035736024	155.34946483050038	156.53507958217597	152.59823202938884	155.24338599349974	153.2860602826995	155.90383867268275	155.6846021567244	154.39172632088793	154.16226437804266	154.9989584496451	153.691800084546	155.1894632342358	151.27656251852926	153.2860602826995	156.50149911002137	154.55504348712518	154.33024418887223	156.9629324854691	156.74941051729914	157.64135680500553	156.63362509659794	157.7029328939381	153.86487753168876	155.90383867268275	154.55504348712518	157.24268898139374	156.906676816829	156.75401806458368	156.5371973247002	157.42220986332873	156.3418823748979	157.5047202562056	153.63462950202572	155.6846021567244	154.33024418887223	156.906676816829	156.72647648671284
163.43533457816864	163.20717924698667	165.0712776662728	163.95614158991052	167.07522334295862	160.82446948959614	163.14603444155884	163.0607874402465	163.42578031892475	163.22909843292936	163.20717924698667	163.37443025868475	164.9065245381093	163.74068643349247	167.0432215111405	160.56711208208048	162.92439917278836	162.8409890901789	163.2084629824273	163.00413988306354	165.0712776662728	164.9065245381093	168.11178098313934	165.21054145609017	169.1899765383032	162.55794372898814	164.88238920610755	164.68950190050032	165.0752311579209	164.93088182851258	163.95614158991052	163.74068643349247	165.21054145609017	165.0981912764881	168.0593662504625	161.37577545417147	163.69525250051325	163.56916443221309	163.95874690182836	163.75356234641754	167.07522334295862	167.0432215111405	169.1899765383032	168.0593662504625	172.13227937170836	164.84245730096788	166.88746787819184	166.77756054269094	167.07927225425146	166.99678036098106	160.82446948959614	160.56711208208048	162.55794372898814	161.37577545417147	164.84245730096788	161.10104937444873	160.55075782196366	160.47112339255048	160.82680180084003	160.6404206248023	163.14603444155884	162.92439917278836	164.88238920610755	163.69525250051325	166.88746787819184	160.55075782196366	163.12667567636555	162.78161766022276	163.14738191890515	162.9449426460344	163.0607874402465	162.8409890901789	164.68950190050032	163.56916443221309	166.77756054269094	160.47112339255048	162.78161766022276	163.57963309870806	163.06232067193324	162.86177193108	163.42578031892475	163.2084629824273	165.0752311579209	163.95874690182836	167.07927225425146	160.82680180084003	163.14738191890515	163.06232067193324	163.43770029108896	163.23050532573077	163.22909843292936	163.00413988306354	164.93088182851258	163.75356234641754	166.99678036098106	160.6404206248023	162.9449426460344	162.86177193108	163.23050532573077	163.28176900727897
166.063503159512	165.74534602850738	168.45507401693158	166.16754100808836	169.42238404097378	163.38043409346952	165.91729374048478	161.58442451639976	166.05310727784075	165.95094768843234	165.74534602850738	166.31638103820447	168.3118630338911	165.86521287510934	169.5820472311982	162.99815907890763	165.60792619545975	161.26603936129678	165.74658845694427	165.63605409959928	168.45507401693158	168.3118630338911	172.11633236757373	168.52228802480383	172.64870568142743	165.9090240842106	168.37737781110846	163.64915086313945	168.46021462038186	168.4064067333088	166.16754100808836	165.86521287510934	168.52228802480383	166.37026530106047	169.61804299230988	163.5021411349627	166.03505464026927	161.66277618308717	166.16962180521745	166.06708421696902	169.42238404097378	169.5820472311982	172.64870568142743	169.61804299230988	174.3082704002751	167.18077028950034	169.34188165707351	166.14361663995044	169.42700804934475	169.4336271854802	163.38043409346952	162.99815907890763	165.9090240842106	163.5021411349627	167.18077028950034	163.8004270693592	163.2512439802705	159.13198387986722	163.38328624618103	163.29493605285518	165.91729374048478	165.60792619545975	168.37737781110846	166.03505464026927	169.34188165707351	163.2512439802705	165.91990765266516	161.45285706684209	165.91908201164836	165.814992752953	161.58442451639976	161.26603936129678	163.64915086313945	161.66277618308717	166.14361663995044	159.13198387986722	161.45285706684209	169.70924539742225	161.58595587811487	161.45297448464078	166.05310727784075	165.74658845694427	168.46021462038186	166.16962180521745	169.42700804934475	163.38328624618103	165.91908201164836	161.58595587811487	166.06571125259848	165.95274064261102	165.95094768843234	165.63605409959928	168.4064067333088	166.06708421696902	169.4336271854802	163.29493605285518	165.814992752953	161.45297448464078	165.95274064261102	166.05372272511568
164.59679881352332	163.9290156862502	167.35491758148672	164.7189395448888	168.37047101678658	164.35700134676847	164.44929266909662	160.71031405381817	164.60991267391466	164.51847363601553	163.9290156862502	165.01145002716672	167.06904451594352	164.06465835469356	168.65592105710994	163.68088606694917	163.78273866622285	160.01650610320183	163.95354757211706	163.84220397390285	167.35491758148672	167.06904451594352	171.64949107532763	167.4089183014337	172.11846558532315	167.13252292032854	167.2930860361241	163.12767912632373	167.42822181792252	167.3371743007993	164.7189395448888	164.06465835469356	167.4089183014337	164.9621251250681	168.58478527301614	164.48544245787983	164.57922723635332	160.7995257215309	164.74395516263107	164.64598715895957	168.37047101678658	168.65592105710994	172.11846558532315	168.58478527301614	173.97292993414092	168.17490909366967	168.29240387535864	165.41474718110732	168.2990836389223	168.39669207637482	164.35700134676847	163.68088606694917	167.13252292032854	164.48544245787983	168.17490909366967	164.40151100517997	164.21595008547885	160.49180590168635	164.37715810454884	164.28584105910232	164.44929266909662	163.78273866622285	167.2930860361241	164.57922723635332	168.29240387535864	164.21595008547885	164.4774582667924	160.56934700743733	164.46796963253524	164.37502045023007	160.71031405381817	160.01650610320183	163.12767912632373	160.7995257215309	165.41474718110732	160.49180590168635	160.56934700743733	167.7787592263769	160.76057426323987	160.60999105996962	164.60991267391466	163.95354757211706	167.42822181792252	164.74395516263107	168.2990836389223	164.37715810454884	164.46796963253524	160.76057426323987	164.77667517027444	164.53894380990545	164.51847363601553	163.84220397390285	167.3371743007993	164.64598715895957	168.39669207637482	164.28584105910232	164.37502045023007	160.60999105996962	164.53894380990545	164.63979833264315
174.31841563324116	174.31658155831863	176.6641350277103	175.17387428175041	177.6359865989387	165.99740365344064	173.96450178625966	167.49265135211613	174.47861156254856	174.12849492442692	174.31658155831863	175.42368751520692	176.92555537697353	175.224651765672	178.25442522459974	165.7581247385156	173.97001314875826	167.46348543289045	174.51942153141633	174.1187881488428	176.6641350277103	176.92555537697353	181.3383027733621	177.0601646525864	180.7486266111619	169.00288360355665	176.5635666069436	169.64502051046946	177.26334572638905	176.64803980136207	175.17387428175041	175.224651765672	177.0601646525864	177.01270285455195	178.91563292973956	167.13990284932407	174.86640851238408	168.0965619276666	175.82413364278338	174.99543401927994	177.6359865989387	178.25442522459974	180.7486266111619	178.91563292973956	183.90526354357726	170.78636366745545	177.52098722669203	172.05066997427235	176.98773410066136	177.69664221063348	165.99740365344064	165.7581247385156	169.00288360355665	167.13990284932407	170.78636366745545	168.04341222660386	165.73984514381354	160.19807394291888	166.67409689788064	165.94821600283223	173.96450178625966	173.97001314875826	176.5635666069436	174.86640851238408	177.52098722669203	165.73984514381354	174.0993961979163	167.14992232687618	174.1424825825212	173.77417371655702	167.49265135211613	167.46348543289045	169.64502051046946	168.0965619276666	172.05066997427235	160.19807394291888	167.14992232687618	177.68164091039145	168.03011968302167	167.24438130851587	174.47861156254856	174.51942153141633	177.26334572638905	175.82413364278338	176.98773410066136	166.67409689788064	174.1424825825212	168.03011968302167	176.46867122932835	174.33316379703257	174.12849492442692	174.1187881488428	176.64803980136207	174.99543401927994	177.69664221063348	165.94821600283223	173.77417371655702	167.24438130851587	174.33316379703257	174.38278456926446
168.1640132817665	168.12982004209582	170.66062104346315	168.2434973532455	171.56670785498181	164.60070608136212	167.59326672163817	163.26404454828906	168.15568980380448	168.0205585513025	168.12982004209582	168.23391303497854	170.66282432911913	168.21861020142543	171.6198655863116	164.5624651812207	167.56681371945254	163.23803013950536	168.13032333911414	167.99358151054204	170.66062104346315	170.66282432911913	174.62064120273772	170.71245274503022	175.03118670999072	167.3410506041766	170.38146644556457	165.42211424627203	170.6664458888198	170.62482285677524	168.2434973532455	168.21861020142543	170.71245274503022	168.3982967188426	171.71719515293657	164.6962369544637	167.68711533868475	163.3247984850752	168.24434900412203	168.10905011766187	171.56670785498181	171.6198655863116	175.03118670999072	171.71719515293657	176.5225540014486	168.69046693776588	171.23510665999441	168.06854234266925	171.56301554192177	171.62875603446014	164.60070608136212	164.5624651812207	167.3410506041766	164.6962369544637	168.69046693776588	165.2162953041033	164.0734887773207	160.06634233077912	164.60289452267864	164.5033967903404	167.59326672163817	167.56681371945254	170.38146644556457	167.68711533868475	171.23510665999441	164.0734887773207	167.65179970921074	162.73602111097776	167.59320361275712	167.44773212968823	163.26404454828906	163.23803013950536	165.42211424627203	163.3247984850752	168.06854234266925	160.06634233077912	162.73602111097776	172.38949877009506	163.2666752091501	163.08341949815997	168.15568980380448	168.13032333911414	170.6664458888198	168.24434900412203	171.56301554192177	164.60289452267864	167.59320361275712	163.2666752091501	168.17290854827243	168.0210799297287	168.0205585513025	167.99358151054204	170.62482285677524	168.10905011766187	171.62875603446014	164.5033967903404	167.44773212968823	163.08341949815997	168.0210799297287	168.22959539931583
