175.42132108126458	168.85679150806254	169.02671674048793	171.8824852159808	168.76073770104009	164.50988927490312	168.0958189852351	168.73373625528254	168.7795671994407	168.80042029697145	168.85679150806254	166.31825568078565	166.1828095435992	167.03037282357445	166.14290778296038	160.9991784063795	163.61292341234687	166.10402454787538	166.19182278942694	165.45555097886051	169.02671674048793	166.1828095435992	167.77778370917048	166.50392501059775	166.30149330466423	161.26452713158866	164.28879815637356	166.2610328719826	166.3572310450918	165.7409732040045	171.8824852159808	167.03037282357445	166.50392501059775	169.9452150228364	167.09268257118762	162.22319680708424	165.61159684311582	167.05166108405305	167.186949444018	166.56931365725652	168.76073770104009	166.14290778296038	166.30149330466423	167.09268257118762	166.2800719380163	161.18368345198292	163.72173987043763	166.23539190181967	166.32271642842488	165.5903777423792	164.50988927490312	160.9991784063795	161.26452713158866	162.22319680708424	161.18368345198292	161.12101290411408	158.78952336855514	161.14567712237087	161.24966778392485	160.59778441100406	168.0958189852351	163.61292341234687	164.28879815637356	165.61159684311582	163.72173987043763	158.78952336855514	164.2404412265649	163.68358151050091	163.77285420516	162.97024794501024	168.73373625528254	166.10402454787538	166.2610328719826	167.05166108405305	166.23539190181967	161.14567712237087	163.68358151050091	166.27866494733735	166.28388458172063	165.55093253337856	168.7795671994407	166.19182278942694	166.3572310450918	167.186949444018	166.32271642842488	161.24966778392485	163.77285420516	166.28388458172063	166.46830759777657	165.6409624180037	168.80042029697145	165.45555097886051	165.7409732040045	166.56931365725652	165.5903777423792	160.59778441100406	162.97024794501024	165.55093253337856	165.6409624180037	166.00542347054903
171.81299400267613	168.1885532240285	168.55994921723644	170.53697457476812	168.19246311079033	163.19647455454097	167.48655912480314	168.11516730866907	169.28681573029854	166.71018323961445	168.1885532240285	167.40479040270074	167.60226127747217	168.82766508454202	167.39953627711546	161.90602548307365	166.29579104766705	167.3109829831514	169.06968962154505	164.33270904432365	168.55994921723644	167.60226127747217	169.64627174362866	168.36375302738588	167.61641716298993	162.29011098893406	166.77670678396476	167.5230122971003	169.68481998763022	165.17658648345517	170.53697457476812	168.82766508454202	168.36375302738588	172.53489982451902	168.83975371081644	163.7674628230829	168.04105871716467	168.74410995580064	172.07803840415488	166.11041894173218	168.19246311079033	167.39953627711546	167.61641716298993	168.83975371081644	167.42014261334162	161.92557451329193	166.309925159063	167.3244384602945	169.08021957206105	164.3521435653544	163.19647455454097	161.90602548307365	162.29011098893406	163.7674628230829	161.92557451329193	162.00249176926965	160.84013637381932	161.83922438154565	164.34636970233402	159.14410462484216	167.48655912480314	166.29579104766705	166.77670678396476	168.04105871716467	166.309925159063	160.84013637381932	166.45863655767494	166.2211087705139	168.07606533020018	162.97776930619196	168.11516730866907	167.3109829831514	167.5230122971003	168.74410995580064	167.3244384602945	161.83922438154565	166.2211087705139	167.43863429172478	168.9956310948989	164.25410630203072	169.28681573029854	169.06968962154505	169.68481998763022	172.07803840415488	169.08021957206105	164.34636970233402	168.07606533020018	168.9956310948989	173.80611329015127	166.58838541628455	166.71018323961445	164.33270904432365	165.17658648345517	166.11041894173218	164.3521435653544	159.14410462484216	162.97776930619196	164.25410630203072	166.58838541628455	164.98548013035162
173.7695050203384	168.26373246745476	168.78559192793108	171.7773657254942	168.2400729266956	164.73169774027394	167.8507400976149	168.21319008724382	169.82951820486502	167.9037545657862	168.26373246745476	167.55009840964493	167.66286889676087	169.58169531157563	167.46646322941342	163.3467160680019	166.46588819382063	167.43264894127867	170.04954770422103	164.0493921534081	168.78559192793108	167.66286889676087	170.26641484883777	169.0326126501575	167.70840570733407	163.8204340882864	167.04461523135603	167.67181986680527	170.9171943611124	165.396020226689	171.7773657254942	169.58169531157563	169.0326126501575	174.8449613674334	169.6040062472045	166.06748628722337	169.0202437543642	169.56802737930042	174.53741068570554	167.09843924343835	168.2400729266956	167.46646322941342	167.70840570733407	169.6040062472045	167.5228755191681	163.41834930532463	166.51382726994814	167.4834584544433	170.08262345679654	164.11651799780608	164.73169774027394	163.3467160680019	163.8204340882864	166.06748628722337	163.41834930532463	163.74585867217937	162.47205034796048	163.3848888941575	166.84370808217554	160.52060227183324	167.8507400976149	166.46588819382063	167.04461523135603	169.0202437543642	166.51382726994814	162.47205034796048	166.87655539572106	166.4800062839189	169.21898197191445	162.93412282456995	168.21319008724382	167.43264894127867	167.67181986680527	169.56802737930042	167.4834584544433	163.3848888941575	166.4800062839189	167.52496554768712	170.05022312321864	164.07842231205856	169.82951820486502	170.04954770422103	170.9171943611124	174.53741068570554	170.08262345679654	166.84370808217554	169.21898197191445	170.05022312321864	177.3354419554196	167.58628407473623	167.9037545657862	164.0493921534081	165.396020226689	167.09843924343835	164.11651799780608	160.52060227183324	162.93412282456995	164.07842231205856	167.58628407473623	166.29203970889787
167.86367306831391	163.72988135570017	164.5305743263392	164.96776465482208	163.7414524630278	160.6763942049742	163.2396226312081	163.6894024661441	163.74589670035186	162.96486705744792	163.72988135570017	161.46651849045563	161.96285825074432	161.98006314824767	161.464032027853	158.03245597780818	160.75470758264035	161.39731587004002	161.4926653094413	159.863510313639	164.5305743263392	161.96285825074432	163.59557727837228	162.1224967123449	161.99319673280652	158.59724102538493	161.42043817245752	161.92259777890243	162.0321148929179	160.61410778182804	164.96776465482208	161.98006314824767	162.1224967123449	163.30873046239742	162.00990645404664	158.60447729256163	161.39356979705374	161.93931853534	162.05591257292605	160.4705876848088	163.7414524630278	161.464032027853	161.99319673280652	162.00990645404664	161.50190151127282	158.06927360047627	160.78625090227686	161.4282204068937	161.52346462664738	159.8985115449415	160.6763942049742	158.03245597780818	158.59724102538493	158.60447729256163	158.06927360047627	157.8229484764586	157.36001466326871	158.00309381239046	158.10498519729097	156.51687417906527	163.2396226312081	160.75470758264035	161.42043817245752	161.39356979705374	160.78625090227686	157.36001466326871	160.7033058208659	160.71966424462028	160.81404757866378	159.11503705710783	163.6894024661441	161.39731587004002	161.92259777890243	161.93931853534	161.4282204068937	158.00309381239046	160.71966424462028	161.50423093888577	161.45691281355192	159.82875177893064	163.74589670035186	161.4926653094413	162.0321148929179	162.05591257292605	161.52346462664738	158.10498519729097	160.81404757866378	161.45691281355192	161.61278022619751	159.9298199380268	162.96486705744792	159.863510313639	160.61410778182804	160.4705876848088	159.8985115449415	156.51687417906527	159.11503705710783	159.82875177893064	159.9298199380268	159.96868071519924
175.71764797756163	172.23950322649625	172.39270797611408	174.2132820216576	172.23992553417352	162.75889762784465	171.1984355869577	172.19027691077642	172.54923902261416	171.0729155032292	172.23950322649625	171.42271316083932	171.4419800221466	172.1848300923231	171.41470762026373	160.91219558089773	169.74110313408903	171.35643846016725	171.9230813820455	169.15930056746262	172.39270797611408	171.4419800221466	173.40641080028308	171.3146472315084	171.45316693535514	161.13168337956878	170.1567480082348	171.39158492397587	172.10553194601187	169.59514898176366	174.2132820216576	172.1848300923231	171.3146472315084	174.99298738448502	172.19491300813317	162.0800429672055	170.93197378666855	172.13075339366986	173.44760263412235	170.03198918731138	172.23992553417352	171.41470762026373	171.45316693535514	172.19491300813317	171.43240439360633	160.9343592799926	169.75271128466963	171.36673005805574	171.93229563713692	169.17402218589248	162.75889762784465	160.91219558089773	161.13168337956878	162.0800429672055	160.9343592799926	160.54771380626732	159.29022824874386	160.87637714072562	162.0417933535638	158.92691644513977	171.1984355869577	169.74110313408903	170.1567480082348	170.93197378666855	169.75271128466963	159.29022824874386	169.8027649978287	169.69341106738852	170.34329415700847	167.23995247061757	172.19027691077642	171.35643846016725	171.39158492397587	172.13075339366986	171.36673005805574	160.87637714072562	169.69341106738852	171.42879873514607	171.87517056578636	169.11096015291523	172.54923902261416	171.9230813820455	172.10553194601187	173.44760263412235	171.93229563713692	162.0417933535638	170.34329415700847	171.87517056578636	173.7797394569397	169.85560899653532	171.0729155032292	169.15930056746262	169.59514898176366	170.03198918731138	169.17402218589248	158.92691644513977	167.23995247061757	169.11096015291523	169.85560899653532	169.39375890839932
175.9910768613061	170.028958931568	170.20423428862418	173.28236644349627	169.9130737078128	164.44528579186291	169.42766456687917	169.87341613419116	170.534851341124	169.7160866837657	170.028958931568	168.69798093923362	168.46298107494974	169.86722702140324	168.43442999853016	161.87609388726284	166.87109908307175	168.3840595200139	169.4978304533383	166.03561779063574	170.20423428862418	168.46298107494974	171.02900270359441	168.85739827092237	168.5766079752974	162.29017856614715	167.50461011996202	168.52309173534383	169.86027018420245	166.86763434089286	173.28236644349627	169.86722702140324	168.85739827092237	174.1078236743657	169.91397712130473	163.97247240248583	168.9767636846365	169.86040036266493	172.08555975192562	168.02299274731618	169.9130737078128	168.43442999853016	168.5766079752974	169.91397712130473	168.5698236611231	162.09705329684357	166.9854447345814	168.51417766652472	169.60571829681072	166.19109483587167	164.44528579186291	161.87609388726284	162.29017856614715	163.97247240248583	162.09705329684357	162.26774462620045	160.65034520193785	162.04833905192683	163.70874295178137	160.16420016389358	169.42766456687917	166.87109908307175	167.50461011996202	168.9767636846365	166.9854447345814	160.65034520193785	167.41864506783685	166.9352276699716	168.14466722405956	164.48219155128322	169.87341613419116	168.3840595200139	168.52309173534383	169.86040036266493	168.51417766652472	162.04833905192683	166.9352276699716	168.57579851836246	169.5561618320679	166.13744763248707	170.534851341124	169.4978304533383	169.86027018420245	172.08555975192562	169.60571829681072	163.70874295178137	168.14466722405956	169.5561618320679	172.75982704234326	167.49927106650844	169.7160866837657	166.03561779063574	166.86763434089286	168.02299274731618	166.19109483587167	160.16420016389358	164.48219155128322	166.13744763248707	167.49927106650844	167.4087529203443
177.98944535684885	172.41426374657425	172.550351418753	175.8481736181319	172.25336993044962	165.10982235593636	171.7513611030071	172.1771810701943	173.30318269589281	171.9406291496306	172.41426374657425	173.34207109506016	172.38402657847038	174.34856453548244	173.01497942210133	163.9959836553543	171.24152370376768	172.9246264599924	174.46865997499157	168.0073648895181	172.550351418753	172.38402657847038	175.26429662354667	172.7073752166051	172.4424072751541	164.20895145545796	171.42501711901195	172.34450739609946	174.73451471340928	169.3834429095386	175.8481736181319	174.34856453548244	172.7073752166051	179.57612485517478	174.32969705185226	166.8212356349346	173.35792867172285	174.233858052319	178.4542322112749	170.71891119941455	172.25336993044962	173.01497942210133	172.4424072751541	174.32969705185226	173.09784756472297	164.19154743607788	171.29526605746642	173.00227907005095	174.5031012743795	168.12840256495707	165.10982235593636	163.9959836553543	164.20895145545796	166.8212356349346	164.19154743607788	164.807746595168	162.6989169460981	164.10628023185419	167.51948281755335	160.84347156848233	171.7513611030071	171.24152370376768	171.42501711901195	173.35792867172285	171.29526605746642	162.6989169460981	171.95331582172383	171.2055712701414	173.0690428797196	166.2058708972214	172.1771810701943	172.9246264599924	172.34450739609946	174.233858052319	173.00227907005095	164.10628023185419	171.2055712701414	173.12772266933408	174.4141878594879	168.02659077259958	173.30318269589281	174.46865997499157	174.73451471340928	178.4542322112749	174.5031012743795	167.51948281755335	173.0690428797196	174.4141878594879	180.88170398729144	170.95665163123897	171.9406291496306	168.0073648895181	169.3834429095386	170.71891119941455	168.12840256495707	160.84347156848233	166.2058708972214	168.02659077259958	170.95665163123897	171.03130291453238
177.48439646460469	172.03538355295933	172.13354520264983	175.7122587932439	171.81421882893505	165.43706819596395	171.21929441756157	171.7946932843678	173.44240945272003	171.62406843835004	172.03538355295933	172.647516784799	171.73559174014233	173.97397438045408	172.17901737125987	164.26876989090562	170.04316710208795	172.15388691651077	174.4192048312901	168.22440557496654	172.13354520264983	171.73559174014233	174.8243596845872	172.6038805588708	171.83243715546547	164.69998829008068	170.635432794127	171.80427035520586	175.03503411840265	169.5326899274845	175.7122587932439	173.97397438045408	172.6038805588708	180.1334822245746	173.94519685992967	167.70453782267396	172.88869390491124	173.91856486952298	179.6478228925491	171.32050361142035	171.81421882893505	172.17901737125987	171.83243715546547	173.94519685992967	172.31767829389713	164.5513987388988	170.13130696735905	172.28711030266467	174.45673308802344	168.4114786390266	165.43706819596395	164.26876989090562	164.69998829008068	167.70453782267396	164.5513987388988	165.53743477561477	162.75814737282374	164.52620633832572	168.90825230838675	161.97271751866055	171.21929441756157	170.04316710208795	170.635432794127	172.88869390491124	170.13130696735905	162.75814737282374	171.0376356457614	170.10588074659327	172.88870322302486	166.09059124754228	171.7946932843678	172.15388691651077	171.80427035520586	173.91856486952298	172.28711030266467	164.52620633832572	170.10588074659327	172.31601834190798	174.43242695417692	168.38246209836797	173.44240945272003	174.4192048312901	175.03503411840265	179.6478228925491	174.45673308802344	168.90825230838675	172.88870322302486	174.43242695417692	182.964937051193	172.08341924691206	171.62406843835004	168.22440557496654	169.5326899274845	171.32050361142035	168.4114786390266	161.97271751866055	166.09059124754228	168.38246209836797	172.08341924691206	171.1117115253085
172.53655056515927	168.0880047869108	168.41075720151048	171.28208936652942	168.08891888249943	163.79494645413993	167.3032969707541	168.03565302031288	169.81101937949333	167.52906387668926	168.0880047869108	166.65697000927653	166.7671834935897	168.48544331660372	166.43519829175045	161.6336875757436	164.94980395735524	166.37248356780756	168.81208195047273	164.95835626655173	168.41075720151048	166.7671834935897	169.48275740194197	167.9002225728692	166.93779139425945	162.3375108523746	165.87636868893523	166.87234825867725	169.57228007496553	165.8615301866464	171.28208936652942	168.48544331660372	167.9002225728692	173.6677192205504	168.60097019645724	164.36903769949328	167.65070923708228	168.5333703042483	172.98954159062563	167.37374528245695	168.08891888249943	166.43519829175045	166.93779139425945	168.60097019645724	166.62946716073614	161.9017128271118	165.14079528841958	166.5617489835622	168.93876523939545	165.18346125945462	163.79494645413993	161.6336875757436	162.3375108523746	164.36903769949328	161.9017128271118	162.26371898201975	160.4877999744851	161.84073732147547	164.98921590743018	160.62678281720852	167.3032969707541	164.94980395735524	165.87636868893523	167.65070923708228	165.14079528841958	160.4877999744851	165.36684421263254	165.0776635486662	167.70368005322013	163.54948224461083	168.03565302031288	166.37248356780756	166.87234825867725	168.5333703042483	166.5617489835622	161.84073732147547	165.0776635486662	166.63565998452327	168.8786260349257	165.11774278832925	169.81101937949333	168.81208195047273	169.57228007496553	172.98954159062563	168.93876523939545	164.98921590743018	167.70368005322013	168.8786260349257	174.8282421071721	167.83319306409473	167.52906387668926	164.95835626655173	165.8615301866464	167.37374528245695	165.18346125945462	160.62678281720852	163.54948224461083	165.11774278832925	167.83319306409473	165.7265292655951
175.06314795089602	170.54647604648244	170.7547488285939	173.9815396284376	170.45243311673912	164.85052695233063	169.75908143702026	170.437787142785	172.34874022186108	169.71925429930118	170.54647604648244	170.1015858475493	169.7976878512963	171.91264592987034	169.7342444819519	163.2742440899266	168.18751357310666	169.71522488793693	172.3721286952344	166.93276936432648	170.7547488285939	169.7976878512963	172.91417302653184	170.93085679853624	169.9236231586603	163.92414150507955	168.9740435542909	169.90243119530365	173.1879494753139	168.1519760846754	173.9815396284376	171.91264592987034	170.93085679853624	177.91132047087893	171.95055813719196	166.6053878189854	171.07290602633023	171.93025598027387	177.53263048227532	169.84428773872594	170.45243311673912	169.7342444819519	169.9236231586603	171.95055813719196	169.88967083603438	163.54737859129946	168.32593071733467	169.86495606394647	172.43263169899572	167.1497833786957	164.85052695233063	163.2742440899266	163.92414150507955	166.6053878189854	163.54737859129946	164.32640300682525	162.15301399793353	163.52782392254807	167.66974902567947	161.42876793829936	169.75908143702026	168.18751357310666	168.9740435542909	171.07290602633023	168.32593071733467	162.15301399793353	168.84537118802007	168.30649291048243	171.2716803815141	165.36747647628937	170.437787142785	169.71522488793693	169.90243119530365	171.93025598027387	169.86495606394647	163.52782392254807	168.30649291048243	169.88185335236557	172.41483351911555	167.1280649701249	172.34874022186108	172.3721286952344	173.1879494753139	177.53263048227532	172.43263169899572	167.66974902567947	171.2716803815141	172.41483351911555	180.35899167512994	170.67654018736874	169.71925429930118	166.93276936432648	168.1519760846754	169.84428773872594	167.1497833786957	161.42876793829936	165.36747647628937	167.1280649701249	170.67654018736874	168.63282718528805
177.58667251036985	172.43755919433247	172.51240232469434	175.76453533776186	172.1811600358209	165.05066577986133	171.7201781582339	172.13832088669932	173.47230836892115	171.59361506093464	172.43755919433247	173.41724144263694	172.29034361546437	174.46048173776404	172.83389842790126	163.93902742571535	171.41264378800142	172.7830348286456	174.58204672856334	167.66117857631892	172.51240232469434	172.29034361546437	175.4891400573302	172.8459620947551	172.37969481912276	164.4335478582795	171.60518552985337	172.3234560598887	175.14027320801696	169.41766026508802	175.76453533776186	174.46048173776404	172.8459620947551	180.05211204325806	174.42124830848883	167.19407909491255	173.63201805778928	174.36718028915706	179.2229609980431	170.72035663345974	172.1811600358209	172.83389842790126	172.37969481912276	174.42124830848883	172.9606928640284	164.2669863101343	171.50348704848855	172.90466749478452	174.61504727590867	167.87666204787544	165.05066577986133	163.93902742571535	164.4335478582795	167.19407909491255	164.2669863101343	165.11746095678578	163.06222891276877	164.21788827198833	168.1553739445095	160.89517464351908	171.7201781582339	171.41264378800142	171.60518552985337	173.63201805778928	171.50348704848855	163.06222891276877	172.05892961379018	171.45268379112835	173.52536109260157	166.29519917077036	172.13832088669932	172.7830348286456	172.3234560598887	174.36718028915706	172.90466749478452	164.21788827198833	171.45268379112835	172.97337065549	174.56515465835716	167.81762736119796	173.47230836892115	174.58204672856334	175.14027320801696	179.2229609980431	174.61504727590867	168.1553739445095	173.52536109260157	174.56515465835716	182.095870372407	171.31727321633315	171.59361506093464	167.66117857631892	169.41766026508802	170.72035663345974	167.87666204787544	160.89517464351908	166.29519917077036	167.81762736119796	171.31727321633315	170.88722338027648
178.1058840075976	173.82819788744155	173.87173634832905	176.3502176136601	173.78290337024995	164.3143836941455	173.07912839248763	173.75998148263892	174.05774333049942	172.37733749830602	173.82819788744155	174.44739139747904	173.73146943080556	175.13209526042934	174.33228363473117	163.0587645453484	172.7726164110441	174.30414000942102	174.8216712485925	169.43331907393375	173.87173634832905	173.73146943080556	176.28306023826417	173.31310784829083	173.7483606429906	163.0336529895513	172.7710632489051	173.71662842618622	174.64639332908192	170.34385323904505	176.3502176136601	175.13209526042934	173.31310784829083	178.68986006727465	175.1314314146141	164.71466445498882	174.05834576281836	175.10106028368185	176.79082294117006	170.8090033059349	173.78290337024995	174.33228363473117	173.7483606429906	175.1314314146141	174.3566231457072	163.13686245467065	172.78872771815873	174.32279878304442	174.834772500048	169.4804215110034	164.3143836941455	163.0587645453484	163.0336529895513	164.71466445498882	163.13686245467065	162.9699233247635	161.7282319272127	163.10815420266894	164.67798118238397	159.4123468929333	173.07912839248763	172.7726164110441	172.7710632489051	174.05834576281836	172.78872771815873	161.7282319272127	173.1871016845777	172.7602178214136	173.40324084008455	167.63145754132637	173.75998148263892	174.30414000942102	173.71662842618622	175.10106028368185	174.32279878304442	163.10815420266894	172.7602178214136	174.35630571464992	174.8070503535808	169.44694942502335	174.05774333049942	174.8216712485925	174.64639332908192	176.79082294117006	174.834772500048	164.67798118238397	173.40324084008455	174.8070503535808	177.56354331931152	170.57633471059546	172.37733749830602	169.43331907393375	170.34385323904505	170.8090033059349	169.4804215110034	159.4123468929333	167.63145754132637	169.44694942502335	170.57633471059546	170.89471680763734
178.91696482032512	172.72044161946857	172.66325365247798	176.02732160903048	172.52592682778032	164.92529510415403	171.94657636357783	172.3763904084491	172.85136838170004	172.51731045119612	172.72044161946857	171.3467239679848	170.9794862429127	172.14499225414872	171.0342455333102	161.83981620285866	168.43136014534917	170.84444694130107	171.7492121144806	169.9034993078517	172.66325365247798	170.9794862429127	172.97951443402218	171.22891926976592	171.07154082082127	162.17174008763703	169.1006322547651	170.87566256925578	171.9189567436542	170.18948046237853	176.02732160903048	172.14499225414872	171.22891926976592	176.11836521456718	172.14605657773453	163.85295362447064	170.74612806125836	171.946645274864	173.82101709735292	171.31592605107699	172.52592682778032	171.0342455333102	171.07154082082127	172.14605657773453	171.14918657139845	162.07563358595522	168.50434545509887	170.95400287650006	171.84260187238795	170.0209925793985	164.92529510415403	161.83981620285866	162.17174008763703	163.85295362447064	162.07563358595522	162.39713675071422	159.79986792029575	161.90192165589642	163.41855947305461	161.25868368674665	171.94657636357783	168.43136014534917	169.1006322547651	170.74612806125836	168.50434545509887	159.79986792029575	169.13434438011728	168.31875535288944	169.3551109493165	167.31493019440967	172.3763904084491	170.84444694130107	170.87566256925578	171.946645274864	170.95400287650006	161.90192165589642	168.31875535288944	171.1946461173594	171.65478365433182	169.82750962113874	172.85136838170004	171.7492121144806	171.9189567436542	173.82101709735292	171.84260187238795	163.41855947305461	169.3551109493165	171.65478365433182	174.3012061753698	170.8144501930883	172.51731045119612	169.9034993078517	170.18948046237853	171.31592605107699	170.0209925793985	161.25868368674665	167.31493019440967	169.82750962113874	170.8144501930883	170.57783870374246
169.0169076771695	164.76765566720394	165.11708807580624	166.5177179241158	164.7819253362729	160.842900798992	164.28261608928239	162.26483265956097	164.77500750047426	164.52716691072652	164.76765566720394	162.21074129620126	162.50864720679735	163.10099971523877	162.23032930866427	157.85180706075013	161.51044902545618	159.21969010806995	162.21826739938248	161.749535372204	165.11708807580624	162.50864720679735	163.3680507131836	163.1650479090627	162.5412795681984	158.17719842750992	161.87574081275142	159.47822595545964	162.52918162978824	162.08765876356026	166.5177179241158	163.10099971523877	163.1650479090627	164.87308135855696	163.1351876500508	158.78076117426767	162.54175733852563	159.89001019955984	163.12695819386295	162.6814657171635	164.7819253362729	162.23032930866427	162.5412795681984	163.1351876500508	162.28110707361665	157.8895650363905	161.54300028814424	159.25330068146312	162.2499614538284	161.78237621993028	160.842900798992	157.85180706075013	158.17719842750992	158.78076117426767	157.8895650363905	157.51818027333314	157.16546389875276	154.96803381517657	157.87673417400862	157.41756891910669	164.28261608928239	161.51044902545618	161.87574081275142	162.54175733852563	161.54300028814424	157.16546389875276	161.36879642335322	158.54086481168173	161.5303121292795	161.04039894996737	162.26483265956097	159.21969010806995	159.47822595545964	159.89001019955984	159.25330068146312	154.96803381517657	158.54086481168173	163.16691309676347	159.2409407378169	158.7425069120787	164.77500750047426	162.21826739938248	162.52918162978824	163.12695819386295	162.2499614538284	157.87673417400862	161.5303121292795	159.2409407378169	162.2548708763786	161.76986847236887	164.52716691072652	161.749535372204	162.08765876356026	162.6814657171635	161.78237621993028	157.41756891910669	161.04039894996737	158.7425069120787	161.76986847236887	161.75443148557295
169.7858685032307	164.43366946879868	165.06518479837638	166.36233655839843	164.4362704651081	163.09325354961757	163.87720749537434	162.22123517399643	164.43261414897842	164.34264039015198	164.43366946879868	161.20001952860838	161.62553810119667	162.16576840225287	161.1803305284956	159.61709345696372	160.24604767551375	158.19576991778652	161.1791854725457	160.66701246284075	165.06518479837638	161.62553810119667	162.81186486079503	162.42811487456788	161.67791433409	160.12936158842524	160.86858971386428	158.61396898153254	161.67770657704304	161.22791597149734	166.36233655839843	162.16576840225287	162.42811487456788	164.03230732224682	162.2122947639437	160.68224483626443	161.4677910214452	159.1013211240947	162.21494577446416	161.7739390185707	164.4362704651081	161.1803305284956	161.67791433409	162.2122947639437	161.24393859399223	159.67681265026926	160.30136546383898	158.24806917185202	161.23430281441404	160.72340126674243	163.09325354961757	159.61709345696372	160.12936158842524	160.68224483626443	159.67681265026926	159.62029010061883	158.75052048183676	156.74646674781172	159.67603523652755	159.18116805478348	163.87720749537434	160.24604767551375	160.86858971386428	161.4677910214452	160.30136546383898	158.75052048183676	160.20962936606983	157.37010356887774	160.29951939753803	159.75719038425396	162.22123517399643	158.19576991778652	158.61396898153254	159.1013211240947	158.24806917185202	156.74646674781172	157.37010356887774	163.146022503757	158.24754057625762	157.7228579778187	164.43261414897842	161.1791854725457	161.67770657704304	162.21494577446416	161.23430281441404	159.67603523652755	160.29951939753803	158.24754057625762	161.24878221758362	160.7220485019744	164.34264039015198	160.66701246284075	161.22791597149734	161.7739390185707	160.72340126674243	159.18116805478348	159.75719038425396	157.7228579778187	160.7220485019744	160.91939312322796
167.13458400583792	162.63180211011564	163.3740305365904	163.6690386367909	162.6366317713256	161.72685714985397	161.67896442363863	162.48718969909757	162.62762602604843	162.32869115871924	162.63180211011564	159.90818230063053	160.30999172007444	160.3704736248014	159.9059812448032	158.85434306275832	158.62365830522538	159.68863433584096	159.90512147681056	158.85368268642705	163.3740305365904	160.30999172007444	161.3726857136791	160.69332601013696	160.33863573000397	159.2984478271871	159.2326765951432	160.1146733086347	160.33947170435488	159.41581057854438	163.6690386367909	160.3704736248014	160.69332601013696	161.3313260371823	160.39825785245253	159.3600287163571	159.25382007825277	160.17585957791417	160.40009592185407	159.42804665509146	162.6366317713256	159.9059812448032	160.33863573000397	160.39825785245253	159.94459978258604	158.88557805247703	158.6539090764429	159.71822629001875	159.9348218987357	158.88482270229568	161.72685714985397	158.85434306275832	159.2984478271871	159.3600287163571	158.88557805247703	158.83869492299115	157.60685502427708	158.67073201017826	158.88503069965125	157.85523256300118	161.67896442363863	158.62365830522538	159.2326765951432	159.25382007825277	158.6539090764429	157.60685502427708	158.44598610727343	158.4431814874898	158.6511650659025	157.49901342068566	162.48718969909757	159.68863433584096	160.1146733086347	160.17585957791417	159.71822629001875	158.67073201017826	158.4431814874898	160.06922948820608	159.7174745769566	158.66606650556588	162.62762602604843	159.90512147681056	160.33947170435488	160.40009592185407	159.9348218987357	158.88503069965125	158.6511650659025	159.7174745769566	159.95415213510955	158.88302963338734	162.32869115871924	158.85368268642705	159.41581057854438	159.42804665509146	158.88482270229568	157.85523256300118	157.49901342068566	158.66606650556588	158.88302963338734	159.23342321483744
166.77997277220186	165.02098831934978	165.48487146519048	165.81351776125314	165.03206733417042	164.56565042002012	164.99215453380404	145.32218932377765	164.66772484631153	164.34519977375862	165.02098831934978	164.878683232931	165.29457834348358	165.50180802597836	164.89442234923732	164.37364335928507	164.837754929847	140.04949202871032	164.77167205824426	163.83359743079998	165.48487146519048	165.29457834348358	165.96055719962288	165.89829929752852	165.32143168639348	164.80103151560576	165.26553968719668	140.0429410438027	165.22852047141998	164.30165032422698	165.81351776125314	165.50180802597836	165.89829929752852	166.40837076441565	165.5287962288235	165.0081118530585	165.4729082553739	139.9434820607252	165.46815816393178	164.4996115469295	165.03206733417042	164.89442234923732	165.32143168639348	165.5287962288235	164.9402656849591	164.40063891857446	164.86412300774145	140.1000572850035	164.7963902583125	163.8623104602212	164.56565042002012	164.37364335928507	164.80103151560576	165.0081118530585	164.40063891857446	164.30667914497246	164.34354088523753	139.6582078365055	164.28725581384828	163.34130776440378	164.99215453380404	164.837754929847	165.26553968719668	165.4729082553739	164.86412300774145	164.34354088523753	164.83088904583707	140.0341474908071	164.7403110289089	163.80127344382936	145.32218932377765	140.04949202871032	140.0429410438027	139.9434820607252	140.1000572850035	139.6582078365055	140.0341474908071	180.27045425440548	140.8063631666359	138.52420995179705	164.66772484631153	164.77167205824426	165.22852047141998	165.46815816393178	164.7963902583125	164.28725581384828	164.7403110289089	140.8063631666359	165.14356448645808	163.73712985288623	164.34519977375862	163.83359743079998	164.30165032422698	164.4996115469295	163.8623104602212	163.34130776440378	163.80127344382936	138.52420995179705	163.73712985288623	163.79514269622715
182.7391004413587	181.56916329387533	184.00187275371744	184.95962587541004	181.9058747287642	182.29318955276997	180.86546983036556	130.4777462992838	183.33969356128745	183.3431269648612	181.56916329387533	187.22846345894516	187.18031682952	187.84338354787323	188.857391162236	185.13889494341893	183.0703677174386	124.95371627929227	186.27906051361907	186.27223867282453	184.00187275371744	187.18031682952	191.17010566361375	191.12902000702505	191.3822961829411	188.8773118961087	187.0361584849144	124.15114042523183	189.92958980365907	189.9268384028195	184.95962587541004	187.84338354787323	191.12902000702505	192.40150194979202	191.96444589166396	189.42950632416571	187.64465340711408	123.66548058603698	190.4857007489687	190.4820256629903	181.9058747287642	188.857391162236	191.3822961829411	191.96444589166396	196.6277579103139	189.4579222033901	187.4689930150759	133.9676695845267	190.34313480697327	190.34489349818372	182.29318955276997	185.13889494341893	188.8773118961087	189.42950632416571	189.4579222033901	188.03456510574676	185.08675342409083	123.96644764494604	188.16522134660167	188.16132468934137	180.86546983036556	183.0703677174386	187.0361584849144	187.64465340711408	187.4689930150759	185.08675342409083	184.82475475322002	123.76087157466014	186.11839521832317	186.1111902877849	130.4777462992838	124.95371627929227	124.15114042523183	123.66548058603698	133.9676695845267	123.96644764494604	123.76087157466014	238.14432953305553	124.1524177882495	124.12061193756217	183.33969356128745	186.27906051361907	189.92958980365907	190.4857007489687	190.34313480697327	188.16522134660167	186.11839521832317	124.1524177882495	189.23025307047365	189.21969648089853	183.3431269648612	186.27223867282453	189.9268384028195	190.4820256629903	190.34489349818372	188.16132468934137	186.1111902877849	124.12061193756217	189.21969648089853	189.24129245847124
165.13637975017102	165.0456036930887	165.68018081424503	165.29632737835368	165.73086248901325	163.07018327664792	164.98490248003665	145.2734051485037	165.05602152894193	164.9114467318114	165.0456036930887	165.09584690853762	165.70704506957802	165.32136421480183	165.83134504695164	163.08992181630944	165.01158795843372	145.03631735296858	165.08349451940322	164.93557073149594	165.68018081424503	165.70704506957802	166.59795189017598	165.94455154508765	166.5472537154739	163.73361823081765	165.64904342107988	145.1801192259155	165.71807583622214	165.57852892668953	165.29632737835368	165.32136421480183	165.94455154508765	165.65000262139338	166.12058478482652	163.3409829084152	165.26133137907922	145.00799320384814	165.3326811336635	165.18585654456112	165.73086248901325	165.83134504695164	166.5472537154739	166.12058478482652	167.68302896065484	164.06360467813028	165.76859477158254	150.54826950911388	165.82970200660296	165.73187583968547	163.07018327664792	163.08992181630944	163.73361823081765	163.3409829084152	164.06360467813028	162.96070859315094	163.03083227894552	143.47309225301166	163.10366470342447	162.95634292406336	164.98490248003665	165.01158795843372	165.64904342107988	165.26133137907922	165.76859477158254	163.03083227894552	164.9931163900789	145.00242155142678	165.0226604040275	164.87411367633152	145.2734051485037	145.03631735296858	145.1801192259155	145.00799320384814	150.54826950911388	143.47309225301166	145.00242155142678	179.5171460140745	145.0783157598947	144.77368951468182	165.05602152894193	165.08349451940322	165.71807583622214	165.3326811336635	165.82970200660296	163.10366470342447	165.0226604040275	145.0783157598947	165.1041318345436	164.94704158507028	164.9114467318114	164.93557073149594	165.57852892668953	165.18585654456112	165.73187583968547	162.95634292406336	164.87411367633152	144.77368951468182	164.94704158507028	164.96823713795092
161.21319946276782	161.19083681615962	162.65357773976382	161.37181569857148	164.06290294431997	160.94155836793556	160.82247383140736	155.9555568330057	161.22540138697164	160.99776691690002	161.19083681615962	161.19481819369523	162.64090447821476	161.35750369417508	164.06201233259554	160.92717046650765	160.8078132035202	155.93684626372945	161.2119506311262	160.98292583212208	162.65357773976382	162.64090447821476	164.91473195734972	162.77496275312103	165.87943732765015	162.39630965399127	162.34147697665924	157.10067387181218	162.74417495396915	162.48326890546076	161.37181569857148	161.35750369417508	162.77496275312103	161.65377638905517	164.31355701759554	161.1087067111624	160.99465919324447	156.04792797767297	161.4095418380347	161.16444469575026	164.06290294431997	164.06201233259554	165.87943732765015	164.31355701759554	168.02406326055487	163.83689750657285	163.74781329754714	159.94189296398855	163.89624129455706	163.95987063820078	160.94155836793556	160.92717046650765	162.39630965399127	161.1087067111624	163.83689750657285	160.94964643743415	160.55888532517386	155.70703776823086	160.9650459975991	160.73486344202405	160.82247383140736	160.8078132035202	162.34147697665924	160.99465919324447	163.74781329754714	160.55888532517386	160.7169791327893	155.58101149493604	160.8393206149559	160.60700601250332	155.9555568330057	155.93684626372945	157.10067387181218	156.04792797767297	159.94189296398855	155.70703776823086	155.58101149493604	164.9966226908406	156.1071925052666	155.6920678580435	161.22540138697164	161.2119506311262	162.74417495396915	161.4095418380347	163.89624129455706	160.9650459975991	160.8393206149559	156.1071925052666	161.5410722678398	161.02270316007233	160.99776691690002	160.98292583212208	162.48326890546076	161.16444469575026	163.95987063820078	160.73486344202405	160.60700601250332	155.6920678580435	161.02270316007233	161.0444634649134
176.06110612240795	176.03529550714023	178.70538766486428	176.11371977090062	175.61914881609485	175.04661920913057	175.41763233262205	133.7131073121781	175.99843140256908	176.05738805985163	176.03529550714023	176.0799245041208	178.7007231600287	176.10211750593754	175.63395893727466	175.03245035287276	175.403876254847	133.6042150563798	175.98700268729647	176.0455878726483	178.70538766486428	178.7007231600287	182.32156576538435	178.7667951184593	178.51461906089477	177.7149969037723	178.20489956762054	133.14104278062982	178.66810945664744	178.7224830926995	176.11371977090062	176.10211750593754	178.7667951184593	176.19742207880768	175.69754910101096	175.1129752124624	175.48503425817876	133.63577088144484	176.0656972247518	176.12424338939638	175.61914881609485	175.63395893727466	178.51461906089477	175.69754910101096	176.8047510487359	174.75962327971564	175.09968835283644	142.53131231425715	175.55754318172163	175.64379055889188	175.04661920913057	175.03245035287276	177.7149969037723	175.1129752124624	174.75962327971564	174.9479616459455	174.41721636304266	133.06496761270787	175.00038649825078	175.05687902068726	175.41763233262205	175.403876254847	178.20489956762054	175.48503425817876	175.09968835283644	174.41721636304266	175.23020457574404	133.12651918879286	175.36797153363514	175.42597657960314	133.7131073121781	133.6042150563798	133.14104278062982	133.63577088144484	142.53131231425715	133.06496761270787	133.12651918879286	200.92776075046118	133.82402681933	133.60877015101326	175.99843140256908	175.98700268729647	178.66810945664744	176.0656972247518	175.55754318172163	175.00038649825078	175.36797153363514	133.82402681933	176.00440450777126	176.00907402997063	176.05738805985163	176.0455878726483	178.7224830926995	176.12424338939638	175.64379055889188	175.05687902068726	175.42597657960314	133.60877015101326	176.00907402997063	176.1000331924632
