67.82647464411576	66.77084085453302	66.9309510838923	46.950437583467895	66.92497664537086	67.51503606232114	66.96843226850886	66.77084085453302	69.2008574350897	67.43563056015373	50.408583820869744	67.42695033474078	67.8531415243661	67.45230506577889	66.9309510838923	67.43563056015373	67.82700204552455	48.1013545850577	67.79857516282773	68.34183746619517	67.83596200323773	46.950437583467895	50.408583820869744	48.1013545850577	76.77761132436707	48.10083496644753	48.551493862949684	48.15349676268107	66.92497664537086	67.42695033474078	67.79857516282773	48.10083496644753	67.8369849376695	68.33522158293515	67.83066470419827	67.51503606232114	67.8531415243661	68.34183746619517	48.551493862949684	68.33522158293515	69.01968485122477	68.36543853386617	66.96843226850886	67.45230506577889	67.83596200323773	48.15349676268107	67.83066470419827	68.36543853386617	67.87525566894618
65.31658839273612	64.20793350762406	63.7262581460154	54.92791931432578	63.62075579298721	64.74129390850189	63.805907123624344	64.20793350762406	71.30356061899516	64.6002170235845	59.50839953938697	64.5028113443579	64.87126165128133	64.50675383167737	63.7262581460154	64.6002170235845	65.07426401773174	55.99130152754692	64.85651861745048	65.94765786515576	65.01943739311301	54.92791931432578	59.50839953938697	55.99130152754692	70.10367990828794	55.90597444505017	56.59489192398058	56.04369010817405	63.62075579298721	64.5028113443579	64.85651861745048	55.90597444505017	65.11097817865614	65.87348867559373	64.93552089051809	64.74129390850189	64.87126165128133	65.94765786515576	56.59489192398058	65.87348867559373	67.19724745310103	65.95182286910988	63.805907123624344	64.50675383167737	65.01943739311301	56.04369010817405	64.93552089051809	65.95182286910988	65.09841340731856
62.45754214783764	62.69768205010029	61.54477679545337	58.530235298940276	60.94942503107299	62.197637997874395	61.56413903402153	62.69768205010029	69.2171892037225	62.97212664455856	61.04588622104358	62.83324399660954	63.24480870164855	62.959292096782995	61.54477679545337	62.97212664455856	62.29840227024647	59.242262457267195	61.73167944676738	62.90033382128718	62.29342365107111	58.530235298940276	61.04588622104358	59.242262457267195	64.02053259311943	58.72073066681196	59.78523367142057	59.25930257252071	60.94942503107299	62.83324399660954	61.73167944676738	58.72073066681196	62.103785907637636	62.53751508371389	61.754412000733225	62.197637997874395	63.24480870164855	62.90033382128718	59.78523367142057	62.53751508371389	63.80752399436742	62.908085825335476	61.56413903402153	62.959292096782995	62.29342365107111	59.25930257252071	61.754412000733225	62.908085825335476	62.31761832664444
63.779198357360954	63.13295792830703	62.13208099979599	55.05723616329732	62.0579119252106	62.88254062184616	62.16388888961857	63.13295792830703	68.70574843659143	63.89655717126325	58.918272523749785	63.86129474638578	64.24368370483785	63.89204373910607	62.13208099979599	63.89655717126325	63.73292776096243	56.61693022784783	63.64729462711149	64.37176582520027	63.73375177155591	55.05723616329732	58.918272523749785	56.61693022784783	67.61951456325325	56.55904729864193	57.14641188347322	56.64315773883432	62.0579119252106	63.86129474638578	63.64729462711149	56.55904729864193	63.71629373668369	64.32520917205268	63.674113429690685	62.88254062184616	64.24368370483785	64.37176582520027	57.14641188347322	64.32520917205268	65.24989387596372	64.38673436291447	62.16388888961857	63.89204373910607	63.73375177155591	56.64315773883432	63.674113429690685	64.38673436291447	63.76622074859929
64.01697658675238	63.33696400389695	62.53872982230423	54.91552662648381	62.733402250985726	63.40966107097735	62.74411726695755	63.33696400389695	68.46690407107589	63.97906567714503	58.36055305891372	63.980527965049184	64.3692782384932	63.9752536390326	62.53872982230423	63.97906567714503	63.79603820129572	55.99023878653075	63.796865611981985	64.47681656326657	63.80451712490702	54.91552662648381	58.36055305891372	55.99023878653075	68.11938940783395	56.15896604487696	56.63848690140164	56.170246518128124	62.733402250985726	63.980527965049184	63.796865611981985	56.15896604487696	63.97347732313917	64.57417028342688	63.97309762069159	63.40966107097735	64.3692782384932	64.47681656326657	56.63848690140164	64.57417028342688	65.43847520208774	64.5785831050526	62.74411726695755	63.9752536390326	63.80451712490702	56.170246518128124	63.97309762069159	64.5785831050526	63.999195783014535
60.382483456934544	59.07303058060505	58.82514350984955	58.76763335486185	59.0431735024208	59.42300698292615	60.1818824345647	59.07303058060505	60.59991244086756	60.305458600604716	60.218794034589685	60.48992927695038	60.8239108756997	61.14163455606858	58.82514350984955	60.305458600604716	60.21894339695841	60.010195028840016	60.28314140570392	60.65262676347438	61.03486980137489	58.76763335486185	60.218794034589685	60.010195028840016	60.61767729706054	60.19782741608337	60.53178528802191	60.89928520750544	59.0431735024208	60.48992927695038	60.28314140570392	60.19782741608337	60.47595411140267	60.806582048013006	61.14375073812184	59.42300698292615	60.8239108756997	60.65262676347438	60.53178528802191	60.806582048013006	61.28924999894693	61.39270987264377	60.1818824345647	61.14163455606858	61.03486980137489	60.89928520750544	61.14375073812184	61.39270987264377	63.49863005198306
72.0759520932475	58.00014605854999	57.519142402714024	51.080459282666126	57.82624499283341	59.035435695068855	61.49442556713292	58.00014605854999	68.67943447068347	68.17033468296853	61.57233371947147	68.22823130731325	68.83800003606333	65.98091619551558	57.519142402714024	68.17033468296853	68.63879411332705	61.39911596117733	68.30358387009744	69.1699116792963	66.34471246717865	51.080459282666126	61.57233371947147	61.39911596117733	71.65268209526761	61.54994649193473	61.95668715485554	60.59051739769062	57.82624499283341	68.22823130731325	68.30358387009744	61.54994649193473	68.39153755389657	69.00222346780464	66.24714962657636	59.035435695068855	68.83800003606333	69.1699116792963	61.95668715485554	69.00222346780464	70.13981309316038	66.71301075384922	61.49442556713292	65.98091619551558	66.34471246717865	60.59051739769062	66.24714962657636	66.71301075384922	68.37573555951714
82.33073869462916	54.767909392872	54.75771202105139	42.98041498541286	54.49050803436371	56.11213729566576	63.833185104683615	54.767909392872	75.78175947262262	75.76200028839074	60.065474805582355	75.63723800104368	76.43264123658133	68.54001022598416	54.75771202105139	75.76200028839074	75.77857342245255	60.05772328968859	75.64742819285478	76.4471675664623	68.56130405308679	42.98041498541286	60.065474805582355	60.05772328968859	80.16518611403461	59.978930776518915	60.332394732691654	57.712336057122165	54.49050803436371	75.63723800104368	75.64742819285478	59.978930776518915	75.94197349389913	76.41019694558031	68.6010538184509	56.11213729566576	76.43264123658133	76.4471675664623	60.332394732691654	76.41019694558031	77.51028701174187	68.90850876151069	63.833185104683615	68.54001022598416	68.56130405308679	57.712336057122165	68.6010538184509	68.90850876151069	70.75693526790046
88.33414746843263	65.06470041322955	65.08065573672049	32.18893174592231	65.08870143928132	67.05183714476544	69.82377731759522	65.06470041322955	84.05666998251799	84.00588650642777	46.83570601620967	83.99431791632665	84.99015870563021	76.11618105141258	65.08065573672049	84.00588650642777	84.37409799791604	46.557227147135386	84.31132153385228	85.35558382570969	76.47850010888448	32.18893174592231	46.83570601620967	46.557227147135386	97.91544880148021	46.59072335578681	46.50676848711375	47.97855716652002	65.08870143928132	83.99431791632665	84.31132153385228	46.59072335578681	84.30678061043733	85.31215420756396	76.44703712411909	67.05183714476544	84.99015870563021	85.35558382570969	46.50676848711375	85.31215420756396	86.77906823961371	77.09327298840334	69.82377731759522	76.11618105141258	76.47850010888448	47.97855716652002	76.44703712411909	77.09327298840334	76.30780450317434
86.48572652075207	68.49589623276928	68.50614852760833	30.336802882731032	68.55680532357431	70.44693936534689	70.3438001614722	68.49589623276928	79.68661871934529	79.6297958314041	46.57558359107125	79.59897087541725	80.30795053837033	76.52498562155762	68.50614852760833	79.6297958314041	80.51221485666245	45.88933614000424	80.4070570521824	81.19425478981888	77.36563511401243	30.336802882731032	46.57558359107125	45.88933614000424	99.90964727790964	45.94479580508557	45.853957521894706	46.59831951853003	68.55680532357431	79.59897087541725	80.4070570521824	45.94479580508557	80.38712109363198	81.12193556882119	77.32602647553574	70.44693936534689	80.30795053837033	81.19425478981888	45.853957521894706	81.12193556882119	82.27196010816195	77.94160151604177	70.3438001614722	76.52498562155762	77.36563511401243	46.59831951853003	77.32602647553574	77.94160151604177	77.2326644442342
77.60435336420825	65.03238620397245	64.85346099204668	36.286452942604	64.9658102149376	65.9871323050755	66.25189449683033	65.03238620397245	74.93601321716397	74.82162679190503	51.0691622732794	74.8250131659073	75.17017748451825	73.39006596948452	64.85346099204668	74.82162679190503	75.15778631948712	50.821166083602336	75.10634098164078	75.47965088762294	73.69316604147694	36.286452942604	51.0691622732794	50.821166083602336	91.27404941772632	50.85995348825804	50.91166248296527	51.02741951835326	64.9658102149376	74.8250131659073	75.10634098164078	50.85995348825804	75.11802051513065	75.46619872546748	73.6896902055548	65.9871323050755	75.17017748451825	75.47965088762294	50.91166248296527	75.46619872546748	76.04152780645153	74.00068831039964	66.25189449683033	73.39006596948452	73.69316604147694	51.02741951835326	73.6896902055548	74.00068831039964	73.89442497919893
63.92031417668539	61.28796652856261	61.2376219562595	49.58558351844613	61.24499661355239	61.37610493557631	62.286801672048085	61.28796652856261	64.98349346192043	64.88895235066353	53.826367812301825	64.89357862807248	64.98695537705964	65.00964092976074	61.2376219562595	64.88895235066353	64.88343514055943	53.7597636798383	64.87721346768872	64.97189744759937	65.01111096002204	49.58558351844613	53.826367812301825	53.7597636798383	70.74554183915507	53.76707568625721	53.84981844879678	54.76527017699983	61.24499661355239	64.89357862807248	64.87721346768872	53.76707568625721	64.89753929318978	64.97636887024929	65.01417540569663	61.37610493557631	64.98695537705964	64.97189744759937	53.84981844879678	64.97636887024929	65.09988688998418	65.08868914164896	62.286801672048085	65.00964092976074	65.01111096002204	54.76527017699983	65.01417540569663	65.08868914164896	66.45634663941088
58.55328930802497	57.36201486910569	57.31941493862084	57.08831021133264	57.309321425697384	57.446349752097824	58.377656667207326	57.36201486910569	59.458715657838745	59.40093614958532	59.172119925985186	59.39278136006017	59.50608656038145	60.03481538159978	57.31941493862084	59.40093614958532	59.3794562112044	59.13938006806268	59.36021615469196	59.47462143677275	60.01241650571041	57.08831021133264	59.172119925985186	59.13938006806268	59.537127859155184	59.131271687588935	59.244690833570296	59.79498492911904	57.309321425697384	59.39278136006017	59.36021615469196	59.131271687588935	59.38053758818254	59.466531713414874	60.00595619983326	57.446349752097824	59.50608656038145	59.47462143677275	59.244690833570296	59.466531713414874	59.60803529132399	60.09824913090159	58.377656667207326	60.03481538159978	60.01241650571041	59.79498492911904	60.00595619983326	60.09824913090159	61.691337983602494
59.62801605751258	59.353449467476686	59.32732827250679	57.85138170978857	59.07933714192641	59.79351641126226	59.38299920311436	59.353449467476686	59.8616969771635	59.8071255493461	58.3511043288042	59.57446068060837	60.24974392831761	59.85603201318428	59.32732827250679	59.8071255493461	59.79029545110941	58.323741945014675	59.54891893824427	60.229387602132135	59.83278674030694	57.85138170978857	58.3511043288042	58.323741945014675	60.2994299268517	58.08260814968537	58.770169436216385	58.38016077294758	59.07933714192641	59.57446068060837	59.54891893824427	58.08260814968537	59.53637368173856	60.02456632625756	59.6025013689515	59.79351641126226	60.24974392831761	60.229387602132135	58.770169436216385	60.02456632625756	60.80504911699595	60.27222070453302	59.38299920311436	59.85603201318428	59.83278674030694	58.38016077294758	59.6025013689515	60.27222070453302	59.94914283261439
63.219901796544576	60.07211730546909	60.0544415525432	54.77850382248291	59.904031246893894	60.51834519264057	61.615903302688785	60.07211730546909	63.264763340978035	63.2384438617241	58.07214763291893	63.12955763080588	63.59687928127447	63.50157139990268	60.0544415525432	63.2384438617241	63.23600419600948	58.057034590729884	63.11861714492206	63.588956748457754	63.50053864655216	54.77850382248291	58.07214763291893	58.057034590729884	65.97199672029754	57.95053668980463	58.37822270076951	58.99656372226413	59.904031246893894	63.12955763080588	63.11861714492206	57.95053668980463	63.16927434553815	63.49526456210038	63.444969173346095	60.51834519264057	63.59687928127447	63.588956748457754	58.37822270076951	63.49526456210038	64.0911584471141	63.74272824096389	61.615903302688785	63.50157139990268	63.50053864655216	58.99656372226413	63.444969173346095	63.74272824096389	65.90700173083832
64.5531982595143	63.15963378040797	63.13245288325843	50.936550748572905	63.13515911968511	63.31153442745629	64.69619056941829	63.15963378040797	64.53307408527039	64.49380484548742	52.20700058234035	64.49625243998557	64.66006909142828	65.24003307399138	63.13245288325843	64.49380484548742	64.48343932624577	52.17745277893134	64.47212496835289	64.63739669562891	65.23931085941246	50.936550748572905	52.20700058234035	52.17745277893134	72.16186165519687	52.18238197007084	52.29314180680505	55.179183437196606	63.13515911968511	64.49625243998557	64.47212496835289	52.18238197007084	64.497193423737	64.63945543093294	65.23890465573356	63.31153442745629	64.66006909142828	64.63739669562891	52.29314180680505	64.63945543093294	64.85440242200139	65.32248817018929	64.69619056941829	65.24003307399138	65.23931085941246	55.179183437196606	65.23890465573356	65.32248817018929	68.7044710246143
66.49120386310375	65.43856008797266	65.41235831145782	48.14313146783979	65.31688326442016	65.60136805786038	66.52774432861635	65.43856008797266	66.45115553540629	66.41724866505668	48.9877352385072	66.32631009257238	66.59834185633142	66.87171091457063	65.41235831145782	66.41724866505668	66.40719355421771	48.9620820074171	66.30105796323495	66.57517537474209	66.87103625651903	48.14313146783979	48.9877352385072	48.9620820074171	77.69585847050169	48.90981135304543	49.05836064619148	52.93591612776068	65.31688326442016	66.32631009257238	66.30105796323495	48.90981135304543	66.32574671692373	66.48703383762341	66.84353965033672	65.60136805786038	66.59834185633142	66.57517537474209	49.05836064619148	66.48703383762341	66.81037500914002	66.9557188647697	66.52774432861635	66.87171091457063	66.87103625651903	52.93591612776068	66.84353965033672	66.9557188647697	70.35840991227808
73.49524313106943	70.16724048650491	70.14002754206149	38.368499891569144	70.10220591645776	70.5624482657935	70.56051837253264	70.16724048650491	73.37497573076072	73.34822219276694	41.75910799134668	73.31834140020398	73.69492774969505	72.1950986808991	70.14002754206149	73.34822219276694	73.34613711342706	41.72520593328661	73.2999873610522	73.68014782482103	72.19305316800916	38.368499891569144	41.75910799134668	41.72520593328661	90.9315710300668	41.71299652122607	41.8710797841758	45.38685468104747	70.10220591645776	73.31834140020398	73.2999873610522	41.71299652122607	73.32923304485253	73.6517511793957	72.17685960393261	70.5624482657935	73.69492774969505	73.68014782482103	41.8710797841758	73.6517511793957	74.13171428097685	72.41729462382142	70.56051837253264	72.1950986808991	72.19305316800916	45.38685468104747	72.17685960393261	72.41729462382142	73.75767086636067
79.4868985068922	66.67391675790094	66.6546452162857	31.012553765984126	66.63398543949738	67.09622128818847	69.33294981938066	66.67391675790094	79.46917747141583	79.45444477034843	44.046340359592264	79.44595905305306	79.66338806079845	75.70117650946034	66.6546452162857	79.45444477034843	79.4879658009653	44.00558365366157	79.47161195753891	79.69069478787802	75.73479505522701	31.012553765984126	44.046340359592264	44.00558365366157	99.76937799904229	44.006695261846765	44.01555401633301	45.774302255966276	66.63398543949738	79.44595905305306	79.47161195753891	44.006695261846765	79.48928819546187	79.68256831930248	75.7298460891575	67.09622128818847	79.66338806079845	79.69069478787802	44.01555401633301	79.68256831930248	79.98968293709919	75.88287592757459	69.33294981938066	75.70117650946034	75.73479505522701	45.774302255966276	75.7298460891575	75.88287592757459	76.00961480507651
75.25352620608544	69.72814665139016	69.70342244179828	35.02982871474831	69.70791994470692	69.99789337341929	70.7085898542077	69.72814665139016	75.40516735710999	75.37861418753326	40.805232259495384	75.38061355343864	75.59065494439608	73.55742069461371	69.70342244179828	75.37861418753326	75.38372872158085	40.76727741805854	75.3731598320291	75.5849502929195	73.56491559320094	35.02982871474831	40.805232259495384	40.76727741805854	95.32214077999743	40.775762188270996	40.83580942803739	44.28953602556405	69.70791994470692	75.38061355343864	75.3731598320291	40.775762188270996	75.39328640070437	75.58636240538966	73.56414714792126	69.99789337341929	75.59065494439608	75.5849502929195	40.83580942803739	75.58636240538966	75.86244704692257	73.7022369921434	70.7085898542077	73.55742069461371	73.56491559320094	44.28953602556405	73.56414714792126	73.7022369921434	74.80937471543146
63.540100889188004	60.875770917018386	60.8577814274943	54.14245664661644	60.46450101259236	61.138539487992645	62.48178767333165	60.875770917018386	63.44955866038076	63.42382884795609	56.73935430390661	63.10967816119484	63.65768907886118	63.80716462666931	60.8577814274943	63.42382884795609	63.419946420005886	56.722181191970726	63.09514306212904	63.64648061129833	63.80586492888465	54.14245664661644	56.73935430390661	56.722181191970726	67.13887236619962	56.42978185483302	56.91947004677621	58.13615934556697	60.46450101259236	63.10967816119484	63.09514306212904	56.42978185483302	63.1631608259175	63.35708213025141	63.668352373143975	61.138539487992645	63.65768907886118	63.64648061129833	56.91947004677621	63.35708213025141	63.97564893771309	63.95075520231507	62.48178767333165	63.80716462666931	63.80586492888465	58.13615934556697	63.668352373143975	63.95075520231507	66.67815202874641
62.30034620468615	59.5895061055334	59.57260412372197	56.8279133586676	58.96005130858881	59.90980616143467	61.09892236555742	59.5895061055334	62.18727782623364	62.16210134799727	59.453501899320116	61.6883189326189	62.43685245654482	62.584382352882024	59.57260412372197	62.16210134799727	62.15895086460249	59.439866325850204	61.67424429511214	62.42725853178978	62.58229246710671	56.8279133586676	59.453501899320116	59.439866325850204	63.61261145182398	58.972763060528564	59.69767908013195	60.24008153860533	58.96005130858881	61.6883189326189	61.67424429511214	58.972763060528564	61.80467625896782	62.007297358385344	62.35141153086349	59.90980616143467	62.43685245654482	62.42725853178978	59.69767908013195	62.007297358385344	62.828526710994254	62.76618694322869	61.09892236555742	62.584382352882024	62.58229246710671	60.24008153860533	62.35141153086349	62.76618694322869	65.25981115500372
68.9532226671331	64.51684052571173	64.44880394333411	42.501345012185645	64.47537309642367	64.65908902204126	65.33701090632741	64.51684052571173	69.88537030486039	69.71112453618285	49.62876481238609	69.72344737067506	69.83237405964574	69.27644852650492	64.44880394333411	69.71112453618285	69.78767470535071	49.42374836603814	69.78596892902999	69.89806203049083	69.36943443613778	42.501345012185645	49.62876481238609	49.42374836603814	81.33071441933704	49.442981430634404	49.519758292595725	50.43449526177793	64.47537309642367	69.72344737067506	69.78596892902999	49.442981430634404	69.80839805477646	69.91011959612662	69.37827343239385	64.65908902204126	69.83237405964574	69.89806203049083	49.519758292595725	69.91011959612662	70.06296182642386	69.47003166462471	65.33701090632741	69.27644852650492	69.36943443613778	50.43449526177793	69.37827343239385	69.47003166462471	70.27422818741816
59.72621276839182	59.0948512507039	59.04049704519118	58.98196578845954	59.03501603703605	59.34424958842311	60.79052101341187	59.0948512507039	59.727836547619596	59.669230167222544	59.608059389074945	59.66408095579743	59.95912190932809	61.10152295349824	59.04049704519118	59.669230167222544	59.647610432018126	59.55659278923049	59.611819507441886	59.91293947947513	61.08354776849825	58.98196578845954	59.608059389074945	59.55659278923049	59.78031364671759	59.551534037120334	59.84595659679179	61.00901483314305	59.03501603703605	59.66408095579743	59.611819507441886	59.551534037120334	59.66943653797606	59.906981998363655	61.08005822807062	59.34424958842311	59.95912190932809	59.91293947947513	59.84595659679179	59.906981998363655	60.29465037365069	61.2430887281144	60.79052101341187	61.10152295349824	61.08354776849825	61.00901483314305	61.08005822807062	61.2430887281144	64.69722312230621
72.9897319514254	72.79472752200886	72.71063523706346	37.238087119787004	72.73777923740461	73.00895296822095	72.18644018483916	72.79472752200886	73.0054829013315	72.91521283253392	37.38769283773648	72.94204019621071	73.21131452442253	72.25899742524103	72.71063523706346	72.91521283253392	72.8758812568955	37.32811683272728	72.85782020658897	73.13252332778055	72.24169745321116	37.238087119787004	37.38769283773648	37.32811683272728	96.1415736460583	37.360545737683495	37.40794086788856	43.759405775214745	72.73777923740461	72.94204019621071	72.85782020658897	37.360545737683495	72.93723046697765	73.15694360234019	72.24336805224982	73.00895296822095	73.21131452442253	73.13252332778055	37.40794086788856	73.15694360234019	73.48685560886	72.38218123328578	72.18644018483916	72.25899742524103	72.24169745321116	43.759405775214745	72.24336805224982	72.38218123328578	74.70983220407416
72.48981083192616	72.1293836660474	72.06149706505167	36.96984990572348	72.10388240413573	72.1940325644269	71.85254963057456	72.1293836660474	72.53956965435015	72.45875782189101	37.22979554466052	72.50049493086829	72.58960217549968	71.98350962678903	72.06149706505167	72.45875782189101	72.42425962512466	37.18110581819378	72.43343669171959	72.52380863992144	71.97491521389863	36.96984990572348	37.22979554466052	37.18110581819378	96.92507457243813	37.20771144056882	37.22055369585711	43.93646998056677	72.10388240413573	72.50049493086829	72.43343669171959	37.20771144056882	72.49965212782173	72.56497662287308	71.98374989735655	72.1940325644269	72.58960217549968	72.52380863992144	37.22055369585711	72.56497662287308	72.6710631578638	72.0257181697054	71.85254963057456	71.98350962678903	71.97491521389863	43.93646998056677	71.98374989735655	72.0257181697054	74.68529384563209
63.606542257546494	63.47376626895662	63.350132649381926	52.14288492407966	63.44751658828834	63.6673052369983	64.21785060221441	63.47376626895662	63.62531579676495	63.49584454842782	52.301934007031456	63.591740234368835	63.80896968036301	64.3042430898797	63.350132649381926	63.49584454842782	63.435934873212	52.16539162983085	63.469078252229615	63.69544576591791	64.24058160209924	52.14288492407966	52.301934007031456	52.16539162983085	69.50136140500054	52.27264389254651	52.45174485144987	54.392129097039245	63.44751658828834	63.591740234368835	63.469078252229615	52.27264389254651	63.590984310370686	63.78452624810565	64.29146314893981	63.6673052369983	63.80896968036301	63.69544576591791	52.45174485144987	63.78452624810565	64.06938132494835	64.4402436702716	64.21785060221441	64.3042430898797	64.24058160209924	54.392129097039245	64.29146314893981	64.4402436702716	66.80421918363635
65.20735979401283	64.69680197106968	64.67042173924548	48.80159024891924	64.59397613174723	64.89665048685352	65.11991348260236	64.69680197106968	65.3247175088137	65.29001056073169	49.585863277059126	65.21896081356604	65.50301843497645	65.59455480303141	64.67042173924548	65.29001056073169	65.2782915040332	49.54538579662442	65.19435918929533	65.48088582644637	65.5789245480272	48.80159024891924	49.585863277059126	49.54538579662442	72.25839682871654	49.46954059566646	49.74303623882727	51.034563645736455	64.59397613174723	65.21896081356604	65.19435918929533	49.46954059566646	65.20901864493081	65.41288443717207	65.52518873194609	64.89665048685352	65.50301843497645	65.48088582644637	49.74303623882727	65.41288443717207	65.75360386428945	65.75182402643142	65.11991348260236	65.59455480303141	65.5789245480272	51.034563645736455	65.52518873194609	65.75182402643142	66.99872375211439
72.91052719248935	72.06633993392313	72.05786964387923	37.11862831699903	71.99207989056652	72.20937279454586	72.02322693391928	72.06633993392313	72.87710925281043	72.84903042879712	38.57659507641726	72.7908073930091	72.98665980992052	72.66378973457049	72.05786964387923	72.84903042879712	72.85307653574591	38.51169628567315	72.78593855268464	72.98330482796146	72.6648974200391	37.11862831699903	38.57659507641726	38.51169628567315	87.22529148032635	38.43589125285198	38.643994061405486	40.19167905474516	71.99207989056652	72.7908073930091	72.78593855268464	38.43589125285198	72.79548546081004	72.9266710984924	72.61718192952328	72.20937279454586	72.98665980992052	72.98330482796146	38.643994061405486	72.9266710984924	73.15839997639073	72.78404406561397	72.02322693391928	72.66378973457049	72.6648974200391	40.19167905474516	72.61718192952328	72.78404406561397	73.31870510865446
72.6904996376141	71.34675182256389	72.51945804881849	35.41622186487769	72.51199900036865	72.59940791970641	72.59046158951284	71.34675182256389	73.37793509557169	71.4620104874633	40.89620050841065	71.45362693491272	71.51692885145607	71.24778657587422	72.51945804881849	71.4620104874633	72.69002255452008	35.60275729407913	72.67086774551804	72.75749920084255	72.73195941617516	35.41622186487769	40.89620050841065	35.60275729407913	93.94384618579149	35.59877992320304	35.65082410031628	36.667270247323	72.51199900036865	71.45362693491272	72.67086774551804	35.59877992320304	72.69040817929445	72.75018857480599	72.72547078579588	72.59940791970641	71.51692885145607	72.75749920084255	35.65082410031628	72.75018857480599	72.8492279143876	72.80383933984922	72.59046158951284	71.24778657587422	72.73195941617516	36.667270247323	72.72547078579588	72.80383933984922	73.46753519837455
82.89897953612149	72.96474415600055	81.29567620332939	29.545095320261552	82.87008668341467	83.94249774188907	82.31667098766918	72.96474415600055	84.53935068606812	80.59160473784293	45.131903173832924	72.97768506822317	79.41688986020051	71.34243926629699	81.29567620332939	80.59160473784293	89.31148814723183	30.096956059056662	81.32817430269766	89.12913899762233	81.65623614918479	29.545095320261552	45.131903173832924	30.096956059056662	110.42931741114822	29.552823440221903	29.338043824535294	30.982754672554865	82.87008668341467	72.97768506822317	81.32817430269766	29.552823440221903	82.91161931954146	83.976398765776	82.34538593458615	83.94249774188907	79.41688986020051	89.12913899762233	29.338043824535294	83.976398765776	90.28771588458511	83.76019387997987	82.31667098766918	71.34243926629699	81.65623614918479	30.982754672554865	82.34538593458615	83.76019387997987	84.5904296353715
82.98885603942185	73.61864287895972	81.88573246762039	29.456421417539577	82.98097576105987	84.44712414238188	82.23827886101463	73.61864287895972	87.48103192910827	83.73035288897864	44.67168093824444	73.62268381665982	82.10012987066021	71.52106728720449	81.88573246762039	83.73035288897864	93.30697546742931	30.058564750685917	81.89211962766866	92.3608779169605	82.58479874790544	29.456421417539577	44.67168093824444	30.058564750685917	110.67030757952762	29.45649243478919	29.22321403681915	31.457776593267432	82.98097576105987	73.62268381665982	81.89211962766866	29.45649243478919	82.9940290902454	84.45540636903287	82.24297165970697	84.44712414238188	82.10012987066021	92.3608779169605	29.22321403681915	84.45540636903287	92.92687643109323	84.3448026746546	82.23827886101463	71.52106728720449	82.58479874790544	31.457776593267432	82.24297165970697	84.3448026746546	85.43896689565427
78.57765176130327	72.89627682020712	72.86506715404177	37.70300073116241	72.89362369285509	74.35092305359439	72.38320707522438	72.89627682020712	78.47208717930978	78.43388882077113	40.350662530570354	78.46192861582847	79.80972407444966	73.73732711275012	72.86506715404177	78.43388882077113	78.55249075322493	40.25238270117752	78.43277116723976	79.86933794724627	73.82732183453615	37.70300073116241	40.350662530570354	40.25238270117752	96.08853936021258	40.34197468621388	40.286768349135556	46.60225473914026	72.89362369285509	78.46192861582847	78.43277116723976	40.34197468621388	78.47293165491863	79.81179517554588	73.74554585808599	74.35092305359439	79.80972407444966	79.86933794724627	40.286768349135556	79.81179517554588	81.61955453916944	74.42430655130462	72.38320707522438	73.73732711275012	73.82732183453615	46.60225473914026	73.74554585808599	74.42430655130462	75.49945433760091
80.39418611023827	71.67871189082531	71.59757803283733	34.77228041955709	71.67834638052275	72.90103954179996	72.31749954753627	71.67871189082531	79.22717847476258	79.17964929965441	40.77069155590054	79.21818458919715	80.14408994876834	75.1387539152264	71.59757803283733	79.17964929965441	79.26544181223196	40.65136799541046	79.18620160538592	80.1717791427337	75.18918405070207	34.77228041955709	40.77069155590054	40.65136799541046	97.8362628630241	40.75416435333877	40.7905534796201	44.95871930748664	71.67834638052275	79.21818458919715	79.18620160538592	40.75416435333877	79.23293088639089	80.15299323578157	75.15165913577248	72.90103954179996	80.14408994876834	80.1717791427337	40.7905534796201	80.15299323578157	81.4197550471718	75.7267503635878	72.31749954753627	75.1387539152264	75.18918405070207	44.95871930748664	75.15165913577248	75.7267503635878	76.04212947813237
76.91294199703425	71.02879712480447	70.95370388862808	34.85284389050699	71.02495148902919	71.6130739631991	71.57802594018912	71.02879712480447	76.30690888764528	76.25438937162002	40.75586933580949	76.29395431877857	76.71748133295465	74.31714221281726	70.95370388862808	76.25438937162002	76.26577135471045	40.67283538682028	76.26002426647788	76.69572555860441	74.31853207216096	34.85284389050699	40.75586933580949	40.67283538682028	95.83972082373928	40.73183160627878	40.84379315843651	43.97008770995478	71.02495148902919	76.29395431877857	76.26002426647788	40.73183160627878	76.30815646940805	76.72462180335646	74.32914466473703	71.6130739631991	76.71748133295465	76.69572555860441	40.84379315843651	76.72462180335646	77.29701488791959	74.62405010314089	71.57802594018912	74.31714221281726	74.31853207216096	43.97008770995478	74.32914466473703	74.62405010314089	75.29974080449054
75.05535734778218	72.29991501330372	72.22326803679782	36.478106232751955	72.295920638939	72.77398533824481	72.22265468046034	72.29991501330372	74.69616014440966	74.62974015699946	39.63660386319867	74.681976854876	75.07935067160595	73.64877202412255	72.22326803679782	74.62974015699946	74.62722116223692	39.52481408495287	74.63033667462959	75.04009528350409	73.63261963075811	36.478106232751955	39.63660386319867	39.52481408495287	92.98422613096642	39.61129755257721	39.78997847612535	42.772493320956116	72.295920638939	74.681976854876	74.63033667462959	39.61129755257721	74.6921541511343	75.08150652002973	73.6553492101465	72.77398533824481	75.07935067160595	75.04009528350409	39.78997847612535	75.08150652002973	75.60797130587942	73.94823901891371	72.22265468046034	73.64877202412255	73.63261963075811	42.772493320956116	73.6553492101465	73.94823901891371	74.7229354072178
60.32815769004395	60.26236596131292	60.21885663059705	56.81981147110976	60.227739142073204	60.76585623179705	60.29592081985249	60.26236596131292	60.38679994761775	60.33319888318864	56.94595613183371	60.34190572541041	60.87313486560331	60.40816756232081	60.21885663059705	60.33319888318864	60.31058666010099	56.89591106746562	60.29874956502796	60.83798604786651	60.366070011352136	56.81981147110976	56.94595613183371	56.89591106746562	61.431350249808595	56.906969447611324	57.44852203554638	56.99108253525864	60.227739142073204	60.34190572541041	60.29874956502796	56.906969447611324	60.336300598203024	60.84390385450252	60.37465520788101	60.76585623179705	60.87313486560331	60.83798604786651	57.44852203554638	60.84390385450252	61.513465380314244	60.90091844715301	60.29592081985249	60.40816756232081	60.366070011352136	56.99108253525864	60.37465520788101	60.90091844715301	60.507248152140065
59.58248582023986	59.552483261004156	59.50533059307866	57.026420303518165	59.52651101694965	59.953915753693	59.649187835638386	59.552483261004156	59.635685374475166	59.574069749645076	57.10105979088735	59.595022497568124	60.01911797883998	59.715312691336685	59.50533059307866	59.574069749645076	59.54587696318546	57.048700687830475	59.54805295328835	59.97822100157643	59.670379281042166	57.026420303518165	57.10105979088735	57.048700687830475	60.398286483630415	57.07185209690793	57.5011537667951	57.22068467541357	59.52651101694965	59.595022497568124	59.54805295328835	57.07185209690793	59.58633985282365	59.99602936180805	59.6906452034438	59.953915753693	60.01911797883998	59.97822100157643	57.5011537667951	59.99602936180805	60.53308902120014	60.10466091039591	59.649187835638386	59.715312691336685	59.670379281042166	57.22068467541357	59.6906452034438	60.10466091039591	59.97099419254029
59.58730130065321	59.55830489249947	59.52523076364467	58.52543654224121	59.388981492115036	60.102124074171954	59.56775918735361	59.55830489249947	59.62928268823886	59.583178500124035	58.58546680693059	59.44807189229163	60.15604570922122	59.625155321641216	59.52523076364467	59.583178500124035	59.56574347123602	58.550691879997984	59.41373842242447	60.12982564152202	59.59256514245941	58.52543654224121	58.58546680693059	58.550691879997984	59.927293585040246	58.41227960290579	59.12766907836727	58.59557834819083	59.388981492115036	59.44807189229163	59.41373842242447	58.41227960290579	59.43431428223465	60.01493441782632	59.45796225691242	60.102124074171954	60.15604570922122	60.12982564152202	59.12766907836727	60.01493441782632	60.85824747802944	60.163970575761205	59.56775918735361	59.625155321641216	59.59256514245941	58.59557834819083	59.45796225691242	60.163970575761205	59.659739378222916
60.61422671503497	60.60791627594348	60.48689639725876	60.54548913892416	60.30594533351692	61.39211630501991	60.61241068197361	60.60791627594348	60.63274499033386	60.50001304925767	60.55812403237102	60.319463857112915	61.40299210876309	60.62491299665802	60.48689639725876	60.50001304925767	60.50397266064757	60.43681133626872	60.18279603433539	61.35826646922717	60.50482973227418	60.54548913892416	60.55812403237102	60.43681133626872	60.63568835207962	60.255991638890826	61.341249939958125	60.562627956470806	60.30594533351692	60.319463857112915	60.18279603433539	60.255991638890826	60.476145101720455	61.22037554856973	60.32494455147389	61.39211630501991	61.40299210876309	61.35826646922717	61.341249939958125	61.22037554856973	62.51455459611765	61.406047296232074	60.61241068197361	60.62491299665802	60.50482973227418	60.562627956470806	60.32494455147389	61.406047296232074	60.65042875005207
70.1527528811627	67.33120243491493	67.3111177429904	39.33894065957249	67.28510796704283	67.43040724649683	67.36664660263169	67.33120243491493	71.10769977922084	70.50380753279242	46.25093025222296	70.48931974178133	70.57289473511449	70.49264296739635	67.3111177429904	70.50380753279242	70.90225628308364	45.07481126510495	70.8778295003591	70.97102864034193	70.89113911042085	39.33894065957249	46.25093025222296	45.07481126510495	84.00337859762242	45.05880569202893	45.14731475931035	45.1729882888671	67.28510796704283	70.48931974178133	70.8778295003591	45.05880569202893	70.89475961796595	70.95583210350733	70.87590760594573	67.43040724649683	70.57289473511449	70.97102864034193	45.14731475931035	70.95583210350733	71.07067134432795	70.96751286353322	67.36664660263169	70.49264296739635	70.89113911042085	45.1729882888671	70.87590760594573	70.96751286353322	70.95751335328801
65.09393207375092	62.37155086824872	62.214181684440156	46.73836379307972	62.103342883751864	62.33635813184412	62.482296118341054	62.37155086824872	66.97849931455494	66.58134862033695	52.89124199522892	66.52328743208285	66.65264597201306	66.5486266901325	62.214181684440156	66.58134862033695	66.65404910391791	52.56342630957366	66.58601276632686	66.72232675868906	66.63162156669942	46.73836379307972	52.89124199522892	52.56342630957366	74.00965779597544	52.49473554792452	52.63372188656062	52.81053675122752	62.103342883751864	66.52328743208285	66.58601276632686	52.49473554792452	66.60448556207321	66.66285169079494	66.57489687943617	62.33635813184412	66.65264597201306	66.72232675868906	52.63372188656062	66.66285169079494	66.82234151662472	66.7026140239793	62.482296118341054	66.5486266901325	66.63162156669942	52.81053675122752	66.57489687943617	66.7026140239793	66.95440774236394
61.6921445256657	61.46270177021577	61.446132400084274	56.96301727904249	60.56195495943367	61.57215276983088	62.44924574356655	61.46270177021577	61.68748119781675	61.65856941705154	57.17934425037993	60.79136226631816	61.78259031639506	62.55615782129356	61.446132400084274	61.65856941705154	61.65223213347182	57.160360295640416	60.770270258503366	61.76730387001995	62.55276811172729	56.96301727904249	57.17934425037993	57.160360295640416	64.14956834516742	56.332916972009876	57.27194774369686	58.76146474992446	60.56195495943367	60.79136226631816	60.770270258503366	56.332916972009876	60.75795636486417	60.93193227172615	62.1614457658125	61.57215276983088	61.78259031639506	61.76730387001995	57.27194774369686	60.93193227172615	61.94386604075076	62.6294473724356	62.44924574356655	62.55615782129356	62.55276811172729	58.76146474992446	62.1614457658125	62.6294473724356	65.78170455920123
65.95816462864707	65.9366133860198	65.65747844464201	53.38734518550337	65.32893646069867	66.43239317255086	65.77727678866302	65.9366133860198	65.95778282123482	65.67297064312851	53.402054474596454	65.34445271900404	66.44729118476894	65.77724283325334	65.65747844464201	65.67297064312851	65.75982093793483	53.13908488948236	64.99628047881055	66.30206903547008	65.87221951376992	53.38734518550337	53.402054474596454	53.13908488948236	73.17981986125983	53.01874791547429	53.626007006130415	56.50512933623514	65.32893646069867	65.34445271900404	64.99628047881055	53.01874791547429	65.81300976986942	65.98002995413309	65.78845032490229	66.43239317255086	66.44729118476894	66.30206903547008	53.626007006130415	65.98002995413309	67.27566270284545	66.08235641745541	65.77727678866302	65.77724283325334	65.87221951376992	56.50512933623514	65.78845032490229	66.08235641745541	70.06275691359461
68.59934382532757	63.454451464404265	62.89538784752822	53.726963027819345	63.450997081272405	64.2781620533106	64.9437939842401	63.454451464404265	67.18217340849688	66.5036471181908	56.791504750785585	67.17126971969374	67.81555552657734	65.3823544150065	62.89538784752822	66.5036471181908	69.28326910591433	55.590981050674415	66.49852397602129	69.39830967687956	67.27824840334274	53.726963027819345	56.791504750785585	55.590981050674415	72.25529064428245	56.787522466930966	56.65881435051756	57.7239773430423	63.450997081272405	67.17126971969374	66.49852397602129	56.787522466930966	67.18127447081433	67.81478133000566	65.38769687913751	64.2781620533106	67.81555552657734	69.39830967687956	56.65881435051756	67.81478133000566	70.36764715486518	66.98779697315896	64.9437939842401	65.3823544150065	67.27824840334274	57.7239773430423	65.38769687913751	66.98779697315896	70.91729724274352
