195.03835760501244	195.07588798439778	199.8112249381872	195.1329949163481	194.64963298043355	182.41368384042232	195.06146598485603	137.42367758513285	193.9216244163855	196.20451264139783	195.07588798439778	195.2383494609128	199.93705323773554	195.28276905548248	194.80950103374838	182.51151204742536	195.21153296619443	137.3011383921667	194.08015651511016	196.26254979791946	199.8112249381872	199.93705323773554	207.11946481626933	199.97820590302086	199.98306142928436	187.4046484478179	199.92677777379618	130.7563892611298	199.2706492608847	203.22448405535545	195.1329949163481	195.28276905548248	199.97820590302086	195.36753593467233	194.8677726454227	182.57319721445364	195.2683701214644	137.25249789935685	194.1439237889181	196.32651668493307	194.64963298043355	194.80950103374838	199.98306142928436	194.8677726454227	195.424324258601	182.83140341337972	194.79501818198978	138.4111916465714	193.61582858195317	196.7450631337718	182.41368384042232	182.51151204742536	187.4046484478179	182.57319721445364	182.83140341337972	180.8033142820278	182.50363269764694	128.13125751818413	181.96429132912672	183.32398811239676	195.06146598485603	195.21153296619443	199.92677777379618	195.2683701214644	194.79501818198978	182.50363269764694	195.21086125819212	137.2961858566428	194.06561130053842	196.24758394687325	137.42367758513285	137.3011383921667	130.7563892611298	137.25249789935685	138.4111916465714	128.13125751818413	137.2961858566428	238.9811914666965	138.65364355267914	120.52264803420991	193.9216244163855	194.08015651511016	199.2706492608847	194.1439237889181	193.61582858195317	181.96429132912672	194.06561130053842	138.65364355267914	193.83207832133206	195.52419457894044	196.20451264139783	196.26254979791946	203.22448405535545	196.32651668493307	196.7450631337718	183.32398811239676	196.24758394687325	120.52264803420991	195.52419457894044	203.68111297441646
185.90551985732066	185.94538765611526	188.3551661491	186.18213321248956	185.22655650626706	175.4688069363061	185.9326912295602	146.3462389683553	185.45687874468774	184.8940345126028	185.94538765611526	186.08088824395074	188.4650495142302	186.30025579864082	185.35598267155208	175.5490129647323	186.051947886809	146.2144167517975	185.57914009155874	184.95385114643375	188.3551661491	188.4650495142302	191.97546865749442	188.6719510245425	187.96842267563028	177.9417088216056	188.45383672157595	143.21316770356233	188.0604043115029	188.25907061272645	186.18213321248956	186.30025579864082	188.6719510245425	186.6169858775806	185.6031011440709	175.77865669350933	186.28769366308654	145.99205579294494	185.82378713710168	185.21110739959718	185.22655650626706	185.35598267155208	187.96842267563028	185.6031011440709	185.52126861880475	175.44620206637623	185.3423648669861	148.03679971971627	184.83651252440558	184.84721665411362	175.4688069363061	175.5490129647323	177.9417088216056	175.77865669350933	175.44620206637623	174.3444100830401	175.54435349145444	137.38810150897535	175.2440070925499	174.10357408258346	185.9326912295602	186.051947886809	188.45383672157595	186.28769366308654	185.3423648669861	175.54435349145444	186.04847417266245	146.21778438634655	185.56632226198587	184.94394411341156	146.3462389683553	146.2144167517975	143.21316770356233	145.99205579294494	148.03679971971627	137.38810150897535	146.21778438634655	219.0082046065707	146.886302950689	133.78067070875218	185.45687874468774	185.57914009155874	188.0604043115029	185.82378713710168	184.83651252440558	175.2440070925499	185.56632226198587	146.886302950689	185.38430452364926	184.5441803060923	184.8940345126028	184.95385114643375	188.25907061272645	185.21110739959718	184.84721665411362	174.10357408258346	184.94394411341156	133.78067070875218	184.5441803060923	188.5459704059857
199.77490879340226	199.8136546850296	202.85266802375426	200.03251559293335	199.2339339771956	183.14217049308738	199.7701708105903	138.30469138273764	196.46574984960938	199.46980657456538	199.8136546850296	200.09090052839372	203.09191006184338	200.3007704634923	199.52621829745763	183.32636297114612	200.04090857929998	138.12920256077965	196.78197329844858	199.5779540285129	202.85266802375426	203.09191006184338	208.9494766837525	203.26170834099474	203.05355398490286	187.28338972116634	203.06220062764834	133.4501926461742	201.06018683305646	205.14400261307216	200.03251559293335	200.3007704634923	203.26170834099474	200.66920832061732	199.75443697731336	183.58958228728446	200.25719123371042	137.96873020069398	197.10668623680974	199.8329212014393	199.2339339771956	199.52621829745763	203.05355398490286	199.75443697731336	200.29362435837166	183.7861988056199	199.48542442206048	139.24042003433155	196.07525107542324	200.09290995755367	183.14217049308738	183.32636297114612	187.28338972116634	183.58958228728446	183.7861988056199	180.69798116680633	183.28434768182578	129.0360391021243	181.9461179001258	183.32178432604883	199.7701708105903	200.04090857929998	203.06220062764834	200.25719123371042	199.48542442206048	183.28434768182578	200.0452758859809	138.10679442385202	196.73758690407587	199.51223945374116	138.30469138273764	138.12920256077965	133.4501926461742	137.96873020069398	139.24042003433155	129.0360391021243	138.10679442385202	239.71648370582778	141.39062060726565	123.42911872131111	196.46574984960938	196.78197329844858	201.06018683305646	197.10668623680974	196.07525107542324	181.9461179001258	196.73758690407587	141.39062060726565	196.04604979814425	197.35731891949436	199.46980657456538	199.5779540285129	205.14400261307216	199.8329212014393	200.09290995755367	183.32178432604883	199.51223945374116	123.42911872131111	197.35731891949436	205.81945123465596
201.99774522238607	202.97307109530925	204.90595711157005	202.1769966919125	200.91993756639428	184.91072786528946	201.96553516511008	131.45947432114332	197.8897896877506	200.90631332313978	202.97307109530925	211.47465950939196	208.49578850541022	205.3256767792426	206.19685499292544	185.22723914203775	205.1089347410429	130.69732714189985	201.50475980980832	201.0614835185628	204.90595711157005	208.49578850541022	214.36425262084634	207.8845065026111	209.09229815767037	192.29762921035206	207.72857748618273	125.65849200109669	205.87031631818124	209.30645342542417	202.1769966919125	205.3256767792426	207.8845065026111	205.51269111549604	204.71301118219122	188.06573282357294	205.1678220620516	129.38296543551556	201.88937404810645	202.9260024801446	200.91993756639428	206.19685499292544	209.09229815767037	204.71301118219122	208.88315504205005	189.4651674223207	204.4988563743267	132.90242267348398	200.63005896581075	204.88209287137676	184.91072786528946	185.22723914203775	192.29762921035206	188.06573282357294	189.4651674223207	186.5736776004677	187.8204238597546	123.62697504966035	186.4781416787926	188.85717865686624	201.96553516511008	205.1089347410429	207.72857748618273	205.1678220620516	204.4988563743267	187.8204238597546	204.99492437213547	129.47740118262686	201.57257525323195	202.67066976721202	131.45947432114332	130.69732714189985	125.65849200109669	129.38296543551556	132.90242267348398	123.62697504966035	129.47740118262686	250.63366018771376	133.34498429875032	116.45648621878497	197.8897896877506	201.50475980980832	205.87031631818124	201.88937404810645	200.63005896581075	186.4781416787926	201.57257525323195	133.34498429875032	201.76054512309648	200.1777344179497	200.90631332313978	201.0614835185628	209.30645342542417	202.9260024801446	204.88209287137676	188.85717865686624	202.67066976721202	116.45648621878497	200.1777344179497	210.7810092404733
189.18122413117098	189.28050080367473	191.5935522973304	189.51372079754876	188.9063862185265	175.71473730285555	189.2603329418302	150.16114601629297	188.16531230882407	188.1865809841727	189.28050080367473	189.6131486475062	191.88709191236762	189.83447530928612	189.24382413564157	175.92134351612074	189.58466048460485	149.8611987726392	188.50920667033355	188.35408781692934	191.5935522973304	191.88709191236762	195.3596877766688	192.08153135807936	191.64459894468106	178.208915760538	191.86981790403595	147.09151041784025	191.0064728122466	191.50560220606408	189.51372079754876	189.83447530928612	192.08153135807936	190.15670936805188	189.47997895052245	176.1424414469953	189.8144052129217	149.66457340820145	188.76269122035964	188.5967618834782	188.9063862185265	189.24382413564157	191.64459894468106	189.47997895052245	189.35171704202526	175.9499662693971	189.22362615760065	150.61075289922803	188.1120730821053	188.30714739715643	175.71473730285555	175.92134351612074	178.208915760538	176.1424414469953	175.9499662693971	174.097012399425	175.9053891803994	138.44533017138173	175.34469978811072	174.1513406655459	189.2603329418302	189.58466048460485	191.86981790403595	189.8144052129217	189.22362615760065	175.9053891803994	189.58104285748456	149.85636482804787	188.48856371691787	188.32851627907925	150.16114601629297	149.8611987726392	147.09151041784025	149.66457340820145	150.61075289922803	138.44533017138173	149.85636482804787	217.26679313163189	151.1134396561672	138.22226316887347	188.16531230882407	188.50920667033355	191.0064728122466	188.76269122035964	188.1120730821053	175.34469978811072	188.48856371691787	151.1134396561672	188.0694544080128	187.4561608746631	188.1865809841727	188.35408781692934	191.50560220606408	188.5967618834782	188.30714739715643	174.1513406655459	188.32851627907925	138.22226316887347	187.4561608746631	191.5171368457593
168.7354000144811	168.52053494003627	168.6417088051062	169.71985411142037	169.0282775562115	161.09511505542574	168.51551195704505	153.72805049156622	168.6085074195569	167.49335966141797	168.52053494003627	168.43715620239345	168.5458195674252	169.57966556449364	168.94701957645452	160.95582733486478	168.41934319056207	153.50454895780337	168.51562765936035	167.37356592139022	168.6417088051062	168.5458195674252	168.80901388915865	169.6374144141514	169.0733544959404	161.08944222346645	168.54107313626633	153.57326238707347	168.63925729028256	167.51117853120618	169.71985411142037	169.57966556449364	169.6374144141514	171.3309691331745	170.25192176702203	161.96639509105907	169.5769520315126	152.8266200440565	169.7533474141279	168.49935709461607	169.0282775562115	168.94701957645452	169.0733544959404	170.25192176702203	169.84062881054828	161.67654969885214	168.94161766971257	154.41388588897544	169.0269671589103	167.96344219019858	161.09511505542574	160.95582733486478	161.08944222346645	161.96639509105907	161.67654969885214	159.73134445929648	160.95513987068617	146.17354125738132	161.10705994598734	159.83879867474664	168.51551195704505	168.41934319056207	168.54107313626633	169.5769520315126	168.94161766971257	160.95513987068617	168.42476573716135	153.50322072524332	168.5106022929466	167.3688360333703	153.72805049156622	153.50454895780337	153.57326238707347	152.8266200440565	154.41388588897544	146.17354125738132	153.50322072524332	168.43293800220127	153.70202825041153	151.89848160149882	168.6085074195569	168.51562765936035	168.63925729028256	169.7533474141279	169.0269671589103	161.10705994598734	168.5106022929466	153.70202825041153	168.75293881973104	167.47821166705566	167.49335966141797	167.37356592139022	167.51117853120618	168.49935709461607	167.96344219019858	159.83879867474664	167.3688360333703	151.89848160149882	167.47821166705566	167.07381270201628
166.5420332652711	164.61812089139121	166.39695748202365	168.3064162039961	170.70184222942447	165.4999327240863	165.823100579219	165.67072207403044	165.83525518061515	165.7723014821741	164.61812089139121	171.6351717237618	165.3778325867221	168.09296607066523	175.06096561866357	163.82225616565603	164.22403299501198	164.06958445304934	164.24009688240113	164.12026032486548	166.39695748202365	165.3778325867221	167.83399267464375	168.50935676931178	172.11236070748288	166.17543160404205	166.49263689931286	166.3353837063676	166.50473759476478	166.44758531794764	168.3064162039961	168.09296607066523	168.50935676931178	171.96639249245166	175.50271240964526	167.8637507410466	168.17539355102872	168.0002371683406	168.19235381992226	168.1276547416846	170.70184222942447	175.06096561866357	172.11236070748288	175.50271240964526	182.33633330710651	170.79017451198345	171.0811782995185	170.94879375069044	171.08702061481569	171.07882179160842	165.4999327240863	163.82225616565603	166.17543160404205	167.8637507410466	170.79017451198345	165.707549725829	165.58102357248566	165.42656668596763	165.59401881414806	165.52468925763273	165.823100579219	164.22403299501198	166.49263689931286	168.17539355102872	171.0811782995185	165.58102357248566	165.90656256879032	165.7420568102715	165.91040168470875	165.83876297368874	165.67072207403044	164.06958445304934	166.3353837063676	168.0002371683406	170.94879375069044	165.42656668596763	165.7420568102715	166.02421444029264	165.75500200072855	165.68282850398367	165.83525518061515	164.24009688240113	166.50473759476478	168.19235381992226	171.08702061481569	165.59401881414806	165.91040168470875	165.75500200072855	165.93639066293414	165.85182864809667	165.7723014821741	164.12026032486548	166.44758531794764	168.1276547416846	171.07882179160842	165.52468925763273	165.83876297368874	165.68282850398367	165.85182864809667	165.94391280162503
185.9463157914364	183.55572568064724	184.89993976460568	189.16906948318476	185.31903333668214	183.9510519856753	184.48031684605724	132.57186147919674	184.48812422759255	184.51115857815674	183.55572568064724	190.66031244903206	184.85655753815087	189.87202570117284	191.1230677189531	183.41421782656062	184.02819298125596	129.01169218633325	184.04154919298801	183.9782021932986	184.89993976460568	184.85655753815087	189.1267106109195	191.8029531518128	190.6144885406514	187.64394107634985	188.14957432025892	128.72950153877488	188.16098062501305	188.14805499841856	189.16906948318476	189.87202570117284	191.8029531518128	197.0686456183223	195.22093542875214	190.95242197246176	191.47017896171013	127.90598994694031	191.4862899247784	191.4894083295021	185.31903333668214	191.1230677189531	190.6144885406514	195.22093542875214	198.87469773379834	189.3737688189622	189.81586437428487	138.70724925130537	189.82176952233172	189.8423597379957	183.9510519856753	183.41421782656062	187.64394107634985	190.95242197246176	189.3737688189622	187.1546408580153	187.1453424013437	128.37166675315223	187.15724322621918	187.13591330709392	184.48031684605724	184.02819298125596	188.14957432025892	191.47017896171013	189.81586437428487	187.1453424013437	187.6585367057171	128.49758610235028	187.6623031333016	187.6387331475922	132.57186147919674	129.01169218633325	128.72950153877488	127.90598994694031	138.70724925130537	128.37166675315223	128.49758610235028	228.65846338865825	128.5137603446484	128.29911445016992	184.48812422759255	184.04154919298801	188.16098062501305	191.4862899247784	189.82176952233172	187.15724322621918	187.6623031333016	128.5137603446484	187.68944637141195	187.65058953297515	184.51115857815674	183.9782021932986	188.14805499841856	191.4894083295021	189.8423597379957	187.13591330709392	187.6387331475922	128.29911445016992	187.65058953297515	187.82038402671728
175.89153768547382	170.81913061406482	177.9801859373547	178.34725653572175	174.4379355273448	177.6408910595935	177.66560350346145	128.56629239789595	177.66805102877694	177.58478304748195	170.81913061406482	175.61666677904742	177.92327305485244	178.21463304797672	180.31131613658823	177.39439976329186	177.41839871185516	122.3694775911031	177.4285454337265	177.15326868772303	177.9801859373547	177.92327305485244	188.89039656150865	188.8427675527024	189.05389903562912	188.37308111586594	188.39173103098983	118.29343844623875	188.4062619619457	188.231841984729	178.34725653572175	178.21463304797672	188.8427675527024	189.22993031790327	189.20438251448715	188.5051991624148	188.52419121916557	118.25039654256216	188.5391157703612	188.36550360901757	174.4379355273448	180.31131613658823	189.05389903562912	189.20438251448715	195.4228761122373	188.55854888016802	188.56897222348135	127.7673614144483	188.57714293842545	188.39177836528475	177.6408910595935	177.39439976329186	188.37308111586594	188.5051991624148	188.55854888016802	188.06899756064936	188.04582601074793	118.24744992627694	188.06045143711765	187.8791581572282	177.66560350346145	177.41839871185516	188.39173103098983	188.52419121916557	188.56897222348135	188.04582601074793	188.07424826196964	118.25675790638824	188.07864603237056	187.89682267496994	128.56629239789595	122.3694775911031	118.29343844623875	118.25039654256216	127.7673614144483	118.24744992627694	118.25675790638824	244.33308833998097	118.26892963415426	118.00232902366709	177.66805102877694	177.4285454337265	188.4062619619457	188.5391157703612	188.57714293842545	188.06045143711765	188.07864603237056	118.26892963415426	188.10868932485909	187.91150031699448	177.58478304748195	177.15326868772303	188.231841984729	188.36550360901757	188.39177836528475	187.8791581572282	187.89682267496994	118.00232902366709	187.91150031699448	188.01963764599432
173.23263072865413	173.19429846172054	173.39617629613298	173.24418169132684	171.75576008824063	170.30279425216696	172.03627708472328	132.7075526263749	172.4463767166817	173.1092354274899	173.19429846172054	177.5629289305071	177.7737492992854	177.60206108368806	178.5119694771476	174.51521112070708	176.1877077932982	124.8630070052623	176.9691490530876	177.42459144796203	173.39617629613298	177.7737492992854	178.07358177928802	177.82319172786578	178.76271662845176	174.7410171346344	176.42144325734398	124.83343757702805	177.19797140893797	177.64818997942166	173.24418169132684	177.60206108368806	177.82319172786578	177.66391319734944	178.56264364634367	174.5662704543717	176.2396048744587	124.85131898203348	177.02108917277576	177.47476889308797	171.75576008824063	178.5119694771476	178.76271662845176	178.56264364634367	183.00531893853412	175.84686743720414	177.164606831567	131.99449229499416	177.7708642368712	178.39560725850595	170.30279425216696	174.51521112070708	174.7410171346344	174.5662704543717	175.84686743720414	173.8881955758653	173.16214204116957	124.2707916384374	173.96571814467512	174.39238121394902	172.03627708472328	176.1877077932982	176.42144325734398	176.2396048744587	177.164606831567	173.16214204116957	175.35579016236372	124.79472307701336	175.57258570974247	176.05109674303188	132.7075526263749	124.8630070052623	124.83343757702805	124.85131898203348	131.99449229499416	124.2707916384374	124.79472307701336	234.25283319891247	125.52586265300447	124.7280288255177	172.4463767166817	176.9691490530876	177.19797140893797	177.02108917277576	177.7708642368712	173.96571814467512	175.57258570974247	125.52586265300447	176.8498827762665	176.83781117998038	173.1092354274899	177.42459144796203	177.64818997942166	177.47476889308797	178.39560725850595	174.39238121394902	176.05109674303188	124.7280288255177	176.83781117998038	177.43523978610352
169.69564623559265	170.07063071932237	170.4269290382053	170.12872100961684	169.88921347378403	170.01280981139857	169.62903525106455	134.7272742575267	169.1687389263164	168.8639536590016	170.07063071932237	173.09632057723525	173.43421502013015	173.1418518748915	173.24793615026152	173.0254166518747	172.58653650946616	125.79287954215022	172.44730433378933	171.26822907957148	170.4269290382053	173.43421502013015	173.91991814060378	173.48908713411154	173.60609303810736	173.37335749487087	172.94205627761582	125.60333610089984	172.81233086969098	171.66594961647496	170.12872100961684	173.1418518748915	173.48908713411154	173.2120809239299	173.30390781678793	173.08103701643034	172.6429840018147	125.77067904310344	172.50590902989765	171.3290535095144	169.88921347378403	173.24793615026152	173.60609303810736	173.30390781678793	174.02830918184122	173.18833426713132	172.75061508386187	127.32502648216871	172.56501730318877	171.48454230053258	170.01280981139857	173.0254166518747	173.37335749487087	173.08103701643034	173.18833426713132	173.02002447699172	172.52585490713594	125.76386569434678	172.38796889169274	171.2092841542754	169.62903525106455	172.58653650946616	172.94205627761582	172.6429840018147	172.75061508386187	172.52585490713594	172.31987153412143	125.75410078424603	171.93450896296812	170.71268536183015	134.7272742575267	125.79287954215022	125.60333610089984	125.77067904310344	127.32502648216871	125.76386569434678	125.75410078424603	217.32830266713455	127.20518576379156	123.13942138835577	169.1687389263164	172.44730433378933	172.81233086969098	172.50590902989765	172.56501730318877	172.38796889169274	171.93450896296812	127.20518576379156	172.3563333264263	170.5838754080139	168.8639536590016	171.26822907957148	171.66594961647496	171.3290535095144	171.48454230053258	171.2092841542754	170.71268536183015	123.13942138835577	170.5838754080139	171.28977252836432
182.24224712006793	182.24635415531645	187.03516948479242	182.2964444174151	182.33570224647784	180.7221576233606	181.8884980422819	129.26997503142013	181.9971230319903	183.13695774735965	182.24635415531645	182.77420942861923	187.4445418208995	182.81603517165127	182.8892721591416	181.2110651651518	182.39471095621312	128.17168245488838	182.54187405699835	183.30812484968587	187.03516948479242	187.4445418208995	194.20951917857974	187.47987516885652	187.758005154505	185.8733096556281	187.19410382567884	121.97374973069698	187.39929364312306	189.50319053974258	182.2964444174151	182.81603517165127	187.47987516885652	182.8864988843165	182.93870432215218	181.25982559500736	182.44404614360468	128.1277385821128	182.592821199629	183.35943165524682	182.33570224647784	182.8892721591416	187.758005154505	182.93870432215218	183.47180563097322	181.37696841064246	182.53019244780003	129.22123490276573	182.6457337289278	183.76255392872847	180.7221576233606	181.2110651651518	185.8733096556281	181.25982559500736	181.37696841064246	180.9913386691562	180.83589795714875	126.88425593057735	181.0169012114868	181.69588805697416	181.8884980422819	182.39471095621312	187.19410382567884	182.44404614360468	182.53019244780003	180.83589795714875	182.40889455622093	127.86825423006105	182.1703362915756	182.76754701422283	129.26997503142013	128.17168245488838	121.97374973069698	128.1277385821128	129.22123490276573	126.88425593057735	127.86825423006105	220.35513410166465	129.04133759541546	113.88769799215645	181.9971230319903	182.54187405699835	187.39929364312306	182.592821199629	182.6457337289278	181.0169012114868	182.1703362915756	129.04133759541546	182.67182708364348	183.21818840266909	183.13695774735965	183.30812484968587	189.50319053974258	183.35943165524682	183.76255392872847	181.69588805697416	182.76754701422283	113.88769799215645	183.21818840266909	188.84326966394903
174.1009808663944	174.10568249995018	174.50774252933573	174.97079700715136	173.85092105008354	170.76995225280135	174.08438043923456	138.31414873924382	173.8109068294973	173.40452956157506	174.10568249995018	174.18500456790593	174.57688793427045	175.0374278503101	173.92866676865654	170.8272421386607	174.1535156762887	138.06035587310342	173.8822993843262	173.4611730473464	174.50774252933573	174.57688793427045	175.13421798823538	175.42596184338976	174.34096428168635	171.2307625428649	174.55600783006707	137.85783530960242	174.29065233898407	173.89902282556162	174.97079700715136	175.0374278503101	175.42596184338976	176.11683853802091	174.8159464047083	171.67447837502658	175.01668126687818	137.27661974006054	174.76391768590076	174.34929678304434	173.85092105008354	173.92866676865654	174.34096428168635	174.8159464047083	174.1767292083082	170.71028905584214	173.90711355523695	140.39001180782688	173.61518577117786	173.29708331299773	170.76995225280135	170.8272421386607	171.2307625428649	171.67447837502658	170.71028905584214	170.4119462649113	170.80734185624863	134.66835291492575	170.57504624867636	170.07230134074823	174.08438043923456	174.1535156762887	174.55600783006707	175.01668126687818	173.90711355523695	170.80734185624863	174.14681403250412	138.05949144039946	173.86076768546437	173.4384592621213	138.31414873924382	138.06035587310342	137.85783530960242	137.27661974006054	140.39001180782688	134.66835291492575	138.05949144039946	181.39474258607405	138.76944508888172	134.76555907684622	173.8109068294973	173.8822993843262	174.29065233898407	174.76391768590076	173.61518577117786	170.57504624867636	173.86076768546437	138.76944508888172	173.77519079757954	173.175301946212	173.40452956157506	173.4611730473464	173.89902282556162	174.34929678304434	173.29708331299773	170.07230134074823	173.4384592621213	134.76555907684622	173.175301946212	173.88656139236056
184.900108525475	185.06423327300027	185.20851585479994	186.26022820286707	184.51556030876574	173.33932785280757	184.99341543449248	142.68296550703033	184.2078842800094	185.05282925484764	185.06423327300027	185.63146377362213	185.76739494343462	186.8026409691121	185.11776993352362	173.68950483653495	185.54937149948108	141.27126662258658	184.78749889568658	185.60980200476823	185.20851585479994	185.76739494343462	185.97053869650009	186.94136352241193	185.26546434514358	173.84407275620563	185.69542374349814	141.24957820976513	184.9376471696003	185.7554801700532	186.26022820286707	186.8026409691121	186.94136352241193	188.27391959535709	186.32364320351638	174.83223303494387	186.73257482578487	140.4872977471012	186.0209000726955	186.79111051115132	184.51556030876574	185.11776993352362	185.26546434514358	186.32364320351638	185.14870632533047	173.61623942185707	185.046672504872	143.38158540420656	184.24962984399696	185.10635212358096	173.33932785280757	173.68950483653495	173.84407275620563	174.83223303494387	173.61623942185707	171.74982909678567	173.6178549455603	130.6943064028247	173.13073457653513	173.68089892601517	184.99341543449248	185.54937149948108	185.69542374349814	186.73257482578487	185.046672504872	173.6178549455603	185.51638487846725	141.2173461142713	184.71411788715537	185.5371404265518	142.68296550703033	141.27126662258658	141.24957820976513	140.4872977471012	143.38158540420656	130.6943064028247	141.2173461142713	189.8111592168658	142.5094236842866	141.22686304555933	184.2078842800094	184.78749889568658	184.9376471696003	186.0209000726955	184.24962984399696	173.13073457653513	184.71411788715537	142.5094236842866	184.3656984758053	184.77537545917903	185.05282925484764	185.60980200476823	185.7554801700532	186.79111051115132	185.10635212358096	173.68089892601517	185.5371404265518	141.22686304555933	184.77537545917903	185.62051159085985
200.71575288564904	202.23024336403753	202.50994608288312	204.0726943767074	200.85688830625605	186.663762097129	198.8394961203856	140.07027412239142	201.3719792085535	202.2277052268321	202.23024336403753	206.33715619780037	206.60064732214556	207.88771950111493	205.4464987503142	189.6591433715211	202.19969910849284	134.3610170815338	205.62492235086629	206.32519834717704	202.50994608288312	206.60064732214556	207.14854878584106	208.11820795611948	205.7618151294759	189.97400429769962	202.6131022299898	134.1533551820901	205.9198297930761	206.59826193492026	204.0726943767074	207.88771950111493	208.11820795611948	210.2023578994856	207.12843506994017	191.29448161091995	204.13966909433452	133.0497612636935	207.34437590753853	207.88524977191642	200.85688830625605	205.4464987503142	205.7618151294759	207.12843506994017	205.99354133417603	189.77415760171823	201.52463197445405	137.43707744873078	204.67075657743237	205.44378476354444	186.663762097129	189.6591433715211	189.97400429769962	191.29448161091995	189.77415760171823	186.23432313611434	185.62498336727467	126.92746955603387	189.36162636400962	189.66233349641533	198.8394961203856	202.19969910849284	202.6131022299898	204.13966909433452	201.52463197445405	185.62498336727467	200.3818743932645	132.17178743985914	201.44008024624225	202.19519269262506	140.07027412239142	134.3610170815338	134.1533551820901	133.0497612636935	137.43707744873078	126.92746955603387	132.17178743985914	221.58771181063793	135.50116727918984	134.34788128477803	201.3719792085535	205.62492235086629	205.9198297930761	207.34437590753853	204.67075657743237	189.36162636400962	201.44008024624225	135.50116727918984	205.61517030526466	205.62240531797994	202.2277052268321	206.32519834717704	206.59826193492026	207.88524977191642	205.44378476354444	189.66233349641533	202.19519269262506	134.34788128477803	205.62240531797994	206.33422293962107
176.28797191719084	176.28191456849945	176.51831590645264	177.49191455636407	176.12849253624	172.17834282514772	176.2650915874015	134.51642898814674	175.6224024529461	176.27483627880855	176.28191456849945	176.39664881158916	176.61758138484393	177.58628773143693	176.23862379202265	172.2535396045801	176.36371992345494	134.0515355324337	175.7288637735501	176.3732338462484	176.51831590645264	176.61758138484393	176.9447459595337	177.8124302596476	176.47769820149347	172.49598589031623	176.6010231453364	134.036142733606	175.97314436761266	176.61070199806832	177.49191455636407	177.58628773143693	177.8124302596476	179.09372828335592	177.46543772916465	173.44307393134952	177.57017794121455	133.15791510919993	176.99333327759624	177.57968158607963	176.12849253624	176.23862379202265	176.47769820149347	177.46543772916465	176.49247777721868	172.23311399966755	176.22129987257767	136.01570673433795	175.55169583915745	176.2316294822958	172.17834282514772	172.2535396045801	172.49598589031623	173.44307393134952	172.23311399966755	171.6216080686004	172.23979169292565	130.0061738639678	171.71041378722418	172.24880807229064	176.2650915874015	176.36371992345494	176.6010231453364	177.57017794121455	176.22129987257767	172.23979169292565	176.36062693081823	134.06160068058722	175.7115317399065	176.3564852624578	134.51642898814674	134.0515355324337	134.036142733606	133.15791510919993	136.01570673433795	130.0061738639678	134.06160068058722	175.55466640703003	135.67166333232237	134.01149949752073	175.6224024529461	175.7288637735501	175.97314436761266	176.99333327759624	175.55169583915745	171.71041378722418	175.7115317399065	135.67166333232237	175.50009335684513	175.72151754751886	176.27483627880855	176.3732338462484	176.61070199806832	177.57968158607963	176.2316294822958	172.24880807229064	176.3564852624578	134.01149949752073	175.72151754751886	176.3926096485064
166.47205279613004	166.42222726822342	167.63434423975536	166.98036984604457	168.42214116862652	166.44488251322227	164.64409145292385	151.70358204494423	166.57046222946042	166.44606666755516	166.42222726822342	166.4444936775974	167.60128118984284	166.94230866632944	168.4115029305921	166.40661645877537	164.5990503108643	151.64164713693566	166.53798179784238	166.4076642741636	167.63434423975536	167.60128118984284	169.7656114838114	168.05869384649822	169.84991891012112	167.6191790952938	166.14069261023906	152.3189046271703	167.93935697527104	167.62371880709364	166.98036984604457	166.94230866632944	168.05869384649822	167.86121444383684	169.09193747090956	166.96428378744457	165.23475727401578	151.76698379778878	167.25755766860013	166.96544614739986	168.42214116862652	168.4115029305921	169.84991891012112	169.09193747090956	171.8500012751987	168.41401477559666	166.944237065787	155.85091776569922	168.02498648390664	168.42188748092804	166.44488251322227	166.40661645877537	167.6191790952938	166.96428378744457	168.41401477559666	166.44627940277232	164.62692279232414	151.67995499711358	166.55787785607595	166.43054610925066	164.64409145292385	164.5990503108643	166.14069261023906	165.23475727401578	166.944237065787	164.62692279232414	164.15671630757225	149.84478183171595	164.73163686752343	164.6236221153812	151.70358204494423	151.64164713693566	152.3189046271703	151.76698379778878	155.85091776569922	151.67995499711358	149.84478183171595	175.48025670650387	152.9259334764524	151.66163600469696	166.57046222946042	166.53798179784238	167.93935697527104	167.25755766860013	168.02498648390664	166.55787785607595	164.73163686752343	152.9259334764524	167.718075880416	166.56017200322916	166.44606666755516	166.4076642741636	167.62371880709364	166.96544614739986	168.42188748092804	166.43054610925066	164.6236221153812	151.66163600469696	166.56017200322916	166.46102078145222
192.24760488403592	192.47372257847326	193.62395232811414	197.433315911053	192.6721265861529	191.8498561177088	190.33718802867938	130.50115898374435	194.38601771306494	191.90026760089793	192.47372257847326	204.4954276009994	199.10014704887374	202.10746887335952	202.72333831033765	194.39349082679345	193.82985773474059	129.23920474429752	199.68165892287766	194.44631147683208	193.62395232811414	199.10014704887374	204.331092849286	202.97787668933108	203.0739064068065	198.5957793146729	198.18881713979846	127.78107298411354	202.5305058941151	198.64250175541756	197.433315911053	202.10746887335952	202.97787668933108	210.3572870860412	204.35747047281865	201.0505878014287	200.17954184759117	128.04594697234086	208.2940064330739	201.0939098831595	192.6721265861529	202.72333831033765	203.0739064068065	204.35747047281865	209.5490707550662	198.35897703737976	198.61625164175592	136.4390858762631	200.72779341371916	198.4011979775681	191.8498561177088	194.39349082679345	198.5957793146729	201.0505878014287	198.35897703737976	197.5060838182581	193.20465020554477	126.22625176197583	199.8619558856894	197.51008811795097	190.33718802867938	193.82985773474059	198.18881713979846	200.17954184759117	198.61625164175592	193.20465020554477	197.42159383226993	125.6127207342748	197.52056151167514	193.24583493415093	130.50115898374435	129.23920474429752	127.78107298411354	128.04594697234086	136.4390858762631	126.22625176197583	125.6127207342748	245.33614981007523	133.13512584335524	126.22088965410144	194.38601771306494	199.68165892287766	202.5305058941151	208.2940064330739	200.72779341371916	199.8619558856894	197.52056151167514	133.13512584335524	210.82794389590785	199.9003555699708	191.90026760089793	194.44631147683208	198.64250175541756	201.0939098831595	198.4011979775681	197.51008811795097	193.24583493415093	126.22088965410144	199.9003555699708	197.56547797548146
183.3701302837062	184.2412463466652	185.85754326071458	185.06124415937614	183.19183078297834	184.9312981519924	178.94399317403997	132.2667955261845	184.93630975468935	184.95164539601004	184.2412463466652	190.20194067932604	190.81520519087724	189.87063098457136	191.1081784373652	189.76115474777168	182.76228127759504	127.74068565090533	189.77177915294249	189.7790561249049	185.85754326071458	190.81520519087724	193.76111849611107	191.7153846280592	193.15022081049142	191.62155229124673	185.83977111061478	127.25632321753817	191.63346381408388	191.6413863739407	185.06124415937614	189.87063098457136	191.7153846280592	190.98981995892893	191.6059729433844	190.82683826861046	183.97493531554204	127.33478084237495	190.8379016598907	190.84507872869915	183.19183078297834	191.1081784373652	193.15022081049142	191.6059729433844	197.0807039886813	191.4752788983247	185.3904771074134	138.39784531711226	191.47414482835478	191.4937576006432	184.9312981519924	189.76115474777168	191.62155229124673	190.82683826861046	191.4752788983247	190.73999630503874	183.82529872906008	127.38966288163732	190.73725512310617	190.7446160735104	178.94399317403997	182.76228127759504	185.83977111061478	183.97493531554204	185.3904771074134	183.82529872906008	180.99122648638897	126.7594271393814	183.82964901960665	183.83676105421725	132.2667955261845	127.74068565090533	127.25632321753817	127.33478084237495	138.39784531711226	127.38966288163732	126.7594271393814	237.50675786643257	127.41443389447052	127.3747850140614	184.93630975468935	189.77177915294249	191.63346381408388	190.8379016598907	191.47414482835478	190.73725512310617	183.82964901960665	127.41443389447052	190.76610437024672	190.75544659376607	184.95164539601004	189.7790561249049	191.6413863739407	190.84507872869915	191.4937576006432	190.7446160735104	183.83676105421725	127.3747850140614	190.75544659376607	190.7815640146398
186.73450344607866	187.22787525170384	188.35470570580515	189.60438692496535	187.0970823265037	187.60280705469236	183.0644724396178	130.85575110397713	187.62982232176577	187.6369274229017	187.22787525170384	192.9733498250423	193.27751700554217	193.9539440590218	194.33496140511267	192.48598492743147	186.2746075217536	124.38907849513167	192.520344164279	192.52036871525772	188.35470570580515	193.27751700554217	195.8480577290973	195.20349113756473	195.90842422214337	193.9859112817433	188.74748622109448	124.03684583205023	194.0199391590509	194.0201050349943	189.60438692496535	193.9539440590218	195.20349113756473	197.05745008503536	196.44458444459383	194.64139143234897	189.30896001244133	123.25498546453039	194.67836719353377	194.67534534988815	187.0970823265037	194.33496140511267	195.90842422214337	196.44458444459383	200.02575375696054	194.71453273771388	189.34658646394917	131.934693320774	194.73889773455707	194.74515315607715	187.60280705469236	192.48598492743147	193.9859112817433	194.64139143234897	194.71453273771388	193.3291591589539	187.10118090868127	124.42742405319923	193.336085361291	193.33649598408113	183.0644724396178	186.2746075217536	188.74748622109448	189.30896001244133	189.34658646394917	187.10118090868127	185.6132796318007	122.68208825152188	187.13067299599098	187.13035589247505	130.85575110397713	124.38907849513167	124.03684583205023	123.25498546453039	131.934693320774	124.42742405319923	122.68208825152188	233.94916033952993	124.45508093159536	124.42484341142539	187.62982232176577	192.520344164279	194.0199391590509	194.67836719353377	194.73889773455707	193.336085361291	187.13067299599098	124.45508093159536	193.38605012682086	193.36991621705246	187.6369274229017	192.52036871525772	194.0201050349943	194.67534534988815	194.74515315607715	193.33649598408113	187.13035589247505	124.42484341142539	193.36991621705246	193.38041637781762
167.24176612623637	163.41402414029125	163.3989796101757	164.86107072261416	163.5148680979687	163.42613609976752	160.51314235711894	161.78958752723423	163.45768361555065	163.16797908109524	163.41402414029125	162.05555897316665	161.8074555750896	162.06171353126092	162.1717408750107	162.03996647609137	157.51644714306366	160.19772837563187	162.07886866819103	161.51035559281502	163.3989796101757	161.8074555750896	163.4500547806635	161.05808379488963	161.9893743079211	161.83730850230685	158.19866933935714	159.93476480531712	161.87994705120954	161.3939957555075	164.86107072261416	162.06171353126092	161.05808379488963	163.780136312796	162.25143315217414	162.09090701563431	158.43754262473783	160.05245049860687	162.15188643443986	161.52900766596287	163.5148680979687	162.1717408750107	161.9893743079211	162.25143315217414	162.43811903092325	162.20234983965946	157.72193378911874	160.36483666726429	162.24087855670098	161.68181517486732	163.42613609976752	162.03996647609137	161.83730850230685	162.09090701563431	162.20234983965946	162.07829632678585	157.55251415976204	160.22972379748964	162.10995675685038	161.54375287898492	160.51314235711894	157.51644714306366	158.19866933935714	158.43754262473783	157.72193378911874	157.55251415976204	157.05442947153753	155.6674885661941	157.59805233145894	156.79929485319246	161.78958752723423	160.19772837563187	159.93476480531712	160.05245049860687	160.36483666726429	160.22972379748964	155.6674885661941	162.7580637307913	160.26917614623775	159.66432734786576	163.45768361555065	162.07886866819103	161.87994705120954	162.15188643443986	162.24087855670098	162.10995675685038	157.59805233145894	160.26917614623775	162.18630352916068	161.58381536118097	163.16797908109524	161.51035559281502	161.3939957555075	161.52900766596287	161.68181517486732	161.54375287898492	156.79929485319246	159.66432734786576	161.58381536118097	161.8079445129179
