88.03787741280527	68.8438105803573	70.40037631004424	29.66442261943781	70.57576299192948	72.80364054985965	72.16087835409145	68.8438105803573	80.02898371782076	78.5190215318713	47.88552015200385	77.95171387193504	79.08597415406915	75.06821161345378	70.40037631004424	78.5190215318713	92.37703737540258	36.85445751693819	91.84748282135736	93.659827536429	89.2708795822692	29.66442261943781	47.88552015200385	36.85445751693819	106.71642768209807	36.86003985967282	36.33000191535555	37.270143446135314	70.57576299192948	77.95171387193504	91.84748282135736	36.86003985967282	92.14907739408048	93.39877593991072	89.46847560370588	72.80364054985965	79.08597415406915	93.659827536429	36.33000191535555	93.39877593991072	95.51528781140415	90.65147359848287	72.16087835409145	75.06821161345378	89.2708795822692	37.270143446135314	89.46847560370588	90.65147359848287	89.61363655816815
62.60270122814401	62.02239675473694	59.95569714762193	60.14759676001566	60.217147799489524	61.09432742754877	60.22866243215152	62.02239675473694	70.04071345534507	62.95670850505305	62.482331276992866	62.524640464334844	63.095552417498546	62.504696437127876	59.95569714762193	62.95670850505305	62.19474209184711	61.739830955227305	61.81102008989585	62.92949619450337	61.81682641925377	60.14759676001566	62.482331276992866	61.739830955227305	62.080769133510536	61.966489557853095	62.706741909487086	61.97066295214936	60.217147799489524	62.524640464334844	61.81102008989585	61.966489557853095	62.04453429547157	62.782583127906626	62.04248757301143	61.09432742754877	63.095552417498546	62.92949619450337	62.706741909487086	62.782583127906626	64.11297558753165	62.78353190947947	60.22866243215152	62.504696437127876	61.81682641925377	61.97066295214936	62.04248757301143	62.78353190947947	62.07956139976844
81.43530752931487	72.01080928860168	79.02909581835168	30.51001960398709	80.09435591800084	81.15612635842399	80.1045664385345	72.01080928860168	76.48067641754115	73.20271313132052	46.465274138923974	72.52332553169664	73.51467921048167	72.52036114215538	79.02909581835168	73.20271313132052	80.98688477061089	31.32194402901814	80.84125732610264	82.48123517559844	80.85192755858826	30.51001960398709	46.465274138923974	31.32194402901814	108.74250214009389	31.147629389990147	30.91581628063585	31.155224730559556	80.09435591800084	72.52332553169664	80.84125732610264	31.147629389990147	81.89439876923704	82.87843119344716	81.88286481732932	81.15612635842399	73.51467921048167	82.48123517559844	30.91581628063585	82.87843119344716	84.58340940354461	82.88252414688628	80.1045664385345	72.52036114215538	80.85192755858826	31.155224730559556	81.88286481732932	82.88252414688628	81.89741847934813
82.55800369349807	71.49617943946328	78.95046972880716	29.720066533755165	80.92799686297478	81.47920521471154	80.93229238702558	71.49617943946328	76.58960291020014	73.05864614055736	46.43767710765502	72.15204789402189	73.18333060105714	72.14666754295946	78.95046972880716	73.05864614055736	81.09748423865612	30.86143324974011	81.22310976233109	82.61460928533114	81.22849726210187	29.720066533755165	46.43767710765502	30.86143324974011	109.80182007469227	30.465627733731594	30.326126629144426	30.47260476659	80.92799686297478	72.15204789402189	81.22310976233109	30.465627733731594	83.13594077090755	83.62775063277822	83.12709790265725	81.47920521471154	73.18333060105714	82.61460928533114	30.326126629144426	83.62775063277822	84.90960256223904	83.62822879741255	80.93229238702558	72.14666754295946	81.22849726210187	30.47260476659	83.12709790265725	83.62822879741255	83.13847758539895
82.04808705579343	71.33821400894425	77.67078173743306	29.681346994284837	79.17329094540078	79.8835559174532	79.18109846731879	71.33821400894425	76.251081929148	72.96662420291364	46.54377125106785	72.5447525540364	73.2152534051216	72.53948664664351	77.67078173743306	72.96662420291364	81.5353481082542	31.335848516833593	81.87906586575146	82.95084973809745	81.88473911869522	29.681346994284837	46.54377125106785	31.335848516833593	109.88812550960947	31.01956887747865	30.851843629469837	31.02557365071143	79.17329094540078	72.5447525540364	81.87906586575146	31.01956887747865	83.2794407091733	83.88940290772051	83.27093363529707	79.8835559174532	73.2152534051216	82.95084973809745	30.851843629469837	83.88940290772051	84.99481077488252	83.8907320418697	79.18109846731879	72.53948664664351	81.88473911869522	31.02557365071143	83.27093363529707	83.8907320418697	83.28289813306469
77.09428914015203	68.48638265474723	67.56154611895751	30.10048850982841	67.65807124866008	67.8747130522197	67.83721093802062	68.48638265474723	76.4654776493216	74.56790230437261	47.56460577112569	74.56810461794102	74.6266241557096	74.34322253350315	67.56154611895751	74.56790230437261	87.77969060073232	35.13784804213259	87.81414496664362	87.94531355106392	87.64376742357204	30.10048850982841	47.56460577112569	35.13784804213259	110.16283087181424	35.11214622133807	35.05866921287527	35.14776310658224	67.65807124866008	74.56810461794102	87.81414496664362	35.11214622133807	87.88776318100591	88.01013305598828	87.70956105983609	67.8747130522197	74.6266241557096	87.94531355106392	35.05866921287527	88.01013305598828	88.18055950810457	87.83768684535787	67.83721093802062	74.34322253350315	87.64376742357204	35.14776310658224	87.70956105983609	87.83768684535787	87.7668036962207
80.08638229750713	68.83411208438386	68.8351341123697	29.443865095091695	69.00165247515783	69.70137738962939	69.47921482731256	68.83411208438386	77.1449076602341	75.52496943532994	47.228972073506604	75.51836612709444	75.72794092209494	74.81195037187436	68.8351341123697	75.52496943532994	88.45931067159746	35.38800601920216	88.50353794619147	88.93414503298632	87.92656850179591	29.443865095091695	47.228972073506604	35.38800601920216	109.73206265891267	35.351173975790104	35.18142386950046	35.47996387506283	69.00165247515783	75.51836612709444	88.50353794619147	35.351173975790104	88.61886575273162	89.03094191533965	88.03197456133974	69.70137738962939	75.72794092209494	88.93414503298632	35.18142386950046	89.03094191533965	89.59416668292273	88.43863057350534	69.47921482731256	74.81195037187436	87.92656850179591	35.47996387506283	88.03197456133974	88.43863057350534	88.15287764129526
75.29683913400198	69.77161282061185	73.82595628638133	39.278387288742955	74.0467634739648	75.35113313997651	74.05295156509793	69.77161282061185	74.52698063129532	70.34738079548869	50.64990498677232	70.16166250004483	70.80242522243331	70.15435092326531	73.82595628638133	70.34738079548869	75.31877525862724	40.01795495072093	75.22765133359933	76.62894117397924	75.23235489825807	39.278387288742955	50.64990498677232	40.01795495072093	94.80512514441361	40.04937762299625	40.080244614298735	40.05664251032978	74.0467634739648	70.16166250004483	75.22765133359933	40.04937762299625	75.44925817080143	76.67355730550267	75.44326333048132	75.35113313997651	70.80242522243331	76.62894117397924	40.080244614298735	76.67355730550267	78.35122387029061	76.67466743354683	74.05295156509793	70.15435092326531	75.23235489825807	40.05664251032978	75.44326333048132	76.67466743354683	75.45774107944736
63.28846822932745	62.6556510250935	61.23327502465541	58.6826388289929	61.70610924450056	62.41880994942123	61.71286074613236	62.6556510250935	70.95473368898652	63.626953413340075	61.28778003015349	62.96470081227397	63.62877012399948	62.953767480335024	61.23327502465541	63.626953413340075	62.977573596098196	59.47323696011497	62.50745228922351	63.6681397607002	62.513134148889385	58.6826388289929	61.28778003015349	59.47323696011497	64.58797630740843	59.865925525079376	60.41822696161465	59.87053526383314	61.70610924450056	62.96470081227397	62.50745228922351	59.865925525079376	62.95199206180118	63.586465852498144	62.94881180247577	62.41880994942123	63.62877012399948	63.6681397607002	60.41822696161465	63.586465852498144	64.8629104485624	63.58827657394345	61.71286074613236	62.953767480335024	62.513134148889385	59.87053526383314	62.94881180247577	63.58827657394345	62.970637285601555
63.409161492825554	62.84549052813774	62.00655316918795	58.03466204093469	62.785518475674344	63.255037697558414	62.79209936075183	62.84549052813774	70.40849829952268	63.60703682181404	60.252927602901835	63.009757340162636	63.628920488676364	63.00685366635775	62.00655316918795	63.60703682181404	62.8497894054922	57.84002702163514	62.52705652786538	63.529593249632235	62.53578299610037	58.03466204093469	60.252927602901835	57.84002702163514	65.86934211801815	58.50033314146983	58.85085810455836	58.50660804028413	62.785518475674344	63.009757340162636	62.52705652786538	58.50033314146983	63.28920156499306	63.72945565184723	63.28314168974892	63.255037697558414	63.628920488676364	63.529593249632235	58.85085810455836	63.72945565184723	64.75677479881978	63.73336850559329	62.79209936075183	63.00685366635775	62.53578299610037	58.50660804028413	63.28314168974892	63.73336850559329	63.297785606552246
81.36690329156812	72.03591771436467	79.3847494957659	30.577774166094883	80.89312767701112	81.6279728825678	80.90551260037385	72.03591771436467	76.3721210131397	72.9349352460283	46.052565032348035	72.21735086099704	73.18553020395967	72.21776079170607	79.3847494957659	72.9349352460283	79.95063938805264	30.984861849227542	79.98542962220239	81.4474791673461	80.00264228745293	30.577774166094883	46.052565032348035	30.984861849227542	108.73160054992546	30.802898269812466	30.62209062281047	30.812708748061496	80.89312767701112	72.21735086099704	79.98542962220239	30.802898269812466	81.50454167236046	82.20065295027118	81.48965253109152	81.6279728825678	73.18553020395967	81.4474791673461	30.62209062281047	82.20065295027118	83.62746750270941	82.20847750272978	80.90551260037385	72.21776079170607	80.00264228745293	30.812708748061496	81.48965253109152	82.20847750272978	81.50729131695748
82.56604623161498	71.87793574381983	79.483966239767	29.74983967932993	81.12216339093725	81.941281608208	81.13277597614379	71.87793574381983	77.09938067166198	73.76072503748813	46.328839108960814	72.42506087529819	73.85388917781792	72.42351306625413	79.483966239767	73.76072503748813	81.94153503423139	30.715751711748247	81.42793120188578	83.39391056238503	81.4406882160758	29.74983967932993	46.328839108960814	30.715751711748247	109.76024481300853	30.403291532834956	30.200665627179905	30.411971319029192	81.12216339093725	72.42506087529819	81.42793120188578	30.403291532834956	83.04934250648064	83.78483502077744	83.03308902261186	81.941281608208	73.85388917781792	83.39391056238503	30.200665627179905	83.78483502077744	85.61461222253374	83.78874377101106	81.13277597614379	72.42351306625413	81.4406882160758	30.411971319029192	83.03308902261186	83.78874377101106	83.04718233205541
73.18739928638445	61.84760427471847	54.15533497621017	53.5061746088777	53.72982903766315	55.96726533061049	53.749143175942734	61.84760427471847	81.80430068892727	74.63902188872018	62.37845995946606	62.526435163680254	71.66516964911841	62.516579294593555	54.15533497621017	74.63902188872018	78.07980091445104	65.85910519221193	66.15264853524427	75.53121045080607	66.14744426505014	53.5061746088777	62.37845995946606	65.85910519221193	67.59336289491836	67.20856594963237	66.78489240477106	67.20547040958127	53.72982903766315	62.526435163680254	66.15264853524427	67.20856594963237	67.52443937553065	67.0963262266108	67.50159510984378	55.96726533061049	71.66516964911841	75.53121045080607	66.78489240477106	67.0963262266108	74.38762942914268	67.08544747865692	53.749143175942734	62.516579294593555	66.14744426505014	67.20547040958127	67.50159510984378	67.08544747865692	67.50523737879716
89.77398451172628	57.46662064069508	55.45292452919675	44.51595186549785	44.54443250705938	54.02041526917431	61.54991521367076	57.46662064069508	86.01214459662938	77.18664519692781	64.91247305392903	64.95012303551356	74.43246005341643	59.96399227060558	55.45292452919675	77.18664519692781	80.9146651043497	65.3289153317491	65.39086565777615	77.49723434525733	66.27393166359376	44.51595186549785	64.91247305392903	65.3289153317491	72.40680497700131	72.3356168574824	68.02116317296765	63.01768451523171	44.54443250705938	64.95012303551356	65.39086565777615	72.3356168574824	72.41310838673512	68.09037345803166	63.07133833932027	54.02041526917431	74.43246005341643	77.49723434525733	68.02116317296765	68.09037345803166	76.24657552962664	65.76093477583579	61.54991521367076	59.96399227060558	66.27393166359376	63.01768451523171	63.07133833932027	65.76093477583579	71.20063451478073
61.82682909892668	62.06084309130357	61.14726645204737	61.7910305996146	61.440992987719014	62.328671306491	61.898407223963446	62.06084309130357	83.72917268883768	76.05726525352745	62.04388587609558	62.63511856912074	72.88751859038783	61.72474356361456	61.14726645204737	76.05726525352745	76.08888883768225	61.117014037070234	61.37377686827852	73.29658052056313	61.837210521313615	61.7910305996146	62.04388587609558	61.117014037070234	61.84233031901496	61.41071551884746	62.296538734124425	61.86824283359049	61.440992987719014	62.63511856912074	61.37377686827852	61.41071551884746	62.47227193265834	62.852667380408	61.647319976067685	62.328671306491	72.88751859038783	73.29658052056313	62.296538734124425	62.852667380408	72.10827219573932	62.78295791503513	61.898407223963446	61.72474356361456	61.837210521313615	61.86824283359049	61.647319976067685	62.78295791503513	63.23899623318704
61.22399251848792	61.52853574541958	61.142661648555205	61.17139578081085	61.16064905488734	62.263404524758215	61.22539106586401	61.52853574541958	63.52419750262728	61.50688997733502	61.4880887269502	61.48636443966319	62.42924413721357	61.5321626322556	61.142661648555205	61.50688997733502	61.25484614976763	61.09722723306242	61.084552805413985	62.327412437136644	61.152256268758165	61.17139578081085	61.4880887269502	61.09722723306242	61.242359550620854	61.115487546994316	62.21726492444686	61.18034553417332	61.16064905488734	61.48636443966319	61.084552805413985	61.115487546994316	61.24716919007659	62.25234353326797	61.169921252844865	62.263404524758215	62.42924413721357	62.327412437136644	62.21726492444686	62.25234353326797	63.75136684473807	62.26901445489702	61.22539106586401	61.5321626322556	61.152256268758165	61.18034553417332	61.169921252844865	62.26901445489702	61.256638024292364
84.86176695264248	49.470570800524875	49.46258759852182	49.464340465150414	43.74175912612832	49.38658122916709	60.5253203634385	49.470570800524875	71.22938656696557	70.76584638491036	71.2159633557203	65.86536170460458	70.08932236307196	61.90873065217108	49.46258759852182	70.76584638491036	71.4067389584961	70.76150155499288	66.51977319755142	70.77366450573902	62.763013367329336	49.464340465150414	71.2159633557203	70.76150155499288	71.22272410588663	65.86215427161058	70.08528911655046	61.91016286716694	43.74175912612832	65.86536170460458	66.51977319755142	65.86215427161058	85.8498819374047	72.94142455802996	68.0085498021066	49.38658122916709	70.08932236307196	70.77366450573902	70.08528911655046	72.94142455802996	72.70011337538362	64.56483613564433	60.5253203634385	61.90873065217108	62.763013367329336	61.91016286716694	68.0085498021066	64.56483613564433	69.71169494601364
84.8618132125267	49.46853303409292	49.46535438352295	49.461730055032845	43.74565567536467	49.38986131527125	60.52944975060469	49.46853303409292	71.05725418580595	71.00826815640039	71.04308074507298	66.11357284138285	70.34833248447538	62.230741680560435	49.46535438352295	71.00826815640039	71.06707209824927	71.00282351828501	66.17407751455347	70.41135364328757	62.31193348277965	49.461730055032845	71.04308074507298	71.00282351828501	71.05096502913277	66.10935621925121	70.34318114551428	62.23138163539558	43.74565567536467	66.11357284138285	66.17407751455347	66.10935621925121	85.49336405876466	72.5712543400012	67.54727513623271	49.38986131527125	70.34833248447538	70.41135364328757	70.34318114551428	72.5712543400012	72.31321373380803	64.08303091737486	60.52944975060469	62.230741680560435	62.31193348277965	62.23138163539558	67.54727513623271	64.08303091737486	69.1119461681369
84.59107552234768	49.34969565161084	49.34232362297699	49.32389686322852	44.44132014594538	49.506759361665765	60.681413428582665	49.34969565161084	70.87036092203287	70.84620004978854	70.82041929167205	66.79969395480774	70.43696695277582	62.465291738835255	49.34232362297699	70.84620004978854	70.85332894819159	70.82045100908347	66.80606866445835	70.44451092145756	62.48225344652271	49.32389686322852	70.82041929167205	70.82045100908347	70.85440713297254	66.77764764327301	70.41172764288088	62.46049079528555	44.44132014594538	66.79969395480774	66.80606866445835	66.77764764327301	82.459377574401	72.07791509160195	66.69132383909141	49.506759361665765	70.43696695277582	70.44451092145756	70.41172764288088	72.07791509160195	72.17132059119731	63.938423294487656	60.681413428582665	62.465291738835255	62.48225344652271	62.46049079528555	66.69132383909141	63.938423294487656	68.81972906184293
61.42874515711526	61.42887943702371	61.37255449104643	60.27368674608866	61.26809055883455	62.42481740350119	61.425710376609096	61.42887943702371	61.479590932328165	61.38615993719249	60.28965427503326	61.28202141707186	62.43360818020554	61.43859117024005	61.37255449104643	61.38615993719249	61.41256487796093	60.22462692788134	61.220980168450694	62.440538990704034	61.38264625951129	60.27368674608866	60.28965427503326	60.22462692788134	61.81673412083167	60.11807602819855	61.28220757384777	60.28463714093314	61.26809055883455	61.28202141707186	61.220980168450694	60.11807602819855	61.427750741070895	62.372290981180754	61.278587133442784	62.42481740350119	62.43360818020554	62.440538990704034	61.28220757384777	62.372290981180754	63.79177861197641	62.43203734467512	61.425710376609096	61.43859117024005	61.38264625951129	60.28463714093314	61.278587133442784	62.43203734467512	61.448049704354304
61.41401695152731	62.027704008846506	61.230094654911284	61.37289742426006	61.09910980325894	62.24501631564205	61.41228383436629	62.027704008846506	66.92353908747494	62.20711132993264	62.00268083590332	61.90177406004058	62.72111084682315	62.02419619545042	61.230094654911284	62.20711132993264	61.58110240001695	61.19656209372618	60.89352375570748	62.425931437279765	61.237229431137884	61.37289742426006	62.00268083590332	61.19656209372618	61.43025480384162	61.06583442151911	62.21028731140411	61.37902419940503	61.09910980325894	61.90177406004058	60.89352375570748	61.06583442151911	61.58646353000625	62.16342545171191	61.10662130819512	62.24501631564205	62.72111084682315	62.425931437279765	62.21028731140411	62.16342545171191	63.75148677781281	62.249817220654954	61.41228383436629	62.02419619545042	61.237229431137884	61.37902419940503	61.10662130819512	62.249817220654954	61.43575617750181
62.25601864979805	62.26468841801461	61.79365188355057	61.99637486283045	60.45026981569481	62.46405011332948	62.18402516476435	62.26468841801461	64.38102781749596	62.4655181911116	62.02796935703256	60.7363609804511	62.947774064332755	61.8270168497836	61.79365188355057	62.4655181911116	64.87016124115308	61.513849000888406	60.36362984728183	64.78382684600567	63.13246674242568	61.99637486283045	62.02796935703256	61.513849000888406	62.38295592194988	60.18928437294802	62.17925765846545	61.96025849704164	60.45026981569481	60.7363609804511	60.36362984728183	60.18928437294802	65.47442225577221	63.06942658842076	62.49506397135636	62.46405011332948	62.947774064332755	64.78382684600567	62.17925765846545	63.06942658842076	65.95777666370903	63.604909659241464	62.18402516476435	61.8270168497836	63.13246674242568	61.96025849704164	62.49506397135636	63.604909659241464	66.31676753499686
63.2024312388219	62.4376746648378	60.3225154881907	63.19146504256712	57.026336924965285	60.362340204099816	60.24708195055416	62.4376746648378	68.4028109574225	64.68607353555186	62.43414014159808	59.915146563640036	64.28019334085022	60.71338106789934	60.3225154881907	64.68607353555186	72.33559789139494	60.31698601233211	64.92461990254141	71.53319245986052	68.16601354473843	63.19146504256712	62.43414014159808	60.31698601233211	63.204438248304555	57.022093007580935	60.3566860392359	60.241383518635125	57.026336924965285	59.915146563640036	64.92461990254141	57.022093007580935	77.25714251524353	69.82382563324155	69.68848211285896	60.362340204099816	64.28019334085022	71.53319245986052	60.3566860392359	69.82382563324155	72.87473664941523	69.16869320430378	60.24708195055416	60.71338106789934	68.16601354473843	60.241383518635125	69.68848211285896	69.16869320430378	73.64470870111606
64.15487184966462	61.12481058529683	58.01191889946611	64.14330397057832	53.70217733571262	57.72080744927918	58.4905815982643	61.12481058529683	75.47790322025376	70.89734914085713	61.12066708453612	64.71012557010472	70.1064447237633	62.259641635342774	58.01191889946611	70.89734914085713	80.22078785157697	58.00515193736816	73.1824497844898	79.60751531793906	72.35888356648745	64.14330397057832	61.12066708453612	58.00515193736816	64.15760242552638	53.696581646125935	57.713831560195786	58.48376251683642	53.70217733571262	64.71012557010472	73.1824497844898	53.696581646125935	88.96552980312725	79.2055439689367	75.91935436311404	57.72080744927918	70.1064447237633	79.60751531793906	57.713831560195786	79.2055439689367	81.42675624038571	74.0118666505159	58.4905815982643	62.259641635342774	72.35888356648745	58.48376251683642	75.91935436311404	74.0118666505159	77.49923868688956
63.26162986210329	62.69507881942556	60.398961272128375	63.25127670047065	56.85236290125437	60.36176641837064	60.11532138786902	62.69507881942556	66.7749295877059	63.44543532274348	62.692498646360676	58.95661367741997	63.12424597189292	60.50656772136897	60.398961272128375	63.44543532274348	71.58060107857088	60.39459270159131	64.56361589149857	70.89770678891222	68.23488227447788	63.25127670047065	62.692498646360676	60.39459270159131	63.263073034997035	56.849195637665034	60.35729027486927	60.110393501244864	56.85236290125437	58.95661367741997	64.56361589149857	56.849195637665034	77.7495590621093	69.72252380092198	70.0947042099945	60.36176641837064	63.12424597189292	70.89770678891222	60.35729027486927	69.72252380092198	72.40151159428353	69.33977473326274	60.11532138786902	60.50656772136897	68.23488227447788	60.110393501244864	70.0947042099945	69.33977473326274	73.91683951384489
61.015466524080054	61.02692086863908	60.85612065489786	60.96332758717268	60.81529655274131	61.91447884040188	61.02388387384764	61.02692086863908	61.125070358337524	60.87804237482716	60.981774131335214	60.835604847516095	61.92715012495512	61.041656357560036	60.85612065489786	60.87804237482716	60.947010396056875	60.81013754315393	60.64730253619195	61.93311835388359	60.87355292094855	60.96332758717268	60.981774131335214	60.81013754315393	61.03275463175573	60.769653166635706	61.868378808747714	60.97862272711653	60.81529655274131	60.835604847516095	60.64730253619195	60.769653166635706	61.01227200238432	61.83350560512361	60.83265406625342	61.91447884040188	61.92715012495512	61.93311835388359	61.868378808747714	61.83350560512361	63.26303750490598	61.924629028332355	61.02388387384764	61.041656357560036	60.87355292094855	60.97862272711653	60.83265406625342	61.924629028332355	61.08069131749065
62.92731569614888	62.83407790493176	62.145627269898135	62.90944774914469	58.011390385271035	61.932358609635145	61.71704914877048	62.83407790493176	64.78752169429481	62.74988909605629	62.82281263192669	58.64655470350012	62.50027556958313	61.388543435958425	62.145627269898135	62.74988909605629	65.38783743266183	62.132264343455276	59.37187975417632	64.8562436768488	63.27853414717798	62.90944774914469	62.82281263192669	62.132264343455276	62.932970069728135	57.999476623808015	61.91862112223324	61.705753338244705	58.011390385271035	58.64655470350012	59.37187975417632	57.999476623808015	73.09021750998686	64.82476797318317	64.18672976714358	61.932358609635145	62.50027556958313	64.8562436768488	61.91862112223324	64.82476797318317	66.61408578208945	64.18736149639142	61.71704914877048	61.388543435958425	63.27853414717798	61.705753338244705	64.18672976714358	64.18736149639142	67.38036122171712
62.6096342279649	62.51053848966707	62.48679702938951	62.58542263232232	59.1835261820507	62.50876801700049	62.5787104520578	62.51053848966707	66.63838757820926	62.89219627582101	62.49570198454428	61.16420798024157	63.10132818874014	62.43415011364116	62.48679702938951	62.89219627582101	63.34898028719081	62.46781785749432	59.09885044771441	63.17387670639332	62.480787346684544	62.58542263232232	62.49570198454428	62.46781785749432	62.61857615838395	59.16410758220073	62.4887334989358	62.56031116949512	59.1835261820507	61.16420798024157	59.09885044771441	59.16410758220073	67.54913138776719	63.22917970932997	59.37447706982785	62.50876801700049	63.10132818874014	63.17387670639332	62.4887334989358	63.22917970932997	64.86488240752206	62.542706344937194	62.5787104520578	62.43415011364116	62.480787346684544	62.56031116949512	59.37447706982785	62.542706344937194	62.77955507937199
62.60248134175669	62.507161810134775	62.457880840322964	62.58891236132689	59.19276232394597	62.48955703685857	62.566071451940516	62.507161810134775	66.2625121848991	62.902193052374514	62.50125412525243	60.974516520496536	63.08845324053231	62.42516726150469	62.457880840322964	62.902193052374514	63.4727198769883	62.45070761721753	59.093665312256775	63.280463090745265	62.45586842783379	62.58891236132689	62.50125412525243	62.45070761721753	62.60524985834198	59.18657445620007	62.482098702731875	62.55910423529617	59.19276232394597	60.974516520496536	59.093665312256775	59.18657445620007	67.5544124904547	63.25132352989315	59.420065466965646	62.48955703685857	63.08845324053231	63.280463090745265	62.482098702731875	63.25132352989315	64.9712657537538	62.53411744873777	62.566071451940516	62.42516726150469	62.45586842783379	62.55910423529617	59.420065466965646	62.53411744873777	62.801641262190756
84.38032858824701	49.79285984672721	49.72146458974953	49.7325988377493	44.09467382346408	49.66235712426486	60.521188056312994	49.79285984672721	71.4767736414733	70.0728387792374	71.31874019803786	65.29621383771914	69.40704792880491	61.24824710839967	49.72146458974953	70.0728387792374	71.94398659919038	70.06576740227592	67.13050276749472	71.38149347497875	63.72550485087513	49.7325988377493	71.31874019803786	70.06576740227592	71.3582685255226	65.30168457723973	69.40571184837198	61.31051507624244	44.09467382346408	65.29621383771914	67.13050276749472	65.30168457723973	86.01744094121695	73.46931964172981	68.80575077044308	49.66235712426486	69.40704792880491	71.38149347497875	69.40571184837198	73.46931964172981	73.335118889513	65.53634122002732	60.521188056312994	61.24824710839967	63.72550485087513	61.31051507624244	68.80575077044308	65.53634122002732	70.90268577549132
84.00335014956312	49.998907821859994	49.926472237258864	49.987330601425576	44.2962079903093	49.85524786954349	60.53234821166839	49.998907821859994	71.6644238771101	69.33445437001222	71.63732594431491	64.50191726324256	68.62371857814189	60.46221109344846	49.926472237258864	69.33445437001222	72.7089905724792	69.3272838253651	67.85653756294863	72.19479910308631	64.86424083579257	49.987330601425576	71.63732594431491	69.3272838253651	71.64897219700454	64.49712058586314	68.61730360880904	60.46691775516257	44.2962079903093	64.50191726324256	67.85653756294863	64.49712058586314	86.88979469507323	74.2987359318436	70.00935782783748	49.85524786954349	68.62371857814189	72.19479910308631	68.61730360880904	74.2987359318436	74.21618014097193	66.76322657754427	60.53234821166839	60.46221109344846	64.86424083579257	60.46691775516257	70.00935782783748	66.76322657754427	72.4304657536221
63.73150423229435	63.52939270516316	60.29263098785448	63.72163550238854	55.18115649088866	59.7779823345377	59.07504420963981	63.52939270516316	64.52548322445371	61.10000266024373	63.5288233728174	55.924368770404826	60.56753842683915	59.279948290259256	60.29263098785448	61.10000266024373	70.45354341080679	60.29026448246925	65.16670468765263	70.29004211373034	69.09338885667411	63.72163550238854	63.5288233728174	60.29026448246925	63.73207495339537	55.179559869685505	59.77543049533109	59.07095994818505	55.18115649088866	55.924368770404826	65.16670468765263	55.179559869685505	83.74270148715524	71.97754328293952	74.02323292969506	59.7779823345377	60.56753842683915	70.29004211373034	59.77543049533109	71.97754328293952	72.66734739373496	71.11910306058365	59.07504420963981	59.279948290259256	69.09338885667411	59.07095994818505	74.02323292969506	71.11910306058365	76.52705010505345
63.22736852598518	63.0697662646189	61.16831350718827	63.21448312373671	56.97453873634099	60.93029980730851	60.54536505202483	63.0697662646189	64.40755116608923	61.97135180629198	63.063552331837435	57.60796884597062	61.676802260909625	60.539160502639675	61.16831350718827	61.97135180629198	68.39896486954274	61.16009839706633	62.13940210316494	67.92087627987233	66.19371903851967	63.21448312373671	63.063552331837435	61.16009839706633	63.23061576457291	56.96781135605511	60.92191103891888	60.5380356731247	56.97453873634099	57.60796884597062	62.13940210316494	56.96781135605511	77.20255201587953	67.92139294225927	68.61022949304514	60.93029980730851	61.676802260909625	67.92087627987233	60.92191103891888	67.92139294225927	69.77608253047092	67.49729252589376	60.54536505202483	60.539160502639675	66.19371903851967	60.5380356731247	68.61022949304514	67.49729252589376	71.75832682465612
63.01729052718908	62.84775577839979	61.554105956654574	63.0059137836684	57.71974217413186	61.423610789360865	61.19781626531562	62.84775577839979	64.85240622030616	62.5550415406994	62.843638669175206	58.48208996657811	62.33402377001361	61.033752798642375	61.554105956654574	62.5550415406994	67.36176617782701	61.54872558556218	60.866729867035176	66.78887893781854	64.77579468234278	63.0059137836684	62.843638669175206	61.54872558556218	63.01911787994399	57.715734678762544	61.418120954860996	61.192579657553246	57.71974217413186	58.48208996657811	60.866729867035176	57.715734678762544	74.36044925319914	66.2073898788539	66.0872280233424	61.423610789360865	62.33402377001361	66.78887893781854	61.418120954860996	66.2073898788539	68.45395300391372	65.78418178810793	61.19781626531562	61.033752798642375	64.77579468234278	61.192579657553246	66.0872280233424	65.78418178810793	69.41970045631544
63.045537527763116	62.84156113464451	61.57507716153021	63.03520092357652	57.59826478318214	61.40688733859346	61.15981127319492	62.84156113464451	65.3465427668679	62.772901254471535	62.83951725975459	58.53769269878468	62.50037006702123	60.92597722819819	61.57507716153021	62.772901254471535	67.28881778225063	61.57218136539089	60.89268159577889	66.72495536342036	64.69940025719107	63.03520092357652	62.83951725975459	61.57218136539089	63.04611042417324	57.596665827666655	61.40393031586888	61.15622817914606	57.59826478318214	58.53769269878468	60.89268159577889	57.596665827666655	74.84870311341932	66.35359206757961	66.29430293325817	61.40688733859346	62.50037006702123	66.72495536342036	61.40393031586888	66.35359206757961	68.43274432813219	65.7744035801317	61.15981127319492	60.92597722819819	64.69940025719107	61.15622817914606	66.29430293325817	65.7744035801317	69.5810716418186
62.99311249097195	62.790942930850925	61.33974337566704	62.979115349534204	57.79371881257974	61.302698275858596	61.05045846393831	62.790942930850925	65.08003844751178	62.59785040185451	62.78361052953208	58.65257744059932	62.42399487332341	60.9188430258248	61.33974337566704	62.59785040185451	68.10431662407899	61.33025699267	61.48009483125687	67.50109668312106	65.41904628217611	62.979115349534204	62.78361052953208	61.33025699267	62.996931666880755	57.78587930587637	61.29303143061996	61.04223141808907	57.79371881257974	58.65257744059932	61.48009483125687	57.78587930587637	74.2413566386016	66.55353792617474	66.66883760962202	61.302698275858596	62.42399487332341	67.50109668312106	61.29303143061996	66.55353792617474	69.0502270556835	66.38062377448955	61.05045846393831	60.9188430258248	65.41904628217611	61.04223141808907	66.66883760962202	66.38062377448955	70.29273756342046
63.179504100415485	62.84219887024574	60.66895243907396	63.16760122393544	57.12980358136167	60.63021318542302	60.3187103417478	62.84219887024574	65.43228876812731	62.529437376354565	62.837240753799605	58.41047060784287	62.316144542396685	60.50199922263808	60.66895243907396	62.529437376354565	70.44431808458897	60.661817932579375	63.67624905640264	69.8453166368956	67.67189679131491	63.16760122393544	62.837240753799605	60.661817932579375	63.18226354734239	57.12411098585074	60.62293811806549	60.312011642211665	57.12980358136167	58.41047060784287	63.67624905640264	57.12411098585074	76.80271827558809	68.84181767595678	69.40432546074088	60.63021318542302	62.316144542396685	69.8453166368956	60.62293811806549	68.84181767595678	71.41435326750742	68.75857535333539	60.3187103417478	60.50199922263808	67.67189679131491	60.312011642211665	69.40432546074088	68.75857535333539	73.21838199279027
63.58546680453645	63.20847279308009	60.36051187086083	63.57478832290244	55.704560485764155	59.983452698361866	59.474408164642696	63.20847279308009	65.34600444026127	62.00971826573111	63.205212799864796	57.115407149071565	61.562787265737256	59.80456960730746	60.36051187086083	62.00971826573111	70.699669628158	60.35526146694398	64.90051176995385	70.3828518749377	68.61780605486713	63.57478832290244	63.205212799864796	60.35526146694398	63.58741866069657	55.70039321289292	59.97803216304075	59.46881868307965	55.704560485764155	57.115407149071565	64.90051176995385	55.70039321289292	81.85105078134022	71.22177054495631	72.52948316673066	59.983452698361866	61.562787265737256	70.3828518749377	59.97803216304075	71.22177054495631	72.5038516868711	70.34305516633556	59.474408164642696	59.80456960730746	68.61780605486713	59.46881868307965	72.52948316673066	70.34305516633556	75.36253935077868
63.49298415298255	63.2883638092636	60.981523774375724	63.48244444770701	55.88786476970493	60.49791518619519	59.82140101529947	63.2883638092636	64.90694883519808	61.91478065634395	63.28927279261226	56.72661062675217	61.39261354876546	59.82502298977293	60.981523774375724	61.91478065634395	68.50836810408859	60.9811873126375	63.16563792062284	68.24775940018361	66.9448823445267	63.48244444770701	63.28927279261226	60.9811873126375	63.49239051358204	55.88829077670722	60.497410732289566	59.81839715720941	55.88786476970493	56.72661062675217	63.16563792062284	55.88829077670722	81.62605837797595	69.86982258551424	71.75663182752123	60.49791518619519	61.39261354876546	68.24775940018361	60.497410732289566	69.86982258551424	70.52387816049261	68.86382847170273	59.82140101529947	59.82502298977293	66.9448823445267	59.81839715720941	71.75663182752123	68.86382847170273	74.26333432160939
84.3747886157164	49.768296912042125	49.74282959402467	49.757211180228126	44.057950897081746	49.666043508605725	60.53917528464427	49.768296912042125	71.17298711084243	70.40570528751155	71.14451880786075	65.53575547804631	69.73441426870451	61.67450048610161	49.74282959402467	70.40570528751155	71.4768548549442	70.40370673169303	66.61101283526317	70.87158550530681	63.08888550811836	49.757211180228126	71.14451880786075	70.40370673169303	71.15235668172512	65.53593905905939	69.7333854265754	61.68493722809712	44.057950897081746	65.53575547804631	66.61101283526317	65.53593905905939	85.79566938407932	73.00995809614798	68.28677354828059	49.666043508605725	69.73441426870451	70.87158550530681	69.7333854265754	73.00995809614798	72.81099456047387	64.89639884424318	60.53917528464427	61.67450048610161	63.08888550811836	61.68493722809712	68.28677354828059	64.89639884424318	70.1286001442218
80.00756087235618	52.39945009966896	52.29109905716106	52.391681230540485	46.88161750480796	52.19213548184162	60.71712810832112	52.39945009966896	69.48542185640356	68.75020762603938	69.46246961769037	64.02545185600681	68.18418944621321	61.61818603805302	52.29109905716106	68.75020762603938	69.96625645929629	68.74695363084905	65.1658505282024	69.4440681010739	63.106418108848544	52.391681230540485	69.46246961769037	68.74695363084905	69.46873050683844	64.02395575645957	68.18168794089087	61.62529024864586	46.88161750480796	64.02545185600681	65.1658505282024	64.02395575645957	83.56274935030436	71.39630865976184	68.04426673695222	52.19213548184162	68.18418944621321	69.4440681010739	68.18168794089087	71.39630865976184	71.38965630629869	64.84320314774743	60.71712810832112	61.61818603805302	63.106418108848544	61.62529024864586	68.04426673695222	64.84320314774743	70.11658557240884
63.29060808186314	63.15256242898199	61.12627299341288	63.276652397289844	56.637079176295764	60.821209335259475	60.244513441427024	63.15256242898199	64.35759682663189	61.804894146784335	63.156711529148915	57.18952374973767	61.45380017640932	60.214215854298345	61.12627299341288	61.804894146784335	68.230318998045	61.12921743646772	62.53752501662112	67.87311391703226	66.55553405965216	63.276652397289844	63.156711529148915	61.12921743646772	63.287960123524805	56.64114954222022	60.82400843780066	60.24250135992022	56.637079176295764	57.18952374973767	62.53752501662112	56.64114954222022	78.82400643669334	68.6029858276541	70.10866945800676	60.821209335259475	61.45380017640932	67.87311391703226	60.82400843780066	68.6029858276541	69.88963827916842	68.11617514651962	60.244513441427024	60.214215854298345	66.55553405965216	60.24250135992022	70.10866945800676	68.11617514651962	73.13585964456253
63.09765053760476	62.99676954939164	61.2048640508054	63.085585750422986	57.29972532353299	61.08046114384278	60.556417220220624	62.99676954939164	64.05487301538528	61.78132653075011	62.99930359111649	57.713068040615035	61.599779448390784	60.498783919218475	61.2048640508054	61.78132653075011	68.08327616813555	61.206315520485084	62.21105929382671	67.6650333191618	66.37714435463516	63.085585750422986	62.99930359111649	61.206315520485084	63.09591464432209	57.30223434353816	61.08179600912281	60.55417362891296	57.29972532353299	57.713068040615035	62.21105929382671	57.30223434353816	76.50802225486758	67.65746206586988	68.99069092969093	61.08046114384278	61.599779448390784	67.6650333191618	61.08179600912281	67.65746206586988	69.44728688003391	67.64490724720739	60.556417220220624	60.498783919218475	66.37714435463516	60.55417362891296	68.99069092969093	67.64490724720739	72.55031502878573
63.338773479903644	63.17431061443317	61.05645448260983	63.328727581811904	56.49764246509109	60.724149951103136	60.17495637928527	63.17431061443317	64.53745505901065	61.860797028621455	63.173109831741854	57.16398892035126	61.47956275038846	60.17334697449723	61.05645448260983	61.860797028621455	68.49590490132462	61.0540120507669	62.71382567158917	68.12656895087869	66.69427964186829	63.328727581811904	63.173109831741854	61.0540120507669	63.3392477452955	56.496183079605366	60.72158268225946	60.171213981831514	56.49764246509109	57.16398892035126	62.71382567158917	56.496183079605366	79.20091016628508	68.86047242154402	70.24107067147631	60.724149951103136	61.47956275038846	68.12656895087869	60.72158268225946	68.86047242154402	70.16094703775276	68.27318621834738	60.17495637928527	60.17334697449723	66.69427964186829	60.171213981831514	70.24107067147631	68.27318621834738	73.18938947507252
63.410856010629054	63.27940060864071	61.0665529839852	63.40080259314505	56.226919089369005	60.65179041465082	60.030785720462376	63.27940060864071	64.32562140923079	61.67645350837223	63.27879028691644	56.7571163330331	61.23164766814711	60.031212684235975	61.0665529839852	61.67645350837223	68.32873651035146	61.06473077677453	62.74104069236544	68.01082809869055	66.73643302108087	63.40080259314505	63.27879028691644	61.06473077677453	63.41102382810184	56.2260077655768	60.64983306000477	60.02731051274777	56.226919089369005	56.7571163330331	62.74104069236544	56.2260077655768	80.2231918884556	69.18093027045788	70.84061053679117	60.65179041465082	61.23164766814711	68.01082809869055	60.64983306000477	69.18093027045788	70.17025390353655	68.471651686885	60.030785720462376	60.031212684235975	66.73643302108087	60.02731051274777	70.84061053679117	68.471651686885	73.5478148353667
