75.35277069531892	74.26581549279358	73.98335322986452	38.37629376632704	74.43145892284504	74.97191359665449	73.49116653956047	74.26581549279358	75.06448550568862	74.54771616842889	39.54217914681414	74.93242071797424	75.44792956851447	73.65775104701748	73.98335322986452	74.54771616842889	74.71064383521548	38.494637768689984	74.70545744845599	75.37523682070209	73.75221558707561	38.37629376632704	39.54217914681414	38.494637768689984	93.97710499857833	39.18881365107314	39.23572010857703	42.5625469384108	74.43145892284504	74.93242071797424	74.70545744845599	39.18881365107314	75.11671587956776	75.63232349087134	73.8846295394814	74.97191359665449	75.44792956851447	75.37523682070209	39.23572010857703	75.63232349087134	76.39761220684518	74.30397345561467	73.49116653956047	73.65775104701748	73.75221558707561	42.5625469384108	73.8846295394814	74.30397345561467	75.08031307295917
71.36716695421872	71.34266421213249	71.25686060814684	40.93614661620949	71.33822748487083	71.63261818773354	71.22536051321642	71.34266421213249	71.36977624582184	71.26659732622343	40.987883666257595	71.34747508066997	71.64092192428093	71.2298471217755	71.25686060814684	71.26659732622343	71.23574949875164	40.79057023164863	71.26156103627831	71.5665878505047	71.16759858642877	40.93614661620949	40.987883666257595	40.79057023164863	83.5226004791185	40.947282739058984	41.20258953486868	42.56675119909607	71.33822748487083	71.34747508066997	71.26156103627831	40.947282739058984	71.35447613933371	71.63782675528044	71.22942778275882	71.63261818773354	71.64092192428093	71.5665878505047	41.20258953486868	71.63782675528044	72.01914992465333	71.48420286405599	71.22536051321642	71.2298471217755	71.16759858642877	42.56675119909607	71.22942778275882	71.48420286405599	71.98226726577111
72.56681065330183	72.5456359490451	72.49119884498872	38.78499873977117	72.45578247835408	72.81993915406818	72.16171606022043	72.5456359490451	72.56699505968605	72.50447378788598	38.8173180345642	72.46910187115228	72.83255230155007	72.16687981426425	72.49119884498872	72.50447378788598	72.4840369773323	38.72650964525801	72.41312008347111	72.78380226369444	72.1413276889983	38.78499873977117	38.8173180345642	38.72650964525801	89.4197609383337	38.71549290066913	38.95607790519773	42.383110613916	72.45578247835408	72.46910187115228	72.41312008347111	38.71549290066913	72.46878201875481	72.748847520963	72.11649667934158	72.81993915406818	72.83255230155007	72.78380226369444	38.95607790519773	72.748847520963	73.18919997400754	72.37072204508068	72.16171606022043	72.16687981426425	72.1413276889983	42.383110613916	72.11649667934158	72.37072204508068	73.6007667242918
59.880406156656306	59.76078188539921	59.52461402036266	59.73592027086277	59.72101092939612	60.11548553320065	60.74736815920212	59.76078188539921	59.89092834602196	59.65120908985154	59.85933980034169	59.84491048621366	60.235137077292244	60.82424121793898	59.52461402036266	59.65120908985154	59.563253961793066	59.626144864707975	59.608897294117824	60.04369566744047	60.70149761921304	59.73592027086277	59.85933980034169	59.626144864707975	59.89307278118093	59.82011168975013	60.21031098878423	60.804066767380725	59.72101092939612	59.84491048621366	59.608897294117824	59.82011168975013	59.85314532423719	60.20096089131308	60.8034438773003	60.11548553320065	60.235137077292244	60.04369566744047	60.21031098878423	60.20096089131308	60.74466762299432	61.07603911998734	60.74736815920212	60.82424121793898	60.70149761921304	60.804066767380725	60.8034438773003	61.07603911998734	63.56285231253213
72.51005214593116	72.49319899720606	72.41853323448736	37.35817328303712	72.45296524046044	72.59896807736524	72.11125959800164	72.49319899720606	72.51370304125552	72.42576316594435	37.38613297406407	72.46009082437081	72.60589459595958	72.10825459150166	72.41853323448736	72.42576316594435	72.38866972870095	37.29983938890447	72.38472513831573	72.53337216252325	72.08431221147326	37.35817328303712	37.38613297406407	37.29983938890447	93.52975723182391	37.342803823116675	37.402153064068834	42.581350923303944	72.45296524046044	72.46009082437081	72.38472513831573	37.342803823116675	72.4575984787368	72.56655752855546	72.09561241727035	72.59896807736524	72.60589459595958	72.53337216252325	37.402153064068834	72.56655752855546	72.74144111884593	72.18157081675626	72.11125959800164	72.10825459150166	72.08431221147326	42.581350923303944	72.09561241727035	72.18157081675626	74.18410979502836
60.344783961609664	60.0539899759858	59.797696976020795	60.02661746314704	60.04336409721547	60.477794313715584	61.184292726488216	60.0539899759858	60.32558748289318	60.06587394250125	60.28812070384669	60.305066345493316	60.73062785542862	61.3211739240317	59.797696976020795	60.06587394250125	60.005606281219144	60.038272072739524	60.054496532921306	60.54631094293171	61.2317999839045	60.02661746314704	60.28812070384669	60.038272072739524	60.32570676982531	60.2778703448464	60.70331832048278	61.300981586229604	60.04336409721547	60.305066345493316	60.054496532921306	60.2778703448464	60.30774846189362	60.72214572807884	61.319139200531176	60.477794313715584	60.73062785542862	60.54631094293171	60.70331832048278	60.72214572807884	61.353889655136086	61.59359922377891	61.184292726488216	61.3211739240317	61.2317999839045	61.300981586229604	61.319139200531176	61.59359922377891	64.58438536323678
60.27285876254079	60.2214116536299	60.046092826318166	60.19040305863464	60.203479797358526	60.752801298464625	61.1826360438112	60.2214116536299	60.27882838513487	60.096748293929856	60.23997739946311	60.25312815846678	60.80001381237024	61.209874639083665	60.046092826318166	60.096748293929856	60.06632507005436	60.0654743889841	60.077668498082055	60.684779534524964	61.138656955059616	60.19040305863464	60.23997739946311	60.0654743889841	60.282825718170955	60.22214502948691	60.76889156111599	61.18517777816891	60.203479797358526	60.25312815846678	60.077668498082055	60.22214502948691	60.25994380964295	60.78619711603372	61.202976594225646	60.752801298464625	60.80001381237024	60.684779534524964	60.76889156111599	60.78619711603372	61.56732649151614	61.569004928392694	61.1826360438112	61.209874639083665	61.138656955059616	61.18517777816891	61.202976594225646	61.569004928392694	64.16438796570935
59.14998288476855	58.740645993038626	58.649522756238426	58.71515272589875	58.70671695574229	58.92074970996601	60.126993408770346	58.740645993038626	59.2347112069119	59.138948985754205	59.20067302763585	59.19357347802565	59.3992287582042	60.42834527966254	58.649522756238426	59.138948985754205	59.09423526586257	59.113726154390164	59.10595628635669	59.31784713818132	60.38186245683633	58.71515272589875	59.20067302763585	59.113726154390164	59.2331846240493	59.168435064563475	59.37413286949669	60.4085972511191	58.70671695574229	59.19357347802565	59.10595628635669	59.168435064563475	59.19085871302641	59.36861292904878	60.41161878220489	58.92074970996601	59.3992287582042	59.31784713818132	59.37413286949669	59.36861292904878	59.63984614044533	60.54904722792549	60.126993408770346	60.42834527966254	60.38186245683633	60.4085972511191	60.41161878220489	60.54904722792549	63.373817067966705
57.80646440782761	57.92481306883489	57.632799816473025	57.70682603727685	57.71960782766852	57.77716473125032	58.24283493186258	57.92481306883489	58.58310189825547	57.928694037659376	57.996848850765495	58.00998622288345	58.06495514315873	58.48001424131381	57.632799816473025	57.928694037659376	57.675726217539996	57.70929215168368	57.721757440945304	57.78016345132032	58.24646866035352	57.70682603727685	57.996848850765495	57.70929215168368	57.88102989941661	57.795164848615805	57.852106986626	58.30722933390048	57.71960782766852	58.00998622288345	57.721757440945304	57.795164848615805	57.82823189152842	57.86531660437238	58.32199822226475	57.77716473125032	58.06495514315873	57.78016345132032	57.852106986626	57.86531660437238	57.93126955649642	58.37296831401468	58.24283493186258	58.48001424131381	58.24646866035352	58.30722933390048	58.32199822226475	58.37296831401468	59.416195694286415
68.00890937244476	66.78325933051552	67.46958674416916	45.13724053585637	67.97865447162376	68.04675414385518	68.00301701924974	66.78325933051552	71.50346552965138	66.67907011590015	51.762938635170336	66.79097444921572	66.8306795643285	66.74931912341778	67.46958674416916	66.67907011590015	67.1826733288006	44.88345481471153	67.48721647740365	67.56424409915552	67.51741506737392	45.13724053585637	51.762938635170336	44.88345481471153	83.19642891252222	45.153224665686864	45.1801263812143	45.218377151096554	67.97865447162376	66.79097444921572	67.48721647740365	45.153224665686864	68.00458853063546	68.06446008565041	68.02052493476938	68.04675414385518	66.8306795643285	67.56424409915552	45.1801263812143	68.06446008565041	68.15474094941271	68.08799639083749	68.00301701924974	66.74931912341778	67.51741506737392	45.218377151096554	68.02052493476938	68.08799639083749	68.13926905926868
62.02314102158616	63.30191076900937	61.72778971440661	54.73666992458608	61.946993485826006	62.0790188923845	62.01456161704212	63.30191076900937	70.87645270702143	63.3378748461319	59.19911585957687	63.28963035494314	63.332467011872446	63.298833475850145	61.72778971440661	63.3378748461319	61.59508314447379	54.546993183454006	61.671276514379265	61.813878408528524	61.74335147038083	54.73666992458608	59.19911585957687	54.546993183454006	67.63726488702937	54.69648332582446	54.793743374637735	54.75051791723984	61.946993485826006	63.28963035494314	61.671276514379265	54.69648332582446	61.95698438060746	62.027697333386236	61.96224451008082	62.0790188923845	63.332467011872446	61.813878408528524	54.793743374637735	62.027697333386236	62.18646328271151	62.09402989532849	62.01456161704212	63.298833475850145	61.74335147038083	54.75051791723984	61.96224451008082	62.09402989532849	62.03953316567783
60.893436462157005	61.83262697819208	60.121139405203536	60.790441604220305	60.76843391455879	61.10168347917369	60.814018643186714	61.83262697819208	70.19186833595734	62.20714102753601	61.83769573972225	61.83480635334809	62.13148366284034	61.84615530879056	60.121139405203536	62.20714102753601	60.1417820916613	60.167507674330906	60.13049303562274	60.69594370966157	60.19093873125664	60.790441604220305	61.83769573972225	60.167507674330906	60.891383258569206	60.81118832536663	61.14205537238129	60.856334161651795	60.76843391455879	61.83480635334809	60.13049303562274	60.81118832536663	60.87131388376044	61.12839479167325	60.83476842322353	61.10168347917369	62.13148366284034	60.69594370966157	61.14205537238129	61.12839479167325	61.73009376954767	61.16580917397677	60.814018643186714	61.84615530879056	60.19093873125664	60.856334161651795	60.83476842322353	61.16580917397677	60.88615237413763
74.3897895936739	72.06578459631871	73.7675287281407	36.09388988046139	74.29972838931846	74.42114212366657	74.27868939365308	72.06578459631871	74.00778922016784	71.86598725434723	42.43334291205686	72.11725983081244	72.20800456365286	72.01675060293388	73.7675287281407	71.86598725434723	73.54441046533694	35.75078832161376	73.85272556687515	73.99182828758944	73.8462631637906	36.09388988046139	42.43334291205686	35.75078832161376	95.94254922839227	36.187807681307774	36.22271424389413	36.449955182875854	74.29972838931846	72.11725983081244	73.85272556687515	36.187807681307774	74.38718181024744	74.50188858808133	74.3574824068651	74.42114212366657	72.20800456365286	73.99182828758944	36.22271424389413	74.50188858808133	74.66375098851357	74.47591275012351	74.27868939365308	72.01675060293388	73.8462631637906	36.449955182875854	74.3574824068651	74.47591275012351	74.54825317937163
79.14826472088262	71.29911560511462	77.44264316874495	31.157317644992936	78.95030628535329	79.21559312105373	78.95224845048854	71.29911560511462	75.31965028768018	71.3239044462577	46.136871486353606	71.39055651431701	71.6025161452391	71.35867045024376	77.44264316874495	71.3239044462577	76.84398819528396	31.468496510002762	77.73079414591678	78.1089972698707	77.73740892497396	31.157317644992936	46.136871486353606	31.468496510002762	108.33325350952542	31.260924969074626	31.207035055591682	31.287047776652294	78.95030628535329	71.39055651431701	77.73079414591678	31.260924969074626	79.23438221507712	79.49167487246136	79.22925715576571	79.21559312105373	71.6025161452391	78.1089972698707	31.207035055591682	79.49167487246136	79.89748435619174	79.49173078324525	78.95224845048854	71.35867045024376	77.73740892497396	31.287047776652294	79.22925715576571	79.49173078324525	79.27709108050655
77.99166104563135	71.4463441790375	76.543509138394	32.4447438122975	77.94565671506972	78.09035337585547	77.9282578656038	71.4463441790375	75.06692332750086	71.25225044242686	45.44455254430352	71.46538280429218	71.57812952905049	71.30656344183592	76.543509138394	71.25225044242686	75.70859129962543	32.47908994996996	76.59484799786829	76.79558950211104	76.60234340096837	32.4447438122975	45.44455254430352	32.47908994996996	106.01824307252005	32.469739067589956	32.446671587028234	32.62161941812373	77.94565671506972	71.46538280429218	76.59484799786829	32.469739067589956	78.00141272684264	78.14012612739896	77.97709416539573	78.09035337585547	71.57812952905049	76.79558950211104	32.446671587028234	78.14012612739896	78.35696862715902	78.12001795171108	77.9282578656038	71.30656344183592	76.60234340096837	32.62161941812373	77.97709416539573	78.12001795171108	78.1952862723316
81.53592277062673	71.59728490335915	79.01530311748857	30.716467241016076	81.42626814737538	81.56891296959333	81.26520716476269	71.59728490335915	75.8780801859099	71.61941356190522	45.81628521384654	71.64884353490177	71.9883972408563	71.09157565216962	79.01530311748857	71.61941356190522	77.91071610186758	31.149793575141313	79.15813836968236	79.61225457017244	79.11192821351862	30.716467241016076	45.81628521384654	31.149793575141313	108.66340044857026	30.765839552886725	30.71720429946011	31.19096472340381	81.42626814737538	71.64884353490177	79.15813836968236	30.765839552886725	81.56836259346875	81.70504679106543	81.39348548403382	81.56891296959333	71.9883972408563	79.61225457017244	30.71720429946011	81.70504679106543	82.1090922343866	81.53714020063244	81.26520716476269	71.09157565216962	79.11192821351862	31.19096472340381	81.39348548403382	81.53714020063244	81.99484541766505
78.0547685367471	72.3142956106731	76.43298735174899	34.503774979346154	77.99520936447257	78.13635605299648	77.85506774935263	72.3142956106731	75.03061808778735	71.95703591326074	44.297408477195766	72.34033918699885	72.49326042005204	71.99266595506313	76.43298735174899	71.95703591326074	75.5935503886104	34.13115628087423	76.48841093158347	76.73676545513999	76.4286522628473	34.503774979346154	44.297408477195766	34.13115628087423	102.5098314638807	34.5418470114337	34.502394943612614	34.957674079419746	77.99520936447257	72.34033918699885	76.48841093158347	34.5418470114337	78.05272165815383	78.18815384748022	77.90404684940893	78.13635605299648	72.49326042005204	76.73676545513999	34.502394943612614	78.18815384748022	78.43831914541113	78.04305041460894	77.85506774935263	71.99266595506313	76.4286522628473	34.957674079419746	77.90404684940893	78.04305041460894	78.29230447655193
72.79368902330467	71.56564419782808	72.17863065022799	36.177265446772985	72.26787151171071	72.32383193803992	72.30645460163834	71.56564419782808	73.15106129928311	71.95808804828808	39.832903561606955	72.01950142525071	72.06454671181156	71.72103103982394	72.17863065022799	71.95808804828808	72.69487748033528	36.7821197722359	72.73030281597848	72.7848767683292	72.68191264132402	36.177265446772985	39.832903561606955	36.7821197722359	92.19133805143767	36.878375377050695	36.91695283353362	38.691898184182605	72.26787151171071	72.01950142525071	72.73030281597848	36.878375377050695	72.83788607367843	72.86820735288558	72.74863686222527	72.32383193803992	72.06454671181156	72.7848767683292	36.91695283353362	72.86820735288558	72.92849517096303	72.79305082152717	72.30645460163834	71.72103103982394	72.68191264132402	38.691898184182605	72.74863686222527	72.79305082152717	73.74531158398067
77.59741481526154	72.73314545479577	74.81264112643018	35.56870632624618	75.86983281231676	76.24327947046845	75.56038823055967	72.73314545479577	75.55312749705385	73.40857791740842	42.9446466155876	73.7441183204866	74.08209935460647	72.81995608724027	74.81264112643018	73.40857791740842	76.13607418295429	36.294279406816024	76.43772579235986	76.97658004703217	76.05051361369802	35.56870632624618	42.9446466155876	36.294279406816024	99.69325103462853	36.91719212231107	36.84554711983396	38.16706032206204	75.86983281231676	73.7441183204866	76.43772579235986	36.91719212231107	77.37345898417942	77.72039315450199	76.79103617674438	76.24327947046845	74.08209935460647	76.97658004703217	36.84554711983396	77.72039315450199	78.293830374225	77.12379650170898	75.56038823055967	72.81995608724027	76.05051361369802	38.16706032206204	76.79103617674438	77.12379650170898	77.6198397023844
72.70123680077494	72.66099773053496	72.5855006133686	37.067157607268264	72.65519565865458	72.82713221668577	72.08611176516906	72.66099773053496	72.70976386383833	72.61473165783711	37.10749403755359	72.6842440469626	72.85591876025123	72.08324304623326	72.5855006133686	72.61473165783711	72.57873383168781	37.050921673466036	72.60867683145892	72.7834690790956	72.07972401584843	37.067157607268264	37.10749403755359	37.050921673466036	97.38349711967983	37.08502324573934	37.09638563800661	44.10356897978291	72.65519565865458	72.6842440469626	72.60867683145892	37.08502324573934	72.68953737708068	72.85056187715126	72.09407922422167	72.82713221668577	72.85591876025123	72.7834690790956	37.09638563800661	72.85056187715126	73.06818642491724	72.18118337323419	72.08611176516906	72.08324304623326	72.07972401584843	44.10356897978291	72.09407922422167	72.18118337323419	74.84251452495923
77.97479976862594	77.91456809686446	77.96380758517867	36.416572374835575	77.9149074897377	79.6258868419317	74.47007602037877	77.91456809686446	77.97719895005466	78.01689787385307	36.44733595865791	77.96750984088445	79.67745295256739	74.47546008173873	77.96380758517867	78.01689787385307	79.63816843073434	35.47471590656269	78.0160650150404	80.77544620229007	75.58206232528539	36.416572374835575	36.44733595865791	35.47471590656269	100.07224129035089	36.43822146996539	35.66859011778943	44.06140316945226	77.9149074897377	77.96750984088445	78.0160650150404	36.43822146996539	77.97896913032682	79.68030240638703	74.48435670800288	79.6258868419317	79.67745295256739	80.77544620229007	35.66859011778943	79.68030240638703	82.55375664456672	75.97257335515744	74.47007602037877	74.47546008173873	75.58206232528539	44.06140316945226	74.48435670800288	75.97257335515744	77.0244530031943
64.27915447858696	59.924938477656504	59.749242048363655	59.61514087206174	59.92106065058647	60.89579050268719	62.20342580652726	59.924938477656504	62.790404929806066	62.6094369053555	62.45754440266474	62.77538435075985	63.610659683424615	62.751659319596484	59.749242048363655	62.6094369053555	63.234955260089286	62.28279753560421	62.606147753635156	63.98345281845461	63.10321493669444	59.61514087206174	62.45754440266474	62.28279753560421	62.92743020511995	62.45498812777416	63.274298094492856	62.51721649227455	59.92106065058647	62.77538435075985	62.606147753635156	62.45498812777416	62.78149816842948	63.61035656075272	62.75766756393576	60.89579050268719	63.610659683424615	63.98345281845461	63.274298094492856	63.61035656075272	65.24647031667875	63.32517315758177	62.20342580652726	62.751659319596484	63.10321493669444	62.51721649227455	62.75766756393576	63.32517315758177	67.43243538743917
65.06943703521635	57.08284792452652	57.03724732072021	56.382221016270435	57.0605991889372	57.96955093551709	59.96100667272366	57.08284792452652	63.83140498654832	63.80247520897596	63.139420862745574	63.814042799485144	64.34753752938902	63.30508985248686	57.03724732072021	63.80247520897596	63.815174230998075	63.11765140277788	63.792838374882166	64.34227901070297	63.30520797044443	56.382221016270435	63.139420862745574	63.11765140277788	64.17616999239416	63.12975977007439	63.65190840607349	62.73253973516358	57.0605991889372	63.814042799485144	63.792838374882166	63.12975977007439	63.8284821837996	64.34271476321773	63.30486895339486	57.96955093551709	64.34753752938902	64.34227901070297	63.65190840607349	64.34271476321773	65.14969922751851	63.62999127861812	59.96100667272366	63.30508985248686	63.30520797044443	62.73253973516358	63.30486895339486	63.62999127861812	65.88612708810624
69.23938503487295	55.9962683441989	55.790124085082624	50.72024743755891	55.88852963104784	57.061766699339245	58.50669549519988	55.9962683441989	68.18790454916966	68.06452655787062	63.65443201749372	68.07310583359167	68.40437475221624	66.67035553315054	55.790124085082624	68.06452655787062	68.17160074284239	63.658961341963646	68.12371671652818	68.48384416542406	66.74664792086115	50.72024743755891	63.65443201749372	63.658961341963646	70.9583481414557	63.67554655242391	63.93610401244538	62.6931038969738	55.88852963104784	68.07310583359167	68.12371671652818	63.67554655242391	68.1391898181319	68.46889481369446	66.74390151522564	57.061766699339245	68.40437475221624	68.48384416542406	63.93610401244538	68.46889481369446	69.09102700272258	67.01693161902314	58.50669549519988	66.67035553315054	66.74664792086115	62.6931038969738	66.74390151522564	67.01693161902314	67.60790483581742
66.68321821128102	64.82108957279635	64.79465144404452	48.782624677550125	64.74215100230008	65.21686441519982	65.66260910878891	64.82108957279635	66.65270959129703	66.62322651102122	50.75528821509738	66.57885649332258	66.9917816716305	66.68490112379092	64.79465144404452	66.62322651102122	66.61770337967906	50.724497690548475	66.55738530764569	66.97450876112904	66.6786642942755	48.782624677550125	50.75528821509738	50.724497690548475	75.07095358690549	50.68851131578479	50.99089807547995	52.989796274183114	64.74215100230008	66.57885649332258	66.55738530764569	50.68851131578479	66.59109421980926	66.93385709437631	66.65526423162048	65.21686441519982	66.9917816716305	66.97450876112904	50.99089807547995	66.93385709437631	67.46366047027368	66.92059396833518	65.66260910878891	66.68490112379092	66.6786642942755	52.989796274183114	66.65526423162048	66.92059396833518	68.93911819362343
73.13519741690274	72.23997425878429	72.08878610149735	37.151867263201446	72.24701536206678	72.39192644816734	71.95789801080676	72.23997425878429	73.18276978897303	73.00288503194066	37.99004473970252	73.15164932533698	73.29062042533954	72.34517274755649	72.08878610149735	73.00288503194066	72.93996435026925	37.822724512979605	73.01137619705374	73.15635706572984	72.31715666655997	37.151867263201446	37.99004473970252	37.822724512979605	94.75924700131641	37.94100744283427	37.97412697191865	43.25802219867523	72.24701536206678	73.15164932533698	73.01137619705374	37.94100744283427	73.16811145028275	73.30038375513453	72.37035522644337	72.39192644816734	73.29062042533954	73.15635706572984	37.97412697191865	73.30038375513453	73.48065404427233	72.45586061594152	71.95789801080676	72.34517274755649	72.31715666655997	43.25802219867523	72.37035522644337	72.45586061594152	74.4537264275642
60.858444049885584	60.80178179978222	60.593084523904466	59.62604695363868	60.67016780676487	61.143477136168016	62.2589600416632	60.80178179978222	60.850385036956695	60.63655646283554	59.66859894133627	60.71341182286023	61.18559423235549	62.26773543920596	60.593084523904466	60.63655646283554	60.60635773759042	59.462441817398016	60.49492823994026	61.02560283111019	62.274458783906134	59.62604695363868	59.66859894133627	59.462441817398016	61.559423536337825	59.54134752650139	59.99223418956079	61.35879536440207	60.67016780676487	60.71341182286023	60.49492823994026	59.54134752650139	60.78765596627141	61.07442312317705	62.2606766345175	61.143477136168016	61.18559423235549	61.02560283111019	59.99223418956079	61.07442312317705	61.713450382253875	62.428348694338894	62.2589600416632	62.26773543920596	62.274458783906134	61.35879536440207	62.2606766345175	62.428348694338894	66.95533348035596
62.31162469420409	62.21232789251021	62.15411785572155	62.187494785843136	59.64410990250166	62.475720571588006	62.135143414016014	62.21232789251021	62.27967432272518	62.21562800528167	62.24904695068803	59.70959360147622	62.53573969551356	62.13986060795933	62.15411785572155	62.21562800528167	62.45406748517821	62.190521303264845	59.64667116604435	62.67594238476192	62.29146561285651	62.187494785843136	62.24904695068803	62.190521303264845	62.284849349203824	59.68632614350007	62.51024222154605	62.125195327319325	59.64410990250166	59.70959360147622	59.64667116604435	59.68632614350007	66.32700865697561	62.41870095755596	63.818148712782104	62.475720571588006	62.53573969551356	62.67594238476192	62.51024222154605	62.41870095755596	64.0253826901065	62.958212111753866	62.135143414016014	62.13986060795933	62.29146561285651	62.125195327319325	63.818148712782104	62.958212111753866	68.05730657986732
62.28838337492488	62.18250322104911	62.17733888269723	61.94231162869752	59.44937550421557	62.37356747699576	62.158288064902024	62.18250322104911	62.2564161028112	62.24356620777043	62.00845571085769	59.5293260669978	62.43924336417276	62.175949350084906	62.17733888269723	62.24356620777043	62.254650885636615	62.003188544001425	59.51124488050633	62.44004358302864	62.18152749101658	61.94231162869752	62.00845571085769	62.003188544001425	62.36244013685538	59.29949433779114	62.19506647510494	61.996874107043496	59.44937550421557	59.5293260669978	59.51124488050633	59.29949433779114	62.62278187687949	60.93279502069051	62.30577504099807	62.37356747699576	62.43924336417276	62.44004358302864	62.19506647510494	60.93279502069051	63.20315065575676	62.51625959772678	62.158288064902024	62.175949350084906	62.18152749101658	61.996874107043496	62.30577504099807	62.51625959772678	66.63131844039816
61.96748930709087	61.11427413392495	61.1009392531022	61.06321287375312	59.34317381409938	61.40349389814507	61.99435880674417	61.11427413392495	61.68639892433414	61.66648976437944	61.628112356055155	59.964558822116594	61.96032779755457	62.130363983728294	61.1009392531022	61.66648976437944	61.67502800699594	61.61520209436072	59.937899709771	61.95353180284624	62.13587707260326	61.06321287375312	61.628112356055155	61.61520209436072	61.704829830042605	59.915181404471554	61.90842262478807	62.09497185246022	59.34317381409938	59.964558822116594	59.937899709771	59.915181404471554	61.222850381498674	60.68815904202089	62.172414251732604	61.40349389814507	61.96032779755457	61.95353180284624	61.90842262478807	60.68815904202089	62.54413944046121	62.33902457209869	61.99435880674417	62.130363983728294	62.13587707260326	62.09497185246022	62.172414251732604	62.33902457209869	66.86455604667205
62.293439436960654	62.26648537762924	62.215501059994615	62.21377132049338	59.51039252700145	62.46680584160565	62.109784722459196	62.26648537762924	62.28959208602389	62.232603731794875	62.23078261433938	59.52912811511418	62.483485858226125	62.10970089562499	62.215501059994615	62.232603731794875	62.40871872645264	62.17957679285023	59.41127026255742	62.557799137386006	62.2045063431829	62.21377132049338	62.23078261433938	62.17957679285023	62.30744947923087	59.48004264834691	62.429625002218216	62.0753058360907	59.51039252700145	59.52912811511418	59.41127026255742	59.48004264834691	65.22576974638221	61.78587119122398	63.405239875561755	62.46680584160565	62.483485858226125	62.557799137386006	62.429625002218216	61.78587119122398	63.677504670207135	62.757537084307764	62.109784722459196	62.10970089562499	62.2045063431829	62.0753058360907	63.405239875561755	62.757537084307764	67.77251558027235
64.51474422761402	61.928651718041635	61.902407962407835	60.01169792492268	59.64305430558575	62.35986680388805	62.66356571770102	61.928651718041635	63.56997709154557	63.53534607346409	61.58858994538379	61.339094000125804	63.95200155850826	62.827394938904554	61.902407962407835	63.53534607346409	63.66428030768243	61.55353978326165	61.31356840449942	64.03090443242901	62.91515474273093	60.01169792492268	61.58858994538379	61.55353978326165	64.43852234641682	59.481237238563764	61.919102375640996	61.472686512677384	59.64305430558575	61.339094000125804	61.31356840449942	59.481237238563764	67.20056461749382	63.88961409836608	64.37708752807289	62.35986680388805	63.95200155850826	64.03090443242901	61.919102375640996	63.88961409836608	65.44004006228833	63.57635801901305	62.66356571770102	62.827394938904554	62.91515474273093	61.472686512677384	64.37708752807289	63.57635801901305	68.52980720614026
68.30234676946716	54.28043907604988	54.25501412278493	54.141027162363855	54.22728941466461	55.20996385041698	59.233371303118574	54.28043907604988	65.537220790464	65.5211850967765	65.39043848058512	65.5111715185362	65.95048882582739	63.81767665419324	54.25501412278493	65.5211850967765	65.52938188117042	65.38327537684941	65.50392484932391	65.95014241056992	63.821937299400986	54.141027162363855	65.39043848058512	65.38327537684941	65.59902603325446	65.3733375653516	65.81034210777598	63.70862716593759	54.22728941466461	65.5111715185362	65.50392484932391	65.3733375653516	65.54837733493069	65.94285359112367	63.81981979585096	55.20996385041698	65.95048882582739	65.95014241056992	65.81034210777598	65.94285359112367	66.64426149260153	64.06024877923677	59.233371303118574	63.81767665419324	63.821937299400986	63.70862716593759	63.81981979585096	64.06024877923677	66.47461022715788
62.79989776971618	62.73321963854249	62.71902031714977	59.89072983999772	61.57742931579245	63.37675998973893	63.091749327330575	62.73321963854249	62.784049598382424	62.763922783914694	59.935182951255086	61.62609858092851	63.41994739326426	63.10249705611215	62.71902031714977	62.763922783914694	62.79338025670481	59.91790975295386	61.60292594503229	63.4305734447261	63.11767312138889	59.89072983999772	59.935182951255086	59.91790975295386	64.17042266164967	58.825276006627384	60.49722052817414	60.9280249047705	61.57742931579245	61.62609858092851	61.60292594503229	58.825276006627384	63.50451082397671	63.01375557981806	63.27565309830669	63.37675998973893	63.41994739326426	63.4305734447261	60.49722052817414	63.01375557981806	64.63658466522823	63.5444860833114	63.091749327330575	63.10249705611215	63.11767312138889	60.9280249047705	63.27565309830669	63.5444860833114	67.32381308434056
61.694260806722	61.59713424864844	61.55059350726945	61.56355305638658	59.912498814473196	61.95373839217566	62.14601760021125	61.59713424864844	61.666451385026214	61.614189311143136	61.62697918758882	59.98166396505728	62.01596276762572	62.15735089876778	61.55059350726945	61.614189311143136	61.66791786392501	61.58050809395303	59.88552719088638	62.00783672562724	62.18292485470377	61.56355305638658	61.62697918758882	61.58050809395303	61.67687333328703	59.949289075850615	61.981788284807145	62.13506067458648	59.912498814473196	59.98166396505728	59.88552719088638	59.949289075850615	61.8480647569767	60.98924016184841	62.38922269207335	61.95373839217566	62.01596276762572	62.00783672562724	61.981788284807145	60.98924016184841	62.81380643644535	62.45338016867166	62.14601760021125	62.15735089876778	62.18292485470377	62.13506067458648	62.38922269207335	62.45338016867166	67.09314202767554
61.04808529607011	61.031854832072156	60.9995663752338	60.944747197719984	59.40979078900886	61.216778250947634	61.7504135302385	61.031854832072156	61.052827830865034	61.01281405473975	60.957954298121585	59.425311107334224	61.229750047725176	61.753661454136584	60.9995663752338	61.01281405473975	61.0166703547354	60.92565166658714	59.366022158799815	61.203601193428995	61.74906455370489	60.944747197719984	60.957954298121585	60.92565166658714	61.08921855024173	59.33974093762634	61.14205857241269	61.68596319430595	59.40979078900886	59.425311107334224	59.366022158799815	59.33974093762634	59.84931208248248	59.80303767520243	61.29775490612409	61.216778250947634	61.229750047725176	61.203601193428995	61.14205857241269	59.80303767520243	61.57139164953915	61.88528458617695	61.7504135302385	61.753661454136584	61.74906455370489	61.68596319430595	61.29775490612409	61.88528458617695	65.57561145713966
60.867757013119075	60.81402221533091	60.76870297670491	59.357951151797806	60.54720651543667	61.24916374088274	62.12729006935867	60.81402221533091	60.86457916311271	60.81314387828907	59.40225448018956	60.59241250366633	61.29213100903622	62.14151181646824	60.76870297670491	60.81314387828907	60.80757493444168	59.35658480754993	60.54283235222217	61.259337090120546	62.13792018635968	59.357951151797806	59.40225448018956	59.35658480754993	61.676307006443146	59.14243225729784	59.81526808306413	60.97480805521397	60.54720651543667	60.59241250366633	60.54283235222217	59.14243225729784	60.70982590680655	61.07548949210192	62.08907787856219	61.24916374088274	61.29213100903622	61.259337090120546	59.81526808306413	61.07548949210192	61.925838497341104	62.36381616456922	62.12729006935867	62.14151181646824	62.13792018635968	60.97480805521397	62.08907787856219	62.36381616456922	66.22549228990829
62.085286924876286	62.038046875835335	61.981545312554644	62.00312245629497	60.58452979066978	62.65200944772146	62.368472495950705	62.038046875835335	62.07354282255465	62.01127649332931	62.03281247592228	60.61544217465842	62.680566649438845	62.369860351854754	61.981545312554644	62.01127649332931	62.447395351144905	61.975736276022204	60.66649108469306	63.01842718897552	62.653214088510154	62.00312245629497	62.03281247592228	61.975736276022204	62.083644812220626	60.58131207030539	62.64401620937869	62.34729715329342	60.58452979066978	60.61544217465842	60.66649108469306	60.58131207030539	65.53705180216633	63.17359597190904	63.62826011199748	62.65200944772146	62.680566649438845	63.01842718897552	62.64401620937869	63.17359597190904	64.63203809686611	63.257478695714596	62.368472495950705	62.369860351854754	62.653214088510154	62.34729715329342	63.62826011199748	63.257478695714596	67.96536733111425
86.18959406091467	51.92313375099375	51.924118416549	46.35228019042344	47.13623386294627	52.21291844908371	62.33136016000893	51.92313375099375	74.91974412351784	74.90517651094225	66.23071969238131	70.74847540496192	74.61255612227076	64.93516561632401	51.924118416549	74.90517651094225	74.92898492351318	66.21679925553471	70.76244020007682	74.63456936331004	64.96234020906579	46.35228019042344	66.23071969238131	66.21679925553471	75.82051415522918	62.798571935082	65.82738866813058	59.80919206745638	47.13623386294627	70.74847540496192	70.76244020007682	62.798571935082	85.14230703399919	75.8064421510435	68.71679518808531	52.21291844908371	74.61255612227076	74.63456936331004	65.82738866813058	75.8064421510435	76.38006408176716	66.3747169901601	62.33136016000893	64.93516561632401	64.96234020906579	59.80919206745638	68.71679518808531	66.3747169901601	70.2188728084866
85.77946718978785	51.86220771171773	51.86179543727049	47.01638269299916	46.6186451013056	52.00228805972135	62.01798624875421	51.86220771171773	74.28843328318189	74.27536893668297	66.81211436876868	69.81434154166887	73.87792173763069	64.52926990687945	51.86179543727049	74.27536893668297	74.2937980223289	66.80142299322173	69.82588661311067	73.89513053622153	64.55121991421602	47.01638269299916	66.81211436876868	66.80142299322173	75.08049075571608	63.03069776560676	66.33662643081601	60.12298845221262	46.6186451013056	69.81434154166887	69.82588661311067	63.03069776560676	85.42854377830093	75.18933004339898	68.62536614063791	52.00228805972135	73.87792173763069	73.89513053622153	66.33662643081601	75.18933004339898	75.6514007692746	66.04007310140213	62.01798624875421	64.52926990687945	64.55121991421602	60.12298845221262	68.62536614063791	66.04007310140213	70.06307606317095
79.74036285744079	56.54674877399704	56.56030590911118	49.06150373673879	53.42346298928915	57.205972403267765	63.52685207928784	56.54674877399704	72.48916151740748	72.4426912553121	62.416231448065645	69.65035187186926	72.6690039279717	65.41653079047533	56.56030590911118	72.4426912553121	72.62337020264258	62.33765073250997	69.7061027782836	72.81940627963101	65.5733384196998	49.06150373673879	62.416231448065645	62.33765073250997	74.6655141610002	60.16033510345918	62.346678700318876	59.09439459872459	53.42346298928915	69.65035187186926	69.7061027782836	60.16033510345918	78.95856157971772	73.3958774232871	67.88840366170677	57.205972403267765	72.6690039279717	72.81940627963101	62.346678700318876	73.3958774232871	74.51857271444818	66.60515816283377	63.52685207928784	65.41653079047533	65.5733384196998	59.09439459872459	67.88840366170677	66.60515816283377	70.31880946897572
77.08901139220961	57.229681278682556	57.28873385204744	50.50858722728777	55.41589000411311	58.23835303429307	63.72145689793592	57.229681278682556	70.74876755864275	70.64560702110492	62.09190641099452	69.0337371313837	71.22243818462633	65.14072593246857	57.28873385204744	70.64560702110492	71.24192514901091	61.88743754974131	69.12668990296685	71.69250472309727	65.60167359865015	50.50858722728777	62.09190641099452	61.88743754974131	73.0185530116517	60.667253358065196	62.22281367413423	59.520740512426784	55.41589000411311	69.0337371313837	69.12668990296685	60.667253358065196	74.68239113431457	71.7754170723807	66.74021353232472	58.23835303429307	71.22243818462633	71.69250472309727	62.22281367413423	71.7754170723807	73.27335557485533	66.29503963325037	63.72145689793592	65.14072593246857	65.60167359865015	59.520740512426784	66.74021353232472	66.29503963325037	70.10245492570536
79.687768676839	54.134774902242754	54.140959627792434	50.795518179588775	50.352556235136504	54.550568640961885	62.154959165204886	54.134774902242754	70.63843583154555	70.55371336697546	66.03076913477855	67.22114205543458	70.51174700867459	63.71661610014391	54.140959627792434	70.55371336697546	70.77516155941751	65.92959813088828	67.31551873142402	70.70454557929463	63.92987978702054	50.795518179588775	66.03076913477855	65.92959813088828	71.51732055645317	62.94657592901495	65.810494990306	60.87258412445912	50.352556235136504	67.22114205543458	67.31551873142402	62.94657592901495	79.24924110477565	71.68191904212274	67.02629592566437	54.550568640961885	70.51174700867459	70.70454557929463	65.810494990306	71.68191904212274	72.41139889103728	65.12741186337887	62.154959165204886	63.71661610014391	63.92987978702054	60.87258412445912	67.02629592566437	65.12741186337887	69.54454308118974
68.80398312958941	59.259112088239945	59.22198614193195	59.11945635020506	54.159485308569245	58.96877141510531	61.38398978746667	59.259112088239945	65.09715572823364	65.03342248273164	64.93631075449466	60.22372118785387	64.62999967607324	61.85866810579775	59.22198614193195	65.03342248273164	65.18165343903691	64.87718665487567	60.346312378350774	64.77621285626239	62.016138391806045	59.11945635020506	64.93631075449466	64.87718665487567	65.1430763181227	60.08578618823109	64.47236413226359	61.7609945911577	54.159485308569245	60.22372118785387	60.346312378350774	60.08578618823109	77.88039446929982	66.42701318069179	66.76606930423729	58.96877141510531	64.62999967607324	64.77621285626239	64.47236413226359	66.42701318069179	66.74267894617817	63.659367292774675	61.38398978746667	61.85866810579775	62.016138391806045	61.7609945911577	66.76606930423729	63.659367292774675	69.03685339284247
63.683642152602985	63.603246907458846	63.55756454519517	61.2741749937836	59.228750864000716	63.41863321187259	62.45379712592183	63.603246907458846	63.658861086689285	63.607762710564714	61.32281309753183	59.28253022820823	63.46769274922676	62.45732000681873	63.55756454519517	63.607762710564714	63.795131925880234	61.26601423065567	59.39467492940062	63.63898431463899	62.62254440195572	61.2741749937836	61.32281309753183	61.26601423065567	64.67314869272838	57.16628183890077	61.08379736791222	60.86457315627639	59.228750864000716	59.28253022820823	59.39467492940062	57.16628183890077	73.96576308954916	64.74287907075505	66.32883373248987	63.41863321187259	63.46769274922676	63.63898431463899	61.08379736791222	64.74287907075505	65.56436372398655	64.01765683407565	62.45379712592183	62.45732000681873	62.62254440195572	60.86457315627639	66.32883373248987	64.01765683407565	69.063419670812
