59.34207661027738	59.30521384336042	59.26966426831743	58.412967572178836	58.996638965535986	59.506138344844715	60.20361433256253	59.30521384336042	59.36676886323271	59.32261794041011	58.46668788748198	59.05121463710864	59.55787517229322	60.24091504732451	59.26966426831743	59.32261794041011	59.303631117726844	58.43048761394274	59.0130442437227	59.525010975255825	60.217967073315315	58.412967572178836	58.46668788748198	58.43048761394274	59.76134914695897	58.15805540909864	58.664270582953385	59.433431475206454	58.996638965535986	59.05121463710864	59.0130442437227	58.15805540909864	59.01270281469149	59.268196280062234	60.02943697711907	59.506138344844715	59.55787517229322	59.525010975255825	58.664270582953385	59.268196280062234	59.83241833948758	60.39730680962222	60.20361433256253	60.24091504732451	60.217967073315315	59.433431475206454	60.02943697711907	60.39730680962222	62.45298300766974
59.56997278666032	59.558370543733055	59.39608568062072	59.524863585000084	59.503361519459276	59.83823674769177	60.77444842681768	59.558370543733055	59.58228235045158	59.41185261333844	59.54027745583885	59.51885925677885	59.8532025567116	60.7815387295927	59.39608568062072	59.41185261333844	59.34290415047477	59.37815296254706	59.35420219009255	59.711330098680996	60.70578932343056	59.524863585000084	59.54027745583885	59.37815296254706	59.58678993049661	59.48534059511337	59.819639415848705	60.75496411512765	59.503361519459276	59.51885925677885	59.35420219009255	59.48534059511337	59.52478561172973	59.80337843771749	60.75558456032493	59.83823674769177	59.8532025567116	59.711330098680996	59.819639415848705	59.80337843771749	60.251185864141526	60.96793397704668	60.77444842681768	60.7815387295927	60.70578932343056	60.75496411512765	60.75558456032493	60.96793397704668	63.94003744851917
59.461495073852774	59.44423810144873	59.23368199465059	59.4054080817746	59.42081143438472	59.69561222890701	60.544265343910006	59.44423810144873	59.476710614543144	59.25739278332658	59.42847405434449	59.44391289071698	59.71808659811218	60.55705013104031	59.23368199465059	59.25739278332658	59.15877553245405	59.21826819038155	59.23250065590121	59.53045912761905	60.44318843778355	59.4054080817746	59.42847405434449	59.21826819038155	59.48159751654934	59.40508971857561	59.67922853625849	60.5252614454909	59.42081143438472	59.44391289071698	59.23250065590121	59.40508971857561	59.444016155710564	59.69657907987845	60.545370005005246	59.69561222890701	59.71808659811218	59.53045912761905	59.67922853625849	59.69657907987845	60.07541655192142	60.735407123584174	60.544265343910006	60.55705013104031	60.44318843778355	60.5252614454909	60.545370005005246	60.735407123584174	63.40458150216135
58.2009385597895	58.1851081704107	58.11885795192425	58.01114362640215	58.1260253849848	58.267785423348144	59.05243133961925	58.1851081704107	58.236598641534826	58.15836157659166	58.05054715348789	58.165472213635404	58.30664955900998	59.082332702162155	58.11885795192425	58.15836157659166	58.115904695916676	57.984270845290375	58.09870110807879	58.24218838920131	59.03284116965417	58.01114362640215	58.05054715348789	57.984270845290375	58.287008452764304	57.991503119280495	58.1327877086654	58.92297673207973	58.1260253849848	58.165472213635404	58.09870110807879	57.991503119280495	58.14789884721005	58.24893534005301	59.03802287506462	58.267785423348144	58.30664955900998	58.24218838920131	58.1327877086654	58.24893534005301	58.417712243904546	59.151636711244215	59.05243133961925	59.082332702162155	59.03284116965417	58.92297673207973	59.03802287506462	59.151636711244215	60.96274363897606
58.97482903054244	58.91769374452663	58.849713246352174	58.881454931901715	58.72001436978333	58.980370208618496	60.44364647114885	58.91769374452663	58.99484438054879	58.91803636090864	58.949369128863154	58.789135472125906	59.04791357646946	60.479626577040236	58.849713246352174	58.91803636090864	58.88200339211138	58.881774865678864	58.71820554316007	58.98184817191065	60.448678205200494	58.881454931901715	58.949369128863154	58.881774865678864	58.99988719939682	58.75287966142871	59.01170643989025	60.451297042864674	58.72001436978333	58.789135472125906	58.71820554316007	58.75287966142871	58.77146192188195	58.854897665394304	60.38306012593113	58.980370208618496	59.04791357646946	58.98184817191065	59.01170643989025	58.854897665394304	59.1362434251884	60.52148463862637	60.44364647114885	60.479626577040236	60.448678205200494	60.451297042864674	60.38306012593113	60.52148463862637	63.903022143949066
59.686454491696814	59.67939538907026	59.34131732924501	59.54634678061697	59.632622883737476	59.786924431268645	61.035022898147496	59.67939538907026	59.69949038904883	59.35175166681609	59.556261473014374	59.64253121075031	59.796669223479114	61.0373089368641	59.34131732924501	59.35175166681609	59.18885199187294	59.21842698470971	59.30001264181293	59.47575809981616	60.906322891433085	59.54634678061697	59.556261473014374	59.21842698470971	59.76214725551252	59.5095454290703	59.66322638458052	60.92854160979136	59.632622883737476	59.64253121075031	59.30001264181293	59.5095454290703	59.64886378625005	59.751663945026344	61.02019572915866	59.786924431268645	59.796669223479114	59.47575809981616	59.66322638458052	59.751663945026344	59.959248024426344	61.106835815115254	61.035022898147496	61.0373089368641	60.906322891433085	60.92854160979136	61.02019572915866	61.106835815115254	64.69647958356168
61.777160931035276	61.74844357759914	61.16269672813366	61.73209526529115	61.23559880170194	62.19301253921969	62.250771006169664	61.74844357759914	61.77326243198694	61.18164232143411	61.7503658331067	61.254034459158916	62.21098285803799	62.249674783058175	61.16269672813366	61.18164232143411	63.217339374975964	61.16336817409562	60.626588622599165	63.33394910464555	63.59031238452668	61.73209526529115	61.7503658331067	61.16336817409562	61.77530757225831	61.237964620247595	62.19288422164185	62.240022882877305	61.23559880170194	61.254034459158916	60.626588622599165	61.237964620247595	62.543751684802515	62.13863365417032	62.57417290966808	62.19301253921969	62.21098285803799	63.33394910464555	62.19288422164185	62.13863365417032	64.32395407025419	63.45952460194323	62.250771006169664	62.249674783058175	63.59031238452668	62.240022882877305	62.57417290966808	63.45952460194323	68.53778787455524
61.708376356364255	61.366808773032794	60.85257942007568	61.31899175710041	61.24180929605454	61.89933624625745	62.31965100486051	61.366808773032794	61.59156942728528	61.07082230635224	61.538193523041116	61.461889582249675	62.111255846720724	62.33668350145279	60.85257942007568	61.07082230635224	61.91161051299077	61.02168167323434	60.91921535440844	62.38302027786722	62.97174971629645	61.31899175710041	61.538193523041116	61.02168167323434	61.61232461363542	61.4141177986626	62.06089016218105	62.303968714601766	61.24180929605454	61.461889582249675	60.91921535440844	61.4141177986626	61.719804853673466	62.05963292707557	62.392249141705754	61.89933624625745	62.111255846720724	62.38302027786722	62.06089016218105	62.05963292707557	63.50038567641899	62.943301617958866	62.31965100486051	62.33668350145279	62.97174971629645	62.303968714601766	62.392249141705754	62.943301617958866	68.06895974771912
61.354730097104564	61.126514261391556	60.54815932644374	61.097597543173165	61.071911496377865	61.51707973696141	62.2062003984679	61.126514261391556	61.28244848812972	60.699956736491394	61.24771927286745	61.222381459479486	61.66414383417066	62.22136941743094	60.54815932644374	60.699956736491394	60.953991314765716	60.67065299575069	60.629642771667996	61.45669775117773	62.525710418600404	61.097597543173165	61.24771927286745	60.67065299575069	61.29329768845599	61.19346562201281	61.6342754912279	62.20262721106742	61.071911496377865	61.222381459479486	60.629642771667996	61.19346562201281	61.3042370530998	61.62696744922485	62.235395758469416	61.51707973696141	61.66414383417066	61.45669775117773	61.6342754912279	61.62696744922485	62.51370298632238	62.54082911547346	62.2062003984679	62.22136941743094	62.525710418600404	62.20262721106742	62.235395758469416	62.54082911547346	67.72248548764223
61.45688744314609	61.436401062122215	60.79388199286086	61.38313460761596	61.133343890834844	61.77440245868837	62.18854041711469	61.436401062122215	61.45605496598831	60.8079061052554	61.39652254091378	61.146833131099754	61.787651238255	62.187376897895696	60.79388199286086	60.8079061052554	61.26246753322194	60.75404926859678	60.40012354825035	61.65147625957714	62.6087403001934	61.38313460761596	61.39652254091378	60.75404926859678	61.47991046579006	61.094246965627725	61.73264989105439	62.151286295537965	61.133343890834844	61.146833131099754	60.40012354825035	61.094246965627725	61.664135170216454	61.59048404063471	62.263908815201326	61.77440245868837	61.787651238255	61.65147625957714	61.73264989105439	61.59048404063471	62.703395072431334	62.593069885642336	62.18854041711469	62.187376897895696	62.6087403001934	62.151286295537965	62.263908815201326	62.593069885642336	67.84764598478007
61.322576373465914	61.3147734243988	60.909049397735295	61.29445618463067	60.41540399800183	61.56536353489214	62.05970851474533	61.3147734243988	61.330369899530844	60.915457241423795	61.30027077335167	60.42149863622091	61.571131151287574	62.05697699485866	60.909049397735295	60.915457241423795	61.05718855788101	60.894643160237116	59.80873443187098	61.33141655784841	62.160928239085244	61.29445618463067	61.30027077335167	60.894643160237116	61.33100576379031	60.40174874078053	61.550452285035014	62.045955199885476	60.41540399800183	60.42149863622091	59.80873443187098	60.40174874078053	61.390992932994905	60.86476999388664	62.10526495741965	61.56536353489214	61.571131151287574	61.33141655784841	61.550452285035014	60.86476999388664	62.13502230097095	62.27481735353654	62.05970851474533	62.05697699485866	62.160928239085244	62.045955199885476	62.10526495741965	62.27481735353654	67.16031799478823
60.38831562449291	60.36628153187763	60.23562968738604	60.31600839769173	59.478042570216154	60.5079672628521	61.56281790801219	60.36628153187763	60.39181254026447	60.25465410503244	60.33477886595817	59.49826399596189	60.52653092848893	61.56795498863736	60.23562968738604	60.25465410503244	60.22601491721615	60.20430828518553	59.322707971049724	60.40823477239175	61.54080144668496	60.31600839769173	60.33477886595817	60.20430828518553	60.41195733075784	59.448613148859124	60.47602879580464	61.52996037859927	59.478042570216154	59.49826399596189	59.322707971049724	59.448613148859124	59.69175627367674	59.69711912923767	61.33175203887764	60.5079672628521	60.52653092848893	60.40823477239175	60.47602879580464	59.69711912923767	60.75768633186768	61.653100623426894	61.56281790801219	61.56795498863736	61.54080144668496	61.52996037859927	61.33175203887764	61.653100623426894	65.70668403720305
61.08735252895802	61.08356947787514	60.8694255844386	60.963763275973385	59.92709251655995	61.301890962578	61.88924679980311	61.08356947787514	61.10277774808857	60.87444201902619	60.96838520139666	59.93246980471039	61.30632750440454	61.88583480446982	60.8694255844386	60.87444201902619	60.89982411301515	60.754180248507964	59.59078271048205	61.1445616077965	61.877130766811334	60.963763275973385	60.96838520139666	60.754180248507964	61.15130161645535	59.81527266590934	61.18532800108878	61.797377954809114	59.92709251655995	59.93246980471039	59.59078271048205	59.81527266590934	60.593060048429344	60.319610222999465	61.70165843992875	61.301890962578	61.30632750440454	61.1445616077965	61.18532800108878	60.319610222999465	61.723907757870684	62.042406291897784	61.88924679980311	61.88583480446982	61.877130766811334	61.797377954809114	61.70165843992875	62.042406291897784	66.20984447553771
61.766861625008545	61.757895162382745	61.24704704571267	61.73210583192915	60.627974853274594	62.01936178345956	62.12571875963189	61.757895162382745	61.77251570919785	61.25381591975561	61.7380392046855	60.633980263574564	62.025402169251805	62.1227995797981	61.24704704571267	61.25381591975561	61.93704232821067	61.22698684439871	59.770167002683856	62.05762338488616	62.56570805067377	61.73210583192915	61.7380392046855	61.22698684439871	61.77720737407597	60.609449863840545	61.998643740740974	62.10796019063466	60.627974853274594	60.633980263574564	59.770167002683856	60.609449863840545	62.6661742945968	61.35958806860431	62.442459554719385	62.01936178345956	62.025402169251805	62.05762338488616	61.998643740740974	61.35958806860431	62.999147842177265	62.62183911587564	62.12571875963189	62.1227995797981	62.56570805067377	62.10796019063466	62.442459554719385	62.62183911587564	67.87499162484332
61.98010808944827	61.96846163840237	61.30175897262185	61.30841622433371	61.060121985753504	62.1889749760513	62.27300938664648	61.96846163840237	61.982830900920476	61.30995906570813	61.315920687184224	61.06762170735583	62.196488636485896	62.27079716813913	61.30175897262185	61.30995906570813	62.00473756204245	60.64678909948386	60.026107345159105	62.11548906584735	62.78313386459997	61.30841622433371	61.315920687184224	60.64678909948386	62.33564735368426	60.43335545678751	61.518686787878785	61.80272229778429	61.060121985753504	61.06762170735583	60.026107345159105	60.43335545678751	62.71418164230879	61.59491009802172	62.49857958308237	62.1889749760513	62.196488636485896	62.11548906584735	61.518686787878785	61.59491009802172	63.07766909747447	62.74931867375008	62.27300938664648	62.27079716813913	62.78313386459997	61.80272229778429	62.49857958308237	62.74931867375008	68.12992544878568
61.74850402557978	61.73187747727539	61.42432065644457	61.68353818120727	60.588996202279965	62.130171303335	62.23035959449752	61.73187747727539	61.74931163862834	61.43563440699446	61.69443256159282	60.60024955481522	62.1408907541976	62.22889919876636	61.42432065644457	61.43563440699446	61.97471413702136	61.386441402618374	60.10731766838828	62.269380513821226	62.57045057129602	61.68353818120727	61.69443256159282	61.386441402618374	61.767463154522176	60.55378156631664	62.090887625859025	62.196982107621295	60.588996202279965	60.60024955481522	60.10731766838828	60.55378156631664	62.703907090351414	61.62035148599156	62.64932613958592	62.130171303335	62.1408907541976	62.269380513821226	62.090887625859025	61.62035148599156	63.293004074882774	62.74445506783935	62.23035959449752	62.22889919876636	62.57045057129602	62.196982107621295	62.64932613958592	62.74445506783935	67.8379651936631
62.70611754889413	62.69791427731884	62.64143796918728	61.91429120138749	59.714693380388404	62.87223280505006	62.31264269598155	62.69791427731884	62.71150221301993	62.647050188612795	61.91986992063507	59.72098972183872	62.87752698926134	62.310188558444366	62.64143796918728	62.647050188612795	62.935015657102035	61.85693766163175	59.77310769128901	63.10384649677698	62.50613155466672	61.91429120138749	61.91986992063507	61.85693766163175	63.06200147644388	58.97254303490381	62.06598382447934	61.74872560141879	59.714693380388404	59.72098972183872	59.77310769128901	58.97254303490381	69.07478055446802	63.55851498055061	64.45928338369147	62.87223280505006	62.87752698926134	63.10384649677698	62.06598382447934	63.55851498055061	64.79000182194122	63.419469578746686	62.31264269598155	62.310188558444366	62.50613155466672	61.74872560141879	64.45928338369147	63.419469578746686	68.02554827568332
62.49343854862737	62.47596827319245	62.47062078748167	61.52886024059338	60.58296925692476	63.00755685945632	62.53483880860978	62.47596827319245	62.494805725140374	62.4821099755631	61.54065081475653	60.598266692846195	63.01868437064136	62.53843164911675	62.47062078748167	62.4821099755631	62.51154994425986	61.53379675631493	60.59232125279537	63.03995370826421	62.549756155526886	61.52886024059338	61.54065081475653	61.53379675631493	62.919805649637354	59.61945746274618	62.03571276711524	61.7569707860051	60.58296925692476	60.598266692846195	60.59232125279537	59.61945746274618	65.54320746853249	63.26512564234563	62.603073032149766	63.00755685945632	63.01868437064136	63.03995370826421	62.03571276711524	63.26512564234563	64.65788108482073	63.187904693002686	62.53483880860978	62.53843164911675	62.549756155526886	61.7569707860051	62.603073032149766	63.187904693002686	65.80502868281866
61.94800155743743	61.930892318972134	61.904072094717776	60.646585171948296	61.47866113634119	62.788734778983795	62.511819978228075	61.930892318972134	61.95044095812237	61.91714053570288	60.65995715590676	61.4924453997852	62.80065541158637	62.51572699691557	61.904072094717776	61.91714053570288	61.96850572468752	60.62977157291501	61.45966246190424	62.8249602024335	62.53049360072695	60.646585171948296	60.65995715590676	60.62977157291501	62.53578487320756	60.205088510191196	61.4821475351712	61.466417603894776	61.47866113634119	61.4924453997852	61.45966246190424	60.205088510191196	62.27153935004235	62.685123333631076	62.4761536331487	62.788734778983795	62.80065541158637	62.8249602024335	61.4821475351712	62.685123333631076	64.15935093556945	63.05506026033442	62.511819978228075	62.51572699691557	62.53049360072695	61.466417603894776	62.4761536331487	63.05506026033442	65.89396288912981
61.50701095476113	61.46715057681359	61.02854559498461	61.43830804453855	61.25280299069716	62.02483261446922	62.29894398312893	61.46715057681359	61.499214915937166	61.0552562751801	61.46440571518382	61.279112086593166	62.0502408355721	62.30023126158658	61.02854559498461	61.0552562751801	61.75309760007853	61.025480111658375	60.79968632777278	62.27335860676133	62.778799128243584	61.43830804453855	61.46440571518382	61.025480111658375	61.50851162607475	61.250457138250255	62.019971109083656	62.28130381960721	61.25280299069716	61.279112086593166	60.79968632777278	61.250457138250255	61.70487301196812	61.96220247555195	62.37772799795833	62.02483261446922	62.0502408355721	62.27335860676133	62.019971109083656	61.96220247555195	63.409762096975925	62.85705227841124	62.29894398312893	62.30023126158658	62.778799128243584	62.28130381960721	62.37772799795833	62.85705227841124	67.69607580771861
68.06883940226797	68.04225243307243	67.40869702212945	48.54614901073587	67.99216544122694	68.30498228457796	67.56221860401014	68.04225243307243	68.0687918603534	67.42954030809975	48.56438352659949	68.01237989827733	68.32500256404168	67.56356923615866	67.40869702212945	67.42954030809975	67.2304392542721	48.13798005304413	67.36983230274006	67.7787190807406	67.56076950805998	48.54614901073587	48.56438352659949	48.13798005304413	80.42018390515983	48.54005419657086	48.616678706738476	52.90425223218904	67.99216544122694	68.01237989827733	67.36983230274006	48.54005419657086	68.0350912007178	68.27883699652257	67.55908794546646	68.30498228457796	68.32500256404168	67.7787190807406	48.616678706738476	68.27883699652257	68.73757084195782	67.73060584948286	67.56221860401014	67.56356923615866	67.56076950805998	52.90425223218904	67.55908794546646	67.73060584948286	71.410508378434
61.69122709564618	61.66170024018087	61.24419227967301	61.5873337513686	61.33182594992841	62.260761795801784	62.36906933956421	61.66170024018087	61.68651093324721	61.263652886466026	61.606312412328634	61.350972444215635	62.27925686803892	62.36869042666455	61.24419227967301	61.263652886466026	62.5690358047876	61.18647260932048	60.905020144872836	62.976287726244685	63.21579468290557	61.5873337513686	61.606312412328634	61.18647260932048	61.719625895977714	61.27731025710825	62.20025116618568	62.3161980514917	61.33182594992841	61.350972444215635	60.905020144872836	61.27731025710825	62.148937966877405	62.22211039843168	62.55793992365707	62.260761795801784	62.27925686803892	62.976287726244685	62.20025116618568	62.22211039843168	64.10088432435695	63.228836768746866	62.36906933956421	62.36869042666455	63.21579468290557	62.3161980514917	62.55793992365707	63.228836768746866	68.13779790526536
61.84626462766349	61.58142651103018	61.481145764468344	61.53536655366403	61.04995594549464	62.36118240680128	62.463206007444505	61.58142651103018	61.75517711140874	61.64914577410542	61.70362782448985	61.221073128310884	62.522980924450685	62.482327799015415	61.481145764468344	61.64914577410542	62.028721989905144	61.602378232734836	61.11537493634655	62.743331942691924	62.717828944078654	61.53536655366403	61.70362782448985	61.602378232734836	61.772330242871746	61.17547939863047	62.474784341330114	62.451208062898196	61.04995594549464	61.221073128310884	61.11537493634655	61.17547939863047	62.552266785211074	62.48712576540973	62.80163183197559	62.36118240680128	62.522980924450685	62.743331942691924	62.474784341330114	62.48712576540973	64.07957938386996	63.008018323499314	62.463206007444505	62.482327799015415	62.717828944078654	62.451208062898196	62.80163183197559	63.008018323499314	67.73843464266062
62.63341149849907	60.111781913330205	60.090650579903574	60.047656052281326	59.76928733169835	60.882573880497404	61.948140481413645	60.111781913330205	61.86938971907891	61.8444477668999	61.798506907003706	61.558237622545626	62.56132410055024	62.419875184841715	60.090650579903574	61.8444477668999	61.86182495516837	61.779613533892885	61.5364977126078	62.56193637526798	62.43086969249129	60.047656052281326	61.798506907003706	61.779613533892885	61.89499061793495	61.49374043330656	62.49494460853374	62.3727029130669	59.76928733169835	61.558237622545626	61.5364977126078	61.49374043330656	61.99249748809058	62.41859727484367	62.457143794554405	60.882573880497404	62.56132410055024	62.56193637526798	62.49494460853374	62.41859727484367	63.64419388237241	62.74622838850918	61.948140481413645	62.419875184841715	62.43086969249129	62.3727029130669	62.457143794554405	62.74622838850918	66.72739673681224
62.5614221585714	62.47757020722203	62.46503857296905	61.16848405796983	60.61962910707753	62.9664512124462	62.63236469415033	62.47757020722203	62.53676060319848	62.518511367663805	61.22126806824957	60.67792780319238	63.01848411767539	62.64069094074078	62.46503857296905	62.518511367663805	62.56254294760645	61.20703046818228	60.6576267611046	63.04125393233611	62.66656591242824	61.16848405796983	61.22126806824957	61.20703046818228	63.15562049993171	59.41397357869695	61.6702510291135	61.68630838095281	60.61962910707753	60.67792780319238	60.6576267611046	59.41397357869695	64.73689331039398	62.712615553926355	63.42902646916126	62.9664512124462	63.01848411767539	63.04125393233611	61.6702510291135	62.712615553926355	64.35301108800739	63.19706199938719	62.63236469415033	62.64069094074078	62.66656591242824	61.68630838095281	63.42902646916126	63.19706199938719	67.63144148295835
62.39294869104244	62.38271432471784	62.29731231169181	62.34499024287478	59.42622049301917	62.52963504720853	62.06610166850215	62.38271432471784	62.39732992727733	62.30431448869276	62.35175965359979	59.43359113053211	62.536244589852	62.063591461672544	62.29731231169181	62.30431448869276	62.69479043992978	62.265960013426174	59.450487210955714	62.81675136200436	62.332403975419865	62.34499024287478	62.35175965359979	62.265960013426174	62.406034994346726	59.39812161974409	62.49728017187519	62.04056433380914	59.42622049301917	59.43359113053211	59.450487210955714	59.39812161974409	68.23394776672052	62.959181358319974	64.30135688745081	62.52963504720853	62.536244589852	62.81675136200436	62.49728017187519	62.959181358319974	64.35445306959986	63.174863324731334	62.06610166850215	62.063591461672544	62.332403975419865	62.04056433380914	64.30135688745081	63.174863324731334	68.17712527565382
62.62360236714958	62.59451172214741	62.50676510034822	61.19647968186771	60.50451033104122	62.95937980852802	62.587777272372286	62.59451172214741	62.61884089149854	62.525483691561426	61.21489706952716	60.52408684894626	62.977523437810554	62.58732691616709	62.50676510034822	62.525483691561426	62.808063234687665	61.11935057850744	60.3624510070554	63.102338488269694	62.75723889318313	61.19647968186771	61.21489706952716	61.11935057850744	63.287969779975576	59.21090250204462	61.53977439387705	61.6083957091213	60.50451033104122	60.52408684894626	60.3624510070554	59.21090250204462	64.88429188353491	62.43305043348911	63.656234453479804	62.95937980852802	62.977523437810554	63.102338488269694	61.53977439387705	62.43305043348911	64.26557682751528	63.216507360966325	62.587777272372286	62.58732691616709	62.75723889318313	61.6083957091213	63.656234453479804	63.216507360966325	68.24408561556685
62.040421390941134	61.778333065835966	61.66234621330334	61.71543138138305	60.18035337708975	62.20718604539102	62.257557524163424	61.778333065835966	61.94861499145002	61.82704347716227	61.88021838396044	60.352047897321974	62.36799839191818	62.272802005154055	61.66234621330334	61.82704347716227	62.103265648551115	61.763510445777754	60.14693582943041	62.46357791691875	62.4428626538634	61.71543138138305	61.88021838396044	61.763510445777754	61.97410243945596	60.29211740043591	62.30310497190582	62.23077079209708	60.18035337708975	60.352047897321974	60.14693582943041	60.29211740043591	63.430096528308205	61.82100432976064	63.02166190773694	62.20718604539102	62.36799839191818	62.46357791691875	62.30310497190582	61.82100432976064	63.55382646889227	62.78077507358798	62.257557524163424	62.272802005154055	62.4428626538634	62.23077079209708	63.02166190773694	62.78077507358798	67.91919793854794
61.782005830622666	61.77001787947335	61.551863867258376	61.70804029584587	60.59673255316611	62.242080891485	62.2711579461152	61.77001787947335	61.785157562176266	61.5603001155318	61.71609269404828	60.60514721717098	62.24997838151609	62.26938833996566	61.551863867258376	61.5603001155318	62.04074745403899	61.49732790450803	60.26865541703011	62.42471795067096	62.55688471983997	61.70804029584587	61.71609269404828	61.49732790450803	61.80899436345007	60.545202304652534	62.18576140200557	62.22740800914006	60.59673255316611	60.60514721717098	60.26865541703011	60.545202304652534	62.91672430441882	61.841725666323306	62.73537633632704	62.242080891485	62.24997838151609	62.42471795067096	62.18576140200557	61.841725666323306	63.532346101064036	62.81631610134592	62.2711579461152	62.26938833996566	62.55688471983997	62.22740800914006	62.73537633632704	62.81631610134592	67.68408865818044
62.71274011773163	62.576207044533064	62.143840757084455	58.13506017671229	62.353040601052854	62.93211091240008	63.42484408527133	62.576207044533064	62.67751167429337	62.240815884827704	58.223678340318784	62.4496724225406	63.026785630609346	63.43564721992149	62.143840757084455	62.240815884827704	62.2746599785579	57.81990692515175	61.977508121372985	62.74561950727042	63.56507651746692	58.13506017671229	58.223678340318784	57.81990692515175	65.36878746494509	58.03769523486112	58.49277209742971	60.1760250398328	62.353040601052854	62.4496724225406	61.977508121372985	58.03769523486112	62.65451580489976	62.847174618490946	63.458669565969494	62.93211091240008	63.026785630609346	62.74561950727042	58.49277209742971	62.847174618490946	63.65796620500215	63.64512074338218	63.42484408527133	63.43564721992149	63.56507651746692	60.1760250398328	63.458669565969494	63.64512074338218	68.54682802853989
68.4801230826565	68.46192605500045	68.23043966730533	44.993592806406255	68.39178418120193	68.5831476990409	68.55476058149812	68.46192605500045	68.48400171968265	68.2449036744032	45.01185229746429	68.40599440031437	68.59718300686191	68.55579951318806	68.23043966730533	68.2449036744032	68.13277586804637	44.841417291890465	68.17104027276747	68.374271779697	68.5034588531592	44.993592806406255	45.01185229746429	44.841417291890465	83.79684530954006	44.970162598792314	45.044613521231426	49.80490759233227	68.39178418120193	68.40599440031437	68.17104027276747	44.970162598792314	68.40605790139078	68.52886255671247	68.53752631925333	68.5831476990409	68.59718300686191	68.374271779697	45.044613521231426	68.52886255671247	68.76215404270893	68.62675708875877	68.55476058149812	68.55579951318806	68.5034588531592	49.80490759233227	68.53752631925333	68.62675708875877	71.75231503149362
63.2720961858403	63.20709907982503	62.976521483647716	56.48472535392952	63.08446526962672	63.69832732666252	63.98083412660736	63.20709907982503	63.26222670845782	63.02686273031861	56.53232436185543	63.13440519531205	63.74665910921841	63.99295666772918	62.976521483647716	63.02686273031861	63.03174682015718	56.30333124483866	62.893475424901354	63.60190083749633	64.0103689829334	56.48472535392952	56.53232436185543	56.30333124483866	67.13906952733126	56.42769126739432	56.892849876122106	58.76022254663091	63.08446526962672	63.13440519531205	62.893475424901354	56.42769126739432	63.21829984456968	63.651001627368565	63.98313014495137	63.69832732666252	63.74665910921841	63.60190083749633	56.892849876122106	63.651001627368565	64.49854863149618	64.25364068682875	63.98083412660736	63.99295666772918	64.0103689829334	58.76022254663091	63.98313014495137	64.25364068682875	68.13307314681846
62.774649518354366	62.55971493965827	62.45732522167903	56.27279716103797	62.52761819489026	63.1392873723942	63.262919632558344	62.55971493965827	62.76028651664676	62.65409265946545	56.47716245899602	62.72274281372653	63.32455562645938	63.37331203521069	62.45732522167903	62.65409265946545	62.640903783367	56.36227518481405	62.6214554261183	63.25948167477158	63.335415605318175	56.27279716103797	56.47716245899602	56.36227518481405	65.82182504489055	56.44389320974001	56.97331969296272	57.96298689071188	62.52761819489026	62.72274281372653	62.6214554261183	56.44389320974001	62.73623387181579	63.30044547487954	63.36009288142293	63.1392873723942	63.32455562645938	63.25948167477158	56.97331969296272	63.30044547487954	64.12027277262939	63.75845667013434	63.262919632558344	63.37331203521069	63.335415605318175	57.96298689071188	63.36009288142293	63.75845667013434	66.04618684902387
61.687962408851426	61.582611573423904	61.51106435912433	58.05403037522368	61.49708974512782	62.18294616919317	62.37640625282749	61.582611573423904	61.685190765149954	61.60859453309653	58.15418634683688	61.59471287977201	62.27466257936378	62.43156343485944	61.51106435912433	61.60859453309653	61.601174162367755	58.07675310986417	61.521686897257595	62.23069272027894	62.40438364900201	58.05403037522368	58.15418634683688	58.07675310986417	63.36943945608927	58.06809799571824	58.70741207143372	59.38838193643379	61.49708974512782	61.59471287977201	61.521686897257595	58.06809799571824	61.63310810608304	62.211180030692276	62.39288482331085	62.18294616919317	62.27466257936378	62.23069272027894	58.70741207143372	62.211180030692276	63.1057792802327	62.83268884986858	62.37640625282749	62.43156343485944	62.40438364900201	59.38838193643379	62.39288482331085	62.83268884986858	65.18480270481746
63.50325214696996	62.992438251925044	62.813998727134866	54.51028889666924	62.975477564125555	63.33621124665636	64.06327623773774	62.992438251925044	63.44033543058474	63.26028468716961	54.93275508874269	63.41683249262453	63.76861912806882	64.23176415003913	62.813998727134866	63.26028468716961	63.2086080347013	54.76230683949889	63.242937575535905	63.62425000234985	64.1997227252469	54.51028889666924	54.93275508874269	54.76230683949889	68.42753069072313	54.91633722682223	55.177146881695926	57.35126723149402	62.975477564125555	63.41683249262453	63.242937575535905	54.91633722682223	63.42182304316453	63.754226501348455	64.22993029791029	63.33621124665636	63.76861912806882	63.62425000234985	55.177146881695926	63.754226501348455	64.24880798526446	64.41798738266168	64.06327623773774	64.23176415003913	64.1997227252469	57.35126723149402	64.22993029791029	64.41798738266168	67.88232625906598
67.61599029240074	67.60306697387409	67.39450092846674	51.94568992139324	67.18196671806673	68.4649880265168	66.88978212428923	67.60306697387409	67.61761580878792	67.40266307054858	51.95503506901212	67.18988859822836	68.47254916350366	66.88769275850764	67.39450092846674	67.40266307054858	67.84094624693401	51.631676420927164	66.9410621682209	68.63374327590581	67.19005569550619	51.94568992139324	51.95503506901212	51.631676420927164	75.98929896398866	51.69801291528366	52.215387106987144	55.37287019396979	67.18196671806673	67.18988859822836	66.9410621682209	51.69801291528366	67.78716211528985	68.26204956169349	66.97217173514592	68.4649880265168	68.47254916350366	68.63374327590581	52.215387106987144	68.26204956169349	69.98517254036913	67.50154325281758	66.88978212428923	66.88769275850764	67.19005569550619	55.37287019396979	66.97217173514592	67.50154325281758	70.95561405067194
59.96638715930698	59.93522083121701	59.72085991641297	59.84144798074077	59.917409488121706	60.32263063416356	60.985534668232205	59.93522083121701	59.97633131790239	59.75472423001247	59.87446460414741	59.950433262875215	60.35444078636029	61.003228680981074	59.72085991641297	59.75472423001247	59.683087786500444	59.66050733522499	59.73560333098119	60.18471087066748	60.90549793958249	59.84144798074077	59.87446460414741	59.66050733522499	60.01196133562262	59.85668981928088	60.26003480762026	60.92424292295687	59.917409488121706	59.950433262875215	59.73560333098119	59.85668981928088	59.953968198968525	60.33925293314278	60.995919491301976	60.32263063416356	60.35444078636029	60.18471087066748	60.26003480762026	60.33925293314278	60.91491056922251	61.26696959218405	60.985534668232205	61.003228680981074	60.90549793958249	60.92424292295687	60.995919491301976	61.26696959218405	64.00903171600315
61.005744903703196	61.001613261775354	60.8999450141332	55.82340873042547	60.95834502047041	61.25119017380707	61.72382317806051	61.001613261775354	61.0253174752418	60.911093155126856	55.8384767877385	60.96931911524709	61.26166855691854	61.72995875018845	60.8999450141332	60.911093155126856	60.857786140554445	55.72499633085533	60.866640488744416	61.16903351844618	61.661862793745335	55.82340873042547	55.8384767877385	55.72499633085533	63.342733230323226	55.79045841834089	56.0705196397084	57.01337353678761	60.95834502047041	60.96931911524709	60.866640488744416	55.79045841834089	60.96432700117626	61.2214367497673	61.70136104172527	61.25119017380707	61.26166855691854	61.16903351844618	56.0705196397084	61.2214367497673	61.59830945684577	61.927950685171325	61.72382317806051	61.72995875018845	61.661862793745335	57.01337353678761	61.70136104172527	61.927950685171325	63.73001491010013
61.43132859607246	62.04673136257348	60.99439341223569	61.390570270638584	61.137241750461804	62.04652630843125	61.43102628743574	62.04673136257348	68.69598940870496	62.61983693628213	62.02388168093817	61.949352571437	62.82425452244044	62.03551390817779	60.99439341223569	62.61983693628213	61.6689686758825	60.96026801666406	60.63646603334528	62.30346983887994	61.003531513500164	61.390570270638584	62.02388168093817	60.96026801666406	61.449223643379625	61.103219708154924	62.01099835928143	61.39690977435434	61.137241750461804	61.949352571437	60.63646603334528	61.103219708154924	61.589343123407254	61.926044974569415	61.14533834770906	62.04652630843125	62.82425452244044	62.30346983887994	62.01099835928143	61.926044974569415	63.50180212519198	62.05211603307605	61.43102628743574	62.03551390817779	61.003531513500164	61.39690977435434	61.14533834770906	62.05211603307605	61.46576359435692
57.79108558802119	57.83669204267068	57.62592125715164	57.75141833282251	57.676303903780806	57.86343532414628	57.871181737626586	57.83669204267068	57.989869907168796	57.68387418043482	57.80731803145742	57.733207017584384	57.918377852204145	57.92493215122221	57.62592125715164	57.68387418043482	57.52413818341414	57.59637147039952	57.51786645302739	57.71151427076491	57.719417904671765	57.75141833282251	57.80731803145742	57.59637147039952	57.80692984703569	57.64678673004689	57.83385855908966	57.841773087363606	57.676303903780806	57.733207017584384	57.51786645302739	57.64678673004689	57.64775009369652	57.76056996362241	57.76869896484792	57.86343532414628	57.918377852204145	57.71151427076491	57.83385855908966	57.76056996362241	57.96938806775144	57.952304641194594	57.871181737626586	57.92493215122221	57.719417904671765	57.841773087363606	57.76869896484792	57.952304641194594	58.066416698928776
58.327215484535145	58.31753543928947	58.152999338405905	57.72197379412184	58.2587955715226	58.512610188112774	58.34343508353924	58.31753543928947	58.36274443505209	58.18887417528038	57.757885444766046	58.294135790909664	58.54694933870929	58.37824070351472	58.152999338405905	58.18887417528038	58.081679946754406	57.591028039366236	58.128280019777115	58.391795114649454	58.215665573219646	57.72197379412184	57.757885444766046	57.591028039366236	58.527568597014344	57.69837118057624	57.95235714832704	57.78483723239347	58.2587955715226	58.294135790909664	58.128280019777115	57.69837118057624	58.275464450169096	58.49101085787579	58.32021958902269	58.512610188112774	58.54694933870929	58.391795114649454	57.95235714832704	58.49101085787579	58.80283082511571	58.57161135687295	58.34343508353924	58.37824070351472	58.215665573219646	57.78483723239347	58.32021958902269	58.57161135687295	58.44577967911793
59.39956956169742	60.0117288171422	59.31136438862717	56.992584688270334	59.34355693084265	59.63744365416511	59.41141603527803	60.0117288171422	62.11555858601959	59.95255430485	57.85531022266774	59.97382366355835	60.22236098367996	60.02579686680361	59.31136438862717	59.95255430485	59.268917319155804	56.91123660816342	59.26432084873605	59.56516526765825	59.33355590500028	56.992584688270334	57.85531022266774	56.91123660816342	60.39185465163369	56.94540202191139	57.237185561603255	57.01793080603818	59.34355693084265	59.97382366355835	59.26432084873605	56.94540202191139	59.339654726162365	59.59426785805807	59.365567671753396	59.63744365416511	60.22236098367996	59.56516526765825	57.237185561603255	59.59426785805807	59.96048314176756	59.65815253334498	59.41141603527803	60.02579686680361	59.33355590500028	57.01793080603818	59.365567671753396	59.65815253334498	59.459892428521336
61.700532448589335	62.622390539511294	61.431804557061206	60.53054339637528	61.60691927735044	62.44957427525033	61.698159620152005	62.622390539511294	70.99491835459185	63.13847883095485	62.005622543424344	62.61917404925043	63.18466947595722	62.61224373219627	61.431804557061206	63.13847883095485	61.80901243523861	60.282124824783665	61.33436489309506	62.56360265318739	61.43776837569002	60.53054339637528	62.005622543424344	60.282124824783665	62.34879933045341	60.44597514507534	61.24709972519984	60.53601109052687	61.60691927735044	62.61917404925043	61.33436489309506	60.44597514507534	61.736038580029316	62.41417461656603	61.6125197762397	62.44957427525033	63.18466947595722	62.56360265318739	61.24709972519984	62.41417461656603	63.79245255228915	62.45389009878346	61.698159620152005	62.61224373219627	61.43776837569002	60.53601109052687	61.6125197762397	62.45389009878346	61.71949548843276
58.9369063693038	60.51292890196475	58.90044690017608	57.50296855567905	58.738510088315834	58.979991633490215	58.97599753043563	60.51292890196475	65.27944274246943	60.50868622772569	59.422404501673725	60.41010179220319	60.5542509691476	60.516607564061864	58.90044690017608	60.50868622772569	58.89779837552463	57.48867602994599	58.723021573808275	58.965783612043296	58.96163985768491	57.50296855567905	59.422404501673725	57.48867602994599	59.77597856673224	57.3283974543592	57.566361079636444	57.568205176554294	58.738510088315834	60.41010179220319	58.723021573808275	57.3283974543592	58.706914947085465	58.80595269432779	58.802234067557	58.979991633490215	60.5542509691476	58.965783612043296	57.566361079636444	58.80595269432779	59.06279873486857	59.040171911539275	58.97599753043563	60.516607564061864	58.96163985768491	57.568205176554294	58.802234067557	59.040171911539275	59.12893633030151
