170.68273623192283	164.7332342000774	165.32952682159976	166.87259218196454	164.71769498946864	163.7549947202964	163.6450748573409	164.68812639125179	164.70548863041364	164.72361332401965	164.7332342000774	162.30873668941064	162.2927405720792	162.82036539294418	162.2297152993746	161.00162323588128	159.91099915918207	162.11885212895044	162.14494506205662	160.64480395141894	165.32952682159976	162.2927405720792	163.86842694451718	162.7542815907779	162.58979044101392	161.38463374665184	160.75847513421746	162.4677118774015	162.49533695680947	161.30882002393588	166.87259218196454	162.82036539294418	162.7542815907779	164.88778368918557	163.07529043474418	161.89205642913493	161.35963876205298	162.96046928893992	162.98939984214843	161.75533769259252	164.71769498946864	162.2297152993746	162.58979044101392	163.07529043474418	162.63083748287406	161.32937129570584	160.211202836204	162.4275769453288	162.4537388355694	160.97312470679472	163.7549947202964	161.00162323588128	161.38463374665184	161.89205642913493	161.32937129570584	161.20868623459654	159.01682410330469	161.2169392016814	161.24306099048854	159.80318213047232	163.6450748573409	159.91099915918207	160.75847513421746	161.35963876205298	160.211202836204	159.01682410330469	160.4091331575696	160.09940580767548	160.12426692682533	158.4208483192228	164.68812639125179	162.11885212895044	162.4677118774015	162.96046928893992	162.4275769453288	161.2169392016814	160.09940580767548	162.3766583228792	162.34468833730685	160.856913639839	164.70548863041364	162.14494506205662	162.49533695680947	162.98939984214843	162.4537388355694	161.24306099048854	160.12426692682533	162.34468833730685	162.37687515197618	160.8837199902003	164.72361332401965	160.64480395141894	161.30882002393588	161.75533769259252	160.97312470679472	159.80318213047232	158.4208483192228	160.856913639839	160.8837199902003	161.94273662515798
182.7874193854454	183.65017554576968	186.2022316242428	185.61743874067184	184.5543622023523	184.69247599177444	180.9770659501782	130.56370808730486	184.6975614510992	185.0413505062097	183.65017554576968	190.63720382093072	191.9548607050117	191.27393027205633	192.18557585463134	190.7259760865238	185.66962145377343	118.09424848558535	190.74010995334004	189.80450046353363	186.2022316242428	191.9548607050117	196.44731646772985	194.49080731577288	195.6321382205046	194.12957109713219	189.74145161563018	116.46040964224613	194.14481563518018	193.746831975137	185.61743874067184	191.27393027205633	194.49080731577288	194.41843079387766	194.80584522472947	193.5277225941768	188.67955821235782	117.28539276169778	193.54263933218093	192.84747762831347	184.5543622023523	192.18557585463134	195.6321382205046	194.80584522472947	197.48215325401551	194.32950418893157	189.30511735205164	119.96503675928719	194.34189604410153	193.65900574187287	184.69247599177444	190.7259760865238	194.12957109713219	193.5277225941768	194.32950418893157	193.09813388118218	187.99356517680013	117.62577486743649	193.1025080819464	192.31064980173275	180.9770659501782	185.66962145377343	189.74145161563018	188.67955821235782	189.30511735205164	187.99356517680013	186.0291105675881	117.95333801783576	188.00516635290276	186.721666311225	130.56370808730486	118.09424848558535	116.46040964224613	117.28539276169778	119.96503675928719	117.62577486743649	117.95333801783576	237.7025447142757	117.64216113872342	115.01810043953554	184.6975614510992	190.74010995334004	194.14481563518018	193.54263933218093	194.34189604410153	193.1025080819464	188.00516635290276	117.64216113872342	193.12739056230882	192.32370796429385	185.0413505062097	189.80450046353363	193.746831975137	192.84747762831347	193.65900574187287	192.31064980173275	186.721666311225	115.01810043953554	192.32370796429385	194.49027496759152
177.9004900903883	179.1403682034139	181.40632033670747	180.01509862899258	179.5729142401943	179.95863574208488	176.72111212137065	131.81669124458423	179.96292561306768	179.9682567452888	179.1403682034139	185.74352022510828	187.34944643928773	185.96779869955563	187.700369536926	185.91848309073762	181.7789826257711	119.08918613709201	185.9357907745562	185.89772535168933	181.40632033670747	187.34944643928773	190.88783700792732	188.80190653132016	190.5975107997271	188.75842684440613	185.07121774731002	118.23888386831003	188.77775999981017	188.749675578693	180.01509862899258	185.96779869955563	188.80190653132016	187.53630702957668	189.08576257266205	187.4752300469036	183.3868510890785	118.80014800615646	187.492710587305	187.45738762100663	179.5729142401943	187.700369536926	190.5975107997271	189.08576257266205	193.17123945006998	189.03924264346517	184.9732082954758	122.3606551941431	189.0527643544219	189.02329141687986	179.95863574208488	185.91848309073762	188.75842684440613	187.4752300469036	189.03924264346517	187.44609213823657	183.33439336472145	118.80515665067645	187.44635242298324	187.41098119829624	176.72111212137065	181.7789826257711	185.07121774731002	183.3868510890785	184.9732082954758	183.33439336472145	181.1886794879405	118.93142804394023	183.34808782019843	183.30283511887268	131.81669124458423	119.08918613709201	118.23888386831003	118.80014800615646	122.3606551941431	118.80515665067645	118.93142804394023	235.57459385764847	118.83129991972649	118.74037288458152	179.96292561306768	185.9357907745562	188.77775999981017	187.492710587305	189.0527643544219	187.44635242298324	183.34808782019843	118.83129991972649	187.48046069921378	187.42833771461565	179.9682567452888	185.89772535168933	188.749675578693	187.45738762100663	189.02329141687986	187.41098119829624	183.30283511887268	118.74037288458152	187.42833771461565	187.47638138997283
188.29242353576637	187.84217506748462	189.25232256268959	191.52813983538584	188.64770668196195	188.547200580369	185.1403845709808	129.0643879898714	188.32778191475407	189.06399809289005	187.84217506748462	196.28345458142437	195.95678122067397	197.83648607426238	198.21449061123874	195.10746896798045	188.9208675498883	121.05495139027501	197.05543807270783	195.67193688010912	189.25232256268959	195.95678122067397	200.3198951560911	201.1360911365997	201.45810148958003	199.25662442926495	193.00700413851936	120.22278414989246	201.32731899354036	199.77101515098946	191.52813983538584	197.83648607426238	201.1360911365997	204.50723238366334	202.66209394224626	200.4790081623639	195.0927442072417	121.05700514076874	204.17682297642972	200.9670739992373	188.64770668196195	198.21449061123874	201.45810148958003	202.66209394224626	206.9204494276439	200.66942707608732	194.5092658333855	124.81118782975513	201.5619046765205	201.1466944499764	188.547200580369	195.10746896798045	199.25662442926495	200.4790081623639	200.66942707608732	198.99677871972193	192.08067902680622	120.16305557885977	200.58877434479894	199.07334749698344	185.1403845709808	188.9208675498883	193.00700413851936	195.0927442072417	194.5092658333855	192.08067902680622	190.02997523750005	119.12518323755988	193.29075409942035	192.57909970399908	129.0643879898714	121.05495139027501	120.22278414989246	121.05700514076874	124.81118782975513	120.16305557885977	119.12518323755988	243.86934759050683	125.65225427699065	120.20316724447422	188.32778191475407	197.05543807270783	201.32731899354036	204.17682297642972	201.5619046765205	200.58877434479894	193.29075409942035	125.65225427699065	208.17563338180673	201.02778930540933	189.06399809289005	195.67193688010912	199.77101515098946	200.9670739992373	201.1466944499764	199.07334749698344	192.57909970399908	120.20316724447422	201.02778930540933	199.596304502172
191.21596205462737	190.3856045501654	191.13117765898573	196.13811237487835	190.5351671021475	190.78486998827194	188.35109779409646	130.16360105775922	192.75424690760553	190.82080237268943	190.3856045501654	199.6726679990739	196.19466088425756	201.36022630251563	199.69030465339137	195.52035454540837	190.8411998734147	124.73937052731469	199.62376973471157	195.5577121212681	191.13117765898573	196.19466088425756	202.39826452095642	203.93706712866413	202.93478091298388	201.4624604011067	195.78438191636744	122.17175243759928	204.24450835947223	201.49609671414888	196.13811237487835	201.36022630251563	203.93706712866413	211.5321353255689	205.6496400515706	203.63438005785224	200.180929230809	124.55532617130532	210.74527662648913	203.66476174675	190.5351671021475	199.69030465339137	202.93478091298388	205.6496400515706	209.5488832682849	202.3064509534853	197.20002458192553	128.81305377301607	203.7422055059138	202.3373389671321	190.78486998827194	195.52035454540837	201.4624604011067	203.63438005785224	202.3064509534853	201.24777391776848	195.0364334782513	121.98255078138934	203.76455518696082	201.25021007725599	188.35109779409646	190.8411998734147	195.78438191636744	200.180929230809	197.20002458192553	195.0364334782513	194.33765205808146	121.46347933846516	198.16701135390667	195.06636772231087	130.16360105775922	124.73937052731469	122.17175243759928	124.55532617130532	128.81305377301607	121.98255078138934	121.46347933846516	246.14688052674865	129.02305202755548	121.9782533125869	192.75424690760553	199.62376973471157	204.24450835947223	210.74527662648913	203.7422055059138	203.76455518696082	198.16701135390667	129.02305202755548	214.82358087212842	203.79071799138677	190.82080237268943	195.5577121212681	201.49609671414888	203.66476174675	202.3373389671321	201.25021007725599	195.06636772231087	121.9782533125869	203.79071799138677	201.29001198441188
194.72699083766162	194.40311760410071	194.68473433556028	199.03330435671813	194.31557255790358	190.11177174909875	192.27372233398484	130.42946681543273	194.72885380646082	194.35511457637236	194.40311760410071	198.8386387511577	198.39373098485498	202.39534129420502	198.13041829547944	193.29616946999772	194.2148595302207	122.41764884788053	200.20728284185364	197.99920701796586	194.68473433556028	198.39373098485498	200.0612799398396	202.96925638985002	199.22449946026612	194.6242457301768	195.59705391643485	122.81418858512458	201.16122596961108	199.118616921323	199.03330435671813	202.39534129420502	202.96925638985002	210.50864696573018	202.81691966714644	198.7566076229995	200.31521222033987	124.09365348007051	208.3873748543211	202.71493419312318	194.31557255790358	198.13041829547944	199.22449946026612	202.81691966714644	199.28104259672813	194.3628743862937	195.1158132815933	123.421232578575	200.57427738669523	198.8548638715964	190.11177174909875	193.29616946999772	194.6242457301768	198.7566076229995	194.3628743862937	193.63322508059395	190.61460774067234	122.15423908978933	197.20862673851946	194.23390894008864	192.27372233398484	194.2148595302207	195.59705391643485	200.31521222033987	195.1158132815933	190.61460774067234	194.4836487865118	120.80489292374753	197.29852686179635	194.97589180939008	130.42946681543273	122.41764884788053	122.81418858512458	124.09365348007051	123.421232578575	122.15423908978933	120.80489292374753	234.25330262008046	131.46998419006258	122.95528266806274	194.72885380646082	200.20728284185364	201.16122596961108	208.3873748543211	200.57427738669523	197.20862673851946	197.29852686179635	131.46998419006258	209.8558245084451	200.58021179944856	194.35511457637236	197.99920701796586	199.118616921323	202.71493419312318	198.8548638715964	194.23390894008864	194.97589180939008	122.95528266806274	200.58021179944856	198.76865525562567
203.25967013818934	203.3599784202956	204.107046784999	205.71416959376697	201.094281830503	187.9621666748526	201.1184576276967	133.17251574205696	201.87555800493112	203.26443520498725	203.3599784202956	204.06931700747114	204.3100507356806	205.90297265482553	201.4876079440227	187.877494353873	201.22025161985454	132.8140631028828	202.04744522126495	203.41527357360965	204.107046784999	204.3100507356806	206.1694123292276	206.39044507182962	202.3324112732161	189.16948944276876	202.4813645200008	133.2224519292843	202.94460742750869	204.16770484161972	205.71416959376697	205.90297265482553	206.39044507182962	209.54125849277276	204.03815967861615	190.77845141245538	203.97827043513655	131.7469853526478	205.03189275521973	205.76681710596864	201.094281830503	201.4876079440227	202.3324112732161	204.03815967861615	202.15389680003403	188.08594074530023	199.77268673689835	141.49998687262973	199.35042191104912	201.17417870740024	187.9621666748526	187.877494353873	189.16948944276876	190.77845141245538	188.08594074530023	185.9511097382184	186.1012876122826	128.92018784100367	187.57565458493897	188.01242697003443	201.1184576276967	201.22025161985454	202.4813645200008	203.97827043513655	199.77268673689835	186.1012876122826	201.01054651163315	130.83089785393216	199.82440200242502	201.1654843829549	133.17251574205696	132.8140631028828	133.2224519292843	131.7469853526478	141.49998687262973	128.92018784100367	130.83089785393216	226.80873161404162	135.68708106611024	133.0887616058095	201.87555800493112	202.04744522126495	202.94460742750869	205.03189275521973	199.35042191104912	187.57565458493897	199.82440200242502	135.68708106611024	202.47839479229387	201.93851148668165	203.26443520498725	203.41527357360965	204.16770484161972	205.76681710596864	201.17417870740024	188.01242697003443	201.1654843829549	133.0887616058095	201.93851148668165	203.32782633457668
181.7707197972274	181.36013129022874	183.5173977703232	182.9646647034821	180.980544377584	180.05275687632428	179.71199148036283	134.0570413217953	182.06246622172497	182.07223401316335	181.36013129022874	183.57931167143872	184.25171730621992	183.54272401991906	182.6747834989863	180.4918271771402	179.99788385767528	130.5193051489845	182.65419795004524	182.66082471123445	183.5173977703232	184.25171730621992	187.34343515493003	185.78018561092074	184.71212524763015	182.97226260951985	182.85173844421564	131.14775826493505	185.0050450475232	185.0128080855948	182.9646647034821	183.54272401991906	185.78018561092074	185.57796385134412	183.92435468192184	182.3543484744956	181.98366085488118	131.02062369453918	184.40352700897716	184.41050391531627	180.980544377584	182.6747834989863	184.71212524763015	183.92435468192184	184.78965894869523	181.14631119842272	180.7565402929175	139.85526752610548	182.93545477250015	182.9486778288504	180.05275687632428	180.4918271771402	182.97226260951985	182.3543484744956	181.14631119842272	181.26339798620359	179.0206574801678	130.87427775553584	181.5107721064059	181.51808592873658	179.71199148036283	179.99788385767528	182.85173844421564	181.98366085488118	180.7565402929175	179.0206574801678	180.20090052032327	130.30392258581026	181.03621052472576	181.04321593782785	134.0570413217953	130.5193051489845	131.14775826493505	131.02062369453918	139.85526752610548	130.87427775553584	130.30392258581026	217.68481017243832	131.7001318061706	131.664112742901	182.06246622172497	182.65419795004524	185.0050450475232	184.40352700897716	182.93545477250015	181.5107721064059	181.03621052472576	131.7001318061706	183.56624790609888	183.56346421000563	182.07223401316335	182.66082471123445	185.0128080855948	184.41050391531627	182.9486778288504	181.51808592873658	181.04321593782785	131.664112742901	183.56346421000563	183.58131611143008
183.7152989554955	182.54398168325167	184.9395583504847	186.07655606618016	183.33432370307773	183.67796317210727	181.77260673736112	131.39486727773865	183.9431503124538	183.95133364276506	182.54398168325167	185.9340523512617	185.3454227882552	186.24118589570543	185.46540884412784	183.79058554047475	181.3712063953315	126.06070942498339	184.09519708548368	184.0980579814598	184.9395583504847	185.3454227882552	189.01611585496724	188.91180455154142	187.48158491896234	186.89722283036699	185.01993769064103	127.8107503712542	187.16889769958212	187.1736554942612	186.07655606618016	186.24118589570543	188.91180455154142	190.80413511875037	188.44755502802545	187.80221251914514	185.878504354324	126.64642019683914	188.07880409318517	188.08055476099028	183.33432370307773	185.46540884412784	187.48158491896234	188.44755502802545	189.14696782816924	185.92409130686423	184.04243782256475	135.44892407783703	186.16230624378824	186.1729321257921	183.67796317210727	183.79058554047475	186.89722283036699	187.80221251914514	185.92409130686423	185.88818210148506	183.42850124755094	128.0921472415694	185.91333153991832	185.91857308847548	181.77260673736112	181.3712063953315	185.01993769064103	185.878504354324	184.04243782256475	183.42850124755094	183.17479233949712	126.66487568361778	183.69309956103658	183.69792721056444	131.39486727773865	126.06070942498339	127.8107503712542	126.64642019683914	135.44892407783703	128.0921472415694	126.66487568361778	223.08407919077518	128.2088480453321	128.17343593843052	183.9431503124538	184.09519708548368	187.16889769958212	188.07880409318517	186.16230624378824	185.91333153991832	183.69309956103658	128.2088480453321	186.20043435876485	186.1898677350885	183.95133364276506	184.0980579814598	187.1736554942612	188.08055476099028	186.1729321257921	185.91857308847548	183.69792721056444	128.17343593843052	186.1898677350885	186.20290928450515
173.0681339343341	168.56208350572047	168.14393455093807	170.29820447439658	168.8028659268882	167.035045507648	166.59556545763195	161.3159499780671	167.0462339876471	167.1771166336174	168.56208350572047	173.18356988221493	168.29426340381622	168.8964970306527	173.2372454671146	166.09350953636184	165.02804539495153	159.35253040656042	166.11026687091555	165.7562919815782	168.14393455093807	168.29426340381622	173.4703211314075	170.55731912266913	175.49314813482397	170.30818415033815	169.25730727923246	162.62172082182653	170.32237279294733	170.17039437160867	170.29820447439658	168.8964970306527	170.55731912266913	173.1147931892995	174.9413206158426	170.15449562510122	169.142598085462	162.40074780215775	170.1724625105151	169.92754887584408	168.8028659268882	173.2372454671146	175.49314813482397	174.9413206158426	182.98070885408416	173.30480521242188	172.09516528171756	166.23917615752657	173.31541238634458	173.15925688330177	167.035045507648	166.09350953636184	170.30818415033815	170.15449562510122	173.30480521242188	169.37985101995034	167.58003104375265	161.85859144261445	169.3837663175993	169.0258920010711	166.59556545763195	165.02804539495153	169.25730727923246	169.142598085462	172.09516528171756	167.58003104375265	168.18029702745164	160.29304053575154	167.59301480383652	167.1963393025306	161.3159499780671	159.35253040656042	162.62172082182653	162.40074780215775	166.23917615752657	161.85859144261445	160.29304053575154	173.51367831627107	161.87150175079933	161.41838249038938	167.0462339876471	166.11026687091555	170.32237279294733	170.1724625105151	173.31541238634458	169.3837663175993	167.59301480383652	161.87150175079933	169.4081896746835	169.03883483600848	167.1771166336174	165.7562919815782	170.17039437160867	169.92754887584408	173.15925688330177	169.0258920010711	167.1963393025306	161.41838249038938	169.03883483600848	169.73089315341008
172.9061715265915	168.15865243358297	167.2509359557924	169.79748712939713	168.1166622827419	166.20531722975156	165.93174787671424	162.86913883372938	166.22422269150118	166.2985003556833	168.15865243358297	171.8807146513339	166.70358188097447	167.40343129462022	171.0821708743431	164.47915001278326	163.43133513786472	160.53518275972795	164.5038478029481	164.30390850472233	167.2509359557924	166.70358188097447	172.3450595854066	168.67532025931996	173.516936456863	168.81285493160425	167.7338401717391	164.378943377095	168.8316486150844	168.75686427864258	169.79748712939713	167.40343129462022	168.67532025931996	171.84654725042452	172.91384408472274	168.6213056310973	167.54845520482306	164.13002006961065	168.64330727090572	168.4962340327849	168.1166622827419	171.0821708743431	173.516936456863	172.91384408472274	179.8946523321022	171.41697642364463	170.08888454845658	167.3124059020229	171.43312328865267	171.34120030809703	166.20531722975156	164.47915001278326	168.81285493160425	168.6213056310973	171.41697642364463	168.0331513286848	165.90676710352002	163.68874896106948	168.03308056703867	167.82846938708005	165.93174787671424	163.43133513786472	167.7338401717391	167.54845520482306	170.08888454845658	165.90676710352002	166.82115477817712	161.70313919967694	165.92499613455314	165.7024534600829	162.86913883372938	160.53518275972795	164.378943377095	164.13002006961065	167.3124059020229	163.68874896106948	161.70313919967694	170.26085184580222	163.70631448929012	163.46698888058097	166.22422269150118	164.5038478029481	168.8316486150844	168.64330727090572	171.43312328865267	168.03308056703867	165.92499613455314	163.70631448929012	168.05827330746752	167.84646685603568	166.2985003556833	164.30390850472233	168.75686427864258	168.4962340327849	171.34120030809703	167.82846938708005	165.7024534600829	163.46698888058097	167.84646685603568	168.22820446390222
173.06327241647764	169.4835212498603	168.5645908605083	170.77815851994612	170.20324407624747	165.315881368273	166.99832574176642	167.29916103612516	167.5562245183483	167.55939291499928	169.4835212498603	174.86448143965495	169.33060292835808	169.60639351616962	174.88345681090414	164.19286848041045	165.71661971911254	166.53762172675377	166.83181971478302	166.57747973275073	168.5645908605083	169.33060292835808	173.76747225669317	169.61712578348516	175.53091718500872	167.65713539497068	168.8126660729617	169.33294707061674	169.64751329548218	169.58285717200403	170.77815851994612	169.60639351616962	169.61712578348516	172.98303962175007	174.91010089324362	167.48170345240447	168.45755319126442	169.21366949481597	169.54109917865895	169.34788663792835	170.20324407624747	174.88345681090414	175.53091718500872	174.91010089324362	183.2186839322627	171.0553666083598	171.9645839020283	172.53418482595268	172.81861273091718	172.7762394211522	165.315881368273	164.19286848041045	167.65713539497068	167.48170345240447	171.0553666083598	167.32177470568524	164.54996866147778	166.39897507638113	166.69765242504928	166.50488064193053	166.99832574176642	165.71661971911254	168.8126660729617	168.45755319126442	171.9645839020283	164.54996866147778	167.98671449351102	166.21480192186397	166.51603827721	166.25123056143565	167.29916103612516	166.53762172675377	169.33294707061674	169.21366949481597	172.53418482595268	166.39897507638113	166.21480192186397	168.91376453355443	168.460600806958	168.21774575466353	167.5562245183483	166.83181971478302	169.64751329548218	169.54109917865895	172.81861273091718	166.69765242504928	166.51603827721	168.460600806958	168.7728201628896	168.52815554363954	167.55939291499928	166.57747973275073	169.58285717200403	169.34788663792835	172.7762394211522	166.50488064193053	166.25123056143565	168.21774575466353	168.52815554363954	168.97132507278872
183.62258346241472	181.62234319972424	184.3938453616487	185.5738706313831	183.05896569763564	182.98390597533646	181.31973061729448	135.19544281532652	182.9951755020281	183.239254095008	181.62234319972424	188.5377743401238	187.9597952688456	188.00662065150243	190.54738565841006	185.833245034443	183.21639083209598	127.71237016416298	185.84995449116505	185.60855147595646	184.3938453616487	187.9597952688456	195.64490396625462	193.4351864100431	196.08141004543705	192.7029611997918	190.28753764359413	126.38824048775294	192.71844136078064	192.72344534612867	185.5738706313831	188.00662065150243	193.4351864100431	194.92008987533092	195.41062850442907	192.47284799372636	189.97770323610365	126.19888059129565	192.4899792844363	192.41419262924364	183.05896569763564	190.54738565841006	196.08141004543705	195.41062850442907	201.56186663636433	193.93724697204402	191.2518667182524	132.48468945834315	193.94885391892893	193.90785077842781	182.98390597533646	185.833245034443	192.7029611997918	192.47284799372636	193.93724697204402	191.4727118860405	188.38819878112477	126.5501438220437	191.47557549031617	191.30472517356986	181.31973061729448	183.21639083209598	190.28753764359413	189.97770323610365	191.2518667182524	188.38819878112477	187.79453457858	126.1217787541924	188.4019741641849	188.14734889481898	135.19544281532652	127.71237016416298	126.38824048775294	126.19888059129565	132.48468945834315	126.5501438220437	126.1217787541924	227.64741764247725	126.56194816308242	125.68691332240905	182.9951755020281	185.84995449116505	192.71844136078064	192.4899792844363	193.94885391892893	191.47557549031617	188.4019741641849	126.56194816308242	191.499078903095	191.31905217223937	183.239254095008	185.60855147595646	192.72344534612867	192.41419262924364	193.90785077842781	191.30472517356986	188.14734889481898	125.68691332240905	191.31905217223937	192.21644536389354
172.78449568448778	173.34981876938843	174.36768595206343	174.02272785334554	172.90809840045299	173.67880849157595	171.76710913644698	132.69340243963762	173.92099663392835	173.6509934346634	173.34981876938843	180.170764937143	180.79186332052032	180.42166349701682	182.5183390238371	180.0477844009843	177.64882206781238	121.21850947652428	180.3581384580285	179.73713281854117	174.36768595206343	180.79186332052032	182.37412807331194	181.85126411852826	183.89468851560625	181.48514544297203	179.1553191934199	120.7879410965232	181.7931807698514	181.21232837124816	174.02272785334554	180.42166349701682	181.85126411852826	181.50073039910552	183.46841666850221	181.12785347675515	178.75259029389326	120.89152719245861	181.43486896303386	180.83618392406285	172.90809840045299	182.5183390238371	183.89468851560625	183.46841666850221	189.10477867793747	183.1354519084113	180.66246185396855	125.98797784253652	183.39189277909915	182.82001468183788	173.67880849157595	180.0477844009843	181.48514544297203	181.12785347675515	183.1354519084113	181.03671202841997	178.38731042015294	120.82818986218348	181.0681768138415	180.4714671690034	171.76710913644698	177.64882206781238	179.1553191934199	178.75259029389326	180.66246185396855	178.38731042015294	177.06777597444434	121.17193444326374	178.68176246128778	178.00556766666674	132.69340243963762	121.21850947652428	120.7879410965232	120.89152719245861	125.98797784253652	120.82818986218348	121.17193444326374	239.02995114367477	120.9723737923158	120.37603164433172	173.92099663392835	180.3581384580285	181.7931807698514	181.43486896303386	183.39189277909915	181.0681768138415	178.68176246128778	120.9723737923158	181.43804945580956	180.77262106798304	173.6509934346634	179.73713281854117	181.21232837124816	180.83618392406285	182.82001468183788	180.4714671690034	178.00556766666674	120.37603164433172	180.77262106798304	180.89928786947593
176.99655178923848	178.33393329608379	179.75652442286255	179.204043431331	178.2397255178524	179.1674206484123	176.00181088236053	132.3925489059332	178.83911906422057	177.73112541296413	178.33393329608379	187.52163691241452	188.11151135214962	187.61772918502137	190.19822846723562	187.5861317590927	183.8962088623955	123.2380196941205	187.49180970080022	183.7006381633536	179.75652442286255	188.11151135214962	190.31615276616105	189.46247678658946	192.00047183639828	189.43306452062217	185.87990651275192	122.18106214461406	189.36928992599007	186.13065338620643	179.204043431331	187.61772918502137	189.46247678658946	189.01081605464614	191.3592221015636	188.97258446770343	185.2997798491799	122.56305830264299	188.89564066465977	185.35635250770048	178.2397255178524	190.19822846723562	192.00047183639828	191.3592221015636	197.88349396165586	191.32939660333193	187.56209809209543	127.98934264932375	191.15847259094016	187.9285650363553	179.1674206484123	187.5861317590927	189.43306452062217	188.97258446770343	191.32939660333193	188.95634220300929	185.26707964821156	122.56753865263302	188.86518535387964	185.3220195420432	176.00181088236053	183.8962088623955	185.87990651275192	185.2997798491799	187.56209809209543	185.26707964821156	183.55609560689143	123.58868371378139	185.12829922742125	180.59022207735975	132.3925489059332	123.2380196941205	122.18106214461406	122.56305830264299	127.98934264932375	122.56753865263302	123.58868371378139	243.47501476930066	123.03053219606579	117.97682633479523	178.83911906422057	187.49180970080022	189.36928992599007	188.89564066465977	191.15847259094016	188.86518535387964	185.12829922742125	123.03053219606579	189.1413988258075	185.14649224023592	177.73112541296413	183.7006381633536	186.13065338620643	185.35635250770048	187.9285650363553	185.3220195420432	180.59022207735975	117.97682633479523	185.14649224023592	187.71563246726595
179.83763462087538	181.21902161059387	182.98101593014846	181.59750584985116	180.89674912029227	179.095239211625	178.51432351123083	133.49529855920912	181.46898132904343	181.56901414708148	181.21902161059387	187.04388628700173	188.42087872612706	187.05125230404826	188.0619774483219	184.269292881852	183.25102201705192	122.57650238120193	186.97628499155172	187.02460283981802	182.98101593014846	188.42087872612706	191.10370291277974	189.03312541423378	190.15465418323896	186.31353188708394	185.62092097451227	121.98248716225123	188.97371671007036	189.01061772126718	181.59750584985116	187.05125230404826	189.03312541423378	187.72052233870073	188.6270493060822	184.972230483848	183.94628588842303	122.55715886447484	187.63803410735974	187.68478492148213	180.89674912029227	188.0619774483219	190.15465418323896	188.6270493060822	191.83047784683274	186.08785842834365	184.93481120028426	126.6079370324867	188.53782199083705	188.60067898931726	179.095239211625	184.269292881852	186.31353188708394	184.972230483848	186.08785842834365	184.3616813365209	181.2504945156121	121.78724715944357	184.90614163758787	184.94673731506236	178.51432351123083	183.25102201705192	185.62092097451227	183.94628588842303	184.93481120028426	181.2504945156121	181.9389372808416	122.33497786458591	183.854379284707	183.914781903071	133.49529855920912	122.57650238120193	121.98248716225123	122.55715886447484	126.6079370324867	121.78724715944357	122.33497786458591	230.4763598203852	122.70421817945581	122.55595937844558	181.46898132904343	186.97628499155172	188.97371671007036	187.63803410735974	188.53782199083705	184.90614163758787	183.854379284707	122.70421817945581	187.6568462613538	187.6121199679064	181.56901414708148	187.02460283981802	189.01061772126718	187.68478492148213	188.60067898931726	184.94673731506236	183.914781903071	122.55595937844558	187.6121199679064	187.6706768652824
179.2187544089697	179.0252611538442	181.20744939248462	179.8338228045881	178.75457272160116	176.4659668151544	177.8043222168111	137.32432637414547	179.19010421555637	179.22170939272988	179.0252611538442	179.3968565098982	181.11184665665203	179.69021117468958	178.81137329530023	176.2608604482178	177.6200155832612	136.6333427878139	179.04382236532194	179.07432880434507	181.20744939248462	181.11184665665203	184.22944126770636	181.7996604113524	181.09163580402134	178.526902415193	180.11280436778844	136.74359152913192	181.23420823108924	181.26071804104757	179.8338228045881	179.69021117468958	181.7996604113524	180.71868646745313	179.52560101612505	177.12115856458018	178.49841344443175	136.735747923741	179.85563782520478	179.8843619772855	178.75457272160116	178.81137329530023	181.09163580402134	179.52560101612505	180.08054214872658	176.4160876526165	177.64579037212835	144.96437381494425	178.7835999972557	178.82877735628006	176.4659668151544	176.2608604482178	178.526902415193	177.12115856458018	176.4160876526165	176.24486180410565	175.10045529845343	135.55203775739895	176.48775776565753	176.51523745233771	177.8043222168111	177.6200155832612	180.11280436778844	178.49841344443175	177.64579037212835	175.10045529845343	177.46071200482544	135.91065093498682	177.81933014204438	177.85079731031362	137.32432637414547	136.6333427878139	136.74359152913192	136.735747923741	144.96437381494425	135.55203775739895	135.91065093498682	200.86616161723015	137.2928183761036	137.199710120979	179.19010421555637	179.04382236532194	181.23420823108924	179.85563782520478	178.7835999972557	176.48775776565753	177.81933014204438	137.2928183761036	179.24561427428947	179.24246427877404	179.22170939272988	179.07432880434507	181.26071804104757	179.8843619772855	178.82877735628006	176.51523745233771	177.85079731031362	137.199710120979	179.24246427877404	179.28083065524385
166.1148533168262	162.08902500634795	163.8917909350733	163.93014793377571	163.9601893936147	162.92178990530607	161.74584823443413	162.64406230654504	162.93060194718237	162.85777429875603	162.08902500634795	161.96337599414593	161.77476721547583	161.385789480227	163.6667193948399	160.71757787658186	159.08745381577592	160.38366908280008	160.73252707091052	160.53084357183016	163.8917909350733	161.77476721547583	165.30024817473844	163.61696353837897	166.05566056213078	163.38388729906922	162.20757917925013	163.0292828258541	163.39931578131228	163.26643241779195	163.93014793377571	161.385789480227	163.61696353837897	164.2257164844054	165.5901366958903	163.09432869142418	161.73049065520442	162.74037405098807	163.11034118049668	162.9471563882459	163.9601893936147	163.6667193948399	166.05566056213078	165.5901366958903	169.39308223427943	164.90953042656372	163.4903446034489	164.58977513382874	164.92013141728174	164.79072107606953	162.92178990530607	160.71757787658186	163.38388729906922	163.09432869142418	164.90953042656372	162.63542153951684	161.07000326949435	162.28502291087707	162.6394784391173	162.4703895852519	161.74584823443413	159.08745381577592	162.20757917925013	161.73049065520442	163.4903446034489	161.07000326949435	160.99401193172793	160.73575020368378	161.0828964359137	160.88851588139718	162.64406230654504	160.38366908280008	163.0292828258541	162.74037405098807	164.58977513382874	162.28502291087707	160.73575020368378	162.85233125793428	162.2987286550746	162.12765005615762	162.93060194718237	160.73252707091052	163.39931578131228	163.11034118049668	164.92013141728174	162.6394784391173	161.0828964359137	162.2987286550746	162.66447198151496	162.48401706054275	162.85777429875603	160.53084357183016	163.26643241779195	162.9471563882459	164.79072107606953	162.4703895852519	160.88851588139718	162.12765005615762	162.48401706054275	162.60344135109767
179.26700132142182	179.69344434678644	182.02847522980994	181.13708987946302	179.7404089178965	180.06901625111357	177.66013938462646	131.69129891829027	180.8826395292644	180.8848592291707	179.69344434678644	186.58304253648697	187.85680470664823	186.76076161716028	189.04117869127157	185.6664825215199	182.4979310931048	122.91273240850617	186.55383058916306	186.54278538777547	182.02847522980994	187.85680470664823	191.53690907302203	189.83402837308495	192.00943486354572	188.82127581785585	186.03904062321305	122.14336481094384	189.6667242189023	189.65952702195938	181.13708987946302	186.76076161716028	189.83402837308495	188.97263936097153	190.6886158495309	187.83745636275427	184.7598372666042	122.3017813511553	188.68985713479756	188.6804435266668	179.7404089178965	189.04117869127157	192.00943486354572	190.6886158495309	196.87802290076525	189.73843293880554	186.5941306375069	129.68549709479808	190.4736915899859	190.46890464251956	180.06901625111357	185.6664825215199	188.82127581785585	187.83745636275427	189.73843293880554	187.50814024021096	183.6998659421566	122.21250714913423	187.65448899286142	187.64515439501488	177.66013938462646	182.4979310931048	186.03904062321305	184.7598372666042	186.5941306375069	183.6998659421566	182.47718810156	122.33477250560234	184.53127774487842	184.5179542633984	131.69129891829027	122.91273240850617	122.14336481094384	122.3017813511553	129.68549709479808	122.21250714913423	122.33477250560234	237.6826895530534	122.38024288565673	122.34646903037867	180.8826395292644	186.55383058916306	189.6667242189023	188.68985713479756	190.4736915899859	187.65448899286142	184.53127774487842	122.38024288565673	188.51377728060314	188.49771701076597	180.8848592291707	186.54278538777547	189.65952702195938	188.6804435266668	190.46890464251956	187.64515439501488	184.5179542633984	122.34646903037867	188.49771701076597	188.51839882216294
185.2949096712604	186.14362544233228	188.13022067262614	188.03993140312065	185.72521957741932	184.3986414191432	182.82441908157242	131.38558818026715	187.4825500717555	187.49232434980766	186.14362544233228	194.68559647539044	195.15688354126306	194.794333016258	196.95285018367468	191.01458092661164	188.33995416868783	123.06586652007606	194.37498981154425	194.37637023779794	188.13022067262614	195.15688354126306	198.64878597524077	197.70530690788968	199.6166905121953	194.2327555192666	191.91026504024796	121.99649176133165	197.39760079766086	197.39818043733447	188.03993140312065	194.794333016258	197.70530690788968	197.70137040650815	199.04753491143674	193.91465462888038	191.38013701382852	121.95593648646607	197.1017539141722	197.10192592118256	185.72521957741932	196.95285018367468	199.6166905121953	199.04753491143674	205.70522956920175	195.8939946390532	192.82663755122923	129.99773185020098	198.61589660954144	198.62170881420235	184.3986414191432	191.01458092661164	194.2327555192666	193.91465462888038	195.8939946390532	193.01015929993818	187.78998250952236	121.5922871856987	193.5763057531198	193.57648038747175	182.82441908157242	188.33995416868783	191.91026504024796	191.38013701382852	192.82663755122923	187.78998250952236	187.8008795753709	122.098923540785	190.86702282309895	190.86923160294606	131.38558818026715	123.06586652007606	121.99649176133165	121.95593648646607	129.99773185020098	121.5922871856987	122.098923540785	240.26932919689511	122.11606705719103	122.09538084102655	187.4825500717555	194.37498981154425	197.39760079766086	197.1017539141722	198.61589660954144	193.5763057531198	190.86702282309895	122.11606705719103	196.78401993366288	196.7713757549513	187.49232434980766	194.37637023779794	197.39818043733447	197.10192592118256	198.62170881420235	193.57648038747175	190.86923160294606	122.09538084102655	196.7713757549513	196.78052857532307
183.23115838053073	183.7881189763873	185.5017105276717	184.9013880092686	182.6821095595405	180.85715828933496	180.87741068230093	132.7881686667972	184.53294793338858	184.54527606062925	183.7881189763873	189.70278952550547	190.45949862174027	189.6857678791099	190.5204017874251	185.44757799012152	184.94989243524222	126.14219747954246	189.37316280979226	189.3788520175407	185.5017105276717	190.45949862174027	193.20274991115554	191.8159647453968	192.58360293325538	187.7819967530875	187.58094387636174	125.68430610924098	191.54844307411523	191.5536311886923	184.9013880092686	189.6857678791099	191.8159647453968	191.2837037452369	191.584445608431	187.05046737205623	186.58982345572772	125.73425790607489	190.85094959844508	190.85608937031597	182.6821095595405	190.5204017874251	192.58360293325538	191.584445608431	196.20170209983502	188.00374959898707	187.13649327959854	134.5173787114166	191.23394927565477	191.24562965389438	180.85715828933496	185.44757799012152	187.7819967530875	187.05046737205623	188.00374959898707	186.1010228956389	182.52084184104888	125.1568288881308	186.75941642751906	186.7641229119917	180.87741068230093	184.94989243524222	187.58094387636174	186.58982345572772	187.13649327959854	182.52084184104888	184.03076870795078	125.52116313766567	186.22827870660004	186.2347257974447	132.7881686667972	126.14219747954246	125.68430610924098	125.73425790607489	134.5173787114166	125.1568288881308	125.52116313766567	235.37143288679	125.88766941118286	125.86197086017896	184.53294793338858	189.37316280979226	191.54844307411523	190.85094959844508	191.23394927565477	186.75941642751906	186.22827870660004	125.88766941118286	190.57697154003174	190.56880422575676	184.54527606062925	189.3788520175407	191.5536311886923	190.85608937031597	191.24562965389438	186.7641229119917	186.2347257974447	125.86197086017896	190.56880422575676	190.58284439098915
