169.39281949956333	164.79157803374716	166.19032147246463	167.5968770012852	165.86902246201944	165.04567418558176	164.07653154365664	164.85437374217105	166.4454300060193	165.04614749738585	164.79157803374716	166.53181499806584	163.98466400637034	164.57676880464575	164.70121127544823	161.9749927871418	160.17566024654334	161.75088556281105	165.15905412723632	161.92586829082254	166.19032147246463	163.98466400637034	170.3105315079784	167.58899318738233	168.76008424793216	166.87332525094845	165.7405852210555	166.6312327785382	169.87221260023256	166.86051437625446	167.5968770012852	164.57676880464575	167.58899318738233	170.81298370473957	168.82889626025147	167.2510612738643	165.7654640280223	167.0084686434066	171.1255529659124	167.22199814113216	165.86902246201944	164.70121127544823	168.76008424793216	168.82889626025147	170.81001809576333	167.39456020786335	165.63324390888087	167.16741865545598	169.434093373841	167.36860348829728	165.04567418558176	161.9749927871418	166.87332525094845	167.2510612738643	167.39456020786335	166.07436783137706	163.9948688540885	165.83530009945264	168.31878300851844	166.03411752161654	164.07653154365664	160.17566024654334	165.7405852210555	165.7654640280223	165.63324390888087	163.9948688540885	164.47386862293715	163.76382859645483	166.40676776340925	163.9524404338265	164.85437374217105	161.75088556281105	166.6312327785382	167.0084686434066	167.16741865545598	165.83530009945264	163.76382859645483	166.20471889477193	168.0952955047724	165.79993174583365	166.4454300060193	165.15905412723632	169.87221260023256	171.1255529659124	169.434093373841	168.31878300851844	166.40676776340925	168.0952955047724	174.45604745521916	168.2931476833649	165.04614749738585	161.92586829082254	166.86051437625446	167.22199814113216	167.36860348829728	166.03411752161654	163.9524404338265	165.79993174583365	168.2931476833649	166.10207219488328
170.50330404770483	164.77640541001418	164.93049597090197	167.3228963191158	165.14519680821067	164.50152154161202	163.3541830392785	164.48202997709762	164.61447841474083	164.50642604087167	164.77640541001418	164.53393133401215	161.59095143767928	162.43507560740903	162.9549914120539	160.9890757498327	157.87466618272524	160.9657905283159	161.1877635209444	160.85726924395973	164.93049597090197	161.59095143767928	167.96820848487823	164.46499302019217	166.86891176821453	165.446788754263	163.03722815540888	165.42002935424415	165.6121769315008	165.3909946735952	167.3228963191158	162.43507560740903	164.46499302019217	168.0130551999594	166.86762521599772	165.56186339055245	163.04566590870292	165.53444862132454	165.81786713511826	165.47062733117104	165.14519680821067	162.9549914120539	166.86891176821453	166.86762521599772	169.17953192917793	166.66286944717095	163.228196866729	166.63751696607582	166.79044059014333	166.57763821904513	164.50152154161202	160.9890757498327	165.446788754263	165.56186339055245	166.66286944717095	165.69918052813233	161.83615509177687	165.66778250179343	165.82509048977815	165.5927452695131	163.3541830392785	157.87466618272524	163.03722815540888	163.04566590870292	163.228196866729	161.83615509177687	162.62283864689334	161.81082285698287	161.99818943189405	161.70809286406146	164.48202997709762	160.9657905283159	165.42002935424415	165.53444862132454	166.63751696607582	165.66778250179343	161.81082285698287	165.7162595313744	165.7993649044063	165.56684762785656	164.61447841474083	161.1877635209444	165.6121769315008	165.81786713511826	166.79044059014333	165.82509048977815	161.99818943189405	165.7993649044063	166.1805850836183	165.72562739318678	164.50642604087167	160.85726924395973	165.3909946735952	165.47062733117104	166.57763821904513	165.5927452695131	161.70809286406146	165.56684762785656	165.72562739318678	165.74325397810142
168.26433886262797	163.39715503490405	164.92292104535935	166.06015907029675	165.14571557030624	164.45580543525602	162.56213650245562	164.27021644933947	164.49428100604567	164.44970757042515	163.39715503490405	163.1630259565841	161.6199804539354	161.83075015562838	163.0589274655804	161.0609564814586	157.78059141486574	160.8401340519062	161.13992421348098	161.01393330684633	164.92292104535935	161.6199804539354	166.72949141273196	164.37399011614747	166.28446100928622	164.76344746818245	162.50124449737024	164.53294349164457	164.83835889785158	164.74230980340332	166.06015907029675	161.83075015562838	164.37399011614747	166.54322379038896	166.32795734984182	164.8734499246687	162.36299609001878	164.6365433080608	164.97298081328637	164.84180423043506	165.14571557030624	163.0589274655804	166.28446100928622	166.32795734984182	168.55088783134732	165.86987453259255	162.9513574177043	165.6537451250281	165.92411550602108	165.84338626301488	164.45580543525602	161.0609564814586	164.76344746818245	164.8734499246687	165.86987453259255	164.71457556853417	161.4789196928703	164.48655061666182	164.76921363975	164.67650912014864	162.56213650245562	157.78059141486574	162.50124449737024	162.36299609001878	162.9513574177043	161.4789196928703	161.72646289188293	161.2588585225251	161.5428956515706	161.43328633134973	164.27021644933947	160.8401340519062	164.53294349164457	164.6365433080608	165.6537451250281	164.48655061666182	161.2588585225251	164.8242754127159	164.5472258989695	164.45383284088456	164.49428100604567	161.13992421348098	164.83835889785158	164.97298081328637	165.92411550602108	164.76921363975	161.5428956515706	164.5472258989695	164.92169509059792	164.73707813212607	164.44970757042515	161.01393330684633	164.74230980340332	164.84180423043506	165.84338626301488	164.67650912014864	161.43328633134973	164.45383284088456	164.73707813212607	164.72833977979937
168.78554792879348	164.0057043552169	165.23470438627538	166.3466578734613	165.37965033847036	164.46775562408766	163.07389477095984	164.44353209475284	164.6898923361719	164.45799931291148	164.0057043552169	165.01522563185478	162.76532093966608	163.0300652391844	164.86362381153987	161.63691601000002	159.1847347185449	161.60804788263314	162.2636522141551	161.52099149161901	165.23470438627538	162.76532093966608	167.78170870344795	165.68995781655684	168.00344523735401	165.58515885324002	163.8126080720397	165.55247633306487	166.24202242005921	165.53000115154384	166.3466578734613	163.0300652391844	165.68995781655684	167.68891940747392	167.90583973997636	165.67097829635486	163.71481058288038	165.63786143867998	166.51934050334268	165.59383784600283	165.37965033847036	164.86362381153987	168.00344523735401	167.90583973997636	171.51109844382339	167.0681085828597	164.81874290249127	167.0377283862976	167.48602165341998	167.00236825388873	164.46775562408766	161.63691601000002	165.58515885324002	165.67097829635486	167.0681085828597	165.1915746728567	162.59449596076556	165.1544773689447	165.70628921379685	165.0990048719499	163.07389477095984	159.1847347185449	163.8126080720397	163.71481058288038	164.81874290249127	162.59449596076556	162.90868657231587	162.56367682158654	163.10305735081593	162.48333812301215	164.44353209475284	161.60804788263314	165.55247633306487	165.63786143867998	167.0377283862976	165.1544773689447	162.56367682158654	165.21356809712591	165.67500380369214	165.06725874199608	164.6898923361719	162.2636522141551	166.24202242005921	166.51934050334268	167.48602165341998	165.70628921379685	163.10305735081593	165.67500380369214	167.1469642841177	165.62248954561483	164.45799931291148	161.52099149161901	165.53000115154384	165.59383784600283	167.00236825388873	165.0990048719499	162.48333812301215	165.06725874199608	165.62248954561483	165.22790039145266
189.91791824762953	189.0070851439034	190.6298813539157	194.08844660454395	189.82217199310756	189.93768648107434	187.4261825284989	129.5947405565596	190.77235849644828	189.95459453153987	189.0070851439034	195.86062915096235	193.29933662784183	196.76444705776376	194.49982368743827	192.12859423409907	187.96265540395166	123.0226898337239	194.9361470504895	192.14445409182076	190.6298813539157	193.29933662784183	198.9792226894303	199.69320799858113	197.9191961714278	197.0763023457644	193.3047617037184	123.73481668887423	199.03497729111237	197.09196076657983	194.08844660454395	196.76444705776376	199.69320799858113	205.46989207280583	200.09488010936306	199.18689519335868	196.14236808377396	124.28906838254623	203.753130418372	199.20184341838402	189.82217199310756	194.49982368743827	197.9191961714278	200.09488010936306	200.7985949043017	196.93416243644705	193.05593664389698	127.99496836052292	197.87980901360902	196.94905904887298	189.93768648107434	192.12859423409907	197.0763023457644	199.18689519335868	196.93416243644705	196.5435813545495	191.9353843098532	123.86717770486197	198.03430350025272	196.5461334255331	187.4261825284989	187.96265540395166	193.3047617037184	196.14236808377396	193.05593664389698	191.9353843098532	191.80703202489255	121.67988350607729	193.80239705285635	191.94795447538021	129.5947405565596	123.0226898337239	123.73481668887423	124.28906838254623	127.99496836052292	123.86717770486197	121.67988350607729	238.74253517634327	130.1851609620938	123.85992958779424	190.77235849644828	194.9361470504895	199.03497729111237	203.753130418372	197.87980901360902	198.03430350025272	193.80239705285635	130.1851609620938	205.8687345641874	198.0474429798181	189.95459453153987	192.14445409182076	197.09196076657983	199.20184341838402	196.94905904887298	196.5461334255331	191.94795447538021	123.85992958779424	198.0474429798181	196.56963926591817
193.88397833782062	193.99880150963776	193.59241572486394	200.42752175308178	193.08844643275916	192.61900833927234	191.5495287283121	131.29914319246834	197.17491457480304	192.63393764664625	193.99880150963776	203.9115157058999	197.87319824866148	205.50916944017666	200.62346386255106	195.93954149089987	193.74741791064804	127.01363163271795	203.7409260187062	195.95210437215886	193.59241572486394	197.87319824866148	202.95458662766347	205.06163272334155	202.13030871716606	200.4081428446767	197.2142243817772	125.36786422941347	205.08014543233065	200.42176399409018	200.42752175308178	205.50916944017666	205.06163272334155	216.75913903247496	206.4434325061535	204.10153184012356	203.50612747220657	128.03430382840344	215.49287692131307	204.11440999769368	193.08844643275916	200.62346386255106	202.13030871716606	206.4434325061535	207.02490860669263	200.52897699239634	197.69114851676582	131.3423429049772	204.0813808040464	200.54191128111722	192.61900833927234	195.93954149089987	200.4081428446767	204.10153184012356	200.52897699239634	199.87973337344286	195.04816193613647	125.00707355312791	203.5704610847526	199.88306626007994	191.5495287283121	193.74741791064804	197.2142243817772	203.50612747220657	197.69114851676582	195.04816193613647	197.3076826821425	123.98041401637505	201.25883655185785	195.05758937747507	131.29914319246834	127.01363163271795	125.36786422941347	128.03430382840344	131.3423429049772	125.00707355312791	123.98041401637505	244.03077710263224	133.93920610825944	124.99695631264387	197.17491457480304	203.7409260187062	205.08014543233065	215.49287692131307	204.0813808040464	203.5704610847526	201.25883655185785	133.93920610825944	218.98213231175978	203.58182243613504	192.63393764664625	195.95210437215886	200.42176399409018	204.11440999769368	200.54191128111722	199.88306626007994	195.05758937747507	124.99695631264387	203.58182243613504	199.90674204252895
194.18888474284594	194.2970995322188	193.15426014265327	200.4053976081039	192.7811893294954	192.00458497256693	191.50174889772535	132.22175983014537	196.82826259127683	192.02048923806018	194.2970995322188	206.4670734870445	199.47782975640482	207.1253843339192	204.00888423116749	197.0038929778369	195.32312365963668	128.64189384220964	205.04283008075924	197.0157433924541	193.15426014265327	199.47782975640482	206.868458587259	207.27282902429167	206.78618405793986	204.2999521378379	199.4536704579366	123.10294955928464	208.5082126923606	204.31241057207458	200.4053976081039	207.1253843339192	207.27282902429167	218.40520105619578	209.62672814389748	206.15840129064833	205.08320538736248	127.63274305273839	217.52437909672744	206.17147315838477	192.7811893294954	204.00888423116749	206.78618405793986	209.62672814389748	214.12790724888046	204.82792683514253	200.92001093950813	130.9940384586106	207.92773927843604	204.84000563156903	192.00458497256693	197.0038929778369	204.2999521378379	206.15840129064833	204.82792683514253	204.0435841124316	197.01325530670317	121.9254685105212	207.09118393307259	204.04641034524263	191.50174889772535	195.32312365963668	199.4536704579366	205.08320538736248	200.92001093950813	197.01325530670317	198.9882456477535	123.73217735378807	203.1715244047833	197.021362821599	132.22175983014537	128.64189384220964	123.10294955928464	127.63274305273839	130.9940384586106	121.9254685105212	123.73217735378807	249.8062034582625	131.4594246831586	121.9138833844079	196.82826259127683	205.04283008075924	208.5082126923606	217.52437909672744	207.92773927843604	207.09118393307259	203.1715244047833	131.4594246831586	222.22346183941255	207.10206620522678	192.02048923806018	197.0157433924541	204.31241057207458	206.17147315838477	204.84000563156903	204.04641034524263	197.021362821599	121.9138833844079	207.10206620522678	204.07194085919173
194.05839642032362	194.15020188254454	193.1362219224523	200.39535845659802	192.8600589097413	192.17948131692705	191.39516803469908	131.93609111069202	196.84151757841929	192.2165094484286	194.15020188254454	206.1632903352535	198.77742408550125	206.8430719304038	203.67579867431536	196.6557287124407	194.83205941600318	128.94381454815874	204.45681681398852	196.69399903337705	193.1362219224523	198.77742408550125	205.30858146208584	206.5123578607886	205.34907762728704	203.09614886683363	198.47174679861882	123.90782054616673	207.20648325534805	203.13157804990246	200.39535845659802	206.8430719304038	206.5123578607886	217.9925436357071	209.0150343177278	205.52629297220233	204.62108870374453	128.1106199434575	216.77318345001635	205.55573152520512	192.8600589097413	203.67579867431536	205.34907762728704	209.0150343177278	213.0473800091632	203.57902498876965	200.15315493237733	132.28718408486768	206.65582825965234	203.61074629004847	192.17948131692705	196.6557287124407	203.09614886683363	205.52629297220233	203.57902498876965	202.80761853812268	196.39461513669636	122.94296529608698	205.9711265475934	202.80951161510012	191.39516803469908	194.83205941600318	198.47174679861882	204.62108870374453	200.15315493237733	196.39461513669636	198.31250451536116	124.1226654709096	202.36197682086578	196.42441651565235	131.93609111069202	128.94381454815874	123.90782054616673	128.1106199434575	132.28718408486768	122.94296529608698	124.1226654709096	249.197080440331	132.13002921103322	122.93644190624443	196.84151757841929	204.45681681398852	207.20648325534805	216.77318345001635	206.65582825965234	205.9711265475934	202.36197682086578	132.13002921103322	220.9816201147736	205.99638458624742	192.2165094484286	196.69399903337705	203.13157804990246	205.55573152520512	203.61074629004847	202.80951161510012	196.42441651565235	122.93644190624443	205.99638458624742	202.85169373641892
211.66946664306178	214.28283798961613	213.71854462214424	215.99879534304569	213.60503875627742	195.2656799396269	209.41489169396138	133.2441496234457	210.0903100814123	213.6363468123186	214.28283798961613	225.07213057975926	224.02598803234685	223.91203578244347	224.05754624148008	202.1715574935518	214.99758880097346	122.57968095861928	221.4613629642146	224.05309216058927	213.71854462214424	224.02598803234685	225.50936538902326	223.8143650229183	224.70988855634585	203.58014584975592	215.93771175122524	122.03618048269534	222.13247708857764	224.70619772391953	215.99879534304569	223.91203578244347	223.8143650229183	231.1188831979419	223.86019656133942	207.6277270360558	218.98866176183998	124.99125099231941	229.1110910691218	223.8555678151847	213.60503875627742	224.05754624148008	224.70988855634585	223.86019656133942	224.85224310087017	203.36439169007053	215.35539212830213	122.39966317931756	221.7052957498819	224.7927648557788	195.2656799396269	202.1715574935518	203.58014584975592	207.6277270360558	203.36439169007053	200.66810478600564	196.73127090452255	120.74511591677897	207.99409830126712	203.33844595133206	209.41489169396138	214.99758880097346	215.93771175122524	218.98866176183998	215.35539212830213	196.73127090452255	213.20613944664242	121.32614899299651	215.06299157870134	215.3436233386851	133.2441496234457	122.57968095861928	122.03618048269534	124.99125099231941	122.39966317931756	120.74511591677897	121.32614899299651	241.45887290148863	131.1441895391112	122.3354459078378	210.0903100814123	221.4613629642146	222.13247708857764	229.1110910691218	221.7052957498819	207.99409830126712	215.06299157870134	131.1441895391112	232.06793589336075	221.7127960133642	213.6363468123186	224.05309216058927	224.70619772391953	223.8555678151847	224.7927648557788	203.33844595133206	215.3436233386851	122.3354459078378	221.7127960133642	224.79881033655028
214.12344655809983	215.14229367222265	212.9105363213865	216.02222132605607	210.0052801545686	192.93837045828008	208.33832094677447	129.82556782824514	210.37830994626506	213.8422359900627	215.14229367222265	227.4015940950377	221.985828918891	223.34612227515066	222.75871128860445	198.913882405134	214.56624456985222	126.94540319907102	219.61389456214172	220.153142293646	212.9105363213865	221.985828918891	226.50137997048705	222.0486703478601	223.55407099650404	203.4216152277289	217.40541332353882	125.23468615249567	221.02624786953874	221.70737100175023	216.02222132605607	223.34612227515066	222.0486703478601	230.10067191691158	222.32649108296883	205.9330025522674	218.1799060998415	127.39715698902947	227.29784584633452	221.72806114668265	210.0052801545686	222.75871128860445	223.55407099650404	222.32649108296883	228.55811743971387	204.0931140738286	216.2784255841368	132.8953387880209	218.40901597899946	220.45752944955132	192.93837045828008	198.913882405134	203.4216152277289	205.9330025522674	204.0931140738286	201.77347763939326	197.2269989392343	125.1030194562631	206.0719359996893	201.43180184033176	208.33832094677447	214.56624456985222	217.40541332353882	218.1799060998415	216.2784255841368	197.2269989392343	215.15856780072048	124.95275991609847	214.68966620787873	212.90945217819515	129.82556782824514	126.94540319907102	125.23468615249567	127.39715698902947	132.8953387880209	125.1030194562631	124.95275991609847	249.26818786426978	132.7234272119078	122.29586577706766	210.37830994626506	219.61389456214172	221.02624786953874	227.29784584633452	218.40901597899946	206.0719359996893	214.68966620787873	132.7234272119078	230.2582339760856	218.93543525168792	213.8422359900627	220.153142293646	221.70737100175023	221.72806114668265	220.45752944955132	201.43180184033176	212.90945217819515	122.29586577706766	218.93543525168792	223.7611435302698
214.0447351198415	215.04190974566706	213.02333136391633	215.96340879045763	210.0387949210723	193.01286849533977	208.45165126084717	129.9486189293575	210.37540463597136	213.75055815814918	215.04190974566706	227.5887597284446	223.25648877901784	224.18915290834997	224.21783111157066	200.49169610282343	215.00094362192235	125.08816724772883	220.94703814559173	222.27696092411998	213.02333136391633	223.25648877901784	228.18366359718613	223.64255528013808	226.02502238621662	205.42314960326343	217.97433557045088	122.7040984338175	223.10856598224993	224.77402429242176	215.96340879045763	224.18915290834997	223.64255528013808	231.12815274422343	224.20422111130262	207.50381785211326	218.9860701384182	125.95666147980369	228.8525950756816	223.58634545878823	210.0387949210723	224.21783111157066	226.02502238621662	224.20422111130262	231.6787546255078	206.73485123121168	217.33668532782207	129.94640209973903	221.08834399157965	224.04051731249126	193.01286849533977	200.49169610282343	205.42314960326343	207.50381785211326	206.73485123121168	203.7351849327011	198.20019673444122	123.11684002855064	208.22775648398536	204.01525992288452	208.45165126084717	215.00094362192235	217.97433557045088	218.9860701384182	217.33668532782207	198.20019673444122	215.12251553362825	123.28992027347513	215.65625826645982	214.76375604450413	129.9486189293575	125.08816724772883	122.7040984338175	125.95666147980369	129.94640209973903	123.11684002855064	123.28992027347513	250.19383707709	130.53397250879658	120.56918327056631	210.37540463597136	220.94703814559173	223.10856598224993	228.8525950756816	221.08834399157965	208.22775648398536	215.65625826645982	130.53397250879658	232.4594519704482	221.73508180087413	213.75055815814918	222.27696092411998	224.77402429242176	223.58634545878823	224.04051731249126	204.01525992288452	214.76375604450413	120.56918327056631	221.73508180087413	226.36918508091233
191.7992275951231	190.83513467559683	191.37078152278215	196.27905502676686	190.9621955861862	190.91696958460048	188.69524032512248	129.6620135611045	192.3147119211436	190.93896872789463	190.83513467559683	199.52520743007335	197.22168631170493	201.0510476824586	200.09295347057454	196.46271847124703	191.1553524189542	121.5645793327429	199.06673894625933	196.48465455043106	191.37078152278215	197.22168631170493	204.42354139107056	204.3442233261626	204.8300029159975	203.14243248296833	196.59857484366825	119.61142592815432	204.88909603825033	203.16251590050246	196.27905502676686	201.0510476824586	204.3442233261626	210.4145683611892	206.33785272802905	204.1564717715216	200.07840542803865	120.54894396589945	208.44698686071166	204.1760109282419	190.9621955861862	200.09295347057454	204.8300029159975	206.33785272802905	210.20687971689875	204.14934056789986	197.8360544565339	125.14404389026684	205.30212172401514	204.16792468348768	190.91696958460048	196.46271847124703	203.14243248296833	204.1564717715216	204.14934056789986	202.98234896442128	195.5590877161014	119.6114357348322	204.49055484170327	202.98482566311608	188.69524032512248	191.1553524189542	196.59857484366825	200.07840542803865	197.8360544565339	195.5590877161014	194.8581430066016	119.04156933096243	197.6945764853695	195.57610637128525	129.6620135611045	121.5645793327429	119.61142592815432	120.54894396589945	125.14404389026684	119.6114357348322	119.04156933096243	242.68102569787732	123.54236834727394	119.60790941774735	192.3147119211436	199.06673894625933	204.88909603825033	208.44698686071166	205.30212172401514	204.49055484170327	197.6945764853695	123.54236834727394	210.7558634065104	204.5082132749421	190.93896872789463	196.48465455043106	203.16251590050246	204.1760109282419	204.16792468348768	202.98482566311608	195.57610637128525	119.60790941774735	204.5082132749421	203.01175665438186
187.58883837390832	186.91279749212606	190.21527805520617	191.44010245932247	189.21050145824657	189.75488266880672	185.5386703658557	128.69865632389457	188.9421957095663	189.76925428008764	186.91279749212606	195.6299993604627	195.8226957846353	196.6030961690883	197.63773104082824	195.0691398272391	188.15593993475125	119.84322148707953	196.2022858408536	195.08056033256776	190.21527805520617	195.8226957846353	204.85665687527762	204.00429321592895	204.84410460597059	203.6516922773906	196.83940031824108	118.24980774908892	205.3194832519874	203.66309080091432	191.44010245932247	196.6030961690883	204.00429321592895	205.7713132991825	204.8488832654332	203.80285113792368	197.21609139876946	118.79158081186839	206.2394661399502	203.81395937281587	189.21050145824657	197.63773104082824	204.84410460597059	204.8488832654332	209.01262567513285	204.2709114476232	197.2057783502292	122.50523895179867	204.95849143196435	204.2814656758718	189.75488266880672	195.0691398272391	203.6516922773906	203.80285113792368	204.2709114476232	203.46198995557552	195.93767178071636	118.26190319027695	204.855667700358	203.46279659902402	185.5386703658557	188.15593993475125	196.83940031824108	197.21609139876946	197.2057783502292	195.93767178071636	193.115626948901	117.36367837088676	196.6105706575829	195.94576727419752	128.69865632389457	119.84322148707953	118.24980774908892	118.79158081186839	122.50523895179867	118.26190319027695	117.36367837088676	242.84675923515783	122.56899586583643	118.25429133237546	188.9421957095663	196.2022858408536	205.3194832519874	206.2394661399502	204.95849143196435	204.855667700358	196.6105706575829	122.56899586583643	210.67857614278455	204.86484727947266	189.76925428008764	195.08056033256776	203.66309080091432	203.81395937281587	204.2814656758718	203.46279659902402	195.94576727419752	118.25429133237546	204.86484727947266	203.48384424598063
187.84164353672946	186.4854051643482	189.6828985811739	191.42426981216954	188.6039560226468	189.19941328651961	185.78667551983023	128.3965399232206	188.4600664829365	189.21932163645994	186.4854051643482	195.48625825794016	194.73738719028898	196.26538216953594	197.24815754994572	193.75746128631724	188.08452115876648	121.48320542444743	195.4143323842646	193.7761437734223	189.6828985811739	194.73738719028898	204.2264131399319	203.71618431496745	204.17761247032504	202.90504937495774	197.02020058384807	119.30671952923144	205.0670634940026	202.92151816578632	191.42426981216954	196.26538216953594	203.71618431496745	206.42381758680756	204.47326167828237	203.34918476803085	197.8764705795769	120.43159179435226	207.116595132643	203.3651324117614	188.6039560226468	197.24815754994572	204.17761247032504	204.47326167828237	209.48441178988784	203.37727215740674	197.5231968518063	124.4644042421455	203.91191644309876	203.3927743668823	189.19941328651961	193.75746128631724	202.90504937495774	203.34918476803085	203.37727215740674	202.58453496166962	196.08415260025316	119.070722445567	204.37611376743772	202.58499926373906	185.78667551983023	188.08452115876648	197.02020058384807	197.8764705795769	197.5231968518063	196.08415260025316	193.8404456260089	118.26299032160297	197.1921718809482	196.0984025538317	128.3965399232206	121.48320542444743	119.30671952923144	120.43159179435226	124.4644042421455	119.070722445567	118.26299032160297	245.79866473646157	125.12306730808876	119.06540835614257	188.4600664829365	195.4143323842646	205.0670634940026	207.116595132643	203.91191644309876	204.37611376743772	197.1921718809482	125.12306730808876	212.8420231969466	204.38889761615226	189.21932163645994	193.7761437734223	202.92151816578632	203.3651324117614	203.3927743668823	202.58499926373906	196.0984025538317	119.06540835614257	204.38889761615226	202.60859720723073
194.13941516446056	194.04041998433024	192.57845801482074	200.14127453780307	192.28713260238308	191.54891179095657	191.17789642445587	132.5024801480097	196.36660306692548	191.57112069518755	194.04041998433024	206.55023134234244	199.25504658433726	207.28240712292978	204.47722529464687	196.98685635146842	195.39916093500432	128.87345950292806	204.9513351728103	197.00822072344553	192.57845801482074	199.25504658433726	207.20403333488872	207.75272991565936	207.6670830186052	204.83110547487183	200.1242449071037	122.00065790527805	209.0434230717797	204.85067336095568	200.14127453780307	207.28240712292978	207.75272991565936	218.78916623656858	210.4893773101412	206.7377644859543	205.4810651597321	127.20555721351276	218.01953759283114	206.7551484132072	192.28713260238308	204.47722529464687	207.6670830186052	210.4893773101412	216.00652487294366	205.76513390100703	201.96205946134535	130.40044290510306	208.8058141789929	205.78287206836933	191.54891179095657	196.98685635146842	204.83110547487183	206.7377644859543	205.76513390100703	204.34459370935826	198.13286793908873	120.90524042261634	207.70123567089277	204.34516304824703	191.17789642445587	195.39916093500432	200.1242449071037	205.4810651597321	201.96205946134535	198.13286793908873	199.08114593303938	123.02182748757427	203.8681442716585	198.1493564514195	132.5024801480097	128.87345950292806	122.00065790527805	127.20555721351276	130.40044290510306	120.90524042261634	123.02182748757427	251.7392176161605	130.3944581766829	120.89937734073057	196.36660306692548	204.9513351728103	209.0434230717797	218.01953759283114	208.8058141789929	207.70123567089277	203.8681442716585	130.3944581766829	222.8943841925766	207.71554844046324	191.57112069518755	197.00822072344553	204.85067336095568	206.7551484132072	205.78287206836933	204.34516304824703	198.1493564514195	120.89937734073057	207.71554844046324	204.37138436002274
193.85128553484063	193.58061195657058	192.4634559567753	198.8865209249659	192.1969716670758	191.07964818760559	190.83964388814584	131.75301468874372	194.61583956638282	191.10500846784166	193.58061195657058	206.31881789607496	200.14850500863295	205.70745332373758	205.4086583816096	197.1061760323672	195.4224096113516	127.20400480685932	202.91027333150365	197.13152198492375	192.4634559567753	200.14850500863295	209.8026152679633	207.86105775992866	210.12331525639698	206.76962703471008	201.04903504666964	120.30450357488183	209.69569187107746	206.79244806776515	198.8865209249659	205.70745332373758	207.86105775992866	216.1844766332226	210.8872236544246	206.8697768651259	204.50113567938686	124.04227389779429	214.71220377317417	206.89075354328185	192.1969716670758	205.4086583816096	210.12331525639698	210.8872236544246	218.4142584981031	207.6939584040375	202.95426339701896	128.91698206551595	209.78080227258755	207.71433967709808	191.07964818760559	197.1061760323672	206.76962703471008	206.8697768651259	207.6939584040375	206.7005046804292	198.19818048273694	118.72103253630888	208.58130213195247	206.7019082153669	190.83964388814584	195.4224096113516	201.04903504666964	204.50113567938686	202.95426339701896	198.19818048273694	199.5591053480237	121.70068331084188	202.5319683678793	198.21754184234356	131.75301468874372	127.20400480685932	120.30450357488183	124.04227389779429	128.91698206551595	118.72103253630888	121.70068331084188	250.76115843357167	125.7193632657122	118.7166964158957	194.61583956638282	202.91027333150365	209.69569187107746	214.71220377317417	209.78080227258755	208.58130213195247	202.5319683678793	125.7193632657122	218.95415557601137	208.59973036046154	191.10500846784166	197.13152198492375	206.79244806776515	206.89075354328185	207.71433967709808	206.7019082153669	198.21754184234356	118.7166964158957	208.59973036046154	206.73119899230153
192.49235435139562	191.28381572077512	191.19646672982248	195.99173283870775	191.26491099719442	190.40641055730154	189.0580264843871	129.14496865296132	190.80835351205533	190.4228523987189	191.28381572077512	202.48886055851563	198.12223041604577	201.07000842190823	203.96277191920433	196.22860542655243	192.4554229323587	122.74372141874171	196.87385991279154	196.24288948250106	191.19646672982248	198.12223041604577	208.8943697459412	205.76241201046514	209.5490915257268	206.80147657494035	199.44270421359815	117.75850861002273	207.10943787325652	206.8143807925	195.99173283870775	201.07000842190823	205.76241201046514	209.9702000303392	209.46681125198967	205.69554022611493	201.04331538244543	118.14665800155842	206.58753717675145	205.70905121990677	191.26491099719442	203.96277191920433	209.5490915257268	209.46681125198967	218.09058264557598	207.85660052356826	201.82147936192328	127.00454130448537	208.07335732001397	207.86849413202543	190.40641055730154	196.22860542655243	206.80147657494035	205.69554022611493	207.85660052356826	207.00328878397738	197.55028654034862	117.07013715975069	207.205450116969	207.0045134524372	189.0580264843871	192.4554229323587	199.44270421359815	201.04331538244543	201.82147936192328	197.55028654034862	197.29473049227934	118.27786292193784	198.0293287655372	197.56042588471115	129.14496865296132	122.74372141874171	117.75850861002273	118.14665800155842	127.00454130448537	117.07013715975069	118.27786292193784	245.77868206803043	117.86394010688443	117.06431674494601	190.80835351205533	196.87385991279154	207.10943787325652	206.58753717675145	208.07335732001397	207.205450116969	198.0293287655372	117.86394010688443	208.37998450991026	207.21694630650666	190.4228523987189	196.24288948250106	206.8143807925	205.70905121990677	207.86849413202543	207.0045134524372	197.56042588471115	117.06431674494601	207.21694630650666	207.0259638694101
192.3708072757406	191.00729479668664	190.92367230477737	195.94351578544274	191.04307144207866	190.43792788854245	188.7842288259612	129.00703624822276	190.77877854663242	190.4633445241587	191.00729479668664	201.84796354670743	197.47139790832063	200.99918022429793	203.43817372803352	196.3233766695853	191.8138193224615	122.43845067083971	196.85644379611898	196.34933475803493	190.92367230477737	197.47139790832063	208.21828619909118	205.76297937285247	209.00892184532782	206.95415856282165	198.77020477744793	117.46318155821434	207.19623888874656	206.97655051371746	195.94351578544274	200.99918022429793	205.76297937285247	209.87986222469704	209.4717335171395	205.72243833690993	200.97979142911572	118.02222483141028	206.48821040741183	205.74551559355731	191.04307144207866	203.43817372803352	209.00892184532782	209.4717335171395	217.65727575205298	207.98606062087055	201.28005186713995	126.76594766386393	208.15466246489007	208.00588948493723	190.43792788854245	196.3233766695853	206.95415856282165	205.72243833690993	207.98606062087055	207.08819798139046	197.62079750789124	117.05098308109467	207.26188955386985	207.09038425784297	188.7842288259612	191.8138193224615	198.77020477744793	200.97979142911572	201.28005186713995	197.62079750789124	196.66082122541516	117.99356125398253	198.01076104903828	197.64040381548645	129.00703624822276	122.43845067083971	117.46318155821434	118.02222483141028	126.76594766386393	117.05098308109467	117.99356125398253	245.6053794907004	117.71672431108948	117.0493448582426	190.77877854663242	196.85644379611898	207.19623888874656	206.48821040741183	208.15466246489007	207.26188955386985	198.01076104903828	117.71672431108948	208.26935046508646	207.28358083233329	190.4633445241587	196.34933475803493	206.97655051371746	205.74551559355731	208.00588948493723	207.09038425784297	197.64040381548645	117.0493448582426	207.28358083233329	207.11925702726276
191.99050637332004	190.72686624204442	191.0863214704819	195.6729518486598	190.98968136492775	190.5649932826153	188.5895407393296	128.97132807939363	190.89531023137772	190.59013344211021	190.72686624204442	201.70273629843535	197.71192429323577	200.8085848263289	203.47211284926894	196.45861772196255	191.72518161320176	122.45076117018222	197.01190344601207	196.48428695378746	191.0863214704819	197.71192429323577	208.3904256735503	205.8954576748599	209.18622215624453	207.00074388280757	198.94987799551757	117.53796792735028	207.2816821596554	207.02299366287383	195.6729518486598	200.8085848263289	205.8954576748599	209.7411026785279	209.4348943205714	205.86539039342165	200.82852261862524	118.03102610093593	206.67806750820264	205.88818870028965	190.98968136492775	203.47211284926894	209.18622215624453	209.4348943205714	217.74737718069366	208.0686174847778	201.30902099865528	126.78862523966448	208.244043124606	208.08829246851786	190.5649932826153	196.45861772196255	207.00074388280757	205.86539039342165	208.0686174847778	207.15942282317747	197.6861213670943	117.07855633639709	207.36197582392367	207.16162517256367	188.5895407393296	191.72518161320176	198.94987799551757	200.82852261862524	201.30902099865528	197.6861213670943	196.621036758932	118.01861402957338	198.0930712931708	197.70550358976467	128.97132807939363	122.45076117018222	117.53796792735028	118.03102610093593	126.78862523966448	117.07855633639709	118.01861402957338	245.65848388942908	117.81246434285299	117.07682787572259	190.89531023137772	197.01190344601207	207.2816821596554	206.67806750820264	208.244043124606	207.36197582392367	198.0930712931708	117.81246434285299	208.48539456122893	207.38344881246306	190.59013344211021	196.48428695378746	207.02299366287383	205.88818870028965	208.08829246851786	207.16162517256367	197.70550358976467	117.07682787572259	207.38344881246306	207.19034004817703
189.9370226282159	188.9758871405186	191.50080784947693	194.13170389871027	190.41587925053676	191.07384668326634	187.31329307861384	128.61965372864447	191.19192698888654	191.09005883174805	188.9758871405186	200.1852466299129	198.04249043265636	199.56085508728455	202.91172976910292	196.9090151573172	190.62281122268064	122.22878684516596	197.4041830504226	196.92337758337874	191.50080784947693	198.04249043265636	208.1629985623336	206.2479421728213	209.1517031437607	206.8219039730357	199.13025316931441	117.76896565907892	207.29155993704757	206.83543513238757	194.13170389871027	199.56085508728455	206.2479421728213	208.70031244359694	208.95921390446944	206.25414824390148	199.89737161940343	118.01044255081877	207.17157354767212	206.26784565393407	190.41587925053676	202.91172976910292	209.1517031437607	208.95921390446944	217.42227982261755	208.10924227232326	200.8610388343533	126.73420453773778	208.25657466387418	208.1213306166448	191.07384668326634	196.9090151573172	206.8219039730357	206.25414824390148	208.10924227232326	206.94090168187986	197.9672973436859	117.33621971635444	207.3272379361354	206.94244859150433	187.31329307861384	190.62281122268064	199.13025316931441	199.89737161940343	200.8610388343533	197.9672973436859	195.7764192256795	117.89045596978826	198.33330897906515	197.97754114440295	128.61965372864447	122.22878684516596	117.76896565907892	118.01044255081877	126.73420453773778	117.33621971635444	117.89045596978826	245.7634420631036	118.35329847204193	117.33074323645262	191.19192698888654	197.4041830504226	207.29155993704757	207.17157354767212	208.25657466387418	207.3272379361354	198.33330897906515	118.35329847204193	209.01735600004434	207.33970152107142	191.09005883174805	196.92337758337874	206.83543513238757	206.26784565393407	208.1213306166448	206.94244859150433	197.97754114440295	117.33074323645262	207.33970152107142	206.96443751291005
187.6579535497025	187.05399077024876	191.15800102937396	191.88155487592502	189.54428772838764	190.9588226715682	185.44752409421463	128.08295494150227	190.23362686831953	190.97362132179887	187.05399077024876	197.96190817050442	197.8906008471099	198.20642932370606	201.60602256821954	197.39516025009826	189.04278282682813	121.40265620601232	197.86187084454463	197.40723858402012	191.15800102937396	197.8906008471099	206.86862557081017	206.16549571118668	208.00866425186365	206.16404595373072	198.03983149083072	118.39617482241613	207.43074927237035	206.17608710426495	191.88155487592502	198.20642932370606	206.16549571118668	207.0773737687585	207.8142237345208	206.1245854151234	198.1402113836347	118.55838472682277	207.72944670940004	206.1364665083553	189.54428772838764	201.60602256821954	208.00866425186365	207.8142237345208	215.67033670182047	207.52934336829932	199.3435541751672	125.89167092544636	207.63825467063228	207.54022368012204	190.9588226715682	197.39516025009826	206.16404595373072	206.1245854151234	207.52934336829932	206.14672100599407	197.463070924082	118.22611552946687	207.317619158262	206.14811810283356	185.44752409421463	189.04278282682813	198.03983149083072	198.1402113836347	199.3435541751672	197.463070924082	193.6481722933707	117.70706827364147	197.7050633682617	197.47140989889644	128.08295494150227	121.40265620601232	118.39617482241613	118.55838472682277	125.89167092544636	118.22611552946687	117.70706827364147	245.8891306682558	120.80498585966936	118.21895405170808	190.23362686831953	197.86187084454463	207.43074927237035	207.72944670940004	207.63825467063228	207.317619158262	197.7050633682617	120.80498585966936	211.72558234214878	207.328078936407	190.97362132179887	197.40723858402012	206.17608710426495	206.1364665083553	207.54022368012204	206.14811810283356	197.47140989889644	118.21895405170808	207.328078936407	206.1698437473497
