192.12663553520662	194.5798265901463	194.8521191679849	194.80815316817586	193.81305709246453	186.16639157505625	189.31825140123965	132.96919916712412	192.63248174389588	194.6239893234333	194.5798265901463	202.6226602865153	202.79266305846073	202.70857055171314	203.09329084864385	193.3045700177206	195.53697655843894	122.16145546655171	201.77347102081902	202.5881355280789	194.8521191679849	202.79266305846073	203.374105445177	203.02746698255515	203.4508560707736	193.69844346825317	196.05428127167036	122.01605263688431	202.16674381031203	202.91203114458256	194.80815316817586	202.70857055171314	203.02746698255515	203.06061366060854	203.3274421910164	193.60130148588547	195.86277228401562	122.10310031984699	202.0744706329293	202.8288667076399	193.81305709246453	203.09329084864385	203.4508560707736	203.3274421910164	205.6310312075995	194.40011572742134	196.23893188159298	124.7482301595483	202.1763109207185	203.2007494091884	186.16639157505625	193.3045700177206	193.69844346825317	193.60130148588547	194.40011572742134	190.95520716378442	186.53663709570213	120.27391718322369	193.04019310244686	193.46147562248618	189.31825140123965	195.53697655843894	196.05428127167036	195.86277228401562	196.23893188159298	186.53663709570213	191.67072857783705	121.44612353859134	194.247733830376	195.66970010512682	132.96919916712412	122.16145546655171	122.01605263688431	122.10310031984699	124.7482301595483	120.27391718322369	121.44612353859134	236.05473483338136	124.68159932726502	122.14269177551972	192.63248174389588	201.77347102081902	202.16674381031203	202.0744706329293	202.1763109207185	193.04019310244686	194.247733830376	124.68159932726502	202.95269930306074	201.90540891843256	194.6239893234333	202.5881355280789	202.91203114458256	202.8288667076399	203.2007494091884	193.46147562248618	195.66970010512682	122.14269177551972	201.90540891843256	202.7156642943788
197.82489867953979	197.29606646810325	201.56634437750455	197.07413091988755	197.583536383305	185.97308192704736	197.03698102732258	126.89601645062459	192.8158660812985	198.59621085676392	197.29606646810325	206.84025707314208	209.74744604156808	204.24787602550293	208.72117915855338	192.4264361759512	204.20146091788513	123.72608908325495	202.31587163268856	202.4858041429741	201.56634437750455	209.74744604156808	221.06211858053234	209.98118147563633	216.69299212431469	201.43018199727496	209.95836872883314	118.84423504617523	211.2110224246368	214.83994336495314	197.07413091988755	204.24787602550293	209.98118147563633	205.30016683246538	208.48964818942264	194.23126858450266	205.24441425324335	122.68859535467482	203.6366458149862	203.58669114258967	197.583536383305	208.72117915855338	216.69299212431469	208.48964818942264	219.53017686426674	200.09988420211155	208.45559724178975	126.01137931078293	206.72655170704593	211.2662626608535	185.97308192704736	192.4264361759512	201.43018199727496	194.23126858450266	200.09988420211155	194.00791966960458	194.1863266081881	119.60957786348125	194.59889288732757	195.8529689073059	197.03698102732258	204.20146091788513	209.95836872883314	205.24441425324335	208.45559724178975	194.1863266081881	205.23819615693333	122.68063397879244	203.57772968954168	203.53471681931993	126.89601645062459	123.72608908325495	118.84423504617523	122.68859535467482	126.01137931078293	119.60957786348125	122.68063397879244	255.51750224916174	126.8504303962806	110.92416639959308	192.8158660812985	202.31587163268856	211.2110224246368	203.6366458149862	206.72655170704593	194.59889288732757	203.57772968954168	126.8504303962806	207.57307852325565	203.03013293767424	198.59621085676392	202.4858041429741	214.83994336495314	203.58669114258967	211.2662626608535	195.8529689073059	203.53471681931993	110.92416639959308	203.03013293767424	215.7864799140265
183.4976507108151	182.80906457343082	189.58976117539927	183.35184609198777	184.4088904365025	182.59414868814315	182.90264244765072	128.77415898108492	183.32810535997413	186.35230065197203	182.80906457343082	188.88663741746956	193.4740756802971	188.32081573228777	191.3072423791385	187.41588081292372	187.7033430387034	121.87318639394181	188.3134563859386	187.2512772008429	189.58976117539927	193.4740756802971	202.79170423448213	194.45901989275487	198.39915031674175	193.65815499626672	194.12822298293415	116.35834109061818	194.4664632214671	197.53721201273342	183.35184609198777	188.32081573228777	194.45901989275487	189.69100763152179	192.29497354702335	188.81965118896974	189.04409554587758	121.64043506074492	189.67825301781747	188.78470592362385	184.4088904365025	191.3072423791385	198.39915031674175	192.29497354702335	198.16055414791813	191.52540902170594	191.73536665515715	124.08750579297373	192.2867261021026	192.9490785320679	182.59414868814315	187.41588081292372	193.65815499626672	188.81965118896974	191.52540902170594	188.6790829044393	188.1845167557077	121.24999930965697	188.8140121206417	188.0562818828832	182.90264244765072	187.7033430387034	194.12822298293415	189.04409554587758	191.73536665515715	188.1845167557077	189.01436768042305	121.55852813261434	189.03720799645419	188.05474156308807	128.77415898108492	121.87318639394181	116.35834109061818	121.64043506074492	124.08750579297373	121.24999930965697	121.55852813261434	242.0188585141781	121.66836384071564	110.7376266546083	183.32810535997413	188.3134563859386	194.4664632214671	189.67825301781747	192.2867261021026	188.8140121206417	189.03720799645419	121.66836384071564	189.6947784674171	188.77771245698275	186.35230065197203	187.2512772008429	197.53721201273342	188.78470592362385	192.9490785320679	188.0562818828832	188.05474156308807	110.7376266546083	188.77771245698275	198.516677558031
193.7111231997224	194.1998376019477	195.29170059606673	195.59791643882568	193.18966021505076	184.58446387691927	190.8189919644794	141.5378325510582	193.76831489726894	194.17161080112126	194.1998376019477	195.57341414885423	196.49846207995387	196.7555192210519	194.5623765241918	185.50819318253826	191.76267045742705	139.4847091176079	195.0259203824626	195.39937804463332	195.29170059606673	196.49846207995387	198.53622970739022	197.71475693882985	195.76393030345116	186.68703870077505	193.4384113361865	138.47373856476435	196.1456612163968	196.47667932898753	195.59791643882568	196.7555192210519	197.71475693882985	198.64303613323113	195.97876462608664	186.8580092116364	193.35833196934624	138.14002430610176	196.4254089150136	196.7380330229403	193.18966021505076	194.5623765241918	195.76393030345116	195.97876462608664	194.7509256207345	185.3241105480938	191.2432167172175	142.9668942779586	194.1077740769947	194.52596030471526	184.58446387691927	185.50819318253826	186.68703870077505	186.8580092116364	185.3241105480938	184.1282057536959	181.85362312783806	132.8470721486968	185.34213882880084	185.56059019234533	190.8189919644794	191.76267045742705	193.4384113361865	193.35833196934624	191.2432167172175	181.85362312783806	190.84042491264833	135.37721527849698	191.39705178572655	191.77488669191743	141.5378325510582	139.4847091176079	138.47373856476435	138.14002430610176	142.9668942779586	132.8470721486968	135.37721527849698	206.8277494491024	140.4639449323223	139.65044014718086	193.76831489726894	195.0259203824626	196.1456612163968	196.4254089150136	194.1077740769947	185.34213882880084	191.39705178572655	140.4639449323223	194.97492530900087	195.00897691344971	194.17161080112126	195.39937804463332	196.47667932898753	196.7380330229403	194.52596030471526	185.56059019234533	191.77488669191743	139.65044014718086	195.00897691344971	195.38951184565445
194.35106788124426	196.35806735043576	197.28664327999581	198.2057233753352	195.3981768285435	190.3134096593656	191.02861947995015	131.10159794144434	196.52855742971315	196.98457391913655	196.35806735043576	207.1243657226447	206.95961622001516	207.21300068270247	208.8876565044938	199.24982337852185	197.90490167556607	121.45214464670319	206.6230745676512	206.62678259517216	197.28664327999581	206.95961622001516	209.64589066146254	209.0161266454301	210.79288982958818	201.70716360070278	200.56977535281237	120.52045190312118	208.78856354354835	208.6957030777705	198.2057233753352	207.21300068270247	209.0161266454301	210.118862017462	210.7821045073907	201.8745706804303	200.89448717371246	120.40452470702559	209.04894304552568	208.84434696669183	195.3981768285435	208.8876565044938	210.79288982958818	210.7821045073907	216.93247579677208	204.0053973924539	201.76616778335972	126.60396398526763	210.08170006472537	210.2302179378571	190.3134096593656	199.24982337852185	201.70716360070278	201.8745706804303	204.0053973924539	199.89170167648396	193.02247159182375	119.59548038479305	201.6044470392355	201.4093717522715	191.02861947995015	197.90490167556607	200.56977535281237	200.89448717371246	201.76616778335972	193.02247159182375	195.75939319727775	120.43533515955096	199.52034778621896	199.72180508173136	131.10159794144434	121.45214464670319	120.52045190312118	120.40452470702559	126.60396398526763	119.59548038479305	120.43533515955096	241.74382643537925	121.52783599098045	120.65446883231384	196.52855742971315	206.6230745676512	208.78856354354835	209.04894304552568	210.08170006472537	201.6044470392355	199.52034778621896	121.52783599098045	209.54786796120442	208.53624717485025	196.98457391913655	206.62678259517216	208.6957030777705	208.84434696669183	210.2302179378571	201.4093717522715	199.72180508173136	120.65446883231384	208.53624717485025	208.4925524638607
188.0323185055202	187.81767958808254	192.96320425255544	192.89335149424107	190.31803645100985	191.56135923052761	186.2997911790054	128.5384034046265	192.64794682906606	192.75362073267695	187.81767958808254	199.3042479745343	199.42350494697288	198.93959692296644	203.04291762937294	197.45709009323505	190.0773093579331	121.80124431355617	198.8235734931849	198.8259329028607	192.96320425255544	199.42350494697288	208.0692631032613	207.2476526934629	209.55021508163895	206.12116567958947	199.7072801420368	117.84538191968018	207.38052072240706	207.27377395028066	192.89335149424107	198.93959692296644	207.2476526934629	207.3821157825617	208.98511715518217	206.11342259777214	199.13835431171105	117.65786472117544	207.38048219880181	207.27639833632747	190.31803645100985	203.04291762937294	209.55021508163895	208.98511715518217	217.4744131422886	207.94888920120994	200.66661660836593	126.78765054093253	208.92613354705006	208.9435786852372	191.56135923052761	197.45709009323505	206.12116567958947	206.11342259777214	207.94888920120994	206.02293443881027	197.95856599899196	117.43050530081182	206.24728210915325	206.1401975001875	186.2997911790054	190.0773093579331	199.7072801420368	199.13835431171105	200.66661660836593	197.95856599899196	194.8852559630676	117.78034610539676	199.04168264101642	199.04838232936027	128.5384034046265	121.80124431355617	117.84538191968018	117.65786472117544	126.78765054093253	117.43050530081182	117.78034610539676	245.0259141125076	117.85618272347949	117.641034514495	192.64794682906606	198.8235734931849	207.38052072240706	207.38048219880181	208.92613354705006	206.24728210915325	199.04168264101642	117.85618272347949	207.7832343609367	207.40228515036634	192.75362073267695	198.8259329028607	207.27377395028066	207.27639833632747	208.9435786852372	206.1401975001875	199.04838232936027	117.641034514495	207.40228515036634	207.30884214607212
191.73943429504766	190.85210483894997	192.748218347861	195.69444210284553	191.58759292244576	190.7952958103652	188.88694451453588	128.91042715608	192.39135906976358	192.37419721105897	190.85210483894997	202.00097821539896	199.126894798233	200.9786267379501	203.99683878820574	196.3084476527376	192.1918465309205	122.36864248402244	198.2331906152494	198.12978231874928	192.748218347861	199.126894798233	208.8399177852549	207.0919713240099	209.74293926016406	206.12866853668848	200.2160666216633	117.80774776704354	207.7399633170588	207.65005351985923	195.69444210284553	200.9786267379501	207.0919713240099	209.57389991087513	209.86063494205413	205.5505970769753	201.22139530549083	117.8552021434892	207.29248392610089	207.0856401515822	191.58759292244576	203.99683878820574	209.74293926016406	209.86063494205413	217.96685655444344	207.48198572081265	201.9096482634837	126.97753571288214	208.81297235686782	208.79272992288315	190.7952958103652	196.3084476527376	206.12866853668848	205.5505970769753	207.48198572081265	206.00742223580554	197.79893841202886	117.18876085619587	206.23096930229892	206.14325745754113	188.88694451453588	192.1918465309205	200.2160666216633	201.22139530549083	201.9096482634837	197.79893841202886	197.06521990544948	117.96788451178867	199.31021012487346	199.2348280013918	128.91042715608	122.36864248402244	117.80774776704354	117.8552021434892	126.97753571288214	117.18876085619587	117.96788451178867	245.23485842926192	117.72007036238539	117.47695347132098	192.39135906976358	198.2331906152494	207.7399633170588	207.29248392610089	208.81297235686782	206.23096930229892	199.31021012487346	117.72007036238539	208.14199918911908	207.75904363197378	192.37419721105897	198.12978231874928	207.65005351985923	207.0856401515822	208.79272992288315	206.14325745754113	199.2348280013918	117.47695347132098	207.75904363197378	207.68896343858177
193.83170815848396	192.8044039839843	192.14275370566108	197.74597851239793	192.09832600549188	190.3933302890482	190.37471473361686	129.82063826546317	192.65878808782682	191.5385879264028	192.8044039839843	203.7244674455536	197.92789726630994	202.80499283363773	203.7399450870479	195.13593068944456	193.53517725910444	124.19387153792644	198.33372972439042	196.43517436157063	192.14275370566108	197.92789726630994	206.61529963191273	205.743493050068	207.47293383042708	203.7464665167293	199.49192646065967	119.28432117323828	205.80825201675992	204.8428525401617	197.74597851239793	202.80499283363773	205.743493050068	211.84180036787086	209.27328210530476	204.3325570055314	202.50933613423035	120.47858649524456	208.19388334175764	205.39571283892607	192.09832600549188	203.7399450870479	207.47293383042708	209.27328210530476	216.1515648564253	205.0872439925787	201.72676347311344	128.40509836319094	206.71320418802088	206.03633547231522	190.3933302890482	195.13593068944456	203.7464665167293	204.3325570055314	205.0872439925787	203.3410263679732	197.1340636165617	118.6540539685197	204.29320602891832	203.40111110902302	190.37471473361686	193.53517725910444	199.49192646065967	202.50933613423035	201.72676347311344	197.1340636165617	197.85829805354356	119.49044701230875	199.4992046737641	198.16908927179983	129.82063826546317	124.19387153792644	119.28432117323828	120.47858649524456	128.40509836319094	118.6540539685197	119.49044701230875	246.38394475394614	121.20810077111331	118.80223486418802	192.65878808782682	198.33372972439042	205.80825201675992	208.19388334175764	206.71320418802088	204.29320602891832	199.4992046737641	121.20810077111331	209.1405241747328	205.31679871890958	191.5385879264028	196.43517436157063	204.8428525401617	205.39571283892607	206.03633547231522	203.40111110902302	198.16908927179983	118.80223486418802	205.31679871890958	204.52150135559395
185.5654880618352	185.41490520563013	184.1254491128599	190.2295871241259	185.079402968372	182.7627148156614	182.5362824081386	147.34129894316615	187.49737560901292	182.79513466411254	185.41490520563013	196.98700615039996	188.25818006571262	195.14204780974336	194.4805394398194	185.05628277492127	185.04165353134698	146.97997458529272	192.94541451976949	185.08986002997975	184.1254491128599	188.25818006571262	191.5483630431667	192.94659764340125	192.69018686457812	187.86695502908717	186.96468309056704	146.0062766846984	193.09888341967593	187.89635144872932	190.2295871241259	195.14204780974336	192.94659764340125	203.61844707914156	196.8568869180841	191.50452745768584	192.06459671969614	148.44953722782807	202.22828769170548	191.52919113426333	185.079402968372	194.4805394398194	192.69018686457812	196.8568869180841	201.4915783383193	189.67498162338512	189.62553584934383	152.6955112020618	193.78263408846593	189.7015147282029	182.7627148156614	185.05628277492127	187.86695502908717	191.50452745768584	189.67498162338512	186.7674578913878	184.15448017320813	144.87704085496085	191.0672886438245	186.76201174689695	182.5362824081386	185.04165353134698	186.96468309056704	192.06459671969614	189.62553584934383	184.15448017320813	187.06780266725224	143.9359389950091	190.1807708736398	184.17998665259907	147.34129894316615	146.97997458529272	146.0062766846984	148.44953722782807	152.6955112020618	144.87704085496085	143.9359389950091	214.36211846813956	151.5223260830642	144.88236807463628	187.49737560901292	192.94541451976949	193.09888341967593	202.22828769170548	193.78263408846593	191.0672886438245	190.1807708736398	151.5223260830642	205.38085791722503	191.08832141636287	182.79513466411254	185.08986002997975	187.89635144872932	191.52919113426333	189.7015147282029	186.76201174689695	184.17998665259907	144.88236807463628	191.08832141636287	186.79785875724866
174.5963541446007	173.9098530156515	173.49693869249958	178.42400118498742	175.16048665534717	172.3381636139032	171.4055384358631	165.51209456978367	178.05696872772245	172.3745227760409	173.9098530156515	183.06678868349985	175.49322200697623	181.48167516879948	180.7081805745486	172.68201347304148	172.0065626089573	165.38810526844577	182.07992305506812	172.72137348621428	173.49693869249958	175.49322200697623	177.98348593664548	179.1590066451626	178.93442118909923	174.24912567025208	173.90288482060026	166.75587162039352	180.95206865257057	174.2816597621127	178.42400118498742	181.48167516879948	179.1590066451626	189.59735940251278	183.0346018379131	177.89300276969155	178.62610830341305	169.95444130333044	190.49984895784573	177.91658788895165	175.16048665534717	180.7081805745486	178.93442118909923	183.0346018379131	185.89603786110604	176.35279331755632	176.41611485493175	169.62653727908858	181.80661508688786	176.38351805951515	172.3381636139032	172.68201347304148	174.24912567025208	177.89300276969155	176.35279331755632	173.37609769151302	170.98036531084654	165.9176726839117	178.80824538586648	173.35822759512234	171.4055384358631	172.0065626089573	173.90288482060026	178.62610830341305	176.41611485493175	170.98036531084654	174.66011300090673	163.57797247404812	178.691678851607	171.00681234188863	165.51209456978367	165.38810526844577	166.75587162039352	169.95444130333044	169.62653727908858	165.9176726839117	163.57797247404812	178.33517301630994	171.81631308059548	165.94577203461094	178.05696872772245	182.07992305506812	180.95206865257057	190.49984895784573	181.80661508688786	178.80824538586648	178.691678851607	171.81631308059548	195.2754327603693	178.8276180237365	172.3745227760409	172.72137348621428	174.2816597621127	177.91658788895165	176.38351805951515	173.35822759512234	171.00681234188863	165.94577203461094	178.8276180237365	173.39837440668785
167.20880432495747	164.4893785842928	166.63825448020282	166.75797054966225	167.18972694973985	165.86854010863604	163.82014392122898	158.8331093429404	165.99162932179098	165.98536874461934	164.4893785842928	165.00308751811627	164.81945628307818	164.6514130619247	166.54554588602667	163.93845064926126	161.36556884373618	156.04673375318706	164.08118887118738	164.067950036585	166.63825448020282	164.81945628307818	168.24117517730417	166.93094421654314	168.65623103510785	166.53153327737792	164.67193531420048	158.5214324009626	166.65753612106792	166.64748400088754	166.75797054966225	164.6514130619247	166.93094421654314	167.7408916415357	168.58423316538668	166.4829869316165	164.4025104195223	158.31904683100134	166.6107669338149	166.59845719747062	167.18972694973985	166.54554588602667	168.65623103510785	168.58423316538668	171.1312710346158	167.65707675050956	165.61023626679335	160.66095726728196	167.77184131245534	167.76645308913066	165.86854010863604	163.93845064926126	166.53153327737792	166.4829869316165	167.65707675050956	165.99355913648657	163.54397573036718	158.17514575651282	165.98687635435036	165.9771241569196	163.82014392122898	161.36556884373618	164.67193531420048	164.4025104195223	165.61023626679335	163.54397573036718	163.31588763698386	155.90021527622525	163.6673065752141	163.6556859311536	158.8331093429404	156.04673375318706	158.5214324009626	158.31904683100134	160.66095726728196	158.17514575651282	155.90021527622525	170.13783657732398	158.29265536973475	158.27701422745255	165.99162932179098	164.08118887118738	166.65753612106792	166.6107669338149	167.77184131245534	165.98687635435036	163.6673065752141	158.29265536973475	166.12174778492704	166.1028386039071	165.98536874461934	164.067950036585	166.64748400088754	166.59845719747062	167.76645308913066	165.9771241569196	163.6556859311536	158.27701422745255	166.1028386039071	166.10558278436645
177.30398021605683	177.25556896113068	179.84570437749574	177.86681320485275	177.48620618525314	176.27411768645456	176.36619591955417	136.96022881350396	177.62862469417877	177.65776900694968	177.25556896113068	178.81271826282455	180.5760428150354	178.560249054805	178.34779405834723	176.848349945653	176.89682803406296	131.46319127115547	178.33790420912166	178.3605294819401	179.84570437749574	180.5760428150354	184.09084809845356	181.24476501167882	181.04214381750361	179.62235068858553	179.88524221477098	131.92077081230315	181.0493367632126	181.07026212670647	177.86681320485275	178.560249054805	181.24476501167882	179.3848037073471	179.03667211623548	177.67992202324314	177.73556905385078	133.21016909416363	179.09481737817362	179.11896018688196	177.48620618525314	178.34779405834723	181.04214381750361	179.03667211623548	179.17714816865413	177.4345373124147	177.47753296626132	135.10583375242504	178.80804875335136	178.8346864368687	176.27411768645456	176.848349945653	179.62235068858553	177.67992202324314	177.4345373124147	177.3256433121137	176.08908770281704	132.20023613550205	177.46187967747593	177.48474412027596	176.36619591955417	176.89682803406296	179.88524221477098	177.73556905385078	177.47753296626132	176.08908770281704	177.02171464166332	132.10688416881374	177.50382437793758	177.52827973223089	136.96022881350396	131.46319127115547	131.92077081230315	133.21016909416363	135.10583375242504	132.20023613550205	132.10688416881374	186.83702143130463	133.50110063503305	133.40660407842577	177.62862469417877	178.33790420912166	181.0493367632126	179.09481737817362	178.80804875335136	177.46187967747593	177.50382437793758	133.50110063503305	178.89549041408512	178.8968880689451	177.65776900694968	178.3605294819401	181.07026212670647	179.11896018688196	178.8346864368687	177.48474412027596	177.52827973223089	133.40660407842577	178.8968880689451	178.92890777822902
177.83651578002886	177.24725430839692	180.02451303992729	178.46397477645536	177.4357570830277	175.8974404092252	177.0937593894305	136.4305294418649	178.1167016834448	178.1496926210206	177.24725430839692	179.12641355944723	180.26006126540835	178.55640825171812	178.2032116464146	175.74695435089473	177.03501595558652	131.23399566837304	178.2176906636606	178.24445275156643	180.02451303992729	180.26006126540835	183.88536989180454	181.52073499429667	180.93443564597868	178.94097691712824	180.27730882659006	132.9344808340469	181.22234739474177	181.24840719891978	178.46397477645536	178.55640825171812	181.52073499429667	180.08983306520574	179.22625973317813	177.38542568410065	178.58538101232574	133.58297399547524	179.66094924540096	179.6894800199651	177.4357570830277	178.2032116464146	180.93443564597868	179.22625973317813	179.80617712481148	176.76840787968123	177.86094303090255	138.83907946181395	178.8674092119289	178.90305851851568	175.8974404092252	175.74695435089473	178.94097691712824	177.38542568410065	176.76840787968123	176.88032915310166	175.98182295958483	132.48404501286598	177.06262830814708	177.08945722943466	177.0937593894305	177.03501595558652	180.27730882659006	178.58538101232574	177.86094303090255	175.98182295958483	177.8540952701291	133.1094628936353	178.24347021886325	178.27317012796166	136.4305294418649	131.23399566837304	132.9344808340469	133.58297399547524	138.83907946181395	132.48404501286598	133.1094628936353	202.48308783708262	133.91348653279388	133.830843720449	178.1167016834448	178.2176906636606	181.22234739474177	179.66094924540096	178.8674092119289	177.06262830814708	178.24347021886325	133.91348653279388	179.356941363491	179.36033194183022	178.1496926210206	178.24445275156643	181.24840719891978	179.6894800199651	178.90305851851568	177.08945722943466	178.27317012796166	133.830843720449	179.36033194183022	179.39651802179375
171.63462902004525	170.3404322900322	172.53806757275783	171.56231790186484	171.10547559620366	170.1229909271447	170.06364301845693	143.5151733648497	171.06332871625793	171.0612312669898	170.3404322900322	170.82861319591382	172.088824635747	171.08950870213684	170.85142049238056	169.61824645264522	169.4869811161206	137.52589830171536	170.67577508582832	170.66469256646664	172.53806757275783	172.088824635747	175.19934794522783	173.43221891756207	173.25885228172098	172.09475835656565	172.11459653731526	138.78120202176106	173.09679285971956	173.0887897558353	171.56231790186484	171.08950870213684	173.43221891756207	172.76231669658154	172.29023422331272	171.1514237018923	171.05022416635543	139.0325081944288	172.15161696110604	172.14264659605314	171.10547559620366	170.85142049238056	173.25885228172098	172.29023422331272	172.23858812146887	170.88745878707508	170.75689089760215	140.05391286634367	171.87098942169905	171.8633497808762	170.1229909271447	169.61824645264522	172.09475835656565	171.1514237018923	170.88745878707508	170.64818202705254	169.61930727193814	138.55424271649832	170.74680244676145	170.73808538697415	170.06364301845693	169.4869811161206	172.11459653731526	171.05022416635543	170.75689089760215	169.61930727193814	170.20085532347758	138.431710813601	170.61554720888498	170.6058677579594	143.5151733648497	137.52589830171536	138.78120202176106	139.0325081944288	140.05391286634367	138.55424271649832	138.431710813601	180.40615328646345	139.41131777189852	139.36269351250272	171.06332871625793	170.67577508582832	173.09679285971956	172.15161696110604	171.87098942169905	170.74680244676145	170.61554720888498	139.41131777189852	171.75004015551684	171.7341676467813	171.0612312669898	170.66469256646664	173.0887897558353	172.14264659605314	171.8633497808762	170.73808538697415	170.6058677579594	139.36269351250272	171.7341676467813	171.74443351317655
160.02485630575814	158.20428338684505	160.24285089999148	158.9668116018269	159.11359973848522	158.144512828928	158.63003861192976	150.72021233195923	158.96952903396073	158.3992335136296	158.20428338684505	157.20087550657234	158.51598395861132	157.46443688152308	157.65314020117904	156.6004447623743	157.10077027224293	148.54164566888605	157.47912344929932	156.7881973136192	160.24285089999148	158.51598395861132	161.46647005178693	159.34767331325318	159.59608278056288	158.52761169691473	159.10602538549244	149.41936064732664	159.39689532543457	158.7798498324294	158.9668116018269	157.46443688152308	159.34767331325318	158.34409278007072	158.48342118590602	157.47342675720606	157.95850110056128	149.5805441527978	158.32203591698226	157.67784834439888	159.11359973848522	157.65314020117904	159.59608278056288	158.48342118590602	158.7374109355637	157.65107108529733	158.13399202725242	149.84353460151746	158.49377290618082	157.86286179503008	158.144512828928	156.6004447623743	158.52761169691473	157.47342675720606	157.65107108529733	157.35620924475364	157.12009419726405	148.7667770689157	157.48606838880562	156.8397470798055	158.63003861192976	157.10077027224293	159.10602538549244	157.95850110056128	158.13399202725242	157.12009419726405	157.84299766868466	149.21413051414154	157.9700744497021	157.31370744114355	150.72021233195923	148.54164566888605	149.41936064732664	149.5805441527978	149.84353460151746	148.7667770689157	149.21413051414154	157.11875623157857	149.62798185575588	148.7245681268478	158.96952903396073	157.47912344929932	159.39689532543457	158.32203591698226	158.49377290618082	157.48606838880562	157.9700744497021	149.62798185575588	158.34014209180063	157.6925742970526	158.3992335136296	156.7881973136192	158.7798498324294	157.67784834439888	157.86286179503008	156.8397470798055	157.31370744114355	148.7245681268478	157.6925742970526	157.5095599043792
163.93487965434957	163.88707094903341	165.87517259633688	164.11388778355877	163.9193771371561	160.1285782624936	163.54813685863232	163.81918121095944	166.18556268595066	161.16121057925503	163.88707094903341	163.895901276122	165.85114552651595	164.08605573207316	163.89162190054478	160.09306883083983	163.51896317440875	163.79122778888808	166.18163747820833	161.11302670291948	165.87517259633688	165.85114552651595	170.58796839832493	165.98889226394385	165.88124075885247	162.48873964732954	165.66139139469843	165.77070687749654	170.1861368743413	164.19766998471997	164.11388778355877	164.08605573207316	165.98889226394385	164.56338761110726	164.11821388545033	160.36342332486615	163.75146992885334	164.01728443040255	166.65069129607122	161.36394529179438	163.9193771371561	163.89162190054478	165.88124075885247	164.11821388545033	163.9329775128534	160.13364579816732	163.5523573029277	163.82372532516194	166.19830119668686	161.1609041734999	160.1285782624936	160.09306883083983	162.48873964732954	160.36342332486615	160.13364579816732	160.17408194298508	159.75667761392307	160.03538088580785	163.10919252960136	157.5165349762244	163.54813685863232	163.51896317440875	165.66139139469843	163.75146992885334	163.5523573029277	159.75667761392307	163.52838283512955	163.45142998693603	165.8984020738638	160.6903829342442	163.81918121095944	163.79122778888808	165.77070687749654	164.01728443040255	163.82372532516194	160.03538088580785	163.45142998693603	163.95387346133677	166.11824414056605	161.04513339585867	166.18556268595066	166.18163747820833	170.1861368743413	166.65069129607122	166.19830119668686	163.10919252960136	165.8984020738638	166.11824414056605	171.00395090363037	164.91883618949402	161.16121057925503	161.11302670291948	164.19766998471997	161.36394529179438	161.1609041734999	157.5165349762244	160.6903829342442	161.04513339585867	164.91883618949402	161.0713686655966
161.76192738558717	159.51544347350102	161.4243497186443	160.25111268091555	160.30555045022606	160.22945521927483	159.8632026919975	158.66552950743622	160.26229507685636	157.5572268070753	159.51544347350102	158.77620555759867	159.33866521858607	158.74047034132525	158.818998303094	158.72140203217688	158.29135065886496	157.01767820730905	158.76438011974045	154.96679475190996	161.4243497186443	159.33866521858607	162.10572996052593	160.25439829697117	160.36994648925196	160.2497985340777	159.98725807527268	158.24304468376303	160.31184223763162	157.11761792642653	160.25111268091555	158.74047034132525	160.25439829697117	159.65618860317463	159.71293210299066	159.62435220698202	159.2097840637881	157.94551127384443	159.664268300311	156.21192467827848	160.30555045022606	158.818998303094	160.36994648925196	159.71293210299066	159.8368944185302	159.69425382143302	159.28182374666605	158.02017096518824	159.7337751617203	156.31737011038405	160.22945521927483	158.72140203217688	160.2497985340777	159.62435220698202	159.69425382143302	159.6207655599283	159.1909747699339	157.9284899246784	159.6455401031952	156.19780337524605	159.8632026919975	158.29135065886496	159.98725807527268	159.2097840637881	159.28182374666605	159.1909747699339	159.18319530084742	157.50812175336944	159.23124026480096	155.6708596585934	158.66552950743622	157.01767820730905	158.24304468376303	157.94551127384443	158.02017096518824	157.9284899246784	157.50812175336944	160.33790543847238	157.97048741477133	154.23547272014727	160.26229507685636	158.76438011974045	160.31184223763162	159.664268300311	159.7337751617203	159.6455401031952	159.23124026480096	157.97048741477133	159.71368906048198	156.25024241131175	157.5572268070753	154.96679475190996	157.11761792642653	156.21192467827848	156.31737011038405	156.19780337524605	155.6708596585934	154.23547272014727	156.25024241131175	155.5215586156811
153.3535731184768	150.66687568950192	153.50152332697238	153.12507810989484	153.46263657785727	153.13383670451674	152.8736491246275	152.93039731611773	153.31346665711274	153.02081895175587	150.66687568950192	149.09914734777428	150.67508568014614	150.46650841456486	150.88044918589642	150.4828712879055	150.192074707151	150.26217046503766	150.70070964959712	150.34646412261762	153.50152332697238	150.67508568014614	154.49171837535812	153.2795358310311	153.72877429632103	153.31739540505313	153.10010563434105	153.08075500136593	153.57505341674945	153.20182775840453	153.12507810989484	150.46650841456486	153.2795358310311	152.99455124702752	153.31333570782203	152.97806497845545	152.71515686384458	152.7721141141408	153.1629129112959	152.86270477341353	153.46263657785727	150.88044918589642	153.72877429632103	153.31333570782203	153.7802898483928	153.32167794195828	153.0630783125336	153.1189975094927	153.49947690221518	153.2097053754388	153.13383670451674	150.4828712879055	153.31739540505313	152.97806497845545	153.32167794195828	152.99703539709554	152.72509617530957	152.78264278672907	153.17110820197416	152.8729952289573	152.8736491246275	150.192074707151	153.10010563434105	152.71515686384458	153.0630783125336	152.72509617530957	152.6245057817767	152.5189044918634	152.90997225195935	152.60833056162002	152.93039731611773	150.26217046503766	153.08075500136593	152.7721141141408	153.1189975094927	152.78264278672907	152.5189044918634	152.9630991951606	152.96787742408827	152.66662951095074	153.31346665711274	150.70070964959712	153.57505341674945	153.1629129112959	153.49947690221518	153.17110820197416	152.90997225195935	152.96787742408827	153.44731494765497	153.05799321154	153.02081895175587	150.34646412261762	153.20182775840453	152.86270477341353	153.2097053754388	152.8729952289573	152.60833056162002	152.66662951095074	153.05799321154	152.83447498202185
179.96822922476719	178.7663074797706	181.73474236866358	182.7554234692622	180.96409426036678	180.93232711224258	179.79571705924678	131.5588672306075	180.67445530367044	180.97563200626433	178.7663074797706	181.46615648072395	182.76460921322035	183.48583855316411	181.9899300490977	181.9003397977366	180.2752638890624	117.261608889374	181.87185498378977	181.95038496056821	181.73474236866358	182.76460921322035	188.98550969488454	188.96432519185112	187.87717462041996	187.80814394386954	186.32371449894146	117.96788587636608	187.80944265527006	187.853043788168	182.7554234692622	183.48583855316411	188.96432519185112	190.20719859108	188.39577611776463	188.32661019369874	186.8832296134031	117.69108488042966	188.37685037913357	188.37166583319174	180.96409426036678	181.9899300490977	187.87717462041996	188.39577611776463	187.27825043547625	187.15722957281412	185.5857892872673	118.49589772212823	187.12819994933187	187.2014829706522	180.93232711224258	181.9003397977366	187.80814394386954	188.32661019369874	187.15722957281412	187.13225764144272	185.51982524414552	118.39084343317525	187.06453260238555	187.13565696880178	179.79571705924678	180.2752638890624	186.32371449894146	186.8832296134031	185.5857892872673	185.51982524414552	184.83755211044604	118.20498860745757	185.46858949532012	185.56320930674758	131.5588672306075	117.261608889374	117.96788587636608	117.69108488042966	118.49589772212823	118.39084343317525	118.20498860745757	226.71914874603334	119.04204457193664	118.40214263007933	180.67445530367044	181.87185498378977	187.80944265527006	188.37685037913357	187.12819994933187	187.06453260238555	185.46858949532012	119.04204457193664	187.45081127498375	187.10808959556863	180.97563200626433	181.95038496056821	187.853043788168	188.37166583319174	187.2014829706522	187.13565696880178	185.56320930674758	118.40214263007933	187.10808959556863	187.18659990490173
166.24220563040762	160.80915388931686	161.57319360733956	163.15583354465292	161.5034246664416	161.38030792702114	160.87805948455602	161.31668372292515	161.34134932025012	161.27928008307526	160.80915388931686	158.0653491882537	157.6208885974228	158.612812810862	158.0270425711088	157.43907613810958	156.68954078509012	157.35667831329485	157.6172063544864	157.13304687384442	161.57319360733956	157.6208885974228	159.86670882456204	160.3425630911827	160.02714883175432	159.51517137894547	158.8238019805077	159.42897868121767	159.70727745596693	159.25262974955444	163.15583354465292	158.612812810862	160.3425630911827	161.91713886059188	160.8097294871319	160.2600270298738	159.67908142479143	160.17008492885967	160.55007781449595	160.0228234314315	161.5034246664416	158.0270425711088	160.02714883175432	160.8097294871319	160.89285081200902	159.86935477603782	159.15280914665826	159.7847121413112	160.0342187420577	159.60271911048534	161.38030792702114	157.43907613810958	159.51517137894547	160.2600270298738	159.86935477603782	159.37639218010463	158.6525094424108	159.2853904787261	159.5512183119721	159.09888925716038	160.87805948455602	156.68954078509012	158.8238019805077	159.67908142479143	159.15280914665826	158.6525094424108	158.52676041736106	158.56821906171916	158.8184130393476	158.3636780138333	161.31668372292515	157.35667831329485	159.42897868121767	160.17008492885967	159.7847121413112	159.2853904787261	158.56821906171916	159.43949580511367	159.46652529354142	159.01305241162416	161.34134932025012	157.6172063544864	159.70727745596693	160.55007781449595	160.0342187420577	159.5512183119721	158.8184130393476	159.46652529354142	160.10040420036563	159.27779678945947	161.27928008307526	157.13304687384442	159.25262974955444	160.0228234314315	159.60271911048534	159.09888925716038	158.3636780138333	159.01305241162416	159.27779678945947	159.19211550114218
171.4216602277245	172.27698900632217	173.05668306061506	173.06225344690867	172.71443419421558	172.77273092457446	170.93393511827634	134.41708511307277	172.74294151125483	172.77375050978057	172.27698900632217	176.31223404493602	176.8012848961106	176.76789870135403	176.64996466155807	176.528524198296	174.2964603289432	119.7170930979987	176.51994365541273	176.52220788066862	173.05668306061506	176.8012848961106	178.06047347167495	177.9132449991407	177.80016090571493	177.68415811837383	175.50258424949016	119.63219126026314	177.6766434138982	177.6787363525797	173.06225344690867	176.76789870135403	177.9132449991407	177.96168156719614	177.76489406052647	177.65046357667683	175.46162846221986	119.66086623881795	177.64302860525518	177.64488381467223	172.71443419421558	176.64996466155807	177.80016090571493	177.76489406052647	177.86255301111078	177.53155583681402	175.32087432203446	120.143337434335	177.5227492190591	177.52568465176623	172.77273092457446	176.528524198296	177.68415811837383	177.65046357667683	177.53155583681402	177.42913987218708	175.20920118471906	119.76144775789105	177.4101977750321	177.4125495055521	170.93393511827634	174.2964603289432	175.50258424949016	175.46162846221986	175.32087432203446	175.20920118471906	173.86302780431095	119.85944408484734	175.19754063134158	175.20098242087798	134.41708511307277	119.7170930979987	119.63219126026314	119.66086623881795	120.143337434335	119.76144775789105	119.85944408484734	225.8067226264728	119.81843609286695	119.7468280786454	172.74294151125483	176.51994365541273	177.6766434138982	177.64302860525518	177.5227492190591	177.4101977750321	175.19754063134158	119.81843609286695	177.43131401954574	177.40431017819793	172.77375050978057	176.52220788066862	177.6787363525797	177.64488381467223	177.52568465176623	177.4125495055521	175.20098242087798	119.7468280786454	177.40431017819793	177.42885288421314
