88.60147446468619	70.27594894214774	72.5147412667757	27.219824690143533	73.06395129936678	75.0645036288173	73.6794187900411	70.27594894214774	79.06218239998826	78.09337991976646	46.79966974444856	77.17429782930668	78.4381798379178	75.9844039966797	72.5147412667757	78.09337991976646	94.04166746929131	33.644188830921756	93.35183188072543	95.22482994418803	92.25533945565996	27.219824690143533	46.79966974444856	33.644188830921756	111.04190436793523	33.5253055068355	32.97513539791803	33.75450080315311	73.06395129936678	77.17429782930668	93.35183188072543	33.5253055068355	93.95418507739048	94.992076072206	92.78473567807352	75.0645036288173	78.4381798379178	95.22482994418803	32.97513539791803	94.992076072206	97.03505462301335	93.81562078889056	73.6794187900411	75.9844039966797	92.25533945565996	33.75450080315311	92.78473567807352	93.81562078889056	92.77707264806482
86.7089537819507	69.29122689108762	70.26272566517578	29.365803837072075	70.94904564969815	72.42708437681921	72.32282714061729	69.29122689108762	80.02003118500926	79.30196978968186	45.685660807632594	78.95237299788735	79.84006619010904	76.056531248357	70.26272566517578	79.30196978968186	87.06504649238448	38.78463467348792	86.44762739705658	87.82889912583575	83.85297405310095	29.365803837072075	45.685660807632594	38.78463467348792	105.70129646042454	39.023852000008766	38.616240751938626	39.772549826356965	70.94904564969815	78.95237299788735	86.44762739705658	39.023852000008766	86.70837637819969	87.59088284592148	83.94875904014783	72.42708437681921	79.84006619010904	87.82889912583575	38.616240751938626	87.59088284592148	89.13788984834679	84.79079223644439	72.32282714061729	76.056531248357	83.85297405310095	39.772549826356965	83.94875904014783	84.79079223644439	84.08569566255011
81.7182404567681	69.58201232409438	69.27169647761647	32.216027001327774	69.62882506499345	70.55734207954592	70.85862792901588	69.58201232409438	78.67872977096188	78.56306892714879	43.68291020442737	78.62679132058464	79.13290199003342	75.83078300178593	69.27169647761647	78.56306892714879	78.91874686919768	43.23115558270679	78.75807862322684	79.35751318618328	76.07031841480449	32.216027001327774	43.68291020442737	43.23115558270679	98.90866624544424	43.458253819396035	43.44188875536494	45.10970227246186	69.62882506499345	78.62679132058464	78.75807862322684	43.458253819396035	78.83419389759214	79.34067432150829	76.05006480307553	70.55734207954592	79.13290199003342	79.35751318618328	43.44188875536494	79.34067432150829	80.11344165517889	76.46321010236	70.85862792901588	75.83078300178593	76.07031841480449	45.10970227246186	76.05006480307553	76.46321010236	76.33986609621513
80.06790544789783	66.99854584010836	66.96179367944563	30.21084916652695	66.98364596576805	67.56464106233506	69.11093530751147	66.99854584010836	79.0353519112115	79.01736169503403	45.20745619163415	79.02020142187216	79.25204096493184	76.06068758132004	66.96179367944563	79.01736169503403	79.08716115543098	45.13674417120507	79.07636101263907	79.31174463922771	76.12530198621872	30.21084916652695	45.20745619163415	45.13674417120507	100.12692154449701	45.146125895007145	45.143898519145694	46.16981548866643	66.98364596576805	79.02020142187216	79.07636101263907	45.146125895007145	79.08869175464869	79.31281053001956	76.12484726844363	67.56464106233506	79.25204096493184	79.31174463922771	45.143898519145694	79.31281053001956	79.66160779627363	76.30846633269894	69.11093530751147	76.06068758132004	76.12530198621872	46.16981548866643	76.12484726844363	76.30846633269894	76.20086812510932
86.53858664058342	56.1730108260782	55.6342143648859	40.59750583524645	55.61069620809102	57.37146544161748	65.39459975493952	56.1730108260782	81.4246305388132	78.70136432641374	57.985128405700166	78.68221066072506	79.64519600977275	68.35708254899897	55.6342143648859	78.70136432641374	81.33523473310004	56.482031541544615	81.20768358644197	82.40591380557608	72.0677848674192	40.59750583524645	57.985128405700166	56.482031541544615	84.76547347177939	56.54045968321849	56.72955272951679	54.506134270163315	55.61069620809102	78.68221066072506	81.20768358644197	56.54045968321849	81.25663072535072	82.33322699221951	72.00818927332165	57.37146544161748	79.64519600977275	82.40591380557608	56.72955272951679	82.33322699221951	83.97462687387129	72.62749944842328	65.39459975493952	68.35708254899897	72.0677848674192	54.506134270163315	72.00818927332165	72.62749944842328	74.649521305864
95.24586054988711	64.54114638640922	67.25260353432991	30.68593658196074	59.7338154613707	67.32972775657204	72.02111212218163	64.54114638640922	95.56015548584416	92.94528233842964	46.63591942312623	85.24027176241866	92.21174108389235	73.77494897487394	67.25260353432991	92.94528233842964	106.90052444694325	35.27066268318522	98.49230322974466	106.70728186341208	88.96440099251133	30.68593658196074	46.63591942312623	35.27066268318522	106.93330290201568	34.780206869303235	34.45352767659485	37.001728935658946	59.7338154613707	85.24027176241866	98.49230322974466	34.780206869303235	112.96224485656406	104.81657250389067	91.28322109660608	67.32972775657204	92.21174108389235	106.70728186341208	34.45352767659485	104.81657250389067	108.93691118293783	91.05901373487423	72.02111212218163	73.77494897487394	88.96440099251133	37.001728935658946	91.28322109660608	91.05901373487423	90.79194075218777
78.76285483820993	51.20737263295299	51.16198551734128	45.12676464605521	51.11613614907095	51.92057111887076	61.879560819908306	51.20737263295299	72.42860245815523	72.34406908698674	63.814061452599105	72.32326421411152	72.69507160879343	66.14259356021194	51.16198551734128	72.34406908698674	72.37618723495805	63.80674323574107	72.34944589345687	72.72445625998294	66.20357541986021	45.12676464605521	63.814061452599105	63.80674323574107	74.98565887146391	63.792386409935915	64.03093902643258	60.29541951594355	51.11613614907095	72.32326421411152	72.34944589345687	63.792386409935915	72.38535566723768	72.70876999883008	66.20494904971189	51.92057111887076	72.69507160879343	72.72445625998294	64.03093902643258	72.70876999883008	73.28644936740561	66.36219921304931	61.879560819908306	66.14259356021194	66.20357541986021	60.29541951594355	66.20494904971189	66.36219921304931	69.23656849676486
67.94410772701934	62.79014147049941	61.831963361042895	53.69930557834428	62.800398353209864	63.346343405477995	63.55921147113964	62.79014147049941	67.87828984003441	65.8231092461703	57.88571525348132	66.04909050679925	66.61803813608044	65.14865907422592	61.831963361042895	65.8231092461703	66.67064299702545	56.63230061913441	65.9547204818574	67.16787848113364	65.83892305038059	53.69930557834428	57.88571525348132	56.63230061913441	71.31307535988222	57.448105025419856	57.594976247155884	57.776228673732916	62.800398353209864	66.04909050679925	65.9547204818574	57.448105025419856	66.5493450669929	67.01673300762182	65.95366290579963	63.346343405477995	66.61803813608044	67.16787848113364	57.594976247155884	67.01673300762182	68.23176433056237	66.4668022229233	63.55921147113964	65.14865907422592	65.83892305038059	57.776228673732916	65.95366290579963	66.4668022229233	67.95621592023726
68.41140291061518	61.20726972602219	59.45642451152456	54.92586601848117	60.802365918788176	61.20146318553405	61.91834903989405	61.20726972602219	71.01073271066073	65.72086973223247	60.35704880078082	64.71928559362581	65.85167676971193	63.208553606745966	59.45642451152456	65.72086973223247	67.12766110611106	59.14734872870042	65.40112598027343	67.28008190065782	65.32405160257595	54.92586601848117	60.35704880078082	59.14734872870042	69.27644703482673	60.08630617434157	60.153418230642956	59.85171781719371	60.802365918788176	64.71928559362581	65.40112598027343	60.08630617434157	66.36263576952379	66.62263609313841	65.65398572866282	61.20146318553405	65.85167676971193	67.28008190065782	60.153418230642956	66.62263609313841	68.23169976347627	66.09235453133665	61.91834903989405	63.208553606745966	65.32405160257595	59.85171781719371	65.65398572866282	66.09235453133665	67.94433848868924
85.54873436135804	56.62717803505672	53.65511205447406	45.89115337643303	48.07513079315409	53.690630903368884	60.587458597382465	56.62717803505672	83.5077554362773	75.09182606666678	64.31067411582569	66.7848771106527	73.32120445112746	60.86389922034238	53.65511205447406	75.09182606666678	78.89357724882126	64.610342296155	68.70648222035221	76.86772884042158	67.11872177251776	45.89115337643303	64.31067411582569	64.610342296155	73.4375659471915	68.72409976839558	66.42395527825944	62.20616278225378	48.07513079315409	66.7848771106527	68.70648222035221	68.72409976839558	73.4282049702278	70.87485682253723	65.73940090583862	53.690630903368884	73.32120445112746	76.86772884042158	66.42395527825944	70.87485682253723	76.52240321684634	67.17861380817304	60.587458597382465	60.86389922034238	67.11872177251776	62.20616278225378	65.73940090583862	67.17861380817304	71.70643127151453
84.87192007596636	55.775880108010476	52.55957418681389	46.58823649540351	47.82804094013194	52.784263468984335	60.13736020889765	55.775880108010476	82.43556689451921	73.77290350957013	65.15216410248438	66.56473610381343	72.2558040666414	60.362284105508415	52.55957418681389	73.77290350957013	77.10395867265116	65.84276519789495	68.15956452603076	75.3469122262999	66.28781851741908	46.58823649540351	65.15216410248438	65.84276519789495	72.28885949816411	69.6408988168381	67.62044573610787	63.02466078661956	47.82804094013194	66.56473610381343	68.15956452603076	69.6408988168381	72.26366517126452	70.1266891724831	65.00224125107911	52.784263468984335	72.2558040666414	75.3469122262999	67.62044573610787	70.1266891724831	75.14858300524763	66.3343412118136	60.13736020889765	60.362284105508415	66.28781851741908	63.02466078661956	65.00224125107911	66.3343412118136	71.0814470904545
75.07224248207898	57.78366081901843	52.122037373080644	51.447018561524445	53.372457806720966	54.126296554974985	56.32562353884061	57.78366081901843	73.41221721011786	66.84355950952256	63.83735893773754	65.30005816887714	66.4958553206578	62.962698412569885	52.122037373080644	66.84355950952256	69.8710136512443	65.67763166238417	68.16327069101864	69.70624533113299	66.82369218720966	51.447018561524445	63.83735893773754	65.67763166238417	69.67875241623835	66.4167979347012	66.43889123941463	64.84619292284277	53.372457806720966	65.30005816887714	68.16327069101864	66.4167979347012	68.97256113904778	69.02980516920468	67.20884191804295	54.126296554974985	66.4958553206578	69.70624533113299	66.43889123941463	69.02980516920468	70.35690309389125	67.42001663054968	56.32562353884061	62.962698412569885	66.82369218720966	64.84619292284277	67.20884191804295	67.42001663054968	68.77219393273599
73.61642757573642	60.05649792660242	53.81787430281427	51.198642843982306	54.615797969520585	55.66738043854001	55.777848178777454	60.05649792660242	72.31280054856215	65.91111081875795	62.684081130795654	65.01726236690325	65.76218249110337	64.03469997121582	53.81787430281427	65.91111081875795	69.61524459824557	64.49607089823357	68.76876826469578	69.77127102878251	68.17652020413561	51.198642843982306	62.684081130795654	64.49607089823357	70.55832424741874	64.83324124254743	65.03110365224862	64.27930404358467	54.615797969520585	65.01726236690325	68.76876826469578	64.83324124254743	69.17620687840568	69.46005483194439	68.4974060619533	55.66738043854001	65.76218249110337	69.77127102878251	65.03110365224862	69.46005483194439	70.53563672627104	68.79495431808326	55.777848178777454	64.03469997121582	68.17652020413561	64.27930404358467	68.4974060619533	68.79495431808326	69.10278169801643
88.35492816430587	68.7057072272543	70.54697730823644	28.033963029828648	70.87409005878499	72.79273472362769	72.86466631461073	68.7057072272543	81.15663688538513	80.00208345023817	46.42256748884735	79.7106309504635	80.61896647474347	75.97083290567676	70.54697730823644	80.00208345023817	94.44895645896632	34.430370541407726	94.24450867017376	95.74178238114769	90.81692471293643	28.033963029828648	46.42256748884735	34.430370541407726	110.00037413820073	34.369436205205375	33.85089619301242	35.0505902172248	70.87409005878499	79.7106309504635	94.24450867017376	34.369436205205375	94.61278046757583	95.76693988208021	91.07776118938855	72.79273472362769	80.61896647474347	95.74178238114769	33.85089619301242	95.76693988208021	97.56095903451632	92.14007712174948	72.86466631461073	75.97083290567676	90.81692471293643	35.0505902172248	91.07776118938855	92.14007712174948	91.12218607328951
77.76404187685995	68.06946589824446	68.0487726630125	30.403244079108035	68.03039448576895	68.40328745852597	69.10054546486923	68.06946589824446	77.1658111985076	77.09657216844676	44.974419094984015	77.09087422730238	77.22987167944538	75.68091465369004	68.0487726630125	77.09657216844676	77.40453216100313	44.6433427263561	77.3917034959269	77.53498991315391	75.99596620970664	30.403244079108035	44.974419094984015	44.6433427263561	99.34792091807483	44.643607456570244	44.66501565755278	45.3550957440904	68.03039448576895	77.09087422730238	77.3917034959269	44.643607456570244	77.40876731903091	77.52956343834663	75.99147407976142	68.40328745852597	77.22987167944538	77.53498991315391	44.66501565755278	77.52956343834663	77.73882515109081	76.11415082365076	69.10054546486923	75.68091465369004	75.99596620970664	45.3550957440904	75.99147407976142	76.11415082365076	76.1374108044034
81.57122413497319	72.05638967102874	74.75041319692855	33.31184884727829	76.07735496241557	76.84461828684505	75.96914848453964	72.05638967102874	77.37367799735298	75.57083622966309	44.1046849020825	75.07843483746043	76.11087858231862	73.72353537626597	74.75041319692855	75.57083622966309	80.9533959481856	36.02508120641074	80.09660357855773	81.76073993452647	79.364509405641	33.31184884727829	44.1046849020825	36.02508120641074	102.9345553626905	36.823229974822155	36.35566811922868	37.853437569902255	76.07735496241557	75.07843483746043	80.09660357855773	36.823229974822155	80.99859522079599	81.69130335282223	79.95700653406634	76.84461828684505	76.11087858231862	81.76073993452647	36.35566811922868	81.69130335282223	83.26077809506948	80.68293547232169	75.96914848453964	73.72353537626597	79.364509405641	37.853437569902255	79.95700653406634	80.68293547232169	80.6953604280259
58.42658802663308	57.65015247760518	57.60644858114011	57.358193950528346	57.50855073713067	57.714488945556894	58.53378779059466	57.65015247760518	59.02642088685735	58.97519589169385	58.72818714533112	58.890071516278866	59.070471684076004	59.64488761249359	57.60644858114011	58.97519589169385	58.95145920047494	58.69059029221091	58.851772170227505	59.033936381556664	59.61672985278891	57.358193950528346	58.72818714533112	58.69059029221091	59.12814880172236	58.60526460530488	58.786011201781065	59.38066522993213	57.50855073713067	58.890071516278866	58.851772170227505	58.60526460530488	58.8616276549564	58.949952636503625	59.54890072397893	57.714488945556894	59.070471684076004	59.033936381556664	58.786011201781065	58.949952636503625	59.1506283936849	59.695330845899846	58.53378779059466	59.64488761249359	59.61672985278891	59.38066522993213	59.54890072397893	59.695330845899846	61.2421503714064
76.78904031691553	55.81964599642582	51.97326236199369	51.590816476010616	51.7952956751596	53.68118707221079	57.42701893558149	55.81964599642582	74.47057266486021	70.12407392718255	65.79174058733001	65.9875289546614	69.44060933657227	62.91632222817248	51.97326236199369	70.12407392718255	74.41848726581762	67.04597881997292	67.32940450342971	73.142417256239	66.35925363149573	51.590816476010616	65.79174058733001	67.04597881997292	68.5586894710164	68.2123493645677	68.00325749008788	65.1294341329705	51.7952956751596	65.9875289546614	67.32940450342971	68.2123493645677	68.48757929363867	68.29454962792975	65.36668909445845	53.68118707221079	69.44060933657227	73.142417256239	68.00325749008788	68.29454962792975	72.95937412540214	66.52805313682592	57.42701893558149	62.91632222817248	66.35925363149573	65.1294341329705	65.36668909445845	66.52805313682592	68.35475497204007
96.03167458783722	65.60990683159939	69.00186633503574	28.71802558650562	61.815924601978345	69.24729005591215	73.49044492843471	65.60990683159939	96.94861877246764	95.26307487195804	44.00675386786253	88.01790934586808	94.7602190554982	75.75568863397571	69.00186633503574	95.26307487195804	110.6345213198249	31.04521616950136	102.93389641444976	110.80412503081901	92.10426590108374	28.71802558650562	44.00675386786253	31.04521616950136	111.75881850823069	29.584460035492643	29.760279247011457	33.40172943496101	61.815924601978345	88.01790934586808	102.93389641444976	29.584460035492643	118.70464704690849	109.83940850775849	95.16651083832248	69.24729005591215	94.7602190554982	110.80412503081901	29.760279247011457	109.83940850775849	113.47997592795404	94.55316641519127	73.49044492843471	75.75568863397571	92.10426590108374	33.40172943496101	95.16651083832248	94.55316641519127	93.46271661663576
75.81305980286986	69.72122557340552	69.71569010279018	35.239425291552095	69.66187322762511	70.00104545978189	71.20090500140176	69.72122557340552	76.47022237145828	76.44076831257944	39.060442454551094	76.39569591794887	76.68507080772922	73.37672803683361	69.71569010279018	76.44076831257944	76.45299367581583	39.02263645910281	76.40065401543022	76.69129824092161	73.40222397876802	35.239425291552095	39.060442454551094	39.02263645910281	98.54299061923321	39.01798092162775	39.03223985868864	44.76151662259066	69.66187322762511	76.39569591794887	76.40065401543022	39.01798092162775	76.40964755228438	76.64771424488136	73.38767242219575	70.00104545978189	76.68507080772922	76.69129824092161	39.03223985868864	76.64771424488136	77.00688295510025	73.5279091721912	71.20090500140176	73.37672803683361	73.40222397876802	44.76151662259066	73.38767242219575	73.5279091721912	75.3194488994951
73.32388580615002	72.33705486112007	72.24375760672837	37.01769668454602	72.32578696699429	72.54228684234907	72.08681501880751	72.33705486112007	73.34531930781117	73.24901085516842	38.025673929041545	73.32458432881258	73.52965323750544	72.57857674445629	72.24375760672837	73.24901085516842	73.21173336980075	37.92629853501107	73.23903291652398	73.44954566331084	72.55007336286258	37.01769668454602	38.025673929041545	37.92629853501107	93.82890907943052	38.00342297481201	38.072770359300726	42.80528966562386	72.32578696699429	73.32458432881258	73.23903291652398	38.00342297481201	73.32837277356327	73.52073792702579	72.57939158273832	72.54228684234907	73.52965323750544	73.44954566331084	38.072770359300726	73.52073792702579	73.78387626315634	72.71091415585134	72.08681501880751	72.57857674445629	72.55007336286258	42.80528966562386	72.57939158273832	72.71091415585134	74.40404318068134
79.21928080108522	68.11487131076257	67.5425160674094	29.641048233708347	67.80838958292662	68.2036949691415	68.48711500189523	68.11487131076257	77.32272776033703	75.80593629941251	47.273939709823225	75.81033484933945	75.93067940779468	74.86555018968176	67.5425160674094	75.80593629941251	87.98718173989438	36.48842378608883	88.05859112389761	88.29137958806307	87.2495404833906	29.641048233708347	47.273939709823225	36.48842378608883	109.07597458345883	36.43737285283695	36.346573821006636	36.596171199728644	67.80838958292662	75.81033484933945	88.05859112389761	36.43737285283695	88.22382947030957	88.44079210701236	87.40070023963916	68.2036949691415	75.93067940779468	88.29137958806307	36.346573821006636	88.44079210701236	88.74632511924051	87.61552850450157	68.48711500189523	74.86555018968176	87.2495404833906	36.596171199728644	87.40070023963916	87.61552850450157	87.51713136976201
95.67287279037555	66.92768163892376	68.97037241132652	29.62152424627386	60.84497584181547	68.93476210899095	72.1271321504039	66.92768163892376	92.13658675058086	91.23250246414281	44.19593647492498	86.39787080479044	91.25092893158094	76.57234273048941	68.97037241132652	91.23250246414281	100.81209225370453	36.20967608426714	95.60030971425714	101.21815563656264	86.60605670693187	29.62152424627386	44.19593647492498	36.20967608426714	107.85109336801976	34.31007029404562	35.0772837729514	38.19195909247026	60.84497584181547	86.39787080479044	95.60030971425714	34.31007029404562	112.27933788489679	102.31501334966681	89.5294778196333	68.93476210899095	91.25092893158094	101.21815563656264	35.0772837729514	102.31501334966681	103.98491968011653	88.70039931235814	72.1271321504039	76.57234273048941	86.60605670693187	38.19195909247026	89.5294778196333	88.70039931235814	87.33120345243925
95.02696571613623	65.09500824413982	65.68179512415308	31.896874938961762	58.271845459066625	65.70428496221726	70.2100258860184	65.09500824413982	95.53651962541127	95.04059730399526	44.6509213645368	87.5820915792254	94.48851699627852	76.04591375639878	65.68179512415308	95.04059730399526	98.00184664651024	42.185927669401615	90.48360871586814	97.59025634414235	79.2750944598589	31.896874938961762	44.6509213645368	42.185927669401615	101.98582321136858	40.18216926224525	41.29914831426477	44.41171068522161	58.271845459066625	87.5820915792254	90.48360871586814	40.18216926224525	107.38966571873554	97.0877658411363	82.92341166311235	65.70428496221726	94.48851699627852	97.59025634414235	41.29914831426477	97.0877658411363	99.73475538956349	81.23809205431107	70.2100258860184	76.04591375639878	79.2750944598589	44.41171068522161	82.92341166311235	81.23809205431107	80.34465672052168
69.70232069595716	61.39897234912276	60.90369007175797	57.44070148719509	54.957514259151	60.61144936703859	60.920022217586244	61.39897234912276	66.95746708712653	64.84960445780222	62.02184861472584	64.11186405778514	65.2780300894695	64.814293308419	60.90369007175797	64.84960445780222	65.42583125013525	62.10956363498707	63.77994012417543	65.75880086785985	65.39615842690502	57.44070148719509	62.02184861472584	62.10956363498707	67.2698430215495	59.99587206199599	62.22513800632836	62.0940811162663	54.957514259151	64.11186405778514	63.77994012417543	59.99587206199599	73.50685804900063	67.7973786583479	63.81041095660849	60.61144936703859	65.2780300894695	65.75880086785985	62.22513800632836	67.7973786583479	67.69546440186117	65.74084312064718	60.920022217586244	64.814293308419	65.39615842690502	62.0940811162663	63.81041095660849	65.74084312064718	65.44475121082824
69.552304580773	60.04004128117618	57.95624579705671	49.45132884325836	58.603496887274055	59.26293748083796	59.47404320535371	60.04004128117618	69.52112055622115	67.3059567917779	60.13931872272203	67.32063654537839	67.56925084203353	66.68867150940662	57.95624579705671	67.3059567917779	68.66053454977404	59.76771937133394	68.51080439881163	68.8927945877625	68.04732987115705	49.45132884325836	60.13931872272203	59.76771937133394	73.73077925682512	59.94942707973898	60.106696583710644	59.74563849132154	58.603496887274055	67.32063654537839	68.51080439881163	59.94942707973898	68.68395000845207	68.95415888501945	68.17704934798265	59.26293748083796	67.56925084203353	68.8927945877625	60.106696583710644	68.95415888501945	69.46912224021368	68.43599427982558	59.47404320535371	66.68867150940662	68.04732987115705	59.74563849132154	68.17704934798265	68.43599427982558	68.6678443135817
59.537011045466244	58.911414693489405	58.86089306024568	55.43576454382949	58.865155798700386	58.96250199871277	59.72417796951116	58.911414693489405	60.02130098908198	59.954180771382475	56.586162031220894	59.95794423582146	60.0458427457129	60.60550882597867	58.86089306024568	59.954180771382475	59.92515960096742	56.53574308113893	59.91366608175507	60.002615088558805	60.57326428642695	55.43576454382949	56.586162031220894	56.53574308113893	61.48880178935734	56.54065925772135	56.62835086622811	57.414776120072084	58.865155798700386	59.95794423582146	59.91366608175507	56.54065925772135	59.94412508541212	60.00626280764314	60.57603475625125	58.96250199871277	60.0458427457129	60.002615088558805	56.62835086622811	60.00626280764314	60.112049257356624	60.6484111328691	59.72417796951116	60.60550882597867	60.57326428642695	57.414776120072084	60.57603475625125	60.6484111328691	62.1822428388988
61.98926082943717	60.79745982297369	60.29624571530471	58.05421688518749	60.78772939393913	61.05345499151377	61.97437910219346	60.79745982297369	61.86480590304997	61.35296458615595	59.07143707615314	61.79992578973214	62.04767274464848	62.447192978524576	60.29624571530471	61.35296458615595	61.20435717357799	58.60442056826325	61.34295817732653	61.66667228754234	62.315074825331905	58.05421688518749	59.07143707615314	58.60442056826325	63.336610064045125	59.05805939279464	59.28080271458352	60.17164885188483	60.78772939393913	61.79992578973214	61.34295817732653	59.05805939279464	61.79939056294672	62.04218322606825	62.46072573707271	61.05345499151377	62.04767274464848	61.66667228754234	59.28080271458352	62.04218322606825	62.44269611024323	62.62678686117236	61.97437910219346	62.447192978524576	62.315074825331905	60.17164885188483	62.46072573707271	62.62678686117236	65.81076414721976
63.93956403754161	61.655589991734296	60.15778216881964	58.302917998085	60.888157607896375	61.51924586628069	60.96280773871344	61.655589991734296	67.69635327288735	63.30596512181383	61.16756776231604	63.06680626865035	63.70351792155306	62.979972752058394	60.15778216881964	63.30596512181383	63.29527057305895	60.187217466634976	62.79058467132913	63.92238599415039	62.81894639649217	58.302917998085	61.16756776231604	60.187217466634976	64.61902709503205	60.736828214117985	61.18269707119196	60.75449156505363	60.888157607896375	63.06680626865035	62.79058467132913	60.736828214117985	63.31387222642433	63.83202153410864	63.307497577104556	61.51924586628069	63.70351792155306	63.92238599415039	61.18269707119196	63.83202153410864	65.03564128141812	63.82630284789918	60.96280773871344	62.979972752058394	62.81894639649217	60.75449156505363	63.307497577104556	63.82630284789918	63.541828652254985
68.70221262505301	59.80645918963832	55.292199739782255	53.96487909273768	56.503681900438735	56.90354447999993	57.01321078839418	59.80645918963832	70.06941266656409	64.48839714711147	62.47484539239075	64.20260530714073	64.47205226200668	63.75131138533416	55.292199739782255	64.48839714711147	66.16674331180849	63.17785180154958	65.93730763467808	66.3639992073929	65.74045335524791	53.96487909273768	62.47484539239075	63.17785180154958	67.74322226245872	63.64110466441912	63.78406797066533	63.44144264450445	56.503681900438735	64.20260530714073	65.93730763467808	63.64110466441912	66.45217161795303	66.62269290847561	66.2013721497214	56.90354447999993	64.47205226200668	66.3639992073929	63.78406797066533	66.62269290847561	67.09610039819071	66.3750416484306	57.01321078839418	63.75131138533416	65.74045335524791	63.44144264450445	66.2013721497214	66.3750416484306	66.63311225039793
63.46547776067773	63.24957693319048	63.4205258276576	61.48437020231759	59.94437940482724	63.4192683576291	63.39327199100978	63.24957693319048	65.86070195473755	63.26702572957831	61.648305501850714	60.82746298963108	63.27278841730277	63.20206991180156	63.4205258276576	63.26702572957831	63.448328448040115	61.50663545285295	59.970315147288275	63.44132244653105	63.414488164023815	61.48437020231759	61.648305501850714	61.50663545285295	64.45218469295696	58.0315906471746	61.499999246119245	61.49325887465736	59.94437940482724	60.82746298963108	59.970315147288275	58.0315906471746	59.28483494937053	60.13632501448221	60.05625079487892	63.4192683576291	63.27278841730277	63.44132244653105	61.499999246119245	60.13632501448221	63.50901469087772	63.41482756772252	63.39327199100978	63.20206991180156	63.414488164023815	61.49325887465736	60.05625079487892	63.41482756772252	63.56585234493109
87.93550653632616	68.88235586276275	71.7298344160887	27.407960654841155	74.73594231138829	74.94296967582146	74.82502736472637	68.88235586276275	77.00025453349429	75.21492581631567	47.45390744649546	74.72536590172335	75.22182610293576	74.50713827019008	71.7298344160887	75.21492581631567	89.90679591331721	34.043997223562926	90.48430743962415	91.0357857697029	90.28969436237512	27.407960654841155	47.45390744649546	34.043997223562926	110.86975591970327	33.31819200509201	33.24997723362419	33.37349645194738	74.73594231138829	74.72536590172335	90.48430743962415	33.31819200509201	92.55147590838293	92.59747175253699	92.32340436932738	74.94296967582146	75.22182610293576	91.0357857697029	33.24997723362419	92.59747175253699	93.05596039106241	92.37741298141363	74.82502736472637	74.50713827019008	90.28969436237512	33.37349645194738	92.32340436932738	92.37741298141363	92.32428879323342
84.03627582869464	70.82034660232506	76.53824113736795	28.9892748186465	78.53064730710776	79.14266987708713	78.53792269004389	70.82034660232506	76.76085294296506	73.88277499631911	46.74444117770694	73.08327766363078	73.99262579996306	73.04992840306181	76.53824113736795	73.88277499631911	84.20624894202031	31.940581324545697	84.3330567561766	85.55327272105143	84.32047186557605	28.9892748186465	46.74444117770694	31.940581324545697	110.16517214454706	31.516205057411845	31.353333267811927	31.533072391800975	78.53064730710776	73.08327766363078	84.3330567561766	31.516205057411845	86.07116616672653	86.51365466890948	86.04659849166764	79.14266987708713	73.99262579996306	85.55327272105143	31.353333267811927	86.51365466890948	87.66159189590604	86.4943354757228	78.53792269004389	73.04992840306181	84.32047186557605	31.533072391800975	86.04659849166764	86.4943354757228	86.06855740124323
82.05751965617938	72.53779920145305	80.36504459535071	29.887547394992836	81.32971564287061	82.58629172274304	81.32643030410799	72.53779920145305	77.04473123728638	73.8611176929188	46.157139892924036	72.8074523690608	74.15721731379615	72.76353751494842	80.36504459535071	73.8611176929188	81.92129547531073	30.396363912412824	81.3443440054924	83.48972426397712	81.34186876638401	29.887547394992836	46.157139892924036	30.396363912412824	109.75263734012081	30.217118889238442	29.924715964809575	30.245857486115824	81.32971564287061	72.8074523690608	81.3443440054924	30.217118889238442	82.30448748029222	83.5158744800981	82.29107261163041	82.58629172274304	74.15721731379615	83.48972426397712	29.924715964809575	83.5158744800981	85.70093337692195	83.50494751165542	81.32643030410799	72.76353751494842	81.34186876638401	30.245857486115824	82.29107261163041	83.50494751165542	82.33962627859981
82.2131800583459	72.40701678365514	80.63793836677704	29.94641690010164	82.07001090074534	83.05592804183694	82.01602695897532	72.40701678365514	77.83405351588982	74.32177144773976	46.02304651613677	72.46183263419202	74.38401550442858	72.21216091842146	80.63793836677704	74.32177144773976	82.02790108637846	30.267418999488278	80.82390840150983	83.44802368431114	80.81288997245844	29.94641690010164	46.02304651613677	30.267418999488278	109.70418462419651	30.007874420029083	29.757583703255083	30.180838168344845	82.07001090074534	72.46183263419202	80.82390840150983	30.007874420029083	82.25979803421755	83.23377112242814	82.19564625258118	83.05592804183694	74.38401550442858	83.44802368431114	29.757583703255083	83.23377112242814	85.65841436999816	83.17291203563956	82.01602695897532	72.21216091842146	80.81288997245844	30.180838168344845	82.19564625258118	83.17291203563956	82.4752838213395
83.66786607415048	71.24528954920282	78.40951045338839	29.343384720770008	80.65034959736603	81.15995004723543	80.65196108510246	71.24528954920282	77.41841409988606	74.13413429332428	46.52251771713431	72.42278824712639	74.03478242360188	72.40696708265911	78.40951045338839	74.13413429332428	83.13610500848338	31.152976633140963	82.51722720103425	84.46654404618994	82.5161128683989	29.343384720770008	46.52251771713431	31.152976633140963	109.94629274979411	30.717764046435768	30.56508090903608	30.729183930620067	80.65034959736603	72.42278824712639	82.51722720103425	30.717764046435768	84.63410159263694	85.02939346380481	84.6211283973508	81.15995004723543	74.03478242360188	84.46654404618994	30.56508090903608	85.02939346380481	86.69098431494093	85.02269835957847	80.65196108510246	72.40696708265911	82.5161128683989	30.729183930620067	84.6211283973508	85.02269835957847	84.63675575383657
82.98515198112572	71.48329146575065	79.23272501963993	30.308589862937563	80.9800250627922	81.8361994555241	81.242604292948	71.48329146575065	78.9522969713365	75.5818909392612	46.70851544574961	72.02116473640747	75.06151527527379	72.07585389918474	79.23272501963993	75.5818909392612	84.03901309765169	31.431448962489426	81.12803116659259	84.8847799521667	81.43518154972617	30.308589862937563	46.70851544574961	31.431448962489426	108.81982628503071	30.920116122534157	30.854242455636275	31.091020814016446	80.9800250627922	72.02116473640747	81.12803116659259	30.920116122534157	83.69136945681267	83.85656550621042	83.22201801820206	81.8361994555241	75.06151527527379	84.8847799521667	30.854242455636275	83.85656550621042	86.81358534399781	83.930700416328	81.242604292948	72.07585389918474	81.43518154972617	31.091020814016446	83.22201801820206	83.930700416328	83.42894692523042
77.0653443301096	68.92995302625214	74.27896674460018	37.16499980335778	76.25891448476331	76.46267834895004	76.27943054195747	68.92995302625214	74.4913870162088	69.43163479199981	50.00416969623508	69.20749672380867	69.53652624644471	69.21452275451165	74.27896674460018	69.43163479199981	74.35355597954606	37.689925639143624	75.25764812629214	75.73202072997697	75.28831367940383	37.16499980335778	50.00416969623508	37.689925639143624	98.55947807848241	37.58732802497379	37.58103382594194	37.59955555556439	76.25891448476331	69.20749672380867	75.25764812629214	37.58732802497379	77.23660927715154	77.3934074919205	77.21636133169422	76.46267834895004	69.53652624644471	75.73202072997697	37.58103382594194	77.3934074919205	77.83127405271934	77.41012227848208	76.27943054195747	69.21452275451165	75.28831367940383	37.59955555556439	77.21636133169422	77.41012227848208	77.24052667311825
68.9181582969743	65.77869663159201	67.77889437930139	49.321688548966094	68.87724674634613	69.3428590847101	68.90045735008414	65.77869663159201	72.89080537697136	66.47420985463391	55.69605986777877	65.7740485774197	66.44308782002895	65.77894104540243	67.77889437930139	66.47420985463391	67.86055984843655	48.89375446315336	67.76334689727611	68.7913702594035	67.79736292755942	49.321688548966094	55.69605986777877	48.89375446315336	79.77994879944771	49.31640292491868	49.470158031993314	49.33558571630061	68.87724674634613	65.7740485774197	67.76334689727611	49.31640292491868	68.9200269313412	69.34177561538681	68.89423350795363	69.3428590847101	66.44308782002895	68.7913702594035	49.470158031993314	69.34177561538681	70.34816012909	69.35922241526362	68.90045735008414	65.77894104540243	67.79736292755942	49.33558571630061	68.89423350795363	69.35922241526362	68.9241048769363
76.37344052210705	74.47161741404047	76.21386001588583	39.1350227771886	76.31872505586182	77.40902467843642	76.25302631544335	74.47161741404047	75.47377185226762	74.94706622488093	42.243869308861875	74.49340278553503	75.69908406975398	74.41007698451513	76.21386001588583	74.94706622488093	77.712581398957	36.98963663864179	76.24693536214568	78.38528948171201	76.21434879644637	39.1350227771886	42.243869308861875	36.98963663864179	94.67258588443536	39.1777368337747	38.484055393343205	39.32709329125787	76.31872505586182	74.49340278553503	76.24693536214568	39.1777368337747	76.35227755169969	77.43740377937215	76.2803398077827	77.40902467843642	75.69908406975398	78.38528948171201	38.484055393343205	77.43740377937215	79.53356459337378	77.37196752629347	76.25302631544335	74.41007698451513	76.21434879644637	39.32709329125787	76.2803398077827	77.37196752629347	76.36018157909722
75.92260837576107	75.78011375178752	75.70387115808265	39.426957154458975	75.89500029429792	76.89594763403235	74.61905053565313	75.78011375178752	75.86664447397574	75.63426036720433	39.6382817924111	75.7934558678239	76.79934603287788	74.49325030032037	75.70387115808265	75.63426036720433	76.89352774418765	37.505127161217736	75.71846536959427	77.56076242581067	74.97177656480619	39.426957154458975	39.6382817924111	37.505127161217736	94.66400539270649	39.44466485895904	38.83641801020272	42.167163303836496	75.89500029429792	75.7934558678239	75.71846536959427	39.44466485895904	75.91444932015398	76.91002108892293	74.62766052311164	76.89594763403235	76.79934603287788	77.56076242581067	38.83641801020272	76.91002108892293	78.7421400611316	75.64016692857119	74.61905053565313	74.49325030032037	74.97177656480619	42.167163303836496	74.62766052311164	75.64016692857119	75.68437024740895
72.29150417483449	72.11981412551097	71.74428928677084	42.659077577200186	72.17056010788055	72.58668081689494	71.7176143565286	72.11981412551097	72.26081272915113	71.7867629239508	42.90518207450663	72.19731262798507	72.60882052205069	71.71048541255907	71.74428928677084	71.7867629239508	71.77104706179873	41.952103949764066	71.8288286095443	72.36655302926944	71.52327000263143	42.659077577200186	42.90518207450663	41.952103949764066	86.42628294810689	42.77636652589021	42.923686730825395	44.650110165749474	72.17056010788055	72.19731262798507	71.8288286095443	42.77636652589021	72.2543870048098	72.66269195011849	71.77499924765822	72.58668081689494	72.60882052205069	72.36655302926944	42.923686730825395	72.66269195011849	73.27794401620909	72.13465291646813	71.7176143565286	71.71048541255907	71.52327000263143	44.650110165749474	71.77499924765822	72.13465291646813	72.688925676857
77.77272187801614	70.65154965188852	72.77447273706315	36.974223503365884	73.81804972744446	74.45412453666847	73.80038110714848	70.65154965188852	75.23186121343106	72.73489690414178	46.54434773440688	72.69306638559462	73.2624994938842	71.9195190514417	72.77447273706315	72.73489690414178	76.65518650311668	39.365979693556355	76.5889137930982	77.51298186201535	76.24930561428674	36.974223503365884	46.54434773440688	39.365979693556355	97.06094591862916	39.87311431729897	39.760777134727284	40.52601987979212	73.81804972744446	72.69306638559462	76.5889137930982	39.87311431729897	77.37765753931744	77.92474177189455	76.90534386849903	74.45412453666847	73.2624994938842	77.51298186201535	39.760777134727284	77.92474177189455	78.89739330468453	77.44022684209564	73.80038110714848	71.9195190514417	76.24930561428674	40.52601987979212	76.90534386849903	77.44022684209564	77.5303863394105
69.47691139004488	63.57421584172589	62.4983890404546	51.224511856894964	63.494480957562516	64.10009051148437	63.81926390229361	63.57421584172589	70.85367173314518	66.54824721544175	57.527312018476735	66.21392964124854	66.84293146547537	65.65439418605176	62.4983890404546	66.54824721544175	68.1586050909045	55.11302221135858	67.65506730553786	68.70031374254897	67.53298494789325	51.224511856894964	57.527312018476735	55.11302221135858	74.61834871773274	55.70464450329892	55.860264558034345	55.80107034971505	63.494480957562516	66.21392964124854	67.65506730553786	55.70464450329892	68.27755322600292	68.72871250072549	68.03285451752849	64.10009051148437	66.84293146547537	68.70031374254897	55.860264558034345	68.72871250072549	69.8032177741498	68.48443781166942	63.81926390229361	65.65439418605176	67.53298494789325	55.80107034971505	68.03285451752849	68.48443781166942	68.78089954819632
61.766218539913154	61.5776220714973	61.560343025006794	56.26474459966306	60.60648287612603	61.68414279944907	62.168137560034396	61.5776220714973	61.829126549488905	61.771053749969646	56.500354203487404	60.8421205560602	61.892245415044584	62.31291930421221	61.560343025006794	61.771053749969646	61.76110588066982	56.47132686648498	60.819282798431594	61.87673507428623	62.30845381449183	56.26474459966306	56.500354203487404	56.47132686648498	64.31033323197887	55.52426921714034	56.58463186569825	57.52266886409204	60.60648287612603	60.8421205560602	60.819282798431594	55.52426921714034	60.68810789936797	60.97816655627804	61.67143397294251	61.68414279944907	61.892245415044584	61.87673507428623	56.58463186569825	60.97816655627804	62.04812414399774	62.40307915658257	62.168137560034396	62.31291930421221	62.30845381449183	57.52266886409204	61.67143397294251	62.40307915658257	64.30948007794272
