90.02323047624333	59.60333696409357	59.60495318627321	36.927362404640476	57.09160476732357	60.810442673254336	67.55745133052736	59.60333696409357	85.89052435347683	85.87685150526528	51.7940831574634	83.89043263189961	86.57765795818912	73.02620100846497	59.60495318627321	85.87685150526528	85.9065794148988	51.773404262434255	83.91476924489406	86.60722695420937	73.06023560973328	36.927362404640476	51.7940831574634	51.773404262434255	91.21416845305141	50.923264283384526	51.62469118729632	51.73480055990019	57.09160476732357	83.89043263189961	83.91476924489406	50.923264283384526	88.8997210284044	86.5357949054425	74.11469947041071	60.810442673254336	86.57765795818912	86.60722695420937	51.62469118729632	86.5357949054425	88.3316091661021	73.93393371819906	67.55745133052736	73.02620100846497	73.06023560973328	51.73480055990019	74.11469947041071	73.93393371819906	74.2739500834901
77.19763824353794	63.48554092948999	63.453148301964035	39.84570429291188	63.46737707825237	65.03199830717246	64.63375657062741	63.48554092948999	73.25866924251613	73.25079805076543	54.456162300541386	73.2472892820154	73.70456536737532	72.1140423387615	63.453148301964035	73.25079805076543	73.2921005891548	54.43664449197838	73.27133894693017	73.7385545182511	72.1408203872898	39.84570429291188	54.456162300541386	54.43664449197838	86.30973723443005	54.44413359332377	54.56810856228405	54.350870537906594	63.46737707825237	73.2472892820154	73.27133894693017	54.44413359332377	73.27708563302177	73.72797819850238	72.13601229546619	65.03199830717246	73.70456536737532	73.7385545182511	54.56810856228405	73.72797819850238	74.51087407047014	72.54603172633091	64.63375657062741	72.1140423387615	72.1408203872898	54.350870537906594	72.13601229546619	72.54603172633091	72.33822011470045
94.13399620208111	64.9129775217705	64.91879812674463	31.116204330174682	61.05414353526727	65.93525601178735	70.64158510393499	64.9129775217705	94.99927636888866	94.99923002033104	42.709864985931745	91.3740051147241	95.57253589925347	77.77993754921252	64.91879812674463	94.99923002033104	95.02211980789173	42.69344546205037	91.38566228598951	95.59285146652695	77.79967529527299	31.116204330174682	42.709864985931745	42.69344546205037	101.65195215805879	41.85988072638608	42.22583841863242	46.07516812521958	61.05414353526727	91.3740051147241	91.38566228598951	41.85988072638608	98.79742019021307	95.03210336300805	79.28391240316884	65.93525601178735	95.57253589925347	95.59285146652695	42.22583841863242	95.03210336300805	97.53654379792152	78.98038100456034	70.64158510393499	77.77993754921252	77.79967529527299	46.07516812521958	79.28391240316884	78.98038100456034	77.40120480650789
95.03209648960727	65.85127884693945	65.87284584214905	31.18801127090753	59.50657438178633	66.19597850360869	70.3684002062199	65.85127884693945	95.65982902774944	95.64946152824534	42.786096173104454	89.8307554895179	95.60645425023023	77.54038264035844	65.87284584214905	95.64946152824534	95.74939715328821	42.702666186134834	89.92370905222742	95.7092450992129	77.64500580825933	31.18801127090753	42.786096173104454	42.702666186134834	101.89261317714026	41.38629558894511	42.10001063124977	45.86807696799809	59.50657438178633	89.8307554895179	89.92370905222742	41.38629558894511	101.61203558813273	94.71620066645326	79.93673208540216	66.19597850360869	95.60645425023023	95.7092450992129	42.10001063124977	94.71620066645326	97.51418292982817	79.04360385712546	70.3684002062199	77.54038264035844	77.64500580825933	45.86807696799809	79.93673208540216	79.04360385712546	77.61948008344261
87.2140735619866	66.9341565268317	66.92882782736943	30.220243514742023	66.29250981126579	68.36123963007527	70.40279455212612	66.9341565268317	83.33016040897047	83.32847667783201	44.72075505956029	83.14642155496925	84.02916697539706	76.97015079080738	66.92882782736943	83.32847667783201	83.34919767118232	44.7039860352202	83.15854783155079	84.04638955975203	76.9871390351563	30.220243514742023	44.72075505956029	44.7039860352202	100.81923065960005	44.62070432785265	44.62162521144409	46.37210048367365	66.29250981126579	83.14642155496925	83.15854783155079	44.62070432785265	83.66539349533868	83.99596505910836	76.98923415182443	68.36123963007527	84.02916697539706	84.04638955975203	44.62162521144409	83.99596505910836	85.10151005154621	77.48221679412325	70.40279455212612	76.97015079080738	76.9871390351563	46.37210048367365	76.98923415182443	77.48221679412325	76.74237685477183
76.20871625285977	75.94685673911776	76.34373245691847	39.82323895317145	76.19887843686405	77.48732462305694	75.41144265939253	75.94685673911776	76.08488643211354	76.12330339132902	40.300062143906544	75.94838440224089	77.22338082852973	75.12972178925368	76.34373245691847	76.12330339132902	77.20957830426892	38.79271975950984	76.34498147224384	78.1458471023342	75.69386262730941	39.82323895317145	40.300062143906544	38.79271975950984	91.85923044823893	39.8243664431612	39.944925914349554	41.702896013127315	76.19887843686405	75.94838440224089	76.34498147224384	39.8243664431612	76.2097950125742	77.4908856399583	75.41313042931637	77.48732462305694	77.22338082852973	78.1458471023342	39.944925914349554	77.4908856399583	79.47424715310726	76.58035547800978	75.41144265939253	75.12972178925368	75.69386262730941	41.702896013127315	75.41313042931637	76.58035547800978	75.98282993854873
78.92188883727079	77.47516646483064	79.43716551070129	35.399408100083654	78.91334471480826	81.073165505571	76.39652258103764	77.47516646483064	78.91335999313505	78.66945092693044	37.69416830699696	77.47705073238575	79.95255241125096	74.42949025994412	79.43716551070129	78.66945092693044	83.73603761867474	33.24248533906021	79.4395015325797	84.29206010168897	78.63187980274073	35.399408100083654	37.69416830699696	33.24248533906021	101.6120964280816	35.40024764190821	33.76883456317887	40.8049886014918	78.91334471480826	77.47705073238575	79.4395015325797	35.40024764190821	78.92500860424767	81.07795264413522	76.399273751566	81.073165505571	79.95255241125096	84.29206010168897	33.76883456317887	81.07795264413522	85.63947800066768	78.97713461618613	76.39652258103764	74.42949025994412	78.63187980274073	40.8049886014918	76.399273751566	78.97713461618613	79.606637068072
80.86631302047815	72.24612487066858	79.71686205184044	30.4859836105816	80.85485420334467	81.77622022505766	80.8545886125098	72.24612487066858	76.29954758434586	72.77011324315217	46.077244928551366	72.24530863420382	73.11203464854442	72.19835404499936	79.71686205184044	72.77011324315217	79.64236784134056	30.66268051952777	79.71275313702415	81.17444207084255	79.72009645880459	30.4859836105816	46.077244928551366	30.66268051952777	109.11747601358522	30.484679175883297	30.280675474968856	30.521488948583453	80.85485420334467	72.24530863420382	79.71275313702415	30.484679175883297	80.86619752359779	81.77591623667732	80.85233794662433	81.77622022505766	73.11203464854442	81.17444207084255	30.280675474968856	81.77591623667732	83.30124164721609	81.7715671416198	80.8545886125098	72.19835404499936	79.72009645880459	30.521488948583453	80.85233794662433	81.7715671416198	80.91708314105347
82.78100934177098	73.05172560328134	82.43179959103227	30.896100177732976	79.60857571211652	83.47586211001193	82.77213004895857	73.05172560328134	76.48813170346298	73.50505603549229	46.20533023923046	72.59312342219106	73.86904874006848	73.03974142870563	82.43179959103227	73.50505603549229	82.78410137087644	31.073322720686928	78.93097537249	83.4454034402059	82.43064999086896	30.896100177732976	46.20533023923046	31.073322720686928	109.97288214353502	29.50282961820158	30.265187828921157	30.903435938346686	79.60857571211652	72.59312342219106	78.93097537249	29.50282961820158	82.44679480220455	81.6844655642249	79.61522168645179	83.47586211001193	73.86904874006848	83.4454034402059	30.265187828921157	81.6844655642249	85.0982947126624	83.47520394946031	82.77213004895857	73.03974142870563	82.43064999086896	30.903435938346686	79.61522168645179	83.47520394946031	82.78646151321273
83.21635708782726	73.12978499335242	83.07306311548538	31.549937206470236	77.78636505413915	83.29746152453609	83.06450048573357	73.12978499335242	75.9963770820373	73.16887244572382	46.40937981861281	72.06549213895278	73.41786837435971	73.14177611699756	83.07306311548538	73.16887244572382	83.19463356688043	31.595283813650397	77.93757738208356	83.41665887541046	83.1794892453681	31.549937206470236	46.40937981861281	31.595283813650397	109.55898175862299	30.863751036794564	31.23435947766491	31.602624475582374	77.78636505413915	72.06549213895278	77.93757738208356	30.863751036794564	78.05081869409376	79.06875791970783	77.95042115781676	83.29746152453609	73.41786837435971	83.41665887541046	31.23435947766491	79.06875791970783	84.04058589051509	83.40772324234017	83.06450048573357	73.14177611699756	83.1794892453681	31.602624475582374	77.95042115781676	83.40772324234017	83.19781825230267
71.79324821976354	61.71800964358181	54.87490665888682	50.23879855361615	54.73958510735031	56.097696166370454	55.08947885543187	61.71800964358181	71.3020562933331	65.11402631358376	61.97464993202625	65.11699748574885	65.28331472763149	64.928640171848	54.87490665888682	65.11402631358376	69.48665275482898	63.50800057902048	69.46537987760998	69.90292742779997	69.37053811738014	50.23879855361615	61.97464993202625	63.50800057902048	71.60942855546227	63.4945689339352	63.78517073847196	63.42316463071655	54.73958510735031	65.11699748574885	69.46537987760998	63.4945689339352	69.5766280662539	69.90867566828712	69.3558490084525	56.097696166370454	65.28331472763149	69.90292742779997	63.78517073847196	69.90867566828712	70.63073723307697	69.78491590499107	55.08947885543187	64.928640171848	69.37053811738014	63.42316463071655	69.3558490084525	69.78491590499107	69.4784108601762
61.52955275749744	61.53712941179272	61.516511898664604	59.9290984997952	61.342766831812604	62.449215991373556	61.826791836180725	61.53712941179272	61.63995318299561	61.53387126705216	59.95428161550282	61.36176862642022	62.459638835986	61.8318021124398	61.516511898664604	61.53387126705216	61.52563749809838	59.92487761291858	61.338782553060625	62.45340862906625	61.825377882195745	59.9290984997952	59.95428161550282	59.92487761291858	62.14451946970765	59.74378543710867	60.84732590194221	60.34209698373285	61.342766831812604	61.36176862642022	61.338782553060625	59.74378543710867	61.51769003006643	62.37091099978756	61.699377424601664	62.449215991373556	62.459638835986	62.45340862906625	60.84732590194221	62.37091099978756	63.70749765897365	62.61068913270745	61.826791836180725	61.8318021124398	61.825377882195745	60.34209698373285	61.699377424601664	62.61068913270745	63.151540228412124
58.864502155724495	58.863341150884374	58.789233640522305	57.54321697239486	58.83529041768236	59.14522964634445	59.1456447566425	58.863341150884374	58.90670948806799	58.81359514800198	57.56930937635923	58.85942601235087	59.16834332151133	59.16717046662337	58.789233640522305	58.81359514800198	58.76670933784762	57.49157188175836	58.78512794966691	59.100465971493435	59.100238007152335	57.54321697239486	57.56930937635923	57.49157188175836	59.31954115189172	57.53930808785472	57.849450317078315	57.884894332591834	58.83529041768236	58.85942601235087	58.78512794966691	57.53930808785472	58.847560397339656	59.14224315034631	59.14219570587099	59.14522964634445	59.16834332151133	59.100465971493435	57.849450317078315	59.14224315034631	59.53612788574243	59.43146448735818	59.1456447566425	59.16717046662337	59.100238007152335	57.884894332591834	59.14219570587099	59.43146448735818	59.85410405155257
61.31948267725895	62.52286499521707	61.01071060570582	56.09416790207394	61.23722600070601	61.424664840853076	61.320006058049	62.52286499521707	68.74581306369487	62.48920022603053	59.1015167259532	62.49369399547189	62.584627757226954	62.51816202322777	61.01071060570582	62.48920022603053	60.86087793125226	55.83256378584015	60.932188222551595	61.138139723390374	61.02175566251872	56.09416790207394	59.1015167259532	55.83256378584015	64.80628845213418	56.028782145314324	56.1894851978245	56.10598160646748	61.23722600070601	62.49369399547189	60.932188222551595	56.028782145314324	61.24149271687486	61.35458362969551	61.24775324182504	61.424664840853076	62.584627757226954	61.138139723390374	56.1894851978245	61.35458362969551	61.58656700494469	61.43476985573549	61.320006058049	62.51816202322777	61.02175566251872	56.10598160646748	61.24775324182504	61.43476985573549	61.34711722105274
69.646324934836	66.08792494931077	67.9875290487791	48.974042879844546	69.63580601221881	69.75078929943511	69.62481180788728	66.08792494931077	71.98778771305004	66.25966846148911	54.38736914886442	66.08764810364255	66.40436544291192	65.98057782313086	67.9875290487791	66.25966846148911	67.41783533807559	48.163060195745125	67.98766711206649	68.43259186209816	68.01148817692676	48.974042879844546	54.38736914886442	48.163060195745125	80.64079114852471	48.97596226435438	48.973890236702104	49.04204700437998	69.63580601221881	66.08764810364255	67.98766711206649	48.97596226435438	69.64712265987913	69.7535646424273	69.62733639676765	69.75078929943511	66.40436544291192	68.43259186209816	48.973890236702104	69.7535646424273	70.14604394178335	69.74329667838332	69.62481180788728	65.98057782313086	68.01148817692676	49.04204700437998	69.62733639676765	69.74329667838332	69.8060540737687
61.02210780515485	61.02175529842631	60.89490563151438	54.65626171653396	60.994265443715065	61.28287852290989	61.125859122035514	61.02175529842631	61.13599753299639	60.94479258714477	54.73583771068096	61.04276877743358	61.328755547379004	61.17073098052653	60.89490563151438	60.94479258714477	60.86319812537114	54.56363406032021	60.916231571306646	61.213552633510965	61.05193935290226	54.65626171653396	54.73583771068096	54.56363406032021	63.12621556013396	54.6809370241421	54.972369302040114	54.90552727604048	60.994265443715065	61.04276877743358	60.916231571306646	54.6809370241421	61.0231218446332	61.30381606554978	61.14619901797762	61.28287852290989	61.328755547379004	61.213552633510965	54.972369302040114	61.30381606554978	61.67520618916917	61.4240789651211	61.125859122035514	61.17073098052653	61.05193935290226	54.90552727604048	61.14619901797762	61.4240789651211	61.49783524768411
78.30922698585152	58.31841249320392	58.31349064342085	45.93787526978591	58.30877030130002	59.69805285243966	65.03433305524587	58.31841249320392	73.46788949551174	73.45250839498404	57.787927126306016	73.45011115669621	74.35669026954187	67.89092353855982	58.31349064342085	73.45250839498404	73.4667792706274	57.77838045920585	73.45251757372462	74.36686996953216	67.9076932419874	45.93787526978591	57.787927126306016	57.77838045920585	78.44075075618116	57.78017391538743	58.18663778663405	57.171201258174975	58.30877030130002	73.45011115669621	73.45251757372462	57.78017391538743	73.46720915679742	74.36128103603318	67.90397420058682	59.69805285243966	74.35669026954187	74.36686996953216	58.18663778663405	74.36128103603318	75.68028326916094	68.28946593221383	65.03433305524587	67.89092353855982	67.9076932419874	57.171201258174975	67.90397420058682	68.28946593221383	70.75529937459122
92.13573884064279	65.95645439504129	68.89715445652656	27.866848592293096	68.88882643923672	71.25589060592716	74.21058084135142	65.95645439504129	88.88233375570226	87.40127598174428	44.702163707768314	87.37465168985091	88.63730930291821	76.54521803807873	68.89715445652656	87.40127598174428	102.98921172070945	31.60315940807235	102.96452793889183	105.02571471639087	92.96449766496193	27.866848592293096	44.702163707768314	31.60315940807235	111.48178032163787	31.598814270922574	30.814714765232317	33.604600842624556	68.88882643923672	87.37465168985091	102.96452793889183	31.598814270922574	103.00330578062004	105.02014682320673	92.97702127117618	71.25589060592716	88.63730930291821	105.02571471639087	30.814714765232317	105.02014682320673	107.60750458213714	94.48709763871807	74.21058084135142	76.54521803807873	92.96449766496193	33.604600842624556	92.97702127117618	94.48709763871807	92.99895056454186
85.73531004633685	70.17018845418444	71.60891741894162	28.015644427935463	71.27267528811936	73.3557364096466	72.08182033687618	70.17018845418444	77.76435128398792	76.69053189760864	46.96258663123903	76.69227624215821	77.19574819543931	75.8455509151411	71.60891741894162	76.69053189760864	92.09653181031864	34.00251703404557	92.02739164175374	93.1784696296501	91.34912576031802	28.015644427935463	46.96258663123903	34.00251703404557	110.80838496398584	33.99441996695618	33.52245127660784	34.14843370515193	71.27267528811936	76.69227624215821	92.02739164175374	33.99441996695618	92.29161001359431	93.1805147436863	91.29606149433558	73.3557364096466	77.19574819543931	93.1784696296501	33.52245127660784	93.1805147436863	94.63363325322011	92.40611317741325	72.08182033687618	75.8455509151411	91.34912576031802	34.14843370515193	91.29606149433558	92.40611317741325	91.40617432561768
70.27012123624827	68.90697763976817	70.02452487719006	39.24489518189319	70.02769338854907	70.17794031359806	70.15712608165971	68.90697763976817	72.51209878616429	69.07699829555688	46.47521585392987	69.07488676317374	69.16535738126336	68.86256967322738	70.02452487719006	69.07699829555688	70.33251453620557	39.510171809291634	70.32605780461193	70.47416283023908	70.4344400292946	39.24489518189319	46.47521585392987	39.510171809291634	90.50043571636412	39.51128544085141	39.56737869982318	40.06370002022062	70.02769338854907	69.07488676317374	70.32605780461193	39.51128544085141	70.34458971661714	70.47714947026476	70.43750717793277	70.17794031359806	69.16535738126336	70.47416283023908	39.56737869982318	70.47714947026476	70.65826855247457	70.57719547641166	70.15712608165971	68.86256967322738	70.4344400292946	40.06370002022062	70.43750717793277	70.57719547641166	71.08320468582347
61.012026063244576	61.01831272455113	60.99249886984516	60.02708159439264	59.43251207487782	61.135820946337454	61.65093324087753	61.01831272455113	61.127229602880554	61.008959036476554	60.047743073981835	59.459149984086004	61.151392636043575	61.63937754450473	60.99249886984516	61.008959036476554	60.995671706350265	60.017435744260865	59.41396715025471	61.12762771791544	61.64712170800673	60.02708159439264	60.047743073981835	60.017435744260865	61.51675112790484	58.46825667033681	60.15695017981558	60.8151823199172	59.43251207487782	59.459149984086004	59.41396715025471	58.46825667033681	59.45142386395486	59.67009772191689	60.88136181220562	61.135820946337454	61.151392636043575	61.12762771791544	60.15695017981558	59.67009772191689	61.3600670402377	61.748700697765486	61.65093324087753	61.63937754450473	61.64712170800673	60.8151823199172	60.88136181220562	61.748700697765486	64.61200229187209
61.28677218444017	61.23601000538899	61.21425928879547	56.86640118699873	61.06234497682606	61.40555236067325	62.95290175522334	61.23601000538899	61.28974772810629	61.25780326423598	56.909364649270046	61.106271505184736	61.44862290139019	62.96099037718986	61.21425928879547	61.25780326423598	61.249369873319424	56.88729638584776	61.08350753131712	61.42848251473332	62.96256907918093	56.86640118699873	56.909364649270046	56.88729638584776	64.16475730200627	56.75464355762175	57.04986517543202	59.51931444154937	61.06234497682606	61.106271505184736	61.08350753131712	56.75464355762175	61.12823213747366	61.28437449698805	62.93646932766664	61.40555236067325	61.44862290139019	61.42848251473332	57.04986517543202	61.28437449698805	61.68945186000972	63.037939108269455	62.95290175522334	62.96099037718986	62.96256907918093	59.51931444154937	62.93646932766664	63.037939108269455	67.49407459247526
81.55733766899654	70.38162367592439	73.10960530810348	33.342018053637645	73.7958541612613	75.00749820803908	74.35641213288902	70.38162367592439	78.17012226761022	75.4974260061052	46.05519676415924	75.23306314663537	76.13481453151951	72.66862203710788	73.10960530810348	75.4974260061052	82.07036799025119	37.42636048696452	81.73105432126943	83.14831321381962	80.1838006513481	33.342018053637645	46.05519676415924	37.42636048696452	102.44593053728119	37.58719520232943	37.334976369601115	38.882108079449445	73.7958541612613	75.23306314663537	81.73105432126943	37.58719520232943	82.2684309696609	83.20789807777433	80.50464843986033	75.00749820803908	76.13481453151951	83.14831321381962	37.334976369601115	83.20789807777433	84.77039467330988	81.36285257778606	74.35641213288902	72.66862203710788	80.1838006513481	38.882108079449445	80.50464843986033	81.36285257778606	81.77318883570129
62.957055561449785	60.876129061541484	60.861561129720805	57.051052628087064	59.87831118618832	61.26011897612581	61.812901204038795	60.876129061541484	62.72392619107943	62.7026820707299	58.954393891322894	61.90556380462408	63.04408395949672	62.96800237190508	60.861561129720805	62.7026820707299	62.70193086262099	58.940803103578325	61.89016052350793	63.0361461339545	62.96488332541428	57.051052628087064	58.954393891322894	58.940803103578325	64.60104799070304	58.1414053978304	59.25403883805114	59.66896497278044	59.87831118618832	61.90556380462408	61.89016052350793	58.1414053978304	62.15223847150195	62.3715259268514	62.53417569019202	61.26011897612581	63.04408395949672	63.0361461339545	59.25403883805114	62.3715259268514	63.555839909713065	63.21517324565361	61.812901204038795	62.96800237190508	62.96488332541428	59.66896497278044	62.53417569019202	63.21517324565361	65.25207406919424
72.43715440192466	63.82946553331087	61.90869483963789	37.93207589461495	62.003896825942334	62.201728753520285	62.7200787367435	63.82946553331087	73.87262214254064	72.12339188959439	53.3328279804043	72.126378698451	72.17657720991666	71.45936759223721	61.90869483963789	72.12339188959439	76.08556428804356	50.8544329692264	76.08086027378597	76.15407854275992	75.49619498490225	37.93207589461495	53.3328279804043	50.8544329692264	90.52277342321402	50.86473356280837	50.86663193741495	50.83357353514933	62.003896825942334	72.126378698451	76.08086027378597	50.86473356280837	76.11486703213086	76.17928935436034	75.5206971128186	62.201728753520285	72.17657720991666	76.15407854275992	50.86663193741495	76.17928935436034	76.29002967658862	75.58866538645951	62.7200787367435	71.45936759223721	75.49619498490225	50.83357353514933	75.5206971128186	75.58866538645951	75.6879367171139
63.21547692006328	62.878405810009696	62.876550667025214	61.44405268350266	59.48501854876989	62.91453766224373	62.64512354814688	62.878405810009696	63.08239230619388	63.06851964212782	61.6392081717303	59.770266387869	63.10876300876719	62.76081208214891	62.876550667025214	63.06851964212782	63.07570698676214	61.63641286014153	59.75330210457412	63.10852127931053	62.76311057403575	61.44405268350266	61.6392081717303	61.63641286014153	63.770017898786335	58.3323431740838	61.66124415444659	61.52856825620161	59.48501854876989	59.770266387869	59.75330210457412	58.3323431740838	61.000745579528086	60.54744557169735	61.20606870400623	62.91453766224373	63.10876300876719	63.10852127931053	61.66124415444659	60.54744557169735	63.47519780506353	62.88375877567665	62.64512354814688	62.76081208214891	62.76311057403575	61.52856825620161	61.20606870400623	62.88375877567665	65.09088115071387
62.94150744533772	62.84085787798656	62.838758513974106	61.427263828402154	59.67288051974968	62.91732193637246	62.634703996953846	62.84085787798656	62.914808674466876	62.89790750560453	61.48806084175668	59.761100651771436	62.977011017673156	62.66718978703655	62.838758513974106	62.89790750560453	62.9039498399037	61.48474432996858	59.74563551616917	62.976676898303865	62.670025114826814	61.427263828402154	61.48806084175668	61.48474432996858	63.58603866468789	58.33835872545927	61.54562005033107	61.45720768268184	59.67288051974968	59.761100651771436	59.74563551616917	58.33835872545927	61.285296355051806	60.69191021848147	61.282816040075296	62.91732193637246	62.977011017673156	62.976676898303865	61.54562005033107	60.69191021848147	63.4443689082456	62.832853563100635	62.634703996953846	62.66718978703655	62.670025114826814	61.45720768268184	61.282816040075296	62.832853563100635	65.11829430221152
61.024642405786324	60.9087327075706	60.89390430689632	58.72062621862086	60.269436879793275	61.27770659898453	61.741238063961404	60.9087327075706	61.029908532100734	61.00457334014748	58.83404580867439	60.38779762255621	61.38466971432903	61.805795985557566	60.89390430689632	61.00457334014748	61.00024054558341	58.81781488285132	60.3697209761469	61.37304722874725	61.800892125907325	58.72062621862086	58.83404580867439	58.81781488285132	62.09179727037705	58.20158392385382	59.18210518041901	59.90941012879583	60.269436879793275	60.38779762255621	60.3697209761469	58.20158392385382	60.49335049881636	60.845517626732004	61.479282327074884	61.27770659898453	61.38466971432903	61.37304722874725	59.18210518041901	60.845517626732004	61.91850557321359	62.062945279232416	61.741238063961404	61.805795985557566	61.800892125907325	59.90941012879583	61.479282327074884	62.062945279232416	64.5569129485073
62.495138446140174	62.06896844979783	62.053852032019854	55.88336309890603	61.795547829335426	62.396577059294984	63.34636240142223	62.06896844979783	62.44737069078058	62.42210444490213	56.24121251404036	62.170391109995336	62.75742307100591	63.483349794925836	62.053852032019854	62.42210444490213	62.417824297158546	56.224125190368	62.15449792530065	62.74518922722243	63.48423903621162	55.88336309890603	56.24121251404036	56.224125190368	66.06529191018296	56.00089094521995	56.499753529746485	58.479302601295906	61.795547829335426	62.170391109995336	62.15449792530065	56.00089094521995	62.22524548338839	62.51999382493488	63.41634308829794	62.396577059294984	62.75742307100591	62.74518922722243	56.499753529746485	62.51999382493488	63.211574817684664	63.65386033865032	63.34636240142223	63.483349794925836	63.48423903621162	58.479302601295906	63.41634308829794	63.65386033865032	67.30206943361618
63.45667188115321	63.240706533209384	63.2281402043176	54.618140384811596	62.915556137635306	63.59569517236869	64.25615049464116	63.240706533209384	63.43437579384755	63.41031221249464	54.79239607014857	63.10137215078211	63.77421025513781	64.31504220225713	63.2281402043176	63.41031221249464	63.407477814131305	54.7764272763026	63.087626187076665	63.76418257342718	64.31802244203668	54.618140384811596	54.79239607014857	54.7764272763026	68.54384600254511	54.521071000423795	55.046016304321775	57.43522636202341	62.915556137635306	63.10137215078211	63.087626187076665	54.521071000423795	63.17387659895705	63.49041552778629	64.24706887308658	63.59569517236869	63.77421025513781	63.76418257342718	55.046016304321775	63.49041552778629	64.27143907886492	64.49707909866908	64.25615049464116	64.31504220225713	64.31802244203668	57.43522636202341	64.24706887308658	64.49707909866908	68.15893288750235
62.43235685225928	62.42295309499115	62.38532921735778	61.156669153137614	61.152246692759505	63.09028666795284	62.74680182451074	62.42295309499115	62.43689617577201	62.39175750959952	61.16318689585097	61.15886233222687	63.09627620278239	62.7443207107727	62.38532921735778	62.39175750959952	62.59557445050426	61.118870180407555	61.13344521450652	63.231133421488416	62.872089379163086	61.156669153137614	61.16318689585097	61.118870180407555	63.038077923766025	59.92594023763304	61.78056671557192	61.83510923542565	61.152246692759505	61.15886233222687	61.13344521450652	59.92594023763304	64.68514125655133	63.16812822649428	63.582412393379606	63.09028666795284	63.09627620278239	63.231133421488416	61.78056671557192	63.16812822649428	64.71115029201374	63.382701852341484	62.74680182451074	62.7443207107727	62.872089379163086	61.83510923542565	63.582412393379606	63.382701852341484	67.99711014622358
61.9455893638103	61.92052287339457	61.90584236125588	60.33868639034143	61.08058578001804	62.52481789161087	62.70168916766407	61.92052287339457	61.94519417320771	61.923398083660736	60.35630557018729	61.099035464861295	62.54168054315735	62.70273976563514	61.90584236125588	61.923398083660736	61.937630936324084	60.34073296789087	61.07811234359098	62.541050672477866	62.713522877726334	60.33868639034143	60.35630557018729	60.34073296789087	62.76439753648337	59.54637382011402	60.919055690768886	61.51742065424754	61.08058578001804	61.099035464861295	61.07811234359098	59.54637382011402	62.134665087920666	62.0938891205957	62.83065930983522	62.52481789161087	62.54168054315735	62.541050672477866	60.919055690768886	62.0938891205957	63.563825185065134	63.02288617836409	62.70168916766407	62.70273976563514	62.713522877726334	61.51742065424754	62.83065930983522	63.02288617836409	67.34714352535092
60.5543913372287	60.46480381539175	60.44638731094187	60.30548082816838	59.95992044107936	60.85339150554547	61.88452118284355	60.46480381539175	60.541599184217304	60.51546083427309	60.37441913614998	60.031302591766405	60.920731024468	61.902820583557656	60.44638731094187	60.51546083427309	60.51404426591183	60.35605144618955	60.009389447499444	60.90734657660582	61.90490455872281	60.30548082816838	60.37441913614998	60.35605144618955	60.62311840691706	59.873498408335806	60.75917290982238	61.781004267055714	59.95992044107936	60.031302591766405	60.009389447499444	59.873498408335806	60.27070102216784	60.51043926774921	61.8475453448873	60.85339150554547	60.920731024468	60.90734657660582	60.75917290982238	60.51043926774921	61.50802804254996	62.089006168564374	61.88452118284355	61.902820583557656	61.90490455872281	61.781004267055714	61.8475453448873	62.089006168564374	66.36431370845564
80.74208183003037	70.65595610004526	75.93141082289551	31.483708966836833	77.27107419446078	77.9556071966483	77.36863636842345	70.65595610004526	76.64397603237681	72.68087273219206	46.91964028250662	72.45469764211512	73.02911432556678	71.46630574264739	75.93141082289551	72.68087273219206	80.5329879496607	33.30469955756887	80.89882593470985	81.83436980986835	80.62817681167031	31.483708966836833	46.91964028250662	33.30469955756887	107.16811285741701	33.062473448229326	32.912624575392584	33.564474374748556	77.27107419446078	72.45469764211512	80.89882593470985	33.062473448229326	82.13934284956198	82.72724095248904	81.76145191317099	77.9556071966483	73.02911432556678	81.83436980986835	32.912624575392584	82.72724095248904	83.72461290536194	82.33197205109107	77.36863636842345	71.46630574264739	80.62817681167031	33.564474374748556	81.76145191317099	82.33197205109107	82.61442127947474
73.56024410719426	71.23001989510526	72.18269298117092	35.378098748650004	71.97369865666502	72.30872234037798	72.32659421492248	71.23001989510526	73.99619040071538	72.48809863426143	40.946252500255255	72.344215163227	72.5791935601041	71.84709350519896	72.18269298117092	72.48809863426143	73.79379296219366	37.052873247228796	73.60533499215661	73.90168841565051	73.54986324043224	35.378098748650004	40.946252500255255	37.052873247228796	95.43500207328944	36.92792435896398	37.09672779044237	39.12436241228667	71.97369865666502	72.344215163227	73.60533499215661	36.92792435896398	73.58415388073473	73.72340209849497	73.41267344062338	72.30872234037798	72.5791935601041	73.90168841565051	37.09672779044237	73.72340209849497	74.04492602152732	73.64423285080267	72.32659421492248	71.84709350519896	73.54986324043224	39.12436241228667	73.41267344062338	73.64423285080267	74.80354904984928
64.20711106815989	64.10799295446161	64.06868132988535	50.05287612501685	64.08482568108505	64.33662577177805	64.41527714472954	64.10799295446161	64.42079060884278	64.22425074623942	50.37755444343838	64.23964489025563	64.4845376781162	64.5270732990219	64.06868132988535	64.22425074623942	64.19993743144407	50.200624483277984	64.20278863176803	64.45318960781384	64.51488326106927	50.05287612501685	50.37755444343838	50.200624483277984	69.80850753754336	50.222862142040185	50.45980345659002	51.28653157206176	64.08482568108505	64.23964489025563	64.20278863176803	50.222862142040185	64.22858674779091	64.46762559791613	64.52757381846614	64.33662577177805	64.4845376781162	64.45318960781384	50.45980345659002	64.46762559791613	64.78651263725203	64.7431207193498	64.41527714472954	64.5270732990219	64.51488326106927	51.28653157206176	64.52757381846614	64.7431207193498	65.639697469261
72.21783219398944	72.12113453759994	72.16847436980305	38.47087380843067	72.10762568203266	72.343442350069	72.11429474856834	72.12113453759994	72.24374120883776	72.14242807707316	38.783263222419876	72.08283334338167	72.3141708383527	72.07512397797439	72.16847436980305	72.14242807707316	72.19698833884476	38.51026582099436	72.12926676080762	72.36506514882014	72.13368562992395	38.47087380843067	38.783263222419876	38.51026582099436	84.27319507577687	38.420517238348815	38.69426908414316	39.58819709532625	72.10762568203266	72.08283334338167	72.12926676080762	38.420517238348815	72.13417839503262	72.30694507189631	72.08003221235472	72.343442350069	72.3141708383527	72.36506514882014	38.69426908414316	72.30694507189631	72.5859766799854	72.29348631692129	72.11429474856834	72.07512397797439	72.13368562992395	39.58819709532625	72.08003221235472	72.29348631692129	72.58303131669254
74.59267256721108	74.30296001878557	73.92179249577266	40.62446583915118	74.57399583284283	74.88671008638862	74.23396129574927	74.30296001878557	74.44522411354677	73.71370587265433	41.11414029219587	74.30780166657831	74.62132835024038	73.9541273826762	73.92179249577266	73.71370587265433	73.88438505348368	38.929202565908625	73.92663737005263	74.4547217552092	73.71908437957437	40.62446583915118	41.11414029219587	38.929202565908625	91.83443318286028	40.63560011679439	40.532977366567536	41.442060314252444	74.57399583284283	74.30780166657831	73.92663737005263	40.63560011679439	74.58576548878855	74.89199686401798	74.23840288527586	74.88671008638862	74.62132835024038	74.4547217552092	40.532977366567536	74.89199686401798	75.43149195803561	74.5463229408343	74.23396129574927	73.9541273826762	73.71908437957437	41.442060314252444	74.23840288527586	74.5463229408343	74.55096427141758
72.66235232251664	72.5221745828878	72.40074178567762	38.008495123283716	72.53871330182726	72.6486372591391	72.40114218288208	72.5221745828878	72.65883748063224	72.48521890465649	38.28254374423594	72.61946862171057	72.72762399291675	72.45756341976978	72.40074178567762	72.48521890465649	72.43686198519727	37.93562406020204	72.50087274159773	72.61504232521978	72.37462394302776	38.008495123283716	38.28254374423594	37.93562406020204	86.86046794971415	38.18339774857456	38.27558504578501	39.88172278690787	72.53871330182726	72.61946862171057	72.50087274159773	38.18339774857456	72.6440699165379	72.74552639880358	72.48137489735169	72.6486372591391	72.72762399291675	72.61504232521978	38.27558504578501	72.74552639880358	72.88609689241007	72.57629380783085	72.40114218288208	72.45756341976978	72.37462394302776	39.88172278690787	72.48137489735169	72.57629380783085	73.15842982419632
96.11400747822967	65.67488469645761	69.05452275495793	28.745747691750495	61.653095429894584	69.23987457958182	73.45032113360304	65.67488469645761	97.04607298116649	95.31709410962142	44.05231774387422	87.84769973810286	94.75136076704244	75.68590181842976	69.05452275495793	95.31709410962142	110.73739903768227	31.01235202723212	102.91999801123337	110.87977919738364	92.13989544677116	28.745747691750495	44.05231774387422	31.01235202723212	111.82982835861307	29.418893193472293	29.68539136038787	33.30629801608097	61.653095429894584	87.84769973810286	102.91999801123337	29.418893193472293	119.23229186038807	109.9862614162169	95.3937989571013	69.23987457958182	94.75136076704244	110.87977919738364	29.68539136038787	109.9862614162169	113.58260250844583	94.64872980505406	73.45032113360304	75.68590181842976	92.13989544677116	33.30629801608097	95.3937989571013	94.64872980505406	93.5924347442329
90.06204542739059	60.98601825776553	62.84406464219259	29.712241297385418	62.85234551854471	64.23719552797748	71.81893796378391	60.98601825776553	92.78908963788446	90.23564789471473	44.432002920397466	90.23901562627904	91.1842118007192	75.11735551635628	62.84406464219259	90.23564789471473	103.45838030336063	32.54089554622744	103.46570677419435	104.86863646630927	89.88068393991753	29.712241297385418	44.432002920397466	32.54089554622744	110.6769122372833	32.534346784376154	32.03599550165956	35.11164520781343	62.85234551854471	90.23901562627904	103.46570677419435	32.534346784376154	103.49685894969944	104.88664770435118	89.89346655438219	64.23719552797748	91.1842118007192	104.86863646630927	32.03599550165956	104.88664770435118	106.62776298214746	90.80916962456789	71.81893796378391	75.11735551635628	89.88068393991753	35.11164520781343	89.89346655438219	90.80916962456789	90.63667996568513
78.9310631814219	66.8343261597355	66.49654295204506	29.658239019697387	66.50674951161785	66.86501786965005	68.2969733753223	66.8343261597355	78.62816306350739	77.92942230923475	46.31984748423078	77.9289990640691	78.0477698985012	75.59644077860244	66.49654295204506	77.92942230923475	82.84260473203784	41.96391672355794	82.83752019574808	82.99743166167733	80.64320388373852	29.658239019697387	46.31984748423078	41.96391672355794	104.19607455728372	41.96547584216303	41.9279439094278	42.48583542121983	66.50674951161785	77.9289990640691	82.83752019574808	41.96547584216303	82.85405236296893	83.0017536505127	80.64705640332154	66.86501786965005	78.0477698985012	82.99743166167733	41.9279439094278	83.0017536505127	83.22767853438819	80.78660686079517	68.2969733753223	75.59644077860244	80.64320388373852	42.48583542121983	80.64705640332154	80.78660686079517	80.76893300653477
61.68100478358704	61.63954175439366	60.82209639557785	57.76062224680638	61.625049282745046	61.724667411324305	61.78621543120101	61.63954175439366	61.81214471118669	60.90144267167325	57.850583638369955	61.6862302717599	61.78499412428095	61.83527181093169	60.82209639557785	60.90144267167325	60.397334555273076	56.94354638065487	60.873759123361694	61.01880897543764	61.125761615016614	57.76062224680638	57.850583638369955	56.94354638065487	63.49693715875699	57.81161599862864	57.90071340431621	58.09726706693534	61.625049282745046	61.6862302717599	60.873759123361694	57.81161599862864	61.67833541391309	61.77154880201117	61.828771373284276	61.724667411324305	61.78499412428095	61.01880897543764	57.90071340431621	61.77154880201117	61.935789620355976	61.92225443165065	61.78621543120101	61.83527181093169	61.125761615016614	58.09726706693534	61.828771373284276	61.92225443165065	62.55732120850341
60.2676548731795	58.80476449034065	58.72435422256918	53.459915278065765	58.77090343205491	58.884190180287995	59.14859049480423	58.80476449034065	61.81102557920639	61.72871914036162	56.78050431424347	61.76128866429425	61.84525404581106	61.913499112783065	58.72435422256918	61.72871914036162	61.69772208075782	56.713988017482805	61.70928033890982	61.794837402786115	61.86733897126447	53.459915278065765	56.78050431424347	56.713988017482805	63.98661611906273	56.75119081589171	56.835070355445104	57.030471283483536	58.77090343205491	61.76128866429425	61.70928033890982	56.75119081589171	61.754439040782344	61.826685371348994	61.897251542045616	58.884190180287995	61.84525404581106	61.794837402786115	56.835070355445104	61.826685371348994	61.9358590018185	61.976071796029046	59.14859049480423	61.913499112783065	61.86733897126447	57.030471283483536	61.897251542045616	61.976071796029046	62.4541143552691
84.16317614418234	68.7759043172977	69.95898855415085	30.973417013532266	67.52634829619801	70.51717814009814	71.60326695660373	68.7759043172977	80.22507011358852	78.95234876319329	44.946794521914214	78.16000143825946	79.24160694743352	74.86657780762133	69.95898855415085	78.95234876319329	84.5618745495655	39.1026864378526	83.41277589763435	84.95080077785093	80.94525450469882	30.973417013532266	44.946794521914214	39.1026864378526	104.44245723327198	38.977116829975174	38.99154184707119	40.54768547765329	67.52634829619801	78.16000143825946	83.41277589763435	38.977116829975174	84.0831053421416	83.9987319464106	80.3152336312334	70.51717814009814	79.24160694743352	84.95080077785093	38.99154184707119	83.9987319464106	85.5374601194925	81.28567333736636	71.60326695660373	74.86657780762133	80.94525450469882	40.54768547765329	80.3152336312334	81.28567333736636	81.54202944714667
