190.0231763995946	188.9215210405505	191.2595241309101	194.0561721291117	190.17838772451847	190.43274454259245	187.4609925745852	128.74732880063573	190.9386164753688	190.8485976471371	188.9215210405505	199.86865966615386	197.7773000449202	199.5845198363039	201.73412893640568	195.99078899329305	190.98566096067478	122.7580444927432	197.9360058090329	195.98692267400523	191.2595241309101	197.7773000449202	207.88736927800554	206.03677893847444	208.26915509370315	205.6636969640869	199.51163520821103	118.51050297065093	207.43363548735573	205.8384454197435	194.0561721291117	199.5845198363039	206.03677893847444	209.54329463735456	208.0410702056502	205.63996281612336	200.31710856875918	119.53944907835528	208.98467954908585	205.81127429755503	190.17838772451847	201.73412893640568	208.26915509370315	208.0410702056502	215.5290995954311	206.67899160865414	200.67450777945228	125.95924144149117	207.3875621235124	206.8461042900163	190.43274454259245	195.99078899329305	205.6636969640869	205.63996281612336	206.67899160865414	205.41530765705076	197.81756306477456	118.02470963548338	206.79639162157233	205.4348604919221	187.4609925745852	190.98566096067478	199.51163520821103	200.31710856875918	200.67450777945228	197.81756306477456	196.3174689561414	118.55608233520968	199.2572616157851	197.71364804958242	128.74732880063573	122.7580444927432	118.51050297065093	119.53944907835528	125.95924144149117	118.02470963548338	118.55608233520968	247.52793854136468	121.75791158441758	117.18301346289206	190.9386164753688	197.9360058090329	207.43363548735573	208.98467954908585	207.3875621235124	206.79639162157233	199.2572616157851	121.75791158441758	212.813589110228	206.85559063609338	190.8485976471371	195.98692267400523	205.8384454197435	205.81127429755503	206.8461042900163	205.4348604919221	197.71364804958242	117.18301346289206	206.85559063609338	206.50018603647945
179.10352200878003	176.7966033038714	171.34485542226616	178.4924513921633	172.4941602324127	168.331450094789	171.8389245412447	168.23178913263484	175.12710970736035	169.05577153287933	176.7966033038714	187.88417288042106	176.49139422263877	182.74671656326743	183.06958453030003	170.85952687618183	174.4046070985214	170.7434847811492	181.37127341396948	171.16907743896292	171.34485542226616	176.49139422263877	179.43258769094382	178.4411478017405	181.90757468172015	173.57118890815053	174.41382895645236	173.4255155268702	181.15826487595612	173.85601419163783	178.4924513921633	182.74671656326743	178.4411478017405	188.76274686704295	183.3978639696071	175.5870891153222	178.4941519190384	175.44691699741531	188.88569640987373	175.95620581963675	172.4941602324127	183.06958453030003	181.90757468172015	183.3978639696071	192.13916056320133	177.18063480232823	178.02155797360015	177.0468616606605	183.07966028685732	177.47789152338913	168.331450094789	170.85952687618183	173.57118890815053	175.5870891153222	177.18063480232823	172.2576196702	169.29617594620552	172.10447042013402	177.79842952143187	172.01107254609275	171.8389245412447	174.4046070985214	174.41382895645236	178.4941519190384	178.02155797360015	169.29617594620552	175.7172623446338	169.16656884610825	177.8673369436516	169.3052386378597	168.23178913263484	170.7434847811492	173.4255155268702	175.44691699741531	177.0468616606605	172.10447042013402	169.16656884610825	172.34085614072862	177.65995325033035	171.8610839154499	175.12710970736035	181.37127341396948	181.15826487595612	188.88569640987373	183.07966028685732	177.79842952143187	177.8673369436516	177.65995325033035	194.90889769700263	178.0068839294986	169.05577153287933	171.16907743896292	173.85601419163783	175.95620581963675	177.47789152338913	172.01107254609275	169.3052386378597	171.8610839154499	178.0068839294986	173.2847879724481
179.50939365767488	177.66011293110193	172.36565884725192	178.63525177523888	173.3572971797922	168.33516663965423	172.7844943516627	168.14480948332772	175.18192513849985	169.19377581897757	177.66011293110193	189.68095180710696	178.48435372317576	183.22183435610765	184.79628299006964	171.01985006577343	176.2087200933575	170.79957840621447	181.73521999143006	171.5392848387165	172.36565884725192	178.48435372317576	181.586240649281	179.16991460348285	183.73603314413165	173.90101443768555	176.30981265105396	173.62526337387672	181.87303676967608	174.4072669526959	178.63525177523888	183.22183435610765	179.16991460348285	188.4589362099207	184.04808045698158	175.44844310346605	179.09025442235728	175.1821986411789	188.38621441531708	175.91283102138053	173.3572971797922	184.79628299006964	183.73603314413165	184.04808045698158	193.75764159553563	177.486841001649	179.64190785897554	177.23388269622617	183.69616337612425	177.9724810685569	168.33516663965423	171.01985006577343	173.90101443768555	175.44844310346605	177.486841001649	172.3617769038983	169.38951470245945	172.07308170388066	177.66594148340204	172.13085352255226	172.7844943516627	176.2087200933575	176.30981265105396	179.09025442235728	179.64190785897554	169.38951470245945	177.61296389659898	169.14557995003656	178.3003235063284	169.58964894579833	168.14480948332772	170.79957840621447	173.62526337387672	175.1821986411789	177.23388269622617	172.07308170388066	169.14557995003656	172.51707412512968	177.40245018061557	171.84384885967626	175.18192513849985	181.73521999143006	181.87303676967608	188.38621441531708	183.69616337612425	177.66594148340204	178.3003235063284	177.40245018061557	194.22560690049664	177.96341781795928	169.19377581897757	171.5392848387165	174.4072669526959	175.91283102138053	177.9724810685569	172.13085352255226	169.58964894579833	171.84384885967626	177.96341781795928	173.5144937967712
172.33188150485194	168.16331150881751	166.8697725549825	168.9031643524316	167.70683508482358	165.37946338058495	165.0542540425216	165.3574302038776	165.8284330577641	165.66226684441153	168.16331150881751	176.02026635249416	169.43590809210446	169.55337694891887	176.1828858948677	166.2415017098366	165.05554070903247	166.21534802808472	167.32071474872862	165.9520329621886	166.8697725549825	169.43590809210446	174.0999936575293	170.5292684850575	177.47180520140995	170.1689402701368	168.69799512928427	170.1353109725008	171.3100936774787	170.093000388929	168.9031643524316	169.55337694891887	170.5292684850575	173.12800132500834	175.98454058483205	169.87260979560585	168.09275156138335	169.839280054108	171.47952903532422	169.62373510123646	167.70683508482358	176.1828858948677	177.47180520140995	175.98454058483205	187.84238851679675	174.35427619309883	172.6113607811634	174.32325290088923	174.99311880012482	174.2916858415239	165.37946338058495	166.2415017098366	170.1689402701368	169.87260979560585	174.35427619309883	169.5690827195615	165.8062403313029	169.53033233142963	170.46117273841037	169.1198588134559	165.0542540425216	165.05554070903247	168.69799512928427	168.09275156138335	172.6113607811634	165.8062403313029	168.01353804368833	165.77584795858132	166.7288090989945	165.33487919973933	165.3574302038776	166.21534802808472	170.1353109725008	169.839280054108	174.32325290088923	169.53033233142963	165.77584795858132	169.5896503141262	170.42787670080781	169.0857403197239	165.8284330577641	167.32071474872862	171.3100936774787	171.47952903532422	174.99311880012482	170.46117273841037	166.7288090989945	170.42787670080781	173.1363264268795	170.0490232185832	165.66226684441153	165.9520329621886	170.093000388929	169.62373510123646	174.2916858415239	169.1198588134559	165.33487919973933	169.0857403197239	170.0490232185832	170.15753915568177
189.47930804423507	188.31517838911094	191.22602316143423	193.37197309952174	190.01266014846541	190.42961930122286	186.98514565141875	128.26925101185884	190.47493863010104	190.96872648367267	188.31517838911094	198.84698647556905	197.33287846428686	198.1919600107513	201.37888349407808	195.72213729574048	190.24681118423575	121.43801979679313	196.11646096556345	195.67273468899995	191.22602316143423	197.33287846428686	207.43933172253946	205.16425394831148	208.13619948540062	205.35470423699812	199.08182661670617	117.34871443716602	205.77870791684308	205.58410484537507	193.37197309952174	198.1919600107513	205.16425394831148	207.377184493394	207.55851720952637	205.00107626365488	199.22339878976663	117.37133784578614	205.72486737855527	205.18592867015158	190.01266014846541	201.37888349407808	208.13619948540062	207.55851720952637	215.37588042783403	206.6324547134255	200.3531050035376	125.35163598528536	206.7796279562794	206.84626786031185	190.42961930122286	195.72213729574048	205.35470423699812	205.00107626365488	206.6324547134255	205.22259380548158	197.50179240123907	117.1678463185686	205.55235621041354	205.24453351076596	186.98514565141875	190.24681118423575	199.08182661670617	199.22339878976663	200.3531050035376	197.50179240123907	195.73607473473606	117.66244954525683	197.79697083225165	197.32502733034596	128.26925101185884	121.43801979679313	117.34871443716602	117.37133784578614	125.35163598528536	117.1678463185686	117.66244954525683	245.37995756261006	118.03433511624829	115.96784039271098	190.47493863010104	196.11646096556345	205.77870791684308	205.72486737855527	206.7796279562794	205.55235621041354	197.79697083225165	118.03433511624829	206.95841088361857	205.58630170968675	190.96872648367267	195.67273468899995	205.58410484537507	205.18592867015158	206.84626786031185	205.24453351076596	197.32502733034596	115.96784039271098	205.58630170968675	206.70995839139678
190.97897395883007	189.35904989674086	190.35562919169018	194.49830455277586	189.90911580403312	189.66326507193716	187.8499049721386	128.67783946271464	190.07370535994252	190.0644470294347	189.35904989674086	198.86820577194874	195.7240030625528	198.7114727661846	200.23698158206017	194.3380907488346	190.61457125107472	121.4382524196854	195.20331812395014	194.3137629543749	190.35562919169018	195.7240030625528	205.22171203479317	203.89300944831433	206.04325355747608	203.38208041313516	198.2078706110179	117.52098036948159	203.97752607064754	203.4693367698109	194.49830455277586	198.7114727661846	203.89300944831433	207.96673459084508	206.77093096486536	203.5695910553687	199.86614822297173	117.8222791632483	204.92568236485485	203.72583466396742	189.90911580403312	200.23698158206017	206.04325355747608	206.77093096486536	213.35394489122916	204.7120128350297	199.89990189161705	125.16187985526858	205.05223724914535	204.8191342074098	189.66326507193716	194.3380907488346	203.38208041313516	203.5695910553687	204.7120128350297	202.96853523289664	196.9422777838828	117.39423368689485	203.465137672387	202.94508410644926	187.8499049721386	190.61457125107472	198.2078706110179	199.86614822297173	199.89990189161705	196.9422777838828	195.91354204981047	117.71644029558847	197.56147568409511	196.8331804204399	128.67783946271464	121.4382524196854	117.52098036948159	117.8222791632483	125.16187985526858	117.39423368689485	117.71644029558847	244.8673868013699	118.68008366073425	116.6020372640011	190.07370535994252	195.20331812395014	203.97752607064754	204.92568236485485	205.05223724914535	203.465137672387	197.56147568409511	118.68008366073425	205.56074037475142	203.46439139169172	190.0644470294347	194.3137629543749	203.4693367698109	203.72583466396742	204.8191342074098	202.94508410644926	196.8331804204399	116.6020372640011	203.46439139169172	203.87641219374285
192.90911196357825	191.64318702830445	191.06875918487708	196.8964752780326	191.07343712981563	190.2115698990923	189.412948275461	129.85345806460887	191.8981400739932	190.56704134938227	191.64318702830445	202.4848190830985	197.02116226937494	202.01962566258277	202.67582887395668	195.11611895212147	192.82668982863265	124.19494366048815	197.89886688140072	195.18850215250617	191.06875918487708	197.02116226937494	206.089846915862	205.14867163920164	207.0710426835895	203.7819529537349	199.27181097537112	118.89056644609403	205.3526555688759	203.89025940173133	196.8964752780326	202.01962566258277	205.14867163920164	211.72933345212948	208.6613734012986	204.56275947272505	202.13388794549186	120.55287316395567	208.50950980173533	204.75791282432414	191.07343712981563	202.67582887395668	207.0710426835895	208.6613734012986	215.64075780831928	205.23751741097584	201.45254627850812	127.51360056285785	206.36315826528426	205.38123192866468	190.2115698990923	195.11611895212147	203.7819529537349	204.56275947272505	205.23751741097584	203.19116408220683	197.65225723565584	118.39476278355667	204.50297174722107	203.19887180747472	189.412948275461	192.82668982863265	199.27181097537112	202.13388794549186	201.45254627850812	197.65225723565584	197.48822118073653	119.32989660448865	199.58798591012024	197.63501670349723	129.85345806460887	124.19494366048815	118.89056644609403	120.55287316395567	127.51360056285785	118.39476278355667	119.32989660448865	247.62452007959564	121.63942954009664	117.86284049870856	191.8981400739932	197.89886688140072	205.3526555688759	208.50950980173533	206.36315826528426	204.50297174722107	199.58798591012024	121.63942954009664	209.89117339385922	204.567181160275	190.56704134938227	195.18850215250617	203.89025940173133	204.75791282432414	205.38123192866468	203.19887180747472	197.63501670349723	117.86284049870856	204.567181160275	203.90950107654461
192.99592722089875	191.85193062222555	191.38813570407535	196.92826228008744	191.36878596316512	190.42305567337027	189.5154410414734	129.78307184051263	191.95919022077084	190.78121650232205	191.85193062222555	203.1451859216798	197.97724462879086	202.28163327310617	203.63426418651503	195.83648179059062	193.14808743826103	124.14048325755071	198.3423065720592	195.92955345683208	191.38813570407535	197.97724462879086	207.75190268423862	205.80396578372657	208.52262067061162	205.292801651392	199.70562391827502	118.66232512053816	206.62566746809586	205.42504247527228	196.92826228008744	202.28163327310617	205.80396578372657	211.8262835557814	209.32155069269692	205.28595129305359	202.15197708912143	120.20551372211504	208.79317526214433	205.48232998313298	191.36878596316512	203.63426418651503	208.52262067061162	209.32155069269692	217.05750057553584	206.55184527883873	201.89956726696974	127.49172679420607	207.49880134754346	206.71628401165472	190.42305567337027	195.83648179059062	205.292801651392	205.28595129305359	206.55184527883873	204.96863460412752	197.77673333631014	117.98834562548626	205.98318594371756	204.98499694693209	189.5154410414734	193.14808743826103	199.70562391827502	202.15197708912143	201.89956726696974	197.77673333631014	197.78030410325488	119.3148502050909	199.57060818797584	197.77538563930287	129.78307184051263	124.14048325755071	118.66232512053816	120.20551372211504	127.49172679420607	117.98834562548626	119.3148502050909	247.7124939552268	120.9650598816747	117.47203567161613	191.95919022077084	198.3423065720592	206.62566746809586	208.79317526214433	207.49880134754346	205.98318594371756	199.57060818797584	120.9650598816747	210.70448494379272	206.0523782898519	190.78121650232205	195.92955345683208	205.42504247527228	205.48232998313298	206.71628401165472	204.98499694693209	197.77538563930287	117.47203567161613	206.0523782898519	205.6918365460715
192.40974415826648	191.11206640505662	191.30396097820307	196.10088992491856	191.10932989775563	190.42710959426947	188.96872151799977	129.12005350044373	191.30875285434703	190.82294620026252	191.11206640505662	201.7991110132681	197.85056144507342	201.07323662276127	202.87152921691398	195.9986772635259	192.27028955760312	122.56473070315137	197.49749941611893	196.07127586571576	191.30396097820307	197.85056144507342	208.06110522963115	205.61033244758997	208.63645378385738	205.81504690195118	199.38062938835864	117.91315129659326	206.64735094160108	205.96003883440474	196.10088992491856	201.07323662276127	205.61033244758997	210.41225632873903	208.83092241832654	205.3486942791987	201.18266672853068	118.70642393511474	207.50452653218997	205.54254778170963	191.10932989775563	202.87152921691398	208.63645378385738	208.83092241832654	216.415458510122	206.9713091798314	201.29563694379596	126.16304391868692	207.5174443731427	207.1392478619378	190.42710959426947	195.9986772635259	205.81504690195118	205.3486942791987	206.9713091798314	205.7206355586107	197.56182323825556	117.47059099377032	206.3338950514032	205.73621082388274	188.96872151799977	192.27028955760312	199.38062938835864	201.18266672853068	201.29563694379596	197.56182323825556	197.15026409697728	118.40231739734216	198.66361438944082	197.53589835768463	129.12005350044373	122.56473070315137	117.91315129659326	118.70642393511474	126.16304391868692	117.47059099377032	118.40231739734216	246.1143806605208	119.38080020200849	116.83587404499954	191.30875285434703	197.49749941611893	206.64735094160108	207.50452653218997	207.5174443731427	206.3338950514032	198.66361438944082	119.38080020200849	209.3275246244962	206.3871307809653	190.82294620026252	196.07127586571576	205.96003883440474	205.54254778170963	207.1392478619378	205.73621082388274	197.53589835768463	116.83587404499954	206.3871307809653	206.55532916227
173.40541751443027	167.6353288174792	165.68612068466973	169.55678276470863	166.30582390493902	164.9785208547581	164.99199746100186	164.8918632607839	165.67790810742534	165.1972846193762	167.6353288174792	170.28975173077245	165.07277615125832	167.22490631220546	168.9142086629632	163.91254183486842	161.87003744284613	163.80568213532013	165.13918275048417	163.52060547898532	165.68612068466973	165.07277615125832	170.0412214950899	167.8226755753231	171.43468601551703	167.83602678234243	165.23499282885746	167.7126764834907	168.85438472204356	167.58404517320136	169.55678276470863	167.22490631220546	167.8226755753231	171.96999098639984	171.5688262295849	167.9785768481374	166.4560071250653	167.8550148222251	169.7260589974034	167.7386745533947	166.30582390493902	168.9142086629632	171.43468601551703	171.5688262295849	177.51533468927016	170.456968635306	167.436801963807	170.3397407267617	171.2274537659627	170.1697421882736	164.9785208547581	163.91254183486842	167.83602678234243	167.9785768481374	170.456968635306	167.72898632063593	163.83544812288926	167.60202871849785	168.59002160299875	167.29591254788556	164.99199746100186	161.87003744284613	165.23499282885746	166.4560071250653	167.436801963807	163.83544812288926	165.38642212147045	163.7220381398026	164.86129587893845	163.34384345018952	164.8918632607839	163.80568213532013	167.7126764834907	167.8550148222251	170.3397407267617	167.60202871849785	163.7220381398026	167.78988710546088	168.46909306454606	167.1724182370382	165.67790810742534	165.13918275048417	168.85438472204356	169.7260589974034	171.2274537659627	168.59002160299875	164.86129587893845	168.46909306454606	171.0440759721902	168.19482160760478	165.1972846193762	163.52060547898532	167.58404517320136	167.7386745533947	170.1697421882736	167.29591254788556	163.34384345018952	167.1724182370382	168.19482160760478	168.02439306973488
191.81942853444934	190.41000457171378	191.2639406785323	195.02598683241297	190.73241138976516	189.9620293368035	188.66065305733667	128.6346041269386	190.33964446766336	190.43743549052144	190.41000457171378	200.00899409746768	197.1919036516536	198.9404378423995	200.93076431009615	194.6789249971513	191.5552442774095	120.85172649949794	195.38710241996407	194.76103452856913	191.2639406785323	197.1919036516536	207.50626245565286	204.06491030220076	207.37781605775078	204.02329749970673	199.44809597372935	117.42372358370666	204.5034030668181	204.25210659875864	195.02598683241297	198.9404378423995	204.06491030220076	208.0110246907828	206.79875946509213	203.6974962130879	199.92463582516393	117.41321123431587	204.68042750163715	203.88790396693477	190.73241138976516	200.93076431009615	207.37781605775078	206.79875946509213	213.57766443647097	205.05804316030242	200.52095550818672	124.5625402096729	205.37030367827415	205.2619119210259	189.9620293368035	194.6789249971513	204.02329749970673	203.6974962130879	205.05804316030242	203.4686270726781	197.00947266913056	117.40024274961056	203.8099275033311	203.48085273541912	188.66065305733667	191.5552442774095	199.44809597372935	199.92463582516393	200.52095550818672	197.00947266913056	196.82677022692417	117.52716039679798	197.52854520100948	196.9999092613893	128.6346041269386	120.85172649949794	117.42372358370666	117.41321123431587	124.5625402096729	117.40024274961056	117.52716039679798	243.38785292934529	118.2821405695203	116.57490810774298	190.33964446766336	195.38710241996407	204.5034030668181	204.68042750163715	205.37030367827415	203.8099275033311	197.52854520100948	118.2821405695203	205.24576446131715	203.84678213627296	190.43743549052144	194.76103452856913	204.25210659875864	203.88790396693477	205.2619119210259	203.48085273541912	196.9999092613893	116.57490810774298	203.84678213627296	204.4699969814387
192.9902912013382	192.16349039079589	192.7035463391752	195.8971842074541	192.3780418248325	190.38294398879347	189.9452383424553	128.76346334261763	190.77918552252822	191.24825882941406	192.16349039079589	204.59645426770928	200.93266773346235	200.85369910109776	206.03328456942214	195.94562511313185	194.65521744568485	123.12612690384985	196.63120044984163	196.4034457234804	192.7035463391752	200.93266773346235	211.92771183536627	205.80810124697322	211.9956599093502	206.19018151130518	202.22625379951108	118.34589639181085	206.6300082142796	206.83026729705526	195.8971842074541	200.85369910109776	205.80810124697322	209.6146047423577	209.35658731672095	205.45347492996385	200.92710995857738	117.87574543308497	206.26793019391488	205.81311250670183	192.3780418248325	206.03328456942214	211.9956599093502	209.35658731672095	219.9307476714758	207.354088284286	203.9191452478325	127.30429408677475	207.66347743549636	207.9921635442635	190.38294398879347	195.94562511313185	206.19018151130518	205.45347492996385	207.354088284286	206.45760323424656	197.36134793173144	117.15668117046305	206.65975440448267	206.47344175625273	189.9452383424553	194.65521744568485	202.22625379951108	200.92710995857738	203.9191452478325	197.36134793173144	199.5031825423247	118.86178682783192	197.89443475541074	197.62330974778686	128.76346334261763	123.12612690384985	118.34589639181085	117.87574543308497	127.30429408677475	117.15668117046305	118.86178682783192	246.62029512361124	117.896962719517	116.05982619675238	190.77918552252822	196.63120044984163	206.6300082142796	206.26793019391488	207.66347743549636	206.65975440448267	197.89443475541074	117.896962719517	207.76544829445822	206.7182775988985	191.24825882941406	196.4034457234804	206.83026729705526	205.81311250670183	207.9921635442635	206.47344175625273	197.62330974778686	116.05982619675238	206.7182775988985	208.00365776320157
175.44951606643514	171.96173878971138	168.7758911604537	171.38950070260847	170.76484880376694	165.48958633370867	168.35470665100087	165.44294191252956	166.15097314980594	166.31057253472775	171.96173878971138	181.30780992997558	172.9847464304747	172.0700277436805	180.6302653357738	166.46283712582488	169.64702187824662	166.40867768318685	167.5039475589782	166.71261353392333	168.7758911604537	172.9847464304747	177.982162145217	171.00371068586827	180.95573016099118	170.3442391995428	171.94620079864143	170.27760049719896	171.15158597721134	170.83867468869295	171.38950070260847	172.0700277436805	171.00371068586827	174.85780271183597	177.69333090534587	169.88488603350766	169.8607777470766	169.81822985860657	171.07377223941563	169.78328535535996	170.76484880376694	180.6302653357738	180.95573016099118	177.69333090534587	191.5511145670017	174.59930010009523	176.3443116068218	174.53868389622886	175.23536304119645	175.1485051270107	165.48958633370867	166.46283712582488	170.3442391995428	169.88488603350766	174.59930010009523	170.12069581829635	165.35096602140783	170.0483717513591	170.5897580511193	169.5074922631739	168.35470665100087	169.64702187824662	171.94620079864143	169.8607777470766	176.3443116068218	165.35096602140783	172.65569400986806	165.2914687107223	166.24276420055833	165.3029222708059	165.44294191252956	166.40867768318685	170.27760049719896	169.81822985860657	174.53868389622886	170.0483717513591	165.2914687107223	170.1566849711514	170.52294953765988	169.4385506762777	166.15097314980594	167.5039475589782	171.15158597721134	171.07377223941563	175.23536304119645	170.5897580511193	166.24276420055833	170.52294953765988	172.09437213672044	170.0589926214002	166.31057253472775	166.71261353392333	170.83867468869295	169.78328535535996	175.1485051270107	169.5074922631739	165.3029222708059	169.4385506762777	170.0589926214002	171.1660532175044
176.09010302936548	173.21699146433866	169.96009332955754	173.53966727247112	171.69263262146347	166.63771094363895	169.77744847098376	166.5843217671213	169.1386501195015	167.09286948153996	173.21699146433866	182.95311984455088	174.65126421601965	175.23126364948763	181.63223492019713	167.9675320089463	171.62651896569201	167.90556837059034	171.886701023919	168.1519084160291	169.96009332955754	174.65126421601965	179.196107026301	173.44482535339733	181.6688828843901	171.34243031317018	173.51841808490943	171.26775666692387	174.3720503710571	171.65944401221927	173.53966727247112	175.23126364948763	173.44482535339733	178.8488611375094	179.55130111472178	171.46245950370042	172.72523605039424	171.3876257116598	176.09440673679435	171.53016993270882	171.69263262146347	181.63223492019713	181.6688828843901	179.55130111472178	191.72682988070468	175.32315646554972	177.44353052231645	175.2551513868782	177.710647165055	175.6507809477229	166.63771094363895	167.9675320089463	171.34243031317018	171.46245950370042	175.32315646554972	170.57239461779074	166.46955601589343	170.49169681255066	172.43902286084054	170.317915762144	169.77744847098376	171.62651896569201	173.51841808490943	172.72523605039424	177.44353052231645	166.46955601589343	174.61388457220608	166.4023817189669	169.92270545633488	166.51291204873695	166.5843217671213	167.90556837059034	171.26775666692387	171.3876257116598	175.2551513868782	170.49169681255066	166.4023817189669	170.61398516491732	172.36492780843182	170.2413052355795	169.1386501195015	171.886701023919	174.3720503710571	176.09440673679435	177.710647165055	172.43902286084054	169.92270545633488	172.36492780843182	178.2872673492939	172.34009705075164	167.09286948153996	168.1519084160291	171.65944401221927	171.53016993270882	175.6507809477229	170.317915762144	166.51291204873695	170.2413052355795	172.34009705075164	171.23488857104135
194.56339507551732	194.82885934384214	194.10156045097716	198.99287032085965	193.44921335629542	191.0016040375576	192.16604823449927	131.79526099037855	194.6342302255592	191.49847810708627	194.82885934384214	208.84652224270764	203.57062205290762	206.00220364314794	207.88175873103353	197.17321865716474	198.27397032743954	127.6624397233059	203.27334589608836	197.52165648643046	194.10156045097716	203.57062205290762	213.53658489397137	208.74343715574705	213.08085535300498	206.9743250539061	204.19312401954474	121.34379497017036	210.6706293268139	207.36041946944954	198.99287032085965	206.00220364314794	208.74343715574705	215.62960230187147	211.5407715138296	206.87161247691492	204.865150225396	123.33002645887828	214.03462661654189	207.18755834663517	193.44921335629542	207.88175873103353	213.08085535300498	211.5407715138296	220.59070804475544	207.95993839422016	205.33406819805322	129.41177420442492	210.62373758463846	208.3230177116266	191.0016040375576	197.17321865716474	206.9743250539061	206.87161247691492	207.95993839422016	207.2462070581036	197.83649082692153	118.29018183265786	208.75901413219302	207.27543540019295	192.16604823449927	198.27397032743954	204.19312401954474	204.865150225396	205.33406819805322	197.83649082692153	202.50494270058493	122.71198633413826	202.78118589874126	198.0776677926822	131.79526099037855	127.6624397233059	121.34379497017036	123.33002645887828	129.41177420442492	118.29018183265786	122.71198633413826	250.90258056108337	124.9002870894332	117.89366336476368	194.6342302255592	203.27334589608836	210.6706293268139	214.03462661654189	210.62373758463846	208.75901413219302	202.78118589874126	124.9002870894332	218.14159615094437	208.96432465260028	191.49847810708627	197.52165648643046	207.36041946944954	207.18755834663517	208.3230177116266	207.27543540019295	198.0776677926822	117.89366336476368	208.96432465260028	208.03257105930325
192.64493470882326	191.91055238529168	192.19494250318962	196.6722667189615	191.7676608998912	190.81350681657992	189.62056770820223	129.84930130874528	192.31310372509904	191.11792253224968	191.91055238529168	204.01789695899447	199.9689212596248	202.55932813529924	204.9703719021602	196.89514741149716	193.94381631828685	124.32313072686293	199.5395488635478	197.01027628207058	192.19494250318962	199.9689212596248	210.29771243972138	206.88308617052917	210.63517348376334	206.90420719146184	200.87018194216006	118.99877823517512	208.4608988977271	207.07173773498252	196.6722667189615	202.55932813529924	206.88308617052917	212.07656366553582	209.99170669132826	206.3995663463987	202.0752064841998	120.2417158690405	210.01362412146656	206.56220402775875	191.7676608998912	204.9703719021602	210.63517348376334	209.99170669132826	218.71662149374566	207.98740705438053	202.66919808805773	127.5952954122866	208.97286435589734	208.16305879715011	190.81350681657992	196.89514741149716	206.90420719146184	206.3995663463987	207.98740705438053	207.1128496240011	197.75709763008396	117.74316881559213	208.03959393442338	207.13204347793493	189.62056770820223	193.94381631828685	200.87018194216006	202.0752064841998	202.66919808805773	197.75709763008396	198.5720032572821	119.76340578853915	199.80495990663022	197.79633565380448	129.84930130874528	124.32313072686293	118.99877823517512	120.2417158690405	127.5952954122866	117.74316881559213	119.76340578853915	248.05519335976243	121.1232504623679	117.33571226574001	192.31310372509904	199.5395488635478	208.4608988977271	210.01362412146656	208.97286435589734	208.03959393442338	199.80495990663022	121.1232504623679	213.10569145975882	208.11038170418126	191.11792253224968	197.01027628207058	207.07173773498252	206.56220402775875	208.16305879715011	207.13204347793493	197.79633565380448	117.33571226574001	208.11038170418126	207.72070679245317
189.56511355838833	188.32088972500776	190.74169792656704	193.54256944197942	189.6944782627511	190.23097680907514	186.99244682477936	128.5913119766567	190.41394139074131	190.4224608634635	188.32088972500776	199.04980030109738	196.85616140141315	198.79271259598363	201.54341734957177	195.67389597408962	190.24620871957293	122.41424484267372	196.57913021539582	195.64827638333662	190.74169792656704	196.85616140141315	206.53946488462228	205.20710704547056	207.5518260323759	205.08976129047446	198.55232877531807	118.09249220299057	205.96070547578907	205.1472579856203	193.54256944197942	198.79271259598363	205.20710704547056	208.1512056184963	207.74921739489702	204.98704977203082	199.6120327579448	118.63716579200874	206.72347839519847	205.06174812243057	189.6944782627511	201.54341734957177	207.5518260323759	207.74921739489702	215.72445028811478	206.42456730307325	200.22848429585122	126.58060063943466	206.68148033363093	206.49063200325423	190.23097680907514	195.67389597408962	205.08976129047446	204.98704977203082	206.42456730307325	204.9134044991054	197.43728186485646	117.74771561821436	205.65043454877141	204.91744086998753	186.99244682477936	190.24620871957293	198.55232877531807	199.6120327579448	200.22848429585122	197.43728186485646	195.5055091327257	118.1598965004793	198.10774655776572	197.36299445698432	128.5913119766567	122.41424484267372	118.09249220299057	118.63716579200874	126.58060063943466	117.74771561821436	118.1598965004793	246.53700036792728	119.71057743660029	117.32589630676314	190.41394139074131	196.57913021539582	205.96070547578907	206.72347839519847	206.68148033363093	205.65043454877141	198.10774655776572	119.71057743660029	208.88649924197733	205.664329416614	190.4224608634635	195.64827638333662	205.1472579856203	205.06174812243057	206.49063200325423	204.91744086998753	197.36299445698432	117.32589630676314	205.664329416614	205.43850630444257
183.52005181787553	180.79657059596042	184.374344613235	186.50524760930494	183.07311166567513	184.1804141028034	182.5348317594595	128.72579702007272	183.65184344424128	184.18952728016103	180.79657059596042	186.9506286188593	186.48533036261765	188.60706382445244	189.6858073379872	186.16922877362535	183.65459519175786	120.30127081555771	186.02001854704045	186.17059241582908	184.374344613235	186.48533036261765	194.95512195784025	195.82817615165413	196.0267477159379	194.57623894635492	192.06322407705986	117.6960889161857	194.63071789930032	194.5793448397458	186.50524760930494	188.60706382445244	195.82817615165413	198.089657933108	197.43885450001324	195.6543043938038	193.42498637182408	117.71729378872031	196.01458985923932	195.65871247836427	183.07311166567513	189.6858073379872	196.0267477159379	197.43885450001324	202.23843513548232	195.72754368676357	193.21808198528007	124.44324873071963	195.40664488562	195.7299736833854	184.1804141028034	186.16922877362535	194.57623894635492	195.6543043938038	195.72754368676357	194.38549008320695	191.81768217999465	117.68586709070414	194.41288278203626	194.3805963220359	182.5348317594595	183.65459519175786	192.06322407705986	193.42498637182408	193.21808198528007	191.81768217999465	190.67366385232805	117.59005118351496	191.74807824002912	191.81879701360674	128.72579702007272	120.30127081555771	117.6960889161857	117.71729378872031	124.44324873071963	117.68586709070414	117.59005118351496	242.15921532966112	118.90243100732165	117.67322499767742	183.65184344424128	186.02001854704045	194.63071789930032	196.01458985923932	195.40664488562	194.41288278203626	191.74807824002912	118.90243100732165	195.79167425104117	194.41494202252633	184.18952728016103	186.17059241582908	194.5793448397458	195.65871247836427	195.7299736833854	194.3805963220359	191.81879701360674	117.67322499767742	194.41494202252633	194.39947383228963
187.40357273370014	184.74436431755078	185.83214924308308	190.61818694096723	185.71282571230262	185.7853518265865	185.3422642074075	128.5186100934267	185.8553631969825	185.79848338376942	184.74436431755078	188.27089001041836	186.2245203063222	191.05275935966466	188.42150575196285	186.15561609662225	185.3469113941672	117.77254122339147	186.56822128537715	186.16233203236283	185.83214924308308	186.2245203063222	191.93303797270343	195.13901689693242	192.84017778577464	191.8385536439398	190.9619357542106	117.93171088045662	192.11666926918573	191.845309530156	190.61818694096723	191.05275935966466	195.13901689693242	200.2619445352159	196.54828203569346	195.10142258018584	194.47712124264916	116.95032239131653	195.86236543628678	195.11115334755826	185.71282571230262	188.42150575196285	192.84017778577464	196.54828203569346	196.491149196099	192.77715931235556	191.93873243334608	121.77353174140245	192.9527633898197	192.78391567213285	185.7853518265865	186.15561609662225	191.8385536439398	195.10142258018584	192.77715931235556	191.79512563096065	190.9050846888791	117.93893185784353	192.06143674893153	191.79218142972726	185.3422642074075	185.3469113941672	190.9619357542106	194.47712124264916	191.93873243334608	190.9050846888791	190.65555591147387	117.75812442182132	191.17826067918688	190.91120300933414	128.5186100934267	117.77254122339147	117.93171088045662	116.95032239131653	121.77353174140245	117.93893185784353	117.75812442182132	235.1337987780113	118.9817235227007	117.92675701890805	185.8553631969825	186.56822128537715	192.11666926918573	195.86236543628678	192.9527633898197	192.06143674893153	191.17826067918688	118.9817235227007	193.37025719305345	192.06786058083915	185.79848338376942	186.16233203236283	191.845309530156	195.11115334755826	192.78391567213285	191.79218142972726	190.91120300933414	117.92675701890805	192.06786058083915	191.81337372598736
189.99925509689527	188.03923316265048	189.414053908101	193.15349743853224	188.73804540966182	188.32897713613804	187.5745469159939	128.1905419973923	188.5894595554315	188.62370700710218	188.03923316265048	194.64338074987296	192.24160188139047	195.01613940759455	194.76029777349527	190.36007802974407	188.89749596147934	119.36667087317889	190.98573869958082	190.29048317351737	189.414053908101	192.24160188139047	200.360668246136	199.5909003261769	200.03234675459083	197.61012685576458	195.955828430285	117.94947148435942	198.0864628918281	197.6927821977074	193.15349743853224	195.01613940759455	199.5909003261769	203.9267319415107	201.36259066039216	198.8635732489877	197.5302393261827	117.45311486395386	199.80172796654915	198.96192485789214	188.73804540966182	194.76029777349527	200.03234675459083	201.36259066039216	204.5304177015666	198.19962354791576	196.5252268742994	123.73301814685452	198.50332018719985	198.26411063408344	188.32897713613804	190.36007802974407	197.61012685576458	198.8635732489877	198.19962354791576	196.42462846784747	194.40349314701675	118.17792745937473	196.8184666205428	196.39106351737874	187.5745469159939	188.89749596147934	195.955828430285	197.5302393261827	196.5252268742994	194.40349314701675	194.16743562255448	117.85421409468496	194.83105122325418	194.33908649036164	128.1905419973923	119.36667087317889	117.94947148435942	117.45311486395386	123.73301814685452	118.17792745937473	117.85421409468496	239.54321661477928	119.13700151420989	117.41967521719128	188.5894595554315	190.98573869958082	198.0864628918281	199.80172796654915	198.50332018719985	196.8184666205428	194.83105122325418	119.13700151420989	198.3111167077071	196.80144022193284	188.62370700710218	190.29048317351737	197.6927821977074	198.96192485789214	198.26411063408344	196.39106351737874	194.33908649036164	117.41967521719128	196.80144022193284	197.13881022255111
187.60051257712348	185.5957915103956	188.06318655575635	190.30370775375667	186.755910041544	186.61109974588126	185.70613145180704	128.48497811588933	186.6317355007721	187.09257929896125	185.5957915103956	190.41450491788208	190.35590235165432	191.62949012557425	190.75084961080375	188.45098237449764	186.86130611508878	117.95040111493226	188.7808347325004	188.11621643110954	188.06318655575635	190.35590235165432	198.1734713554647	196.78275742402658	196.77037811049897	195.1970782517192	193.70229075021365	117.19653207292097	195.5258752471549	195.2602982640963	190.30370775375667	191.62949012557425	196.78275742402658	199.67215660913155	197.26157667095745	195.81528771063677	194.3967107689595	116.97138803064504	196.36326789206606	195.81974258618777	186.755910041544	190.75084961080375	196.77037811049897	197.26157667095745	198.68362064847602	194.97686979246944	193.29249149872743	121.14897669174027	195.15913405049463	194.90083806538985	186.61109974588126	188.45098237449764	195.1970782517192	195.81528771063677	194.97686979246944	193.79911360495097	191.97230808153648	117.99159283215137	194.03584176884584	193.60483190500508	185.70613145180704	186.86130611508878	193.70229075021365	194.3967107689595	193.29249149872743	191.97230808153648	191.63441051285096	117.63168590316627	192.2123558623781	191.70206820101993	128.48497811588933	117.95040111493226	117.19653207292097	116.97138803064504	121.14897669174027	117.99159283215137	117.63168590316627	236.2598036432158	118.79077678313632	116.30250613285816	186.6317355007721	188.7808347325004	195.5258752471549	196.36326789206606	195.15913405049463	194.03584176884584	192.2123558623781	118.79077678313632	195.08093224155482	193.85762463260002	187.09257929896125	188.11621643110954	195.2602982640963	195.81974258618777	194.90083806538985	193.60483190500508	191.70206820101993	116.30250613285816	193.85762463260002	195.04407623601148
